53.09524741	6.62572609	3.8	0	0	54.635
52.42046564	5.71058568	1.2	0	0	83.91
52.11183026	5.34201973	50.5	0	0	133.182
52.42248188	5.65191101	-5	0	0	83.243
52.10885871	4.61592131	-2.6	0	0	213.306
52.39766177	5.24396753	-3.6	0	0	82.516
52.97506347	4.39201526	-24	0	0	333.433
52.49406755	6.36341355	7.9	0	0	81.542
52.18612641	2.58547731	-35	0	0	263.492
51.36732032	5.7520719	24.1	0	0	151.847
53.15901816	5.73361495	-2.8	0	0	32.415
51.79379815	4.56920972	-3	0	0	199.292
52.88902637	6.34823465	23.2	0	0	58.958
53.22984197	4.05232325	-25	0	0	329.676
53.06273424	6.61332226	5	0	0	55.68
53.24140061	5.04925683	-13.2	0	0	6.042
51.34680297	4.4939901	27.3	0	0	193.768
51.53850114	5.41910632	10.5	0	0	158.576
52.25004348	2.64096045	-43.9	0	0	265.909
53.12973464	4.71735659	-10	0	0	352.005
52.08320161	4.26357629	6.7	0	0	233.679
52.11320559	2.66945822	-31.6	0	0	260.202
52.98180984	6.4152091	15.6	0	0	55.829
52.29637508	2.71578827	-39	0	0	267.689
53.45864698	5.35141127	-10.2	0	0	14.004
52.25592815	2.67037697	-51.3	0	0	266.078
51.55941563	3.556361		0	0	226.023
53.54945487	4.92087294	-20	0	0	0.742
52.63245423	7.01261171	17.4	0	0	77.662
51.36446216	6.51874376	37.1	0	0	134.451
52.49472502	6.95553146	18	0	0	83.524
51.1443163	5.14032278	28.1	0	0	172.847
52.13136106	3.46051883	-22.6	0	0	255.354
52.87975146	5.69675404	-1	0	0	43.362
52.54290897	2.76010352	-42.4	0	0	278.407
51.64598195	3.54620815	-3.5	0	0	229.438
51.11012575	5.35676372	63.5	0	0	167.038
53.5364458	5.423281	-20.1	0	0	15.05
53.70526936	4.4034953	-36	0	0	347.71
51.66860492	5.07856359	4.9	0	0	170.789
50.98159956	5.4597704	76.6	0	0	165.627
52.32880748	5.60694704	2.9	0	0	95.158
52.80292721	4.80090353	-2	0	0	352.498
52.0124218	5.60645037	7	0	0	129.09
51.50737235	5.40535421	16	0	0	159.771
53.31230166	3.62732722	-25	0	0	321.397
53.48245632	4.4704595	-23.1	0	0	347.206
53.34179502	5.49655297	-16.5	0	0	20.254
52.10111884	4.03600679	-20	0	0	243.253
52.60733223	2.64405469	-38.4	0	0	280.706
51.79835761	4.84985907		0	0	182.805
53.59205174	4.47426021	-26.1	0	0	348.45
51.20097762	3.88161344	1	0	0	208.601
52.86578138	5.88951528	-3.2	0	0	50.224
52.3559093	4.18902027	-18	0	0	268.379
52.98572424	5.48908667	-2.9	0	0	30.093
52.19499379	6.48192328	11	0	0	99.604
53.51819587	4.01570551	-26.4	0	0	335.57
52.44090718	5.00253955	-3.4	0	0	42.776
52.15922696	3.88853219	-16.7	0	0	251.494
52.70330005	6.3919034	6.7	0	0	69.311
52.10872653	5.16522398	1.2	0	0	147.583
52.90963106	2.82281169	-32.9	0	0	294.038
53.18705814	6.64478009	-1.4	0	0	51.644
52.29547166	6.49826996	13	0	0	93.728
51.89963187	6.21888287	51.4	0	0	119.555
51.41626056	4.72913153	14.7	0	0	186.196
51.78348273	2.93586244	-23.8	0	0	244.798
53.61845035	4.82617814	-24.7	0	0	358.122
53.06976589	6.77037795	-1	0	0	57.628
52.80948151	4.69543298	3	0	0	344.637
52.47528743	5.82033856	-4	0	0	79.084
52.7417329	2.60490738	-37.8	0	0	285.846
52.93679881	4.81132171	0	0	0	354.903
52.0775829	3.70563069	-22.1	0	0	248.591
52.2130225	7.21895624	54.2	0	0	95.391
52.68797656	4.93664052	-2.6	0	0	4.523
52.27109233	3.25369664	-27	0	0	265.008
52.14926601	3.3794081	-30.4	0	0	257.205
52.92624002	5.49788561	-1.5	0	0	33.092
52.26692431	6.85961024	38	0	0	94.139
51.53904178	4.28383762	7	0	0	204.625
51.58401129	4.74387935	1.3	0	0	186.819
53.17044797	3.58967818	-26.8	0	0	315.893
52.24128111	5.96623966	12	0	0	100.714
52.39947708	4.60044721	15.7	0	0	279.356
51.36423105	5.66522155	26.6	0	0	154.398
52.73206653	5.05270487	-2.7	0	0	14.765
53.04129896	4.75960479		0	0	353.076
52.35408582	3.28148433	-23.5	0	0	269.701
51.86590706	3.36342311	-22.8	0	0	242.406
52.18360566	4.25179048	-16.1	0	0	244.891
52.65449064	6.04231282	-2	0	0	67.39
52.11692875	6.34648683	22.3	0	0	105.334
53.45267935	4.80704328	-23.9	0	0	357.224
52.7453319	4.73831165	-1.7	0	0	345.799
50.93711428	4.94050377	41.6	0	0	178.858
52.95613179	3.02532586	-31.2	0	0	298.065
52.69153955	3.97430141	-25.9	0	0	300.203
51.24405312	5.86923262	28.4	0	0	151.478
51.62265977	3.20379937	-14.2	0	0	234.996
52.51169842	4.60548729	9	0	0	308.817
52.18912825	2.63852315	-40.6	0	0	263.421
50.9535562	5.2128879	26.6	0	0	171.955
51.75046054	5.6829049	8	0	0	141.682
52.58606953	6.54947403	5.6	0	0	77.253
51.68586548	4.58386383	2.3	0	0	195.759
52.10972478	5.95619487	83.9	0	0	111.427
53.48435388	5.77813667	-3.7	0	0	25.185
51.63963155	5.54582055	8.3	0	0	151.01
53.46534954	6.38855925	-2	0	0	38.834
52.47535092	6.12397973	3.8	0	0	81.527
52.26344764	4.16330714	-19	0	0	256.867
52.03072607	5.4502179	14.8	0	0	134.721
52.45526726	5.90792047		0	0	81.76
51.90375206	6.8437455	54.2	0	0	110.536
51.16223301	4.59971868	9.9	0	0	188.723
52.20424858	6.49577034	10.9	0	0	98.987
52.63209329	3.20711576	-25.3	0	0	284.966
51.9655109	3.52432942	-21.5	0	0	244.84
53.44141303	5.28016461	-6.8	0	0	12.077
52.31019726	5.16657456	-3	0	0	109.79
51.27871552	4.67900387	15.3	0	0	187.064
53.2451446	6.72448281	-3	0	0	50.922
53.53594228	6.23838388	-4.7	0	0	34.234
51.05455085	5.51989602	80.1	0	0	163.36
53.22267018	3.09304323	-24.4	0	0	308.752
52.34736762	2.7392094	-36.8	0	0	269.86
51.28980975	3.91869317		0	0	209.57
52.9008143	6.54396886	18.8	0	0	61.411
51.94392769	4.33759932	-3.8	0	0	218.965
51.70407505	4.52040073	2	0	0	199.238
52.33996758	4.69858226	-6	0	0	255.938
50.95184768	4.99805751	33	0	0	177.383
51.10125222	4.85591519	11	0	0	181.113
52.33532288	4.44329738	-12.5	0	0	262.974
51.32359827	6.26593293	43	0	0	140.483
53.0692693	2.97048699	-28.2	0	0	301.711
53.13094614	4.17447602	-25.7	0	0	330.455
53.14208421	5.26791411	-2	0	0	16.144
53.09048638	4.53447061	-20	0	0	343.273
51.43795654	6.30779707	30.4	0	0	136.37
52.24588084	5.15095083	9.6	0	0	128.385
52.92296095	3.69896945	-23.1	0	0	307.767
51.51655032	3.36187113	-2.6	0	0	228.518
52.24270877	6.14849283	6	0	0	98.95
53.1447257	3.70482863	-25.7	0	0	317.546
52.73138368	4.32637902	-22	0	0	316.466
52.36903537	4.24431193	-19.6	0	0	270.088
51.20809746	6.19395548	65.8	0	0	144.832
52.00052164	6.37157071	16.8	0	0	111.631
51.96849297	5.30206983	2	0	0	147.989
51.39017269	5.58071183	25.5	0	0	156.375
51.701134	3.80071123	2.2	0	0	225.612
52.18124354	2.94892999	-30.7	0	0	261.754
52.08492196	4.10706008	-17.6	0	0	239.729
52.63185192	5.84860969	-1.2	0	0	65.357
53.01472224	4.53373195	-22.9	0	0	341.371
51.95197199	5.96989514	10.6	0	0	121.965
53.2869444	3.36972458	-23.8	0	0	315.452
52.35255633	7.22082195	31	0	0	89.791
52.91301222	2.78566003	-35.5	0	0	293.815
53.58569624	4.76168655	-23.7	0	0	356.27
52.61715627	3.10372664	-27	0	0	283.466
52.56337883	3.60307035	-20.3	0	0	284.299
53.42320205	5.59986583	-3.3	0	0	21.704
53.65392025	5.2141964	-27.1	0	0	8.377
51.81920869	4.69941913	1	0	0	192.389
53.14583289	4.76938412	-1.6	0	0	354.445
51.7898509	2.85584466	-29.8	0	0	245.959
51.32346508	4.28155663		0	0	200.149
52.74889165	6.24665242	0	0	0	64.72
51.29190527	6.33354269	76	0	0	139.933
51.47009301	3.50122857	-0.1	0	0	224.235
51.22567441	3.92980337	2	0	0	207.928
52.98164258	5.5860603	-1.5	0	0	34.142
51.17976757	6.14676219	78.1	0	0	146.462
53.10740138	4.64944338	-17.6	0	0	348.688
53.16450736	6.40157435	-2	0	0	48.331
53.11899	5.22539994	-2	0	0	14.817
52.17651738	5.42395238	5.8	0	0	120.697
52.48589966	6.25873938	4.9	0	0	81.539
53.35364469	6.00465476	-2	0	0	33.819
52.68181956	6.70917133	10.5	0	0	73.515
52.32032792	6.38323535	13	0	0	92.552
51.37792257	3.69028782	-0.1	0	0	217.333
53.4424152	4.40020149	-24.5	0	0	344.639
51.84459596	3.94498314	0	0	0	228.367
51.98589653	6.13651552	7.9	0	0	116.297
52.14705294	5.43850215	2	0	0	123.647
52.4298233	4.28703758	-17.6	0	0	279.367
52.34316841	5.85194189	30.6	0	0	92.271
52.65236917	3.36957782	-32.1	0	0	287.508
52.18484391	3.27289279	-22.6	0	0	260.064
52.71709766	3.32429807	-30.5	0	0	290.578
53.23089074	5.10736083	-8.8	0	0	8.394
53.70337132	5.19823599	-28	0	0	7.663
51.19610055	6.09484595	64.5	0	0	147.23
52.13932518	3.67070208	-22.5	0	0	253.364
52.04087431	3.7810912	-22.4	0	0	244.689
52.31565546	4.73113829	-4	0	0	241.499
53.65481163	3.97471432	-37.6	0	0	337.046
52.48391869	4.36690966	-18.6	0	0	289.652
52.31717427	4.08470354	-19	0	0	264.206
53.36037526	3.94999274	-24.3	0	0	330.423
52.71138751	6.81595299	12.2	0	0	72.959
51.63698696	4.90691811	3.8	0	0	179.43
51.30864761	4.45342032	8.8	0	0	194.593
52.37252053	5.99696191	28.3	0	0	89.367
51.71089923	2.84571762	-20.2	0	0	243.201
51.24143622	4.49467299	5	0	0	192.531
53.19723268	3.48317987	-24.2	0	0	314.641
52.89772694	3.16297037	-27.9	0	0	297.333
52.10527422	5.42020714	3.8	0	0	129.281
52.83931006	2.8201392	-29.2	0	0	291.24
53.66640547	5.73267859	-25.8	0	0	20.907
52.96954312	4.6477462	-1.6	0	0	346.043
51.2894276	4.80720583	22.4	0	0	182.914
51.77812728	6.10732629	72.6	0	0	127.995
51.3746118	3.74019104	-3.4	0	0	216.068
52.48708158	3.91163131	-21.1	0	0	281.417
52.75972404	4.05969638	-19.3	0	0	307.818
51.78076483	4.30914449	-1.9	0	0	211.658
52.49586631	3.36110187	-31.2	0	0	278.259
50.96768853	4.97554104	51.8	0	0	177.933
51.89189145	3.16882095	-30.4	0	0	246.39
52.85703667	6.46123762	8.1	0	0	62.269
53.33107249	3.88053981	-26.1	0	0	327.878
51.92341671	6.58843223	27	0	0	112.598
52.82610051	4.05772116	-24.3	0	0	312.2
53.24640557	3.43868238	-32.7	0	0	315.44
51.71771563	3.88882335	-2	0	0	223.887
52.52492736	4.07265548	-21.5	0	0	287.477
53.2895618	6.2532552	-3	0	0	41.21
51.27793912	6.31702306	54	0	0	140.62
51.01842646	4.95393899	15	0	0	178.433
53.80156845	5.24629484	-29	0	0	8.241
53.32855456	5.55505172	-14.2	0	0	22.317
51.4622492	3.54320464	1	0	0	223.099
52.13356827	5.41717899	3	0	0	126.314
52.98574539	5.70703559	-5	0	0	38.327
52.68379071	3.41039203	-25.9	0	0	289.732
52.99909721	6.00989361	-3	0	0	46.615
52.72630792	3.96712556	-25.6	0	0	302.619
52.38030314	6.51180285	8.2	0	0	88.774
52.33350487	2.61990459	-42.2	0	0	269.388
52.48506134	6.98118445	18.2	0	0	84.015
51.84583753	6.41807026	14	0	0	118.674
51.37760626	4.10336319	-1.8	0	0	206.532
52.33241028	6.35838937	9.6	0	0	91.843
51.23044936	4.01341862	4.5	0	0	205.914
52.10063745	2.66626518	-32	0	0	259.711
52.65278399	6.49663983	7	0	0	73.198
53.27332397	4.23782141	-26.1	0	0	336.519
52.03735001	5.65923291	19	0	0	125.105
53.80097953	4.94826023	-35	0	0	1.256
53.69255893	5.12757743	-30.4	0	0	5.941
51.29326029	5.59770182	28.6	0	0	157.768
52.33606544	4.8754537	7.1	0	0	199.43
52.03990661	2.99460948	-31.7	0	0	254.919
53.14523616	5.10856354	-4.5	0	0	9.376
51.84724622	6.75777109	52.3	0	0	113.831
53.14680648	6.91053737	-3.7	0	0	56.714
51.10214366	4.20306438	0.1	0	0	198.948
52.19058577	3.42455241	-21.7	0	0	259.292
51.98372587	5.57993938	8.2	0	0	132.355
52.54382872	5.14292671	-22	0	0	40.912
51.45399432	4.69531677	7.7	0	0	187.742
52.45982206	3.26406985	-27.9	0	0	275.793
51.99259349	2.92777543	-38.5	0	0	253.397
52.58893258	4.33581993	-16.9	0	0	302.923
51.38717413	3.60809942		0	0	219.455
52.34940728	6.02018366	5.5	0	0	91.289
53.305424	5.79109656	-1	0	0	29.702
52.31199389	2.83814149	-37.5	0	0	268.162
52.40466073	6.66006999	8.2	0	0	87.47
53.38442107	3.42592455	-25.6	0	0	319.421
53.02400076	5.598898	-1	0	0	32.838
52.86736355	3.22135773	-25.1	0	0	296.732
51.73969776	3.25240419	-18.2	0	0	238.678
52.3236577	2.76956532	-37.8	0	0	268.788
52.92600513	3.80961258	-29	0	0	310.591
52.77520575	4.89953343	-1.5	0	0	0.374
52.41494878	2.54686948	-36.4	0	0	272.718
52.58265241	2.85003822	-41.5	0	0	280.488
52.74859588	5.8735636	-4	0	0	57.15
51.95943454	6.70722092	36.4	0	0	109.566
51.89969376	6.00829971	10	0	0	124.113
53.52489674	3.81885229	-29.6	0	0	331.108
51.73647946	3.35533861	-27.3	0	0	236.815
53.01465871	4.26000836	-32.3	0	0	329.4
52.49848138	2.85432806	-41.8	0	0	276.694
51.35754794	4.24944306		0	0	201.747
51.84518984	4.11069393	-4	0	0	222.852
52.54940874	2.97018102	-23.9	0	0	279.449
52.93551208	6.32994454	18.5	0	0	56.429
53.02325608	5.21866797	-5.4	0	0	16.582
51.89572539	6.46715492	16.6	0	0	115.563
51.11893935	5.25298423	48.1	0	0	169.819
51.26649142	3.86492404	1	0	0	210.391
52.57351203	5.81528037	7.3	0	0	69.699
52.23220711	2.83885631	-38.8	0	0	264.551
51.71099411	3.94762785	-1	0	0	221.855
52.23100047	2.58559525	-38	0	0	265.285
52.95164864	3.48983104	-30.2	0	0	304.856
52.12383418	4.86775367	-2.9	0	0	183.908
52.83289699	6.81527879	16	0	0	67.599
52.75659621	5.50585285	-27	0	0	43.612
53.50289517	4.68154147	-24.5	0	0	353.6
52.24517758	5.46017715	-2.4	0	0	109.674
51.12881159	4.90320068	19.2	0	0	179.767
51.38591546	3.71617715	-4.1	0	0	216.946
52.07463535	2.85206744	-30.7	0	0	257.521
51.87280391	6.31746423	12	0	0	119.103
51.87628975	6.52235748	20.4	0	0	115.664
51.41995716	6.32195505	28.5	0	0	136.62
51.28345044	5.11140436	22.9	0	0	172.904
51.6950554	5.95091854	8.8	0	0	135.692
53.1080931	5.5910564	1.3	0	0	29.45
52.59392699	2.70872338	-36.7	0	0	280.403
51.68567906	3.10031548	-25.5	0	0	238.916
52.81365529	4.58726088	-14.2	0	0	337.251
52.84477491	5.33996997	-17.9	0	0	29.472
52.75996538	7.0989119	15	0	0	72.904
53.38909617	5.34142961	-0.5	0	0	14.628
51.34634215	5.81774509	28.3	0	0	150.54
52.04092117	4.56193844	-3	0	0	211.937
52.87380601	5.9660703	-2	0	0	51.813
53.51529011	3.51513659	-32	0	0	324.559
53.09112327	4.37737952	-24.7	0	0	336.699
52.25447045	3.58787755	-19.9	0	0	262.277
52.50252973	2.7695117	-46.8	0	0	276.672
51.39754336	4.59699717	18	0	0	190.832
52.25657029	3.87403138	-18.4	0	0	260.087
53.06352876	6.19675762	2	0	0	48.157
52.08691156	6.14146071	8.9	0	0	109.868
52.612471	3.15329858	-33.5	0	0	283.556
51.22497249	4.02123532	2.6	0	0	205.608
51.58339749	5.19072453	10.1	0	0	166.855
52.59623983	3.51600611	-28.4	0	0	285.608
53.75156217	5.5668231	-25.7	0	0	16.021
52.15112709	3.59336749	-22.2	0	0	255.141
52.01362786	3.12626327	-23.1	0	0	252.497
53.05781541	4.19449143	-27.1	0	0	328.591
53.19709223	6.49204934	-2.9	0	0	48.799
52.27467153	4.76061619		0	0	220.774
53.40583337	6.45011644	-0.1	0	0	41.557
53.12335098	3.60454223	-24	0	0	314.462
53.50157726	4.152701	-25.6	0	0	338.715
52.96945608	6.7172928	16.6	0	0	60.806
51.42766771	4.2024499		0	0	204.667
53.38005364	5.54999856	-13.4	0	0	21.114
52.01240011	6.74691288	35.5	0	0	106.762
52.74231985	5.49773714	-26.6	0	0	44.315
52.47415978	6.20151293	0.4	0	0	82.049
53.12726227	6.25839571	3	0	0	46.925
53.63794798	5.70222152	-23.8	0	0	20.64
53.56523481	5.67182186	-23.4	0	0	21.067
51.90088888	3.39761111	-21.9	0	0	243.544
51.28327324	6.02523001	24.7	0	0	146.831
51.06054687	4.21142072	2	0	0	198.193
50.98273204	4.57772361	7.8	0	0	188.2
53.58682952	5.48226389	-23.5	0	0	15.968
52.36200203	6.52975714	9	0	0	89.824
52.10181072	3.98907622	-21	0	0	244.546
52.01455579	6.82780259	41.2	0	0	105.945
53.11801119	3.51493579	-27	0	0	312.375
51.6984672	3.15231826	-14.7	0	0	238.621
52.33758526	5.38078222	-5.9	0	0	96.086
51.85318285	2.79816982	-22.7	0	0	248.955
51.9727175	3.26411774	-24.2	0	0	248.974
52.4180379	3.11213518	-24.2	0	0	273.223
52.10158113	6.10971142	16.2	0	0	109.377
53.52325513	4.09902633	-27.3	0	0	337.727
52.06254395	3.17305339	-32.7	0	0	254.425
52.08669768	5.74035291	27.2	0	0	118.373
53.3091217	4.8430834	-13.7	0	0	358.102
53.49503382	4.41449324	-25.6	0	0	345.747
53.49849051	4.52578357	-25.7	0	0	348.985
52.83245256	2.8273065	-29.6	0	0	291.025
52.06113473	4.79562457	-3	0	0	191.202
52.15740615	4.62127462	-5.5	0	0	218.336
52.88171138	5.21160817	-21.7	0	0	20.457
53.2011973	4.36061121	-28.2	0	0	338.954
52.0040876	6.70614585	29.9	0	0	107.534
51.88475469	4.38767922	2.3	0	0	212.891
51.21547484	3.78362513	0.9	0	0	211.206
52.96428285	6.18315126	3.1	0	0	52.234
52.78141957	4.124837	-24.2	0	0	311.601
52.62265357	3.58420515	-23.5	0	0	288.071
53.57077091	5.98691206	-19	0	0	28.272
52.11307518	4.39111951	-2	0	0	230.401
51.1479816	4.5930325	7.8	0	0	188.818
51.69810557	4.8694852	2.8	0	0	181.357
52.75788424	4.225831	-21	0	0	313.881
52.58186161	5.19177538	-20	0	0	40.367
51.8609427	6.84402173	45	0	0	112.281
53.25688533	5.1254603	-7.5	0	0	8.83
51.78591958	4.61513844	-3	0	0	196.523
53.48302614	3.41322413	-29	0	0	321.832
51.48276804	3.51092702	23.3	0	0	224.434
53.23079683	6.54542485	3	0	0	48.566
51.71161031	4.13044522	-0.7	0	0	215.837
52.69826101	6.20623741		0	0	67.121
52.19239055	4.46813383	0.3	0	0	235.927
52.35383694	3.78689088	-22.5	0	0	269.053
52.66184797	6.63243491	8.4	0	0	73.89
52.9641054	6.49805891	13.5	0	0	57.941
52.12994332	7.13780585	54.8	0	0	99.038
52.45577884	5.87457121	0.7	0	0	81.461
53.0596512	6.58472128	11.4	0	0	55.365
52.20202554	3.90264961	-17	0	0	254.909
53.47868272	4.68112641	-24.1	0	0	353.445
52.86118727	4.01949356	-24.3	0	0	313.068
53.01187686	3.04285768	-30.6	0	0	300.484
52.19340568	5.81517837	53.5	0	0	107.075
51.19162217	3.80483932	4.4	0	0	210.214
53.11988873	5.11322878	-4.1	0	0	9.9
53.33979391	5.52311177	-17	0	0	21.109
52.77623017	6.21394448	6.7	0	0	62.612
52.76516985	4.27775784	-22	0	0	316.708
52.44850722	6.29231967	2	0	0	84.198
52.7584381	3.11592725	-31.5	0	0	290.451
52.97118368	3.14874879	-26.6	0	0	300.266
52.8595114	7.12268746	10.4	0	0	69.228
52.46197163	5.12854873	-2	0	0	57.102
53.03831155	3.92658322	-24	0	0	319.087
52.77301998	5.52017294	-27.8	0	0	43.073
51.61369149	5.26859479	4	0	0	162.946
52.98128499	2.96110953	-29.5	0	0	298.29
51.45499628	3.1946372	-5.3	0	0	229.568
53.2167354	6.07570784	0.2	0	0	39.672
51.28689576	3.68183891	0	0	0	215.169
53.23060073	3.36673047	-21.2	0	0	313.562
52.40440165	5.33813796	-0.4	0	0	82.618
51.34922972	4.54249702	26.7	0	0	192.181
51.38289305	6.24559629	30	0	0	139.289
52.77663314	4.81603346	2	0	0	353.283
52.55030951	4.72344957	-1.9	0	0	329.913
53.29244055	5.97267678	0.1	0	0	34.79
51.90360841	2.71258912	-28.3	0	0	251.66
52.29418517	4.54092055	-0.9	0	0	250.788
53.19984946	4.12975286	-26.1	0	0	331.143
52.1271988	3.9753967	-20	0	0	247.021
52.60824253	3.90392311	-22.9	0	0	291.915
52.63497741	4.82294644	-3.2	0	0	350.601
53.50284387	4.35656027	-26.2	0	0	344.222
51.906633	5.2392754		0	0	155.371
52.73937715	6.01970635	-3.4	0	0	61.188
53.5281418	6.11695651	-4.6	0	0	31.96
53.14600514	3.93760282	-23.3	0	0	323.621
52.87447388	3.47902994	-30.4	0	0	300.955
52.50667245	4.38715083	-17.1	0	0	293.98
51.69469568	3.05319364	-25.3	0	0	239.929
52.86341718	3.57906286	-28.5	0	0	302.206
51.53558064	4.91557611	12.1	0	0	179.129
52.02027317	3.83609391	-21	0	0	242.092
51.93586648	5.29202866	1.1	0	0	150.568
52.50980094	6.71135357	17.1	0	0	82.095
51.48273616	6.60860086	19.2	0	0	129.351
51.14507561	4.9949506	16.4	0	0	177.075
51.97992236	4.61055069	-6.2	0	0	204.207
52.19194303	5.09388719	-2.5	0	0	145.629
51.52942442	3.63352627	-1.8	0	0	223.263
52.78020545	6.26744067	12.3	0	0	63.277
52.7780858	2.75570341	-37.2	0	0	288.264
53.30425985	3.39734534	-25.4	0	0	316.506
51.60881078	5.99977139	15	0	0	137.787
52.20965222	7.09548999	45.8	0	0	95.932
51.58924563	5.44229058	8	0	0	156.444
51.85002101	6.70725267	33.2	0	0	114.336
52.62134969	3.03822239	-34.7	0	0	283.26
53.58913129	5.2419707	-20.2	0	0	9.583
53.27643246	5.5732684		0	0	24.061
52.36900752	3.43398012	-25.2	0	0	270.501
52.40719841	6.02797997	26.1	0	0	86.489
53.69045294	5.33834634	-28.6	0	0	11.236
51.70672746	6.01364087	13	0	0	133.519
52.53319566	3.82936159	-21.6	0	0	284.508
51.95742781	4.14140143		0	0	228.54
51.86390912	5.69860428	6.1	0	0	135.425
52.13627524	2.67184763	-37.3	0	0	261.127
53.01045685	3.75322749	-28.1	0	0	313.222
52.16152704	6.77713894	32.7	0	0	99.525
53.24373364	6.13824428	-1.1	0	0	40.21
51.34945247	3.43035977	0.9	0	0	222.127
52.94574852	6.75949684	23.9	0	0	62.288
51.6049975	3.20352222	-17.1	0	0	234.37
52.03738495	3.86808431	-20.2	0	0	242.538
51.22796288	5.53587258	36	0	0	160.617
52.25580338	2.88824858	-32.8	0	0	265.467
53.4667287	4.26315394	-23	0	0	341.088
52.95429173	4.51059555	-22	0	0	338.384
51.38094457	5.75464976	24.3	0	0	151.453
51.38830029	3.95847918		0	0	210.863
52.6119931	5.55633853	-6.4	0	0	58.75
52.11313848	5.22010394	16.1	0	0	142.133
51.72744655	5.65777181	15.9	0	0	143.583
51.01872069	5.66815377	89.1	0	0	160.175
51.48912806	5.73372392	20	0	0	149.262
52.35030301	6.27773428	5	0	0	90.804
52.31309114	4.35657626	-15.2	0	0	260.365
53.25972361	5.43585828	-11.4	0	0	19.957
52.32796187	4.20126351	-18.1	0	0	264.582
51.46634821	5.90345767	35.7	0	0	145.073
52.38792942	6.76044417	19.2	0	0	88.37
51.96201551	3.17393103	-29.1	0	0	249.543
52.46986171	3.60216908	-23	0	0	277.714
52.37937495	3.59106573	-22.5	0	0	271.176
51.61478536	3.76797511	-3.6	0	0	223.022
52.37576644	4.11007289	-19.7	0	0	270.974
52.65918953	4.17194748	-23.5	0	0	303.575
52.70509774	7.15786266	16.2	0	0	75.428
53.54999287	5.76997042	-20	0	0	23.72
52.85630327	4.26072389	-28.4	0	0	321.855
51.50036035	3.70287943	-1	0	0	220.672
52.64951273	5.41209577	-26	0	0	48.198
52.82159291	3.53363117	-24	0	0	299.164
51.94076057	4.33734824	-2.2	0	0	218.772
51.85291375	6.29115724	13	0	0	120.555
51.73924165	4.64166548	-2.1	0	0	193.977
53.68500555	5.47636967	-28.7	0	0	14.657
52.01371657	4.19562945	2	0	0	230.539
51.49328055	6.29036966	27	0	0	134.998
52.61184397	6.12823155	-1.5	0	0	71.672
53.73381736	4.66145513	-34.5	0	0	354.211
53.13974019	5.60054652	-1	0	0	28.74
52.66845857	6.71885115	8	0	0	74.234
51.87821586	7.01222014	70.3	0	0	109.895
51.97397966	5.44038579	3.7	0	0	139.624
53.53139477	6.11402607	-5.8	0	0	31.825
52.77619603	6.3994642	7.9	0	0	65.46
52.2435508	3.07655744	-25.9	0	0	264.221
51.25708929	5.00511878	17.5	0	0	176.462
53.52609654	3.85937412	-29	0	0	332.046
53.10216008	4.42146459	-24.2	0	0	338.79
53.04643963	5.40812302	-0.4	0	0	24.479
51.42378957	4.21163503	-0.3	0	0	204.29
52.42823763	3.55034873	-24.3	0	0	274.577
51.98999404	4.47750818	-4.1	0	0	214.128
51.48920039	3.81736798	-0.7	0	0	217.455
52.61729203	2.97323877	-35.7	0	0	282.684
51.73942423	6.6476775	22.4	0	0	119.649
51.76513041	4.16941011	-0.9	0	0	216.689
51.05199392	4.66543608	19	0	0	186.254
52.26368858	5.30697274	-2.5	0	0	112.774
51.56670262	2.96359433	-18.6	0	0	236.736
52.18331569	3.3076981	-25	0	0	259.737
51.13942193	4.45870092	19.8	0	0	192.553
53.499727	3.78314424	-30.5	0	0	329.758
52.53689708	5.1589706	-23.1	0	0	43.86
51.91574292	5.35546473	2.9	0	0	147.955
52.25200625	7.10655943	36.8	0	0	94.121
53.22894563	3.67271334	-29.3	0	0	319.767
52.71615053	6.92660151	20.1	0	0	73.553
52.949801	6.04245971	4.4	0	0	49.755
51.43675001	4.83698272	16	0	0	182.225
51.31075011	5.03724368	30.3	0	0	175.208
51.78734543	5.5399452	5	0	0	145.535
52.10697002	7.15330596	67.5	0	0	99.884
51.87319107	4.88986452	-2.3	0	0	180.377
52.26029702	6.54709497	10.4	0	0	95.558
51.81483943	5.74754823	7.2	0	0	136.345
53.33482224	4.40918348	-28.7	0	0	343.272
53.31272633	3.35459019	-24.2	0	0	315.978
53.60564906	4.65288051	-26.8	0	0	353.364
52.56236388	5.60939937	-5.7	0	0	65.891
53.29549518	5.70118769	-1.8	0	0	27.436
51.34655718	5.60328702	22.8	0	0	156.587
52.64612394	4.77403975	2	0	0	345.088
52.46264389	4.88759964	-1.9	0	0	357.144
52.43547623	4.64984836	2.2	0	0	293.656
52.93006505	3.77826222	-24.9	0	0	310.007
52.30283908	6.61065154	8	0	0	92.999
52.64973656	6.23705434	1.7	0	0	70.575
52.50049193	4.00350328	-25.2	0	0	283.83
53.31869735	5.8579288	-2	0	0	31.129
52.22402181	7.22602894	57.7	0	0	94.933
53.51553974	4.79275378	-22.6	0	0	356.956
52.22922401	3.36461273	-23.5	0	0	262.04
51.55437566	6.08508949	12.5	0	0	137.584
51.60389598	6.18615878	29.8	0	0	133.436
52.36174822	4.25687428	-16.7	0	0	269.008
53.13574185	5.25901117	-2	0	0	15.904
51.81914032	4.03143403	1	0	0	224.259
52.72782137	4.95542926	-1	0	0	5.827
51.83771681	3.34146422	-27.3	0	0	241.454
51.91406783	6.95337334	70.9	0	0	109.041
52.43623241	7.13451163	24.2	0	0	86.347
53.6441149	4.49803349	-33	0	0	349.534
52.06378071	6.9275507	47.2	0	0	103.021
51.94893008	3.84897776	-14.9	0	0	237.133
52.7788882	3.66548945	-27.6	0	0	299.16
53.10226146	3.06326978	-26.8	0	0	304.151
51.86547649	5.3204608	2	0	0	152.475
53.0805497	4.0827275	-25.4	0	0	325.613
52.04640876	6.25810913	7.1	0	0	110.652
52.1630432	3.33544826	-28.1	0	0	258.372
52.31820966	6.73834777	14.9	0	0	91.914
52.36031472	3.30587691	-31.3	0	0	270.045
52.38577945	4.12378033	-19.5	0	0	272.198
51.9106504	5.97089413	10.6	0	0	124.416
52.95598188	4.74986006	2	0	0	351.502
53.01946657	6.03021135	0.6	0	0	46.205
51.61825348	5.34391332	6	0	0	159.647
51.91863774	5.85828347	8	0	0	127
52.15454903	5.89843563	78.2	0	0	108.955
51.88763487	4.02135065	-0.1	0	0	228.37
53.42368751	5.58703439	-5	0	0	21.337
52.76746932	5.41388939	-25.2	0	0	38.232
53.11827841	4.13135155	-26	0	0	328.582
52.22241277	6.00514585	9	0	0	101.844
51.42556756	5.31612923	26.4	0	0	164.459
53.40540883	5.40055757	0.3	0	0	16.212
53.14196435	2.9239357	-32	0	0	303.68
51.66284547	3.7223353		0	0	226.042
52.26952575	3.30043433	-23.2	0	0	264.734
51.91837363	3.4259942	-20.3	0	0	243.963
52.05919917	5.98804265	65.5	0	0	114.481
51.26820309	5.89257081	27	0	0	150.381
52.20346821	6.14871642	5	0	0	101.772
53.31754185	6.45298091	-0.3	0	0	44.186
51.4763815	6.4444214	36.4	0	0	132.48
53.11890968	6.31938305	3	0	0	48.465
53.25185289	3.06204428	-26.5	0	0	309.236
51.59721538	4.18443488	-1.9	0	0	209.802
51.68473986	4.91020505	1	0	0	179.221
52.09607139	2.61231111	-42.4	0	0	259.81
53.24150991	3.93590909	-24.4	0	0	326.736
51.33423913	5.5406822	25.1	0	0	158.695
52.06417415	5.48158953	4	0	0	130.193
52.66012618	4.08953091	-21.9	0	0	300.916
52.48945448	5.09450786		0	0	45.47
51.91047963	6.9066078	56.5	0	0	109.63
51.15810684	4.5913238	5.4	0	0	188.938
52.33598376	6.28904047	6.1	0	0	91.751
52.39407812	4.63109378	3.7	0	0	278.525
53.28385978	5.61108925	-1	0	0	25.051
52.81183457	6.54475845	16.9	0	0	65.564
52.50981693	7.16325905	19.3	0	0	83.336
52.32150552	4.61589753	-3.6	0	0	254.176
51.52066893	5.70111299	16.7	0	0	149.364
51.63865104	5.61534092	11.1	0	0	148.499
52.64584793	6.58677977	8	0	0	74.343
51.74235441	3.63635068	-5.4	0	0	231.45
51.93384859	5.07059295	-2	0	0	166.075
51.55377098	5.6781444	18.2	0	0	149.111
51.59576051	6.01673289	16	0	0	137.826
52.99334474	2.97329095	-33.8	0	0	298.901
52.74513839	7.03398576	15	0	0	73.069
52.99384665	2.90657376	-29.5	0	0	298.141
52.63662963	5.63627189	-4.7	0	0	59.142
53.64666754	5.5573675	-24.2	0	0	17.072
53.0846547	6.2038586	2.9	0	0	47.448
53.10034515	5.64549762	-0.2	0	0	31.594
52.27734927	6.74460492	17.3	0	0	93.964
51.79369012	3.61736895	-18.4	0	0	234.219
51.24141547	5.118664	25.3	0	0	172.932
53.25393724	3.28411695	-24	0	0	312.864
52.32043103	6.79231995	12.2	0	0	91.708
52.21728217	5.7555385	38	0	0	105.865
52.01247008	3.27339562	-33.7	0	0	250.851
52.95492959	6.96865687	4.2	0	0	64.242
53.24017641	3.27046406	-23.7	0	0	312.178
53.6119036	5.44481867	-23.2	0	0	14.701
51.51502723	4.76244393	5.2	0	0	185.517
53.1252676	3.66442766	-26.3	0	0	315.873
52.77665565	4.8722177	-1	0	0	358.044
53.20716318	5.81333806	0.4	0	0	33.197
52.18522564	4.36336293		0	0	240.59
51.82270439	2.78518942	-31.8	0	0	247.936
53.2189999	6.80073985	3.8	0	0	52.867
51.81345742	6.60224993	23.8	0	0	117.286
52.73433932	3.60817224	-27.6	0	0	295.463
52.96030982	5.31812668	-20.7	0	0	23.326
53.7701648	4.72480845	-35	0	0	355.886
52.39902892	6.43684879	8.8	0	0	87.636
51.85236514	4.28596954	-3	0	0	216.087
52.88908102	4.56116177	-18.5	0	0	338.791
53.21311854	5.86126191	-2.1	0	0	34.342
52.0015841	5.02626799	-1.2	0	0	167.648
52.07389466	6.39295529	17.5	0	0	107.305
53.55357745	4.89044988	-20	0	0	359.864
51.92666867	4.0718211	-1	0	0	229.045
51.76858594	2.88865504	-32.7	0	0	244.792
51.73908735	5.11897536	1	0	0	167.611
52.91065906	3.40720167	-27	0	0	301.493
52.77022429	6.23798543	8.4	0	0	63.358
53.40583512	3.64172301	-25.5	0	0	324.358
53.73615239	4.4152335	-37.8	0	0	348.266
52.67669176	6.33801654	4.4	0	0	70.184
52.22367136	6.3115795	10.3	0	0	99.041
52.25225943	4.64244913	-5.9	0	0	232.74
51.68290271	3.67971515		0	0	227.896
51.696271	6.53411724	15	0	0	123.111
53.72416697	5.38571991	-29.4	0	0	12.092
50.96457889	5.02714356	31.1	0	0	176.615
51.40483801	3.64464	-3	0	0	219.136
52.60889368	4.58186298	-7.9	0	0	321.489
52.9757573	4.75950628		0	0	352.318
51.53258333	6.77332361	28.6	0	0	125.148
51.85199414	3.58634963	-19.8	0	0	237.707
53.54114244	4.63858066	-24.9	0	0	352.582
53.02918649	6.17500142	6.3	0	0	49.139
53.01459336	5.22392857	-7.9	0	0	17.052
51.56988272	3.78397116		0	0	220.981
53.52903294	4.46444871	-22.2	0	0	347.549
52.03144012	4.42699695	-7.3	0	0	220.449
52.24645674	6.56673672	9.7	0	0	96.243
52.86951076	4.59402402	-13	0	0	340.009
51.88358604	5.0729886	0	0	0	167.286
52.34777809	4.33616494	-17.2	0	0	266.461
53.75860388	5.03503838	-32	0	0	3.409
52.20564479	4.09115568	-20	0	0	251.817
51.78462505	3.34027637	-25.6	0	0	239.116
52.73511971	4.50297072	-16.5	0	0	326.991
51.58966365	4.76882841	4.9	0	0	185.743
53.28574027	6.67520986	-3	0	0	48.888
51.35696052	5.29206237	29	0	0	166.246
53.10837746	5.98909462	-3	0	0	41.466
52.855002	6.71176123	15.3	0	0	65.555
51.57869882	4.15579886	-2.4	0	0	210.209
51.85262539	2.87464592	-32.7	0	0	248.157
52.29695834	4.12531712	-19.1	0	0	261.454
53.75130396	4.56245937	-36.7	0	0	351.895
53.38817705	6.02062374	-1.1	0	0	33.265
51.37196042	4.79451133	17.1	0	0	183.602
51.67849091	5.3305572	5	0	0	158.657
52.64432124	4.49802225	-18.2	0	0	318.749
52.20049042	4.44086021	0.5	0	0	238.767
53.19882212	5.39530711	-6.3	0	0	19.856
52.66445609	2.86129666	-35.7	0	0	284.179
52.77014549	3.15639078	-30.3	0	0	291.417
51.09649779	4.94307058	15.7	0	0	178.647
53.55627989	5.89931439	-19.7	0	0	26.619
52.23173727	5.74330515	33.7	0	0	104.613
53.67744697	3.98378124	-40	0	0	337.613
52.92250124	6.79681983	14	0	0	63.667
51.09300918	4.69807453	8	0	0	185.537
53.35346782	4.45953686	-28.1	0	0	345.198
53.0024224	3.1792853	-27.7	0	0	301.972
51.88563011	6.70548148	48	0	0	112.842
51.07998172	4.87092839	10.4	0	0	180.676
52.20284292	5.03933112	0.1	0	0	152.159
52.8043149	4.32842307	-22	0	0	321.803
52.81550562	5.0650689	-6	0	0	12.982
51.79480752	6.90748843	65.2	0	0	114.157
53.22106831	5.79181192	-1	0	0	32.149
51.21301574	3.92193116		0	0	207.867
53.72279822	5.41834025	-27	0	0	12.882
52.70913734	5.3936775	-24.3	0	0	41.618
52.03872857	6.28099672	11.9	0	0	110.773
51.34290151	4.19418087	0.1	0	0	203.129
51.33308911	4.87083576	30	0	0	180.84
52.42602696	5.25513174	-5.9	0	0	75.6
52.84389551	4.24916167	-27.8	0	0	320.624
51.87378003	4.39841947	-1.9	0	0	211.762
51.60756196	3.36003706	-10.7	0	0	231.712
53.08990329	5.21561223	-2	0	0	14.963
51.68040099	5.57684319	11.9	0	0	148.429
52.26191875	7.14273243	38.5	0	0	93.617
53.49543012	3.44626137	-30.1	0	0	322.76
52.77518423	6.97901424	18.7	0	0	71.442
51.97779211	3.67813754	-19.3	0	0	242.747
53.1201897	5.44043021	-0.1	0	0	23.539
51.04026886	5.05519072	41.7	0	0	175.673
52.50132211	5.19054561	-25	0	0	53.826
52.77017014	2.7051112	-39	0	0	287.592
52.24383902	7.00327233	36.9	0	0	94.765
52.25086135	3.81876818	-17	0	0	260.147
51.97210231	6.60268924	36.1	0	0	110.139
51.3360482	5.53459078	24.5	0	0	158.846
51.22280894	4.73260321	20.7	0	0	185.072
52.24001214	4.5362094	-3.3	0	0	239.465
53.56583408	4.15858311	-29.9	0	0	339.937
52.83890908	6.69093641	16.5	0	0	66.032
51.61633192	6.34156735	24	0	0	129.675
52.48468704	5.61071539	-5.6	0	0	75.016
51.69431066	3.35763376	-23.3	0	0	235.06
51.8695437	5.979474	12	0	0	126.515
52.34419157	6.85485685	20.1	0	0	90.47
52.29728088	4.01445476	-20.7	0	0	262.631
53.33894458	5.8517635	-2	0	0	30.426
51.60007902	4.63147475	-1	0	0	192.012
52.64766954	5.45099406	-27.6	0	0	50.423
53.22440139	4.97425584	-3.1	0	0	3.173
51.01384829	4.15693226	7.3	0	0	198.934
51.48950257	6.01899522	25	0	0	141.359
52.83698572	5.35580352	-17.6	0	0	30.753
53.30439959	6.55208859	-2	0	0	46.317
52.25587852	4.69285383	-5.1	0	0	227.329
52.58541018	3.13478351	-30.4	0	0	282.046
52.74157524	4.51676064	-18	0	0	328.371
51.39120774	5.63567366	22	0	0	154.679
51.85184611	5.80507363	6.3	0	0	132.491
52.61254909	4.99692083	-4	0	0	14.301
51.18347108	4.10538882	8	0	0	202.691
51.79947801	4.12754264		0	0	219.876
52.40290519	6.66101584	9	0	0	87.563
52.6779819	3.11270486	-31.4	0	0	286.549
53.00637065	3.13558573	-29.7	0	0	301.512
51.65319415	5.38500326	4.4	0	0	157.001
52.31989328	3.99674785	-21.3	0	0	265.117
53.39037371	6.44702165	-1.5	0	0	41.936
52.2518799	6.99869432	38.3	0	0	94.424
52.67857691	2.66438955	-38.9	0	0	283.684
51.38223705	5.60578931	29.9	0	0	155.776
52.47666943	4.43853113	-17	0	0	291.102
51.82661417	6.69369678	29	0	0	115.486
52.25655844	7.15244871	43.4	0	0	93.815
52.36853572	5.12126748		0	0	90.608
53.55282878	3.6819463	-32.5	0	0	328.769
51.65988936	3.03811562	-27.5	0	0	238.874
53.71672556	4.47632997	-36	0	0	349.575
52.21965334	5.31457923	-0.4	0	0	120.245
52.37517831	3.87015461	-19.5	0	0	270.86
53.02995829	4.1759292	-27.1	0	0	326.835
52.58137652	6.613959	5.2	0	0	77.916
53.44390855	6.48437595	-0.9	0	0	41.123
52.83125225	3.2976351	-32.3	0	0	296.048
53.66155875	4.64328373	-32.8	0	0	353.408
52.31443256	3.48168315	-27.6	0	0	266.864
53.27710828	3.70168425	-25	0	0	321.981
52.08603873	4.07175938	-19.9	0	0	240.927
51.37964705	6.57098777	34.6	0	0	133.092
51.51939807	6.11875596	15	0	0	137.96
53.20659022	3.77233611	-24	0	0	321.373
51.52800098	4.06059479		0	0	211.745
53.54534031	4.60834573	-25.9	0	0	351.75
51.55442681	5.54488448	11	0	0	153.605
53.40514667	5.53367278	-6.6	0	0	20.164
52.65704925	6.41128797	9.6	0	0	72.13
52.52474885	4.26656339	-18.5	0	0	292.216
53.04040819	4.06174831	-23.9	0	0	323.333
52.05635904	7.13233011	78	0	0	102.011
52.32852946	4.54794247	8.9	0	0	259.018
52.7828651	4.50276941	-20	0	0	330.133
52.26657941	6.98699775	42.7	0	0	93.805
52.76680216	3.50678924	-26.7	0	0	295.722
51.61743108	5.41184732	8	0	0	156.886
52.99862868	4.1051912	-26	0	0	323.004
52.44181593	3.82915129	-19.1	0	0	276.705
50.95977611	4.55071974	9.6	0	0	188.749
53.53476657	5.14433328	-19.5	0	0	7.246
51.20910778	6.1940368	65.7	0	0	144.807
53.15586914	4.3810108	-29.3	0	0	338.601
51.0867456	5.13393369	31.2	0	0	173.333
52.96225832	4.29768042	-24.3	0	0	328.769
53.39472274	3.90553899	-25	0	0	330.155
52.27917032	4.34243296	-16.9	0	0	255.136
52.34894695	3.66701975	-25.3	0	0	268.862
53.20532728	3.20935563	-26.2	0	0	309.991
53.6789085	4.82688508	-33.6	0	0	358.23
52.14682306	5.79334981	33.4	0	0	111.758
51.44153836	4.50724768	13.2	0	0	194.604
51.13550542	4.68557372	8.5	0	0	186.081
51.90253239	3.69594777	-22	0	0	238.043
52.75465196	3.07699954	-24.8	0	0	289.899
53.57611976	5.78680925	-20.9	0	0	23.646
52.46518119	6.163053		0	0	82.497
52.64507248	6.43824058	9.7	0	0	73.077
51.66502026	5.57531085	12.6	0	0	149.04
53.70478902	4.67083812	-34	0	0	354.318
52.40307408	2.97443791	-28	0	0	272.366
52.04996056	2.8118633	-29	0	0	256.742
51.28725488	6.25974052	51.1	0	0	141.553
52.67799598	2.59107741	-39.4	0	0	283.295
52.16428871	2.83700876	-39.9	0	0	261.53
52.40644454	4.56043174	8.4	0	0	280.189
51.36849533	3.80657005	-2.6	0	0	214.291
52.19076935	5.63145006	20	0	0	111.429
51.41464562	3.17706357	-8	0	0	228.653
52.09856143	4.92077219		0	0	176.686
52.82749468	4.94070007	-4.6	0	0	3.443
51.41799205	5.76785218	28	0	0	150.165
52.29875776	5.5886748	5.1	0	0	99.297
52.38341891	5.39501122	-6	0	0	87.324
51.74071428	4.6972173	1.9	0	0	191.022
52.16043765	7.08044575	47.3	0	0	98.049
51.15739387	3.68397833	3	0	0	212.196
51.0960385	3.89898921	4	0	0	206.228
53.42211577	6.30079451	-2.8	0	0	38.314
53.58362227	4.31975611	-30.5	0	0	344.293
51.44957043	3.46658324	-4	0	0	224.313
52.70160769	6.8233303	10	0	0	73.458
53.26436935	6.08855592	2.1	0	0	38.416
53.77673796	4.37897365	-38.2	0	0	347.772
52.79765484	6.0817405	12.3	0	0	58.867
51.74302861	6.97620677	59.2	0	0	115.288
53.72696064	5.51966705	-24.2	0	0	15.218
52.56674324	3.07460565	-31.4	0	0	280.769
53.2823484	4.58979402	-24.3	0	0	348.685
51.12987798	5.02931836	18.9	0	0	176.117
52.19620967	6.66962477	17.9	0	0	98.404
52.76296433	2.9628412	-27.1	0	0	289.255
52.44644619	6.03039037	38.4	0	0	83.269
53.0593105	6.08886669	6.1	0	0	45.907
52.96917266	4.16970618	-23.8	0	0	323.991
51.98106113	5.31740808	3	0	0	146.194
52.66367728	3.535243	-27.5	0	0	290.064
52.47094963	5.69104458	-5	0	0	77.96
52.52979992	4.18818394	-20.2	0	0	290.603
51.51265408	4.59599595	9	0	0	192.255
52.8604122	3.66873023	-24.1	0	0	303.843
51.48347255	5.33512335	20.9	0	0	162.815
51.92645417	5.56468487	4.5	0	0	136.942
52.58654668	7.05446698	15	0	0	79.804
51.2382844	4.16028782	-1.8	0	0	202.162
52.25715802	3.27701308	-24.4	0	0	264.121
53.09360506	5.15369885	-3	0	0	12.109
51.98145014	6.61047383	32	0	0	109.605
51.87149911	5.78375736	8.6	0	0	132.079
52.26222608	4.11766286	-18.9	0	0	257.507
51.86733533	3.52814627	-20.3	0	0	239.615
52.03499015	6.33174028	12.6	0	0	110.276
51.52515649	5.85130434	31	0	0	144.731
52.82444327	5.9992842	1.9	0	0	55.453
51.43286942	4.09771364	-1	0	0	208.011
52.19231184	6.30815172	8	0	0	101.07
52.52195889	3.90836474	-25.1	0	0	284.55
52.37820661	5.73896795	1	0	0	88.777
52.73914624	4.40387913	-19.7	0	0	321.199
53.20423722	4.19350903	-27	0	0	333.312
52.24138415	3.59135897	-20	0	0	261.336
51.69335211	3.02257864	-19.3	0	0	240.305
51.29430951	4.10786521	1	0	0	204.643
52.83578216	3.41512133	-28.2	0	0	297.968
51.79750704	6.00462225	8.6	0	0	129.593
53.44942278	3.61937392	-27.2	0	0	325.021
51.81857118	3.16726193	-34.4	0	0	243.225
52.34756689	6.84032278	16	0	0	90.322
53.49581438	4.73309888	-24	0	0	355.105
53.21195368	5.72633881	0.4	0	0	30.512
53.58179015	4.60605193	-25.3	0	0	351.938
51.21366232	6.05818663	35.1	0	0	147.661
52.62951394	4.86923968	-5.2	0	0	356.527
53.39646682	4.6511893	-22.6	0	0	351.933
52.63956708	6.60308677	8.9	0	0	74.798
51.28386173	5.4462818	28.5	0	0	162.375
52.08241984	7.12025851	58.3	0	0	101.042
52.48300468	2.59667315	-42	0	0	275.511
51.23934278	5.48112659	34.7	0	0	162.004
52.53938051	7.2317171	34	0	0	82.299
51.69044193	6.36767343	48.3	0	0	126.3
51.15555504	5.89824431	25.4	0	0	152.533
53.19892635	5.24743078	-3	0	0	14.278
51.10881476	4.95322044	13.7	0	0	178.345
53.25712147	4.02696485	-26.3	0	0	329.734
52.55745351	2.76407535	-37.9	0	0	279.05
52.09093649	3.93616175	-21.3	0	0	244.95
52.10136914	5.4553612	2.9	0	0	127.862
53.74066728	5.32659284	-28	0	0	10.542
51.64399002	5.51764007	7	0	0	151.937
52.60505038	4.35129678	-16	0	0	305.555
53.13465663	5.37775581	-4.6	0	0	20.72
53.21750016	3.84939588	-23.7	0	0	323.68
51.40723913	4.07442806		0	0	208.069
52.09438379	4.03558389	-20.2	0	0	242.689
52.76569008	3.37068172	-36.9	0	0	293.717
52.05630744	3.19122683	-27.9	0	0	253.94
52.43132719	3.01955785	-34	0	0	273.8
51.62216545	6.2346269	32.9	0	0	131.68
53.5893617	3.99060405	-36.7	0	0	336.288
51.96135337	3.26936682	-22.7	0	0	248.35
53.42882302	3.70600922	-27	0	0	326.351
51.93001063	4.36636379	8	0	0	216.603
51.8146728	3.8533084		0	0	229.458
53.58867447	5.78664814	-21	0	0	23.42
53.66998914	4.33015883	-37.1	0	0	345.571
52.63989911	2.85673556	-37	0	0	283.07
51.59991884	5.02841267	12.4	0	0	173.867
52.81673076	4.42817502	-21	0	0	327.756
52.94631558	3.87558918	-25.8	0	0	313.374
53.14227073	3.95839889	-24.8	0	0	324.081
51.17975302	5.98211941	22.1	0	0	150.108
53.23359547	5.33311138	-7	0	0	16.875
53.1972984	5.42952413		0	0	21.131
52.89383776	6.26583478	6.2	0	0	57.269
52.53052484	7.09053328	15.7	0	0	82.298
53.16290238	4.79353378	-0.6	0	0	355.604
53.61863277	4.79448893	-25.7	0	0	357.261
52.62495888	5.3935589	-26	0	0	49.786
52.41825148	4.94140476	-2.8	0	0	30.41
53.22748808	6.01301322	-0.9	0	0	37.808
52.3515334	5.26458755	0.2	0	0	94.588
52.37466173	4.24729227	-19.3	0	0	270.901
52.86044174	5.66481734	-1.4	0	0	43.323
51.26216061	6.13259944	66	0	0	144.892
51.38034574	5.30988625	25	0	0	165.335
52.9548526	5.19949065	-16.9	0	0	17.4
52.78279501	4.74655876	-2	0	0	347.712
52.89432446	3.93105644	-25.8	0	0	312.233
53.25166191	4.31467407	-27.3	0	0	338.525
53.74991702	5.12694546	-30.7	0	0	5.672
52.43614523	4.85489924	2	0	0	339.579
51.86384366	5.97770253	10.9	0	0	126.871
51.07579413	5.10787552	23.5	0	0	174.104
51.80060985	5.68902449	4.2	0	0	139.109
52.22632365	4.8570444	-5.1	0	0	189.219
51.64047247	5.69171355	23	0	0	145.787
