83.3464666667	42.018018	627	0	-10	-142
83.3464666667	42.018018	627	0	-10	-97
83.3464666667	42.018018	627	0	-10	-52
83.3464666667	42.018018	627	0	-10	-7
83.3464666667	42.018018	627	0	-10	38
83.3464666667	42.018018	627	0	-45	-232
83.3464843333	42.0180403333	627	0	-10	-142
83.3464843333	42.0180403333	627	0	-10	-97
83.3464843333	42.0180403333	627	0	-10	-52
83.3464843333	42.0180403333	627	0	-10	-7
83.3464843333	42.0180403333	627	0	-10	38
83.3464843333	42.0180403333	627	0	-45	-232
83.346503	42.018064	627	0	-10	-142
83.346503	42.018064	627	0	-10	-97
83.346503	42.018064	627	0	-10	-52
83.346503	42.018064	627	0	-10	-7
83.346503	42.018064	627	0	-10	38
83.346503	42.018064	627	0	-45	-232
83.3465206667	42.0180875	627	0	-10	-142
83.3465206667	42.0180875	627	0	-10	-97
83.3465206667	42.0180875	627	0	-10	-52
83.3465206667	42.0180875	627	0	-10	-7
83.3465206667	42.0180875	627	0	-10	38
83.3465206667	42.0180875	627	0	-45	-232
83.3465401667	42.0181116667	627	0	-10	-142
83.3465401667	42.0181116667	627	0	-10	-97
83.3465401667	42.0181116667	627	0	-10	-52
83.3465401667	42.0181116667	627	0	-10	-7
83.3465401667	42.0181116667	627	0	-10	38
83.3465401667	42.0181116667	627	0	-45	-232
83.3465581667	42.0181358333	627	0	-10	-142
83.3465581667	42.0181358333	627	0	-10	-97
83.3465581667	42.0181358333	627	0	-10	-52
83.3465581667	42.0181358333	627	0	-10	-7
83.3465581667	42.0181358333	627	0	-10	38
83.3465581667	42.0181358333	627	0	-45	-232
83.346576	42.0181595	627	0	-10	-142
83.346576	42.0181595	627	0	-10	-97
83.346576	42.0181595	627	0	-10	-52
83.346576	42.0181595	627	0	-10	-7
83.346576	42.0181595	627	0	-10	38
83.346576	42.0181595	627	0	-45	-232
83.3465958333	42.0181828333	627	0	-10	-142
83.3465958333	42.0181828333	627	0	-10	-97
83.3465958333	42.0181828333	627	0	-10	-52
83.3465958333	42.0181828333	627	0	-10	-7
83.3465958333	42.0181828333	627	0	-10	38
83.3465958333	42.0181828333	627	0	-45	-232
83.3466128333	42.0182065	627	0	-10	-142
83.3466128333	42.0182065	627	0	-10	-97
83.3466128333	42.0182065	627	0	-10	-52
83.3466128333	42.0182065	627	0	-10	-7
83.3466128333	42.0182065	627	0	-10	38
83.3466128333	42.0182065	627	0	-45	-232
83.3466316667	42.0182311667	627	0	-10	-142
83.3466316667	42.0182311667	627	0	-10	-97
83.3466316667	42.0182311667	627	0	-10	-52
83.3466316667	42.0182311667	627	0	-10	-7
83.3466316667	42.0182311667	627	0	-10	38
83.3466316667	42.0182311667	627	0	-45	-232
83.3466506667	42.0182548333	627	0	-10	-142
83.3466506667	42.0182548333	627	0	-10	-97
83.3466506667	42.0182548333	627	0	-10	-52
83.3466506667	42.0182548333	627	0	-10	-7
83.3466506667	42.0182548333	627	0	-10	38
83.3466506667	42.0182548333	627	0	-45	-232
83.3466685	42.0182786667	627	0	-10	-142
83.3466685	42.0182786667	627	0	-10	-97
83.3466685	42.0182786667	627	0	-10	-52
83.3466685	42.0182786667	627	0	-10	-7
83.3466685	42.0182786667	627	0	-10	38
83.3466685	42.0182786667	627	0	-45	-232
83.3466863333	42.0183018333	627	0	-10	-142
83.3466863333	42.0183018333	627	0	-10	-97
83.3466863333	42.0183018333	627	0	-10	-52
83.3466863333	42.0183018333	627	0	-10	-7
83.3466863333	42.0183018333	627	0	-10	38
83.3466863333	42.0183018333	627	0	-45	-232
83.3467048333	42.0183261667	627	0	-10	-142
83.3467048333	42.0183261667	627	0	-10	-97
83.3467048333	42.0183261667	627	0	-10	-52
83.3467048333	42.0183261667	627	0	-10	-7
83.3467048333	42.0183261667	627	0	-10	38
83.3467048333	42.0183261667	627	0	-45	-232
83.3467231667	42.0183491667	627	0	-10	-142
83.3467231667	42.0183491667	627	0	-10	-97
83.3467231667	42.0183491667	627	0	-10	-52
83.3467231667	42.0183491667	627	0	-10	-7
83.3467231667	42.0183491667	627	0	-10	38
83.3467231667	42.0183491667	627	0	-45	-232
83.3467411667	42.0183735	627	0	-10	-142
83.3467411667	42.0183735	627	0	-10	-97
83.3467411667	42.0183735	627	0	-10	-52
83.3467411667	42.0183735	627	0	-10	-7
83.3467411667	42.0183735	627	0	-10	38
83.3467411667	42.0183735	627	0	-45	-232
83.3467598333	42.0183965	627	0	-10	-142
83.3467598333	42.0183965	627	0	-10	-97
83.3467598333	42.0183965	627	0	-10	-52
83.3467598333	42.0183965	627	0	-10	-7
83.3467598333	42.0183965	627	0	-10	38
83.3467598333	42.0183965	627	0	-45	-232
83.346779	42.0184208333	627	0	-10	-142
83.346779	42.0184208333	627	0	-10	-97
83.346779	42.0184208333	627	0	-10	-52
83.346779	42.0184208333	627	0	-10	-7
83.346779	42.0184208333	627	0	-10	38
83.346779	42.0184208333	627	0	-45	-232
83.3467971667	42.0184446667	627	0	-10	-142
83.3467971667	42.0184446667	627	0	-10	-97
83.3467971667	42.0184446667	627	0	-10	-52
83.3467971667	42.0184446667	627	0	-10	-7
83.3467971667	42.0184446667	627	0	-10	38
83.3467971667	42.0184446667	627	0	-45	-232
83.3468158333	42.0184681667	627	0	-10	-142
83.3468158333	42.0184681667	627	0	-10	-97
83.3468158333	42.0184681667	627	0	-10	-52
83.3468158333	42.0184681667	627	0	-10	-7
83.3468158333	42.0184681667	627	0	-10	38
83.3468158333	42.0184681667	627	0	-45	-232
83.3468333333	42.0184911667	627	0	-10	-142
83.3468333333	42.0184911667	627	0	-10	-97
83.3468333333	42.0184911667	627	0	-10	-52
83.3468333333	42.0184911667	627	0	-10	-7
83.3468333333	42.0184911667	627	0	-10	38
83.3468333333	42.0184911667	627	0	-45	-232
83.3468516667	42.0185155	627	0	-10	-142
83.3468516667	42.0185155	627	0	-10	-97
83.3468516667	42.0185155	627	0	-10	-52
83.3468516667	42.0185155	627	0	-10	-7
83.3468516667	42.0185155	627	0	-10	38
83.3468516667	42.0185155	627	0	-45	-232
83.3468691667	42.0185386667	627	0	-10	-142
83.3468691667	42.0185386667	627	0	-10	-97
83.3468691667	42.0185386667	627	0	-10	-52
83.3468691667	42.0185386667	627	0	-10	-7
83.3468691667	42.0185386667	627	0	-10	38
83.3468691667	42.0185386667	627	0	-45	-232
83.3468875	42.0185626667	627	0	-10	-142
83.3468875	42.0185626667	627	0	-10	-97
83.3468875	42.0185626667	627	0	-10	-52
83.3468875	42.0185626667	627	0	-10	-7
83.3468875	42.0185626667	627	0	-10	38
83.3468875	42.0185626667	627	0	-45	-232
83.3467475	42.0186215	627	0	-10	-142
83.3467475	42.0186215	627	0	-10	-187
83.3467475	42.0186215	627	0	-10	-232
83.3467475	42.0186215	627	0	-10	83
83.3467475	42.0186215	627	0	-10	38
83.3467475	42.0186215	627	0	-45	-52
83.3467278333	42.0185965	627	0	-10	-142
83.3467278333	42.0185965	627	0	-10	-187
83.3467278333	42.0185965	627	0	-10	-232
83.3467278333	42.0185965	627	0	-10	83
83.3467278333	42.0185965	627	0	-10	38
83.3467278333	42.0185965	627	0	-45	-52
83.3467095	42.018573	627	0	-10	-142
83.3467095	42.018573	627	0	-10	-187
83.3467095	42.018573	627	0	-10	-232
83.3467095	42.018573	627	0	-10	83
83.3467095	42.018573	627	0	-10	38
83.3467095	42.018573	627	0	-45	-52
83.346691	42.0185493333	627	0	-10	-142
83.346691	42.0185493333	627	0	-10	-187
83.346691	42.0185493333	627	0	-10	-232
83.346691	42.0185493333	627	0	-10	83
83.346691	42.0185493333	627	0	-10	38
83.346691	42.0185493333	627	0	-45	-52
83.3466725	42.018526	627	0	-10	-142
83.3466725	42.018526	627	0	-10	-187
83.3466725	42.018526	627	0	-10	-232
83.3466725	42.018526	627	0	-10	83
83.3466725	42.018526	627	0	-10	38
83.3466725	42.018526	627	0	-45	-52
83.3466538333	42.018502	627	0	-10	-142
83.3466538333	42.018502	627	0	-10	-187
83.3466538333	42.018502	627	0	-10	-232
83.3466538333	42.018502	627	0	-10	83
83.3466538333	42.018502	627	0	-10	38
83.3466538333	42.018502	627	0	-45	-52
83.3466353333	42.0184785	627	0	-10	-142
83.3466353333	42.0184785	627	0	-10	-187
83.3466353333	42.0184785	627	0	-10	-232
83.3466353333	42.0184785	627	0	-10	83
83.3466353333	42.0184785	627	0	-10	38
83.3466353333	42.0184785	627	0	-45	-52
83.3466166667	42.0184546667	627	0	-10	-142
83.3466166667	42.0184546667	627	0	-10	-187
83.3466166667	42.0184546667	627	0	-10	-232
83.3466166667	42.0184546667	627	0	-10	83
83.3466166667	42.0184546667	627	0	-10	38
83.3466166667	42.0184546667	627	0	-45	-52
83.3465981667	42.0184308333	627	0	-10	-142
83.3465981667	42.0184308333	627	0	-10	-187
83.3465981667	42.0184308333	627	0	-10	-232
83.3465981667	42.0184308333	627	0	-10	83
83.3465981667	42.0184308333	627	0	-10	38
83.3465981667	42.0184308333	627	0	-45	-52
83.3465793333	42.0184073333	627	0	-10	-142
83.3465793333	42.0184073333	627	0	-10	-187
83.3465793333	42.0184073333	627	0	-10	-232
83.3465793333	42.0184073333	627	0	-10	83
83.3465793333	42.0184073333	627	0	-10	38
83.3465793333	42.0184073333	627	0	-45	-52
83.3465608333	42.0183835	627	0	-10	-142
83.3465608333	42.0183835	627	0	-10	-187
83.3465608333	42.0183835	627	0	-10	-232
83.3465608333	42.0183835	627	0	-10	83
83.3465608333	42.0183835	627	0	-10	38
83.3465608333	42.0183835	627	0	-45	-52
83.3465418333	42.018359	627	0	-10	-142
83.3465418333	42.018359	627	0	-10	-187
83.3465418333	42.018359	627	0	-10	-232
83.3465418333	42.018359	627	0	-10	83
83.3465418333	42.018359	627	0	-10	38
83.3465418333	42.018359	627	0	-45	-52
83.3465233333	42.0183356667	627	0	-10	-142
83.3465233333	42.0183356667	627	0	-10	-187
83.3465233333	42.0183356667	627	0	-10	-232
83.3465233333	42.0183356667	627	0	-10	83
83.3465233333	42.0183356667	627	0	-10	38
83.3465233333	42.0183356667	627	0	-45	-52
83.3465048333	42.018312	627	0	-10	-142
83.3465048333	42.018312	627	0	-10	-187
83.3465048333	42.018312	627	0	-10	-232
83.3465048333	42.018312	627	0	-10	83
83.3465048333	42.018312	627	0	-10	38
83.3465048333	42.018312	627	0	-45	-52
83.3464866667	42.0182888333	627	0	-10	-142
83.3464866667	42.0182888333	627	0	-10	-187
83.3464866667	42.0182888333	627	0	-10	-232
83.3464866667	42.0182888333	627	0	-10	83
83.3464866667	42.0182888333	627	0	-10	38
83.3464866667	42.0182888333	627	0	-45	-52
83.3464681667	42.0182646667	627	0	-10	-142
83.3464681667	42.0182646667	627	0	-10	-187
83.3464681667	42.0182646667	627	0	-10	-232
83.3464681667	42.0182646667	627	0	-10	83
83.3464681667	42.0182646667	627	0	-10	38
83.3464681667	42.0182646667	627	0	-45	-52
83.3464496667	42.0182411667	627	0	-10	-142
83.3464496667	42.0182411667	627	0	-10	-187
83.3464496667	42.0182411667	627	0	-10	-232
83.3464496667	42.0182411667	627	0	-10	83
83.3464496667	42.0182411667	627	0	-10	38
83.3464496667	42.0182411667	627	0	-45	-52
83.3464295	42.018218	627	0	-10	-142
83.3464295	42.018218	627	0	-10	-187
83.3464295	42.018218	627	0	-10	-232
83.3464295	42.018218	627	0	-10	83
83.3464295	42.018218	627	0	-10	38
83.3464295	42.018218	627	0	-45	-52
83.346411	42.0181943333	627	0	-10	-142
83.346411	42.0181943333	627	0	-10	-187
83.346411	42.0181943333	627	0	-10	-232
83.346411	42.0181943333	627	0	-10	83
83.346411	42.0181943333	627	0	-10	38
83.346411	42.0181943333	627	0	-45	-52
83.346392	42.0181705	627	0	-10	-142
83.346392	42.0181705	627	0	-10	-187
83.346392	42.0181705	627	0	-10	-232
83.346392	42.0181705	627	0	-10	83
83.346392	42.0181705	627	0	-10	38
83.346392	42.0181705	627	0	-45	-52
83.3463728333	42.0181468333	627	0	-10	-142
83.3463728333	42.0181468333	627	0	-10	-187
83.3463728333	42.0181468333	627	0	-10	-232
83.3463728333	42.0181468333	627	0	-10	83
83.3463728333	42.0181468333	627	0	-10	38
83.3463728333	42.0181468333	627	0	-45	-52
83.346354	42.0181236667	627	0	-10	-142
83.346354	42.0181236667	627	0	-10	-187
83.346354	42.0181236667	627	0	-10	-232
83.346354	42.0181236667	627	0	-10	83
83.346354	42.0181236667	627	0	-10	38
83.346354	42.0181236667	627	0	-45	-52
83.3463328333	42.0181008333	627	0	-10	-142
83.3463328333	42.0181008333	627	0	-10	-187
83.3463328333	42.0181008333	627	0	-10	-232
83.3463328333	42.0181008333	627	0	-10	83
83.3463328333	42.0181008333	627	0	-10	38
83.3463328333	42.0181008333	627	0	-45	-52
83.3463131667	42.0180778333	627	0	-10	-142
83.3463131667	42.0180778333	627	0	-10	-187
83.3463131667	42.0180778333	627	0	-10	-232
83.3463131667	42.0180778333	627	0	-10	83
83.3463131667	42.0180778333	627	0	-10	38
83.3463131667	42.0180778333	627	0	-45	-52
