83.34645333	42.01798167	627	0	-10	-142
83.34645333	42.01798167	627	0	-10	-96
83.34645333	42.01798167	627	0	-10	-50
83.34645333	42.01798167	627	0	-10	-4
83.34645333	42.01798167	627	0	-10	42
83.34645333	42.01798167	627	0	-45	-229
83.34647833	42.01801333	627	0	-10	-142
83.34647833	42.01801333	627	0	-10	-96
83.34647833	42.01801333	627	0	-10	-50
83.34647833	42.01801333	627	0	-10	-4
83.34647833	42.01801333	627	0	-10	42
83.34647833	42.01801333	627	0	-45	-229
83.34648833	42.01805	627	0	-10	-142
83.34648833	42.01805	627	0	-10	-96
83.34648833	42.01805	627	0	-10	-50
83.34648833	42.01805	627	0	-10	-4
83.34648833	42.01805	627	0	-10	42
83.34648833	42.01805	627	0	-45	-229
83.346505	42.01807667	627	0	-10	-142
83.346505	42.01807667	627	0	-10	-96
83.346505	42.01807667	627	0	-10	-50
83.346505	42.01807667	627	0	-10	-4
83.346505	42.01807667	627	0	-10	42
83.346505	42.01807667	627	0	-45	-229
83.34649833	42.01811667	627	0	-10	-142
83.34649833	42.01811667	627	0	-10	-96
83.34649833	42.01811667	627	0	-10	-50
83.34649833	42.01811667	627	0	-10	-4
83.34649833	42.01811667	627	0	-10	42
83.34649833	42.01811667	627	0	-45	-229
83.34652833	42.018145	627	0	-10	-142
83.34652833	42.018145	627	0	-10	-96
83.34652833	42.018145	627	0	-10	-50
83.34652833	42.018145	627	0	-10	-4
83.34652833	42.018145	627	0	-10	42
83.34652833	42.018145	627	0	-45	-229
83.34653833	42.01816833	627	0	-10	-142
83.34653833	42.01816833	627	0	-10	-96
83.34653833	42.01816833	627	0	-10	-50
83.34653833	42.01816833	627	0	-10	-4
83.34653833	42.01816833	627	0	-10	42
83.34653833	42.01816833	627	0	-45	-229
83.34658167	42.01817	627	0	-10	-142
83.34658167	42.01817	627	0	-10	-96
83.34658167	42.01817	627	0	-10	-50
83.34658167	42.01817	627	0	-10	-4
83.34658167	42.01817	627	0	-10	42
83.34658167	42.01817	627	0	-45	-229
83.346605	42.01819833	627	0	-10	-142
83.346605	42.01819833	627	0	-10	-96
83.346605	42.01819833	627	0	-10	-50
83.346605	42.01819833	627	0	-10	-4
83.346605	42.01819833	627	0	-10	42
83.346605	42.01819833	627	0	-45	-229
83.34661667	42.01821833	627	0	-10	-142
83.34661667	42.01821833	627	0	-10	-96
83.34661667	42.01821833	627	0	-10	-50
83.34661667	42.01821833	627	0	-10	-4
83.34661667	42.01821833	627	0	-10	42
83.34661667	42.01821833	627	0	-45	-229
83.34663167	42.01824667	627	0	-10	-142
83.34663167	42.01824667	627	0	-10	-96
83.34663167	42.01824667	627	0	-10	-50
83.34663167	42.01824667	627	0	-10	-4
83.34663167	42.01824667	627	0	-10	42
83.34663167	42.01824667	627	0	-45	-229
83.34666167	42.01827	627	0	-10	-142
83.34666167	42.01827	627	0	-10	-96
83.34666167	42.01827	627	0	-10	-50
83.34666167	42.01827	627	0	-10	-4
83.34666167	42.01827	627	0	-10	42
83.34666167	42.01827	627	0	-45	-229
83.346665	42.01829167	627	0	-10	-142
83.346665	42.01829167	627	0	-10	-96
83.346665	42.01829167	627	0	-10	-50
83.346665	42.01829167	627	0	-10	-4
83.346665	42.01829167	627	0	-10	42
83.346665	42.01829167	627	0	-45	-229
83.346695	42.018325	627	0	-10	-142
83.346695	42.018325	627	0	-10	-96
83.346695	42.018325	627	0	-10	-50
83.346695	42.018325	627	0	-10	-4
83.346695	42.018325	627	0	-10	42
83.346695	42.018325	627	0	-45	-229
83.34671	42.01835333	627	0	-10	-142
83.34671	42.01835333	627	0	-10	-96
83.34671	42.01835333	627	0	-10	-50
83.34671	42.01835333	627	0	-10	-4
83.34671	42.01835333	627	0	-10	42
83.34671	42.01835333	627	0	-45	-229
83.34672167	42.01838333	627	0	-10	-142
83.34672167	42.01838333	627	0	-10	-96
83.34672167	42.01838333	627	0	-10	-50
83.34672167	42.01838333	627	0	-10	-4
83.34672167	42.01838333	627	0	-10	42
83.34672167	42.01838333	627	0	-45	-229
83.34673333	42.0184	627	0	-10	-142
83.34673333	42.0184	627	0	-10	-96
83.34673333	42.0184	627	0	-10	-50
83.34673333	42.0184	627	0	-10	-4
83.34673333	42.0184	627	0	-10	42
83.34673333	42.0184	627	0	-45	-229
83.34675333	42.01841833	627	0	-10	-142
83.34675333	42.01841833	627	0	-10	-96
83.34675333	42.01841833	627	0	-10	-50
83.34675333	42.01841833	627	0	-10	-4
83.34675333	42.01841833	627	0	-10	42
83.34675333	42.01841833	627	0	-45	-229
83.34677	42.018435	627	0	-10	-142
83.34677	42.018435	627	0	-10	-96
83.34677	42.018435	627	0	-10	-50
83.34677	42.018435	627	0	-10	-4
83.34677	42.018435	627	0	-10	42
83.34677	42.018435	627	0	-45	-229
83.346795	42.01847	627	0	-10	-142
83.346795	42.01847	627	0	-10	-96
83.346795	42.01847	627	0	-10	-50
83.346795	42.01847	627	0	-10	-4
83.346795	42.01847	627	0	-10	42
83.346795	42.01847	627	0	-45	-229
83.34680833	42.01849	627	0	-10	-142
83.34680833	42.01849	627	0	-10	-96
83.34680833	42.01849	627	0	-10	-50
83.34680833	42.01849	627	0	-10	-4
83.34680833	42.01849	627	0	-10	42
83.34680833	42.01849	627	0	-45	-229
83.34682667	42.01851	627	0	-10	-142
83.34682667	42.01851	627	0	-10	-96
83.34682667	42.01851	627	0	-10	-50
83.34682667	42.01851	627	0	-10	-4
83.34682667	42.01851	627	0	-10	42
83.34682667	42.01851	627	0	-45	-229
83.34684667	42.01853667	627	0	-10	-142
83.34684667	42.01853667	627	0	-10	-96
83.34684667	42.01853667	627	0	-10	-50
83.34684667	42.01853667	627	0	-10	-4
83.34684667	42.01853667	627	0	-10	42
83.34684667	42.01853667	627	0	-45	-229
83.346865	42.01854667	627	0	-10	-142
83.346865	42.01854667	627	0	-10	-96
83.346865	42.01854667	627	0	-10	-50
83.346865	42.01854667	627	0	-10	-4
83.346865	42.01854667	627	0	-10	42
83.346865	42.01854667	627	0	-45	-229
83.34669167	42.01860833	627	0	-10	-142
83.34669167	42.01860833	627	0	-10	-96
83.34669167	42.01860833	627	0	-10	-50
83.34669167	42.01860833	627	0	-10	-4
83.34669167	42.01860833	627	0	-10	42
83.34669167	42.01860833	627	0	-45	-229
83.34668667	42.01859	627	0	-10	-142
83.34668667	42.01859	627	0	-10	-96
83.34668667	42.01859	627	0	-10	-50
83.34668667	42.01859	627	0	-10	-4
83.34668667	42.01859	627	0	-10	42
83.34668667	42.01859	627	0	-45	-229
83.346685	42.018555	627	0	-10	-142
83.346685	42.018555	627	0	-10	-96
83.346685	42.018555	627	0	-10	-50
83.346685	42.018555	627	0	-10	-4
83.346685	42.018555	627	0	-10	42
83.346685	42.018555	627	0	-45	-229
83.346675	42.01854167	627	0	-10	-142
83.346675	42.01854167	627	0	-10	-96
83.346675	42.01854167	627	0	-10	-50
83.346675	42.01854167	627	0	-10	-4
83.346675	42.01854167	627	0	-10	42
83.346675	42.01854167	627	0	-45	-229
83.34665833	42.01851	627	0	-10	-142
83.34665833	42.01851	627	0	-10	-96
83.34665833	42.01851	627	0	-10	-50
83.34665833	42.01851	627	0	-10	-4
83.34665833	42.01851	627	0	-10	42
83.34665833	42.01851	627	0	-45	-229
83.346645	42.01849	627	0	-10	-142
83.346645	42.01849	627	0	-10	-96
83.346645	42.01849	627	0	-10	-50
83.346645	42.01849	627	0	-10	-4
83.346645	42.01849	627	0	-10	42
83.346645	42.01849	627	0	-45	-229
83.34663167	42.01845333	627	0	-10	-142
83.34663167	42.01845333	627	0	-10	-96
83.34663167	42.01845333	627	0	-10	-50
83.34663167	42.01845333	627	0	-10	-4
83.34663167	42.01845333	627	0	-10	42
83.34663167	42.01845333	627	0	-45	-229
83.34660167	42.01842833	627	0	-10	-142
83.34660167	42.01842833	627	0	-10	-96
83.34660167	42.01842833	627	0	-10	-50
83.34660167	42.01842833	627	0	-10	-4
83.34660167	42.01842833	627	0	-10	42
83.34660167	42.01842833	627	0	-45	-229
83.34658	42.01842333	627	0	-10	-142
83.34658	42.01842333	627	0	-10	-96
83.34658	42.01842333	627	0	-10	-50
83.34658	42.01842333	627	0	-10	-4
83.34658	42.01842333	627	0	-10	42
83.34658	42.01842333	627	0	-45	-229
83.34657	42.01839833	627	0	-10	-142
83.34657	42.01839833	627	0	-10	-96
83.34657	42.01839833	627	0	-10	-50
83.34657	42.01839833	627	0	-10	-4
83.34657	42.01839833	627	0	-10	42
83.34657	42.01839833	627	0	-45	-229
83.34654167	42.01836333	627	0	-10	-142
83.34654167	42.01836333	627	0	-10	-96
83.34654167	42.01836333	627	0	-10	-50
83.34654167	42.01836333	627	0	-10	-4
83.34654167	42.01836333	627	0	-10	42
83.34654167	42.01836333	627	0	-45	-229
83.34653167	42.01834	627	0	-10	-142
83.34653167	42.01834	627	0	-10	-96
83.34653167	42.01834	627	0	-10	-50
83.34653167	42.01834	627	0	-10	-4
83.34653167	42.01834	627	0	-10	42
83.34653167	42.01834	627	0	-45	-229
83.34652333	42.01831333	627	0	-10	-142
83.34652333	42.01831333	627	0	-10	-96
83.34652333	42.01831333	627	0	-10	-50
83.34652333	42.01831333	627	0	-10	-4
83.34652333	42.01831333	627	0	-10	42
83.34652333	42.01831333	627	0	-45	-229
83.34651	42.01829333	627	0	-10	-142
83.34651	42.01829333	627	0	-10	-96
83.34651	42.01829333	627	0	-10	-50
83.34651	42.01829333	627	0	-10	-4
83.34651	42.01829333	627	0	-10	42
83.34651	42.01829333	627	0	-45	-229
83.34649167	42.01827	627	0	-10	-142
83.34649167	42.01827	627	0	-10	-96
83.34649167	42.01827	627	0	-10	-50
83.34649167	42.01827	627	0	-10	-4
83.34649167	42.01827	627	0	-10	42
83.34649167	42.01827	627	0	-45	-229
83.34647	42.01824833	627	0	-10	-142
83.34647	42.01824833	627	0	-10	-96
83.34647	42.01824833	627	0	-10	-50
83.34647	42.01824833	627	0	-10	-4
83.34647	42.01824833	627	0	-10	42
83.34647	42.01824833	627	0	-45	-229
83.346445	42.01820833	627	0	-10	-142
83.346445	42.01820833	627	0	-10	-96
83.346445	42.01820833	627	0	-10	-50
83.346445	42.01820833	627	0	-10	-4
83.346445	42.01820833	627	0	-10	42
83.346445	42.01820833	627	0	-45	-229
83.34643	42.01816833	627	0	-10	-142
83.34643	42.01816833	627	0	-10	-96
83.34643	42.01816833	627	0	-10	-50
83.34643	42.01816833	627	0	-10	-4
83.34643	42.01816833	627	0	-10	42
83.34643	42.01816833	627	0	-45	-229
83.34642167	42.01815833	627	0	-10	-142
83.34642167	42.01815833	627	0	-10	-96
83.34642167	42.01815833	627	0	-10	-50
83.34642167	42.01815833	627	0	-10	-4
83.34642167	42.01815833	627	0	-10	42
83.34642167	42.01815833	627	0	-45	-229
83.34640333	42.01812333	627	0	-10	-142
83.34640333	42.01812333	627	0	-10	-96
83.34640333	42.01812333	627	0	-10	-50
83.34640333	42.01812333	627	0	-10	-4
83.34640333	42.01812333	627	0	-10	42
83.34640333	42.01812333	627	0	-45	-229
83.346365	42.01811	627	0	-10	-142
83.346365	42.01811	627	0	-10	-96
83.346365	42.01811	627	0	-10	-50
83.346365	42.01811	627	0	-10	-4
83.346365	42.01811	627	0	-10	42
83.346365	42.01811	627	0	-45	-229
83.34634	42.018085	627	0	-10	-142
83.34634	42.018085	627	0	-10	-96
83.34634	42.018085	627	0	-10	-50
83.34634	42.018085	627	0	-10	-4
83.34634	42.018085	627	0	-10	42
83.34634	42.018085	627	0	-45	-229
83.34632	42.01805667	627	0	-10	-142
83.34632	42.01805667	627	0	-10	-96
83.34632	42.01805667	627	0	-10	-50
83.34632	42.01805667	627	0	-10	-4
83.34632	42.01805667	627	0	-10	42
83.34632	42.01805667	627	0	-45	-229
83.34631	42.01803333	627	0	-10	-142
83.34631	42.01803333	627	0	-10	-96
83.34631	42.01803333	627	0	-10	-50
83.34631	42.01803333	627	0	-10	-4
83.34631	42.01803333	627	0	-10	42
83.34631	42.01803333	627	0	-45	-229
