Observation	Correct	FP	FN
0	10	0	0
1	9	0	1
2	10	0	0
3	10	0	0
4	10	0	0
5	10	0	0
6	10	0	0
7	10	0	0
8	10	0	0
9	10	0	0
10	10	0	0
11	10	0	0
12	9	0	1
13	9	0	1
14	10	0	0
15	10	0	0
16	10	0	0
17	10	0	0
18	10	0	0
19	9	0	1
20	9	0	1
21	10	0	0
22	9	0	1
23	9	0	1
24	10	0	0
25	10	0	0
26	9	0	1
27	10	0	0
28	10	0	0
29	10	0	0
30	9	0	1
31	9	0	1
32	10	0	0
33	9	0	1
34	9	0	1
35	9	0	1
36	10	0	0
37	10	0	0
38	10	0	0
39	10	0	0
40	10	0	0
41	10	0	0
42	9	0	1
43	9	0	1
44	10	0	0
45	10	0	0
46	9	0	1
47	9	0	1
48	10	0	0
49	10	0	0
50	9	0	1
51	9	0	1
52	9	0	1
53	10	0	0
54	10	0	0
55	10	0	0
56	10	0	0
57	10	0	0
58	9	0	1
59	10	0	0
60	9	0	1
61	9	0	1
62	9	0	1
63	10	0	0
64	9	0	1
65	10	0	0
66	10	0	0
67	10	0	0
68	10	0	0
69	10	0	0
70	9	0	1
71	9	0	1
72	10	0	0
73	9	0	1
74	9	0	1
75	10	0	0
76	10	0	0
77	10	0	0
78	10	0	0
79	10	0	0
80	10	0	0
81	9	0	1
82	9	0	1
83	10	0	0
84	10	0	0
85	10	0	0
86	10	0	0
87	9	0	1
88	10	0	0
89	10	0	0
90	10	0	0
91	9	0	1
92	10	0	0
93	10	0	0
94	9	0	1
95	9	0	1
96	10	0	0
97	9	0	1
98	10	0	0
99	9	0	1
