Observation	Correct	FP	FN
0	2	1	0
1	2	1	0
2	1	1	1
3	1	1	1
4	2	1	0
5	2	1	0
6	1	1	1
7	2	1	0
8	1	1	1
9	1	1	1
10	2	1	0
11	1	1	1
12	2	1	0
13	2	1	0
14	2	1	0
15	2	1	0
16	2	1	0
17	1	1	1
18	1	1	1
19	2	1	0
20	1	1	1
21	2	1	0
22	2	1	0
23	2	1	0
24	2	1	0
25	2	1	0
26	2	1	0
27	2	1	0
28	2	1	0
29	2	1	0
30	2	1	0
31	1	1	1
32	2	1	0
33	2	1	0
34	1	1	1
35	2	1	0
36	2	1	0
37	2	1	0
38	1	1	1
39	2	1	0
40	1	1	1
41	2	1	0
42	2	1	0
43	2	1	0
44	1	1	1
45	2	1	0
46	2	1	0
47	1	1	1
48	2	1	0
49	2	1	0
50	2	1	0
51	1	1	1
52	2	1	0
53	2	1	0
54	2	1	0
55	1	1	1
56	2	1	0
57	2	1	0
58	2	1	0
59	1	1	1
60	2	1	0
61	2	1	0
62	2	1	0
63	1	1	1
64	2	1	0
65	1	1	1
66	2	1	0
67	1	1	1
68	2	1	0
69	2	1	0
70	2	1	0
71	2	1	0
72	1	1	1
73	2	1	0
74	2	1	0
75	2	1	0
76	2	1	0
77	2	1	0
78	2	1	0
79	2	1	0
80	2	1	0
81	2	1	0
82	2	1	0
83	2	1	0
84	2	1	0
85	2	1	0
86	2	1	0
87	2	1	0
88	2	1	0
89	2	1	0
90	2	1	0
91	2	1	0
92	2	1	0
93	2	1	0
94	1	1	1
95	2	1	0
96	2	1	0
97	2	1	0
98	2	1	0
99	2	1	0
