Observation	Correct	FP	FN
0	4	0	0
1	3	1	1
2	3	1	1
3	3	0	1
4	4	0	0
5	3	1	1
6	4	0	0
7	4	1	0
8	4	0	0
9	4	0	0
10	4	1	0
11	4	0	0
12	4	0	0
13	4	0	0
14	4	0	0
15	4	0	0
16	4	1	0
17	4	0	0
18	4	0	0
19	4	0	0
20	3	1	1
21	4	0	0
22	4	0	0
23	4	0	0
24	3	1	1
25	4	0	0
26	4	0	0
27	4	0	0
28	4	0	0
29	4	1	0
30	4	1	0
31	3	0	1
32	3	1	1
33	4	0	0
34	4	0	0
35	3	0	1
36	4	0	0
37	4	0	0
38	4	0	0
39	4	0	0
40	4	0	0
41	4	0	0
42	4	1	0
43	4	0	0
44	4	0	0
45	4	0	0
46	3	1	1
47	4	0	0
48	4	0	0
49	4	0	0
50	3	1	1
51	4	1	0
52	4	0	0
53	4	0	0
54	3	1	1
55	4	0	0
56	4	0	0
57	4	0	0
58	4	0	0
59	4	0	0
60	4	0	0
61	4	0	0
62	4	1	0
63	4	0	0
64	4	0	0
65	3	0	1
66	4	0	0
67	4	0	0
68	3	0	1
69	4	0	0
70	4	1	0
71	4	1	0
72	4	0	0
73	4	0	0
74	3	1	1
75	4	0	0
76	3	0	1
77	4	0	0
78	4	0	0
79	3	1	1
80	4	0	0
81	4	0	0
82	4	1	0
83	4	0	0
84	4	1	0
85	4	0	0
86	4	0	0
87	4	0	0
88	4	1	0
89	3	1	1
90	4	0	0
91	3	1	1
92	4	0	0
93	3	0	1
94	4	0	0
95	4	1	0
96	4	0	0
97	4	1	0
98	4	0	0
99	3	0	1
