Observation	Correct	FP	FN
0	10	1	0
1	10	0	0
2	10	1	0
3	10	1	0
4	10	1	0
5	9	1	1
6	10	1	0
7	10	1	0
8	10	1	0
9	10	1	0
10	10	1	0
11	10	1	0
12	10	0	0
13	9	1	1
14	10	1	0
15	10	1	0
16	10	0	0
17	10	0	0
18	10	1	0
19	10	0	0
20	10	0	0
21	10	1	0
22	10	1	0
23	10	0	0
24	10	1	0
25	9	1	1
26	10	1	0
27	10	1	0
28	10	0	0
29	10	0	0
30	10	1	0
31	9	1	1
32	9	0	1
33	10	0	0
34	10	0	0
35	9	1	1
36	10	1	0
37	10	0	0
38	10	0	0
39	10	1	0
40	10	1	0
41	10	0	0
42	9	1	1
43	10	0	0
44	10	1	0
45	10	1	0
46	10	0	0
47	10	1	0
48	9	1	1
49	10	1	0
50	10	0	0
51	10	0	0
52	10	0	0
53	9	1	1
54	10	1	0
55	10	0	0
56	10	0	0
57	9	1	1
58	10	1	0
59	10	0	0
60	10	1	0
61	10	0	0
62	10	1	0
63	10	1	0
64	10	0	0
65	10	0	0
66	10	0	0
67	10	0	0
68	10	1	0
69	10	1	0
70	10	0	0
71	10	1	0
72	10	1	0
73	9	0	1
74	10	0	0
75	10	0	0
76	10	1	0
77	10	1	0
78	10	0	0
79	10	1	0
80	10	1	0
81	10	0	0
82	10	0	0
83	10	0	0
84	10	1	0
85	10	1	0
86	10	1	0
87	9	1	1
88	9	1	1
89	9	1	1
90	10	1	0
91	10	1	0
92	10	1	0
93	10	1	0
94	9	1	1
95	9	1	1
96	10	1	0
97	10	0	0
98	10	1	0
99	9	1	1
