Observation	Correct	FP	FN
0	10	0	1
1	11	1	0
2	11	1	0
3	11	1	0
4	10	0	1
5	10	0	1
6	11	1	0
7	10	0	1
8	11	1	0
9	11	0	0
10	11	1	0
11	11	1	0
12	10	0	1
13	11	1	0
14	10	1	1
15	11	1	0
16	11	1	0
17	11	1	0
18	11	0	0
19	11	1	0
20	11	1	0
21	11	1	0
22	10	0	1
23	11	0	0
24	10	0	1
25	11	1	0
26	11	1	0
27	11	0	0
28	11	1	0
29	11	0	0
30	11	0	0
31	11	0	0
32	11	1	0
33	11	1	0
34	10	0	1
35	11	0	0
36	11	0	0
37	10	1	1
38	10	0	1
39	10	1	1
40	10	0	1
41	10	0	1
42	10	1	1
43	11	0	0
44	11	1	0
45	10	0	1
46	11	0	0
47	11	0	0
48	11	1	0
49	10	0	1
50	11	0	0
51	11	1	0
52	10	0	1
53	10	0	1
54	11	1	0
55	11	1	0
56	11	1	0
57	11	1	0
58	11	0	0
59	10	0	1
60	11	1	0
61	11	0	0
62	10	0	1
63	11	1	0
64	10	1	1
65	10	0	1
66	11	1	0
67	11	1	0
68	11	1	0
69	10	0	1
70	10	0	1
71	11	1	0
72	10	0	1
73	10	0	1
74	11	1	0
75	10	0	1
76	11	0	0
77	10	0	1
78	11	0	0
79	11	0	0
80	11	0	0
81	11	0	0
82	11	0	0
83	11	0	0
84	11	0	0
85	11	1	0
86	11	1	0
87	11	1	0
88	10	0	1
89	11	1	0
90	10	0	1
91	11	1	0
92	11	1	0
93	10	1	1
94	10	0	1
95	11	1	0
96	10	0	1
97	11	1	0
98	11	1	0
99	11	0	0
