Observation	Correct	FP	FN
0	19	0	0
1	19	0	0
2	19	0	0
3	19	0	0
4	19	1	0
5	19	0	0
6	19	0	0
7	19	1	0
8	18	0	1
9	18	0	1
10	19	0	0
11	19	0	0
12	19	0	0
13	19	0	0
14	19	0	0
15	18	0	1
16	19	1	0
17	19	0	0
18	19	1	0
19	19	1	0
20	18	0	1
21	19	0	0
22	18	0	1
23	18	0	1
24	19	0	0
25	19	0	0
26	19	1	0
27	19	1	0
28	18	0	1
29	18	0	1
30	19	0	0
31	19	0	0
32	19	0	0
33	19	1	0
34	18	0	1
35	19	1	0
36	19	0	0
37	19	1	0
38	19	0	0
39	19	1	0
40	19	1	0
41	19	1	0
42	19	0	0
43	19	0	0
44	19	0	0
45	19	0	0
46	19	0	0
47	19	0	0
48	19	1	0
49	19	1	0
50	19	0	0
51	19	0	0
52	19	0	0
53	19	0	0
54	19	0	0
55	19	0	0
56	19	0	0
57	18	0	1
58	19	0	0
59	19	0	0
60	19	0	0
61	18	0	1
62	19	0	0
63	19	0	0
64	19	0	0
65	19	0	0
66	19	0	0
67	19	0	0
68	19	0	0
69	18	0	1
70	19	1	0
71	19	1	0
72	19	1	0
73	19	0	0
74	19	0	0
75	19	0	0
76	19	0	0
77	19	0	0
78	19	0	0
79	19	0	0
80	19	1	0
81	19	1	0
82	19	0	0
83	19	0	0
84	19	0	0
85	19	0	0
86	19	1	0
87	18	0	1
88	19	0	0
89	19	1	0
90	19	0	0
91	19	1	0
92	19	1	0
93	19	0	0
94	19	0	0
95	19	1	0
96	19	1	0
97	19	0	0
98	19	0	0
99	19	0	0
