Observation	Correct	FP	FN
0	3	1	0
1	2	0	1
2	3	1	0
3	3	0	0
4	3	1	0
5	3	1	0
6	3	1	0
7	3	1	0
8	2	1	1
9	2	0	1
10	2	2	1
11	3	1	0
12	3	1	0
13	3	1	0
14	3	1	0
15	3	0	0
16	3	0	0
17	2	1	1
18	2	2	1
19	3	1	0
20	3	2	0
21	3	1	0
22	3	0	0
23	3	1	0
24	2	1	1
25	3	1	0
26	3	1	0
27	3	1	0
28	3	1	0
29	3	1	0
30	3	2	0
31	3	1	0
32	3	1	0
33	2	0	1
34	3	1	0
35	3	1	0
36	2	1	1
37	3	1	0
38	2	2	1
39	3	1	0
40	3	0	0
41	3	1	0
42	3	2	0
43	3	1	0
44	3	2	0
45	3	1	0
46	3	1	0
47	3	1	0
48	3	0	0
49	3	0	0
50	2	2	1
51	3	1	0
52	2	1	1
53	3	1	0
54	3	1	0
55	3	0	0
56	3	1	0
57	3	1	0
58	3	1	0
59	3	1	0
60	2	0	1
61	3	0	0
62	2	0	1
63	3	0	0
64	2	0	1
65	3	1	0
66	3	1	0
67	3	1	0
68	2	0	1
69	3	1	0
70	3	1	0
71	3	1	0
72	3	1	0
73	3	1	0
74	2	0	1
75	3	1	0
76	3	1	0
77	2	2	1
78	3	1	0
79	3	0	0
80	3	1	0
81	3	1	0
82	3	1	0
83	3	0	0
84	3	2	0
85	2	0	1
86	3	1	0
87	3	1	0
88	3	1	0
89	3	1	0
90	3	1	0
91	3	0	0
92	3	0	0
93	2	0	1
94	3	1	0
95	3	0	0
96	2	2	1
97	3	1	0
98	2	2	1
99	3	1	0
