Observation	Correct	FP	FN
0	13	2	0
1	12	0	1
2	12	1	1
3	13	2	0
4	13	2	0
5	13	2	0
6	13	2	0
7	13	2	0
8	13	2	0
9	12	1	1
10	13	2	0
11	12	1	1
12	13	2	0
13	13	1	0
14	13	2	0
15	13	2	0
16	13	2	0
17	13	2	0
18	12	0	1
19	13	2	0
20	12	0	1
21	13	1	0
22	13	2	0
23	13	2	0
24	13	2	0
25	12	1	1
26	12	0	1
27	13	2	0
28	13	1	0
29	13	1	0
30	13	2	0
31	12	1	1
32	12	1	1
33	13	2	0
34	13	2	0
35	13	2	0
36	11	1	2
37	12	1	1
38	12	0	1
39	13	1	0
40	12	1	1
41	12	0	1
42	13	1	0
43	12	1	1
44	13	2	0
45	13	2	0
46	13	1	0
47	13	2	0
48	13	2	0
49	13	1	0
50	13	2	0
51	11	1	2
52	12	2	1
53	12	1	1
54	13	2	0
55	13	2	0
56	13	2	0
57	13	1	0
58	12	1	1
59	12	1	1
60	13	2	0
61	12	0	1
62	13	2	0
63	13	2	0
64	13	2	0
65	12	1	1
66	12	1	1
67	13	2	0
68	13	1	0
69	13	2	0
70	12	0	1
71	12	0	1
72	13	2	0
73	12	1	1
74	13	2	0
75	13	2	0
76	13	2	0
77	12	0	1
78	13	2	0
79	13	2	0
80	13	2	0
81	13	2	0
82	12	1	1
83	13	2	0
84	13	2	0
85	13	2	0
86	13	2	0
87	12	0	1
88	13	2	0
89	13	1	0
90	13	2	0
91	13	1	0
92	13	2	0
93	13	1	0
94	13	2	0
95	12	1	1
96	11	1	2
97	12	1	1
98	12	1	1
99	13	2	0
