Observation	Correct	FP	FN
0	12	1	0
1	12	1	0
2	12	1	0
3	11	1	1
4	12	1	0
5	12	1	0
6	12	1	0
7	12	1	0
8	12	1	0
9	11	1	1
10	12	1	0
11	11	1	1
12	11	1	1
13	12	1	0
14	12	1	0
15	12	1	0
16	12	1	0
17	11	1	1
18	12	1	0
19	11	1	1
20	12	1	0
21	12	1	0
22	11	1	1
23	12	1	0
24	11	1	1
25	12	1	0
26	12	1	0
27	12	1	0
28	12	1	0
29	11	1	1
30	11	1	1
31	12	1	0
32	11	1	1
33	12	1	0
34	11	1	1
35	12	1	0
36	11	1	1
37	11	1	1
38	11	1	1
39	12	1	0
40	12	1	0
41	12	1	0
42	12	1	0
43	12	1	0
44	12	1	0
45	11	1	1
46	11	1	1
47	12	1	0
48	12	1	0
49	12	1	0
50	11	1	1
51	12	1	0
52	11	1	1
53	11	1	1
54	11	1	1
55	12	1	0
56	11	1	1
57	11	1	1
58	12	1	0
59	11	1	1
60	12	1	0
61	11	1	1
62	11	1	1
63	12	1	0
64	12	1	0
65	12	1	0
66	12	1	0
67	12	1	0
68	12	1	0
69	12	1	0
70	12	1	0
71	12	1	0
72	11	1	1
73	12	1	0
74	12	1	0
75	12	1	0
76	11	1	1
77	11	1	1
78	12	1	0
79	12	1	0
80	11	1	1
81	12	1	0
82	12	1	0
83	12	1	0
84	12	1	0
85	12	1	0
86	12	1	0
87	12	1	0
88	12	1	0
89	11	1	1
90	12	1	0
91	11	1	1
92	12	1	0
93	12	1	0
94	12	1	0
95	11	1	1
96	11	1	1
97	11	1	1
98	12	1	0
99	12	1	0
