Observation	Correct	FP	FN
0	0	0	1
1	0	0	1
2	1	1	0
3	1	1	0
4	1	1	0
5	0	0	1
6	1	0	0
7	1	1	0
8	1	0	0
9	1	1	0
10	1	1	0
11	1	1	0
12	1	1	0
13	1	0	0
14	0	0	1
15	1	1	0
16	1	1	0
17	1	1	0
18	1	1	0
19	1	1	0
20	1	1	0
21	1	1	0
22	1	1	0
23	1	1	0
24	1	0	0
25	1	1	0
26	1	1	0
27	0	0	1
28	1	1	0
29	1	1	0
30	0	0	1
31	1	1	0
32	1	1	0
33	1	1	0
34	0	0	1
35	1	0	0
36	1	1	0
37	0	0	1
38	1	1	0
39	1	0	0
40	0	0	1
41	0	0	1
42	1	1	0
43	0	0	1
44	0	0	1
45	0	0	1
46	1	0	0
47	1	0	0
48	1	1	0
49	1	1	0
50	1	1	0
51	1	1	0
52	1	1	0
53	1	1	0
54	0	0	1
55	1	1	0
56	1	0	0
57	1	1	0
58	1	1	0
59	1	1	0
60	0	0	1
61	1	1	0
62	1	1	0
63	1	0	0
64	1	1	0
65	0	0	1
66	0	0	1
67	1	0	0
68	1	0	0
69	1	0	0
70	0	0	1
71	1	1	0
72	0	0	1
73	1	0	0
74	1	1	0
75	0	0	1
76	1	1	0
77	0	0	1
78	0	0	1
79	0	0	1
80	0	0	1
81	0	0	1
82	1	1	0
83	1	1	0
84	1	1	0
85	1	0	0
86	1	1	0
87	1	1	0
88	0	0	1
89	1	1	0
90	1	0	0
91	1	1	0
92	1	1	0
93	1	1	0
94	1	1	0
95	1	1	0
96	1	0	0
97	0	0	1
98	1	0	0
99	1	1	0
