Observation	Correct	FP	FN
0	15	1	1
1	16	1	0
2	15	1	1
3	16	1	0
4	16	1	0
5	16	1	0
6	15	1	1
7	15	1	1
8	15	1	1
9	15	1	1
10	16	1	0
11	16	1	0
12	15	1	1
13	16	1	0
14	16	1	0
15	16	1	0
16	16	1	0
17	15	1	1
18	16	1	0
19	16	1	0
20	16	1	0
21	16	1	0
22	15	1	1
23	16	1	0
24	15	1	1
25	16	1	0
26	16	1	0
27	16	1	0
28	15	1	1
29	15	1	1
30	15	1	1
31	16	1	0
32	16	1	0
33	16	1	0
34	16	1	0
35	15	1	1
36	16	1	0
37	16	1	0
38	15	1	1
39	16	1	0
40	15	1	1
41	15	1	1
42	15	1	1
43	16	1	0
44	15	1	1
45	16	1	0
46	16	1	0
47	16	1	0
48	16	1	0
49	15	1	1
50	16	1	0
51	15	1	1
52	16	1	0
53	16	1	0
54	15	1	1
55	15	1	1
56	15	1	1
57	16	1	0
58	16	1	0
59	15	1	1
60	16	1	0
61	16	1	0
62	16	1	0
63	15	1	1
64	15	1	1
65	15	1	1
66	16	1	0
67	16	1	0
68	15	1	1
69	16	1	0
70	16	1	0
71	15	1	1
72	15	1	1
73	16	1	0
74	16	1	0
75	15	1	1
76	16	1	0
77	16	1	0
78	15	1	1
79	15	1	1
80	16	1	0
81	15	1	1
82	16	1	0
83	16	1	0
84	15	1	1
85	16	1	0
86	16	1	0
87	15	1	1
88	15	1	1
89	15	1	1
90	16	1	0
91	16	1	0
92	15	1	1
93	15	1	1
94	16	1	0
95	15	1	1
96	16	1	0
97	16	1	0
98	16	1	0
99	15	1	1
