Observation	Correct	FP	FN
0	19	0	0
1	19	1	0
2	19	0	0
3	18	0	1
4	19	1	0
5	19	0	0
6	19	1	0
7	19	1	0
8	19	1	0
9	19	0	0
10	19	0	0
11	19	0	0
12	19	0	0
13	19	0	0
14	19	1	0
15	19	1	0
16	19	0	0
17	18	0	1
18	19	1	0
19	19	1	0
20	19	0	0
21	19	0	0
22	19	0	0
23	19	1	0
24	19	0	0
25	19	1	0
26	19	1	0
27	18	0	1
28	18	0	1
29	18	0	1
30	19	0	0
31	19	0	0
32	19	1	0
33	19	1	0
34	18	0	1
35	19	1	0
36	19	1	0
37	19	0	0
38	19	0	0
39	19	0	0
40	19	1	0
41	19	1	0
42	19	0	0
43	19	0	0
44	19	0	0
45	19	1	0
46	19	0	0
47	18	0	1
48	19	1	0
49	19	1	0
50	19	0	0
51	19	0	0
52	18	0	1
53	19	1	0
54	19	0	0
55	19	0	0
56	19	1	0
57	19	1	0
58	19	0	0
59	18	0	1
60	19	0	0
61	19	0	0
62	19	0	0
63	19	0	0
64	19	0	0
65	19	0	0
66	19	0	0
67	19	1	0
68	19	1	0
69	18	0	1
70	19	1	0
71	19	0	0
72	18	0	1
73	18	0	1
74	19	0	0
75	18	0	1
76	18	0	1
77	19	0	0
78	18	0	1
79	19	1	0
80	19	1	0
81	19	1	0
82	19	1	0
83	19	0	0
84	18	0	1
85	18	0	1
86	19	0	0
87	19	0	0
88	18	0	1
89	19	0	0
90	19	0	0
91	19	0	0
92	19	1	0
93	19	0	0
94	19	0	0
95	19	1	0
96	18	0	1
97	19	0	0
98	19	0	0
99	18	0	1
