Observation	Correct	FP	FN
0	1	0	0
1	1	0	0
2	0	0	1
3	1	0	0
4	1	0	0
5	1	0	0
6	1	0	0
7	1	0	0
8	1	0	0
9	1	0	0
10	1	0	0
11	0	0	1
12	1	0	0
13	1	0	0
14	1	0	0
15	1	0	0
16	0	0	1
17	1	0	0
18	1	0	0
19	1	0	0
20	1	0	0
21	1	0	0
22	1	0	0
23	1	0	0
24	0	0	1
25	1	0	0
26	1	0	0
27	1	0	0
28	1	0	0
29	1	0	0
30	0	0	1
31	0	0	1
32	1	0	0
33	1	0	0
34	1	0	0
35	1	0	0
36	1	0	0
37	1	0	0
38	1	0	0
39	1	0	0
40	0	0	1
41	1	0	0
42	1	0	0
43	1	0	0
44	1	0	0
45	0	0	1
46	1	0	0
47	0	0	1
48	1	0	0
49	0	0	1
50	1	0	0
51	1	0	0
52	1	0	0
53	0	0	1
54	0	0	1
55	1	0	0
56	1	0	0
57	1	0	0
58	0	0	1
59	1	0	0
60	1	0	0
61	1	0	0
62	0	0	1
63	1	0	0
64	1	0	0
65	0	0	1
66	0	0	1
67	0	0	1
68	1	0	0
69	0	0	1
70	1	0	0
71	0	0	1
72	1	0	0
73	0	0	1
74	0	0	1
75	1	0	0
76	0	0	1
77	0	0	1
78	1	0	0
79	1	0	0
80	1	0	0
81	1	0	0
82	0	0	1
83	1	0	0
84	1	0	0
85	1	0	0
86	0	0	1
87	1	0	0
88	1	0	0
89	0	0	1
90	1	0	0
91	1	0	0
92	1	0	0
93	1	0	0
94	1	0	0
95	1	0	0
96	0	0	1
97	1	0	0
98	1	0	0
99	1	0	0
