Observation	Correct	FP	FN
0	3	2	0
1	2	1	1
2	3	0	0
3	2	0	1
4	3	0	0
5	3	2	0
6	3	0	0
7	3	1	0
8	3	1	0
9	3	1	0
10	3	1	0
11	3	0	0
12	2	0	1
13	3	1	0
14	3	1	0
15	3	0	0
16	3	1	0
17	3	1	0
18	2	1	1
19	3	2	0
20	3	1	0
21	2	2	1
22	3	1	0
23	3	1	0
24	3	0	0
25	3	1	0
26	3	2	0
27	2	1	1
28	3	1	0
29	3	0	0
30	2	2	1
31	3	2	0
32	3	1	0
33	3	1	0
34	3	0	0
35	3	0	0
36	3	1	0
37	3	0	0
38	3	1	0
39	3	0	0
40	3	1	0
41	3	0	0
42	3	1	0
43	3	0	0
44	3	0	0
45	2	0	1
46	3	1	0
47	3	0	0
48	2	1	1
49	3	2	0
50	3	1	0
51	3	1	0
52	3	1	0
53	3	2	0
54	3	1	0
55	3	1	0
56	3	1	0
57	3	2	0
58	3	2	0
59	3	1	0
60	2	0	1
61	3	1	0
62	3	1	0
63	3	1	0
64	3	1	0
65	3	0	0
66	3	0	0
67	2	0	1
68	3	1	0
69	2	1	1
70	3	0	0
71	3	0	0
72	3	1	0
73	3	1	0
74	2	0	1
75	3	2	0
76	3	0	0
77	3	0	0
78	3	0	0
79	3	1	0
80	3	1	0
81	3	1	0
82	3	1	0
83	3	1	0
84	3	1	0
85	3	0	0
86	2	0	1
87	3	0	0
88	3	1	0
89	3	0	0
90	3	1	0
91	2	0	1
92	3	0	0
93	3	1	0
94	3	0	0
95	3	0	0
96	3	1	0
97	3	1	0
98	3	1	0
99	3	0	0
