Observation	Correct	FP	FN
0	14	3	0
1	14	3	0
2	14	3	0
3	14	3	0
4	14	3	0
5	14	3	0
6	14	3	0
7	14	3	0
8	14	3	0
9	14	3	0
10	14	3	0
11	14	3	0
12	14	3	0
13	14	3	0
14	14	3	0
15	14	3	0
16	14	3	0
17	14	4	0
18	14	3	0
19	14	3	0
20	14	3	0
21	14	3	0
22	14	3	0
23	14	3	0
24	14	4	0
25	14	3	0
26	14	3	0
27	14	3	0
28	14	3	0
29	14	3	0
30	14	3	0
31	14	3	0
32	14	3	0
33	14	3	0
34	14	3	0
35	14	3	0
36	14	3	0
37	14	3	0
38	14	3	0
39	14	3	0
40	14	3	0
41	14	3	0
42	14	3	0
43	14	3	0
44	14	3	0
45	14	3	0
46	14	3	0
47	14	3	0
48	14	3	0
49	14	3	0
50	14	3	0
51	14	3	0
52	14	3	0
53	14	3	0
54	14	3	0
55	14	3	0
56	14	3	0
57	14	3	0
58	14	3	0
59	14	3	0
60	14	3	0
61	14	3	0
62	14	3	0
63	14	3	0
64	14	3	0
65	14	3	0
66	14	3	0
67	14	3	0
68	14	3	0
69	14	4	0
70	14	3	0
71	14	3	0
72	14	3	0
73	14	3	0
74	14	3	0
75	14	3	0
76	14	3	0
77	14	3	0
78	14	3	0
79	14	3	0
80	14	3	0
81	14	3	0
82	14	3	0
83	14	3	0
84	14	3	0
85	14	3	0
86	14	3	0
87	14	3	0
88	14	3	0
89	14	3	0
90	14	3	0
91	14	3	0
92	14	3	0
93	14	4	0
94	14	3	0
95	14	3	0
96	14	3	0
97	14	3	0
98	14	3	0
99	14	3	0
