Observation	Correct	FP	FN
0	14	0	0
1	14	0	0
2	14	0	0
3	14	0	0
4	14	0	0
5	14	0	0
6	14	0	0
7	14	1	0
8	14	1	0
9	14	1	0
10	14	1	0
11	14	0	0
12	14	0	0
13	14	1	0
14	14	1	0
15	14	1	0
16	14	0	0
17	14	0	0
18	14	0	0
19	14	0	0
20	14	0	0
21	14	0	0
22	14	1	0
23	14	0	0
24	14	1	0
25	14	1	0
26	14	0	0
27	14	0	0
28	14	1	0
29	14	1	0
30	14	0	0
31	14	0	0
32	14	1	0
33	14	0	0
34	14	0	0
35	14	1	0
36	14	1	0
37	14	1	0
38	14	1	0
39	14	0	0
40	14	0	0
41	14	0	0
42	14	1	0
43	14	1	0
44	14	0	0
45	14	1	0
46	14	0	0
47	14	0	0
48	14	1	0
49	14	0	0
50	14	0	0
51	14	0	0
52	14	1	0
53	14	1	0
54	14	0	0
55	14	1	0
56	14	1	0
57	14	0	0
58	14	1	0
59	14	1	0
60	14	0	0
61	14	0	0
62	14	1	0
63	14	0	0
64	14	1	0
65	14	1	0
66	14	0	0
67	14	1	0
68	14	0	0
69	14	1	0
70	14	1	0
71	14	0	0
72	14	1	0
73	14	0	0
74	14	1	0
75	14	0	0
76	14	0	0
77	14	1	0
78	14	1	0
79	14	1	0
80	14	0	0
81	14	1	0
82	14	1	0
83	14	0	0
84	14	0	0
85	14	0	0
86	14	1	0
87	14	1	0
88	14	0	0
89	14	1	0
90	14	0	0
91	14	0	0
92	14	1	0
93	14	1	0
94	14	1	0
95	14	1	0
96	14	1	0
97	14	1	0
98	14	0	0
99	14	0	0
