Observation	Correct	FP	FN
0	8	0	1
1	8	0	1
2	9	0	0
3	9	0	0
4	9	0	0
5	9	0	0
6	8	0	1
7	9	0	0
8	8	0	1
9	9	0	0
10	8	0	1
11	8	0	1
12	9	0	0
13	9	0	0
14	8	0	1
15	9	0	0
16	8	0	1
17	8	0	1
18	9	0	0
19	9	0	0
20	8	0	1
21	9	0	0
22	9	0	0
23	8	0	1
24	9	0	0
25	9	0	0
26	9	0	0
27	8	0	1
28	8	0	1
29	9	0	0
30	9	0	0
31	8	0	1
32	9	0	0
33	9	0	0
34	8	0	1
35	9	0	0
36	8	0	1
37	9	0	0
38	9	0	0
39	9	0	0
40	9	0	0
41	9	0	0
42	8	0	1
43	9	0	0
44	8	0	1
45	9	0	0
46	9	0	0
47	9	0	0
48	9	0	0
49	8	0	1
50	9	0	0
51	9	0	0
52	9	0	0
53	8	0	1
54	8	0	1
55	9	0	0
56	9	0	0
57	9	0	0
58	9	0	0
59	9	0	0
60	9	0	0
61	9	0	0
62	9	0	0
63	9	0	0
64	8	0	1
65	8	0	1
66	9	0	0
67	8	0	1
68	8	0	1
69	9	0	0
70	8	0	1
71	9	0	0
72	9	0	0
73	8	0	1
74	8	0	1
75	9	0	0
76	9	0	0
77	9	0	0
78	8	0	1
79	9	0	0
80	9	0	0
81	9	0	0
82	9	0	0
83	9	0	0
84	9	0	0
85	9	0	0
86	8	0	1
87	9	0	0
88	9	0	0
89	8	0	1
90	9	0	0
91	9	0	0
92	9	0	0
93	8	0	1
94	8	0	1
95	9	0	0
96	9	0	0
97	8	0	1
98	8	0	1
99	9	0	0
