Observation	Correct	FP	FN
0	9	2	0
1	9	2	0
2	9	5	0
3	9	1	0
4	9	4	0
5	9	3	0
6	9	4	0
7	9	2	0
8	9	4	0
9	9	5	0
10	9	1	0
11	9	2	0
12	9	2	0
13	9	4	0
14	9	4	0
15	9	2	0
16	9	1	0
17	9	5	0
18	9	4	0
19	9	4	0
20	9	4	0
21	9	5	0
22	9	5	0
23	9	4	0
24	9	4	0
25	9	3	0
26	9	4	0
27	9	4	0
28	9	4	0
29	9	3	0
30	9	4	0
31	9	2	0
32	9	4	0
33	9	5	0
34	9	4	0
35	9	5	0
36	9	5	0
37	9	2	0
38	9	4	0
39	9	3	0
40	9	5	0
41	9	4	0
42	9	1	0
43	9	2	0
44	9	2	0
45	9	5	0
46	9	4	0
47	9	4	0
48	9	5	0
49	9	2	0
50	9	2	0
51	9	1	0
52	9	5	0
53	9	2	0
54	9	2	0
55	9	5	0
56	9	4	0
57	9	4	0
58	9	4	0
59	9	5	0
60	9	5	0
61	9	4	0
62	9	2	0
63	9	2	0
64	9	4	0
65	9	4	0
66	9	2	0
67	9	5	0
68	9	5	0
69	9	1	0
70	9	5	0
71	9	3	0
72	9	5	0
73	9	4	0
74	9	4	0
75	9	4	0
76	9	3	0
77	9	2	0
78	9	3	0
79	9	4	0
80	9	2	0
81	9	5	0
82	9	4	0
83	9	5	0
84	9	2	0
85	9	1	0
86	9	1	0
87	9	4	0
88	9	2	0
89	9	1	0
90	9	2	0
91	9	4	0
92	9	1	0
93	9	1	0
94	9	5	0
95	9	2	0
96	9	1	0
97	9	2	0
98	9	5	0
99	9	1	0
