Observation	Correct	FP	FN
0	15	3	0
1	15	3	0
2	15	0	0
3	15	1	0
4	15	0	0
5	15	3	0
6	15	2	0
7	15	0	0
8	15	2	0
9	15	3	0
10	15	3	0
11	15	0	0
12	15	0	0
13	15	2	0
14	15	3	0
15	15	1	0
16	15	0	0
17	15	0	0
18	15	0	0
19	15	2	0
20	15	0	0
21	15	2	0
22	15	1	0
23	15	3	0
24	15	1	0
25	15	3	0
26	15	0	0
27	15	3	0
28	15	1	0
29	15	0	0
30	15	0	0
31	15	0	0
32	15	0	0
33	15	3	0
34	15	2	0
35	15	2	0
36	15	0	0
37	15	1	0
38	15	1	0
39	15	0	0
40	15	0	0
41	15	1	0
42	15	0	0
43	15	0	0
44	15	3	0
45	15	2	0
46	15	2	0
47	15	0	0
48	15	3	0
49	15	1	0
50	15	2	0
51	15	1	0
52	15	0	0
53	15	0	0
54	15	0	0
55	15	3	0
56	15	0	0
57	15	1	0
58	15	0	0
59	15	0	0
60	15	0	0
61	15	1	0
62	15	0	0
63	15	1	0
64	15	0	0
65	15	0	0
66	15	0	0
67	15	0	0
68	15	0	0
69	15	1	0
70	15	0	0
71	15	0	0
72	15	2	0
73	15	0	0
74	15	0	0
75	15	0	0
76	15	1	0
77	15	0	0
78	15	2	0
79	15	0	0
80	15	3	0
81	15	2	0
82	15	3	0
83	15	3	0
84	15	2	0
85	15	1	0
86	15	3	0
87	15	0	0
88	15	0	0
89	15	3	0
90	15	0	0
91	15	1	0
92	15	1	0
93	15	0	0
94	15	1	0
95	15	2	0
96	15	2	0
97	15	3	0
98	15	2	0
99	15	3	0
