Observation	Correct	FP	FN
0	15	3	0
1	15	4	0
2	15	3	0
3	15	3	0
4	15	3	0
5	15	3	0
6	15	3	0
7	15	3	0
8	15	3	0
9	15	3	0
10	15	3	0
11	15	4	0
12	15	3	0
13	15	3	0
14	15	4	0
15	15	3	0
16	15	4	0
17	15	4	0
18	15	4	0
19	15	3	0
20	15	3	0
21	15	4	0
22	15	3	0
23	15	3	0
24	15	3	0
25	15	3	0
26	15	4	0
27	15	4	0
28	15	3	0
29	15	3	0
30	15	4	0
31	15	4	0
32	15	3	0
33	15	4	0
34	15	4	0
35	15	4	0
36	15	4	0
37	15	3	0
38	15	4	0
39	15	3	0
40	15	3	0
41	15	3	0
42	15	3	0
43	15	3	0
44	15	4	0
45	15	3	0
46	15	4	0
47	15	3	0
48	15	4	0
49	15	4	0
50	15	3	0
51	15	3	0
52	15	3	0
53	15	3	0
54	15	3	0
55	15	4	0
56	15	4	0
57	15	4	0
58	15	3	0
59	15	4	0
60	15	3	0
61	15	3	0
62	15	3	0
63	15	3	0
64	15	3	0
65	15	3	0
66	15	4	0
67	15	4	0
68	15	3	0
69	15	4	0
70	15	3	0
71	15	4	0
72	15	4	0
73	15	3	0
74	15	4	0
75	15	4	0
76	15	3	0
77	15	3	0
78	15	3	0
79	15	4	0
80	15	4	0
81	15	3	0
82	15	3	0
83	15	3	0
84	15	3	0
85	15	4	0
86	15	3	0
87	15	4	0
88	15	3	0
89	15	3	0
90	15	3	0
91	15	3	0
92	15	4	0
93	15	4	0
94	15	3	0
95	15	3	0
96	15	4	0
97	15	3	0
98	15	3	0
99	15	3	0
