Observation	Correct	FP	FN
0	6	0	0
1	6	0	0
2	6	1	0
3	6	0	0
4	6	0	0
5	6	1	0
6	5	0	1
7	6	0	0
8	6	1	0
9	6	0	0
10	6	0	0
11	6	0	0
12	6	0	0
13	6	0	0
14	6	0	0
15	6	0	0
16	6	0	0
17	6	0	0
18	6	1	0
19	6	0	0
20	6	0	0
21	6	0	0
22	6	0	0
23	5	0	1
24	6	0	0
25	6	0	0
26	6	0	0
27	5	0	1
28	6	0	0
29	6	0	0
30	5	0	1
31	5	0	1
32	6	1	0
33	6	0	0
34	6	0	0
35	6	0	0
36	6	0	0
37	6	0	0
38	6	0	0
39	6	0	0
40	5	0	1
41	6	0	0
42	5	0	1
43	6	1	0
44	6	1	0
45	5	0	1
46	6	0	0
47	6	0	0
48	6	0	0
49	6	0	0
50	6	0	0
51	6	0	0
52	6	1	0
53	6	0	0
54	5	0	1
55	6	0	0
56	6	0	0
57	6	0	0
58	6	0	0
59	6	0	0
60	6	0	0
61	6	0	0
62	6	0	0
63	6	0	0
64	6	0	0
65	5	0	1
66	6	0	0
67	6	0	0
68	5	0	1
69	6	0	0
70	5	0	1
71	5	0	1
72	6	0	0
73	6	0	0
74	6	0	0
75	6	0	0
76	6	0	0
77	6	0	0
78	6	0	0
79	5	0	1
80	6	0	0
81	5	0	1
82	5	0	1
83	6	0	0
84	5	0	1
85	6	1	0
86	6	0	0
87	6	1	0
88	6	0	0
89	6	0	0
90	6	0	0
91	6	0	0
92	6	1	0
93	5	0	1
94	6	0	0
95	6	0	0
96	6	0	0
97	6	0	0
98	6	0	0
99	6	1	0
