Observation	Correct	FP	FN
0	2	0	0
1	2	0	0
2	0	0	2
3	2	0	0
4	2	0	0
5	2	0	0
6	2	0	0
7	0	0	2
8	2	0	0
9	2	0	0
10	2	0	0
11	0	0	2
12	2	0	0
13	2	0	0
14	0	0	2
15	2	0	0
16	2	0	0
17	0	0	2
18	1	0	1
19	0	0	2
20	2	0	0
21	2	0	0
22	0	0	2
23	2	0	0
24	0	0	2
25	2	0	0
26	2	0	0
27	2	0	0
28	2	0	0
29	2	0	0
30	0	0	2
31	2	0	0
32	2	0	0
33	2	0	0
34	2	0	0
35	2	0	0
36	0	0	2
37	2	0	0
38	2	0	0
39	0	0	2
40	2	0	0
41	2	0	0
42	0	0	2
43	0	0	2
44	2	0	0
45	0	0	2
46	2	0	0
47	2	0	0
48	2	0	0
49	0	0	2
50	2	0	0
51	2	0	0
52	2	0	0
53	2	0	0
54	0	0	2
55	1	0	1
56	0	0	2
57	2	0	0
58	0	0	2
59	2	0	0
60	2	0	0
61	2	0	0
62	0	0	2
63	2	0	0
64	2	0	0
65	2	0	0
66	0	0	2
67	2	0	0
68	1	0	1
69	2	0	0
70	2	0	0
71	0	0	2
72	0	0	2
73	2	0	0
74	2	0	0
75	2	0	0
76	2	0	0
77	2	0	0
78	0	0	2
79	0	0	2
80	2	0	0
81	2	0	0
82	0	0	2
83	2	0	0
84	2	0	0
85	0	0	2
86	2	0	0
87	2	0	0
88	2	0	0
89	2	0	0
90	2	0	0
91	2	0	0
92	0	0	2
93	2	0	0
94	2	0	0
95	2	0	0
96	2	0	0
97	2	0	0
98	0	0	2
99	2	0	0
