Observation	Correct	FP	FN
0	4	1	0
1	4	1	0
2	4	0	0
3	4	1	0
4	4	1	0
5	4	0	0
6	4	1	0
7	4	0	0
8	3	1	1
9	4	0	0
10	4	0	0
11	4	1	0
12	4	1	0
13	4	0	0
14	4	1	0
15	4	0	0
16	4	1	0
17	4	0	0
18	4	0	0
19	4	0	0
20	4	0	0
21	4	1	0
22	3	1	1
23	4	1	0
24	4	0	0
25	4	0	0
26	4	1	0
27	4	0	0
28	4	0	0
29	4	1	0
30	4	0	0
31	4	0	0
32	4	0	0
33	4	0	0
34	4	1	0
35	4	1	0
36	4	0	0
37	4	1	0
38	4	0	0
39	4	1	0
40	4	0	0
41	4	1	0
42	4	1	0
43	3	1	1
44	3	1	1
45	4	1	0
46	4	0	0
47	3	1	1
48	4	1	0
49	4	1	0
50	4	0	0
51	3	1	1
52	4	1	0
53	4	0	0
54	4	1	0
55	4	1	0
56	4	0	0
57	4	0	0
58	4	1	0
59	4	1	0
60	3	1	1
61	4	0	0
62	4	1	0
63	4	1	0
64	4	0	0
65	4	1	0
66	3	0	1
67	4	0	0
68	4	0	0
69	4	0	0
70	4	1	0
71	4	1	0
72	4	0	0
73	4	0	0
74	4	0	0
75	4	0	0
76	4	0	0
77	3	0	1
78	4	1	0
79	4	0	0
80	3	0	1
81	4	1	0
82	4	1	0
83	4	0	0
84	4	0	0
85	4	1	0
86	4	1	0
87	4	1	0
88	3	0	1
89	4	0	0
90	3	1	1
91	3	1	1
92	4	0	0
93	4	0	0
94	4	1	0
95	4	0	0
96	4	1	0
97	3	0	1
98	3	1	1
99	3	1	1
