Observation	Correct	FP	FN
0	12	2	0
1	12	1	0
2	12	2	0
3	11	0	1
4	12	2	0
5	12	2	0
6	11	1	1
7	12	2	0
8	12	1	0
9	11	1	1
10	11	1	1
11	12	1	0
12	12	2	0
13	12	1	0
14	12	2	0
15	12	2	0
16	12	1	0
17	12	1	0
18	12	2	0
19	12	1	0
20	11	1	1
21	11	1	1
22	12	2	0
23	11	0	1
24	12	1	0
25	12	1	0
26	12	2	0
27	12	1	0
28	12	1	0
29	12	1	0
30	12	1	0
31	11	1	1
32	11	1	1
33	11	1	1
34	12	1	0
35	12	2	0
36	12	2	0
37	12	1	0
38	12	1	0
39	12	2	0
40	12	2	0
41	12	2	0
42	12	1	0
43	12	1	0
44	12	1	0
45	12	1	0
46	12	2	0
47	11	1	1
48	12	2	0
49	11	1	1
50	12	2	0
51	12	2	0
52	12	1	0
53	12	1	0
54	12	1	0
55	12	2	0
56	12	1	0
57	12	1	0
58	12	1	0
59	12	1	0
60	12	2	0
61	12	1	0
62	11	1	1
63	12	2	0
64	12	1	0
65	12	1	0
66	12	2	0
67	12	2	0
68	12	2	0
69	12	2	0
70	12	1	0
71	11	1	1
72	12	1	0
73	12	2	0
74	12	1	0
75	12	1	0
76	12	2	0
77	12	2	0
78	11	1	1
79	12	1	0
80	11	1	1
81	12	2	0
82	12	1	0
83	12	1	0
84	12	2	0
85	12	1	0
86	12	2	0
87	12	1	0
88	12	2	0
89	12	1	0
90	11	1	1
91	12	1	0
92	11	1	1
93	12	1	0
94	12	1	0
95	12	1	0
96	12	1	0
97	11	1	1
98	12	2	0
99	11	1	1
