Observation	Correct	FP	FN
0	3	2	0
1	3	2	0
2	3	2	0
3	3	1	0
4	2	2	1
5	3	2	0
6	3	2	0
7	2	2	1
8	3	1	0
9	3	2	0
10	3	2	0
11	3	2	0
12	3	2	0
13	3	1	0
14	3	2	0
15	3	2	0
16	3	2	0
17	3	2	0
18	3	2	0
19	3	2	0
20	3	2	0
21	3	1	0
22	3	1	0
23	3	2	0
24	3	2	0
25	2	2	1
26	3	1	0
27	2	2	1
28	3	2	0
29	3	1	0
30	3	2	0
31	3	2	0
32	2	2	1
33	3	1	0
34	3	2	0
35	2	2	1
36	3	1	0
37	3	1	0
38	3	2	0
39	3	1	0
40	3	2	0
41	3	2	0
42	3	2	0
43	3	2	0
44	3	2	0
45	3	2	0
46	2	2	1
47	3	2	0
48	3	2	0
49	3	2	0
50	3	2	0
51	3	2	0
52	3	2	0
53	2	2	1
54	3	2	0
55	3	2	0
56	3	2	0
57	3	2	0
58	3	2	0
59	3	2	0
60	3	2	0
61	3	2	0
62	3	1	0
63	3	1	0
64	3	2	0
65	3	2	0
66	3	2	0
67	3	2	0
68	3	2	0
69	2	2	1
70	3	2	0
71	2	2	1
72	2	2	1
73	3	2	0
74	2	2	1
75	3	2	0
76	3	2	0
77	3	1	0
78	3	2	0
79	2	2	1
80	2	2	1
81	3	2	0
82	3	1	0
83	3	2	0
84	3	2	0
85	2	2	1
86	3	1	0
87	3	2	0
88	3	2	0
89	3	2	0
90	3	1	0
91	3	2	0
92	3	1	0
93	3	2	0
94	2	2	1
95	3	2	0
96	3	2	0
97	3	2	0
98	3	1	0
99	2	2	1
