Observation	Correct	FP	FN
0	12	0	0
1	12	0	0
2	12	0	0
3	11	0	1
4	12	0	0
5	11	0	1
6	12	0	0
7	12	0	0
8	12	0	0
9	12	0	0
10	12	0	0
11	12	0	0
12	12	0	0
13	12	0	0
14	12	0	0
15	12	0	0
16	12	0	0
17	12	0	0
18	12	0	0
19	12	0	0
20	11	0	1
21	12	0	0
22	11	0	1
23	12	0	0
24	12	0	0
25	12	0	0
26	12	0	0
27	11	0	1
28	12	0	0
29	12	0	0
30	11	0	1
31	11	0	1
32	12	0	0
33	12	0	0
34	11	0	1
35	12	0	0
36	12	0	0
37	12	0	0
38	12	0	0
39	12	0	0
40	12	0	0
41	12	0	0
42	12	0	0
43	11	0	1
44	12	0	0
45	12	0	0
46	12	0	0
47	11	0	1
48	12	0	0
49	12	0	0
50	12	0	0
51	12	0	0
52	12	0	0
53	12	0	0
54	12	0	0
55	12	0	0
56	12	0	0
57	12	0	0
58	12	0	0
59	12	0	0
60	12	0	0
61	11	0	1
62	12	0	0
63	12	0	0
64	11	0	1
65	12	0	0
66	12	0	0
67	12	0	0
68	12	0	0
69	12	0	0
70	11	0	1
71	11	0	1
72	12	0	0
73	11	0	1
74	12	0	0
75	12	0	0
76	12	0	0
77	12	0	0
78	11	0	1
79	12	0	0
80	11	0	1
81	11	0	1
82	12	0	0
83	12	0	0
84	12	0	0
85	12	0	0
86	12	0	0
87	11	0	1
88	11	0	1
89	12	0	0
90	12	0	0
91	11	0	1
92	11	0	1
93	12	0	0
94	11	0	1
95	11	0	1
96	11	0	1
97	12	0	0
98	12	0	0
99	12	0	0
