Observation	Correct	FP	FN
0	13	0	0
1	12	0	1
2	12	0	1
3	12	0	1
4	13	0	0
5	13	1	0
6	13	0	0
7	12	0	1
8	13	0	0
9	12	0	1
10	12	0	1
11	13	0	0
12	13	0	0
13	12	0	1
14	13	0	0
15	12	0	1
16	12	0	1
17	13	0	0
18	11	0	2
19	13	0	0
20	13	1	0
21	12	0	1
22	11	0	2
23	12	0	1
24	13	0	0
25	11	0	2
26	12	1	1
27	13	1	0
28	13	0	0
29	12	0	1
30	12	0	1
31	13	0	0
32	13	1	0
33	13	0	0
34	12	0	1
35	12	0	1
36	11	0	2
37	12	0	1
38	12	0	1
39	11	0	2
40	12	0	1
41	13	0	0
42	12	0	1
43	12	0	1
44	13	0	0
45	13	0	0
46	13	0	0
47	13	0	0
48	13	0	0
49	11	0	2
50	13	0	0
51	11	0	2
52	12	0	1
53	12	0	1
54	12	0	1
55	12	0	1
56	13	0	0
57	13	0	0
58	12	0	1
59	12	0	1
60	12	0	1
61	11	0	2
62	12	1	1
63	13	0	0
64	12	0	1
65	11	0	2
66	13	0	0
67	12	0	1
68	12	0	1
69	12	0	1
70	13	1	0
71	13	0	0
72	12	0	1
73	11	0	2
74	13	1	0
75	13	0	0
76	13	0	0
77	12	0	1
78	11	0	2
79	13	0	0
80	13	1	0
81	13	0	0
82	13	0	0
83	13	0	0
84	13	1	0
85	11	0	2
86	11	0	2
87	13	0	0
88	13	0	0
89	13	0	0
90	12	0	1
91	13	0	0
92	13	0	0
93	13	0	0
94	13	1	0
95	13	1	0
96	11	0	2
97	12	0	1
98	13	0	0
99	11	0	2
