Observation	Correct	FP	FN
0	4	0	0
1	4	0	0
2	3	0	1
3	4	0	0
4	4	1	0
5	4	0	0
6	4	0	0
7	3	0	1
8	4	0	0
9	4	0	0
10	4	1	0
11	4	0	0
12	4	1	0
13	3	0	1
14	4	0	0
15	4	1	0
16	4	0	0
17	4	1	0
18	4	0	0
19	3	0	1
20	4	0	0
21	4	0	0
22	3	0	1
23	4	1	0
24	4	0	0
25	4	0	0
26	4	1	0
27	3	1	1
28	4	0	0
29	3	0	1
30	4	1	0
31	3	0	1
32	3	0	1
33	4	0	0
34	4	0	0
35	4	1	0
36	4	0	0
37	4	1	0
38	4	0	0
39	4	0	0
40	4	0	0
41	4	0	0
42	4	0	0
43	4	0	0
44	4	0	0
45	3	0	1
46	4	1	0
47	3	0	1
48	4	0	0
49	4	0	0
50	4	1	0
51	3	0	1
52	4	0	0
53	4	1	0
54	4	0	0
55	3	0	1
56	4	0	0
57	4	0	0
58	4	1	0
59	3	0	1
60	4	0	0
61	4	0	0
62	4	0	0
63	4	1	0
64	4	0	0
65	4	0	0
66	4	0	0
67	4	0	0
68	4	0	0
69	4	0	0
70	4	0	0
71	4	0	0
72	3	0	1
73	4	0	0
74	4	0	0
75	4	1	0
76	4	0	0
77	4	1	0
78	4	0	0
79	4	0	0
80	4	0	0
81	3	1	1
82	3	0	1
83	4	0	0
84	4	0	0
85	4	0	0
86	4	0	0
87	3	0	1
88	4	0	0
89	4	0	0
90	4	1	0
91	4	0	0
92	4	0	0
93	4	0	0
94	3	0	1
95	4	0	0
96	4	1	0
97	4	0	0
98	4	0	0
99	4	0	0
