Position	Correct	FP	FN
0	2	2	0
1	2	0	0
2	4	2	0
3	7	0	0
4	4	0	0
5	1	0	1
6	6	0	0
7	4	1	0
8	6	0	0
9	7	0	0
10	4	0	0
11	1	0	1
12	6	0	0
13	4	1	0
14	6	0	0
15	4	0	0
16	4	0	0
17	1	0	1
18	6	0	0
19	4	1	0
20	6	0	0
21	4	0	0
22	4	0	0
23	1	0	1
24	6	0	0
25	5	0	0
26	6	0	0
27	4	0	0
28	3	0	0
29	2	0	1
30	7	0	0
31	6	1	0
32	6	0	0
33	4	0	0
34	3	0	0
35	1	0	1
36	7	0	0
37	7	0	0
38	4	0	0
39	4	0	0
40	3	0	0
41	1	0	1
42	7	0	0
43	7	0	0
44	4	0	0
45	3	0	0
46	4	0	0
47	1	0	1
48	7	0	0
49	7	0	0
50	4	0	0
51	3	1	0
52	4	0	0
53	1	0	1
54	7	0	0
55	7	0	0
56	4	0	0
57	4	0	0
58	4	0	0
59	1	0	1
60	7	0	0
61	7	0	0
62	4	0	0
63	4	0	0
64	4	0	0
65	1	0	1
66	7	0	0
67	7	0	0
68	3	0	0
69	4	0	0
70	4	0	0
71	1	0	1
72	7	0	0
73	7	0	0
74	3	0	0
75	4	0	0
76	5	0	0
77	1	0	1
78	4	0	1
79	4	0	0
80	3	0	0
81	4	1	0
82	6	0	0
83	1	0	1
84	4	0	0
85	4	0	0
86	3	0	0
87	5	0	0
88	6	0	0
89	1	0	1
90	4	0	0
91	4	0	0
92	3	0	0
93	5	0	1
94	6	0	0
95	1	0	1
96	4	0	0
97	4	0	0
98	3	0	0
99	6	0	0
100	6	0	0
101	1	0	1
102	4	0	0
103	4	0	0
104	3	0	0
105	6	0	0
106	6	0	0
107	2	0	1
108	4	0	0
109	4	0	0
110	4	0	0
111	6	0	0
112	6	0	0
113	1	0	1
114	4	0	0
115	4	0	0
116	4	0	0
117	6	0	0
118	6	0	0
119	1	0	1
120	4	0	0
121	4	0	0
122	4	0	0
123	6	0	0
124	6	0	0
125	1	0	1
126	4	0	0
127	4	0	0
128	4	0	0
129	6	0	0
130	5	1	0
131	2	0	0
132	4	0	0
133	4	0	0
134	4	0	0
135	6	0	0
136	2	0	0
137	4	0	0
138	5	0	0
139	5	0	0
140	6	0	0
141	6	0	0
142	2	0	0
143	1	0	0
144	4	0	0
145	4	0	0
146	6	0	0
147	4	0	0
148	6	0	0
149	2	0	0
150	4	0	0
151	4	0	0
152	6	0	0
153	4	0	0
154	6	0	0
155	2	0	0
156	4	0	0
157	4	0	0
158	6	0	0
159	4	1	0
160	6	0	0
161	2	0	0
162	3	0	0
163	4	0	0
164	5	0	1
165	6	0	0
166	6	0	0
167	3	0	0
168	3	0	0
169	4	0	0
170	4	0	0
171	6	0	0
172	6	0	0
173	2	0	0
174	3	0	0
175	3	0	0
176	4	0	0
177	6	0	0
178	6	0	0
179	2	0	0
180	4	0	0
181	3	0	0
182	4	0	0
183	6	0	0
184	6	0	0
185	2	0	0
186	4	0	0
187	4	0	0
188	4	0	0
189	6	0	0
190	6	0	0
191	2	0	0
192	4	0	0
193	4	0	0
194	4	0	0
195	6	0	0
196	6	0	0
197	2	0	0
198	4	0	0
199	4	0	0
200	3	0	0
201	6	0	0
202	6	0	0
203	2	0	0
204	5	0	0
205	4	0	0
206	3	0	0
207	6	0	0
208	6	0	0
209	2	0	0
210	7	0	0
211	4	0	0
212	3	0	0
213	5	0	0
214	5	0	0
215	2	0	0
216	7	0	0
217	6	0	0
218	3	0	0
219	4	0	0
220	4	0	0
221	2	0	0
222	7	0	0
223	6	0	0
224	3	0	0
225	4	0	0
226	4	0	0
227	2	0	0
228	7	0	0
229	7	0	0
230	3	0	0
231	4	0	0
232	4	0	0
233	2	0	0
234	7	0	0
235	7	0	0
236	3	0	0
237	4	0	0
238	4	0	0
239	3	0	0
240	6	0	0
241	7	0	0
242	4	0	0
243	4	0	0
244	4	0	0
245	2	0	0
246	6	0	0
247	7	0	0
248	4	0	0
249	4	0	0
250	4	0	0
251	2	0	0
252	6	0	0
253	6	0	0
254	4	0	0
255	4	0	0
256	4	0	0
257	2	0	0
258	6	0	0
259	6	0	0
260	4	0	0
261	4	0	0
262	4	0	0
263	2	0	0
264	2	0	0
265	6	0	0
266	4	0	0
267	4	0	0
268	4	0	0
269	4	0	0
270	2	0	0
271	6	0	0
272	7	0	0
273	4	0	0
274	5	0	0
275	1	0	0
276	2	0	0
277	5	0	0
278	6	0	0
279	6	0	0
280	7	0	0
281	1	0	0
282	2	0	0
283	2	0	0
284	6	0	0
285	6	0	0
286	7	0	0
287	1	0	0
