Position	Correct	FP	FN
0	2	0	0
1	2	0	0
2	2	0	2
3	7	0	0
4	4	0	0
5	0	0	2
6	4	0	2
7	3	0	1
8	6	0	0
9	7	0	0
10	4	0	0
11	0	0	2
12	6	0	0
13	4	0	0
14	6	0	0
15	4	0	0
16	4	0	0
17	1	0	1
18	6	0	0
19	4	0	0
20	6	0	0
21	4	0	0
22	4	0	0
23	2	0	0
24	6	0	0
25	5	0	0
26	6	0	0
27	4	0	0
28	3	1	0
29	3	1	0
30	6	0	1
31	6	0	0
32	5	0	1
33	4	0	0
34	3	0	0
35	2	2	0
36	7	0	0
37	7	0	0
38	4	0	0
39	4	0	0
40	3	0	0
41	2	1	0
42	7	0	0
43	7	0	0
44	4	0	0
45	3	0	0
46	3	0	1
47	1	0	1
48	7	0	0
49	7	0	0
50	4	0	0
51	3	1	0
52	4	0	0
53	1	0	1
54	7	0	0
55	7	0	0
56	4	0	0
57	4	0	0
58	4	0	0
59	2	0	0
60	7	0	0
61	7	0	0
62	4	0	0
63	4	0	0
64	4	0	0
65	2	0	0
66	7	0	0
67	7	0	0
68	3	0	0
69	4	0	0
70	4	0	0
71	1	0	1
72	7	0	0
73	7	0	0
74	3	0	0
75	4	0	0
76	4	0	1
77	2	0	0
78	5	0	0
79	4	1	0
80	3	0	0
81	4	1	0
82	6	0	0
83	2	0	0
84	4	0	0
85	4	0	0
86	3	0	0
87	5	0	0
88	6	0	0
89	2	0	0
90	4	0	0
91	4	0	0
92	3	0	0
93	6	0	0
94	6	0	0
95	2	1	0
96	4	0	0
97	4	0	0
98	3	0	0
99	6	0	0
100	6	0	0
101	2	1	0
102	4	0	0
103	4	0	0
104	3	0	0
105	6	0	0
106	6	0	0
107	3	1	0
108	3	1	1
109	3	1	1
110	3	0	1
111	6	0	0
112	6	0	0
113	2	1	0
114	4	0	0
115	4	0	0
116	4	0	0
117	6	0	0
118	6	0	0
119	2	1	0
120	4	0	0
121	4	0	0
122	4	0	0
123	6	0	0
124	6	0	0
125	2	1	0
126	4	0	0
127	4	0	0
128	4	0	0
129	6	0	0
130	5	0	0
131	2	1	0
132	4	0	0
133	4	0	0
134	4	0	0
135	6	0	0
136	2	2	0
137	4	1	0
138	4	0	1
139	4	0	1
140	4	0	2
141	6	0	0
142	2	0	0
143	1	3	0
144	4	0	0
145	0	0	4
146	0	0	6
147	0	0	4
148	6	0	0
149	2	1	0
150	3	0	1
151	0	0	4
152	0	0	6
153	0	0	4
154	6	0	0
155	2	1	0
156	3	0	1
157	1	0	3
158	0	0	6
159	0	1	4
160	6	0	0
161	1	2	1
162	3	0	0
163	1	0	3
164	0	0	6
165	1	0	5
166	6	0	0
167	2	1	1
168	3	0	0
169	1	0	3
170	1	0	3
171	1	0	5
172	6	0	0
173	1	1	1
174	3	1	0
175	1	0	2
176	1	0	3
177	1	0	5
178	6	0	0
179	0	1	2
180	4	0	0
181	2	0	1
182	1	0	3
183	2	0	4
184	6	0	0
185	0	1	2
186	4	0	0
187	2	0	2
188	1	0	3
189	2	0	4
190	6	0	0
191	0	1	2
192	4	0	0
193	1	0	3
194	0	0	4
195	1	0	5
196	6	0	0
197	1	1	1
198	4	0	0
199	1	0	3
200	1	0	2
201	1	0	5
202	6	0	0
203	1	1	1
204	5	2	0
205	1	0	3
206	1	0	2
207	1	0	5
208	4	0	2
209	1	1	1
210	7	0	0
211	2	0	2
212	1	0	2
213	2	0	3
214	4	0	1
215	0	1	2
216	7	0	0
217	3	0	3
218	2	0	1
219	2	0	2
220	4	0	0
221	0	1	2
222	7	0	0
223	3	0	3
224	2	0	1
225	3	0	1
226	4	0	0
227	0	1	2
228	7	0	0
229	3	0	4
230	2	0	1
231	3	0	1
232	4	0	0
233	0	1	2
234	6	0	1
235	2	0	5
236	2	1	1
237	2	0	2
238	4	0	0
239	0	1	3
240	6	0	0
241	5	0	2
242	2	0	2
243	3	1	1
244	3	1	1
245	0	2	2
246	5	0	1
247	6	0	1
248	3	0	1
249	4	0	0
250	4	0	0
251	0	1	2
252	4	0	2
253	6	0	0
254	3	0	1
255	4	0	0
256	4	0	0
257	0	1	2
258	4	0	2
259	3	0	3
260	3	3	1
261	4	0	0
262	4	0	0
263	0	1	2
264	2	0	0
265	1	0	5
266	0	1	4
267	3	2	1
268	4	0	0
269	1	2	3
270	2	0	0
271	1	0	5
272	1	0	6
273	2	2	2
274	5	2	0
275	0	1	1
276	2	0	0
277	1	0	4
278	1	0	5
279	2	1	4
280	7	0	0
281	0	1	1
282	2	0	0
283	2	0	0
284	1	0	5
285	4	1	2
286	7	0	0
287	0	1	1
