Position	Correct	FP	FN
0	2	2	0
1	2	1	0
2	4	2	0
3	10	1	0
4	8	0	1
5	1	0	1
6	6	0	0
7	4	2	0
8	6	0	0
9	9	1	1
10	8	0	1
11	1	0	1
12	6	0	0
13	4	1	0
14	6	0	0
15	7	1	0
16	8	0	1
17	1	0	1
18	6	0	0
19	4	1	0
20	6	0	0
21	7	2	0
22	8	0	1
23	1	0	1
24	6	0	0
25	5	1	0
26	6	0	0
27	7	1	0
28	4	0	1
29	2	0	2
30	8	1	0
31	6	2	0
32	9	0	0
33	7	1	0
34	4	0	1
35	1	0	1
36	11	0	0
37	8	0	0
38	7	0	0
39	3	1	3
40	4	0	1
41	1	0	1
42	11	0	0
43	8	1	0
44	7	0	0
45	3	1	0
46	5	1	1
47	1	0	1
48	11	0	0
49	8	0	0
50	7	0	0
51	3	3	0
52	8	0	1
53	1	0	1
54	11	0	0
55	9	1	0
56	7	0	0
57	5	1	0
58	8	0	1
59	1	0	1
60	10	0	0
61	10	0	0
62	5	0	0
63	5	1	0
64	8	1	1
65	1	0	1
66	11	0	0
67	10	0	0
68	3	0	0
69	6	1	0
70	8	0	3
71	1	0	1
72	12	0	0
73	10	0	0
74	3	0	0
75	7	0	0
76	10	0	2
77	1	0	1
78	9	0	1
79	7	0	0
80	3	0	0
81	8	1	0
82	11	0	1
83	1	0	1
84	9	0	0
85	7	0	0
86	3	0	0
87	9	0	0
88	11	0	1
89	1	0	1
90	8	0	0
91	7	0	0
92	3	0	0
93	9	0	1
94	12	0	1
95	1	0	1
96	8	0	0
97	7	0	0
98	3	0	0
99	10	0	0
100	11	0	2
101	1	0	1
102	8	0	1
103	5	0	1
104	3	0	0
105	10	0	0
106	7	0	1
107	3	0	1
108	8	0	0
109	4	0	0
110	7	0	0
111	10	0	0
112	7	0	0
113	1	0	1
114	9	0	0
115	5	0	0
116	7	0	0
117	6	0	1
118	7	0	0
119	1	0	1
120	9	0	0
121	5	0	0
122	7	0	0
123	6	0	0
124	7	0	0
125	1	0	1
126	9	0	0
127	5	0	0
128	7	0	0
129	6	0	0
130	6	1	0
131	2	0	0
132	9	0	0
133	7	0	0
134	7	0	0
135	6	0	0
136	2	0	1
137	4	0	0
138	11	0	0
139	9	0	0
140	7	0	1
141	6	0	0
142	2	0	0
143	1	0	0
144	9	0	0
145	0	1	7
146	0	1	6
147	1	1	3
148	6	0	0
149	1	1	1
150	9	0	0
151	1	2	6
152	0	1	6
153	0	1	4
154	6	0	0
155	1	1	1
156	8	0	0
157	1	2	6
158	0	1	6
159	0	1	4
160	6	1	0
161	0	1	2
162	5	0	0
163	0	1	7
164	0	1	7
165	0	3	6
166	7	0	0
167	1	2	2
168	5	0	0
169	0	1	7
170	0	1	8
171	1	2	7
172	11	0	0
173	0	3	2
174	5	0	0
175	0	1	3
176	0	1	7
177	0	2	8
178	11	0	0
179	0	1	2
180	9	0	0
181	0	1	3
182	0	1	7
183	0	1	8
184	11	0	0
185	0	1	2
186	9	0	0
187	0	1	5
188	0	1	7
189	0	1	9
190	11	0	0
191	0	1	2
192	9	0	0
193	0	1	5
194	0	1	6
195	0	1	10
196	11	1	0
197	0	1	2
198	11	0	0
199	0	1	6
200	0	1	3
201	0	1	10
202	11	1	0
203	0	1	2
204	12	0	0
205	0	1	7
206	0	1	3
207	0	1	10
208	12	0	0
209	0	1	2
210	12	0	0
211	0	1	7
212	0	1	3
213	0	2	9
214	9	0	2
215	0	1	2
216	12	0	0
217	0	1	9
218	0	1	3
219	0	1	7
220	9	1	0
221	0	1	2
222	12	0	0
223	0	1	9
224	0	1	3
225	0	2	7
226	7	1	0
227	0	1	2
228	13	0	0
229	1	2	9
230	0	1	3
231	0	2	7
232	8	1	0
233	0	1	2
234	11	1	0
235	1	2	9
236	0	1	3
237	0	2	7
238	9	0	0
239	0	1	3
240	7	0	0
241	0	1	10
242	0	1	5
243	0	4	4
244	5	0	1
245	0	3	2
246	7	0	0
247	0	1	10
248	0	1	7
249	1	2	4
250	9	0	0
251	0	3	2
252	7	0	0
253	0	1	6
254	0	1	7
255	0	2	5
256	9	0	0
257	0	1	2
258	7	0	0
259	1	2	5
260	0	1	7
261	0	1	5
262	9	0	0
263	0	1	2
264	3	0	0
265	0	1	6
266	0	1	7
267	0	1	6
268	9	0	0
269	0	1	4
270	3	0	0
271	0	1	6
272	0	0	9
273	0	3	7
274	10	0	0
275	1	3	0
276	2	0	0
277	0	1	5
278	0	0	6
279	0	2	9
280	12	0	0
281	1	2	0
282	2	0	0
283	0	0	2
284	0	0	6
285	0	1	9
286	12	0	0
287	1	1	0
