Position	Correct	FP	FN
0	2	2	0
1	2	1	0
2	4	2	0
3	10	1	0
4	9	0	0
5	1	0	1
6	6	0	0
7	4	2	0
8	6	0	0
9	10	1	0
10	9	0	0
11	1	0	1
12	6	0	0
13	4	1	0
14	6	0	0
15	7	1	0
16	9	0	0
17	1	0	1
18	6	0	0
19	4	1	0
20	6	0	0
21	7	1	0
22	9	0	0
23	1	0	1
24	6	0	0
25	5	1	0
26	6	0	0
27	7	1	0
28	5	0	0
29	2	0	2
30	8	1	0
31	6	2	0
32	9	0	0
33	7	1	0
34	5	0	0
35	1	0	1
36	11	0	0
37	8	0	0
38	7	0	0
39	5	0	1
40	5	0	0
41	1	0	1
42	11	0	0
43	8	1	0
44	7	0	0
45	3	1	0
46	6	1	0
47	1	0	1
48	11	0	0
49	8	0	0
50	7	0	0
51	3	1	0
52	9	0	0
53	1	0	1
54	11	0	0
55	9	1	0
56	7	0	0
57	5	0	0
58	9	0	0
59	1	0	1
60	10	0	0
61	10	0	0
62	5	0	0
63	5	0	0
64	9	1	0
65	1	0	1
66	11	0	0
67	10	0	0
68	3	0	0
69	6	0	0
70	11	0	0
71	1	0	1
72	12	0	0
73	10	0	0
74	3	0	0
75	7	0	0
76	12	0	0
77	1	0	1
78	9	0	1
79	7	0	0
80	3	0	0
81	8	1	0
82	12	0	0
83	1	0	1
84	9	0	0
85	7	0	0
86	3	0	0
87	9	0	0
88	12	0	0
89	1	0	1
90	8	0	0
91	7	0	0
92	3	0	0
93	9	0	1
94	13	0	0
95	1	0	1
96	8	0	0
97	7	0	0
98	3	0	0
99	10	0	0
100	13	0	0
101	1	0	1
102	8	0	1
103	5	0	1
104	3	0	0
105	10	0	0
106	8	0	0
107	3	0	1
108	8	0	0
109	4	0	0
110	7	0	0
111	10	0	0
112	7	0	0
113	1	0	1
114	9	0	0
115	5	0	0
116	7	0	0
117	7	0	0
118	7	0	0
119	1	0	1
120	9	0	0
121	5	0	0
122	7	0	0
123	6	0	0
124	7	0	0
125	1	0	1
126	9	0	0
127	5	0	0
128	7	0	0
129	6	0	0
130	6	1	0
131	2	0	0
132	9	0	0
133	7	0	0
134	7	0	0
135	6	0	0
136	3	0	0
137	4	0	0
138	11	0	0
139	9	0	0
140	8	0	0
141	6	0	0
142	2	0	0
143	1	0	0
144	9	0	0
145	7	0	0
146	6	0	0
147	4	0	0
148	6	0	0
149	2	0	0
150	9	0	0
151	7	0	0
152	6	0	0
153	4	0	0
154	6	0	0
155	2	0	0
156	8	0	0
157	7	0	0
158	6	0	0
159	4	1	0
160	6	0	0
161	2	0	0
162	5	0	0
163	7	0	0
164	6	0	1
165	6	0	0
166	7	0	0
167	3	0	0
168	5	0	0
169	7	0	0
170	8	0	0
171	8	0	0
172	11	0	0
173	2	0	0
174	5	0	0
175	3	0	0
176	7	0	0
177	8	0	0
178	11	0	0
179	2	0	0
180	9	0	0
181	3	0	0
182	7	0	0
183	8	0	0
184	11	0	0
185	2	0	0
186	9	0	0
187	5	0	0
188	7	0	0
189	9	0	0
190	11	0	0
191	2	0	0
192	9	0	0
193	5	0	0
194	6	0	0
195	10	0	0
196	11	0	0
197	2	0	0
198	11	0	0
199	6	0	0
200	3	0	0
201	10	0	0
202	11	0	0
203	2	0	0
204	12	0	0
205	7	0	0
206	3	0	0
207	10	0	0
208	12	0	0
209	2	0	0
210	12	0	0
211	7	0	0
212	3	0	0
213	9	0	0
214	11	0	0
215	2	0	0
216	12	0	0
217	9	0	0
218	3	0	0
219	7	0	0
220	9	0	0
221	2	0	0
222	12	0	0
223	9	0	0
224	3	0	0
225	7	0	0
226	7	1	0
227	2	0	0
228	13	0	0
229	10	0	0
230	3	0	0
231	7	0	0
232	8	0	0
233	2	0	0
234	11	1	0
235	10	0	0
236	3	0	0
237	7	0	0
238	9	0	0
239	3	0	0
240	7	0	0
241	10	0	0
242	5	0	0
243	4	0	0
244	6	0	0
245	2	0	0
246	7	0	0
247	10	0	0
248	7	0	0
249	5	0	0
250	9	0	0
251	2	0	0
252	7	0	0
253	6	0	0
254	7	0	0
255	5	0	0
256	9	0	0
257	2	0	0
258	7	0	0
259	6	0	0
260	7	0	0
261	5	0	0
262	9	0	0
263	2	0	0
264	3	0	0
265	6	0	0
266	7	0	0
267	6	0	0
268	9	0	0
269	4	0	0
270	3	0	0
271	6	0	0
272	9	0	0
273	7	0	0
274	10	0	0
275	1	0	0
276	2	0	0
277	5	0	0
278	6	0	0
279	9	0	0
280	12	0	0
281	1	0	0
282	2	0	0
283	2	0	0
284	6	0	0
285	9	0	0
286	12	0	0
287	1	0	0
