Position	Correct	FP	FN
0	2	0	0
1	2	1	0
2	2	1	2
3	9	2	1
4	9	1	0
5	0	0	2
6	4	0	2
7	3	1	1
8	6	1	0
9	10	1	0
10	9	0	0
11	0	0	2
12	6	0	0
13	4	0	0
14	6	0	0
15	7	1	0
16	9	0	0
17	1	0	1
18	6	0	0
19	4	0	0
20	6	0	0
21	7	0	0
22	9	0	0
23	1	0	1
24	6	1	0
25	5	0	0
26	6	0	0
27	7	0	0
28	5	2	0
29	3	1	1
30	7	0	1
31	6	0	0
32	6	0	3
33	7	0	0
34	5	0	0
35	2	2	0
36	9	0	2
37	7	0	1
38	7	0	0
39	6	1	0
40	5	0	0
41	2	1	0
42	11	0	0
43	8	0	0
44	7	0	0
45	3	0	0
46	5	0	1
47	1	0	1
48	11	0	0
49	8	0	0
50	7	0	0
51	3	0	0
52	9	0	0
53	1	0	1
54	11	0	0
55	9	0	0
56	7	0	0
57	5	0	0
58	9	0	0
59	2	0	0
60	10	1	0
61	10	0	0
62	5	1	0
63	5	0	0
64	9	0	0
65	2	0	0
66	11	0	0
67	10	0	0
68	3	0	0
69	6	0	0
70	11	0	0
71	1	0	1
72	12	0	0
73	10	0	0
74	3	0	0
75	7	0	0
76	10	1	2
77	2	0	0
78	10	0	0
79	7	1	0
80	3	0	0
81	7	0	1
82	12	0	0
83	2	0	0
84	9	0	0
85	7	0	0
86	3	0	0
87	9	0	0
88	12	0	0
89	2	0	0
90	8	0	0
91	7	0	0
92	3	0	0
93	10	0	0
94	13	0	0
95	2	1	0
96	8	1	0
97	7	0	0
98	3	0	0
99	10	0	0
100	12	0	1
101	2	1	0
102	9	0	0
103	6	1	0
104	3	0	0
105	10	0	0
106	8	3	0
107	4	1	0
108	5	2	3
109	3	3	1
110	3	0	4
111	10	0	0
112	7	1	0
113	2	3	0
114	9	0	0
115	5	0	0
116	7	0	0
117	7	3	0
118	7	0	0
119	2	1	0
120	9	0	0
121	5	0	0
122	7	0	0
123	6	0	0
124	7	0	0
125	2	1	0
126	9	0	0
127	5	0	0
128	7	0	0
129	6	0	0
130	6	0	0
131	2	1	0
132	9	0	0
133	6	0	1
134	7	0	0
135	6	0	0
136	3	2	0
137	4	1	0
138	9	0	2
139	7	0	2
140	5	2	3
141	6	0	0
142	2	1	0
143	1	2	0
144	6	0	3
145	7	4	0
146	6	2	0
147	4	3	0
148	6	0	0
149	0	0	2
150	5	0	4
151	7	4	0
152	6	1	0
153	4	3	0
154	6	0	0
155	0	0	2
156	5	0	3
157	7	1	0
158	6	2	0
159	4	3	0
160	6	0	0
161	0	1	2
162	5	0	0
163	7	1	0
164	6	3	1
165	6	2	0
166	7	3	0
167	1	0	2
168	5	0	0
169	4	0	3
170	7	0	1
171	8	0	0
172	11	0	0
173	2	0	0
174	5	2	0
175	3	0	0
176	7	0	0
177	8	0	0
178	11	0	0
179	2	0	0
180	9	0	0
181	3	1	0
182	7	0	0
183	8	1	0
184	11	0	0
185	2	1	0
186	9	0	0
187	5	0	0
188	6	0	1
189	9	1	0
190	11	1	0
191	2	0	0
192	9	1	0
193	5	1	0
194	5	0	1
195	10	1	0
196	10	0	1
197	1	0	1
198	11	0	0
199	6	0	0
200	3	0	0
201	10	0	0
202	11	0	0
203	2	0	0
204	10	2	2
205	7	0	0
206	3	0	0
207	9	0	1
208	11	0	1
209	2	0	0
210	12	0	0
211	7	2	0
212	3	0	0
213	7	0	2
214	9	0	2
215	2	0	0
216	12	0	0
217	9	0	0
218	3	0	0
219	7	0	0
220	8	1	1
221	2	1	0
222	12	1	0
223	9	1	0
224	3	0	0
225	7	0	0
226	7	1	0
227	2	1	0
228	12	0	1
229	10	0	0
230	3	0	0
231	7	0	0
232	8	1	0
233	2	1	0
234	8	1	3
235	10	0	0
236	3	0	0
237	7	0	0
238	8	0	1
239	3	3	0
240	7	0	0
241	10	0	0
242	5	2	0
243	3	2	1
244	5	3	1
245	2	1	0
246	6	0	1
247	6	0	4
248	7	0	0
249	5	0	0
250	9	0	0
251	2	1	0
252	5	0	2
253	6	0	0
254	7	0	0
255	5	0	0
256	9	0	0
257	2	1	0
258	5	0	2
259	6	0	0
260	6	0	1
261	5	2	0
262	9	0	0
263	2	4	0
264	3	0	0
265	6	0	0
266	4	3	3
267	6	1	0
268	9	1	0
269	1	1	3
270	2	0	1
271	3	0	3
272	6	0	3
273	7	2	0
274	10	2	0
275	1	1	0
276	2	0	0
277	2	0	3
278	6	0	0
279	9	0	0
280	12	0	0
281	1	1	0
282	2	0	0
283	2	0	0
284	6	0	0
285	9	1	0
286	12	0	0
287	1	1	0
