Position	Correct	FP	FN
0	2	2	0
1	2	0	0
2	4	2	0
3	7	0	0
4	4	0	0
5	1	0	1
6	6	0	0
7	4	1	0
8	6	0	0
9	6	0	1
10	4	0	0
11	1	0	1
12	6	0	0
13	4	1	0
14	6	0	0
15	4	0	0
16	4	0	0
17	1	0	1
18	6	0	0
19	4	1	0
20	6	0	0
21	4	0	0
22	4	0	0
23	1	0	1
24	6	0	0
25	5	0	0
26	6	0	0
27	4	0	0
28	3	0	0
29	2	0	1
30	7	0	0
31	6	1	0
32	6	0	0
33	4	0	0
34	3	0	0
35	1	0	1
36	7	0	0
37	7	0	0
38	4	0	0
39	3	0	1
40	3	0	0
41	1	0	1
42	7	0	0
43	7	0	0
44	4	0	0
45	3	0	0
46	4	0	0
47	1	0	1
48	7	0	0
49	7	0	0
50	4	0	0
51	3	1	0
52	4	0	0
53	1	0	1
54	7	0	0
55	7	0	0
56	4	0	0
57	4	0	0
58	4	0	0
59	1	0	1
60	7	0	0
61	7	0	0
62	4	0	0
63	4	0	0
64	4	0	0
65	1	0	1
66	7	0	0
67	7	0	0
68	3	0	0
69	4	0	0
70	4	0	0
71	1	0	1
72	7	0	0
73	7	0	0
74	3	0	0
75	4	0	0
76	5	0	0
77	1	0	1
78	4	0	1
79	4	0	0
80	3	0	0
81	4	1	0
82	6	0	0
83	1	0	1
84	4	0	0
85	4	0	0
86	3	0	0
87	5	0	0
88	6	0	0
89	1	0	1
90	4	0	0
91	4	0	0
92	3	0	0
93	5	0	1
94	6	0	0
95	1	0	1
96	4	0	0
97	4	0	0
98	3	0	0
99	6	0	0
100	6	0	0
101	1	0	1
102	4	0	0
103	4	0	0
104	3	0	0
105	6	0	0
106	6	0	0
107	2	0	1
108	4	0	0
109	4	0	0
110	4	0	0
111	6	0	0
112	6	0	0
113	1	0	1
114	4	0	0
115	4	0	0
116	4	0	0
117	6	0	0
118	6	0	0
119	1	0	1
120	4	0	0
121	4	0	0
122	4	0	0
123	6	0	0
124	6	0	0
125	1	0	1
126	4	0	0
127	4	0	0
128	4	0	0
129	6	0	0
130	5	1	0
131	2	0	0
132	4	0	0
133	4	0	0
134	4	0	0
135	6	0	0
136	2	0	0
137	4	0	0
138	5	0	0
139	5	0	0
140	6	0	0
141	6	0	0
142	2	0	0
143	1	0	0
144	4	0	0
145	1	0	3
146	1	0	5
147	1	1	3
148	6	0	0
149	1	1	1
150	4	0	0
151	2	0	2
152	1	0	5
153	0	1	4
154	6	0	0
155	1	1	1
156	4	0	0
157	2	0	2
158	1	0	5
159	0	1	4
160	6	0	0
161	0	1	2
162	3	0	0
163	1	0	3
164	1	0	5
165	2	0	4
166	6	0	0
167	1	1	2
168	3	0	0
169	1	0	3
170	1	0	3
171	2	0	4
172	6	0	0
173	0	2	2
174	3	0	0
175	1	0	2
176	1	0	3
177	1	0	5
178	6	0	0
179	0	1	2
180	4	0	0
181	1	0	2
182	1	0	3
183	1	0	5
184	6	0	0
185	0	1	2
186	4	0	0
187	1	0	3
188	1	0	3
189	1	0	5
190	6	0	0
191	0	1	2
192	4	0	0
193	1	0	3
194	1	0	3
195	1	0	5
196	6	0	0
197	0	1	2
198	4	0	0
199	1	0	3
200	1	0	2
201	1	0	5
202	6	0	0
203	0	1	2
204	5	0	0
205	1	0	3
206	1	0	2
207	1	0	5
208	6	0	0
209	0	1	2
210	7	0	0
211	1	0	3
212	1	0	2
213	2	0	3
214	4	0	1
215	0	1	2
216	7	0	0
217	1	0	5
218	1	0	2
219	1	0	3
220	4	0	0
221	0	1	2
222	7	0	0
223	1	0	5
224	1	0	2
225	2	0	2
226	4	0	0
227	0	1	2
228	7	0	0
229	2	0	5
230	1	0	2
231	2	0	2
232	4	0	0
233	0	1	2
234	7	0	0
235	2	0	5
236	1	0	2
237	2	0	2
238	4	0	0
239	0	1	3
240	6	0	0
241	1	0	6
242	1	0	3
243	2	1	2
244	3	0	1
245	0	2	2
246	6	0	0
247	1	0	6
248	1	0	3
249	2	0	2
250	4	0	0
251	0	2	2
252	6	0	0
253	1	0	5
254	1	0	3
255	1	0	3
256	4	0	0
257	0	1	2
258	6	0	0
259	3	0	3
260	1	0	3
261	1	0	3
262	4	0	0
263	0	1	2
264	2	0	0
265	1	0	5
266	1	0	3
267	1	0	3
268	4	0	0
269	0	1	4
270	2	0	0
271	1	0	5
272	0	0	7
273	1	2	3
274	5	0	0
275	1	3	0
276	2	0	0
277	1	0	4
278	0	0	6
279	1	1	5
280	7	0	0
281	1	2	0
282	2	0	0
283	0	0	2
284	0	0	6
285	0	1	6
286	7	0	0
287	1	1	0
