Observation	Correct	FP	FN
0	10	1	0
1	10	1	0
2	10	1	0
3	10	2	0
4	10	2	0
5	10	1	0
6	10	1	0
7	10	1	0
8	10	1	0
9	10	1	0
10	10	1	0
11	10	2	0
12	10	1	0
13	10	1	0
14	10	2	0
15	10	1	0
16	10	1	0
17	10	1	0
18	10	1	0
19	10	1	0
20	10	1	0
21	10	1	0
22	10	2	0
23	10	1	0
24	10	1	0
25	10	0	0
26	10	1	0
27	10	2	0
28	10	1	0
29	10	2	0
30	10	2	0
31	10	0	0
32	10	2	0
33	10	2	0
34	10	1	0
35	10	2	0
36	10	1	0
37	10	2	0
38	10	0	0
39	10	1	0
40	10	1	0
41	10	1	0
42	10	2	0
43	10	0	0
44	10	1	0
45	10	2	0
46	10	0	0
47	10	0	0
48	10	1	0
49	10	2	0
50	10	2	0
51	10	0	0
52	10	2	0
53	10	0	0
54	10	2	0
55	10	2	0
56	10	1	0
57	10	0	0
58	10	2	0
59	10	1	0
60	10	1	0
61	10	2	0
62	10	0	0
63	10	2	0
64	10	1	0
65	10	1	0
66	10	2	0
67	9	0	1
68	10	0	0
69	10	1	0
70	10	0	0
71	10	0	0
72	9	0	1
73	9	0	1
74	10	2	0
75	10	1	0
76	10	2	0
77	9	0	1
78	9	0	1
79	9	0	1
80	10	1	0
81	9	0	1
82	10	0	0
83	10	2	0
84	9	0	1
85	10	1	0
86	10	2	0
87	9	0	1
88	10	0	0
89	10	0	0
90	10	2	0
91	9	0	1
92	10	2	0
93	9	0	1
94	10	0	0
95	9	0	1
96	10	2	0
97	9	0	1
98	9	0	1
99	9	0	1
