Observation	Correct	FP	FN
0	2	0	0
1	2	0	0
2	2	0	0
3	2	0	0
4	2	0	0
5	2	0	0
6	2	0	0
7	2	0	0
8	2	0	0
9	2	0	0
10	2	0	0
11	2	0	0
12	2	0	0
13	2	0	0
14	2	0	0
15	2	0	0
16	2	1	0
17	2	0	0
18	2	0	0
19	2	0	0
20	2	1	0
21	2	0	0
22	2	0	0
23	2	0	0
24	2	0	0
25	1	0	1
26	2	0	0
27	2	1	0
28	1	0	1
29	2	0	0
30	2	0	0
31	2	0	0
32	2	0	0
33	1	0	1
34	2	0	0
35	2	1	0
36	2	1	0
37	2	0	0
38	2	0	0
39	2	0	0
40	1	0	1
41	2	0	0
42	2	1	0
43	2	1	0
44	2	1	0
45	2	1	0
46	1	0	1
47	1	0	1
48	2	0	0
49	2	0	0
50	2	1	0
51	1	0	1
52	1	0	1
53	1	0	1
54	1	0	1
55	1	0	1
56	2	1	0
57	1	0	1
58	2	1	0
59	1	0	1
60	1	0	1
61	2	0	0
62	2	2	0
63	0	0	2
64	2	0	0
65	1	0	1
66	2	2	0
67	2	1	0
68	2	0	0
69	2	1	0
70	2	1	0
71	2	2	0
72	2	1	0
73	2	1	0
74	0	0	2
75	2	2	0
76	2	2	0
77	2	0	0
78	1	0	1
79	2	2	0
80	2	1	0
81	2	1	0
82	2	0	0
83	2	3	0
84	2	3	0
85	1	0	1
86	2	1	0
87	2	1	0
88	2	1	0
89	0	0	2
90	2	0	0
91	2	1	0
92	0	0	2
93	2	1	0
94	2	3	0
95	2	1	0
96	2	0	0
97	2	2	0
98	2	1	0
99	0	0	2
