Observation	Correct	FP	FN
0	2	0	0
1	2	0	0
2	2	0	0
3	2	0	0
4	2	0	0
5	2	0	0
6	2	0	0
7	2	0	0
8	2	0	0
9	2	0	0
10	2	0	0
11	2	0	0
12	2	0	0
13	2	0	0
14	2	0	0
15	2	0	0
16	2	0	0
17	2	0	0
18	2	0	0
19	2	1	0
20	2	2	0
21	2	0	0
22	2	1	0
23	2	0	0
24	2	0	0
25	2	1	0
26	2	0	0
27	2	0	0
28	2	2	0
29	2	0	0
30	2	2	0
31	2	0	0
32	2	0	0
33	2	0	0
34	2	1	0
35	1	0	1
36	2	2	0
37	2	1	0
38	2	0	0
39	2	1	0
40	2	0	0
41	1	0	1
42	2	0	0
43	2	0	0
44	2	1	0
45	2	0	0
46	2	1	0
47	2	0	0
48	1	0	1
49	2	2	0
50	1	0	1
51	2	0	0
52	2	0	0
53	2	3	0
54	2	3	0
55	2	1	0
56	2	1	0
57	1	0	1
58	1	0	1
59	2	0	0
60	2	1	0
61	0	0	2
62	0	0	2
63	2	3	0
64	2	1	0
65	0	0	2
66	0	0	2
67	0	0	2
68	2	2	0
69	2	4	0
70	0	0	2
71	2	3	0
72	2	1	0
73	2	2	0
74	0	0	2
75	2	2	0
76	2	0	0
77	2	4	0
78	2	1	0
79	2	3	0
80	2	0	0
81	0	0	2
82	2	1	0
83	2	4	0
84	2	4	0
85	2	2	0
86	2	1	0
87	2	2	0
88	2	3	0
89	2	0	0
90	2	0	0
91	1	0	1
92	0	0	2
93	2	4	0
94	2	4	0
95	0	0	2
96	2	4	0
97	2	4	0
98	0	0	2
99	2	3	0
