Observation	Correct	FP	FN
0	2	0	0
1	2	0	0
2	2	0	0
3	2	0	0
4	2	0	0
5	2	0	0
6	2	0	0
7	2	0	0
8	2	0	0
9	2	0	0
10	2	0	0
11	2	0	0
12	2	0	0
13	2	0	0
14	2	0	0
15	2	0	0
16	2	0	0
17	2	0	0
18	2	0	0
19	2	0	0
20	2	0	0
21	2	0	0
22	2	1	0
23	2	0	0
24	2	0	0
25	2	0	0
26	2	0	0
27	2	1	0
28	1	0	1
29	1	0	1
30	2	0	0
31	1	0	1
32	1	0	1
33	2	1	0
34	2	0	0
35	2	0	0
36	2	1	0
37	2	0	0
38	2	0	0
39	1	0	1
40	1	0	1
41	1	0	1
42	1	0	1
43	2	1	0
44	1	0	1
45	2	0	0
46	2	0	0
47	2	1	0
48	2	1	0
49	1	0	1
50	2	1	0
51	1	0	1
52	2	1	0
53	1	0	1
54	0	0	2
55	1	0	1
56	2	0	0
57	2	0	0
58	2	0	0
59	2	1	0
60	2	1	0
61	0	0	2
62	1	0	1
63	1	0	1
64	1	0	1
65	1	0	1
66	1	0	1
67	2	1	0
68	2	0	0
69	0	0	2
70	2	1	0
71	2	1	0
72	2	1	0
73	0	0	2
74	2	0	0
75	1	0	1
76	2	1	0
77	2	1	0
78	1	0	1
79	1	0	1
80	1	0	1
81	2	0	0
82	2	0	0
83	0	0	2
84	2	1	0
85	0	0	2
86	2	1	0
87	0	0	2
88	2	1	0
89	2	0	0
90	0	0	2
91	0	0	2
92	0	0	2
93	2	1	0
94	1	0	1
95	0	0	2
96	0	0	2
97	2	0	0
98	2	1	0
99	0	0	2
