Observation	Correct	FP	FN
0	5	4	0
1	5	5	0
2	5	4	0
3	5	4	0
4	5	4	0
5	5	5	0
6	5	5	0
7	5	5	0
8	5	5	0
9	5	4	0
10	5	5	0
11	5	5	0
12	5	5	0
13	5	4	0
14	5	4	0
15	5	4	0
16	5	5	0
17	5	5	0
18	5	5	0
19	5	4	0
20	5	4	0
21	5	6	0
22	5	4	0
23	5	5	0
24	5	6	0
25	5	4	0
26	5	6	0
27	5	6	0
28	5	6	0
29	5	5	0
30	5	6	0
31	5	4	0
32	5	4	0
33	5	6	0
34	5	5	0
35	5	3	0
36	5	3	0
37	5	5	0
38	5	6	0
39	5	6	0
40	5	3	0
41	5	4	0
42	5	6	0
43	5	3	0
44	5	6	0
45	5	4	0
46	5	4	0
47	5	4	0
48	5	6	0
49	5	3	0
50	5	3	0
51	5	3	0
52	5	5	0
53	5	4	0
54	5	5	0
55	5	6	0
56	5	6	0
57	5	5	0
58	5	5	0
59	5	4	0
60	5	5	0
61	5	4	0
62	5	5	0
63	5	5	0
64	5	3	0
65	5	3	0
66	5	3	0
67	5	5	0
68	5	4	0
69	5	5	0
70	5	6	0
71	5	5	0
72	5	5	0
73	5	5	0
74	5	3	0
75	5	4	0
76	5	5	0
77	5	5	0
78	5	3	0
79	5	6	0
80	5	2	0
81	5	6	0
82	5	3	0
83	5	5	0
84	5	6	0
85	5	5	0
86	5	6	0
87	5	5	0
88	5	4	0
89	5	5	0
90	5	4	0
91	5	5	0
92	5	6	0
93	5	6	0
94	5	6	0
95	5	4	0
96	5	2	0
97	5	4	0
98	5	4	0
99	5	5	0
