Observation	Correct	FP	FN
0	12	0	0
1	12	0	0
2	11	0	1
3	12	0	0
4	12	0	0
5	12	0	0
6	11	0	1
7	11	0	1
8	11	0	1
9	11	0	1
10	11	0	1
11	12	0	0
12	11	0	1
13	12	0	0
14	12	0	0
15	11	0	1
16	12	1	0
17	11	0	1
18	12	0	0
19	11	0	1
20	11	0	1
21	12	1	0
22	11	0	1
23	11	0	1
24	11	0	1
25	11	0	1
26	11	0	1
27	12	0	0
28	12	1	0
29	11	0	1
30	12	0	0
31	12	0	0
32	12	1	0
33	11	0	1
34	11	0	1
35	12	1	0
36	11	0	1
37	11	0	1
38	12	1	0
39	12	1	0
40	12	0	0
41	12	0	0
42	12	0	0
43	11	0	1
44	11	0	1
45	12	1	0
46	11	0	1
47	11	0	1
48	11	0	1
49	11	0	1
50	12	0	0
51	11	0	1
52	12	1	0
53	11	0	1
54	11	0	1
55	12	1	0
56	11	0	1
57	11	0	1
58	11	0	1
59	12	1	0
60	12	1	0
61	12	1	0
62	12	0	0
63	11	0	1
64	11	0	1
65	11	0	1
66	12	1	0
67	12	1	0
68	12	0	0
69	11	0	1
70	12	1	0
71	11	0	1
72	12	1	0
73	12	0	0
74	12	0	0
75	11	0	1
76	11	0	1
77	11	0	1
78	12	1	0
79	12	1	0
80	11	0	1
81	12	1	0
82	12	1	0
83	11	0	1
84	11	0	1
85	11	0	1
86	11	0	1
87	12	1	0
88	12	1	0
89	11	0	1
90	11	0	1
91	12	0	0
92	11	0	1
93	12	2	0
94	12	2	0
95	11	0	1
96	12	2	0
97	12	1	0
98	12	2	0
99	12	2	0
