Observation	Correct	FP	FN
0	2	0	0
1	2	0	0
2	2	0	0
3	2	0	0
4	2	0	0
5	2	0	0
6	2	0	0
7	2	0	0
8	2	0	0
9	2	0	0
10	2	0	0
11	2	0	0
12	2	0	0
13	2	1	0
14	2	1	0
15	2	0	0
16	2	1	0
17	2	0	0
18	2	0	0
19	2	0	0
20	2	1	0
21	2	1	0
22	2	1	0
23	2	0	0
24	2	1	0
25	2	0	0
26	2	1	0
27	2	0	0
28	2	0	0
29	2	0	0
30	1	0	1
31	2	1	0
32	2	0	0
33	2	1	0
34	2	1	0
35	2	0	0
36	2	0	0
37	1	0	1
38	2	1	0
39	2	0	0
40	2	0	0
41	2	0	0
42	1	0	1
43	1	0	1
44	2	0	0
45	2	1	0
46	2	2	0
47	2	0	0
48	2	0	0
49	2	1	0
50	2	1	0
51	1	0	1
52	2	0	0
53	2	1	0
54	2	0	0
55	2	0	0
56	2	1	0
57	2	1	0
58	2	0	0
59	2	2	0
60	2	1	0
61	2	1	0
62	1	0	1
63	2	3	0
64	1	0	1
65	1	0	1
66	1	0	1
67	2	0	0
68	2	1	0
69	1	0	1
70	2	0	0
71	1	0	1
72	1	0	1
73	2	3	0
74	1	0	1
75	2	2	0
76	2	3	0
77	2	1	0
78	2	3	0
79	0	0	2
80	1	0	1
81	2	0	0
82	0	0	2
83	1	0	1
84	2	0	0
85	2	3	0
86	2	0	0
87	0	0	2
88	0	0	2
89	1	0	1
90	0	0	2
91	2	4	0
92	1	0	1
93	0	0	2
94	2	1	0
95	1	0	1
96	0	0	2
97	0	0	2
98	0	0	2
99	1	0	1
