Observation	Correct	FP	FN
0	8	4	0
1	8	4	0
2	8	4	0
3	8	4	0
4	8	4	0
5	8	4	0
6	8	3	0
7	8	4	0
8	8	4	0
9	8	4	0
10	8	3	0
11	8	4	0
12	8	4	0
13	8	4	0
14	8	4	0
15	8	4	0
16	8	4	0
17	8	4	0
18	8	3	0
19	8	2	0
20	8	4	0
21	8	4	0
22	8	2	0
23	8	3	0
24	8	4	0
25	8	3	0
26	8	4	0
27	8	4	0
28	8	4	0
29	8	2	0
30	8	2	0
31	8	4	0
32	8	4	0
33	8	3	0
34	8	4	0
35	8	2	0
36	8	4	0
37	8	4	0
38	8	4	0
39	8	4	0
40	8	2	0
41	8	4	0
42	8	2	0
43	8	5	0
44	8	4	0
45	8	4	0
46	8	4	0
47	8	2	0
48	8	2	0
49	8	2	0
50	8	3	0
51	8	4	0
52	8	2	0
53	8	2	0
54	8	2	0
55	8	5	0
56	8	3	0
57	8	3	0
58	8	4	0
59	8	2	0
60	8	4	0
61	8	4	0
62	8	4	0
63	8	3	0
64	8	2	0
65	8	4	0
66	8	4	0
67	8	2	0
68	8	4	0
69	8	4	0
70	8	2	0
71	8	4	0
72	8	4	0
73	8	5	0
74	7	2	1
75	8	2	0
76	8	5	0
77	8	4	0
78	8	2	0
79	7	2	1
80	8	5	0
81	8	5	0
82	8	4	0
83	8	4	0
84	8	3	0
85	8	4	0
86	7	2	1
87	8	1	0
88	8	3	0
89	7	2	1
90	8	5	0
91	7	3	1
92	8	1	0
93	8	2	0
94	8	5	0
95	8	4	0
96	8	5	0
97	8	5	0
98	8	5	0
99	6	2	2
