Observation	Correct	FP	FN
0	11	1	0
1	11	1	0
2	11	1	0
3	11	2	0
4	11	1	0
5	11	1	0
6	11	2	0
7	11	1	0
8	11	2	0
9	11	1	0
10	11	2	0
11	11	2	0
12	11	1	0
13	11	1	0
14	11	4	0
15	11	1	0
16	11	3	0
17	11	3	0
18	11	1	0
19	11	3	0
20	11	2	0
21	11	1	0
22	11	1	0
23	11	1	0
24	11	1	0
25	11	2	0
26	11	3	0
27	11	1	0
28	11	3	0
29	11	1	0
30	11	2	0
31	11	1	0
32	11	2	0
33	11	1	0
34	11	2	0
35	11	2	0
36	11	2	0
37	11	4	0
38	11	1	0
39	11	2	0
40	11	1	0
41	11	1	0
42	11	3	0
43	11	2	0
44	11	1	0
45	11	3	0
46	10	1	1
47	11	4	0
48	11	3	0
49	11	2	0
50	11	3	0
51	9	1	2
52	11	2	0
53	9	1	2
54	9	1	2
55	10	1	1
56	11	2	0
57	11	4	0
58	11	1	0
59	9	1	2
60	11	4	0
61	11	2	0
62	11	2	0
63	10	1	1
64	11	4	0
65	10	1	1
66	11	3	0
67	11	4	0
68	11	2	0
69	11	1	0
70	11	2	0
71	11	3	0
72	11	2	0
73	9	1	2
74	9	1	2
75	11	3	0
76	11	3	0
77	11	3	0
78	11	2	0
79	11	3	0
80	11	3	0
81	8	1	3
82	11	3	0
83	9	1	2
84	9	1	2
85	8	1	3
86	11	3	0
87	10	1	1
88	11	3	0
89	9	1	2
90	8	1	3
91	8	1	3
92	8	1	3
93	11	3	0
94	11	2	0
95	10	1	1
96	8	1	3
97	8	1	3
98	11	4	0
99	11	4	0
