Observation	Correct	FP	FN
0	4	8	0
1	4	8	0
2	4	8	0
3	4	8	0
4	4	8	0
5	4	7	0
6	4	7	0
7	4	7	0
8	4	8	0
9	4	8	0
10	4	8	0
11	4	8	0
12	4	8	0
13	4	8	0
14	4	7	0
15	4	8	0
16	4	8	0
17	4	8	0
18	4	7	0
19	4	7	0
20	4	6	0
21	4	8	0
22	4	8	0
23	4	7	0
24	4	8	0
25	4	8	0
26	4	7	0
27	4	8	0
28	4	8	0
29	4	7	0
30	4	8	0
31	4	6	0
32	4	6	0
33	4	7	0
34	4	8	0
35	4	8	0
36	4	9	0
37	4	8	0
38	4	7	0
39	4	7	0
40	4	9	0
41	4	6	0
42	4	8	0
43	4	6	0
44	4	9	0
45	4	6	0
46	4	7	0
47	4	7	0
48	4	9	0
49	4	6	0
50	4	8	0
51	4	8	0
52	4	7	0
53	4	8	0
54	4	9	0
55	4	8	0
56	4	9	0
57	4	9	0
58	4	6	0
59	4	8	0
60	3	6	1
61	4	7	0
62	4	8	0
63	4	6	0
64	4	9	0
65	3	6	1
66	4	6	0
67	3	6	1
68	3	6	1
69	4	6	0
70	3	6	1
71	4	7	0
72	4	6	0
73	4	7	0
74	4	5	0
75	3	6	1
76	3	6	1
77	4	7	0
78	4	9	0
79	3	6	1
80	3	6	1
81	3	6	1
82	4	6	0
83	4	5	0
84	4	7	0
85	3	6	1
86	4	6	0
87	3	7	1
88	3	7	1
89	4	5	0
90	4	6	0
91	4	6	0
92	4	5	0
93	4	7	0
94	4	7	0
95	3	6	1
96	3	7	1
97	4	7	0
98	4	7	0
99	3	6	1
