Observation	Correct	FP	FN
0	10	2	0
1	10	2	0
2	10	2	0
3	10	2	0
4	10	2	0
5	9	2	1
6	10	2	0
7	9	2	1
8	9	2	1
9	9	2	1
10	10	2	0
11	9	2	1
12	9	2	1
13	9	2	1
14	9	2	1
15	10	2	0
16	9	2	1
17	10	2	0
18	10	3	0
19	10	2	0
20	10	2	0
21	10	3	0
22	9	2	1
23	9	2	1
24	10	3	0
25	9	2	1
26	9	2	1
27	9	2	1
28	10	2	0
29	10	3	0
30	9	2	1
31	10	3	0
32	9	2	1
33	10	3	0
34	10	2	0
35	9	2	1
36	9	2	1
37	9	2	1
38	9	2	1
39	10	3	0
40	9	2	1
41	10	2	0
42	9	2	1
43	9	2	1
44	10	3	0
45	9	2	1
46	9	2	1
47	10	3	0
48	10	3	0
49	10	3	0
50	10	3	0
51	9	2	1
52	10	3	0
53	9	2	1
54	10	3	0
55	9	2	1
56	10	2	0
57	10	3	0
58	9	2	1
59	10	2	0
60	10	3	0
61	9	2	1
62	9	2	1
63	10	2	0
64	9	2	1
65	10	3	0
66	10	3	0
67	9	2	1
68	10	3	0
69	9	2	1
70	10	3	0
71	10	3	0
72	10	3	0
73	10	3	0
74	10	3	0
75	10	3	0
76	9	2	1
77	10	2	0
78	9	2	1
79	9	2	1
80	9	2	1
81	10	3	0
82	9	2	1
83	10	3	0
84	10	3	0
85	9	2	1
86	10	3	0
87	9	2	1
88	10	2	0
89	10	3	0
90	10	3	0
91	10	3	0
92	9	2	1
93	9	2	1
94	9	2	1
95	10	2	0
96	9	2	1
97	10	4	0
98	9	2	1
99	9	2	1
