Observation	Correct	FP	FN
0	3	6	0
1	3	7	0
2	3	7	0
3	3	7	0
4	3	7	0
5	3	7	0
6	3	6	0
7	3	8	0
8	3	7	0
9	3	6	0
10	3	6	0
11	3	7	0
12	3	6	0
13	3	6	0
14	3	7	0
15	3	8	0
16	3	8	0
17	3	6	0
18	3	6	0
19	3	6	0
20	3	6	0
21	3	8	0
22	3	6	0
23	3	8	0
24	3	6	0
25	3	8	0
26	3	6	0
27	3	7	0
28	3	7	0
29	3	6	0
30	3	6	0
31	3	6	0
32	3	6	0
33	3	7	0
34	3	7	0
35	3	7	0
36	3	7	0
37	3	6	0
38	3	8	0
39	3	7	0
40	3	6	0
41	3	6	0
42	3	6	0
43	3	6	0
44	3	6	0
45	3	7	0
46	3	6	0
47	3	6	0
48	3	6	0
49	3	6	0
50	3	6	0
51	3	6	0
52	3	6	0
53	3	8	0
54	3	7	0
55	3	6	0
56	3	8	0
57	3	7	0
58	3	6	0
59	3	7	0
60	3	6	0
61	3	7	0
62	3	6	0
63	3	7	0
64	3	7	0
65	3	6	0
66	3	6	0
67	3	6	0
68	3	6	0
69	3	6	0
70	3	7	0
71	3	6	0
72	3	6	0
73	3	7	0
74	3	7	0
75	3	8	0
76	3	6	0
77	3	7	0
78	3	7	0
79	3	7	0
80	3	6	0
81	3	6	0
82	3	6	0
83	3	7	0
84	3	7	0
85	3	7	0
86	3	6	0
87	3	6	0
88	3	7	0
89	3	8	0
90	3	7	0
91	3	6	0
92	3	7	0
93	3	6	0
94	3	7	0
95	3	6	0
96	3	7	0
97	3	6	0
98	3	7	0
99	3	7	0
