Observation	Correct	FP	FN
0	2	0	0
1	2	0	0
2	2	0	0
3	2	0	0
4	2	0	0
5	2	0	0
6	2	0	0
7	2	0	0
8	2	0	0
9	2	0	0
10	2	0	0
11	2	0	0
12	2	0	0
13	2	0	0
14	2	0	0
15	2	0	0
16	2	0	0
17	2	0	0
18	2	0	0
19	2	1	0
20	2	1	0
21	2	1	0
22	2	0	0
23	2	0	0
24	2	0	0
25	2	1	0
26	2	1	0
27	2	0	0
28	2	0	0
29	2	1	0
30	2	0	0
31	2	1	0
32	1	0	1
33	2	0	0
34	2	0	0
35	2	1	0
36	2	0	0
37	1	0	1
38	2	0	0
39	2	0	0
40	2	0	0
41	2	0	0
42	2	1	0
43	2	1	0
44	2	1	0
45	1	0	1
46	2	0	0
47	2	0	0
48	2	0	0
49	2	0	0
50	1	0	1
51	1	0	1
52	2	1	0
53	1	0	1
54	2	0	0
55	2	1	0
56	2	1	0
57	2	0	0
58	2	1	0
59	2	0	0
60	2	0	0
61	0	0	2
62	1	0	1
63	2	1	0
64	1	0	1
65	0	0	2
66	2	0	0
67	2	0	0
68	2	1	0
69	2	1	0
70	2	0	0
71	2	0	0
72	2	1	0
73	0	0	2
74	2	1	0
75	2	0	0
76	2	1	0
77	2	1	0
78	2	1	0
79	0	0	2
80	1	0	1
81	2	0	0
82	1	0	1
83	2	1	0
84	2	1	0
85	0	0	2
86	2	1	0
87	2	1	0
88	2	1	0
89	2	1	0
90	2	0	0
91	2	1	0
92	0	0	2
93	2	1	0
94	2	1	0
95	2	1	0
96	2	0	0
97	2	1	0
98	0	0	2
99	2	1	0
