Observation	Correct	FP	FN
0	2	2	0
1	2	2	0
2	2	2	0
3	2	2	0
4	2	2	0
5	2	2	0
6	2	2	0
7	2	1	0
8	2	2	0
9	2	1	0
10	2	2	0
11	2	2	0
12	2	1	0
13	2	2	0
14	2	3	0
15	2	3	0
16	2	2	0
17	2	1	0
18	2	2	0
19	2	2	0
20	2	3	0
21	2	1	0
22	2	2	0
23	2	4	0
24	2	2	0
25	2	2	0
26	2	1	0
27	2	3	0
28	2	2	0
29	1	1	1
30	2	2	0
31	2	4	0
32	2	0	0
33	2	2	0
34	2	4	0
35	2	4	0
36	2	2	0
37	2	2	0
38	2	3	0
39	2	4	0
40	1	2	1
41	1	2	1
42	1	0	1
43	1	0	1
44	2	1	0
45	2	3	0
46	1	0	1
47	2	3	0
48	2	0	0
49	2	3	0
50	2	1	0
51	2	2	0
52	2	4	0
53	2	2	0
54	1	0	1
55	1	0	1
56	2	2	0
57	2	2	0
58	2	4	0
59	2	2	0
60	2	0	0
61	2	4	0
62	2	4	0
63	2	4	0
64	2	4	0
65	2	2	0
66	2	0	0
67	0	0	2
68	2	2	0
69	2	2	0
70	0	0	2
71	2	4	0
72	2	2	0
73	0	0	2
74	2	2	0
75	0	0	2
76	2	2	0
77	2	4	0
78	0	0	2
79	0	0	2
80	2	2	0
81	2	4	0
82	2	3	0
83	1	2	1
84	2	0	0
85	2	2	0
86	2	2	0
87	1	2	1
88	1	2	1
89	2	0	0
90	0	0	2
91	2	4	0
92	2	4	0
93	0	0	2
94	0	0	2
95	0	0	2
96	0	0	2
97	2	4	0
98	0	1	2
99	2	4	0
