Observation	Correct	FP	FN
0	3	4	0
1	3	3	0
2	3	3	0
3	3	4	0
4	3	4	0
5	3	3	0
6	3	3	0
7	3	4	0
8	3	4	0
9	3	4	0
10	3	4	0
11	3	4	0
12	3	3	0
13	3	3	0
14	3	5	0
15	3	5	0
16	3	5	0
17	3	3	0
18	3	4	0
19	3	3	0
20	3	3	0
21	3	3	0
22	3	3	0
23	3	3	0
24	3	4	0
25	3	4	0
26	3	4	0
27	3	5	0
28	3	5	0
29	3	4	0
30	3	3	0
31	3	5	0
32	3	4	0
33	3	3	0
34	3	4	0
35	3	3	0
36	3	3	0
37	3	4	0
38	3	3	0
39	3	4	0
40	3	3	0
41	3	4	0
42	3	5	0
43	3	4	0
44	3	3	0
45	3	5	0
46	3	5	0
47	3	3	0
48	3	3	0
49	3	3	0
50	3	4	0
51	3	5	0
52	3	5	0
53	3	3	0
54	3	4	0
55	3	5	0
56	3	5	0
57	3	5	0
58	3	5	0
59	3	5	0
60	3	3	0
61	3	4	0
62	3	4	0
63	3	5	0
64	3	3	0
65	3	3	0
66	3	3	0
67	3	3	0
68	3	5	0
69	3	3	0
70	3	4	0
71	3	3	0
72	3	3	0
73	3	2	0
74	3	5	0
75	3	3	0
76	3	6	0
77	3	3	0
78	3	3	0
79	3	5	0
80	3	4	0
81	3	6	0
82	3	2	0
83	3	2	0
84	3	3	0
85	3	4	0
86	3	4	0
87	3	2	0
88	3	2	0
89	3	2	0
90	3	4	0
91	3	6	0
92	3	2	0
93	3	4	0
94	3	2	0
95	3	4	0
96	3	2	0
97	3	1	0
98	3	4	0
99	3	6	0
