Observation	Correct	FP	FN
0	3	9	0
1	3	9	0
2	3	10	0
3	3	9	0
4	3	9	0
5	3	10	0
6	3	9	0
7	3	9	0
8	3	9	0
9	3	9	0
10	3	10	0
11	3	10	0
12	3	9	0
13	3	9	0
14	3	9	0
15	3	10	0
16	3	10	0
17	3	10	0
18	3	10	0
19	3	10	0
20	3	8	0
21	3	10	0
22	3	10	0
23	3	10	0
24	3	10	0
25	3	10	0
26	3	10	0
27	3	10	0
28	3	9	0
29	3	9	0
30	3	11	0
31	3	11	0
32	3	11	0
33	3	8	0
34	3	11	0
35	3	9	0
36	3	11	0
37	3	11	0
38	3	10	0
39	3	11	0
40	3	8	0
41	3	9	0
42	3	8	0
43	3	8	0
44	3	9	0
45	3	10	0
46	3	8	0
47	3	11	0
48	3	9	0
49	3	9	0
50	3	9	0
51	3	10	0
52	3	10	0
53	3	9	0
54	3	11	0
55	3	8	0
56	3	9	0
57	3	8	0
58	3	10	0
59	3	8	0
60	3	8	0
61	3	10	0
62	3	9	0
63	3	9	0
64	3	9	0
65	3	11	0
66	3	11	0
67	3	9	0
68	3	10	0
69	3	11	0
70	3	9	0
71	3	8	0
72	3	10	0
73	3	9	0
74	3	8	0
75	3	8	0
76	3	8	0
77	3	12	0
78	3	9	0
79	3	10	0
80	3	9	0
81	3	9	0
82	3	11	0
83	3	10	0
84	3	9	0
85	3	12	0
86	3	9	0
87	3	9	0
88	3	8	0
89	3	11	0
90	3	8	0
91	3	8	0
92	3	9	0
93	3	8	0
94	3	8	0
95	3	8	0
96	3	10	0
97	3	12	0
98	3	10	0
99	3	10	0
