Observation	Correct	FP	FN
0	6	4	0
1	6	4	0
2	5	4	1
3	5	4	1
4	6	4	0
5	5	4	1
6	6	4	0
7	6	4	0
8	5	4	1
9	6	4	0
10	6	5	0
11	6	5	0
12	6	4	0
13	6	4	0
14	6	5	0
15	5	4	1
16	6	4	0
17	5	4	1
18	5	4	1
19	5	4	1
20	6	4	0
21	5	4	1
22	5	4	1
23	6	5	0
24	6	5	0
25	6	4	0
26	5	4	1
27	6	5	0
28	6	5	0
29	6	4	0
30	5	4	1
31	6	5	0
32	5	4	1
33	5	4	1
34	5	4	1
35	6	5	0
36	5	4	1
37	6	5	0
38	5	4	1
39	6	4	0
40	5	4	1
41	6	5	0
42	6	4	0
43	5	4	1
44	6	5	0
45	5	4	1
46	5	4	1
47	6	5	0
48	6	5	0
49	6	5	0
50	5	4	1
51	5	4	1
52	6	5	0
53	6	5	0
54	6	5	0
55	6	5	0
56	5	4	1
57	5	4	1
58	6	5	0
59	5	4	1
60	5	4	1
61	5	4	1
62	6	5	0
63	5	4	1
64	6	5	0
65	5	5	1
66	5	4	1
67	6	4	0
68	6	5	0
69	6	5	0
70	6	5	0
71	5	4	1
72	6	4	0
73	5	4	1
74	6	5	0
75	5	5	1
76	6	4	0
77	5	5	1
78	5	6	1
79	6	5	0
80	5	4	1
81	6	4	0
82	5	4	1
83	6	5	0
84	6	5	0
85	5	4	1
86	5	6	1
87	6	5	0
88	5	8	1
89	6	5	0
90	5	5	1
91	5	7	1
92	5	7	1
93	6	5	0
94	5	8	1
95	5	4	1
96	5	6	1
97	6	5	0
98	6	4	0
99	6	5	0
