Observation	Correct	FP	FN
0	14	8	0
1	14	8	0
2	14	8	0
3	14	8	0
4	14	8	0
5	14	8	0
6	14	8	0
7	14	8	0
8	14	8	0
9	14	8	0
10	14	8	0
11	14	8	0
12	14	8	0
13	14	8	0
14	14	8	0
15	14	8	0
16	14	8	0
17	14	8	0
18	14	8	0
19	14	8	0
20	14	8	0
21	14	8	0
22	14	8	0
23	14	8	0
24	14	8	0
25	14	8	0
26	14	8	0
27	14	8	0
28	14	8	0
29	14	8	0
30	14	8	0
31	14	8	0
32	14	8	0
33	14	8	0
34	14	8	0
35	14	8	0
36	14	8	0
37	14	8	0
38	14	8	0
39	14	8	0
40	14	8	0
41	14	8	0
42	14	8	0
43	14	8	0
44	14	8	0
45	14	8	0
46	14	8	0
47	14	8	0
48	14	8	0
49	14	8	0
50	14	8	0
51	14	8	0
52	14	8	0
53	14	8	0
54	14	8	0
55	14	8	0
56	14	8	0
57	14	8	0
58	14	8	0
59	14	8	0
60	14	8	0
61	14	8	0
62	14	8	0
63	14	8	0
64	14	8	0
65	14	8	0
66	14	8	0
67	14	8	0
68	14	8	0
69	14	8	0
70	14	8	0
71	14	8	0
72	14	8	0
73	14	8	0
74	14	8	0
75	14	8	0
76	14	8	0
77	14	8	0
78	14	8	0
79	14	8	0
80	14	8	0
81	14	8	0
82	14	8	0
83	14	8	0
84	14	8	0
85	14	8	0
86	14	8	0
87	14	8	0
88	14	8	0
89	14	8	0
90	14	8	0
91	14	8	0
92	14	8	0
93	14	8	0
94	14	8	0
95	14	8	0
96	14	8	0
97	14	8	0
98	14	8	0
99	14	8	0
