Observation	Correct	FP	FN
0	7	6	0
1	7	7	0
2	7	7	0
3	7	7	0
4	7	6	0
5	7	7	0
6	7	7	0
7	7	6	0
8	7	6	0
9	7	7	0
10	7	7	0
11	7	7	0
12	7	7	0
13	7	6	0
14	7	7	0
15	7	6	0
16	7	6	0
17	7	6	0
18	7	6	0
19	7	7	0
20	7	6	0
21	7	7	0
22	7	6	0
23	7	7	0
24	7	7	0
25	7	7	0
26	7	6	0
27	7	7	0
28	7	7	0
29	7	6	0
30	7	6	0
31	7	7	0
32	7	6	0
33	7	6	0
34	7	7	0
35	7	7	0
36	7	6	0
37	7	6	0
38	7	7	0
39	7	6	0
40	7	6	0
41	7	6	0
42	7	7	0
43	7	6	0
44	7	7	0
45	7	6	0
46	7	6	0
47	7	7	0
48	7	7	0
49	7	7	0
50	7	6	0
51	7	6	0
52	7	7	0
53	6	7	1
54	7	5	0
55	6	7	1
56	7	5	0
57	7	6	0
58	7	6	0
59	7	5	0
60	7	7	0
61	7	7	0
62	7	5	0
63	6	7	1
64	7	6	0
65	6	7	1
66	7	7	0
67	7	6	0
68	6	7	1
69	6	7	1
70	7	6	0
71	7	6	0
72	6	7	1
73	7	7	0
74	6	7	1
75	7	5	0
76	7	6	0
77	6	7	1
78	6	7	1
79	6	7	1
80	7	7	0
81	6	7	1
82	7	6	0
83	6	7	1
84	7	5	0
85	7	5	0
86	6	7	1
87	7	4	0
88	6	7	1
89	6	7	1
90	7	7	0
91	6	7	1
92	6	7	1
93	6	7	1
94	7	6	0
95	7	4	0
96	7	5	0
97	6	7	1
98	6	7	1
99	7	7	0
