Observation	Correct	FP	FN
0	8	2	0
1	8	3	0
2	8	2	0
3	8	5	0
4	8	5	0
5	8	5	0
6	8	5	0
7	8	2	0
8	8	3	0
9	8	5	0
10	8	2	0
11	8	2	0
12	8	5	0
13	8	5	0
14	8	2	0
15	8	3	0
16	8	3	0
17	8	2	0
18	8	3	0
19	8	5	0
20	8	2	0
21	8	2	0
22	8	3	0
23	8	5	0
24	8	3	0
25	8	3	0
26	8	3	0
27	8	2	0
28	8	3	0
29	8	5	0
30	8	3	0
31	8	2	0
32	8	5	0
33	8	2	0
34	8	2	0
35	8	5	0
36	8	5	0
37	8	3	0
38	8	5	0
39	8	4	0
40	8	5	0
41	8	4	0
42	8	3	0
43	8	3	0
44	8	2	0
45	8	3	0
46	8	5	0
47	8	2	0
48	8	5	0
49	8	2	0
50	8	2	0
51	8	2	0
52	8	2	0
53	8	2	0
54	8	5	0
55	8	3	0
56	8	5	0
57	8	5	0
58	8	2	0
59	8	3	0
60	8	5	0
61	8	3	0
62	8	5	0
63	8	5	0
64	8	2	0
65	8	2	0
66	8	2	0
67	8	4	0
68	8	5	0
69	8	2	0
70	8	4	0
71	8	3	0
72	8	3	0
73	8	2	0
74	8	5	0
75	8	5	0
76	8	5	0
77	8	5	0
78	8	2	0
79	8	2	0
80	8	3	0
81	8	2	0
82	8	5	0
83	8	2	0
84	8	2	0
85	8	3	0
86	8	3	0
87	8	5	0
88	8	2	0
89	8	5	0
90	8	4	0
91	8	2	0
92	8	2	0
93	8	5	0
94	8	2	0
95	8	3	0
96	8	3	0
97	8	2	0
98	8	2	0
99	8	2	0
