Observation	Correct	FP	FN
0	11	2	0
1	11	2	0
2	11	2	0
3	10	2	1
4	11	2	0
5	11	2	0
6	11	2	0
7	10	2	1
8	10	2	1
9	11	2	0
10	11	2	0
11	11	2	0
12	11	2	0
13	11	2	0
14	11	2	0
15	10	2	1
16	11	2	0
17	11	2	0
18	11	2	0
19	10	2	1
20	11	2	0
21	11	2	0
22	10	2	1
23	10	2	1
24	11	2	0
25	11	2	0
26	10	2	1
27	11	2	0
28	10	2	1
29	11	2	0
30	10	2	1
31	11	2	0
32	10	2	1
33	11	2	0
34	10	2	1
35	10	2	1
36	10	2	1
37	10	2	1
38	10	2	1
39	10	2	1
40	11	2	0
41	11	2	0
42	11	2	0
43	10	2	1
44	11	2	0
45	10	2	1
46	11	2	0
47	10	2	1
48	11	2	0
49	11	2	0
50	10	2	1
51	10	2	1
52	11	2	0
53	11	2	0
54	11	2	0
55	10	2	1
56	11	2	0
57	10	2	1
58	10	2	1
59	11	2	0
60	11	2	0
61	11	2	0
62	10	2	1
63	10	2	1
64	11	2	0
65	11	2	0
66	10	2	1
67	11	2	0
68	11	2	0
69	10	2	1
70	10	2	1
71	11	2	0
72	11	2	0
73	11	2	0
74	11	2	0
75	11	2	0
76	10	2	1
77	10	2	1
78	11	2	0
79	11	2	0
80	10	2	1
81	11	2	0
82	11	2	0
83	11	2	0
84	11	2	0
85	11	2	0
86	10	2	1
87	10	2	1
88	10	2	1
89	10	2	1
90	10	2	1
91	11	2	0
92	10	2	1
93	10	2	1
94	10	2	1
95	10	2	1
96	11	2	0
97	10	3	1
98	11	2	0
99	10	2	1
