Observation	Correct	FP	FN
0	10	4	0
1	10	4	0
2	10	4	0
3	10	3	0
4	10	3	0
5	10	4	0
6	10	4	0
7	10	4	0
8	10	4	0
9	10	4	0
10	10	4	0
11	10	4	0
12	10	4	0
13	10	4	0
14	10	4	0
15	10	4	0
16	10	3	0
17	10	4	0
18	10	3	0
19	10	4	0
20	10	4	0
21	10	4	0
22	10	4	0
23	10	4	0
24	10	3	0
25	10	3	0
26	10	3	0
27	10	4	0
28	10	4	0
29	10	4	0
30	10	4	0
31	10	3	0
32	10	3	0
33	10	4	0
34	10	4	0
35	10	4	0
36	10	4	0
37	10	4	0
38	10	3	0
39	10	4	0
40	10	4	0
41	10	3	0
42	10	3	0
43	10	4	0
44	10	3	0
45	10	4	0
46	10	3	0
47	10	2	0
48	10	5	0
49	10	4	0
50	10	5	0
51	10	2	0
52	10	3	0
53	10	5	0
54	10	2	0
55	10	3	0
56	10	2	0
57	10	3	0
58	10	3	0
59	10	2	0
60	10	4	0
61	10	3	0
62	10	3	0
63	10	2	0
64	10	2	0
65	10	5	0
66	10	3	0
67	10	3	0
68	10	4	0
69	10	5	0
70	10	5	0
71	10	4	0
72	10	4	0
73	10	2	0
74	10	2	0
75	10	4	0
76	10	2	0
77	10	2	0
78	10	3	0
79	10	2	0
80	10	3	0
81	10	2	0
82	10	4	0
83	10	4	0
84	10	2	0
85	10	5	0
86	10	5	0
87	10	5	0
88	10	2	0
89	9	5	1
90	9	5	1
91	9	5	1
92	9	5	1
93	10	1	0
94	10	4	0
95	10	3	0
96	10	1	0
97	10	2	0
98	10	1	0
99	9	5	1
