Observation	Correct	FP	FN
0	12	2	0
1	12	2	0
2	12	2	0
3	12	2	0
4	12	2	0
5	12	2	0
6	12	2	0
7	12	2	0
8	12	2	0
9	12	2	0
10	12	2	0
11	12	2	0
12	12	1	0
13	12	2	0
14	12	1	0
15	12	2	0
16	12	2	0
17	12	2	0
18	12	2	0
19	12	1	0
20	12	2	0
21	12	2	0
22	12	1	0
23	12	1	0
24	12	2	0
25	12	1	0
26	12	2	0
27	12	2	0
28	12	2	0
29	12	2	0
30	12	2	0
31	12	2	0
32	12	2	0
33	12	2	0
34	12	2	0
35	12	2	0
36	12	2	0
37	12	1	0
38	12	2	0
39	12	2	0
40	12	2	0
41	12	2	0
42	12	1	0
43	12	2	0
44	12	2	0
45	12	2	0
46	12	1	0
47	12	1	0
48	12	2	0
49	12	1	0
50	12	1	0
51	12	2	0
52	12	2	0
53	12	2	0
54	11	2	1
55	12	1	0
56	12	2	0
57	12	2	0
58	12	2	0
59	12	1	0
60	12	2	0
61	11	2	1
62	11	2	1
63	12	1	0
64	11	2	1
65	11	2	1
66	12	2	0
67	12	1	0
68	11	2	1
69	12	2	0
70	11	2	1
71	12	2	0
72	12	1	0
73	12	1	0
74	12	1	0
75	12	1	0
76	12	2	0
77	11	2	1
78	12	2	0
79	12	1	0
80	12	2	0
81	12	1	0
82	12	1	0
83	11	2	1
84	12	1	0
85	12	1	0
86	12	2	0
87	12	1	0
88	12	1	0
89	12	1	0
90	11	2	1
91	12	1	0
92	11	2	1
93	12	2	0
94	11	2	1
95	11	2	1
96	12	0	0
97	12	1	0
98	12	1	0
99	9	2	3
