Observation	Correct	FP	FN
0	8	2	0
1	8	2	0
2	8	2	0
3	8	3	0
4	8	2	0
5	8	2	0
6	8	2	0
7	8	3	0
8	8	3	0
9	8	3	0
10	8	3	0
11	8	2	0
12	8	2	0
13	8	2	0
14	8	2	0
15	8	2	0
16	8	3	0
17	8	3	0
18	8	2	0
19	8	2	0
20	8	1	0
21	8	2	0
22	8	3	0
23	8	3	0
24	8	3	0
25	8	2	0
26	8	2	0
27	8	3	0
28	8	3	0
29	8	1	0
30	8	2	0
31	8	2	0
32	8	1	0
33	8	1	0
34	8	2	0
35	8	1	0
36	8	3	0
37	8	3	0
38	8	1	0
39	8	0	0
40	8	3	0
41	8	3	0
42	8	0	0
43	8	3	0
44	8	0	0
45	8	3	0
46	8	3	0
47	8	3	0
48	8	2	0
49	8	1	0
50	8	0	0
51	8	1	0
52	8	3	0
53	8	2	0
54	8	2	0
55	8	2	0
56	8	3	0
57	7	0	1
58	8	1	0
59	8	3	0
60	8	2	0
61	8	3	0
62	8	1	0
63	7	0	1
64	8	3	0
65	8	2	0
66	8	3	0
67	8	3	0
68	8	2	0
69	8	2	0
70	8	3	0
71	8	0	0
72	7	0	1
73	8	3	0
74	8	3	0
75	8	1	0
76	8	0	0
77	7	0	1
78	8	0	0
79	8	0	0
80	8	0	0
81	7	0	1
82	8	0	0
83	8	1	0
84	8	3	0
85	8	0	0
86	7	0	1
87	8	2	0
88	8	2	0
89	8	2	0
90	8	3	0
91	8	0	0
92	8	3	0
93	7	0	1
94	7	0	1
95	8	4	0
96	8	3	0
97	8	4	0
98	7	0	1
99	8	2	0
