Observation	Correct	FP	FN
0	3	2	0
1	3	2	0
2	3	2	0
3	3	2	0
4	3	2	0
5	3	2	0
6	3	2	0
7	3	2	0
8	3	2	0
9	3	2	0
10	3	1	0
11	3	1	0
12	3	1	0
13	3	2	0
14	3	3	0
15	3	4	0
16	3	1	0
17	3	4	0
18	3	1	0
19	3	2	0
20	3	3	0
21	3	3	0
22	3	3	0
23	3	1	0
24	3	2	0
25	3	3	0
26	3	4	0
27	3	4	0
28	3	1	0
29	3	1	0
30	3	1	0
31	3	4	0
32	3	1	0
33	3	3	0
34	3	3	0
35	3	4	0
36	3	0	0
37	3	3	0
38	3	3	0
39	3	2	0
40	3	4	0
41	3	2	0
42	3	4	0
43	3	0	0
44	2	1	1
45	3	2	0
46	3	2	0
47	3	0	0
48	1	0	2
49	3	4	0
50	3	3	0
51	3	2	0
52	2	1	1
53	2	1	1
54	2	0	1
55	3	4	0
56	3	2	0
57	3	4	0
58	3	4	0
59	2	0	1
60	1	0	2
61	3	4	0
62	3	3	0
63	3	0	0
64	2	0	1
65	1	0	2
66	3	4	0
67	3	4	0
68	1	0	2
69	3	1	0
70	3	2	0
71	1	0	2
72	3	3	0
73	2	2	1
74	2	0	1
75	1	0	2
76	1	0	2
77	1	0	2
78	3	2	0
79	0	0	3
80	3	3	0
81	0	0	3
82	2	1	1
83	0	0	3
84	3	4	0
85	2	0	1
86	3	4	0
87	3	3	0
88	1	1	2
89	3	1	0
90	3	4	0
91	3	3	0
92	3	4	0
93	2	0	1
94	3	4	0
95	3	3	0
96	2	1	1
97	3	4	0
98	3	4	0
99	1	0	2
