Observation	Correct	FP	FN
0	4	1	0
1	4	1	0
2	4	1	0
3	4	1	0
4	4	1	0
5	4	1	0
6	4	1	0
7	4	1	0
8	4	1	0
9	4	1	0
10	4	1	0
11	4	1	0
12	4	0	0
13	4	1	0
14	4	0	0
15	4	1	0
16	4	2	0
17	4	2	0
18	4	1	0
19	4	1	0
20	4	1	0
21	4	0	0
22	4	1	0
23	4	1	0
24	4	1	0
25	4	1	0
26	4	1	0
27	4	1	0
28	4	2	0
29	3	0	1
30	4	1	0
31	4	1	0
32	4	2	0
33	3	0	1
34	4	2	0
35	2	0	2
36	4	0	0
37	4	0	0
38	4	2	0
39	4	1	0
40	4	0	0
41	4	2	0
42	4	0	0
43	4	2	0
44	4	2	0
45	4	2	0
46	3	0	1
47	4	1	0
48	2	0	2
49	4	2	0
50	2	0	2
51	4	2	0
52	2	0	2
53	2	0	2
54	3	0	1
55	1	0	3
56	4	3	0
57	4	0	0
58	3	0	1
59	3	0	1
60	4	3	0
61	4	1	0
62	4	2	0
63	4	2	0
64	4	0	0
65	1	0	3
66	2	0	2
67	4	1	0
68	4	2	0
69	4	3	0
70	4	2	0
71	4	0	0
72	0	0	4
73	4	1	0
74	4	1	0
75	4	1	0
76	4	3	0
77	4	1	0
78	1	0	3
79	1	0	3
80	3	1	1
81	4	3	0
82	0	0	4
83	0	0	4
84	1	0	3
85	2	0	2
86	4	3	0
87	0	0	4
88	0	0	4
89	1	0	3
90	0	0	4
91	0	0	4
92	1	0	3
93	1	0	3
94	1	0	3
95	4	3	0
96	2	0	2
97	4	3	0
98	2	1	2
99	4	3	0
