Observation	Correct	FP	FN
0	6	6	0
1	6	6	0
2	6	6	0
3	6	6	0
4	6	6	0
5	6	6	0
6	6	6	0
7	6	6	0
8	6	6	0
9	6	6	0
10	6	6	0
11	6	6	0
12	6	6	0
13	6	6	0
14	6	6	0
15	6	6	0
16	6	6	0
17	6	6	0
18	6	6	0
19	6	6	0
20	6	6	0
21	6	6	0
22	6	6	0
23	6	6	0
24	6	6	0
25	6	6	0
26	6	6	0
27	6	6	0
28	6	6	0
29	6	6	0
30	6	6	0
31	6	7	0
32	6	6	0
33	6	6	0
34	6	6	0
35	6	6	0
36	6	6	0
37	6	7	0
38	6	6	0
39	6	6	0
40	6	6	0
41	6	6	0
42	6	6	0
43	6	6	0
44	6	6	0
45	6	7	0
46	6	6	0
47	6	6	0
48	6	6	0
49	6	6	0
50	6	7	0
51	6	6	0
52	6	7	0
53	6	6	0
54	6	6	0
55	6	7	0
56	6	6	0
57	6	6	0
58	6	7	0
59	6	7	0
60	6	5	0
61	6	6	0
62	6	5	0
63	6	5	0
64	6	7	0
65	6	6	0
66	6	7	0
67	6	7	0
68	6	6	0
69	6	7	0
70	6	7	0
71	6	6	0
72	6	5	0
73	6	7	0
74	6	7	0
75	6	6	0
76	6	5	0
77	6	5	0
78	6	6	0
79	6	5	0
80	6	7	0
81	6	5	0
82	6	5	0
83	6	7	0
84	6	5	0
85	6	7	0
86	6	5	0
87	6	5	0
88	6	7	0
89	6	7	0
90	6	5	0
91	6	5	0
92	6	5	0
93	6	7	0
94	6	7	0
95	6	4	0
96	6	5	0
97	6	5	0
98	6	6	0
99	6	7	0
