Observation	Correct	FP	FN
0	2	0	0
1	2	0	0
2	2	0	0
3	2	0	0
4	2	0	0
5	2	0	0
6	2	0	0
7	2	0	0
8	2	0	0
9	2	1	0
10	2	0	0
11	2	0	0
12	2	0	0
13	2	0	0
14	2	0	0
15	2	0	0
16	2	0	0
17	2	0	0
18	2	0	0
19	2	0	0
20	2	0	0
21	2	1	0
22	2	1	0
23	2	1	0
24	2	1	0
25	2	0	0
26	2	0	0
27	2	0	0
28	2	0	0
29	2	0	0
30	2	0	0
31	2	0	0
32	2	0	0
33	2	0	0
34	2	1	0
35	2	0	0
36	1	0	1
37	2	0	0
38	2	0	0
39	2	0	0
40	2	1	0
41	2	2	0
42	2	0	0
43	2	0	0
44	2	2	0
45	1	0	1
46	2	1	0
47	2	0	0
48	1	0	1
49	2	0	0
50	1	0	1
51	2	0	0
52	1	0	1
53	2	0	0
54	2	1	0
55	2	2	0
56	2	1	0
57	1	0	1
58	2	2	0
59	2	0	0
60	2	1	0
61	1	0	1
62	2	1	0
63	1	0	1
64	2	0	0
65	1	0	1
66	1	0	1
67	2	1	0
68	2	2	0
69	1	0	1
70	2	0	0
71	2	1	0
72	1	0	1
73	2	1	0
74	2	1	0
75	2	1	0
76	2	1	0
77	1	0	1
78	0	0	2
79	1	0	1
80	1	0	1
81	2	0	0
82	2	2	0
83	1	0	1
84	2	1	0
85	1	0	1
86	2	1	0
87	0	0	2
88	1	0	1
89	2	1	0
90	2	5	0
91	1	0	1
92	1	0	1
93	2	1	0
94	0	0	2
95	2	2	0
96	2	1	0
97	1	0	1
98	0	0	2
99	2	0	0
