Observation	Correct	FP	FN
0	9	7	0
1	9	7	0
2	9	7	0
3	9	8	0
4	9	8	0
5	9	7	0
6	9	7	0
7	9	8	0
8	9	7	0
9	9	8	0
10	9	7	0
11	9	7	0
12	9	7	0
13	9	7	0
14	9	8	0
15	9	7	0
16	9	7	0
17	9	7	0
18	9	8	0
19	9	7	0
20	9	8	0
21	9	8	0
22	9	7	0
23	9	7	0
24	9	7	0
25	9	7	0
26	9	7	0
27	9	8	0
28	9	8	0
29	9	8	0
30	9	7	0
31	9	7	0
32	9	7	0
33	9	7	0
34	9	7	0
35	9	7	0
36	9	8	0
37	9	8	0
38	9	8	0
39	9	8	0
40	9	7	0
41	9	7	0
42	9	7	0
43	9	8	0
44	9	7	0
45	9	7	0
46	9	7	0
47	9	7	0
48	9	7	0
49	9	7	0
50	9	7	0
51	9	8	0
52	9	8	0
53	9	8	0
54	9	7	0
55	9	7	0
56	9	8	0
57	9	8	0
58	9	7	0
59	9	8	0
60	9	8	0
61	9	7	0
62	9	7	0
63	9	7	0
64	9	7	0
65	9	8	0
66	9	8	0
67	9	8	0
68	9	7	0
69	9	8	0
70	9	7	0
71	9	8	0
72	9	7	0
73	9	7	0
74	9	8	0
75	9	7	0
76	9	7	0
77	9	7	0
78	9	8	0
79	9	8	0
80	9	7	0
81	9	7	0
82	9	7	0
83	9	8	0
84	9	8	0
85	9	8	0
86	9	7	0
87	9	8	0
88	9	8	0
89	9	8	0
90	9	7	0
91	9	7	0
92	9	8	0
93	9	7	0
94	9	7	0
95	9	7	0
96	9	8	0
97	9	7	0
98	9	7	0
99	9	8	0
