Observation	Correct	FP	FN
0	1	0	0
1	1	0	0
2	1	0	0
3	1	0	0
4	1	0	0
5	1	0	0
6	1	0	0
7	1	0	0
8	1	0	0
9	1	0	0
10	1	0	0
11	1	0	0
12	1	0	0
13	1	0	0
14	1	0	0
15	1	0	0
16	1	0	0
17	1	1	0
18	1	1	0
19	1	0	0
20	1	1	0
21	1	0	0
22	1	1	0
23	1	0	0
24	1	0	0
25	1	0	0
26	1	0	0
27	1	1	0
28	1	1	0
29	1	2	0
30	1	1	0
31	1	0	0
32	1	0	0
33	1	0	0
34	1	0	0
35	1	1	0
36	1	0	0
37	1	0	0
38	1	0	0
39	1	0	0
40	1	2	0
41	1	0	0
42	1	1	0
43	1	0	0
44	1	0	0
45	1	0	0
46	1	0	0
47	1	0	0
48	1	1	0
49	1	0	0
50	1	4	0
51	1	0	0
52	1	1	0
53	1	0	0
54	1	0	0
55	1	2	0
56	1	1	0
57	1	1	0
58	1	0	0
59	1	0	0
60	0	0	1
61	1	0	0
62	1	4	0
63	1	1	0
64	1	0	0
65	1	3	0
66	0	0	1
67	0	0	1
68	1	5	0
69	1	5	0
70	1	5	0
71	0	0	1
72	1	5	0
73	1	3	0
74	1	5	0
75	1	0	0
76	1	2	0
77	1	2	0
78	1	3	0
79	0	0	1
80	1	0	0
81	1	5	0
82	1	4	0
83	1	1	0
84	1	2	0
85	1	5	0
86	1	0	0
87	1	3	0
88	1	1	0
89	1	5	0
90	1	3	0
91	1	5	0
92	0	0	1
93	1	5	0
94	0	0	1
95	1	5	0
96	1	5	0
97	1	0	0
98	1	0	0
99	0	0	1
