Observation	Correct	FP	FN
0	10	5	0
1	10	5	0
2	10	5	0
3	10	5	0
4	10	5	0
5	10	5	0
6	10	5	0
7	10	5	0
8	10	5	0
9	10	5	0
10	10	5	0
11	10	4	0
12	10	5	0
13	10	4	0
14	10	5	0
15	10	4	0
16	10	5	0
17	10	5	0
18	10	5	0
19	10	4	0
20	10	5	0
21	10	5	0
22	10	5	0
23	10	4	0
24	10	5	0
25	10	4	0
26	10	5	0
27	10	4	0
28	10	5	0
29	10	5	0
30	10	5	0
31	10	5	0
32	10	4	0
33	10	5	0
34	10	5	0
35	10	5	0
36	10	5	0
37	10	5	0
38	10	5	0
39	10	4	0
40	10	4	0
41	10	5	0
42	10	5	0
43	10	4	0
44	10	5	0
45	10	5	0
46	10	4	0
47	10	5	0
48	10	5	0
49	10	4	0
50	10	4	0
51	10	5	0
52	10	4	0
53	10	5	0
54	10	4	0
55	10	5	0
56	10	4	0
57	10	5	0
58	10	5	0
59	10	4	0
60	10	4	0
61	10	4	0
62	10	5	0
63	10	4	0
64	10	3	0
65	10	4	0
66	10	4	0
67	10	5	0
68	10	4	0
69	9	5	1
70	10	4	0
71	10	4	0
72	10	5	0
73	10	5	0
74	10	5	0
75	10	5	0
76	9	5	1
77	10	5	0
78	10	5	0
79	10	4	0
80	10	3	0
81	10	4	0
82	10	5	0
83	10	4	0
84	9	5	1
85	10	3	0
86	9	5	1
87	10	3	0
88	10	5	0
89	10	3	0
90	10	5	0
91	10	3	0
92	10	3	0
93	10	3	0
94	9	5	1
95	10	5	0
96	10	4	0
97	9	5	1
98	9	5	1
99	10	4	0
