Observation	Correct	FP	FN
0	4	0	0
1	4	0	0
2	4	0	0
3	4	0	0
4	4	0	0
5	4	0	0
6	4	0	0
7	4	0	0
8	4	0	0
9	4	0	0
10	4	0	0
11	4	0	0
12	4	0	0
13	4	0	0
14	4	0	0
15	4	0	0
16	4	0	0
17	4	0	0
18	4	0	0
19	4	0	0
20	4	0	0
21	3	0	1
22	4	1	0
23	3	0	1
24	4	1	0
25	4	0	0
26	3	0	1
27	3	0	1
28	4	0	0
29	4	0	0
30	4	2	0
31	4	0	0
32	4	2	0
33	4	1	0
34	3	0	1
35	2	0	2
36	4	1	0
37	4	0	0
38	4	0	0
39	4	0	0
40	3	0	1
41	2	0	2
42	4	1	0
43	4	2	0
44	4	2	0
45	4	2	0
46	4	0	0
47	4	2	0
48	2	0	2
49	2	0	2
50	4	0	0
51	4	0	0
52	4	1	0
53	4	0	0
54	1	0	3
55	4	0	0
56	1	0	3
57	4	2	0
58	4	2	0
59	4	2	0
60	0	0	4
61	4	0	0
62	4	0	0
63	4	2	0
64	0	0	4
65	0	0	4
66	4	0	0
67	4	2	0
68	2	0	2
69	4	0	0
70	4	2	0
71	4	2	0
72	2	0	2
73	4	2	0
74	1	0	3
75	4	2	0
76	4	0	0
77	1	0	3
78	1	0	3
79	1	0	3
80	4	2	0
81	0	0	4
82	0	0	4
83	4	2	0
84	4	2	0
85	4	2	0
86	0	0	4
87	4	2	0
88	1	0	3
89	4	0	0
90	0	0	4
91	4	1	0
92	4	2	0
93	0	0	4
94	4	0	0
95	4	0	0
96	1	0	3
97	0	0	4
98	4	2	0
99	1	0	3
