Observation	Correct	FP	FN
0	2	0	0
1	2	0	0
2	2	0	0
3	2	0	0
4	2	0	0
5	2	0	0
6	2	0	0
7	2	0	0
8	2	0	0
9	2	0	0
10	2	0	0
11	2	0	0
12	2	0	0
13	2	0	0
14	2	1	0
15	2	1	0
16	2	0	0
17	2	0	0
18	2	0	0
19	2	0	0
20	2	1	0
21	2	1	0
22	2	0	0
23	2	1	0
24	2	0	0
25	2	0	0
26	2	0	0
27	2	1	0
28	2	1	0
29	2	1	0
30	1	0	1
31	1	0	1
32	2	0	0
33	1	0	1
34	2	0	0
35	2	0	0
36	2	0	0
37	2	0	0
38	1	0	1
39	2	0	0
40	2	0	0
41	2	0	0
42	2	0	0
43	2	0	0
44	2	0	0
45	2	1	0
46	2	1	0
47	1	0	1
48	1	0	1
49	1	0	1
50	1	0	1
51	2	0	0
52	2	1	0
53	2	1	0
54	1	0	1
55	1	0	1
56	2	1	0
57	2	0	0
58	2	0	0
59	0	0	2
60	2	0	0
61	2	1	0
62	0	0	2
63	2	0	0
64	1	0	1
65	1	0	1
66	2	0	0
67	1	0	1
68	2	1	0
69	1	0	1
70	2	1	0
71	1	0	1
72	0	0	2
73	2	1	0
74	1	0	1
75	0	0	2
76	1	0	1
77	2	1	0
78	2	1	0
79	2	0	0
80	0	0	2
81	2	0	0
82	0	0	2
83	0	0	2
84	0	0	2
85	0	0	2
86	2	1	0
87	2	1	0
88	2	1	0
89	1	0	1
90	2	2	0
91	2	0	0
92	1	0	1
93	2	1	0
94	1	0	1
95	0	0	2
96	0	0	2
97	0	0	2
98	2	1	0
99	2	1	0
