Observation	Correct	FP	FN
0	13	2	0
1	13	2	0
2	12	2	1
3	12	2	1
4	13	2	0
5	13	2	0
6	13	2	0
7	13	2	0
8	12	2	1
9	13	2	0
10	13	2	0
11	12	2	1
12	13	2	0
13	13	2	0
14	13	2	0
15	12	2	1
16	12	2	1
17	13	2	0
18	12	2	1
19	13	2	0
20	12	2	1
21	13	2	0
22	13	2	0
23	13	2	0
24	12	2	1
25	12	2	1
26	12	2	1
27	13	2	0
28	13	2	0
29	12	2	1
30	13	2	0
31	12	2	1
32	13	2	0
33	12	2	1
34	13	2	0
35	13	2	0
36	13	2	0
37	13	2	0
38	12	2	1
39	12	2	1
40	13	2	0
41	13	2	0
42	12	2	1
43	13	2	0
44	12	2	1
45	12	2	1
46	13	2	0
47	13	2	0
48	12	2	1
49	12	2	1
50	12	2	1
51	12	2	1
52	12	2	1
53	13	2	0
54	12	2	1
55	13	2	0
56	12	2	1
57	12	2	1
58	12	2	1
59	12	2	1
60	13	2	0
61	12	2	1
62	13	2	0
63	12	2	1
64	13	2	0
65	12	2	1
66	12	2	1
67	13	2	0
68	13	2	0
69	12	2	1
70	13	2	0
71	12	2	1
72	13	2	0
73	12	2	1
74	12	2	1
75	13	2	0
76	12	2	1
77	13	2	0
78	12	2	1
79	13	2	0
80	13	2	0
81	12	2	1
82	13	2	0
83	13	2	0
84	12	2	1
85	13	2	0
86	13	2	0
87	12	2	1
88	13	2	0
89	13	2	0
90	13	2	0
91	12	2	1
92	13	2	0
93	13	2	0
94	13	2	0
95	12	2	1
96	13	2	0
97	13	2	0
98	12	2	1
99	13	0	0
