Observation	Correct	FP	FN
0	2	1	0
1	2	1	0
2	2	1	0
3	2	0	0
4	2	0	0
5	2	1	0
6	2	1	0
7	2	1	0
8	2	1	0
9	2	2	0
10	2	0	0
11	2	1	0
12	2	2	0
13	2	0	0
14	2	0	0
15	2	0	0
16	2	3	0
17	2	0	0
18	2	2	0
19	2	0	0
20	2	0	0
21	2	4	0
22	2	0	0
23	2	3	0
24	2	3	0
25	2	0	0
26	2	0	0
27	2	3	0
28	2	0	0
29	2	0	0
30	2	4	0
31	2	1	0
32	2	2	0
33	2	0	0
34	2	4	0
35	2	0	0
36	2	0	0
37	2	0	0
38	2	1	0
39	1	0	1
40	2	0	0
41	1	0	1
42	1	0	1
43	2	3	0
44	2	0	0
45	2	0	0
46	2	2	0
47	2	4	0
48	2	5	0
49	2	4	0
50	2	5	0
51	2	5	0
52	2	0	0
53	1	0	1
54	2	3	0
55	1	0	1
56	2	5	0
57	1	0	1
58	1	0	1
59	0	0	2
60	1	1	1
61	2	5	0
62	2	1	0
63	0	0	2
64	2	0	0
65	1	0	1
66	0	0	2
67	1	0	1
68	2	0	0
69	0	0	2
70	0	0	2
71	1	0	1
72	2	5	0
73	2	3	0
74	1	0	1
75	1	0	1
76	2	5	0
77	2	3	0
78	2	5	0
79	1	2	1
80	2	5	0
81	2	3	0
82	2	5	0
83	1	0	1
84	0	0	2
85	2	3	0
86	2	3	0
87	0	0	2
88	2	1	0
89	2	5	0
90	0	0	2
91	2	0	0
92	0	0	2
93	2	1	0
94	2	5	0
95	2	5	0
96	0	0	2
97	0	0	2
98	0	0	2
99	2	1	0
