Observation	Correct	FP	FN
0	7	3	0
1	7	3	0
2	7	3	0
3	7	3	0
4	7	3	0
5	7	3	0
6	7	3	0
7	7	3	0
8	7	3	0
9	7	3	0
10	7	3	0
11	7	3	0
12	7	3	0
13	7	3	0
14	7	3	0
15	7	3	0
16	7	3	0
17	7	3	0
18	7	4	0
19	7	4	0
20	7	3	0
21	7	3	0
22	7	3	0
23	7	4	0
24	7	3	0
25	7	3	0
26	7	3	0
27	7	3	0
28	7	3	0
29	7	4	0
30	7	3	0
31	7	3	0
32	7	3	0
33	7	3	0
34	7	3	0
35	7	3	0
36	7	3	0
37	7	3	0
38	7	4	0
39	7	3	0
40	7	3	0
41	7	4	0
42	7	3	0
43	7	4	0
44	7	4	0
45	7	3	0
46	7	3	0
47	7	4	0
48	7	4	0
49	7	3	0
50	7	3	0
51	7	4	0
52	7	3	0
53	7	3	0
54	7	3	0
55	7	3	0
56	7	3	0
57	7	3	0
58	7	3	0
59	7	4	0
60	7	4	0
61	7	3	0
62	7	3	0
63	7	2	0
64	7	3	0
65	7	3	0
66	7	2	0
67	7	3	0
68	7	4	0
69	7	3	0
70	7	3	0
71	7	3	0
72	7	4	0
73	7	4	0
74	7	3	0
75	7	4	0
76	7	4	0
77	7	2	0
78	7	2	0
79	7	2	0
80	7	4	0
81	7	4	0
82	7	4	0
83	7	3	0
84	7	3	0
85	7	3	0
86	7	2	0
87	7	3	0
88	7	4	0
89	7	5	0
90	7	4	0
91	7	4	0
92	7	3	0
93	7	4	0
94	7	3	0
95	7	1	0
96	7	3	0
97	7	2	0
98	7	0	0
99	7	0	0
