Observation	Correct	FP	FN
0	2	8	0
1	2	7	0
2	2	7	0
3	2	6	0
4	2	7	0
5	2	7	0
6	2	8	0
7	2	8	0
8	2	7	0
9	2	7	0
10	2	7	0
11	2	8	0
12	2	6	0
13	2	7	0
14	2	7	0
15	2	8	0
16	2	7	0
17	2	6	0
18	2	7	0
19	2	7	0
20	2	7	0
21	2	8	0
22	2	8	0
23	2	7	0
24	2	7	0
25	2	7	0
26	2	8	0
27	2	6	0
28	2	7	0
29	2	8	0
30	2	7	0
31	2	7	0
32	2	8	0
33	2	6	0
34	2	7	0
35	2	8	0
36	2	8	0
37	2	6	0
38	2	7	0
39	2	8	0
40	2	7	0
41	2	8	0
42	2	7	0
43	2	7	0
44	2	7	0
45	2	7	0
46	2	7	0
47	2	7	0
48	2	7	0
49	2	8	0
50	2	7	0
51	2	7	0
52	2	7	0
53	2	8	0
54	2	7	0
55	2	7	0
56	2	8	0
57	2	7	0
58	2	8	0
59	2	8	0
60	2	7	0
61	2	7	0
62	2	7	0
63	2	7	0
64	2	8	0
65	2	8	0
66	2	8	0
67	2	7	0
68	2	8	0
69	2	7	0
70	2	8	0
71	2	7	0
72	2	7	0
73	2	7	0
74	2	8	0
75	2	8	0
76	2	8	0
77	2	7	0
78	2	7	0
79	2	7	0
80	2	7	0
81	2	7	0
82	2	7	0
83	2	8	0
84	2	8	0
85	2	7	0
86	2	8	0
87	2	7	0
88	2	7	0
89	2	8	0
90	2	8	0
91	2	7	0
92	2	8	0
93	2	6	0
94	2	7	0
95	2	6	0
96	2	8	0
97	2	7	0
98	2	8	0
99	2	7	0
