Observation	Correct	FP	FN
0	11	6	0
1	11	6	0
2	11	8	0
3	11	9	0
4	11	6	0
5	11	9	0
6	11	7	0
7	11	9	0
8	11	8	0
9	11	9	0
10	11	9	0
11	11	6	0
12	11	8	0
13	11	7	0
14	11	6	0
15	11	9	0
16	11	9	0
17	11	7	0
18	11	7	0
19	11	6	0
20	11	9	0
21	11	9	0
22	11	9	0
23	11	6	0
24	11	7	0
25	11	9	0
26	11	7	0
27	11	7	0
28	11	9	0
29	11	8	0
30	11	7	0
31	11	9	0
32	11	6	0
33	11	7	0
34	11	6	0
35	11	9	0
36	11	7	0
37	11	9	0
38	11	6	0
39	11	7	0
40	11	9	0
41	11	7	0
42	11	8	0
43	11	7	0
44	11	6	0
45	11	6	0
46	11	6	0
47	11	6	0
48	11	7	0
49	11	9	0
50	11	7	0
51	11	6	0
52	11	9	0
53	11	7	0
54	11	9	0
55	11	8	0
56	11	8	0
57	11	6	0
58	11	7	0
59	11	6	0
60	11	7	0
61	11	6	0
62	11	6	0
63	11	6	0
64	11	9	0
65	11	8	0
66	11	9	0
67	11	7	0
68	11	8	0
69	11	7	0
70	11	9	0
71	11	8	0
72	11	7	0
73	11	7	0
74	11	7	0
75	11	7	0
76	11	6	0
77	11	7	0
78	11	8	0
79	11	9	0
80	11	6	0
81	11	7	0
82	11	7	0
83	11	9	0
84	11	9	0
85	11	8	0
86	11	6	0
87	11	7	0
88	11	8	0
89	11	6	0
90	11	7	0
91	11	6	0
92	11	7	0
93	11	8	0
94	11	7	0
95	11	6	0
96	11	7	0
97	11	6	0
98	11	6	0
99	11	6	0
