Observation	Correct	FP	FN
0	2	0	0
1	2	0	0
2	2	0	0
3	2	0	0
4	2	0	0
5	2	0	0
6	2	0	0
7	2	0	0
8	2	0	0
9	2	0	0
10	2	0	0
11	2	0	0
12	2	0	0
13	2	0	0
14	2	1	0
15	2	0	0
16	2	1	0
17	2	1	0
18	2	0	0
19	2	1	0
20	2	0	0
21	2	0	0
22	2	0	0
23	2	0	0
24	2	0	0
25	2	0	0
26	2	0	0
27	2	0	0
28	2	0	0
29	2	0	0
30	2	0	0
31	2	0	0
32	2	1	0
33	2	1	0
34	2	1	0
35	1	0	1
36	1	0	1
37	2	1	0
38	2	1	0
39	2	0	0
40	2	1	0
41	1	0	1
42	2	0	0
43	1	0	1
44	2	0	0
45	2	1	0
46	2	0	0
47	2	0	0
48	1	0	1
49	2	0	0
50	2	1	0
51	2	1	0
52	2	0	0
53	1	0	1
54	2	0	0
55	1	0	1
56	2	0	0
57	2	0	0
58	2	0	0
59	2	0	0
60	1	0	1
61	1	0	1
62	1	0	1
63	2	1	0
64	2	1	0
65	1	0	1
66	2	0	0
67	2	1	0
68	1	0	1
69	2	1	0
70	2	0	0
71	1	0	1
72	1	0	1
73	1	0	1
74	2	0	0
75	2	1	0
76	2	0	0
77	2	1	0
78	2	0	0
79	0	0	2
80	0	0	2
81	1	0	1
82	2	1	0
83	2	1	0
84	2	1	0
85	2	1	0
86	2	1	0
87	2	1	0
88	2	1	0
89	0	0	2
90	1	0	1
91	2	0	0
92	2	1	0
93	0	0	2
94	1	0	1
95	2	0	0
96	2	1	0
97	2	1	0
98	1	0	1
99	2	1	0
