Observation	Correct	FP	FN
0	6	2	0
1	6	2	0
2	6	2	0
3	6	3	0
4	6	1	0
5	6	1	0
6	5	3	1
7	6	3	0
8	6	3	0
9	6	2	0
10	5	3	1
11	6	1	0
12	5	3	1
13	6	1	0
14	5	3	1
15	5	3	1
16	6	2	0
17	6	3	0
18	6	1	0
19	6	1	0
20	6	0	0
21	6	3	0
22	5	3	1
23	6	2	0
24	6	1	0
25	5	3	1
26	5	3	1
27	5	3	1
28	6	3	0
29	6	2	0
30	6	2	0
31	6	1	0
32	5	3	1
33	5	3	1
34	5	3	1
35	6	1	0
36	6	3	0
37	5	4	1
38	5	2	1
39	6	0	0
40	6	2	0
41	6	3	0
42	5	3	1
43	6	3	0
44	5	3	1
45	6	1	0
46	5	2	1
47	6	2	0
48	6	3	0
49	5	4	1
50	6	1	0
51	5	3	1
52	6	2	0
53	5	4	1
54	5	3	1
55	6	2	0
56	5	3	1
57	5	4	1
58	6	2	0
59	6	1	0
60	6	3	0
61	6	2	0
62	5	3	1
63	6	2	0
64	6	1	0
65	5	3	1
66	6	2	0
67	6	3	0
68	6	2	0
69	6	0	0
70	6	2	0
71	6	2	0
72	5	3	1
73	5	4	1
74	6	2	0
75	6	1	0
76	5	3	1
77	6	1	0
78	5	4	1
79	5	1	1
80	6	3	0
81	5	4	1
82	6	3	0
83	5	4	1
84	6	3	0
85	5	1	1
86	6	3	0
87	6	3	0
88	6	2	0
89	6	2	0
90	5	4	1
91	5	4	1
92	6	1	0
93	6	2	0
94	6	3	0
95	5	4	1
96	5	1	1
97	6	3	0
98	6	2	0
99	6	3	0
