Observation	Correct	FP	FN
0	7	4	0
1	7	4	0
2	7	4	0
3	7	4	0
4	7	4	0
5	7	4	0
6	7	4	0
7	7	4	0
8	7	4	0
9	7	4	0
10	7	4	0
11	7	4	0
12	7	4	0
13	7	4	0
14	7	4	0
15	7	4	0
16	7	4	0
17	7	4	0
18	7	4	0
19	7	4	0
20	7	4	0
21	7	4	0
22	7	4	0
23	7	4	0
24	7	4	0
25	7	4	0
26	7	4	0
27	7	4	0
28	7	4	0
29	7	4	0
30	7	4	0
31	7	4	0
32	7	4	0
33	7	4	0
34	7	4	0
35	7	4	0
36	7	4	0
37	7	4	0
38	7	4	0
39	7	4	0
40	7	4	0
41	7	4	0
42	7	4	0
43	7	4	0
44	7	4	0
45	7	4	0
46	7	4	0
47	7	4	0
48	7	4	0
49	7	4	0
50	7	4	0
51	7	4	0
52	7	4	0
53	7	3	0
54	7	4	0
55	7	4	0
56	7	4	0
57	7	4	0
58	7	4	0
59	7	4	0
60	7	4	0
61	7	3	0
62	7	4	0
63	7	4	0
64	7	4	0
65	7	4	0
66	7	4	0
67	7	4	0
68	7	4	0
69	7	4	0
70	7	4	0
71	7	4	0
72	7	3	0
73	7	4	0
74	7	4	0
75	7	4	0
76	7	3	0
77	7	4	0
78	7	4	0
79	7	3	0
80	7	4	0
81	7	4	0
82	7	4	0
83	7	4	0
84	7	3	0
85	7	4	0
86	7	4	0
87	7	4	0
88	7	3	0
89	7	4	0
90	7	3	0
91	7	4	0
92	7	4	0
93	7	3	0
94	7	2	0
95	7	4	0
96	7	4	0
97	7	4	0
98	7	4	0
99	7	3	0
