Observation	Correct	FP	FN
0	2	0	0
1	2	0	0
2	2	0	0
3	2	0	0
4	2	0	0
5	2	0	0
6	2	0	0
7	2	0	0
8	2	1	0
9	2	0	0
10	2	1	0
11	2	0	0
12	2	0	0
13	2	0	0
14	2	1	0
15	2	0	0
16	2	0	0
17	2	1	0
18	2	0	0
19	2	0	0
20	2	1	0
21	2	1	0
22	2	1	0
23	2	1	0
24	2	0	0
25	2	1	0
26	2	0	0
27	2	1	0
28	2	0	0
29	2	1	0
30	2	1	0
31	1	0	1
32	2	1	0
33	2	1	0
34	2	0	0
35	1	0	1
36	2	1	0
37	2	1	0
38	2	0	0
39	1	0	1
40	2	1	0
41	1	0	1
42	2	0	0
43	1	0	1
44	1	0	1
45	2	0	0
46	2	1	0
47	2	0	0
48	2	1	0
49	2	1	0
50	1	0	1
51	2	0	0
52	2	0	0
53	2	1	0
54	2	0	0
55	1	0	1
56	1	0	1
57	2	1	0
58	2	0	0
59	2	1	0
60	2	1	0
61	1	0	1
62	1	0	1
63	1	0	1
64	2	1	0
65	2	1	0
66	1	0	1
67	2	0	0
68	2	1	0
69	1	0	1
70	1	0	1
71	1	0	1
72	2	1	0
73	2	0	0
74	2	1	0
75	2	0	0
76	2	0	0
77	2	0	0
78	2	1	0
79	2	1	0
80	2	0	0
81	0	0	2
82	2	1	0
83	2	1	0
84	2	1	0
85	2	1	0
86	2	1	0
87	0	0	2
88	0	0	2
89	0	0	2
90	2	1	0
91	2	1	0
92	1	0	1
93	2	1	0
94	2	1	0
95	2	1	0
96	2	1	0
97	0	0	2
98	1	0	1
99	2	1	0
