Observation	Correct	FP	FN
0	5	6	0
1	5	7	0
2	5	5	0
3	5	6	0
4	5	6	0
5	5	5	0
6	5	5	0
7	5	7	0
8	5	6	0
9	5	5	0
10	5	7	0
11	5	5	0
12	5	5	0
13	5	5	0
14	5	3	0
15	5	5	0
16	5	6	0
17	5	7	0
18	5	7	0
19	5	7	0
20	5	5	0
21	5	7	0
22	5	6	0
23	5	7	0
24	5	6	0
25	5	5	0
26	5	6	0
27	5	5	0
28	5	5	0
29	5	4	0
30	5	6	0
31	5	6	0
32	5	3	0
33	5	7	0
34	5	6	0
35	5	7	0
36	5	5	0
37	5	6	0
38	5	4	0
39	5	3	0
40	5	7	0
41	5	7	0
42	5	6	0
43	5	6	0
44	5	6	0
45	5	5	0
46	5	6	0
47	5	3	0
48	5	6	0
49	5	6	0
50	5	7	0
51	5	6	0
52	5	6	0
53	5	6	0
54	5	6	0
55	5	4	0
56	5	7	0
57	5	6	0
58	5	4	0
59	5	7	0
60	5	6	0
61	5	6	0
62	5	4	0
63	5	7	0
64	5	6	0
65	5	6	0
66	5	6	0
67	5	4	0
68	5	6	0
69	5	6	0
70	5	3	0
71	5	4	0
72	5	7	0
73	5	6	0
74	5	3	0
75	5	3	0
76	5	7	0
77	5	6	0
78	5	6	0
79	5	6	0
80	5	5	0
81	5	6	0
82	5	3	0
83	5	6	0
84	5	4	0
85	5	4	0
86	5	4	0
87	5	6	0
88	5	4	0
89	5	6	0
90	5	7	0
91	5	4	0
92	5	6	0
93	5	3	0
94	4	6	1
95	5	3	0
96	5	7	0
97	5	4	0
98	5	4	0
99	5	4	0
