Observation	Correct	FP	FN
0	9	0	0
1	9	0	0
2	9	0	0
3	9	0	0
4	9	0	0
5	9	0	0
6	9	0	0
7	9	0	0
8	8	0	1
9	9	0	0
10	9	0	0
11	8	0	1
12	8	0	1
13	9	0	0
14	9	0	0
15	8	0	1
16	9	0	0
17	8	0	1
18	8	0	1
19	9	0	0
20	8	0	1
21	9	0	0
22	9	0	0
23	8	0	1
24	8	0	1
25	9	0	0
26	8	0	1
27	9	0	0
28	9	0	0
29	9	0	0
30	9	0	0
31	8	0	1
32	9	0	0
33	8	0	1
34	9	0	0
35	8	0	1
36	9	0	0
37	8	0	1
38	9	0	0
39	9	0	0
40	9	0	0
41	9	0	0
42	9	0	0
43	9	0	0
44	8	0	1
45	8	0	1
46	8	0	1
47	9	0	0
48	8	0	1
49	9	0	0
50	8	0	1
51	8	0	1
52	9	0	0
53	9	0	0
54	7	1	2
55	9	0	0
56	9	0	0
57	9	0	0
58	9	0	0
59	9	0	0
60	7	2	2
61	9	0	0
62	9	0	0
63	9	0	0
64	9	0	0
65	9	0	0
66	9	0	0
67	9	0	0
68	9	0	0
69	8	1	1
70	7	0	2
71	8	0	1
72	7	0	2
73	9	0	0
74	9	0	0
75	9	0	0
76	6	1	3
77	7	0	2
78	9	0	0
79	9	0	0
80	9	0	0
81	8	0	1
82	9	0	0
83	9	0	0
84	7	0	2
85	9	0	0
86	6	2	3
87	6	3	3
88	7	2	2
89	6	3	3
90	7	2	2
91	9	0	0
92	9	0	0
93	7	2	2
94	6	2	3
95	9	0	0
96	9	0	0
97	9	0	0
98	9	0	0
99	5	4	4
