Observation	Correct	FP	FN
0	11	0	0
1	11	0	0
2	11	0	0
3	11	0	0
4	11	0	0
5	11	0	0
6	11	0	0
7	11	0	0
8	11	0	0
9	11	0	0
10	10	0	1
11	11	0	0
12	11	0	0
13	11	0	0
14	11	0	0
15	11	0	0
16	11	0	0
17	11	0	0
18	11	0	0
19	11	0	0
20	11	0	0
21	11	0	0
22	11	0	0
23	11	0	0
24	10	0	1
25	11	0	0
26	11	0	0
27	10	0	1
28	10	0	1
29	11	0	0
30	11	0	0
31	11	0	0
32	10	0	1
33	10	0	1
34	11	0	0
35	11	0	0
36	11	0	0
37	10	0	1
38	11	0	0
39	11	0	0
40	11	0	0
41	10	0	1
42	10	0	1
43	11	0	0
44	11	0	0
45	10	0	1
46	10	0	1
47	10	0	1
48	10	0	1
49	11	0	0
50	11	0	0
51	10	0	1
52	11	0	0
53	10	0	1
54	11	0	0
55	10	0	1
56	10	0	1
57	11	0	0
58	11	0	0
59	10	0	1
60	11	0	0
61	11	0	0
62	11	0	0
63	11	0	0
64	11	0	0
65	11	0	0
66	11	0	0
67	10	0	1
68	11	0	0
69	10	0	1
70	10	0	1
71	11	0	0
72	11	0	0
73	10	0	1
74	11	0	0
75	11	0	0
76	10	0	1
77	10	0	1
78	9	0	2
79	9	0	2
80	9	0	2
81	9	0	2
82	10	0	1
83	11	0	0
84	9	0	2
85	10	0	1
86	10	0	1
87	9	0	2
88	9	0	2
89	9	0	2
90	9	0	2
91	11	0	0
92	11	0	0
93	9	0	2
94	11	0	0
95	11	0	0
96	10	0	1
97	10	0	1
98	9	0	2
99	9	0	2
