Observation	Correct	FP	FN
0	4	6	0
1	4	6	0
2	4	6	0
3	4	6	0
4	4	6	0
5	4	6	0
6	4	6	0
7	4	6	0
8	4	6	0
9	4	6	0
10	4	6	0
11	4	5	0
12	4	6	0
13	4	5	0
14	4	6	0
15	4	5	0
16	4	6	0
17	4	6	0
18	4	6	0
19	4	6	0
20	4	6	0
21	4	6	0
22	4	5	0
23	4	6	0
24	4	6	0
25	4	6	0
26	4	6	0
27	4	6	0
28	4	5	0
29	4	6	0
30	4	5	0
31	4	6	0
32	4	6	0
33	4	6	0
34	4	6	0
35	4	5	0
36	4	6	0
37	4	6	0
38	4	5	0
39	4	6	0
40	4	6	0
41	4	6	0
42	4	6	0
43	4	6	0
44	4	6	0
45	4	6	0
46	4	6	0
47	4	6	0
48	4	6	0
49	4	6	0
50	4	5	0
51	4	6	0
52	4	6	0
53	4	5	0
54	4	5	0
55	4	6	0
56	4	6	0
57	4	6	0
58	4	6	0
59	4	6	0
60	4	6	0
61	4	6	0
62	4	5	0
63	4	6	0
64	4	6	0
65	4	6	0
66	4	6	0
67	4	6	0
68	4	6	0
69	4	6	0
70	4	6	0
71	4	6	0
72	4	6	0
73	4	5	0
74	4	6	0
75	4	6	0
76	4	6	0
77	4	6	0
78	4	6	0
79	4	6	0
80	4	6	0
81	4	6	0
82	4	6	0
83	4	6	0
84	4	6	0
85	4	6	0
86	4	6	0
87	4	6	0
88	4	5	0
89	4	6	0
90	4	6	0
91	4	6	0
92	4	6	0
93	4	6	0
94	4	6	0
95	4	6	0
96	4	6	0
97	4	6	0
98	4	6	0
99	4	6	0
