Observation	Correct	FP	FN
0	2	0	0
1	2	0	0
2	2	0	0
3	2	0	0
4	2	0	0
5	2	0	0
6	2	0	0
7	2	0	0
8	2	0	0
9	2	0	0
10	2	0	0
11	2	0	0
12	2	0	0
13	2	0	0
14	2	0	0
15	2	0	0
16	2	0	0
17	2	0	0
18	2	0	0
19	2	1	0
20	2	1	0
21	2	1	0
22	2	1	0
23	2	0	0
24	2	1	0
25	2	1	0
26	2	0	0
27	2	1	0
28	2	0	0
29	2	0	0
30	1	0	1
31	2	0	0
32	2	0	0
33	2	1	0
34	2	1	0
35	1	0	1
36	1	0	1
37	2	0	0
38	2	1	0
39	2	0	0
40	2	0	0
41	1	0	1
42	2	1	0
43	2	0	0
44	1	0	1
45	2	0	0
46	2	0	0
47	1	0	1
48	2	1	0
49	2	0	0
50	2	1	0
51	1	0	1
52	2	1	0
53	1	0	1
54	2	0	0
55	2	1	0
56	2	1	0
57	1	0	1
58	2	0	0
59	2	1	0
60	1	0	1
61	2	1	0
62	0	0	2
63	2	1	0
64	2	1	0
65	2	1	0
66	0	0	2
67	2	1	0
68	2	1	0
69	2	0	0
70	2	1	0
71	2	1	0
72	0	0	2
73	2	1	0
74	2	0	0
75	2	1	0
76	0	0	2
77	2	0	0
78	0	0	2
79	1	0	1
80	2	1	0
81	2	1	0
82	2	1	0
83	2	1	0
84	2	1	0
85	2	1	0
86	2	0	0
87	2	1	0
88	2	1	0
89	2	1	0
90	2	1	0
91	0	0	2
92	2	0	0
93	0	0	2
94	2	1	0
95	0	0	2
96	2	1	0
97	2	1	0
98	0	0	2
99	2	1	0
