Observation	Correct	FP	FN
0	2	0	0
1	2	0	0
2	2	0	0
3	2	0	0
4	2	0	0
5	2	0	0
6	2	0	0
7	2	0	0
8	2	0	0
9	2	0	0
10	2	1	0
11	2	0	0
12	2	0	0
13	2	1	0
14	2	1	0
15	2	0	0
16	2	0	0
17	2	1	0
18	2	1	0
19	2	1	0
20	2	0	0
21	2	0	0
22	2	0	0
23	2	0	0
24	2	0	0
25	2	0	0
26	2	0	0
27	2	0	0
28	2	1	0
29	2	0	0
30	1	0	1
31	2	0	0
32	2	0	0
33	2	1	0
34	2	1	0
35	2	0	0
36	2	1	0
37	2	0	0
38	2	1	0
39	1	0	1
40	1	0	1
41	1	0	1
42	2	0	0
43	2	0	0
44	2	1	0
45	2	0	0
46	2	1	0
47	2	0	0
48	1	0	1
49	1	0	1
50	2	0	0
51	2	1	0
52	2	0	0
53	2	0	0
54	2	0	0
55	2	0	0
56	2	1	0
57	2	1	0
58	1	0	1
59	2	0	0
60	2	0	0
61	2	1	0
62	1	0	1
63	1	0	1
64	1	0	1
65	2	1	0
66	2	1	0
67	1	0	1
68	2	1	0
69	2	0	0
70	2	0	0
71	1	0	1
72	2	0	0
73	2	1	0
74	1	0	1
75	2	1	0
76	2	0	0
77	2	1	0
78	2	0	0
79	1	0	1
80	2	0	0
81	0	0	2
82	2	1	0
83	1	0	1
84	1	0	1
85	2	1	0
86	2	1	0
87	0	0	2
88	2	1	0
89	2	0	0
90	0	0	2
91	2	1	0
92	2	0	0
93	1	0	1
94	0	0	2
95	0	0	2
96	2	0	0
97	0	0	2
98	0	0	2
99	2	0	0
