Observation	Correct	FP	FN
0	13	7	0
1	13	7	0
2	13	6	0
3	13	7	0
4	13	6	0
5	13	7	0
6	13	5	0
7	13	7	0
8	13	5	0
9	13	7	0
10	13	7	0
11	13	6	0
12	13	7	0
13	13	5	0
14	13	6	0
15	13	7	0
16	13	7	0
17	13	6	0
18	13	7	0
19	13	7	0
20	13	5	0
21	13	6	0
22	13	5	0
23	13	5	0
24	13	7	0
25	13	7	0
26	13	5	0
27	13	7	0
28	13	7	0
29	13	5	0
30	13	5	0
31	13	5	0
32	13	6	0
33	13	7	0
34	13	6	0
35	13	5	0
36	13	6	0
37	13	7	0
38	13	5	0
39	13	5	0
40	13	5	0
41	13	6	0
42	13	5	0
43	13	5	0
44	13	7	0
45	13	7	0
46	13	5	0
47	13	5	0
48	13	6	0
49	13	5	0
50	13	6	0
51	13	5	0
52	13	5	0
53	13	7	0
54	13	7	0
55	13	7	0
56	13	7	0
57	13	7	0
58	13	5	0
59	13	7	0
60	13	5	0
61	13	5	0
62	13	7	0
63	13	6	0
64	13	7	0
65	13	7	0
66	13	5	0
67	13	6	0
68	13	6	0
69	13	7	0
70	13	5	0
71	13	5	0
72	13	7	0
73	13	5	0
74	13	7	0
75	13	7	0
76	13	5	0
77	13	6	0
78	13	7	0
79	13	5	0
80	13	6	0
81	13	5	0
82	13	5	0
83	13	7	0
84	13	5	0
85	13	6	0
86	13	5	0
87	13	6	0
88	13	5	0
89	13	5	0
90	13	6	0
91	13	5	0
92	13	5	0
93	13	7	0
94	13	5	0
95	13	5	0
96	13	6	0
97	13	5	0
98	13	7	0
99	13	6	0
