Observation	Correct	FP	FN
0	6	0	0
1	6	0	0
2	6	0	0
3	6	0	0
4	6	1	0
5	6	1	0
6	5	0	1
7	6	1	0
8	5	0	1
9	5	0	1
10	5	0	1
11	6	0	0
12	5	0	1
13	6	1	0
14	6	0	0
15	6	1	0
16	5	0	1
17	6	1	0
18	6	1	0
19	5	0	1
20	6	1	0
21	5	0	1
22	5	0	1
23	5	0	1
24	5	0	1
25	6	1	0
26	5	0	1
27	5	0	1
28	5	0	1
29	5	0	1
30	5	0	1
31	6	0	0
32	6	1	0
33	5	0	1
34	6	1	0
35	6	0	0
36	5	0	1
37	5	0	1
38	5	0	1
39	5	0	1
40	6	1	0
41	6	2	0
42	6	1	0
43	5	0	1
44	6	1	0
45	6	2	0
46	6	0	0
47	6	2	0
48	6	2	0
49	6	2	0
50	5	0	1
51	5	0	1
52	5	0	1
53	6	2	0
54	6	2	0
55	6	2	0
56	5	0	1
57	6	1	0
58	6	2	0
59	5	0	1
60	5	0	1
61	6	2	0
62	6	2	0
63	6	0	0
64	5	0	1
65	6	0	0
66	5	0	1
67	6	0	0
68	6	2	0
69	6	2	0
70	5	0	1
71	5	0	1
72	6	2	0
73	6	2	0
74	5	0	1
75	5	0	1
76	5	0	1
77	6	2	0
78	6	2	0
79	5	0	1
80	6	2	0
81	5	0	1
82	6	3	0
83	5	0	1
84	6	0	0
85	5	0	1
86	6	3	0
87	6	2	0
88	6	2	0
89	5	0	1
90	5	0	1
91	5	0	1
92	6	3	0
93	6	1	0
94	5	0	1
95	5	0	1
96	5	0	1
97	6	3	0
98	6	3	0
99	5	0	1
