Observation	Correct	FP	FN
0	12	1	0
1	12	1	0
2	12	1	0
3	12	1	0
4	12	1	0
5	12	1	0
6	12	1	0
7	12	1	0
8	11	1	1
9	12	1	0
10	12	1	0
11	12	1	0
12	12	1	0
13	11	1	1
14	12	1	0
15	11	1	1
16	12	1	0
17	12	1	0
18	11	1	1
19	12	1	0
20	11	1	1
21	12	1	0
22	12	1	0
23	12	1	0
24	12	1	0
25	12	1	0
26	12	1	0
27	11	1	1
28	11	1	1
29	11	1	1
30	12	1	0
31	12	1	0
32	11	1	1
33	12	1	0
34	10	1	2
35	12	1	0
36	11	1	1
37	12	1	0
38	12	1	0
39	12	1	0
40	11	1	1
41	12	2	0
42	12	2	0
43	12	1	0
44	12	1	0
45	12	1	0
46	12	1	0
47	12	2	0
48	12	1	0
49	12	1	0
50	12	1	0
51	12	2	0
52	10	1	2
53	10	1	2
54	11	1	1
55	10	1	2
56	11	1	1
57	12	2	0
58	12	1	0
59	10	1	2
60	12	2	0
61	12	1	0
62	12	2	0
63	12	2	0
64	12	2	0
65	10	1	2
66	10	1	2
67	12	1	0
68	12	2	0
69	11	1	1
70	12	2	0
71	12	1	0
72	12	2	0
73	12	2	0
74	10	1	2
75	10	1	2
76	12	1	0
77	12	1	0
78	12	1	0
79	12	1	0
80	10	1	2
81	12	2	0
82	10	1	2
83	11	1	1
84	12	1	0
85	10	1	2
86	12	2	0
87	12	1	0
88	10	1	2
89	10	1	2
90	12	2	0
91	12	2	0
92	10	1	2
93	12	1	0
94	10	1	2
95	10	1	2
96	12	1	0
97	12	2	0
98	10	1	2
99	10	1	2
