Observation	Correct	FP	FN
0	2	0	0
1	2	0	0
2	2	0	0
3	2	0	0
4	2	0	0
5	2	0	0
6	2	0	0
7	2	0	0
8	2	0	0
9	2	0	0
10	2	0	0
11	2	0	0
12	2	0	0
13	2	0	0
14	2	1	0
15	2	0	0
16	2	0	0
17	2	0	0
18	2	0	0
19	2	0	0
20	2	0	0
21	2	0	0
22	2	0	0
23	2	0	0
24	2	0	0
25	2	1	0
26	2	1	0
27	1	0	1
28	2	0	0
29	2	1	0
30	1	0	1
31	2	0	0
32	2	0	0
33	1	0	1
34	1	0	1
35	2	0	0
36	1	0	1
37	2	0	0
38	2	0	0
39	1	0	1
40	2	1	0
41	2	0	0
42	2	0	0
43	2	0	0
44	1	0	1
45	1	0	1
46	2	0	0
47	2	0	0
48	2	1	0
49	2	1	0
50	2	0	0
51	1	0	1
52	1	0	1
53	2	0	0
54	2	0	0
55	2	1	0
56	0	0	2
57	1	0	1
58	0	0	2
59	2	0	0
60	2	1	0
61	2	1	0
62	1	0	1
63	2	0	0
64	0	0	2
65	2	1	0
66	0	0	2
67	2	1	0
68	2	1	0
69	2	1	0
70	2	1	0
71	1	0	1
72	2	1	0
73	2	0	0
74	1	0	1
75	1	0	1
76	1	0	1
77	2	1	0
78	0	0	2
79	2	1	0
80	2	0	0
81	2	0	0
82	2	1	0
83	2	1	0
84	2	1	0
85	2	1	0
86	1	0	1
87	2	0	0
88	2	1	0
89	0	0	2
90	0	0	2
91	2	1	0
92	2	1	0
93	0	0	2
94	2	1	0
95	0	0	2
96	1	0	1
97	2	1	0
98	2	1	0
99	0	0	2
