Observation	Correct	FP	FN
0	2	0	0
1	2	0	0
2	2	0	0
3	2	0	0
4	2	0	0
5	2	0	0
6	2	0	0
7	2	0	0
8	2	0	0
9	2	0	0
10	2	0	0
11	2	0	0
12	2	0	0
13	2	0	0
14	2	0	0
15	2	0	0
16	2	0	0
17	2	0	0
18	2	0	0
19	2	1	0
20	2	1	0
21	2	1	0
22	2	0	0
23	2	0	0
24	2	1	0
25	2	0	0
26	2	0	0
27	1	0	1
28	1	0	1
29	2	0	0
30	2	0	0
31	2	1	0
32	1	0	1
33	2	1	0
34	2	0	0
35	2	1	0
36	2	0	0
37	2	0	0
38	2	0	0
39	1	0	1
40	1	0	1
41	2	0	0
42	2	1	0
43	2	1	0
44	2	0	0
45	1	0	1
46	1	0	1
47	2	1	0
48	2	1	0
49	2	1	0
50	2	1	0
51	1	0	1
52	2	0	0
53	1	0	1
54	1	0	1
55	2	1	0
56	2	0	0
57	2	1	0
58	1	0	1
59	2	0	0
60	1	0	1
61	1	0	1
62	2	0	0
63	2	0	0
64	0	0	2
65	2	0	0
66	2	0	0
67	0	0	2
68	2	1	0
69	2	0	0
70	2	0	0
71	1	0	1
72	0	0	2
73	2	1	0
74	1	0	1
75	1	0	1
76	2	1	0
77	2	0	0
78	2	1	0
79	2	0	0
80	2	1	0
81	2	1	0
82	2	0	0
83	2	1	0
84	2	1	0
85	2	0	0
86	2	0	0
87	2	1	0
88	2	2	0
89	2	0	0
90	2	2	0
91	0	0	2
92	2	2	0
93	2	0	0
94	0	0	2
95	0	0	2
96	2	2	0
97	2	1	0
98	0	0	2
99	0	0	2
