Observation	Correct	FP	FN
0	2	0	0
1	2	0	0
2	2	0	0
3	2	0	0
4	2	0	0
5	2	0	0
6	2	0	0
7	2	0	0
8	2	0	0
9	2	0	0
10	2	0	0
11	2	0	0
12	2	0	0
13	2	0	0
14	2	0	0
15	2	0	0
16	2	0	0
17	2	0	0
18	2	1	0
19	2	0	0
20	2	0	0
21	2	1	0
22	2	1	0
23	2	1	0
24	2	0	0
25	2	1	0
26	2	1	0
27	2	1	0
28	2	1	0
29	2	1	0
30	2	1	0
31	1	0	1
32	2	0	0
33	2	0	0
34	1	0	1
35	2	1	0
36	2	1	0
37	2	0	0
38	2	0	0
39	2	1	0
40	1	0	1
41	2	0	0
42	2	1	0
43	2	1	0
44	2	1	0
45	2	0	0
46	2	0	0
47	2	1	0
48	2	1	0
49	2	1	0
50	2	0	0
51	2	1	0
52	1	0	1
53	2	1	0
54	1	0	1
55	2	1	0
56	1	0	1
57	2	1	0
58	2	0	0
59	2	0	0
60	1	0	1
61	2	0	0
62	1	0	1
63	2	0	0
64	2	0	0
65	2	0	0
66	2	1	0
67	2	0	0
68	2	0	0
69	2	0	0
70	2	1	0
71	2	0	0
72	1	0	1
73	1	0	1
74	2	1	0
75	1	0	1
76	1	0	1
77	2	1	0
78	2	1	0
79	1	0	1
80	2	0	0
81	2	1	0
82	2	1	0
83	2	1	0
84	2	0	0
85	2	0	0
86	2	1	0
87	2	1	0
88	2	1	0
89	2	1	0
90	2	1	0
91	0	0	2
92	2	1	0
93	0	0	2
94	1	0	1
95	2	1	0
96	2	1	0
97	0	0	2
98	2	1	0
99	0	0	2
