Observation	Correct	FP	FN
0	4	0	0
1	4	0	0
2	4	0	0
3	4	0	0
4	4	0	0
5	4	0	0
6	4	0	0
7	4	1	0
8	4	0	0
9	4	0	0
10	4	0	0
11	4	0	0
12	4	0	0
13	4	0	0
14	4	1	0
15	4	0	0
16	4	1	0
17	4	0	0
18	4	0	0
19	4	0	0
20	4	0	0
21	4	0	0
22	4	0	0
23	4	0	0
24	4	0	0
25	4	0	0
26	4	0	0
27	4	1	0
28	4	0	0
29	4	0	0
30	3	0	1
31	4	0	0
32	4	0	0
33	4	0	0
34	4	0	0
35	4	1	0
36	4	1	0
37	3	0	1
38	4	0	0
39	4	0	0
40	4	0	0
41	4	0	0
42	4	0	0
43	4	0	0
44	4	1	0
45	3	0	1
46	4	1	0
47	4	0	0
48	4	2	0
49	4	1	0
50	2	0	2
51	4	2	0
52	4	0	0
53	4	0	0
54	4	0	0
55	4	0	0
56	4	1	0
57	3	0	1
58	4	2	0
59	4	1	0
60	4	2	0
61	4	0	0
62	2	0	2
63	4	0	0
64	4	0	0
65	4	0	0
66	4	1	0
67	3	0	1
68	3	0	1
69	4	0	0
70	3	0	1
71	3	0	1
72	4	2	0
73	4	2	0
74	4	1	0
75	4	1	0
76	3	0	1
77	3	0	1
78	4	2	0
79	4	2	0
80	4	0	0
81	1	0	3
82	4	0	0
83	4	1	0
84	4	1	0
85	1	0	3
86	4	1	0
87	3	0	1
88	0	0	4
89	0	0	4
90	3	0	1
91	1	0	3
92	0	0	4
93	4	2	0
94	4	1	0
95	1	0	3
96	0	0	4
97	3	0	1
98	3	0	1
99	4	2	0
