Observation	Correct	FP	FN
0	2	0	0
1	2	0	0
2	2	0	0
3	2	0	0
4	2	0	0
5	2	0	0
6	2	0	0
7	2	0	0
8	2	0	0
9	2	0	0
10	2	0	0
11	2	0	0
12	2	0	0
13	2	0	0
14	2	0	0
15	2	0	0
16	2	0	0
17	2	0	0
18	2	0	0
19	2	1	0
20	2	0	0
21	2	0	0
22	2	0	0
23	2	0	0
24	2	0	0
25	2	1	0
26	2	0	0
27	2	0	0
28	2	1	0
29	2	1	0
30	1	0	1
31	2	0	0
32	2	0	0
33	2	0	0
34	2	1	0
35	2	0	0
36	1	0	1
37	2	1	0
38	1	0	1
39	1	0	1
40	2	0	0
41	1	0	1
42	2	0	0
43	1	0	1
44	2	1	0
45	1	0	1
46	2	1	0
47	1	0	1
48	2	0	0
49	2	0	0
50	2	0	0
51	2	0	0
52	2	1	0
53	1	0	1
54	1	0	1
55	1	0	1
56	2	1	0
57	2	1	0
58	2	1	0
59	1	0	1
60	2	0	0
61	2	1	0
62	2	0	0
63	2	0	0
64	2	1	0
65	2	0	0
66	2	1	0
67	1	0	1
68	2	1	0
69	2	1	0
70	2	0	0
71	2	0	0
72	0	0	2
73	2	1	0
74	2	0	0
75	2	1	0
76	2	1	0
77	2	0	0
78	2	1	0
79	2	1	0
80	2	0	0
81	2	0	0
82	0	0	2
83	2	1	0
84	2	0	0
85	2	1	0
86	0	0	2
87	2	1	0
88	2	1	0
89	2	0	0
90	2	1	0
91	2	1	0
92	0	0	2
93	2	0	0
94	2	0	0
95	0	0	2
96	2	1	0
97	0	0	2
98	2	1	0
99	0	0	2
