Observation	Correct	FP	FN
0	1	1	0
1	1	0	0
2	1	0	0
3	1	2	0
4	1	2	0
5	1	1	0
6	1	0	0
7	1	2	0
8	1	2	0
9	1	3	0
10	1	3	0
11	1	0	0
12	1	3	0
13	1	3	0
14	1	0	0
15	1	0	0
16	1	0	0
17	1	0	0
18	1	0	0
19	1	0	0
20	1	0	0
21	1	3	0
22	1	4	0
23	1	2	0
24	1	2	0
25	1	0	0
26	1	2	0
27	1	0	0
28	1	0	0
29	1	0	0
30	1	3	0
31	1	2	0
32	1	0	0
33	1	3	0
34	1	0	0
35	1	2	0
36	1	3	0
37	1	0	0
38	1	2	0
39	1	4	0
40	1	0	0
41	1	0	0
42	1	2	0
43	1	5	0
44	1	4	0
45	1	0	0
46	1	3	0
47	1	5	0
48	1	0	0
49	1	2	0
50	1	5	0
51	1	3	0
52	1	0	0
53	1	3	0
54	1	4	0
55	1	0	0
56	1	5	0
57	1	0	0
58	1	5	0
59	1	4	0
60	1	5	0
61	1	0	0
62	1	1	0
63	1	0	0
64	0	0	1
65	1	0	0
66	1	0	0
67	1	5	0
68	1	3	0
69	0	0	1
70	1	5	0
71	0	0	1
72	1	5	0
73	1	5	0
74	1	0	0
75	1	0	0
76	1	5	0
77	1	5	0
78	1	0	0
79	1	2	0
80	1	3	0
81	1	5	0
82	1	1	0
83	1	1	0
84	0	0	1
85	0	0	1
86	1	0	0
87	0	0	1
88	1	2	0
89	1	5	0
90	1	5	0
91	1	2	0
92	1	5	0
93	1	5	0
94	1	0	0
95	1	1	0
96	0	0	1
97	0	0	1
98	1	5	0
99	0	0	1
