Observation	Correct	FP	FN
0	2	0	0
1	2	0	0
2	2	0	0
3	2	0	0
4	2	0	0
5	2	0	0
6	2	0	0
7	2	0	0
8	2	0	0
9	2	0	0
10	2	0	0
11	2	0	0
12	2	0	0
13	2	0	0
14	2	0	0
15	2	0	0
16	2	0	0
17	2	0	0
18	2	1	0
19	2	0	0
20	2	0	0
21	2	1	0
22	2	1	0
23	2	0	0
24	2	0	0
25	1	0	1
26	2	0	0
27	2	0	0
28	2	1	0
29	2	0	0
30	2	1	0
31	1	0	1
32	2	1	0
33	2	1	0
34	2	1	0
35	2	0	0
36	2	1	0
37	2	0	0
38	2	0	0
39	2	1	0
40	2	1	0
41	1	0	1
42	1	0	1
43	2	1	0
44	2	0	0
45	2	0	0
46	1	0	1
47	1	0	1
48	2	0	0
49	2	1	0
50	2	0	0
51	2	1	0
52	2	0	0
53	2	0	0
54	2	0	0
55	1	0	1
56	2	0	0
57	1	0	1
58	2	0	0
59	2	1	0
60	2	1	0
61	2	1	0
62	0	0	2
63	2	1	0
64	2	0	0
65	0	0	2
66	2	1	0
67	2	0	0
68	2	1	0
69	2	0	0
70	0	0	2
71	0	0	2
72	2	0	0
73	0	0	2
74	2	1	0
75	2	1	0
76	0	0	2
77	0	0	2
78	2	1	0
79	2	0	0
80	2	1	0
81	2	0	0
82	2	1	0
83	0	0	2
84	1	0	1
85	2	1	0
86	2	1	0
87	1	0	1
88	2	0	0
89	1	0	1
90	2	1	0
91	2	0	0
92	0	0	2
93	0	0	2
94	2	1	0
95	0	0	2
96	0	0	2
97	0	0	2
98	2	1	0
99	2	1	0
