Observation	Correct	FP	FN
0	2	3	0
1	2	3	0
2	2	3	0
3	2	2	0
4	2	3	0
5	2	2	0
6	2	2	0
7	2	2	0
8	2	3	0
9	2	3	0
10	2	4	0
11	2	2	0
12	2	1	0
13	2	3	0
14	2	3	0
15	2	3	0
16	2	1	0
17	2	3	0
18	2	3	0
19	2	3	0
20	2	1	0
21	2	5	0
22	2	3	0
23	2	1	0
24	2	3	0
25	2	3	0
26	2	4	0
27	2	5	0
28	2	3	0
29	2	4	0
30	2	0	0
31	2	2	0
32	2	3	0
33	2	5	0
34	1	0	1
35	1	0	1
36	2	2	0
37	2	5	0
38	2	5	0
39	2	3	0
40	2	5	0
41	2	4	0
42	2	4	0
43	2	0	0
44	2	0	0
45	2	1	0
46	2	4	0
47	2	5	0
48	2	4	0
49	1	0	1
50	1	0	1
51	2	2	0
52	2	4	0
53	1	0	1
54	2	5	0
55	2	5	0
56	2	4	0
57	2	3	0
58	2	5	0
59	1	0	1
60	1	2	1
61	2	5	0
62	2	3	0
63	1	0	1
64	2	3	0
65	2	5	0
66	2	0	0
67	2	5	0
68	2	3	0
69	2	0	0
70	1	2	1
71	2	4	0
72	1	0	1
73	1	2	1
74	2	5	0
75	2	5	0
76	1	0	1
77	2	5	0
78	2	0	0
79	2	5	0
80	1	0	1
81	2	5	0
82	1	2	1
83	2	5	0
84	2	3	0
85	0	0	2
86	2	3	0
87	0	0	2
88	2	5	0
89	1	2	1
90	1	3	1
91	2	0	0
92	1	0	1
93	0	0	2
94	1	3	1
95	2	4	0
96	2	3	0
97	2	4	0
98	0	1	2
99	2	5	0
