Observation	Correct	FP	FN
0	8	4	0
1	8	4	0
2	8	4	0
3	8	4	0
4	8	4	0
5	8	4	0
6	8	4	0
7	8	4	0
8	8	4	0
9	8	4	0
10	8	4	0
11	8	3	0
12	8	4	0
13	8	4	0
14	8	4	0
15	8	4	0
16	8	4	0
17	8	4	0
18	8	4	0
19	8	3	0
20	8	3	0
21	8	5	0
22	8	4	0
23	8	3	0
24	8	3	0
25	8	4	0
26	8	5	0
27	8	4	0
28	8	3	0
29	8	3	0
30	8	4	0
31	8	4	0
32	8	4	0
33	8	4	0
34	8	5	0
35	8	3	0
36	8	5	0
37	8	3	0
38	8	4	0
39	8	5	0
40	8	5	0
41	8	5	0
42	8	5	0
43	8	5	0
44	8	3	0
45	8	2	0
46	8	5	0
47	8	2	0
48	8	2	0
49	8	3	0
50	8	5	0
51	8	6	0
52	8	3	0
53	8	6	0
54	8	4	0
55	8	6	0
56	8	5	0
57	8	5	0
58	8	5	0
59	8	5	0
60	8	6	0
61	8	3	0
62	8	6	0
63	8	5	0
64	8	2	0
65	8	6	0
66	8	6	0
67	8	4	0
68	8	5	0
69	8	3	0
70	8	5	0
71	8	5	0
72	8	5	0
73	8	3	0
74	8	4	0
75	8	4	0
76	8	3	0
77	8	5	0
78	8	2	0
79	8	4	0
80	8	4	0
81	8	6	0
82	8	5	0
83	8	6	0
84	8	2	0
85	8	5	0
86	8	3	0
87	8	3	0
88	8	6	0
89	8	2	0
90	8	5	0
91	8	3	0
92	8	2	0
93	8	5	0
94	8	6	0
95	8	4	0
96	8	6	0
97	8	5	0
98	8	7	0
99	8	2	0
