Observation	Correct	FP	FN
0	2	0	0
1	2	0	0
2	2	0	0
3	2	0	0
4	2	0	0
5	2	0	0
6	2	0	0
7	2	1	0
8	2	1	0
9	2	0	0
10	2	1	0
11	2	0	0
12	2	0	0
13	2	1	0
14	2	0	0
15	2	2	0
16	2	0	0
17	2	1	0
18	2	1	0
19	2	0	0
20	2	0	0
21	2	0	0
22	2	1	0
23	2	0	0
24	2	1	0
25	2	1	0
26	2	1	0
27	2	0	0
28	1	0	1
29	2	1	0
30	1	0	1
31	1	0	1
32	2	0	0
33	2	1	0
34	2	1	0
35	1	0	1
36	2	0	0
37	2	2	0
38	1	0	1
39	2	2	0
40	2	0	0
41	1	0	1
42	1	0	1
43	2	1	0
44	2	3	0
45	2	0	0
46	1	0	1
47	1	0	1
48	2	1	0
49	1	0	1
50	2	1	0
51	2	2	0
52	2	2	0
53	2	2	0
54	2	3	0
55	2	3	0
56	1	0	1
57	2	0	0
58	0	0	2
59	2	3	0
60	1	0	1
61	2	3	0
62	2	1	0
63	2	2	0
64	2	3	0
65	2	3	0
66	2	0	0
67	2	4	0
68	1	0	1
69	0	0	2
70	1	0	1
71	2	1	0
72	0	0	2
73	0	0	2
74	2	0	0
75	2	4	0
76	0	0	2
77	2	0	0
78	2	4	0
79	2	3	0
80	2	4	0
81	1	0	1
82	2	0	0
83	2	4	0
84	0	0	2
85	2	3	0
86	2	1	0
87	2	2	0
88	2	2	0
89	2	2	0
90	2	0	0
91	2	4	0
92	2	2	0
93	1	0	1
94	2	3	0
95	2	4	0
96	2	3	0
97	0	0	2
98	2	1	0
99	2	2	0
