Observation	Correct	FP	FN
0	8	5	0
1	8	5	0
2	8	5	0
3	8	5	0
4	8	5	0
5	8	6	0
6	8	6	0
7	8	4	0
8	8	4	0
9	8	4	0
10	8	4	0
11	8	6	0
12	8	5	0
13	8	6	0
14	8	6	0
15	8	6	0
16	8	5	0
17	8	5	0
18	8	6	0
19	8	4	0
20	8	5	0
21	8	5	0
22	8	5	0
23	8	5	0
24	8	5	0
25	8	4	0
26	8	6	0
27	8	6	0
28	8	6	0
29	8	6	0
30	8	4	0
31	8	6	0
32	8	5	0
33	8	6	0
34	8	4	0
35	8	4	0
36	8	4	0
37	8	7	0
38	8	4	0
39	8	5	0
40	8	5	0
41	8	4	0
42	8	4	0
43	8	4	0
44	8	4	0
45	8	6	0
46	8	3	0
47	8	6	0
48	8	5	0
49	8	3	0
50	8	4	0
51	8	6	0
52	8	5	0
53	8	7	0
54	8	5	0
55	8	5	0
56	8	4	0
57	8	7	0
58	8	5	0
59	8	5	0
60	8	5	0
61	8	5	0
62	8	4	0
63	8	6	0
64	8	7	0
65	8	4	0
66	8	4	0
67	8	5	0
68	8	4	0
69	8	4	0
70	8	3	0
71	8	3	0
72	8	7	0
73	8	2	0
74	8	7	0
75	8	2	0
76	8	6	0
77	8	7	0
78	8	6	0
79	8	2	0
80	8	7	0
81	8	2	0
82	8	5	0
83	8	6	0
84	8	7	0
85	8	6	0
86	8	6	0
87	8	2	0
88	8	7	0
89	8	7	0
90	8	2	0
91	8	6	0
92	8	3	0
93	8	4	0
94	8	7	0
95	8	2	0
96	8	4	0
97	8	1	0
98	8	7	0
99	8	7	0
