Observation	Correct	FP	FN
0	2	0	0
1	2	0	0
2	2	0	0
3	2	0	0
4	2	0	0
5	2	0	0
6	2	0	0
7	2	1	0
8	2	0	0
9	2	0	0
10	2	0	0
11	2	0	0
12	2	0	0
13	2	1	0
14	2	0	0
15	2	1	0
16	2	1	0
17	2	0	0
18	2	0	0
19	2	0	0
20	2	0	0
21	2	0	0
22	2	0	0
23	2	0	0
24	2	0	0
25	2	0	0
26	2	0	0
27	2	0	0
28	2	0	0
29	2	1	0
30	1	0	1
31	2	0	0
32	2	0	0
33	2	0	0
34	2	1	0
35	1	0	1
36	2	1	0
37	2	1	0
38	2	1	0
39	2	0	0
40	2	1	0
41	2	0	0
42	2	1	0
43	2	1	0
44	2	0	0
45	2	0	0
46	2	1	0
47	2	0	0
48	2	1	0
49	2	0	0
50	1	0	1
51	2	0	0
52	2	1	0
53	2	1	0
54	1	0	1
55	2	1	0
56	1	0	1
57	1	0	1
58	2	1	0
59	2	1	0
60	2	1	0
61	2	1	0
62	2	1	0
63	2	1	0
64	2	0	0
65	1	0	1
66	1	0	1
67	1	0	1
68	1	0	1
69	1	0	1
70	1	0	1
71	2	1	0
72	1	0	1
73	2	1	0
74	1	0	1
75	1	0	1
76	2	0	0
77	1	0	1
78	1	0	1
79	2	0	0
80	1	0	1
81	2	1	0
82	1	0	1
83	2	1	0
84	2	0	0
85	2	0	0
86	2	0	0
87	2	1	0
88	2	1	0
89	2	1	0
90	2	1	0
91	2	0	0
92	2	1	0
93	2	1	0
94	0	0	2
95	1	0	1
96	0	0	2
97	0	0	2
98	0	0	2
99	2	1	0
