Observation	Correct	FP	FN
0	2	0	0
1	2	0	0
2	2	1	0
3	2	1	0
4	2	0	0
5	2	1	0
6	2	0	0
7	2	1	0
8	2	0	0
9	2	0	0
10	2	1	0
11	2	0	0
12	2	1	0
13	2	0	0
14	2	1	0
15	2	1	0
16	2	2	0
17	2	1	0
18	2	0	0
19	2	1	0
20	2	3	0
21	2	2	0
22	2	2	0
23	2	0	0
24	2	0	0
25	1	0	1
26	2	4	0
27	1	0	1
28	2	1	0
29	1	0	1
30	2	4	0
31	2	0	0
32	2	1	0
33	2	2	0
34	2	2	0
35	2	2	0
36	1	0	1
37	2	0	0
38	2	4	0
39	1	0	1
40	1	0	1
41	2	1	0
42	1	0	1
43	1	0	1
44	2	2	0
45	2	1	0
46	1	0	1
47	2	2	0
48	1	0	1
49	2	0	0
50	2	2	0
51	2	0	0
52	2	1	0
53	2	5	0
54	1	0	1
55	1	0	1
56	2	0	0
57	1	0	1
58	2	0	0
59	2	3	0
60	2	5	0
61	2	5	0
62	1	1	1
63	2	3	0
64	2	2	0
65	2	3	0
66	1	0	1
67	2	3	0
68	1	0	1
69	2	5	0
70	2	5	0
71	2	5	0
72	2	1	0
73	2	5	0
74	1	1	1
75	1	1	1
76	1	0	1
77	2	5	0
78	2	0	0
79	1	0	1
80	2	1	0
81	2	1	0
82	2	3	0
83	2	5	0
84	0	0	2
85	0	0	2
86	2	0	0
87	2	5	0
88	2	5	0
89	0	0	2
90	0	0	2
91	1	1	1
92	2	3	0
93	0	0	2
94	2	5	0
95	2	4	0
96	0	0	2
97	2	1	0
98	0	0	2
99	0	0	2
