Observation	Correct	FP	FN
0	2	0	0
1	2	0	0
2	2	0	0
3	2	0	0
4	2	0	0
5	2	0	0
6	2	0	0
7	2	0	0
8	2	0	0
9	2	0	0
10	2	0	0
11	2	0	0
12	2	0	0
13	2	0	0
14	2	0	0
15	2	0	0
16	2	0	0
17	2	0	0
18	2	0	0
19	2	1	0
20	2	0	0
21	2	1	0
22	2	1	0
23	2	0	0
24	2	0	0
25	2	1	0
26	2	0	0
27	2	1	0
28	1	0	1
29	2	0	0
30	1	0	1
31	2	0	0
32	2	0	0
33	2	0	0
34	2	1	0
35	2	0	0
36	2	1	0
37	2	1	0
38	1	0	1
39	2	1	0
40	2	1	0
41	2	1	0
42	1	0	1
43	2	0	0
44	1	0	1
45	2	1	0
46	1	0	1
47	2	0	0
48	2	0	0
49	1	0	1
50	2	0	0
51	2	0	0
52	2	0	0
53	2	0	0
54	2	1	0
55	2	1	0
56	2	1	0
57	2	1	0
58	2	1	0
59	2	0	0
60	0	0	2
61	2	1	0
62	2	0	0
63	2	1	0
64	2	0	0
65	2	0	0
66	0	0	2
67	1	0	1
68	2	0	0
69	1	0	1
70	2	0	0
71	2	1	0
72	2	1	0
73	2	0	0
74	2	1	0
75	2	0	0
76	2	1	0
77	1	0	1
78	0	0	2
79	2	1	0
80	0	0	2
81	0	0	2
82	2	1	0
83	0	0	2
84	2	1	0
85	0	0	2
86	0	0	2
87	2	1	0
88	2	1	0
89	2	0	0
90	0	0	2
91	2	0	0
92	2	0	0
93	2	1	0
94	2	1	0
95	0	0	2
96	2	1	0
97	2	1	0
98	0	0	2
99	2	1	0
