Observation	Correct	FP	FN
0	8	1	0
1	8	1	0
2	8	0	0
3	8	1	0
4	8	2	0
5	8	3	0
6	8	2	0
7	8	1	0
8	8	0	0
9	8	2	0
10	8	1	0
11	8	3	0
12	8	3	0
13	8	0	0
14	8	1	0
15	8	2	0
16	8	2	0
17	8	2	0
18	8	3	0
19	8	3	0
20	8	2	0
21	8	3	0
22	8	0	0
23	8	1	0
24	8	2	0
25	8	0	0
26	8	3	0
27	8	1	0
28	8	0	0
29	8	3	0
30	8	0	0
31	8	3	0
32	8	2	0
33	8	1	0
34	8	0	0
35	8	0	0
36	8	2	0
37	8	3	0
38	8	1	0
39	8	0	0
40	8	3	0
41	8	0	0
42	8	1	0
43	8	1	0
44	8	3	0
45	8	3	0
46	8	1	0
47	8	3	0
48	8	0	0
49	8	2	0
50	8	0	0
51	8	1	0
52	8	2	0
53	8	0	0
54	8	0	0
55	8	0	0
56	8	3	0
57	8	3	0
58	8	1	0
59	8	3	0
60	8	3	0
61	8	0	0
62	8	0	0
63	8	2	0
64	8	1	0
65	8	3	0
66	8	3	0
67	8	1	0
68	8	3	0
69	7	0	1
70	8	3	0
71	8	2	0
72	7	0	1
73	8	3	0
74	7	0	1
75	6	0	2
76	8	2	0
77	8	3	0
78	8	3	0
79	7	0	1
80	7	0	1
81	8	2	0
82	8	2	0
83	5	0	3
84	8	2	0
85	6	0	2
86	8	2	0
87	7	0	1
88	7	0	1
89	7	0	1
90	5	0	3
91	8	2	0
92	8	3	0
93	8	3	0
94	8	2	0
95	8	3	0
96	8	3	0
97	7	2	1
98	8	3	0
99	5	0	3
