Observation	Correct	FP	FN
0	9	5	0
1	9	5	0
2	9	5	0
3	9	5	0
4	9	5	0
5	9	5	0
6	9	5	0
7	9	5	0
8	9	5	0
9	9	5	0
10	9	5	0
11	9	5	0
12	9	5	0
13	9	5	0
14	9	5	0
15	9	5	0
16	9	5	0
17	9	5	0
18	9	4	0
19	9	5	0
20	9	5	0
21	9	5	0
22	9	3	0
23	9	5	0
24	9	4	0
25	9	5	0
26	9	5	0
27	9	5	0
28	9	3	0
29	9	3	0
30	9	5	0
31	9	3	0
32	9	4	0
33	9	3	0
34	9	3	0
35	9	3	0
36	9	3	0
37	9	4	0
38	9	4	0
39	9	3	0
40	9	5	0
41	9	5	0
42	9	5	0
43	9	5	0
44	9	4	0
45	9	5	0
46	9	3	0
47	9	5	0
48	9	5	0
49	9	3	0
50	9	3	0
51	9	5	0
52	9	4	0
53	9	3	0
54	9	5	0
55	9	3	0
56	9	3	0
57	8	3	1
58	9	5	0
59	9	5	0
60	9	5	0
61	9	5	0
62	9	5	0
63	9	4	0
64	9	5	0
65	9	5	0
66	8	3	1
67	9	3	0
68	9	5	0
69	9	3	0
70	7	3	2
71	9	5	0
72	9	5	0
73	8	3	1
74	8	3	1
75	8	4	1
76	9	5	0
77	8	3	1
78	9	5	0
79	9	5	0
80	8	4	1
81	9	4	0
82	9	5	0
83	9	5	0
84	9	5	0
85	9	3	0
86	7	3	2
87	9	5	0
88	9	5	0
89	9	3	0
90	7	2	2
91	8	4	1
92	9	5	0
93	9	5	0
94	7	3	2
95	9	5	0
96	9	2	0
97	7	4	2
98	9	5	0
99	9	5	0
