Observation	Correct	FP	FN
0	2	0	0
1	2	0	0
2	2	0	0
3	2	1	0
4	2	0	0
5	2	0	0
6	2	1	0
7	2	0	0
8	2	1	0
9	2	1	0
10	2	1	0
11	2	1	0
12	2	0	0
13	2	1	0
14	2	0	0
15	2	1	0
16	2	1	0
17	2	0	0
18	2	0	0
19	2	0	0
20	2	0	0
21	2	1	0
22	2	1	0
23	2	0	0
24	2	0	0
25	2	0	0
26	2	0	0
27	2	1	0
28	2	0	0
29	2	0	0
30	2	1	0
31	2	0	0
32	2	0	0
33	2	0	0
34	2	1	0
35	2	0	0
36	2	1	0
37	2	0	0
38	2	1	0
39	2	1	0
40	2	0	0
41	2	0	0
42	1	0	1
43	2	1	0
44	2	1	0
45	2	0	0
46	2	1	0
47	1	0	1
48	1	0	1
49	1	0	1
50	2	1	0
51	2	0	0
52	2	1	0
53	2	0	0
54	2	1	0
55	2	0	0
56	2	0	0
57	2	1	0
58	1	0	1
59	1	0	1
60	2	1	0
61	2	1	0
62	2	0	0
63	2	0	0
64	2	1	0
65	2	1	0
66	2	0	0
67	2	1	0
68	2	0	0
69	2	1	0
70	1	0	1
71	1	0	1
72	2	1	0
73	1	0	1
74	2	0	0
75	2	1	0
76	2	0	0
77	2	1	0
78	1	0	1
79	2	1	0
80	1	0	1
81	1	0	1
82	2	0	0
83	1	0	1
84	2	0	0
85	2	1	0
86	2	1	0
87	2	0	0
88	1	0	1
89	2	1	0
90	2	1	0
91	2	1	0
92	0	0	2
93	0	0	2
94	1	0	1
95	0	0	2
96	2	1	0
97	2	1	0
98	2	1	0
99	2	1	0
