Observation	Correct	FP	FN
0	2	0	0
1	2	0	0
2	2	1	0
3	2	0	0
4	2	0	0
5	2	0	0
6	2	2	0
7	2	0	0
8	2	0	0
9	2	1	0
10	2	2	0
11	2	1	0
12	2	0	0
13	2	2	0
14	2	0	0
15	2	2	0
16	2	0	0
17	2	0	0
18	2	2	0
19	2	2	0
20	2	1	0
21	2	1	0
22	2	1	0
23	2	2	0
24	2	0	0
25	2	0	0
26	2	1	0
27	2	2	0
28	2	2	0
29	2	2	0
30	2	0	0
31	2	1	0
32	2	1	0
33	2	0	0
34	2	2	0
35	2	1	0
36	2	0	0
37	2	0	0
38	2	0	0
39	2	0	0
40	2	0	0
41	2	0	0
42	2	2	0
43	2	0	0
44	2	2	0
45	2	2	0
46	2	1	0
47	2	0	0
48	2	0	0
49	2	0	0
50	2	0	0
51	2	1	0
52	2	1	0
53	2	1	0
54	2	0	0
55	2	1	0
56	2	2	0
57	2	2	0
58	2	1	0
59	2	2	0
60	2	2	0
61	2	1	0
62	2	0	0
63	2	1	0
64	2	1	0
65	2	2	0
66	2	2	0
67	1	0	1
68	2	0	0
69	2	2	0
70	2	2	0
71	2	0	0
72	2	2	0
73	2	2	0
74	2	1	0
75	2	2	0
76	2	2	0
77	2	2	0
78	1	0	1
79	1	0	1
80	2	2	0
81	1	0	1
82	2	1	0
83	2	0	0
84	2	1	0
85	1	0	1
86	2	2	0
87	2	2	0
88	2	2	0
89	1	0	1
90	2	0	0
91	2	2	0
92	0	0	2
93	1	0	1
94	1	0	1
95	2	2	0
96	2	0	0
97	0	0	2
98	0	0	2
99	2	1	0
