Observation	Correct	FP	FN
0	5	0	0
1	5	0	0
2	5	0	0
3	5	0	0
4	5	0	0
5	4	0	1
6	5	0	0
7	5	0	0
8	5	0	0
9	4	0	1
10	4	0	1
11	5	0	0
12	4	0	1
13	5	0	0
14	4	0	1
15	5	0	0
16	5	0	0
17	4	0	1
18	4	0	1
19	5	0	0
20	5	0	0
21	5	0	0
22	4	0	1
23	5	0	0
24	4	0	1
25	5	0	0
26	4	0	1
27	5	0	0
28	5	0	0
29	5	0	0
30	5	0	0
31	5	0	0
32	5	0	0
33	4	0	1
34	4	0	1
35	5	0	0
36	4	0	1
37	5	1	0
38	4	0	1
39	5	0	0
40	4	0	1
41	4	0	1
42	5	0	0
43	5	0	0
44	4	0	1
45	5	0	0
46	5	0	0
47	5	0	0
48	5	1	0
49	5	0	0
50	4	0	1
51	5	0	0
52	5	1	0
53	4	0	1
54	5	0	0
55	4	0	1
56	5	0	0
57	4	0	1
58	4	0	1
59	5	0	0
60	4	0	1
61	5	1	0
62	4	0	1
63	4	0	1
64	4	0	1
65	4	0	1
66	4	0	1
67	4	0	1
68	5	0	0
69	5	1	0
70	5	1	0
71	5	1	0
72	5	0	0
73	4	0	1
74	4	0	1
75	5	1	0
76	4	0	1
77	5	1	0
78	4	0	1
79	5	0	0
80	5	1	0
81	5	0	0
82	5	1	0
83	4	0	1
84	4	0	1
85	5	0	0
86	5	0	0
87	4	0	1
88	5	1	0
89	4	0	1
90	5	1	0
91	4	0	1
92	5	1	0
93	5	1	0
94	5	1	0
95	5	1	0
96	4	0	1
97	5	0	0
98	5	0	0
99	4	0	1
