Observation	Correct	FP	FN
0	2	0	0
1	2	0	0
2	2	0	0
3	2	0	0
4	2	0	0
5	2	0	0
6	2	0	0
7	2	0	0
8	2	0	0
9	2	0	0
10	2	0	0
11	2	0	0
12	2	0	0
13	2	0	0
14	2	0	0
15	2	1	0
16	2	1	0
17	2	1	0
18	2	0	0
19	2	0	0
20	2	1	0
21	2	1	0
22	2	1	0
23	2	0	0
24	2	1	0
25	2	0	0
26	2	1	0
27	2	1	0
28	2	0	0
29	2	1	0
30	2	0	0
31	2	1	0
32	2	1	0
33	2	1	0
34	2	0	0
35	2	0	0
36	2	0	0
37	2	0	0
38	2	0	0
39	2	0	0
40	2	0	0
41	2	0	0
42	2	0	0
43	2	1	0
44	2	0	0
45	2	0	0
46	2	0	0
47	2	1	0
48	1	0	1
49	2	0	0
50	1	0	1
51	1	0	1
52	2	1	0
53	2	0	0
54	2	0	0
55	2	1	0
56	2	1	0
57	2	1	0
58	2	1	0
59	2	1	0
60	2	0	0
61	2	1	0
62	2	0	0
63	2	1	0
64	2	1	0
65	2	0	0
66	2	1	0
67	2	1	0
68	2	1	0
69	1	0	1
70	1	0	1
71	2	1	0
72	2	1	0
73	2	1	0
74	2	0	0
75	2	1	0
76	2	1	0
77	0	0	2
78	2	1	0
79	1	0	1
80	0	0	2
81	1	0	1
82	2	1	0
83	2	0	0
84	0	0	2
85	1	0	1
86	2	1	0
87	2	1	0
88	2	1	0
89	2	0	0
90	0	0	2
91	2	1	0
92	2	1	0
93	2	1	0
94	2	0	0
95	0	0	2
96	2	1	0
97	1	0	1
98	0	0	2
99	2	1	0
