Observation	Correct	FP	FN
0	2	1	0
1	2	2	0
2	2	1	0
3	2	1	0
4	2	1	0
5	2	1	0
6	2	2	0
7	2	2	0
8	2	1	0
9	2	2	0
10	2	2	0
11	2	2	0
12	2	2	0
13	2	1	0
14	2	2	0
15	2	2	0
16	2	2	0
17	2	1	0
18	2	2	0
19	2	1	0
20	2	1	0
21	2	1	0
22	2	2	0
23	2	1	0
24	2	1	0
25	2	1	0
26	2	1	0
27	2	2	0
28	2	1	0
29	2	1	0
30	2	2	0
31	2	1	0
32	2	1	0
33	2	2	0
34	2	1	0
35	2	2	0
36	2	1	0
37	2	1	0
38	2	1	0
39	2	2	0
40	2	2	0
41	2	1	0
42	2	2	0
43	2	1	0
44	2	2	0
45	2	2	0
46	2	2	0
47	2	1	0
48	2	1	0
49	2	1	0
50	2	1	0
51	2	1	0
52	2	2	0
53	2	1	0
54	1	1	1
55	1	1	1
56	2	1	0
57	2	1	0
58	2	1	0
59	2	1	0
60	2	2	0
61	2	2	0
62	2	2	0
63	2	2	0
64	2	2	0
65	2	2	0
66	1	0	1
67	2	2	0
68	1	0	1
69	1	0	1
70	2	2	0
71	2	2	0
72	2	2	0
73	1	1	1
74	2	2	0
75	2	2	0
76	2	0	0
77	2	2	0
78	2	2	0
79	1	1	1
80	2	2	0
81	1	0	1
82	1	0	1
83	2	2	0
84	1	0	1
85	2	2	0
86	2	2	0
87	1	1	1
88	2	2	0
89	2	2	0
90	2	2	0
91	0	0	2
92	1	1	1
93	1	1	1
94	0	0	2
95	2	2	0
96	2	2	0
97	0	0	2
98	2	2	0
99	0	0	2
