Observation	Correct	FP	FN
0	2	0	0
1	2	0	0
2	2	1	0
3	2	1	0
4	2	1	0
5	2	1	0
6	2	0	0
7	2	0	0
8	2	1	0
9	2	1	0
10	2	1	0
11	2	0	0
12	2	1	0
13	2	0	0
14	2	1	0
15	2	0	0
16	2	0	0
17	2	0	0
18	2	1	0
19	2	0	0
20	2	1	0
21	2	1	0
22	2	0	0
23	2	0	0
24	2	1	0
25	2	1	0
26	2	1	0
27	2	0	0
28	2	1	0
29	2	1	0
30	2	0	0
31	2	1	0
32	2	0	0
33	2	0	0
34	2	1	0
35	2	1	0
36	2	1	0
37	2	1	0
38	2	0	0
39	2	1	0
40	2	1	0
41	2	1	0
42	2	1	0
43	2	1	0
44	2	0	0
45	2	0	0
46	2	1	0
47	2	0	0
48	2	1	0
49	2	0	0
50	2	0	0
51	2	0	0
52	2	0	0
53	2	1	0
54	2	0	0
55	2	0	0
56	2	0	0
57	1	0	1
58	2	1	0
59	2	0	0
60	1	0	1
61	1	0	1
62	1	0	1
63	2	1	0
64	2	1	0
65	2	1	0
66	1	0	1
67	2	1	0
68	2	1	0
69	2	1	0
70	2	0	0
71	2	1	0
72	2	0	0
73	2	1	0
74	1	0	1
75	1	0	1
76	2	0	0
77	2	0	0
78	2	0	0
79	2	1	0
80	1	0	1
81	1	0	1
82	2	1	0
83	2	0	0
84	1	0	1
85	0	0	2
86	1	0	1
87	2	1	0
88	2	0	0
89	1	0	1
90	1	0	1
91	1	0	1
92	2	1	0
93	2	1	0
94	0	0	2
95	2	0	0
96	0	0	2
97	2	1	0
98	2	1	0
99	0	0	2
