Observation	Correct	FP	FN
0	5	0	0
1	4	0	1
2	5	0	0
3	5	0	0
4	5	0	0
5	5	0	0
6	5	0	0
7	4	0	1
8	4	0	1
9	5	0	0
10	5	1	0
11	5	0	0
12	4	0	1
13	4	0	1
14	4	0	1
15	4	0	1
16	5	1	0
17	5	1	0
18	4	0	1
19	5	1	0
20	5	0	0
21	4	0	1
22	5	0	0
23	5	0	0
24	5	1	0
25	4	0	1
26	5	1	0
27	4	0	1
28	5	0	0
29	4	0	1
30	5	1	0
31	4	0	1
32	4	0	1
33	5	1	0
34	4	0	1
35	4	0	1
36	5	1	0
37	4	0	1
38	4	0	1
39	5	1	0
40	4	0	1
41	5	0	0
42	5	0	0
43	5	1	0
44	4	0	1
45	5	1	0
46	4	0	1
47	4	0	1
48	5	1	0
49	5	0	0
50	5	1	0
51	4	0	1
52	5	1	0
53	4	0	1
54	4	0	1
55	4	0	1
56	4	0	1
57	5	1	0
58	5	1	0
59	4	0	1
60	5	1	0
61	5	1	0
62	4	0	1
63	4	0	1
64	4	0	1
65	5	1	0
66	4	0	1
67	5	1	0
68	4	0	1
69	4	0	1
70	4	0	1
71	5	0	0
72	5	1	0
73	4	0	1
74	5	1	0
75	5	1	0
76	4	0	1
77	4	0	1
78	5	1	0
79	5	1	0
80	4	0	1
81	4	0	1
82	5	1	0
83	4	0	1
84	4	0	1
85	4	0	1
86	5	1	0
87	5	2	0
88	5	2	0
89	4	0	1
90	4	0	1
91	4	0	1
92	5	2	0
93	4	0	1
94	5	1	0
95	4	0	1
96	5	1	0
97	5	0	0
98	4	0	1
99	5	2	0
