Observation	Correct	FP	FN
0	2	0	0
1	2	1	0
2	2	0	0
3	2	0	0
4	2	0	0
5	2	0	0
6	2	1	0
7	2	1	0
8	2	0	0
9	2	1	0
10	2	1	0
11	2	1	0
12	2	1	0
13	2	1	0
14	2	1	0
15	2	0	0
16	2	1	0
17	2	0	0
18	2	1	0
19	2	0	0
20	2	1	0
21	2	1	0
22	2	1	0
23	2	0	0
24	2	0	0
25	2	1	0
26	2	0	0
27	2	0	0
28	2	0	0
29	2	0	0
30	2	0	0
31	2	0	0
32	2	0	0
33	2	0	0
34	2	1	0
35	2	1	0
36	2	0	0
37	2	1	0
38	2	1	0
39	2	1	0
40	2	1	0
41	2	1	0
42	2	1	0
43	1	0	1
44	2	0	0
45	2	0	0
46	2	1	0
47	2	1	0
48	2	1	0
49	1	0	1
50	2	0	0
51	2	0	0
52	2	1	0
53	1	0	1
54	2	1	0
55	1	0	1
56	2	1	0
57	2	0	0
58	1	0	1
59	2	1	0
60	2	1	0
61	2	1	0
62	2	1	0
63	2	1	0
64	2	0	0
65	1	0	1
66	2	1	0
67	2	1	0
68	2	1	0
69	1	0	1
70	2	0	0
71	2	0	0
72	2	1	0
73	1	0	1
74	2	1	0
75	2	1	0
76	1	0	1
77	2	0	0
78	2	1	0
79	2	1	0
80	2	1	0
81	1	0	1
82	1	0	1
83	2	1	0
84	1	0	1
85	2	1	0
86	2	1	0
87	1	0	1
88	0	0	2
89	1	0	1
90	2	1	0
91	2	2	0
92	1	0	1
93	2	1	0
94	2	1	0
95	0	0	2
96	2	0	0
97	2	0	0
98	2	2	0
99	2	2	0
