Observation	Correct	FP	FN
0	2	0	0
1	2	0	0
2	2	1	0
3	2	1	0
4	2	1	0
5	2	1	0
6	2	0	0
7	2	0	0
8	2	1	0
9	2	0	0
10	2	0	0
11	2	1	0
12	2	0	0
13	2	1	0
14	2	0	0
15	2	1	0
16	2	0	0
17	2	1	0
18	2	0	0
19	2	0	0
20	2	0	0
21	2	1	0
22	2	0	0
23	2	1	0
24	2	1	0
25	2	0	0
26	2	1	0
27	2	0	0
28	2	0	0
29	2	1	0
30	2	0	0
31	2	0	0
32	2	1	0
33	2	1	0
34	2	1	0
35	2	1	0
36	2	0	0
37	2	1	0
38	2	0	0
39	2	0	0
40	2	1	0
41	2	0	0
42	2	0	0
43	2	1	0
44	2	1	0
45	1	0	1
46	2	0	0
47	2	0	0
48	2	1	0
49	2	1	0
50	2	0	0
51	2	0	0
52	2	1	0
53	2	1	0
54	1	0	1
55	2	0	0
56	2	1	0
57	2	0	0
58	1	0	1
59	2	1	0
60	2	1	0
61	1	0	1
62	1	0	1
63	2	1	0
64	1	0	1
65	1	0	1
66	2	1	0
67	2	1	0
68	2	1	0
69	2	1	0
70	1	0	1
71	2	1	0
72	0	0	2
73	2	1	0
74	1	0	1
75	2	0	0
76	2	1	0
77	1	0	1
78	2	0	0
79	2	1	0
80	1	0	1
81	2	0	0
82	2	1	0
83	2	1	0
84	2	1	0
85	2	1	0
86	0	0	2
87	2	1	0
88	0	0	2
89	2	0	0
90	2	1	0
91	1	0	1
92	2	1	0
93	2	1	0
94	2	0	0
95	2	1	0
96	2	1	0
97	0	0	2
98	0	0	2
99	0	0	2
