Observation	Correct	FP	FN
0	4	0	0
1	4	0	0
2	4	0	0
3	4	0	0
4	4	0	0
5	4	0	0
6	4	0	0
7	4	1	0
8	4	0	0
9	4	1	0
10	4	0	0
11	4	0	0
12	4	0	0
13	4	0	0
14	4	0	0
15	4	2	0
16	4	0	0
17	4	0	0
18	4	0	0
19	4	1	0
20	4	2	0
21	4	0	0
22	4	0	0
23	4	2	0
24	4	0	0
25	4	0	0
26	4	1	0
27	4	2	0
28	4	1	0
29	4	2	0
30	4	2	0
31	4	2	0
32	4	2	0
33	4	0	0
34	4	2	0
35	3	0	1
36	4	2	0
37	4	0	0
38	3	0	1
39	4	0	0
40	4	2	0
41	4	0	0
42	4	2	0
43	4	2	0
44	4	2	0
45	4	0	0
46	4	2	0
47	3	0	1
48	3	0	1
49	4	0	0
50	3	0	1
51	3	0	1
52	4	0	0
53	4	0	0
54	4	2	0
55	4	1	0
56	3	0	1
57	4	0	0
58	4	0	0
59	4	1	0
60	4	2	0
61	3	0	1
62	4	0	0
63	4	1	0
64	4	2	0
65	3	0	1
66	4	1	0
67	4	0	0
68	3	0	1
69	2	0	2
70	2	0	2
71	4	0	0
72	1	0	3
73	4	1	0
74	4	2	0
75	4	2	0
76	4	2	0
77	4	2	0
78	4	2	0
79	4	2	0
80	4	0	0
81	2	0	2
82	4	2	0
83	4	2	0
84	2	0	2
85	4	2	0
86	2	0	2
87	4	1	0
88	0	0	4
89	3	0	1
90	1	0	3
91	4	2	0
92	4	2	0
93	4	2	0
94	4	2	0
95	1	0	3
96	0	0	4
97	0	0	4
98	4	1	0
99	0	0	4
