Observation	Correct	FP	FN
0	5	0	0
1	4	0	1
2	4	0	1
3	5	0	0
4	4	0	1
5	4	0	1
6	4	0	1
7	4	0	1
8	5	0	0
9	4	0	1
10	4	0	1
11	4	0	1
12	5	0	0
13	4	0	1
14	4	0	1
15	5	0	0
16	4	0	1
17	5	0	0
18	4	0	1
19	5	0	0
20	4	0	1
21	5	0	0
22	4	0	1
23	4	0	1
24	5	0	0
25	5	1	0
26	5	0	0
27	4	0	1
28	5	0	0
29	4	0	1
30	4	0	1
31	4	0	1
32	5	0	0
33	4	0	1
34	4	0	1
35	5	1	0
36	5	1	0
37	5	0	0
38	5	0	0
39	4	0	1
40	5	0	0
41	5	1	0
42	5	1	0
43	5	1	0
44	5	0	0
45	4	0	1
46	5	1	0
47	4	0	1
48	4	0	1
49	4	0	1
50	5	1	0
51	4	0	1
52	5	1	0
53	5	1	0
54	4	0	1
55	4	0	1
56	4	0	1
57	4	0	1
58	5	1	0
59	5	1	0
60	5	1	0
61	5	1	0
62	5	0	0
63	4	0	1
64	5	1	0
65	5	1	0
66	4	0	1
67	5	0	0
68	5	1	0
69	4	0	1
70	5	1	0
71	4	0	1
72	4	0	1
73	4	0	1
74	4	0	1
75	5	1	0
76	4	0	1
77	4	0	1
78	4	0	1
79	5	1	0
80	5	1	0
81	4	0	1
82	5	1	0
83	5	1	0
84	5	0	0
85	4	0	1
86	5	0	0
87	5	0	0
88	5	2	0
89	5	1	0
90	4	0	1
91	4	0	1
92	4	0	1
93	4	0	1
94	5	1	0
95	4	0	1
96	5	1	0
97	4	0	1
98	5	1	0
99	4	0	1
