Observation	Correct	FP	FN
0	2	1	0
1	2	2	0
2	2	1	0
3	2	1	0
4	2	2	0
5	2	2	0
6	2	1	0
7	2	1	0
8	2	1	0
9	2	2	0
10	2	1	0
11	2	1	0
12	2	1	0
13	2	1	0
14	2	1	0
15	2	2	0
16	2	1	0
17	2	1	0
18	2	1	0
19	2	1	0
20	2	2	0
21	2	2	0
22	2	1	0
23	2	2	0
24	2	1	0
25	2	2	0
26	2	1	0
27	2	1	0
28	2	2	0
29	2	1	0
30	2	1	0
31	2	2	0
32	2	1	0
33	2	1	0
34	2	2	0
35	2	1	0
36	2	1	0
37	2	2	0
38	2	2	0
39	2	1	0
40	2	2	0
41	2	2	0
42	2	1	0
43	2	1	0
44	2	2	0
45	2	1	0
46	2	1	0
47	2	2	0
48	2	1	0
49	2	2	0
50	1	1	1
51	2	1	0
52	2	2	0
53	2	1	0
54	1	1	1
55	2	2	0
56	2	2	0
57	1	1	1
58	1	1	1
59	2	2	0
60	2	2	0
61	2	2	0
62	2	2	0
63	2	2	0
64	2	2	0
65	2	1	0
66	2	2	0
67	1	0	1
68	2	0	0
69	2	2	0
70	2	2	0
71	2	1	0
72	2	2	0
73	1	1	1
74	2	1	0
75	2	2	0
76	2	2	0
77	2	2	0
78	1	1	1
79	2	2	0
80	1	0	1
81	2	1	0
82	2	0	0
83	2	1	0
84	1	0	1
85	1	0	1
86	2	2	0
87	2	2	0
88	2	2	0
89	2	2	0
90	2	2	0
91	2	2	0
92	1	0	1
93	2	2	0
94	2	2	0
95	2	2	0
96	0	0	2
97	1	1	1
98	2	2	0
99	0	0	2
