Observation	Correct	FP	FN
0	3	0	0
1	3	0	0
2	3	0	0
3	3	0	0
4	3	1	0
5	3	0	0
6	3	1	0
7	3	0	0
8	3	0	0
9	3	0	0
10	3	0	0
11	3	1	0
12	3	0	0
13	3	0	0
14	3	1	0
15	3	1	0
16	3	0	0
17	3	0	0
18	3	0	0
19	3	0	0
20	3	0	0
21	3	0	0
22	3	1	0
23	3	0	0
24	3	1	0
25	3	0	0
26	3	1	0
27	3	0	0
28	3	0	0
29	3	0	0
30	3	1	0
31	3	0	0
32	3	1	0
33	3	0	0
34	3	0	0
35	3	0	0
36	3	0	0
37	3	1	0
38	3	1	0
39	3	0	0
40	3	0	0
41	3	0	0
42	3	1	0
43	3	0	0
44	3	0	0
45	3	1	0
46	3	0	0
47	3	1	0
48	2	0	1
49	3	1	0
50	3	0	0
51	2	0	1
52	3	0	0
53	3	1	0
54	3	0	0
55	2	0	1
56	3	0	0
57	3	1	0
58	3	1	0
59	3	0	0
60	3	1	0
61	3	1	0
62	2	0	1
63	2	0	1
64	3	0	0
65	3	0	0
66	3	1	0
67	2	0	1
68	1	0	2
69	3	0	0
70	3	0	0
71	3	1	0
72	3	1	0
73	3	0	0
74	3	0	0
75	2	0	1
76	3	1	0
77	0	0	3
78	3	1	0
79	3	1	0
80	3	1	0
81	0	0	3
82	3	0	0
83	3	1	0
84	3	1	0
85	0	0	3
86	3	1	0
87	3	1	0
88	0	0	3
89	0	0	3
90	0	0	3
91	3	0	0
92	3	1	0
93	3	1	0
94	3	1	0
95	3	0	0
96	0	0	3
97	3	1	0
98	3	1	0
99	1	0	2
