Observation	Correct	FP	FN
0	2	0	0
1	2	2	0
2	2	0	0
3	2	1	0
4	2	2	0
5	2	0	0
6	2	2	0
7	2	0	0
8	2	0	0
9	2	0	0
10	2	1	0
11	2	1	0
12	2	1	0
13	2	0	0
14	2	2	0
15	2	0	0
16	2	2	0
17	2	1	0
18	2	1	0
19	2	0	0
20	2	0	0
21	2	0	0
22	2	0	0
23	2	2	0
24	2	2	0
25	2	0	0
26	2	2	0
27	2	0	0
28	2	0	0
29	2	1	0
30	2	1	0
31	2	2	0
32	2	0	0
33	2	2	0
34	2	0	0
35	2	1	0
36	2	2	0
37	2	2	0
38	2	2	0
39	2	0	0
40	2	0	0
41	2	0	0
42	1	0	1
43	2	0	0
44	2	1	0
45	1	0	1
46	2	0	0
47	2	0	0
48	2	2	0
49	2	2	0
50	2	0	0
51	2	0	0
52	2	1	0
53	2	1	0
54	1	0	1
55	2	0	0
56	2	2	0
57	2	1	0
58	2	0	0
59	1	0	1
60	2	2	0
61	2	0	0
62	2	1	0
63	2	2	0
64	2	2	0
65	1	0	1
66	2	2	0
67	2	2	0
68	2	2	0
69	2	2	0
70	1	0	1
71	2	1	0
72	2	2	0
73	2	2	0
74	2	0	0
75	1	0	1
76	2	2	0
77	1	0	1
78	2	2	0
79	2	2	0
80	2	0	0
81	1	0	1
82	2	2	0
83	2	2	0
84	2	2	0
85	2	1	0
86	2	2	0
87	1	0	1
88	2	1	0
89	2	2	0
90	1	0	1
91	1	0	1
92	2	2	0
93	2	1	0
94	0	0	2
95	0	0	2
96	2	1	0
97	2	0	0
98	2	1	0
99	2	1	0
