Observation	Correct	FP	FN
0	2	2	0
1	2	2	0
2	2	2	0
3	2	2	0
4	2	2	0
5	2	3	0
6	2	2	0
7	2	2	0
8	2	2	0
9	2	2	0
10	2	2	0
11	2	2	0
12	2	2	0
13	2	1	0
14	2	3	0
15	2	3	0
16	2	1	0
17	2	2	0
18	2	2	0
19	2	3	0
20	2	1	0
21	2	3	0
22	2	2	0
23	2	1	0
24	2	2	0
25	2	3	0
26	2	1	0
27	2	1	0
28	2	3	0
29	2	2	0
30	2	3	0
31	2	3	0
32	2	1	0
33	2	2	0
34	2	2	0
35	2	1	0
36	2	0	0
37	2	3	0
38	2	2	0
39	1	0	1
40	2	0	0
41	2	1	0
42	2	2	0
43	2	1	0
44	2	3	0
45	2	2	0
46	2	2	0
47	2	1	0
48	2	3	0
49	2	3	0
50	1	0	1
51	2	2	0
52	2	3	0
53	2	2	0
54	2	0	0
55	2	2	0
56	2	1	0
57	1	0	1
58	1	0	1
59	2	0	0
60	1	1	1
61	2	2	0
62	2	2	0
63	1	2	1
64	2	3	0
65	2	3	0
66	2	3	0
67	0	0	2
68	2	3	0
69	1	0	1
70	0	0	2
71	2	3	0
72	2	3	0
73	2	0	0
74	2	0	0
75	2	3	0
76	2	2	0
77	2	2	0
78	2	2	0
79	2	3	0
80	2	4	0
81	2	3	0
82	2	2	0
83	2	0	0
84	2	3	0
85	2	3	0
86	1	0	1
87	1	0	1
88	2	3	0
89	0	0	2
90	2	4	0
91	1	2	1
92	2	2	0
93	2	3	0
94	2	3	0
95	2	4	0
96	2	3	0
97	0	0	2
98	2	3	0
99	0	0	2
