Observation	Correct	FP	FN
0	2	0	0
1	2	0	0
2	2	1	0
3	2	0	0
4	2	0	0
5	2	1	0
6	2	0	0
7	2	1	0
8	2	1	0
9	2	0	0
10	2	0	0
11	2	1	0
12	2	1	0
13	2	1	0
14	2	0	0
15	2	0	0
16	2	1	0
17	2	0	0
18	2	0	0
19	2	0	0
20	2	0	0
21	2	0	0
22	2	0	0
23	2	0	0
24	2	1	0
25	2	0	0
26	2	1	0
27	2	0	0
28	2	0	0
29	2	0	0
30	2	0	0
31	2	0	0
32	2	1	0
33	2	0	0
34	2	0	0
35	2	1	0
36	2	0	0
37	2	0	0
38	2	0	0
39	2	1	0
40	2	0	0
41	2	0	0
42	2	1	0
43	2	0	0
44	2	1	0
45	2	1	0
46	2	1	0
47	2	1	0
48	2	1	0
49	2	0	0
50	2	0	0
51	2	1	0
52	2	1	0
53	2	1	0
54	2	1	0
55	2	0	0
56	2	1	0
57	2	0	0
58	2	1	0
59	2	1	0
60	1	0	1
61	2	1	0
62	2	1	0
63	1	0	1
64	2	1	0
65	1	0	1
66	2	0	0
67	2	1	0
68	1	0	1
69	0	0	2
70	2	0	0
71	0	0	2
72	2	1	0
73	0	0	2
74	2	1	0
75	2	1	0
76	1	0	1
77	2	0	0
78	1	0	1
79	2	0	0
80	2	0	0
81	2	1	0
82	2	1	0
83	1	0	1
84	2	1	0
85	2	1	0
86	1	0	1
87	1	0	1
88	2	0	0
89	2	0	0
90	0	0	2
91	2	1	0
92	2	1	0
93	0	0	2
94	1	0	1
95	2	1	0
96	2	1	0
97	0	0	2
98	2	0	0
99	2	1	0
