Observation	Correct	FP	FN
0	2	0	0
1	2	1	0
2	2	0	0
3	2	0	0
4	2	1	0
5	2	0	0
6	2	1	0
7	2	0	0
8	2	0	0
9	2	1	0
10	2	0	0
11	2	0	0
12	2	0	0
13	2	0	0
14	2	0	0
15	2	0	0
16	2	1	0
17	2	0	0
18	2	0	0
19	2	0	0
20	2	0	0
21	2	0	0
22	2	1	0
23	2	1	0
24	2	0	0
25	2	1	0
26	2	0	0
27	2	0	0
28	2	1	0
29	2	1	0
30	2	1	0
31	2	1	0
32	2	1	0
33	2	1	0
34	2	1	0
35	2	0	0
36	2	1	0
37	2	0	0
38	2	0	0
39	2	0	0
40	2	0	0
41	2	1	0
42	2	1	0
43	2	0	0
44	2	0	0
45	2	0	0
46	2	0	0
47	2	0	0
48	2	1	0
49	2	0	0
50	2	0	0
51	2	1	0
52	1	0	1
53	2	1	0
54	2	1	0
55	2	0	0
56	2	1	0
57	2	0	0
58	2	1	0
59	2	0	0
60	2	1	0
61	2	0	0
62	2	0	0
63	2	0	0
64	2	1	0
65	1	0	1
66	2	1	0
67	2	1	0
68	2	0	0
69	1	0	1
70	2	2	0
71	1	0	1
72	2	2	0
73	2	1	0
74	1	0	1
75	2	2	0
76	2	1	0
77	2	1	0
78	2	1	0
79	1	0	1
80	2	0	0
81	1	0	1
82	2	2	0
83	2	1	0
84	0	0	2
85	2	2	0
86	2	1	0
87	2	1	0
88	0	0	2
89	2	1	0
90	2	0	0
91	2	1	0
92	1	0	1
93	2	2	0
94	1	0	1
95	2	2	0
96	2	2	0
97	0	0	2
98	2	3	0
99	0	0	2
