Observation	Correct	FP	FN
0	4	0	0
1	4	0	0
2	4	0	0
3	3	0	1
4	4	0	0
5	4	0	0
6	4	0	0
7	4	0	0
8	3	0	1
9	4	0	0
10	3	0	1
11	4	0	0
12	3	0	1
13	4	0	0
14	4	0	0
15	3	0	1
16	3	0	1
17	4	0	0
18	4	0	0
19	4	0	0
20	4	0	0
21	3	0	1
22	4	0	0
23	3	0	1
24	4	0	0
25	4	0	0
26	3	0	1
27	3	0	1
28	4	0	0
29	4	0	0
30	4	0	0
31	4	0	0
32	3	0	1
33	4	0	0
34	4	0	0
35	3	0	1
36	4	0	0
37	4	0	0
38	3	0	1
39	4	0	0
40	3	0	1
41	4	0	0
42	4	0	0
43	4	0	0
44	4	0	0
45	4	0	0
46	3	0	1
47	3	0	1
48	3	0	1
49	4	0	0
50	4	0	0
51	3	0	1
52	3	0	1
53	4	0	0
54	4	0	0
55	4	0	0
56	4	0	0
57	4	0	0
58	4	0	0
59	4	0	0
60	4	0	0
61	3	0	1
62	4	0	0
63	4	0	0
64	3	0	1
65	4	0	0
66	3	0	1
67	3	0	1
68	3	0	1
69	4	0	0
70	3	0	1
71	3	0	1
72	3	0	1
73	4	0	0
74	4	0	0
75	3	0	1
76	4	0	0
77	4	0	0
78	4	0	0
79	4	0	0
80	4	0	0
81	3	0	1
82	4	0	0
83	4	0	0
84	3	0	1
85	3	0	1
86	3	0	1
87	4	0	0
88	3	0	1
89	4	0	0
90	3	0	1
91	4	0	0
92	3	0	1
93	3	0	1
94	4	0	0
95	3	0	1
96	4	0	0
97	4	0	0
98	3	0	1
99	4	0	0
