Observation	Correct	FP	FN
0	2	2	0
1	2	1	0
2	2	1	0
3	2	1	0
4	2	1	0
5	2	1	0
6	2	2	0
7	2	2	0
8	2	3	0
9	2	3	0
10	2	2	0
11	2	3	0
12	2	1	0
13	2	2	0
14	2	3	0
15	2	1	0
16	2	2	0
17	2	0	0
18	2	2	0
19	2	1	0
20	2	3	0
21	2	1	0
22	2	0	0
23	2	0	0
24	2	3	0
25	2	3	0
26	2	3	0
27	2	3	0
28	2	3	0
29	2	2	0
30	2	3	0
31	2	0	0
32	2	0	0
33	2	0	0
34	2	3	0
35	2	0	0
36	2	3	0
37	2	2	0
38	2	2	0
39	2	3	0
40	2	2	0
41	2	2	0
42	2	0	0
43	2	3	0
44	2	0	0
45	2	3	0
46	2	0	0
47	2	3	0
48	2	3	0
49	2	3	0
50	2	0	0
51	2	0	0
52	2	3	0
53	2	0	0
54	1	0	1
55	2	0	0
56	2	2	0
57	1	0	1
58	2	3	0
59	2	3	0
60	2	2	0
61	2	3	0
62	2	0	0
63	2	3	0
64	2	1	0
65	2	2	0
66	1	0	1
67	2	3	0
68	1	0	1
69	2	2	0
70	2	2	0
71	2	3	0
72	2	3	0
73	2	3	0
74	2	1	0
75	2	3	0
76	1	1	1
77	2	3	0
78	2	1	0
79	2	3	0
80	2	3	0
81	1	0	1
82	2	1	0
83	1	0	1
84	2	3	0
85	1	0	1
86	0	0	2
87	1	0	1
88	1	0	1
89	0	0	2
90	1	0	1
91	2	0	0
92	1	0	1
93	2	0	0
94	0	0	2
95	1	0	1
96	2	2	0
97	2	0	0
98	2	1	0
99	2	2	0
