Observation	Correct	FP	FN
0	5	0	0
1	5	0	0
2	5	0	0
3	4	0	1
4	5	0	0
5	4	0	1
6	5	0	0
7	5	0	0
8	4	0	1
9	5	0	0
10	5	0	0
11	4	0	1
12	5	0	0
13	4	0	1
14	5	0	0
15	5	0	0
16	5	0	0
17	5	0	0
18	5	0	0
19	5	0	0
20	5	0	0
21	5	0	0
22	5	0	0
23	5	0	0
24	4	0	1
25	5	0	0
26	5	0	0
27	5	0	0
28	5	0	0
29	5	0	0
30	5	0	0
31	5	0	0
32	4	0	1
33	5	0	0
34	5	0	0
35	4	0	1
36	5	0	0
37	5	0	0
38	5	0	0
39	4	0	1
40	4	0	1
41	5	1	0
42	4	0	1
43	4	0	1
44	5	0	0
45	5	0	0
46	4	0	1
47	5	0	0
48	5	0	0
49	5	1	0
50	5	1	0
51	4	0	1
52	5	0	0
53	4	0	1
54	4	0	1
55	4	0	1
56	5	0	0
57	5	0	0
58	5	0	0
59	5	0	0
60	4	0	1
61	5	0	0
62	5	0	0
63	4	0	1
64	4	0	1
65	4	0	1
66	4	0	1
67	5	1	0
68	5	0	0
69	5	1	0
70	5	1	0
71	5	0	0
72	5	0	0
73	5	0	0
74	5	1	0
75	4	0	1
76	5	1	0
77	4	0	1
78	4	0	1
79	4	0	1
80	4	0	1
81	5	1	0
82	5	0	0
83	5	1	0
84	5	0	0
85	5	0	0
86	5	0	0
87	4	0	1
88	4	0	1
89	5	0	0
90	4	0	1
91	5	1	0
92	5	1	0
93	4	0	1
94	4	0	1
95	4	0	1
96	4	0	1
97	4	0	1
98	4	0	1
99	4	0	1
