Observation	Correct	FP	FN
0	2	0	0
1	2	0	0
2	2	1	0
3	2	1	0
4	2	0	0
5	2	1	0
6	2	0	0
7	2	0	0
8	2	0	0
9	2	0	0
10	2	1	0
11	2	0	0
12	2	1	0
13	2	0	0
14	2	0	0
15	2	1	0
16	2	1	0
17	2	1	0
18	2	0	0
19	2	1	0
20	2	1	0
21	2	1	0
22	2	0	0
23	2	0	0
24	2	0	0
25	2	1	0
26	2	1	0
27	2	1	0
28	2	1	0
29	2	1	0
30	2	0	0
31	2	0	0
32	2	1	0
33	2	0	0
34	2	1	0
35	2	0	0
36	2	1	0
37	2	0	0
38	2	1	0
39	2	0	0
40	2	0	0
41	2	0	0
42	2	0	0
43	2	0	0
44	2	0	0
45	2	1	0
46	2	1	0
47	2	0	0
48	2	1	0
49	2	1	0
50	1	0	1
51	2	1	0
52	2	0	0
53	2	1	0
54	1	0	1
55	2	1	0
56	2	0	0
57	2	0	0
58	1	0	1
59	2	1	0
60	2	1	0
61	2	0	0
62	2	0	0
63	2	1	0
64	2	1	0
65	1	0	1
66	2	1	0
67	2	0	0
68	1	0	1
69	2	1	0
70	2	1	0
71	2	0	0
72	1	0	1
73	2	1	0
74	1	0	1
75	1	0	1
76	1	0	1
77	2	1	0
78	2	1	0
79	2	0	0
80	1	0	1
81	1	0	1
82	2	1	0
83	2	0	0
84	1	0	1
85	0	0	2
86	2	1	0
87	1	0	1
88	0	0	2
89	2	1	0
90	2	1	0
91	1	0	1
92	0	0	2
93	0	0	2
94	2	1	0
95	0	0	2
96	0	0	2
97	2	1	0
98	2	1	0
99	0	0	2
