Observation	Correct	FP	FN
0	4	1	0
1	4	1	0
2	4	1	0
3	4	1	0
4	4	1	0
5	4	1	0
6	4	1	0
7	4	1	0
8	4	1	0
9	4	1	0
10	4	1	0
11	4	1	0
12	4	1	0
13	3	1	1
14	3	1	1
15	4	1	0
16	4	1	0
17	4	1	0
18	4	1	0
19	4	1	0
20	4	1	0
21	4	1	0
22	4	1	0
23	3	1	1
24	4	1	0
25	4	1	0
26	4	1	0
27	4	1	0
28	3	1	1
29	4	1	0
30	4	1	0
31	3	1	1
32	3	1	1
33	4	1	0
34	3	1	1
35	3	1	1
36	4	1	0
37	3	1	1
38	3	1	1
39	3	1	1
40	4	0	0
41	4	1	0
42	3	1	1
43	3	1	1
44	4	1	0
45	3	1	1
46	4	1	0
47	4	0	0
48	3	1	1
49	4	0	0
50	4	0	0
51	4	1	0
52	3	1	1
53	3	1	1
54	4	0	0
55	4	1	0
56	4	1	0
57	4	0	0
58	4	0	0
59	3	1	1
60	4	0	0
61	4	0	0
62	3	1	1
63	3	1	1
64	4	1	0
65	4	1	0
66	4	0	0
67	3	1	1
68	4	1	0
69	4	1	0
70	3	1	1
71	3	1	1
72	3	1	1
73	3	1	1
74	3	1	1
75	4	1	0
76	3	1	1
77	4	1	0
78	3	1	1
79	4	0	0
80	3	1	1
81	4	0	0
82	3	1	1
83	4	1	0
84	4	0	0
85	3	1	1
86	3	1	1
87	4	0	0
88	4	0	0
89	4	0	0
90	4	0	0
91	3	1	1
92	3	1	1
93	4	0	0
94	3	1	1
95	3	1	1
96	3	1	1
97	3	1	1
98	4	0	0
99	4	0	0
