Observation	Correct	FP	FN
0	2	0	0
1	2	0	0
2	2	0	0
3	2	0	0
4	2	0	0
5	2	0	0
6	2	1	0
7	2	0	0
8	2	0	0
9	2	0	0
10	2	0	0
11	2	1	0
12	2	1	0
13	2	1	0
14	2	0	0
15	2	0	0
16	2	1	0
17	2	0	0
18	2	0	0
19	2	0	0
20	2	0	0
21	2	0	0
22	2	0	0
23	2	0	0
24	2	0	0
25	2	1	0
26	2	1	0
27	2	0	0
28	2	1	0
29	2	1	0
30	2	1	0
31	2	0	0
32	2	1	0
33	2	0	0
34	2	0	0
35	2	0	0
36	2	1	0
37	2	0	0
38	2	0	0
39	2	1	0
40	2	1	0
41	2	0	0
42	2	1	0
43	2	0	0
44	2	1	0
45	2	0	0
46	2	0	0
47	2	1	0
48	2	0	0
49	2	0	0
50	2	0	0
51	2	1	0
52	2	1	0
53	2	0	0
54	2	1	0
55	2	0	0
56	2	1	0
57	2	1	0
58	2	0	0
59	1	0	1
60	1	0	1
61	2	0	0
62	1	0	1
63	2	0	0
64	2	1	0
65	2	1	0
66	1	0	1
67	2	1	0
68	2	1	0
69	0	0	2
70	2	0	0
71	2	0	0
72	2	1	0
73	0	0	2
74	1	0	1
75	0	0	2
76	2	1	0
77	1	0	1
78	0	0	2
79	2	0	0
80	1	0	1
81	2	1	0
82	1	0	1
83	1	0	1
84	2	1	0
85	2	1	0
86	2	1	0
87	2	1	0
88	2	1	0
89	2	1	0
90	2	1	0
91	2	1	0
92	2	1	0
93	2	0	0
94	0	0	2
95	2	1	0
96	0	0	2
97	2	1	0
98	1	0	1
99	0	0	2
