Observation	Correct	FP	FN
0	13	2	0
1	13	0	0
2	13	0	0
3	13	2	0
4	13	1	0
5	13	1	0
6	13	2	0
7	13	1	0
8	13	1	0
9	13	1	0
10	13	0	0
11	13	2	0
12	13	1	0
13	13	2	0
14	13	0	0
15	13	2	0
16	13	1	0
17	13	2	0
18	13	0	0
19	13	2	0
20	13	0	0
21	13	2	0
22	13	2	0
23	13	2	0
24	13	2	0
25	13	1	0
26	13	1	0
27	13	1	0
28	13	1	0
29	13	1	0
30	13	1	0
31	13	0	0
32	13	2	0
33	13	2	0
34	13	0	0
35	13	2	0
36	13	2	0
37	13	2	0
38	13	2	0
39	13	1	0
40	13	2	0
41	13	1	0
42	13	1	0
43	13	2	0
44	13	1	0
45	13	1	0
46	13	2	0
47	13	2	0
48	13	2	0
49	13	0	0
50	13	0	0
51	13	1	0
52	13	1	0
53	13	1	0
54	13	0	0
55	13	1	0
56	13	0	0
57	13	1	0
58	13	0	0
59	13	0	0
60	13	2	0
61	13	2	0
62	13	1	0
63	13	1	0
64	13	2	0
65	13	0	0
66	13	1	0
67	13	0	0
68	13	0	0
69	13	1	0
70	13	1	0
71	13	0	0
72	13	0	0
73	13	1	0
74	13	1	0
75	13	2	0
76	13	0	0
77	13	1	0
78	13	2	0
79	13	1	0
80	13	1	0
81	13	2	0
82	13	1	0
83	13	1	0
84	13	1	0
85	13	1	0
86	13	1	0
87	13	1	0
88	13	1	0
89	13	2	0
90	13	2	0
91	13	1	0
92	13	2	0
93	13	1	0
94	13	0	0
95	13	1	0
96	13	0	0
97	13	0	0
98	13	0	0
99	13	1	0
