Observation	Correct	FP	FN
0	12	6	0
1	12	6	0
2	12	6	0
3	12	5	0
4	12	6	0
5	12	5	0
6	12	4	0
7	12	6	0
8	12	4	0
9	12	4	0
10	12	6	0
11	12	6	0
12	12	3	0
13	12	6	0
14	12	5	0
15	12	3	0
16	12	4	0
17	12	6	0
18	12	5	0
19	12	6	0
20	12	5	0
21	12	5	0
22	12	3	0
23	12	4	0
24	12	6	0
25	12	6	0
26	12	5	0
27	12	3	0
28	12	6	0
29	12	6	0
30	12	4	0
31	12	4	0
32	12	4	0
33	12	6	0
34	12	6	0
35	12	6	0
36	12	4	0
37	12	5	0
38	12	4	0
39	12	4	0
40	12	4	0
41	12	4	0
42	12	5	0
43	12	4	0
44	12	4	0
45	12	6	0
46	12	4	0
47	12	5	0
48	12	4	0
49	12	3	0
50	12	5	0
51	12	3	0
52	12	4	0
53	12	3	0
54	12	6	0
55	12	4	0
56	12	3	0
57	12	4	0
58	12	4	0
59	12	3	0
60	12	5	0
61	12	4	0
62	12	4	0
63	12	5	0
64	12	4	0
65	12	6	0
66	12	6	0
67	12	4	0
68	12	6	0
69	12	3	0
70	12	5	0
71	12	6	0
72	12	5	0
73	12	5	0
74	12	6	0
75	12	6	0
76	12	4	0
77	12	4	0
78	12	6	0
79	12	4	0
80	12	5	0
81	12	5	0
82	12	3	0
83	12	4	0
84	12	5	0
85	12	4	0
86	12	4	0
87	12	5	0
88	12	4	0
89	12	4	0
90	12	3	0
91	12	4	0
92	12	4	0
93	12	4	0
94	12	4	0
95	12	5	0
96	12	5	0
97	12	4	0
98	12	5	0
99	12	4	0
