Observation	Correct	FP	FN
0	14	5	0
1	14	7	0
2	14	5	0
3	14	7	0
4	14	5	0
5	14	4	0
6	14	7	0
7	14	7	0
8	14	7	0
9	14	7	0
10	14	5	0
11	14	5	0
12	14	6	0
13	14	5	0
14	14	7	0
15	14	7	0
16	14	5	0
17	14	5	0
18	14	7	0
19	14	7	0
20	14	5	0
21	14	4	0
22	14	7	0
23	14	7	0
24	14	5	0
25	14	7	0
26	14	7	0
27	14	6	0
28	14	7	0
29	14	5	0
30	14	5	0
31	14	4	0
32	14	7	0
33	14	5	0
34	14	6	0
35	14	4	0
36	14	6	0
37	14	4	0
38	14	5	0
39	14	7	0
40	14	4	0
41	14	5	0
42	14	5	0
43	14	4	0
44	14	7	0
45	14	7	0
46	14	4	0
47	14	5	0
48	14	6	0
49	14	5	0
50	14	7	0
51	14	7	0
52	14	6	0
53	14	7	0
54	14	6	0
55	14	7	0
56	14	7	0
57	14	5	0
58	14	5	0
59	14	5	0
60	14	5	0
61	14	4	0
62	14	6	0
63	14	6	0
64	14	6	0
65	14	5	0
66	14	7	0
67	14	7	0
68	14	6	0
69	14	5	0
70	14	4	0
71	14	7	0
72	14	4	0
73	14	5	0
74	14	4	0
75	14	5	0
76	14	5	0
77	14	7	0
78	14	7	0
79	14	5	0
80	14	6	0
81	14	7	0
82	14	5	0
83	14	5	0
84	14	5	0
85	14	7	0
86	14	5	0
87	14	5	0
88	14	5	0
89	14	7	0
90	14	5	0
91	14	6	0
92	14	5	0
93	14	4	0
94	14	5	0
95	14	4	0
96	14	7	0
97	14	6	0
98	14	7	0
99	14	5	0
