Observation	Correct	FP	FN
0	10	1	0
1	9	1	1
2	10	1	0
3	10	1	0
4	10	1	0
5	10	1	0
6	10	1	0
7	10	1	0
8	10	1	0
9	9	1	1
10	10	1	0
11	9	1	1
12	9	1	1
13	9	1	1
14	10	1	0
15	10	1	0
16	10	1	0
17	10	1	0
18	10	1	0
19	10	1	0
20	9	1	1
21	10	1	0
22	9	1	1
23	9	1	1
24	10	1	0
25	10	1	0
26	9	1	1
27	10	1	0
28	10	1	0
29	10	1	0
30	10	1	0
31	9	1	1
32	10	1	0
33	9	1	1
34	9	1	1
35	9	1	1
36	10	1	0
37	10	1	0
38	10	1	0
39	10	1	0
40	9	1	1
41	10	1	0
42	9	1	1
43	10	1	0
44	10	1	0
45	10	1	0
46	9	1	1
47	9	1	1
48	10	1	0
49	10	1	0
50	9	1	1
51	9	1	1
52	9	1	1
53	9	1	1
54	9	1	1
55	10	1	0
56	10	1	0
57	10	1	0
58	10	1	0
59	10	1	0
60	9	1	1
61	9	1	1
62	9	1	1
63	10	1	0
64	9	1	1
65	10	1	0
66	10	1	0
67	10	1	0
68	10	1	0
69	10	1	0
70	9	1	1
71	10	1	0
72	10	1	0
73	9	1	1
74	9	1	1
75	10	1	0
76	10	1	0
77	10	1	0
78	10	1	0
79	10	1	0
80	9	1	1
81	9	1	1
82	9	1	1
83	10	1	0
84	9	1	1
85	9	1	1
86	10	1	0
87	9	1	1
88	9	1	1
89	10	1	0
90	10	1	0
91	9	1	1
92	10	1	0
93	10	1	0
94	9	1	1
95	9	1	1
96	10	1	0
97	10	1	0
98	9	1	1
99	10	1	0
