Observation	Correct	FP	FN
0	6	1	0
1	6	1	0
2	5	1	1
3	5	1	1
4	6	1	0
5	5	1	1
6	6	1	0
7	6	1	0
8	6	1	0
9	6	1	0
10	6	1	0
11	6	1	0
12	6	1	0
13	6	1	0
14	5	1	1
15	6	1	0
16	5	1	1
17	5	1	1
18	5	1	1
19	6	1	0
20	6	1	0
21	5	1	1
22	6	1	0
23	6	1	0
24	5	1	1
25	5	1	1
26	6	1	0
27	5	1	1
28	6	1	0
29	6	1	0
30	6	1	0
31	6	1	0
32	5	1	1
33	6	1	0
34	6	1	0
35	6	1	0
36	5	1	1
37	6	1	0
38	6	1	0
39	5	1	1
40	6	1	0
41	5	1	1
42	6	1	0
43	6	1	0
44	6	1	0
45	5	1	1
46	6	1	0
47	6	1	0
48	5	1	1
49	6	1	0
50	6	1	0
51	6	1	0
52	6	1	0
53	6	1	0
54	6	1	0
55	5	1	1
56	5	1	1
57	6	1	0
58	6	1	0
59	5	1	1
60	6	1	0
61	6	1	0
62	5	1	1
63	5	1	1
64	6	1	0
65	5	1	1
66	6	1	0
67	5	1	1
68	5	1	1
69	5	1	1
70	6	1	0
71	6	1	0
72	6	1	0
73	6	1	0
74	6	1	0
75	5	1	1
76	6	1	0
77	6	1	0
78	5	1	1
79	6	1	0
80	6	1	0
81	6	1	0
82	6	1	0
83	5	1	1
84	6	1	0
85	5	1	1
86	6	1	0
87	6	1	0
88	6	1	0
89	5	1	1
90	6	1	0
91	6	1	0
92	6	1	0
93	5	1	1
94	6	1	0
95	6	1	0
96	5	1	1
97	6	1	0
98	6	1	0
99	5	1	1
