Observation	Correct	FP	FN
0	16	1	0
1	16	2	0
2	16	2	0
3	16	1	0
4	16	2	0
5	16	2	0
6	15	1	1
7	16	2	0
8	16	1	0
9	16	1	0
10	16	1	0
11	16	2	0
12	16	1	0
13	16	2	0
14	15	1	1
15	16	1	0
16	16	1	0
17	16	2	0
18	15	1	1
19	16	2	0
20	16	1	0
21	16	1	0
22	15	1	1
23	16	2	0
24	16	2	0
25	16	1	0
26	16	2	0
27	16	2	0
28	16	1	0
29	16	2	0
30	16	2	0
31	16	2	0
32	16	2	0
33	16	2	0
34	16	1	0
35	15	1	1
36	16	2	0
37	15	1	1
38	16	2	0
39	16	2	0
40	16	2	0
41	16	2	0
42	16	2	0
43	16	1	0
44	16	2	0
45	16	2	0
46	16	1	0
47	16	2	0
48	16	2	0
49	15	1	1
50	16	1	0
51	16	2	0
52	16	2	0
53	16	1	0
54	16	2	0
55	16	2	0
56	16	1	0
57	16	1	0
58	16	1	0
59	15	1	1
60	16	1	0
61	16	1	0
62	15	1	1
63	16	1	0
64	15	1	1
65	16	2	0
66	16	2	0
67	16	1	0
68	16	1	0
69	15	1	1
70	16	2	0
71	16	2	0
72	16	1	0
73	16	1	0
74	15	1	1
75	15	1	1
76	15	1	1
77	16	2	0
78	16	1	0
79	15	1	1
80	16	1	0
81	16	1	0
82	15	1	1
83	16	1	0
84	15	1	1
85	16	1	0
86	16	2	0
87	16	2	0
88	16	2	0
89	16	1	0
90	15	1	1
91	16	2	0
92	16	2	0
93	16	2	0
94	16	1	0
95	16	2	0
96	15	1	1
97	15	1	1
98	16	2	0
99	16	2	0
