Observation	Correct	FP	FN
0	18	0	1
1	19	0	0
2	19	0	0
3	18	0	1
4	19	1	0
5	19	0	0
6	19	1	0
7	19	1	0
8	19	1	0
9	18	0	1
10	19	0	0
11	19	0	0
12	19	0	0
13	19	1	0
14	19	1	0
15	19	0	0
16	19	0	0
17	19	1	0
18	19	0	0
19	19	0	0
20	19	0	0
21	19	0	0
22	19	1	0
23	19	1	0
24	18	0	1
25	19	1	0
26	19	0	0
27	19	0	0
28	19	0	0
29	19	0	0
30	19	0	0
31	19	0	0
32	19	0	0
33	18	0	1
34	19	0	0
35	19	0	0
36	19	1	0
37	18	0	1
38	19	0	0
39	19	0	0
40	19	0	0
41	19	0	0
42	19	1	0
43	19	0	0
44	19	0	0
45	19	0	0
46	19	1	0
47	19	1	0
48	19	0	0
49	18	0	1
50	19	0	0
51	19	1	0
52	18	0	1
53	19	1	0
54	19	0	0
55	19	1	0
56	19	1	0
57	19	1	0
58	19	1	0
59	19	0	0
60	19	1	0
61	19	0	0
62	19	1	0
63	19	0	0
64	19	1	0
65	19	0	0
66	19	0	0
67	19	0	0
68	19	1	0
69	18	0	1
70	19	1	0
71	19	1	0
72	19	0	0
73	19	1	0
74	19	1	0
75	19	0	0
76	19	0	0
77	19	0	0
78	19	0	0
79	19	0	0
80	19	0	0
81	18	0	1
82	19	0	0
83	19	1	0
84	19	0	0
85	19	1	0
86	19	1	0
87	19	0	0
88	18	0	1
89	19	0	0
90	19	0	0
91	19	1	0
92	18	0	1
93	19	0	0
94	19	0	0
95	19	0	0
96	19	1	0
97	19	0	0
98	19	1	0
99	19	1	0
