Observation	Correct	FP	FN
0	12	3	0
1	11	1	1
2	12	3	0
3	12	3	0
4	12	0	0
5	12	3	0
6	12	1	0
7	12	3	0
8	12	1	0
9	12	1	0
10	12	1	0
11	12	3	0
12	12	1	0
13	12	3	0
14	12	3	0
15	12	0	0
16	12	3	0
17	12	2	0
18	12	3	0
19	12	1	0
20	12	1	0
21	12	2	0
22	12	3	0
23	12	3	0
24	12	3	0
25	12	2	0
26	12	3	0
27	12	0	0
28	12	2	0
29	12	3	0
30	12	3	0
31	12	2	0
32	12	3	0
33	12	3	0
34	12	3	0
35	12	3	0
36	12	2	0
37	12	0	0
38	12	1	0
39	11	1	1
40	11	1	1
41	12	0	0
42	12	1	0
43	12	3	0
44	12	3	0
45	12	3	0
46	11	1	1
47	12	0	0
48	12	3	0
49	12	3	0
50	12	3	0
51	12	0	0
52	12	3	0
53	12	1	0
54	12	3	0
55	12	3	0
56	11	1	1
57	12	1	0
58	12	3	0
59	12	3	0
60	12	3	0
61	12	3	0
62	12	0	0
63	12	3	0
64	12	3	0
65	12	3	0
66	12	3	0
67	12	0	0
68	12	3	0
69	12	3	0
70	12	3	0
71	12	3	0
72	12	1	0
73	12	3	0
74	12	3	0
75	12	3	0
76	12	3	0
77	11	1	1
78	12	3	0
79	12	3	0
80	12	0	0
81	12	3	0
82	12	3	0
83	12	3	0
84	12	0	0
85	12	0	0
86	12	1	0
87	12	3	0
88	12	1	0
89	11	2	1
90	12	3	0
91	12	3	0
92	12	0	0
93	12	3	0
94	12	3	0
95	12	3	0
96	12	1	0
97	12	1	0
98	12	3	0
99	12	3	0
