Observation	Correct	FP	FN
0	2	0	0
1	2	0	0
2	2	0	0
3	2	0	0
4	2	0	0
5	2	0	0
6	2	0	0
7	2	0	0
8	2	0	0
9	2	0	0
10	1	0	1
11	1	0	1
12	1	0	1
13	2	0	0
14	1	0	1
15	2	0	0
16	2	0	0
17	2	0	0
18	1	0	1
19	2	0	0
20	2	0	0
21	1	0	1
22	2	0	0
23	2	0	0
24	2	0	0
25	2	0	0
26	2	0	0
27	1	0	1
28	2	0	0
29	1	0	1
30	2	0	0
31	2	0	0
32	1	0	1
33	2	0	0
34	1	0	1
35	1	0	1
36	2	0	0
37	2	1	0
38	2	0	0
39	2	0	0
40	2	0	0
41	2	1	0
42	2	0	0
43	2	0	0
44	2	0	0
45	2	0	0
46	1	0	1
47	2	0	0
48	1	0	1
49	2	0	0
50	1	0	1
51	2	0	0
52	2	1	0
53	2	0	0
54	2	0	0
55	2	0	0
56	1	0	1
57	2	0	0
58	2	0	0
59	1	0	1
60	2	0	0
61	2	0	0
62	1	0	1
63	2	1	0
64	1	0	1
65	2	1	0
66	1	0	1
67	1	0	1
68	2	0	0
69	2	1	0
70	2	1	0
71	2	0	0
72	0	0	2
73	2	1	0
74	2	1	0
75	0	0	2
76	2	0	0
77	2	1	0
78	0	0	2
79	2	0	0
80	0	0	2
81	0	0	2
82	2	1	0
83	0	0	2
84	2	0	0
85	0	0	2
86	2	1	0
87	1	0	1
88	2	1	0
89	2	1	0
90	2	1	0
91	2	1	0
92	2	1	0
93	0	0	2
94	2	0	0
95	2	0	0
96	0	0	2
97	2	1	0
98	1	0	1
99	2	1	0
