Observation	Correct	FP	FN
0	6	0	0
1	6	0	0
2	5	0	1
3	6	0	0
4	6	0	0
5	5	1	1
6	5	1	1
7	6	1	0
8	6	0	0
9	6	1	0
10	5	1	1
11	6	1	0
12	6	0	0
13	5	1	1
14	5	1	1
15	5	0	1
16	6	1	0
17	6	0	0
18	6	1	0
19	6	1	0
20	5	1	1
21	6	1	0
22	5	1	1
23	5	0	1
24	6	0	0
25	6	0	0
26	6	1	0
27	6	2	0
28	5	1	1
29	6	1	0
30	5	1	1
31	5	0	1
32	5	1	1
33	6	1	0
34	6	1	0
35	5	1	1
36	6	0	0
37	5	0	1
38	6	1	0
39	5	0	1
40	6	2	0
41	5	0	1
42	6	1	0
43	6	1	0
44	6	1	0
45	6	1	0
46	5	1	1
47	5	1	1
48	6	1	0
49	6	1	0
50	5	0	1
51	5	1	1
52	5	1	1
53	5	1	1
54	6	1	0
55	6	0	0
56	6	1	0
57	5	1	1
58	5	1	1
59	6	1	0
60	6	2	0
61	6	1	0
62	6	1	0
63	5	1	1
64	6	1	0
65	6	2	0
66	6	1	0
67	5	1	1
68	5	2	1
69	5	2	1
70	5	1	1
71	5	1	1
72	6	1	0
73	6	1	0
74	5	2	1
75	5	2	1
76	6	1	0
77	6	0	0
78	6	1	0
79	6	1	0
80	5	1	1
81	6	2	0
82	6	1	0
83	5	0	1
84	5	2	1
85	6	1	0
86	5	2	1
87	6	1	0
88	6	2	0
89	5	2	1
90	6	2	0
91	4	3	2
92	5	0	1
93	6	0	0
94	5	0	1
95	5	2	1
96	6	1	0
97	3	4	3
98	6	1	0
99	3	5	3
