Observation	Correct	FP	FN
0	12	1	0
1	11	1	1
2	12	1	0
3	12	1	0
4	11	1	1
5	12	1	0
6	12	1	0
7	12	1	0
8	12	1	0
9	11	1	1
10	11	1	1
11	11	1	1
12	11	1	1
13	11	1	1
14	12	1	0
15	11	1	1
16	12	1	0
17	12	1	0
18	11	1	1
19	12	1	0
20	12	1	0
21	11	1	1
22	12	1	0
23	11	1	1
24	12	1	0
25	12	1	0
26	12	1	0
27	11	1	1
28	12	1	0
29	12	1	0
30	12	1	0
31	12	1	0
32	12	1	0
33	12	1	0
34	12	1	0
35	12	1	0
36	12	1	0
37	12	1	0
38	12	1	0
39	12	1	0
40	11	1	1
41	11	1	1
42	12	1	0
43	12	1	0
44	11	1	1
45	12	1	0
46	11	1	1
47	12	1	0
48	12	1	0
49	11	1	1
50	12	1	0
51	11	1	1
52	12	1	0
53	11	1	1
54	11	1	1
55	12	1	0
56	12	1	0
57	11	1	1
58	11	1	1
59	12	1	0
60	11	1	1
61	11	1	1
62	12	1	0
63	12	1	0
64	11	1	1
65	11	1	1
66	12	1	0
67	12	1	0
68	12	1	0
69	12	1	0
70	12	1	0
71	12	1	0
72	12	1	0
73	12	1	0
74	12	1	0
75	11	1	1
76	12	1	0
77	11	1	1
78	12	1	0
79	12	1	0
80	11	1	1
81	11	1	1
82	11	1	1
83	12	1	0
84	12	1	0
85	11	1	1
86	12	1	0
87	12	1	0
88	11	1	1
89	12	1	0
90	12	1	0
91	12	1	0
92	11	1	1
93	12	1	0
94	11	1	1
95	11	1	1
96	11	1	1
97	11	1	1
98	11	1	1
99	11	1	1
