Observation	Correct	FP	FN
0	2	1	0
1	2	1	0
2	2	0	0
3	1	0	1
4	2	1	0
5	1	0	1
6	2	2	0
7	1	0	1
8	2	0	0
9	2	2	0
10	1	0	1
11	1	0	1
12	2	1	0
13	2	1	0
14	2	1	0
15	2	2	0
16	2	2	0
17	2	2	0
18	2	2	0
19	2	2	0
20	1	0	1
21	2	0	0
22	1	0	1
23	2	2	0
24	1	0	1
25	1	0	1
26	1	0	1
27	1	0	1
28	2	2	0
29	1	0	1
30	1	0	1
31	1	1	1
32	2	1	0
33	1	1	1
34	2	0	0
35	2	1	0
36	2	1	0
37	2	0	0
38	2	3	0
39	2	0	0
40	2	2	0
41	2	0	0
42	1	0	1
43	2	0	0
44	2	2	0
45	0	0	2
46	2	3	0
47	1	0	1
48	2	0	0
49	0	0	2
50	1	2	1
51	2	0	0
52	2	3	0
53	2	2	0
54	1	0	1
55	2	0	0
56	2	2	0
57	2	2	0
58	2	2	0
59	0	0	2
60	2	2	0
61	0	0	2
62	2	2	0
63	1	2	1
64	2	0	0
65	2	4	0
66	1	0	1
67	2	4	0
68	0	0	2
69	2	2	0
70	2	4	0
71	0	0	2
72	1	0	1
73	0	0	2
74	1	0	1
75	0	0	2
76	2	2	0
77	2	0	0
78	2	4	0
79	0	0	2
80	1	2	1
81	2	4	0
82	2	4	0
83	0	0	2
84	2	2	0
85	0	0	2
86	0	0	2
87	2	0	0
88	2	4	0
89	2	2	0
90	2	4	0
91	1	0	1
92	0	2	2
93	1	2	1
94	2	3	0
95	0	0	2
96	2	4	0
97	0	0	2
98	0	0	2
99	0	0	2
