Observation	Correct	FP	FN
0	2	0	0
1	2	0	0
2	2	0	0
3	2	0	0
4	2	0	0
5	2	0	0
6	2	0	0
7	2	0	0
8	2	0	0
9	2	0	0
10	1	0	1
11	2	0	0
12	2	0	0
13	1	0	1
14	2	0	0
15	1	0	1
16	1	0	1
17	1	0	1
18	2	0	0
19	2	0	0
20	2	0	0
21	2	0	0
22	1	0	1
23	2	0	0
24	2	0	0
25	2	0	0
26	1	0	1
27	2	0	0
28	1	0	1
29	2	0	0
30	1	0	1
31	2	0	0
32	2	0	0
33	1	0	1
34	2	0	0
35	2	0	0
36	1	0	1
37	1	0	1
38	0	0	2
39	1	0	1
40	1	0	1
41	2	0	0
42	2	0	0
43	0	0	2
44	1	0	1
45	2	0	0
46	0	0	2
47	2	1	0
48	2	0	0
49	2	1	0
50	2	0	0
51	2	0	0
52	0	0	2
53	0	0	2
54	2	0	0
55	2	0	0
56	0	0	2
57	1	0	1
58	0	0	2
59	2	0	0
60	2	1	0
61	2	1	0
62	2	0	0
63	2	0	0
64	2	1	0
65	2	0	0
66	2	1	0
67	1	0	1
68	1	0	1
69	0	0	2
70	0	0	2
71	2	1	0
72	2	1	0
73	2	0	0
74	2	0	0
75	1	0	1
76	0	0	2
77	2	1	0
78	0	0	2
79	2	0	0
80	0	0	2
81	0	0	2
82	1	0	1
83	0	0	2
84	2	1	0
85	2	1	0
86	0	0	2
87	1	0	1
88	2	1	0
89	2	0	0
90	0	0	2
91	2	0	0
92	2	1	0
93	0	0	2
94	2	1	0
95	2	1	0
96	0	0	2
97	2	0	0
98	2	1	0
99	2	1	0
