Observation	Correct	FP	FN
0	2	0	0
1	2	0	0
2	2	0	0
3	2	0	0
4	1	0	1
5	2	0	0
6	2	0	0
7	2	0	0
8	1	0	1
9	2	0	0
10	2	0	0
11	2	0	0
12	2	0	0
13	1	0	1
14	1	0	1
15	2	0	0
16	2	0	0
17	2	0	0
18	2	0	0
19	2	0	0
20	2	0	0
21	2	0	0
22	1	0	1
23	1	0	1
24	1	0	1
25	2	0	0
26	2	0	0
27	1	0	1
28	2	0	0
29	2	0	0
30	2	0	0
31	2	0	0
32	2	0	0
33	2	0	0
34	1	0	1
35	2	0	0
36	2	0	0
37	0	0	2
38	2	0	0
39	2	0	0
40	1	0	1
41	1	0	1
42	1	0	1
43	2	0	0
44	2	1	0
45	2	0	0
46	2	0	0
47	2	0	0
48	1	0	1
49	2	0	0
50	1	0	1
51	0	0	2
52	2	1	0
53	2	0	0
54	0	0	2
55	2	0	0
56	2	1	0
57	2	1	0
58	0	0	2
59	2	1	0
60	0	0	2
61	2	0	0
62	0	0	2
63	2	0	0
64	1	0	1
65	2	1	0
66	0	0	2
67	0	0	2
68	2	1	0
69	2	1	0
70	2	0	0
71	2	0	0
72	2	1	0
73	0	0	2
74	2	0	0
75	0	0	2
76	2	1	0
77	0	0	2
78	0	0	2
79	0	0	2
80	1	0	1
81	2	1	0
82	2	1	0
83	0	0	2
84	2	1	0
85	2	1	0
86	2	0	0
87	0	0	2
88	0	0	2
89	1	0	1
90	0	0	2
91	1	0	1
92	2	0	0
93	2	1	0
94	0	0	2
95	0	0	2
96	2	1	0
97	2	1	0
98	2	0	0
99	2	1	0
