Observation	Correct	FP	FN
0	2	0	0
1	2	0	0
2	2	0	0
3	2	0	0
4	1	0	1
5	2	0	0
6	2	0	0
7	2	0	0
8	1	0	1
9	2	0	0
10	2	0	0
11	2	0	0
12	2	0	0
13	2	0	0
14	2	0	0
15	2	0	0
16	1	0	1
17	2	0	0
18	2	0	0
19	2	0	0
20	1	0	1
21	1	0	1
22	1	0	1
23	2	0	0
24	1	0	1
25	2	1	0
26	1	0	1
27	2	0	0
28	2	1	0
29	2	0	0
30	1	0	1
31	1	0	1
32	2	1	0
33	1	0	1
34	2	0	0
35	2	0	0
36	0	0	2
37	0	0	2
38	2	0	0
39	2	0	0
40	1	0	1
41	1	0	1
42	2	1	0
43	2	0	0
44	0	0	2
45	2	1	0
46	2	1	0
47	0	0	2
48	1	0	1
49	2	1	0
50	2	0	0
51	1	0	1
52	2	0	0
53	2	0	0
54	0	0	2
55	2	1	0
56	2	2	0
57	1	0	1
58	2	0	0
59	2	1	0
60	1	0	1
61	2	0	0
62	2	1	0
63	2	3	0
64	2	0	0
65	2	2	0
66	2	2	0
67	2	0	0
68	0	0	2
69	1	1	1
70	2	0	0
71	2	3	0
72	1	0	1
73	1	0	1
74	2	2	0
75	2	0	0
76	2	1	0
77	0	0	2
78	0	0	2
79	2	4	0
80	2	5	0
81	0	0	2
82	0	0	2
83	2	3	0
84	2	0	0
85	0	0	2
86	1	2	1
87	1	0	1
88	2	1	0
89	2	5	0
90	0	0	2
91	1	0	1
92	2	1	0
93	2	1	0
94	2	1	0
95	2	1	0
96	2	5	0
97	2	5	0
98	0	0	2
99	0	2	2
