Observation	Correct	FP	FN
0	9	0	0
1	9	0	0
2	9	1	0
3	9	2	0
4	9	2	0
5	9	1	0
6	9	0	0
7	9	2	0
8	9	0	0
9	9	0	0
10	9	0	0
11	9	0	0
12	9	2	0
13	8	0	1
14	8	0	1
15	9	0	0
16	9	2	0
17	9	0	0
18	9	2	0
19	8	0	1
20	9	2	0
21	9	0	0
22	9	0	0
23	9	0	0
24	9	0	0
25	9	0	0
26	9	0	0
27	9	0	0
28	9	0	0
29	8	1	1
30	8	0	1
31	9	1	0
32	9	0	0
33	9	2	0
34	9	2	0
35	9	2	0
36	8	0	1
37	8	1	1
38	9	2	0
39	9	2	0
40	8	1	1
41	9	0	0
42	7	0	2
43	9	0	0
44	9	2	0
45	9	0	0
46	9	2	0
47	9	0	0
48	7	0	2
49	9	2	0
50	9	2	0
51	9	2	0
52	7	0	2
53	9	0	0
54	9	2	0
55	7	0	2
56	8	0	1
57	8	1	1
58	7	0	2
59	7	0	2
60	9	2	0
61	7	0	2
62	7	1	2
63	9	2	0
64	9	2	0
65	8	1	1
66	7	1	2
67	8	2	1
68	9	2	0
69	9	0	0
70	9	2	0
71	9	0	0
72	9	2	0
73	9	2	0
74	7	0	2
75	7	0	2
76	8	1	1
77	9	0	0
78	7	0	2
79	8	1	1
80	7	0	2
81	9	2	0
82	9	0	0
83	7	1	2
84	9	2	0
85	9	2	0
86	9	2	0
87	9	2	0
88	7	0	2
89	7	0	2
90	9	0	0
91	7	0	2
92	9	0	0
93	9	4	0
94	7	0	2
95	9	2	0
96	9	2	0
97	9	0	0
98	9	0	0
99	7	1	2
