Observation	Correct	FP	FN
0	2	0	0
1	2	0	0
2	2	0	0
3	2	0	0
4	2	0	0
5	2	0	0
6	2	0	0
7	2	0	0
8	2	0	0
9	2	0	0
10	2	0	0
11	2	0	0
12	2	0	0
13	2	0	0
14	2	0	0
15	2	0	0
16	2	0	0
17	1	0	1
18	2	0	0
19	2	0	0
20	2	0	0
21	1	0	1
22	1	0	1
23	2	0	0
24	1	0	1
25	2	0	0
26	1	0	1
27	1	0	1
28	2	0	0
29	1	0	1
30	2	0	0
31	2	0	0
32	2	0	0
33	2	0	0
34	2	0	0
35	2	0	0
36	2	0	0
37	1	0	1
38	2	0	0
39	2	0	0
40	1	0	1
41	2	0	0
42	1	0	1
43	2	1	0
44	1	0	1
45	2	0	0
46	0	0	2
47	1	0	1
48	2	1	0
49	2	0	0
50	2	0	0
51	0	0	2
52	1	0	1
53	2	1	0
54	1	0	1
55	0	0	2
56	1	0	1
57	2	0	0
58	0	0	2
59	0	0	2
60	2	0	0
61	0	0	2
62	2	1	0
63	0	0	2
64	2	0	0
65	2	1	0
66	1	0	1
67	2	1	0
68	2	1	0
69	2	1	0
70	2	0	0
71	2	1	0
72	2	1	0
73	2	0	0
74	2	0	0
75	0	0	2
76	2	0	0
77	1	0	1
78	0	0	2
79	0	0	2
80	2	1	0
81	0	0	2
82	2	0	0
83	0	0	2
84	2	0	0
85	0	0	2
86	2	1	0
87	2	1	0
88	0	0	2
89	1	0	1
90	1	0	1
91	2	0	0
92	0	0	2
93	2	1	0
94	2	1	0
95	0	0	2
96	0	0	2
97	0	0	2
98	0	0	2
99	2	4	0
