Observation	Correct	FP	FN
0	7	3	0
1	7	4	0
2	7	3	0
3	7	4	0
4	7	4	0
5	7	4	0
6	7	3	0
7	7	3	0
8	7	3	0
9	7	3	0
10	7	3	0
11	7	4	0
12	7	4	0
13	7	4	0
14	7	3	0
15	7	3	0
16	7	4	0
17	7	4	0
18	7	4	0
19	7	3	0
20	7	4	0
21	7	4	0
22	7	3	0
23	7	4	0
24	7	3	0
25	7	4	0
26	7	4	0
27	7	4	0
28	7	3	0
29	7	4	0
30	7	3	0
31	7	3	0
32	7	3	0
33	7	3	0
34	7	3	0
35	7	2	0
36	7	3	0
37	7	4	0
38	7	4	0
39	7	2	0
40	7	4	0
41	7	3	0
42	7	4	0
43	7	3	0
44	7	3	0
45	7	2	0
46	7	3	0
47	7	4	0
48	7	3	0
49	7	2	0
50	7	1	0
51	7	4	0
52	7	5	0
53	7	2	0
54	7	4	0
55	7	2	0
56	7	2	0
57	7	4	0
58	7	4	0
59	7	2	0
60	7	4	0
61	7	3	0
62	7	3	0
63	7	4	0
64	7	3	0
65	7	0	0
66	7	3	0
67	7	6	0
68	7	0	0
69	7	3	0
70	7	1	0
71	7	2	0
72	7	2	0
73	7	4	0
74	7	0	0
75	7	0	0
76	7	1	0
77	7	3	0
78	7	3	0
79	7	5	0
80	7	3	0
81	7	3	0
82	7	2	0
83	7	3	0
84	7	3	0
85	7	4	0
86	7	4	0
87	7	0	0
88	6	2	1
89	7	0	0
90	7	2	0
91	7	4	0
92	7	3	0
93	7	4	0
94	7	3	0
95	7	4	0
96	6	3	1
97	6	0	1
98	7	3	0
99	7	6	0
