Observation	Correct	FP	FN
0	2	0	0
1	2	0	0
2	2	0	0
3	2	0	0
4	2	0	0
5	2	0	0
6	2	0	0
7	2	0	0
8	2	0	0
9	1	0	1
10	2	0	0
11	2	0	0
12	2	0	0
13	1	0	1
14	2	0	0
15	2	0	0
16	1	0	1
17	2	0	0
18	2	0	0
19	1	0	1
20	2	0	0
21	1	0	1
22	1	0	1
23	2	0	0
24	1	0	1
25	2	0	0
26	1	0	1
27	2	0	0
28	2	0	0
29	2	0	0
30	2	0	0
31	2	0	0
32	2	0	0
33	2	0	0
34	1	0	1
35	2	0	0
36	2	0	0
37	1	0	1
38	2	0	0
39	1	0	1
40	0	0	2
41	2	0	0
42	2	0	0
43	1	0	1
44	2	0	0
45	2	0	0
46	0	0	2
47	1	0	1
48	0	0	2
49	2	0	0
50	2	0	0
51	0	0	2
52	1	0	1
53	0	0	2
54	2	0	0
55	2	1	0
56	2	0	0
57	0	0	2
58	2	1	0
59	2	1	0
60	1	0	1
61	2	1	0
62	2	0	0
63	2	0	0
64	0	0	2
65	1	0	1
66	0	0	2
67	2	1	0
68	2	0	0
69	0	0	2
70	0	0	2
71	2	2	0
72	0	0	2
73	2	1	0
74	2	1	0
75	2	2	0
76	0	0	2
77	2	0	0
78	0	0	2
79	0	0	2
80	0	0	2
81	0	0	2
82	0	0	2
83	0	0	2
84	2	2	0
85	2	2	0
86	0	0	2
87	1	0	1
88	2	2	0
89	0	0	2
90	2	1	0
91	2	1	0
92	0	0	2
93	0	0	2
94	0	0	2
95	1	0	1
96	2	2	0
97	0	0	2
98	2	3	0
99	2	1	0
