Observation	Correct	FP	FN
0	7	1	0
1	7	2	0
2	7	1	0
3	7	2	0
4	7	3	0
5	7	2	0
6	7	2	0
7	7	3	0
8	7	3	0
9	7	1	0
10	7	2	0
11	7	2	0
12	7	0	0
13	7	3	0
14	7	3	0
15	7	0	0
16	7	0	0
17	7	2	0
18	7	2	0
19	7	1	0
20	7	3	0
21	7	0	0
22	7	3	0
23	7	0	0
24	7	1	0
25	7	3	0
26	7	2	0
27	7	0	0
28	7	0	0
29	7	2	0
30	7	0	0
31	7	1	0
32	7	3	0
33	7	0	0
34	7	0	0
35	7	2	0
36	7	2	0
37	7	3	0
38	7	2	0
39	7	3	0
40	7	0	0
41	7	3	0
42	7	0	0
43	7	3	0
44	7	0	0
45	7	0	0
46	7	2	0
47	7	1	0
48	7	0	0
49	7	2	0
50	7	1	0
51	7	2	0
52	7	0	0
53	7	2	0
54	7	2	0
55	7	0	0
56	7	0	0
57	7	3	0
58	7	3	0
59	7	2	0
60	7	0	0
61	7	1	0
62	7	2	0
63	7	0	0
64	7	1	0
65	7	0	0
66	6	0	1
67	7	1	0
68	7	0	0
69	6	1	1
70	7	0	0
71	7	2	0
72	6	3	1
73	6	3	1
74	7	3	0
75	7	3	0
76	6	0	1
77	7	1	0
78	6	3	1
79	6	2	1
80	7	0	0
81	6	1	1
82	7	0	0
83	6	3	1
84	6	3	1
85	7	3	0
86	6	4	1
87	7	0	0
88	6	2	1
89	6	2	1
90	7	3	0
91	7	4	0
92	7	0	0
93	7	3	0
94	7	3	0
95	6	1	1
96	7	2	0
97	7	0	0
98	6	3	1
99	6	5	1
