Observation	Correct	FP	FN
0	11	1	0
1	11	1	0
2	11	1	0
3	11	1	0
4	11	1	0
5	11	1	0
6	11	1	0
7	9	1	2
8	11	1	0
9	9	1	2
10	11	1	0
11	10	1	1
12	9	1	2
13	11	1	0
14	11	1	0
15	11	1	0
16	11	1	0
17	11	1	0
18	9	1	2
19	11	1	0
20	11	1	0
21	9	1	2
22	9	1	2
23	11	1	0
24	11	1	0
25	11	1	0
26	10	1	1
27	11	1	0
28	10	1	1
29	11	1	0
30	9	1	2
31	10	1	1
32	11	1	0
33	8	1	3
34	11	1	0
35	9	1	2
36	9	1	2
37	11	1	0
38	11	1	0
39	11	2	0
40	8	1	3
41	11	1	0
42	8	1	3
43	9	1	2
44	9	1	2
45	11	1	0
46	11	2	0
47	11	1	0
48	11	2	0
49	10	1	1
50	9	1	2
51	11	1	0
52	11	2	0
53	8	1	3
54	8	1	3
55	11	2	0
56	9	1	2
57	8	1	3
58	11	1	0
59	9	1	2
60	8	1	3
61	8	1	3
62	11	2	0
63	8	1	3
64	10	1	1
65	8	1	3
66	9	1	2
67	8	1	3
68	8	1	3
69	8	1	3
70	8	1	3
71	11	1	0
72	8	1	3
73	10	1	1
74	11	1	0
75	8	1	3
76	11	2	0
77	8	1	3
78	8	1	3
79	10	1	1
80	10	1	1
81	9	2	2
82	11	2	0
83	9	2	2
84	11	1	0
85	9	2	2
86	11	1	0
87	8	1	3
88	11	1	0
89	9	1	2
90	11	2	0
91	10	1	1
92	9	2	2
93	11	1	0
94	8	1	3
95	11	1	0
96	11	1	0
97	9	2	2
98	11	2	0
99	8	0	3
