Observation	Correct	FP	FN
0	8	0	0
1	8	0	0
2	8	0	0
3	8	0	0
4	8	2	0
5	8	0	0
6	8	0	0
7	8	0	0
8	8	2	0
9	8	0	0
10	8	0	0
11	8	0	0
12	8	0	0
13	8	0	0
14	8	0	0
15	8	2	0
16	8	0	0
17	8	0	0
18	8	0	0
19	8	0	0
20	8	0	0
21	8	2	0
22	8	0	0
23	8	2	0
24	8	0	0
25	8	0	0
26	8	0	0
27	8	2	0
28	8	0	0
29	8	2	0
30	8	0	0
31	8	0	0
32	8	0	0
33	8	2	0
34	8	0	0
35	8	0	0
36	8	2	0
37	7	0	1
38	7	0	1
39	8	2	0
40	8	2	0
41	8	2	0
42	8	2	0
43	7	0	1
44	8	2	0
45	8	0	0
46	7	0	1
47	8	0	0
48	8	0	0
49	8	2	0
50	8	2	0
51	8	2	0
52	8	2	0
53	7	0	1
54	8	2	0
55	8	0	0
56	8	2	0
57	8	0	0
58	8	0	0
59	8	2	0
60	8	0	0
61	8	2	0
62	7	0	1
63	7	0	1
64	7	0	1
65	8	2	0
66	8	0	0
67	8	2	0
68	7	0	1
69	7	0	1
70	8	0	0
71	8	2	0
72	6	0	2
73	8	0	0
74	8	2	0
75	8	0	0
76	6	0	2
77	8	1	0
78	8	2	0
79	8	0	0
80	8	2	0
81	6	0	2
82	8	2	0
83	8	0	0
84	8	2	0
85	8	2	0
86	6	0	2
87	8	3	0
88	8	3	0
89	8	4	0
90	8	2	0
91	8	2	0
92	6	0	2
93	6	0	2
94	8	2	0
95	7	0	1
96	8	0	0
97	8	5	0
98	6	0	2
99	6	1	2
