Observation	Correct	FP	FN
0	9	0	0
1	9	0	0
2	8	0	1
3	8	0	1
4	9	0	0
5	8	0	1
6	8	0	1
7	9	0	0
8	8	0	1
9	9	0	0
10	9	0	0
11	9	0	0
12	9	0	0
13	9	0	0
14	9	0	0
15	8	0	1
16	9	0	0
17	9	0	0
18	9	0	0
19	9	0	0
20	9	0	0
21	9	0	0
22	8	0	1
23	9	0	0
24	8	0	1
25	9	0	0
26	9	0	0
27	8	0	1
28	8	0	1
29	8	0	1
30	8	0	1
31	8	0	1
32	9	0	0
33	9	0	0
34	8	0	1
35	8	0	1
36	9	0	0
37	9	0	0
38	9	0	0
39	9	0	0
40	8	0	1
41	7	0	2
42	9	0	0
43	9	0	0
44	8	0	1
45	8	0	1
46	9	0	0
47	9	0	0
48	9	0	0
49	8	0	1
50	7	0	2
51	9	0	0
52	8	0	1
53	7	0	2
54	7	0	2
55	9	0	0
56	9	0	0
57	9	0	0
58	9	0	0
59	7	0	2
60	8	0	1
61	8	0	1
62	7	0	2
63	9	0	0
64	9	0	0
65	8	0	1
66	7	0	2
67	7	0	2
68	9	0	0
69	9	0	0
70	7	0	2
71	7	0	2
72	6	0	3
73	8	0	1
74	6	0	3
75	9	0	0
76	8	0	1
77	9	0	0
78	9	0	0
79	8	0	1
80	9	0	0
81	9	0	0
82	6	0	3
83	9	0	0
84	9	0	0
85	9	0	0
86	7	0	2
87	9	0	0
88	9	0	0
89	9	0	0
90	5	0	4
91	5	0	4
92	5	0	4
93	9	0	0
94	9	0	0
95	9	0	0
96	9	0	0
97	9	0	0
98	9	0	0
99	9	0	0
