Observation	Correct	FP	FN
0	2	0	0
1	2	0	0
2	2	0	0
3	2	0	0
4	2	0	0
5	2	0	0
6	2	0	0
7	2	0	0
8	2	0	0
9	2	0	0
10	1	0	1
11	2	0	0
12	2	0	0
13	2	0	0
14	2	0	0
15	2	0	0
16	2	0	0
17	2	0	0
18	1	0	1
19	2	0	0
20	2	0	0
21	2	0	0
22	1	0	1
23	2	0	0
24	1	0	1
25	2	0	0
26	2	0	0
27	1	0	1
28	1	0	1
29	1	0	1
30	1	0	1
31	2	0	0
32	1	0	1
33	2	1	0
34	1	0	1
35	1	0	1
36	1	0	1
37	1	0	1
38	1	0	1
39	2	0	0
40	1	0	1
41	2	1	0
42	1	0	1
43	2	1	0
44	1	0	1
45	2	0	0
46	1	0	1
47	2	1	0
48	2	1	0
49	2	1	0
50	2	0	0
51	1	0	1
52	2	1	0
53	2	0	0
54	1	0	1
55	2	0	0
56	2	1	0
57	1	0	1
58	2	0	0
59	1	0	1
60	2	0	0
61	1	0	1
62	2	1	0
63	0	0	2
64	2	0	0
65	2	1	0
66	0	0	2
67	1	0	1
68	2	0	0
69	0	0	2
70	2	0	0
71	2	1	0
72	2	1	0
73	2	0	0
74	1	0	1
75	2	1	0
76	1	0	1
77	1	0	1
78	2	1	0
79	0	0	2
80	2	1	0
81	2	1	0
82	1	0	1
83	0	0	2
84	2	0	0
85	2	0	0
86	2	0	0
87	1	0	1
88	2	0	0
89	2	1	0
90	1	0	1
91	1	0	1
92	2	1	0
93	0	0	2
94	2	1	0
95	2	1	0
96	2	2	0
97	2	2	0
98	0	0	2
99	0	0	2
