Observation	Correct	FP	FN
0	17	2	0
1	17	1	0
2	17	1	0
3	17	2	0
4	17	4	0
5	17	1	0
6	17	1	0
7	17	1	0
8	17	1	0
9	17	1	0
10	17	1	0
11	17	1	0
12	17	2	0
13	17	1	0
14	17	4	0
15	17	1	0
16	17	3	0
17	17	4	0
18	17	4	0
19	17	1	0
20	17	1	0
21	17	4	0
22	17	1	0
23	17	1	0
24	17	1	0
25	17	4	0
26	17	1	0
27	17	1	0
28	17	1	0
29	17	1	0
30	17	1	0
31	17	3	0
32	17	1	0
33	17	1	0
34	17	3	0
35	17	1	0
36	17	1	0
37	17	1	0
38	17	2	0
39	17	1	0
40	17	3	0
41	17	4	0
42	17	1	0
43	17	1	0
44	17	3	0
45	17	2	0
46	17	1	0
47	17	1	0
48	17	4	0
49	17	3	0
50	17	1	0
51	17	3	0
52	17	3	0
53	17	3	0
54	17	1	0
55	17	4	0
56	17	1	0
57	17	1	0
58	17	3	0
59	17	3	0
60	17	3	0
61	17	1	0
62	17	4	0
63	17	1	0
64	17	1	0
65	17	4	0
66	17	1	0
67	17	4	0
68	17	1	0
69	17	1	0
70	17	1	0
71	17	3	0
72	17	1	0
73	17	1	0
74	17	1	0
75	17	1	0
76	17	3	0
77	17	3	0
78	17	1	0
79	17	3	0
80	17	1	0
81	17	4	0
82	17	1	0
83	17	1	0
84	17	1	0
85	17	1	0
86	17	1	0
87	17	4	0
88	17	1	0
89	17	1	0
90	17	1	0
91	17	3	0
92	17	2	0
93	17	1	0
94	17	3	0
95	17	3	0
96	17	1	0
97	17	1	0
98	17	3	0
99	17	3	0
