Observation	Correct	FP	FN
0	2	0	0
1	2	0	0
2	2	0	0
3	2	0	0
4	2	0	0
5	2	0	0
6	2	0	0
7	2	0	0
8	2	0	0
9	2	0	0
10	1	0	1
11	1	0	1
12	2	0	0
13	2	0	0
14	2	0	0
15	2	0	0
16	2	0	0
17	2	0	0
18	1	0	1
19	2	0	0
20	2	0	0
21	2	0	0
22	1	0	1
23	1	0	1
24	1	0	1
25	2	0	0
26	1	0	1
27	2	0	0
28	1	0	1
29	1	0	1
30	2	0	0
31	2	0	0
32	2	1	0
33	1	0	1
34	2	0	0
35	2	0	0
36	2	0	0
37	2	1	0
38	1	0	1
39	2	0	0
40	2	0	0
41	2	0	0
42	2	0	0
43	2	1	0
44	2	0	0
45	1	0	1
46	1	0	1
47	2	0	0
48	2	0	0
49	2	1	0
50	2	1	0
51	1	0	1
52	2	0	0
53	2	1	0
54	1	0	1
55	1	0	1
56	1	0	1
57	2	1	0
58	1	0	1
59	2	0	0
60	2	0	0
61	1	0	1
62	2	0	0
63	1	0	1
64	2	1	0
65	2	0	0
66	2	0	0
67	2	0	0
68	0	0	2
69	2	0	0
70	0	0	2
71	2	0	0
72	1	0	1
73	0	0	2
74	2	1	0
75	2	1	0
76	0	0	2
77	2	1	0
78	0	0	2
79	2	1	0
80	1	0	1
81	2	1	0
82	2	0	0
83	1	0	1
84	1	0	1
85	1	0	1
86	2	0	0
87	0	0	2
88	1	0	1
89	2	1	0
90	2	1	0
91	1	0	1
92	2	1	0
93	2	1	0
94	2	1	0
95	2	1	0
96	0	0	2
97	2	1	0
98	0	0	2
99	0	0	2
