Observation	Correct	FP	FN
0	2	0	0
1	2	0	0
2	2	0	0
3	1	0	1
4	2	0	0
5	2	0	0
6	1	0	1
7	2	0	0
8	1	0	1
9	1	0	1
10	2	0	0
11	2	0	0
12	2	0	0
13	1	0	1
14	2	0	0
15	1	0	1
16	2	0	0
17	2	0	0
18	2	0	0
19	1	0	1
20	2	0	0
21	1	0	1
22	1	0	1
23	2	0	0
24	1	0	1
25	2	0	0
26	1	0	1
27	1	0	1
28	1	0	1
29	1	0	1
30	2	0	0
31	1	0	1
32	2	0	0
33	1	0	1
34	1	0	1
35	2	0	0
36	2	0	0
37	1	0	1
38	1	0	1
39	2	0	0
40	2	0	0
41	2	0	0
42	2	0	0
43	2	0	0
44	1	0	1
45	2	0	0
46	1	0	1
47	0	0	2
48	2	1	0
49	2	0	0
50	0	0	2
51	2	1	0
52	0	0	2
53	1	0	1
54	2	0	0
55	1	0	1
56	2	0	0
57	2	0	0
58	2	1	0
59	2	1	0
60	0	0	2
61	0	0	2
62	2	0	0
63	2	1	0
64	2	0	0
65	0	0	2
66	0	0	2
67	0	0	2
68	2	1	0
69	1	0	1
70	2	1	0
71	1	0	1
72	2	1	0
73	2	1	0
74	0	0	2
75	2	0	0
76	2	1	0
77	0	0	2
78	1	0	1
79	2	0	0
80	2	0	0
81	0	0	2
82	2	1	0
83	1	0	1
84	2	1	0
85	1	0	1
86	1	0	1
87	2	1	0
88	0	0	2
89	0	0	2
90	0	0	2
91	2	1	0
92	2	1	0
93	0	0	2
94	0	0	2
95	2	1	0
96	2	1	0
97	0	0	2
98	2	0	0
99	2	1	0
