Observation	Correct	FP	FN
0	9	0	0
1	9	0	0
2	8	0	1
3	9	0	0
4	9	0	0
5	9	0	0
6	8	0	1
7	9	0	0
8	9	0	0
9	8	0	1
10	8	0	1
11	8	0	1
12	9	0	0
13	9	0	0
14	9	0	0
15	9	0	0
16	9	0	0
17	9	0	0
18	8	0	1
19	8	0	1
20	8	0	1
21	9	0	0
22	8	0	1
23	9	0	0
24	8	0	1
25	9	0	0
26	8	0	1
27	9	0	0
28	8	0	1
29	8	0	1
30	9	0	0
31	9	0	0
32	8	0	1
33	9	0	0
34	8	0	1
35	9	0	0
36	8	0	1
37	9	0	0
38	8	0	1
39	9	0	0
40	8	0	1
41	8	0	1
42	9	0	0
43	8	0	1
44	9	0	0
45	8	0	1
46	9	0	0
47	9	0	0
48	8	0	1
49	9	0	0
50	9	0	0
51	9	0	0
52	9	0	0
53	8	0	1
54	8	0	1
55	9	0	0
56	9	0	0
57	8	0	1
58	8	0	1
59	9	0	0
60	9	0	0
61	8	0	1
62	8	0	1
63	9	0	0
64	8	0	1
65	8	0	1
66	9	0	0
67	9	0	0
68	9	0	0
69	8	0	1
70	9	0	0
71	9	0	0
72	9	0	0
73	9	0	0
74	9	0	0
75	9	0	0
76	9	0	0
77	8	0	1
78	9	0	0
79	9	0	0
80	9	0	0
81	9	0	0
82	9	0	0
83	8	0	1
84	8	0	1
85	9	0	0
86	9	0	0
87	9	0	0
88	9	0	0
89	9	0	0
90	9	0	0
91	9	0	0
92	8	0	1
93	8	0	1
94	8	0	1
95	9	0	0
96	9	0	0
97	8	0	1
98	9	0	0
99	8	0	1
