Observation	Correct	FP	FN
0	13	2	0
1	13	2	0
2	13	2	0
3	11	1	2
4	12	1	1
5	13	2	0
6	12	1	1
7	12	1	1
8	13	2	0
9	13	1	0
10	12	0	1
11	12	1	1
12	13	2	0
13	13	1	0
14	12	0	1
15	12	1	1
16	11	1	2
17	13	1	0
18	13	2	0
19	12	0	1
20	13	2	0
21	12	1	1
22	13	2	0
23	13	2	0
24	12	1	1
25	13	2	0
26	13	2	0
27	13	1	0
28	11	1	2
29	13	2	0
30	13	1	0
31	12	1	1
32	12	0	1
33	13	2	0
34	13	2	0
35	13	2	0
36	13	2	0
37	13	2	0
38	13	2	0
39	12	1	1
40	12	1	1
41	13	2	0
42	13	2	0
43	13	1	0
44	13	1	0
45	13	1	0
46	13	2	0
47	11	1	2
48	12	1	1
49	12	1	1
50	13	2	0
51	13	0	0
52	13	2	0
53	13	2	0
54	12	0	1
55	12	0	1
56	12	0	1
57	11	1	2
58	13	2	0
59	12	0	1
60	13	2	0
61	13	2	0
62	13	2	0
63	13	2	0
64	13	2	0
65	13	2	0
66	12	0	1
67	12	0	1
68	13	1	0
69	12	1	1
70	13	2	0
71	13	2	0
72	13	2	0
73	13	2	0
74	12	0	1
75	12	1	1
76	13	2	0
77	13	2	0
78	13	2	0
79	13	2	0
80	13	2	0
81	13	2	0
82	12	1	1
83	12	1	1
84	12	0	1
85	13	2	0
86	13	0	0
87	12	1	1
88	12	1	1
89	12	1	1
90	11	1	2
91	12	1	1
92	13	1	0
93	13	2	0
94	13	2	0
95	12	0	1
96	11	1	2
97	12	1	1
98	12	1	1
99	12	1	1
