Observation	Correct	FP	FN
0	2	0	0
1	2	0	0
2	2	0	0
3	2	0	0
4	2	0	0
5	2	0	0
6	2	0	0
7	2	0	0
8	2	0	0
9	2	0	0
10	2	0	0
11	2	0	0
12	2	0	0
13	1	0	1
14	1	0	1
15	2	0	0
16	1	0	1
17	1	0	1
18	2	0	0
19	2	0	0
20	2	0	0
21	2	0	0
22	2	0	0
23	2	0	0
24	2	0	0
25	1	0	1
26	2	0	0
27	2	0	0
28	1	0	1
29	1	0	1
30	1	0	1
31	1	0	1
32	1	0	1
33	2	0	0
34	2	0	0
35	1	0	1
36	2	0	0
37	2	1	0
38	2	1	0
39	1	0	1
40	2	0	0
41	1	0	1
42	2	1	0
43	1	0	1
44	1	0	1
45	1	0	1
46	2	0	0
47	1	0	1
48	2	1	0
49	1	0	1
50	2	0	0
51	1	0	1
52	1	0	1
53	2	0	0
54	2	1	0
55	1	0	1
56	1	0	1
57	1	0	1
58	2	0	0
59	0	0	2
60	0	0	2
61	2	1	0
62	2	0	0
63	1	0	1
64	2	1	0
65	1	0	1
66	0	0	2
67	2	1	0
68	0	0	2
69	2	1	0
70	2	0	0
71	2	1	0
72	0	0	2
73	2	1	0
74	2	0	0
75	2	0	0
76	2	1	0
77	2	1	0
78	2	0	0
79	0	0	2
80	2	0	0
81	2	1	0
82	2	1	0
83	2	1	0
84	2	0	0
85	0	0	2
86	2	1	0
87	2	1	0
88	0	0	2
89	0	0	2
90	2	1	0
91	1	0	1
92	2	1	0
93	2	1	0
94	2	1	0
95	0	0	2
96	0	0	2
97	2	1	0
98	2	1	0
99	0	0	2
