Observation	Correct	FP	FN
0	2	0	0
1	2	0	0
2	2	0	0
3	2	0	0
4	2	0	0
5	2	0	0
6	2	0	0
7	2	0	0
8	2	0	0
9	2	0	0
10	2	0	0
11	2	0	0
12	2	0	0
13	1	0	1
14	1	0	1
15	2	0	0
16	2	0	0
17	1	0	1
18	2	0	0
19	2	0	0
20	2	0	0
21	2	0	0
22	2	0	0
23	1	0	1
24	2	0	0
25	2	0	0
26	2	0	0
27	2	0	0
28	1	0	1
29	1	0	1
30	1	0	1
31	2	0	0
32	2	0	0
33	2	0	0
34	1	0	1
35	2	1	0
36	1	0	1
37	2	1	0
38	2	1	0
39	2	1	0
40	1	0	1
41	2	0	0
42	2	1	0
43	2	0	0
44	2	1	0
45	2	0	0
46	1	0	1
47	2	0	0
48	2	1	0
49	2	0	0
50	2	0	0
51	1	0	1
52	2	1	0
53	1	0	1
54	1	0	1
55	2	1	0
56	2	0	0
57	1	0	1
58	1	0	1
59	2	1	0
60	2	0	0
61	1	0	1
62	2	1	0
63	1	0	1
64	0	0	2
65	1	0	1
66	1	0	1
67	1	0	1
68	0	0	2
69	0	0	2
70	2	0	0
71	2	0	0
72	2	1	0
73	2	0	0
74	2	0	0
75	2	1	0
76	2	0	0
77	2	0	0
78	2	0	0
79	2	1	0
80	2	1	0
81	0	0	2
82	0	0	2
83	2	1	0
84	2	1	0
85	2	1	0
86	2	1	0
87	0	0	2
88	2	1	0
89	2	0	0
90	1	0	1
91	1	0	1
92	1	0	1
93	0	0	2
94	2	1	0
95	2	1	0
96	0	0	2
97	1	0	1
98	2	1	0
99	2	0	0
