Observation	Correct	FP	FN
0	13	2	0
1	13	0	0
2	13	1	0
3	13	0	0
4	13	1	0
5	13	0	0
6	13	2	0
7	13	0	0
8	13	1	0
9	13	1	0
10	13	1	0
11	13	0	0
12	13	2	0
13	13	0	0
14	13	1	0
15	13	1	0
16	13	0	0
17	13	0	0
18	13	1	0
19	13	0	0
20	13	0	0
21	13	0	0
22	13	1	0
23	13	2	0
24	13	1	0
25	13	0	0
26	13	2	0
27	13	1	0
28	13	1	0
29	13	0	0
30	13	1	0
31	13	0	0
32	13	1	0
33	13	1	0
34	13	1	0
35	13	0	0
36	13	1	0
37	13	0	0
38	13	0	0
39	13	1	0
40	13	1	0
41	13	1	0
42	13	2	0
43	13	1	0
44	13	2	0
45	13	1	0
46	13	1	0
47	13	1	0
48	13	0	0
49	13	0	0
50	13	0	0
51	13	0	0
52	13	0	0
53	13	2	0
54	13	1	0
55	13	0	0
56	13	0	0
57	13	2	0
58	13	0	0
59	13	1	0
60	13	1	0
61	13	1	0
62	13	1	0
63	13	1	0
64	13	1	0
65	13	1	0
66	13	0	0
67	13	1	0
68	13	0	0
69	13	1	0
70	13	1	0
71	13	1	0
72	13	2	0
73	13	0	0
74	13	1	0
75	13	1	0
76	13	0	0
77	13	0	0
78	13	1	0
79	13	1	0
80	13	2	0
81	13	0	0
82	13	0	0
83	13	0	0
84	13	1	0
85	13	1	0
86	13	0	0
87	13	2	0
88	13	0	0
89	13	1	0
90	13	0	0
91	13	1	0
92	13	0	0
93	13	1	0
94	13	0	0
95	13	0	0
96	13	1	0
97	13	1	0
98	13	0	0
99	13	0	0
