Observation	Correct	FP	FN
0	7	0	0
1	7	1	0
2	7	0	0
3	7	1	0
4	7	0	0
5	7	1	0
6	7	1	0
7	7	0	0
8	7	1	0
9	7	1	0
10	7	1	0
11	7	1	0
12	7	0	0
13	7	1	0
14	7	1	0
15	7	0	0
16	7	1	0
17	7	0	0
18	7	0	0
19	7	0	0
20	7	1	0
21	7	1	0
22	7	1	0
23	7	0	0
24	7	1	0
25	7	1	0
26	7	1	0
27	7	1	0
28	7	0	0
29	7	0	0
30	7	1	0
31	7	1	0
32	7	0	0
33	7	1	0
34	7	0	0
35	7	0	0
36	7	1	0
37	7	1	0
38	7	0	0
39	7	0	0
40	7	1	0
41	7	1	0
42	7	1	0
43	7	1	0
44	7	1	0
45	7	0	0
46	7	1	0
47	7	0	0
48	7	0	0
49	7	0	0
50	7	1	0
51	7	0	0
52	7	1	0
53	7	0	0
54	7	0	0
55	7	0	0
56	7	1	0
57	7	1	0
58	7	1	0
59	7	0	0
60	7	1	0
61	7	1	0
62	7	1	0
63	7	1	0
64	7	1	0
65	7	0	0
66	7	1	0
67	7	0	0
68	7	0	0
69	7	0	0
70	7	0	0
71	7	1	0
72	7	1	0
73	7	2	0
74	7	0	0
75	7	0	0
76	7	2	0
77	7	1	0
78	7	0	0
79	7	0	0
80	7	0	0
81	6	0	1
82	7	1	0
83	6	2	1
84	7	3	0
85	7	0	0
86	7	2	0
87	7	0	0
88	7	4	0
89	6	0	1
90	7	0	0
91	7	0	0
92	7	0	0
93	6	0	1
94	6	1	1
95	7	3	0
96	7	0	0
97	7	4	0
98	7	6	0
99	7	4	0
