Observation	Correct	FP	FN
0	6	0	0
1	6	0	0
2	6	0	0
3	6	1	0
4	6	1	0
5	6	1	0
6	6	0	0
7	6	1	0
8	6	0	0
9	6	0	0
10	6	0	0
11	6	1	0
12	6	0	0
13	6	0	0
14	6	0	0
15	6	1	0
16	6	1	0
17	6	1	0
18	6	0	0
19	6	1	0
20	6	0	0
21	6	1	0
22	6	1	0
23	6	0	0
24	6	1	0
25	6	1	0
26	6	1	0
27	6	1	0
28	6	1	0
29	6	1	0
30	6	0	0
31	6	0	0
32	6	0	0
33	6	0	0
34	6	1	0
35	6	0	0
36	6	1	0
37	6	0	0
38	6	1	0
39	6	0	0
40	6	0	0
41	6	1	0
42	6	0	0
43	6	1	0
44	6	1	0
45	6	1	0
46	6	1	0
47	5	1	1
48	6	0	0
49	6	1	0
50	6	1	0
51	6	1	0
52	6	0	0
53	5	1	1
54	6	0	0
55	6	1	0
56	6	1	0
57	6	1	0
58	6	1	0
59	5	1	1
60	6	1	0
61	5	1	1
62	6	1	0
63	6	1	0
64	6	1	0
65	6	0	0
66	6	0	0
67	6	1	0
68	6	0	0
69	6	1	0
70	5	1	1
71	6	1	0
72	6	0	0
73	6	1	0
74	6	1	0
75	5	1	1
76	5	1	1
77	5	1	1
78	5	1	1
79	5	1	1
80	5	0	1
81	6	1	0
82	6	2	0
83	5	1	1
84	5	1	1
85	6	0	0
86	5	2	1
87	6	1	0
88	6	0	0
89	5	2	1
90	6	2	0
91	6	3	0
92	6	2	0
93	6	1	0
94	6	3	0
95	6	1	0
96	5	2	1
97	6	3	0
98	5	0	1
99	5	2	1
