Observation	Correct	FP	FN
0	2	0	0
1	2	0	0
2	2	0	0
3	2	0	0
4	2	0	0
5	2	0	0
6	2	0	0
7	2	0	0
8	2	0	0
9	2	0	0
10	2	0	0
11	2	0	0
12	1	0	1
13	1	0	1
14	2	0	0
15	1	0	1
16	2	0	0
17	1	0	1
18	2	0	0
19	2	0	0
20	2	0	0
21	2	0	0
22	1	0	1
23	2	0	0
24	1	0	1
25	2	0	0
26	2	0	0
27	2	0	0
28	2	0	0
29	2	0	0
30	2	0	0
31	2	0	0
32	2	0	0
33	2	0	0
34	2	0	0
35	2	0	0
36	2	0	0
37	2	1	0
38	2	1	0
39	2	1	0
40	2	0	0
41	2	0	0
42	1	0	1
43	2	0	0
44	1	0	1
45	2	1	0
46	2	1	0
47	2	1	0
48	2	0	0
49	2	1	0
50	2	1	0
51	2	0	0
52	2	0	0
53	1	0	1
54	1	0	1
55	1	0	1
56	2	0	0
57	1	0	1
58	2	1	0
59	2	1	0
60	2	0	0
61	2	0	0
62	2	1	0
63	1	0	1
64	1	0	1
65	2	0	0
66	2	1	0
67	2	0	0
68	2	0	0
69	2	0	0
70	1	0	1
71	1	0	1
72	2	1	0
73	2	0	0
74	0	0	2
75	0	0	2
76	1	0	1
77	0	0	2
78	1	0	1
79	2	1	0
80	2	0	0
81	0	0	2
82	2	0	0
83	2	1	0
84	2	0	0
85	0	0	2
86	2	1	0
87	2	1	0
88	0	0	2
89	2	0	0
90	2	1	0
91	2	1	0
92	2	1	0
93	2	1	0
94	0	0	2
95	0	0	2
96	0	0	2
97	2	1	0
98	2	1	0
99	2	2	0
