Observation	Correct	FP	FN
0	7	3	0
1	7	3	0
2	7	3	0
3	7	3	0
4	7	3	0
5	7	3	0
6	7	3	0
7	7	3	0
8	7	3	0
9	7	3	0
10	7	3	0
11	7	3	0
12	7	3	0
13	7	3	0
14	7	3	0
15	7	3	0
16	7	3	0
17	7	3	0
18	7	3	0
19	7	3	0
20	7	3	0
21	7	3	0
22	7	3	0
23	7	3	0
24	7	3	0
25	7	3	0
26	7	3	0
27	7	3	0
28	7	3	0
29	7	0	0
30	7	3	0
31	7	3	0
32	7	3	0
33	7	3	0
34	7	3	0
35	7	0	0
36	7	0	0
37	7	3	0
38	7	3	0
39	7	3	0
40	7	3	0
41	6	0	1
42	7	3	0
43	7	3	0
44	7	0	0
45	7	0	0
46	7	3	0
47	7	3	0
48	7	4	0
49	7	4	0
50	7	4	0
51	7	0	0
52	6	3	1
53	7	3	0
54	6	0	1
55	7	3	0
56	7	5	0
57	7	3	0
58	6	0	1
59	7	0	0
60	6	0	1
61	7	3	0
62	7	4	0
63	7	4	0
64	7	3	0
65	7	4	0
66	7	5	0
67	7	3	0
68	7	4	0
69	7	2	0
70	7	4	0
71	6	3	1
72	7	5	0
73	7	0	0
74	6	0	1
75	7	4	0
76	7	3	0
77	6	0	1
78	6	3	1
79	6	0	1
80	6	3	1
81	6	0	1
82	7	3	0
83	7	3	0
84	6	0	1
85	7	5	0
86	6	3	1
87	6	0	1
88	7	4	0
89	7	4	0
90	7	1	0
91	7	5	0
92	7	5	0
93	6	3	1
94	7	4	0
95	6	3	1
96	6	3	1
97	6	3	1
98	6	3	1
99	7	7	0
