Observation	Correct	FP	FN
0	13	0	0
1	13	0	0
2	13	0	0
3	13	0	0
4	13	0	0
5	13	0	0
6	13	0	0
7	13	0	0
8	13	0	0
9	13	0	0
10	13	0	0
11	13	0	0
12	13	0	0
13	13	0	0
14	12	0	1
15	13	0	0
16	13	0	0
17	13	0	0
18	13	0	0
19	13	0	0
20	13	0	0
21	12	0	1
22	13	0	0
23	13	0	0
24	13	0	0
25	12	0	1
26	13	0	0
27	13	0	0
28	13	0	0
29	13	0	0
30	13	0	0
31	12	0	1
32	13	0	0
33	13	0	0
34	13	0	0
35	13	0	0
36	13	0	0
37	13	0	0
38	13	0	0
39	13	0	0
40	13	0	0
41	13	0	0
42	13	0	0
43	13	0	0
44	13	0	0
45	12	0	1
46	13	0	0
47	13	0	0
48	13	0	0
49	12	0	1
50	13	0	0
51	12	0	1
52	13	0	0
53	12	0	1
54	13	0	0
55	13	0	0
56	13	0	0
57	12	0	1
58	13	0	0
59	13	0	0
60	13	0	0
61	12	0	1
62	12	0	1
63	13	0	0
64	13	0	0
65	12	0	1
66	12	0	1
67	12	0	1
68	13	0	0
69	13	0	0
70	12	0	1
71	13	0	0
72	13	0	0
73	13	0	0
74	12	0	1
75	11	0	2
76	13	0	0
77	12	0	1
78	12	0	1
79	11	0	2
80	12	0	1
81	13	0	0
82	12	0	1
83	12	0	1
84	13	0	0
85	12	0	1
86	13	0	0
87	10	0	3
88	12	0	1
89	10	0	3
90	13	0	0
91	10	0	3
92	12	0	1
93	10	0	3
94	12	0	1
95	13	0	0
96	13	0	0
97	13	0	0
98	13	0	0
99	9	0	4
