Observation	Correct	FP	FN
0	9	1	0
1	9	1	0
2	9	1	0
3	9	1	0
4	9	1	0
5	9	1	0
6	9	1	0
7	9	1	0
8	9	1	0
9	9	1	0
10	9	1	0
11	8	1	1
12	8	1	1
13	8	1	1
14	9	1	0
15	9	1	0
16	9	1	0
17	9	1	0
18	9	1	0
19	8	1	1
20	8	1	1
21	8	1	1
22	8	1	1
23	8	1	1
24	8	1	1
25	9	1	0
26	9	1	0
27	8	1	1
28	9	1	0
29	9	1	0
30	8	1	1
31	8	1	1
32	9	1	0
33	9	1	0
34	9	1	0
35	8	1	1
36	8	1	1
37	9	1	0
38	8	1	1
39	9	1	0
40	9	1	0
41	9	1	0
42	9	1	0
43	9	1	0
44	8	1	1
45	9	0	0
46	8	2	1
47	9	1	0
48	9	0	0
49	8	1	1
50	8	2	1
51	9	0	0
52	8	1	1
53	9	1	0
54	8	2	1
55	8	1	1
56	9	1	0
57	8	1	1
58	9	1	0
59	9	1	0
60	8	1	1
61	8	2	1
62	9	1	0
63	8	1	1
64	9	1	0
65	9	0	0
66	9	0	0
67	8	2	1
68	8	1	1
69	8	2	1
70	9	1	0
71	8	1	1
72	9	0	0
73	7	2	2
74	7	1	2
75	8	1	1
76	9	2	0
77	9	1	0
78	7	2	2
79	7	1	2
80	9	0	0
81	7	1	2
82	9	1	0
83	9	1	0
84	9	0	0
85	8	2	1
86	9	0	0
87	9	1	0
88	9	0	0
89	9	1	0
90	9	0	0
91	7	2	2
92	8	2	1
93	8	0	1
94	7	1	2
95	7	1	2
96	9	0	0
97	7	1	2
98	9	0	0
99	9	1	0
