Observation	Correct	FP	FN
0	10	0	0
1	10	0	0
2	10	0	0
3	10	0	0
4	9	1	1
5	9	1	1
6	9	0	1
7	10	0	0
8	9	0	1
9	10	0	0
10	10	0	0
11	9	1	1
12	9	1	1
13	9	1	1
14	10	0	0
15	9	1	1
16	9	1	1
17	9	1	1
18	9	1	1
19	9	0	1
20	9	1	1
21	10	1	0
22	9	1	1
23	9	1	1
24	10	0	0
25	10	0	0
26	10	1	0
27	9	0	1
28	10	0	0
29	10	1	0
30	10	2	0
31	9	0	1
32	10	0	0
33	9	0	1
34	9	2	1
35	9	1	1
36	9	2	1
37	9	2	1
38	9	2	1
39	9	0	1
40	10	2	0
41	9	0	1
42	9	1	1
43	9	2	1
44	9	0	1
45	9	1	1
46	9	2	1
47	9	0	1
48	10	1	0
49	10	2	0
50	10	0	0
51	10	1	0
52	9	2	1
53	9	2	1
54	10	0	0
55	9	1	1
56	10	0	0
57	10	0	0
58	10	2	0
59	10	0	0
60	9	2	1
61	9	2	1
62	10	2	0
63	10	0	0
64	10	0	0
65	9	0	1
66	9	2	1
67	10	0	0
68	9	2	1
69	10	0	0
70	10	0	0
71	10	0	0
72	10	0	0
73	10	0	0
74	9	1	1
75	10	1	0
76	9	3	1
77	10	0	0
78	10	0	0
79	10	2	0
80	9	3	1
81	10	0	0
82	10	0	0
83	9	3	1
84	10	0	0
85	9	2	1
86	10	0	0
87	10	0	0
88	10	0	0
89	10	0	0
90	10	2	0
91	10	0	0
92	9	0	1
93	9	3	1
94	9	1	1
95	10	3	0
96	9	3	1
97	9	2	1
98	10	0	0
99	10	0	0
