Observation	Correct	FP	FN
0	4	0	0
1	4	0	0
2	4	0	0
3	4	0	0
4	4	1	0
5	4	0	0
6	3	0	1
7	4	1	0
8	4	1	0
9	4	1	0
10	4	1	0
11	4	1	0
12	2	0	2
13	4	1	0
14	3	0	1
15	4	1	0
16	2	0	2
17	3	0	1
18	4	1	0
19	3	0	1
20	4	0	0
21	2	0	2
22	4	1	0
23	4	0	0
24	1	0	3
25	1	0	3
26	1	0	3
27	4	1	0
28	4	1	0
29	4	0	0
30	1	0	3
31	1	0	3
32	3	0	1
33	4	1	0
34	1	0	3
35	0	0	4
36	3	0	1
37	1	0	3
38	3	1	1
39	4	1	0
40	0	0	4
41	4	2	0
42	1	0	3
43	4	1	0
44	3	0	1
45	2	0	2
46	3	0	1
47	0	0	4
48	4	1	0
49	3	0	1
50	3	1	1
51	4	0	0
52	0	0	4
53	4	2	0
54	4	1	0
55	4	1	0
56	0	0	4
57	4	1	0
58	2	0	2
59	4	1	0
60	4	2	0
61	4	2	0
62	0	0	4
63	4	2	0
64	4	1	0
65	4	1	0
66	0	0	4
67	4	2	0
68	4	2	0
69	0	0	4
70	0	0	4
71	3	0	1
72	4	2	0
73	0	0	4
74	0	0	4
75	3	0	1
76	0	0	4
77	2	0	2
78	2	0	2
79	4	3	0
80	0	0	4
81	4	2	0
82	1	0	3
83	0	0	4
84	2	1	2
85	4	3	0
86	3	1	1
87	4	2	0
88	4	3	0
89	0	0	4
90	1	0	3
91	4	2	0
92	0	0	4
93	4	2	0
94	4	3	0
95	0	0	4
96	0	0	4
97	3	1	1
98	4	3	0
99	0	0	4
