Observation	Correct	FP	FN
0	6	0	0
1	6	0	0
2	6	0	0
3	6	0	0
4	6	0	0
5	6	0	0
6	6	0	0
7	6	0	0
8	6	0	0
9	6	0	0
10	6	0	0
11	6	0	0
12	6	0	0
13	6	0	0
14	6	0	0
15	6	0	0
16	6	0	0
17	6	0	0
18	6	0	0
19	6	0	0
20	6	0	0
21	6	0	0
22	6	0	0
23	6	0	0
24	6	0	0
25	6	0	0
26	6	0	0
27	6	0	0
28	6	0	0
29	6	0	0
30	6	0	0
31	6	0	0
32	6	0	0
33	6	0	0
34	6	0	0
35	6	0	0
36	6	0	0
37	6	0	0
38	6	0	0
39	6	0	0
40	5	0	1
41	6	0	0
42	6	0	0
43	6	0	0
44	6	0	0
45	6	0	0
46	6	0	0
47	6	0	0
48	6	0	0
49	5	0	1
50	5	0	1
51	6	0	0
52	5	0	1
53	6	0	0
54	5	0	1
55	5	0	1
56	5	0	1
57	5	0	1
58	5	0	1
59	6	0	0
60	5	0	1
61	6	0	0
62	6	0	0
63	5	0	1
64	6	0	0
65	6	0	0
66	6	0	0
67	6	0	0
68	6	0	0
69	5	0	1
70	6	0	0
71	6	0	0
72	6	0	0
73	6	0	0
74	6	0	0
75	6	0	0
76	5	0	1
77	6	0	0
78	5	0	1
79	4	0	2
80	5	0	1
81	6	0	0
82	6	0	0
83	6	0	0
84	4	0	2
85	5	0	1
86	6	0	0
87	6	0	0
88	4	0	2
89	6	0	0
90	3	0	3
91	4	0	2
92	6	0	0
93	5	0	1
94	6	0	0
95	5	0	1
96	6	0	0
97	2	0	4
98	2	0	4
99	2	0	4
