Observation	Correct	FP	FN
0	19	1	0
1	18	0	1
2	19	0	0
3	19	0	0
4	19	1	0
5	18	0	1
6	19	1	0
7	18	0	1
8	19	0	0
9	19	0	0
10	19	0	0
11	19	0	0
12	19	1	0
13	19	0	0
14	18	0	1
15	19	1	0
16	19	1	0
17	19	0	0
18	19	0	0
19	19	1	0
20	19	0	0
21	18	0	1
22	19	0	0
23	19	0	0
24	18	0	1
25	19	0	0
26	18	0	1
27	19	0	0
28	19	1	0
29	19	1	0
30	19	0	0
31	19	1	0
32	19	0	0
33	19	1	0
34	19	1	0
35	19	0	0
36	19	0	0
37	19	1	0
38	19	1	0
39	19	1	0
40	19	0	0
41	19	0	0
42	19	1	0
43	19	0	0
44	19	1	0
45	19	1	0
46	19	1	0
47	19	0	0
48	19	0	0
49	19	1	0
50	18	0	1
51	19	1	0
52	19	0	0
53	19	0	0
54	19	1	0
55	19	0	0
56	18	0	1
57	19	1	0
58	19	0	0
59	19	0	0
60	19	1	0
61	19	1	0
62	18	0	1
63	19	0	0
64	18	0	1
65	18	0	1
66	19	1	0
67	18	0	1
68	19	0	0
69	19	1	0
70	19	0	0
71	19	1	0
72	19	0	0
73	19	0	0
74	19	1	0
75	19	1	0
76	19	1	0
77	19	0	0
78	19	1	0
79	18	0	1
80	19	0	0
81	19	0	0
82	18	0	1
83	19	0	0
84	19	0	0
85	19	0	0
86	19	1	0
87	19	1	0
88	18	0	1
89	19	0	0
90	19	0	0
91	19	0	0
92	19	0	0
93	19	1	0
94	19	0	0
95	18	0	1
96	19	1	0
97	19	0	0
98	19	0	0
99	19	1	0
