Observation	Correct	FP	FN
0	3	2	0
1	3	2	0
2	3	2	0
3	3	2	0
4	2	2	1
5	3	1	0
6	3	1	0
7	2	2	1
8	3	2	0
9	3	2	0
10	3	2	0
11	3	2	0
12	2	2	1
13	3	1	0
14	3	2	0
15	2	2	1
16	3	2	0
17	3	2	0
18	3	2	0
19	2	2	1
20	3	2	0
21	3	2	0
22	3	2	0
23	3	2	0
24	2	2	1
25	2	2	1
26	3	2	0
27	3	2	0
28	2	2	1
29	3	1	0
30	3	2	0
31	3	1	0
32	2	2	1
33	3	1	0
34	3	1	0
35	2	2	1
36	3	1	0
37	2	2	1
38	3	2	0
39	3	2	0
40	3	1	0
41	3	1	0
42	3	1	0
43	3	2	0
44	3	2	0
45	2	2	1
46	3	2	0
47	3	2	0
48	2	2	1
49	2	2	1
50	2	2	1
51	3	2	0
52	3	2	0
53	3	1	0
54	3	1	0
55	3	2	0
56	3	2	0
57	3	2	0
58	2	2	1
59	3	1	0
60	3	2	0
61	2	2	1
62	3	2	0
63	2	2	1
64	3	2	0
65	3	2	0
66	3	1	0
67	3	1	0
68	3	2	0
69	3	2	0
70	2	2	1
71	3	2	0
72	3	2	0
73	3	2	0
74	3	2	0
75	3	2	0
76	3	1	0
77	2	2	1
78	3	1	0
79	2	2	1
80	3	2	0
81	3	2	0
82	2	2	1
83	3	2	0
84	3	2	0
85	2	2	1
86	3	2	0
87	3	2	0
88	3	2	0
89	2	2	1
90	3	1	0
91	2	2	1
92	3	2	0
93	3	1	0
94	3	2	0
95	2	2	1
96	2	2	1
97	3	2	0
98	3	2	0
99	3	2	0
