Observation	Correct	FP	FN
0	5	0	0
1	5	0	0
2	5	0	0
3	5	0	0
4	5	0	0
5	5	0	0
6	5	0	0
7	5	2	0
8	5	2	0
9	5	2	0
10	5	0	0
11	5	0	0
12	5	0	0
13	5	2	0
14	5	0	0
15	5	0	0
16	5	0	0
17	5	0	0
18	5	2	0
19	5	0	0
20	5	0	0
21	5	2	0
22	5	0	0
23	5	2	0
24	5	2	0
25	5	2	0
26	5	0	0
27	5	0	0
28	5	0	0
29	5	0	0
30	5	2	0
31	5	0	0
32	5	0	0
33	5	0	0
34	5	0	0
35	5	2	0
36	5	2	0
37	5	0	0
38	5	2	0
39	5	0	0
40	5	0	0
41	5	2	0
42	5	2	0
43	5	0	0
44	5	0	0
45	5	0	0
46	5	0	0
47	5	2	0
48	5	0	0
49	5	2	0
50	5	0	0
51	5	0	0
52	5	0	0
53	5	0	0
54	5	0	0
55	5	2	0
56	5	0	0
57	5	0	0
58	5	0	0
59	5	0	0
60	5	0	0
61	4	0	1
62	4	0	1
63	5	0	0
64	5	2	0
65	5	2	0
66	4	0	1
67	5	2	0
68	5	2	0
69	4	0	1
70	5	2	0
71	5	2	0
72	5	1	0
73	5	2	0
74	5	2	0
75	4	1	1
76	5	2	0
77	5	0	0
78	5	2	0
79	5	2	0
80	5	2	0
81	5	2	0
82	4	1	1
83	4	1	1
84	5	0	0
85	5	2	0
86	5	0	0
87	5	3	0
88	4	1	1
89	5	0	0
90	5	2	0
91	5	3	0
92	3	2	2
93	5	2	0
94	5	0	0
95	5	3	0
96	5	2	0
97	5	4	0
98	5	3	0
99	5	0	0
