Observation	Correct	FP	FN
0	3	0	0
1	3	0	0
2	3	0	0
3	3	0	0
4	3	1	0
5	3	1	0
6	3	1	0
7	3	0	0
8	3	0	0
9	3	0	0
10	3	1	0
11	3	1	0
12	2	0	1
13	3	1	0
14	3	0	0
15	3	1	0
16	2	0	1
17	3	0	0
18	1	0	2
19	3	1	0
20	2	0	1
21	2	1	1
22	3	1	0
23	1	0	2
24	3	1	0
25	2	0	1
26	2	0	1
27	1	0	2
28	3	1	0
29	3	1	0
30	1	0	2
31	2	0	1
32	2	1	1
33	3	2	0
34	3	1	0
35	3	2	0
36	3	2	0
37	2	0	1
38	2	0	1
39	3	1	0
40	3	2	0
41	2	0	1
42	1	0	2
43	2	0	1
44	1	0	2
45	3	2	0
46	3	1	0
47	1	0	2
48	2	0	1
49	2	1	1
50	3	1	0
51	3	1	0
52	1	0	2
53	1	0	2
54	3	2	0
55	3	2	0
56	3	2	0
57	1	0	2
58	3	2	0
59	1	0	2
60	3	3	0
61	3	3	0
62	3	2	0
63	3	1	0
64	3	3	0
65	3	2	0
66	3	2	0
67	3	2	0
68	0	0	3
69	0	0	3
70	2	0	1
71	0	0	3
72	0	0	3
73	2	0	1
74	1	0	2
75	3	1	0
76	3	2	0
77	3	2	0
78	0	0	3
79	0	1	3
80	3	3	0
81	0	0	3
82	1	0	2
83	3	3	0
84	3	3	0
85	0	0	3
86	2	1	1
87	3	1	0
88	2	1	1
89	1	0	2
90	3	3	0
91	1	0	2
92	3	3	0
93	0	1	3
94	0	0	3
95	0	0	3
96	1	0	2
97	1	0	2
98	2	0	1
99	3	3	0
