Observation	Correct	FP	FN
0	4	0	0
1	4	1	0
2	4	1	0
3	4	1	0
4	4	0	0
5	4	1	0
6	4	2	0
7	4	0	0
8	4	0	0
9	4	3	0
10	4	1	0
11	4	1	0
12	4	2	0
13	4	1	0
14	3	1	1
15	3	1	1
16	4	3	0
17	4	1	0
18	4	3	0
19	3	2	1
20	3	2	1
21	3	1	1
22	4	3	0
23	4	3	0
24	3	1	1
25	4	3	0
26	3	2	1
27	4	1	0
28	3	2	1
29	4	0	0
30	4	3	0
31	3	2	1
32	3	2	1
33	4	2	0
34	3	1	1
35	4	3	0
36	4	0	0
37	4	3	0
38	3	1	1
39	4	3	0
40	4	3	0
41	3	2	1
42	4	3	0
43	4	3	0
44	4	3	0
45	3	2	1
46	4	3	0
47	3	2	1
48	4	3	0
49	4	1	0
50	4	1	0
51	3	2	1
52	4	3	0
53	4	1	0
54	4	1	0
55	4	2	0
56	4	1	0
57	4	3	0
58	4	1	0
59	4	1	0
60	4	1	0
61	4	1	0
62	4	1	0
63	3	2	1
64	4	1	0
65	4	1	0
66	3	2	1
67	3	2	1
68	4	3	0
69	4	3	0
70	4	1	0
71	3	2	1
72	4	3	0
73	4	2	0
74	3	3	1
75	3	2	1
76	4	5	0
77	3	2	1
78	4	1	0
79	4	5	0
80	3	2	1
81	4	3	0
82	4	1	0
83	3	3	1
84	4	4	0
85	4	5	0
86	4	5	0
87	3	3	1
88	3	3	1
89	4	5	0
90	4	5	0
91	4	1	0
92	4	3	0
93	4	1	0
94	4	3	0
95	4	1	0
96	3	4	1
97	4	1	0
98	3	3	1
99	4	1	0
