Observation	Correct	FP	FN
0	6	1	0
1	6	1	0
2	6	2	0
3	6	1	0
4	6	1	0
5	6	1	0
6	6	1	0
7	6	1	0
8	6	1	0
9	6	1	0
10	6	1	0
11	6	2	0
12	6	1	0
13	6	1	0
14	6	1	0
15	6	2	0
16	6	1	0
17	6	2	0
18	6	2	0
19	6	1	0
20	6	1	0
21	6	2	0
22	6	2	0
23	6	1	0
24	6	1	0
25	6	2	0
26	6	2	0
27	6	2	0
28	6	1	0
29	6	1	0
30	6	1	0
31	6	2	0
32	6	2	0
33	6	0	0
34	6	0	0
35	6	1	0
36	6	1	0
37	6	2	0
38	6	1	0
39	6	1	0
40	6	1	0
41	6	2	0
42	6	0	0
43	6	1	0
44	6	2	0
45	6	0	0
46	6	1	0
47	6	1	0
48	6	1	0
49	6	2	0
50	6	2	0
51	6	1	0
52	6	0	0
53	6	2	0
54	6	2	0
55	6	0	0
56	6	1	0
57	6	1	0
58	6	1	0
59	6	1	0
60	6	0	0
61	6	2	0
62	6	2	0
63	6	0	0
64	5	0	1
65	6	1	0
66	6	1	0
67	6	1	0
68	6	1	0
69	6	1	0
70	6	1	0
71	6	1	0
72	6	1	0
73	6	1	0
74	6	2	0
75	5	1	1
76	6	1	0
77	6	3	0
78	6	2	0
79	4	2	2
80	4	2	2
81	6	2	0
82	6	1	0
83	6	3	0
84	6	1	0
85	6	1	0
86	6	2	0
87	6	1	0
88	6	1	0
89	6	1	0
90	6	1	0
91	4	0	2
92	6	0	0
93	4	4	2
94	4	0	2
95	4	0	2
96	6	1	0
97	4	0	2
98	6	0	0
99	4	4	2
