Observation	Correct	FP	FN
0	12	2	0
1	12	1	0
2	12	0	0
3	11	0	1
4	12	1	0
5	12	1	0
6	12	1	0
7	12	2	0
8	12	1	0
9	12	2	0
10	12	2	0
11	12	0	0
12	12	2	0
13	12	1	0
14	12	1	0
15	12	1	0
16	12	1	0
17	12	2	0
18	11	1	1
19	11	1	1
20	11	1	1
21	12	2	0
22	11	1	1
23	11	1	1
24	12	0	0
25	12	1	0
26	12	2	0
27	11	1	1
28	12	1	0
29	12	1	0
30	12	2	0
31	12	1	0
32	11	0	1
33	12	2	0
34	12	1	0
35	12	1	0
36	11	0	1
37	12	0	0
38	12	2	0
39	12	2	0
40	12	1	0
41	12	2	0
42	12	0	0
43	12	1	0
44	12	2	0
45	12	1	0
46	12	1	0
47	12	1	0
48	11	1	1
49	12	1	0
50	11	1	1
51	12	1	0
52	12	2	0
53	12	1	0
54	12	2	0
55	12	1	0
56	12	1	0
57	12	1	0
58	12	2	0
59	12	1	0
60	11	1	1
61	12	1	0
62	12	2	0
63	12	2	0
64	12	1	0
65	11	0	1
66	11	1	1
67	12	2	0
68	11	1	1
69	12	2	0
70	12	2	0
71	12	1	0
72	11	1	1
73	12	1	0
74	12	1	0
75	11	0	1
76	12	1	0
77	11	1	1
78	12	1	0
79	12	1	0
80	12	2	0
81	12	2	0
82	12	1	0
83	12	2	0
84	12	1	0
85	11	1	1
86	12	1	0
87	12	2	0
88	12	2	0
89	12	2	0
90	12	2	0
91	11	1	1
92	12	2	0
93	12	1	0
94	12	1	0
95	11	1	1
96	11	0	1
97	12	1	0
98	12	2	0
99	11	1	1
