Observation	Correct	FP	FN
0	10	0	0
1	9	0	1
2	10	0	0
3	9	0	1
4	10	0	0
5	10	0	0
6	9	0	1
7	9	0	1
8	10	0	0
9	9	0	1
10	10	0	0
11	10	0	0
12	10	0	0
13	10	0	0
14	9	0	1
15	9	0	1
16	10	1	0
17	10	1	0
18	10	1	0
19	9	0	1
20	9	1	1
21	9	0	1
22	9	0	1
23	10	0	0
24	9	0	1
25	9	0	1
26	10	1	0
27	10	0	0
28	10	1	0
29	10	1	0
30	10	0	0
31	10	0	0
32	10	1	0
33	9	0	1
34	10	1	0
35	9	1	1
36	10	1	0
37	10	1	0
38	10	1	0
39	10	0	0
40	9	1	1
41	10	1	0
42	9	1	1
43	10	1	0
44	9	0	1
45	9	0	1
46	9	1	1
47	9	1	1
48	10	1	0
49	10	0	0
50	9	1	1
51	9	1	1
52	9	1	1
53	9	1	1
54	9	1	1
55	9	0	1
56	10	1	0
57	9	0	1
58	9	1	1
59	9	0	1
60	9	0	1
61	9	1	1
62	9	1	1
63	9	1	1
64	10	1	0
65	10	1	0
66	10	1	0
67	9	1	1
68	10	1	0
69	10	1	0
70	9	1	1
71	9	0	1
72	10	1	0
73	10	2	0
74	10	1	0
75	10	1	0
76	9	1	1
77	9	1	1
78	10	1	0
79	10	1	0
80	10	1	0
81	10	2	0
82	9	1	1
83	10	1	0
84	9	0	1
85	9	1	1
86	10	2	0
87	9	1	1
88	9	1	1
89	10	1	0
90	9	1	1
91	10	2	0
92	9	0	1
93	10	2	0
94	10	2	0
95	9	1	1
96	10	2	0
97	10	1	0
98	10	2	0
99	10	1	0
