Observation	Correct	FP	FN
0	9	0	0
1	9	0	0
2	9	0	0
3	9	0	0
4	9	0	0
5	9	0	0
6	9	0	0
7	9	0	0
8	9	0	0
9	9	0	0
10	9	0	0
11	9	0	0
12	9	0	0
13	9	0	0
14	9	0	0
15	9	0	0
16	9	0	0
17	9	0	0
18	9	0	0
19	9	0	0
20	9	0	0
21	9	0	0
22	9	0	0
23	9	0	0
24	9	0	0
25	9	0	0
26	9	0	0
27	9	0	0
28	9	0	0
29	9	0	0
30	9	0	0
31	8	0	1
32	9	0	0
33	9	0	0
34	9	0	0
35	9	0	0
36	8	0	1
37	9	0	0
38	9	0	0
39	9	0	0
40	9	0	0
41	9	0	0
42	8	0	1
43	9	0	0
44	9	0	0
45	9	0	0
46	9	0	0
47	9	0	0
48	8	0	1
49	9	0	0
50	9	0	0
51	8	0	1
52	9	0	0
53	9	0	0
54	8	0	1
55	9	0	0
56	9	0	0
57	8	0	1
58	8	0	1
59	9	0	0
60	8	0	1
61	8	0	1
62	9	0	0
63	9	0	0
64	8	0	1
65	9	0	0
66	9	0	0
67	9	0	0
68	9	0	0
69	8	0	1
70	9	0	0
71	8	0	1
72	9	0	0
73	9	0	0
74	8	0	1
75	9	0	0
76	9	0	0
77	8	0	1
78	8	0	1
79	9	0	0
80	8	0	1
81	9	0	0
82	9	0	0
83	8	0	1
84	8	0	1
85	8	0	1
86	8	0	1
87	8	0	1
88	8	0	1
89	6	0	3
90	9	0	0
91	9	0	0
92	8	0	1
93	9	0	0
94	8	0	1
95	9	0	0
96	9	0	0
97	9	0	0
98	8	0	1
99	8	0	1
