Observation	Correct	FP	FN
0	5	2	0
1	5	2	0
2	5	2	0
3	5	2	0
4	5	2	0
5	5	2	0
6	5	2	0
7	5	2	0
8	5	2	0
9	5	2	0
10	5	2	0
11	5	2	0
12	5	2	0
13	5	2	0
14	5	2	0
15	5	2	0
16	5	2	0
17	5	2	0
18	5	2	0
19	5	2	0
20	5	2	0
21	5	2	0
22	5	2	0
23	5	2	0
24	5	2	0
25	5	2	0
26	5	2	0
27	5	2	0
28	5	2	0
29	5	2	0
30	5	2	0
31	5	2	0
32	5	2	0
33	5	2	0
34	5	2	0
35	5	2	0
36	5	2	0
37	4	1	1
38	5	2	0
39	5	2	0
40	5	2	0
41	4	0	1
42	5	2	0
43	5	2	0
44	4	0	1
45	5	2	0
46	4	2	1
47	5	2	0
48	5	2	0
49	5	2	0
50	5	3	0
51	5	3	0
52	4	0	1
53	5	3	0
54	5	2	0
55	5	2	0
56	5	2	0
57	5	4	0
58	5	4	0
59	5	2	0
60	5	3	0
61	5	3	0
62	4	0	1
63	5	2	0
64	4	1	1
65	5	4	0
66	5	2	0
67	5	2	0
68	5	2	0
69	5	2	0
70	5	2	0
71	3	0	2
72	5	2	0
73	5	2	0
74	4	0	1
75	5	2	0
76	5	4	0
77	5	4	0
78	5	2	0
79	5	2	0
80	5	2	0
81	5	2	0
82	5	2	0
83	3	0	2
84	5	2	0
85	3	0	2
86	5	4	0
87	5	2	0
88	5	2	0
89	5	3	0
90	3	0	2
91	4	0	1
92	5	2	0
93	5	3	0
94	5	4	0
95	5	4	0
96	3	0	2
97	5	5	0
98	5	2	0
99	3	0	2
