Observation	Correct	FP	FN
0	4	0	0
1	3	0	1
2	4	0	0
3	3	0	1
4	3	0	1
5	4	0	0
6	4	0	0
7	3	0	1
8	4	0	0
9	4	0	0
10	4	0	0
11	4	0	0
12	4	0	0
13	4	0	0
14	2	0	2
15	4	0	0
16	4	0	0
17	4	0	0
18	2	0	2
19	4	0	0
20	4	0	0
21	2	0	2
22	2	0	2
23	2	0	2
24	4	0	0
25	4	0	0
26	1	0	3
27	4	0	0
28	4	0	0
29	4	0	0
30	3	0	1
31	4	0	0
32	4	0	0
33	3	0	1
34	1	0	3
35	4	0	0
36	0	0	4
37	4	0	0
38	4	0	0
39	4	0	0
40	1	0	3
41	2	0	2
42	4	0	0
43	2	0	2
44	4	1	0
45	2	0	2
46	1	0	3
47	2	0	2
48	0	0	4
49	4	0	0
50	1	0	3
51	0	0	4
52	1	0	3
53	4	1	0
54	1	0	3
55	0	0	4
56	0	0	4
57	0	0	4
58	4	0	0
59	0	0	4
60	4	0	0
61	0	0	4
62	4	1	0
63	4	0	0
64	1	0	3
65	2	0	2
66	0	0	4
67	4	0	0
68	4	1	0
69	4	1	0
70	2	0	2
71	4	1	0
72	4	2	0
73	4	0	0
74	4	0	0
75	3	0	1
76	1	0	3
77	1	0	3
78	4	1	0
79	2	1	2
80	0	0	4
81	0	0	4
82	0	0	4
83	4	1	0
84	1	0	3
85	2	0	2
86	0	0	4
87	1	0	3
88	3	2	1
89	0	0	4
90	0	0	4
91	1	0	3
92	4	1	0
93	0	0	4
94	2	0	2
95	4	2	0
96	2	0	2
97	1	0	3
98	4	1	0
99	3	2	1
