Observation	Correct	FP	FN
0	6	1	0
1	6	1	0
2	6	1	0
3	6	0	0
4	6	1	0
5	6	1	0
6	6	0	0
7	6	0	0
8	6	1	0
9	6	0	0
10	6	1	0
11	6	1	0
12	6	1	0
13	6	1	0
14	6	1	0
15	6	1	0
16	6	0	0
17	6	1	0
18	6	1	0
19	6	1	0
20	6	0	0
21	6	1	0
22	6	0	0
23	6	0	0
24	6	1	0
25	6	0	0
26	6	0	0
27	6	1	0
28	6	1	0
29	6	1	0
30	6	1	0
31	6	0	0
32	6	1	0
33	6	1	0
34	6	1	0
35	6	0	0
36	6	1	0
37	6	0	0
38	6	0	0
39	6	1	0
40	6	0	0
41	6	0	0
42	6	0	0
43	6	1	0
44	6	1	0
45	6	0	0
46	6	1	0
47	6	0	0
48	6	1	0
49	6	1	0
50	6	1	0
51	6	0	0
52	6	1	0
53	6	0	0
54	6	0	0
55	6	0	0
56	6	0	0
57	6	1	0
58	6	0	0
59	6	0	0
60	5	1	1
61	6	1	0
62	4	0	2
63	5	1	1
64	6	1	0
65	5	1	1
66	6	0	0
67	6	1	0
68	6	1	0
69	6	0	0
70	6	0	0
71	4	0	2
72	6	1	0
73	6	1	0
74	6	1	0
75	6	0	0
76	6	1	0
77	3	0	3
78	4	1	2
79	3	0	3
80	6	1	0
81	6	1	0
82	4	0	2
83	6	0	0
84	4	0	2
85	5	1	1
86	5	1	1
87	4	0	2
88	6	1	0
89	4	1	2
90	6	1	0
91	4	0	2
92	3	0	3
93	6	1	0
94	4	0	2
95	6	1	0
96	6	1	0
97	4	0	2
98	6	0	0
99	6	0	0
