Observation	Correct	FP	FN
0	9	0	1
1	10	0	0
2	10	0	0
3	10	1	0
4	10	0	0
5	10	1	0
6	10	0	0
7	9	1	1
8	10	1	0
9	10	1	0
10	9	1	1
11	10	1	0
12	10	1	0
13	10	0	0
14	10	0	0
15	10	0	0
16	9	1	1
17	9	1	1
18	10	1	0
19	10	0	0
20	10	0	0
21	10	1	0
22	10	0	0
23	10	1	0
24	9	1	1
25	10	1	0
26	10	1	0
27	10	0	0
28	10	1	0
29	9	1	1
30	9	1	1
31	10	0	0
32	10	0	0
33	9	1	1
34	10	1	0
35	10	1	0
36	9	1	1
37	10	1	0
38	10	0	0
39	10	0	0
40	10	0	0
41	10	1	0
42	10	1	0
43	10	1	0
44	10	0	0
45	10	0	0
46	10	0	0
47	10	1	0
48	9	1	1
49	10	0	0
50	9	1	1
51	9	0	1
52	10	1	0
53	10	0	0
54	10	0	0
55	10	1	0
56	10	1	0
57	10	1	0
58	10	1	0
59	10	0	0
60	10	1	0
61	10	1	0
62	10	0	0
63	10	0	0
64	10	0	0
65	10	1	0
66	10	1	0
67	9	1	1
68	10	1	0
69	10	1	0
70	10	1	0
71	9	1	1
72	10	1	0
73	10	0	0
74	10	0	0
75	9	1	1
76	10	1	0
77	9	1	1
78	10	1	0
79	10	1	0
80	10	0	0
81	10	1	0
82	10	1	0
83	9	1	1
84	10	1	0
85	9	1	1
86	10	1	0
87	10	1	0
88	10	0	0
89	9	1	1
90	10	0	0
91	9	0	1
92	10	0	0
93	9	1	1
94	10	1	0
95	10	1	0
96	10	1	0
97	10	1	0
98	10	0	0
99	10	1	0
