Observation	Correct	FP	FN
0	11	0	0
1	11	0	0
2	11	0	0
3	11	0	0
4	11	0	0
5	11	0	0
6	11	0	0
7	11	0	0
8	11	0	0
9	11	0	0
10	11	0	0
11	11	0	0
12	11	0	0
13	11	0	0
14	10	0	1
15	11	0	0
16	10	0	1
17	11	0	0
18	11	0	0
19	11	0	0
20	11	0	0
21	10	0	1
22	10	0	1
23	11	0	0
24	11	0	0
25	10	0	1
26	11	0	0
27	11	0	0
28	10	0	1
29	10	0	1
30	10	0	1
31	10	0	1
32	11	0	0
33	11	0	0
34	11	0	0
35	10	0	1
36	10	0	1
37	11	0	0
38	10	0	1
39	10	0	1
40	10	0	1
41	11	0	0
42	10	0	1
43	11	0	0
44	11	0	0
45	11	0	0
46	10	0	1
47	11	0	0
48	11	0	0
49	11	0	0
50	10	0	1
51	11	0	0
52	11	0	0
53	11	0	0
54	11	0	0
55	10	0	1
56	11	0	0
57	11	0	0
58	11	0	0
59	11	0	0
60	11	0	0
61	11	0	0
62	10	0	1
63	11	0	0
64	10	0	1
65	9	0	2
66	11	0	0
67	11	0	0
68	10	0	1
69	9	0	2
70	11	0	0
71	11	0	0
72	11	0	0
73	11	0	0
74	10	0	1
75	9	0	2
76	11	0	0
77	9	0	2
78	10	0	1
79	11	0	0
80	10	0	1
81	11	0	0
82	11	0	0
83	9	0	2
84	10	0	1
85	11	0	0
86	11	0	0
87	9	0	2
88	11	0	0
89	11	0	0
90	9	0	2
91	9	0	2
92	11	0	0
93	11	0	0
94	11	0	0
95	9	0	2
96	10	0	1
97	9	0	2
98	11	0	0
99	9	0	2
