Observation	Correct	FP	FN
0	8	1	0
1	8	1	0
2	8	1	0
3	8	2	0
4	8	1	0
5	8	2	0
6	8	2	0
7	8	0	0
8	8	1	0
9	8	0	0
10	8	0	0
11	8	2	0
12	7	0	1
13	8	2	0
14	7	0	1
15	8	0	0
16	8	2	0
17	8	0	0
18	8	0	0
19	8	2	0
20	7	0	1
21	8	2	0
22	7	0	1
23	7	0	1
24	7	0	1
25	8	2	0
26	7	0	1
27	8	2	0
28	7	0	1
29	8	2	0
30	7	0	1
31	7	0	1
32	7	0	1
33	8	2	0
34	7	0	1
35	7	0	1
36	7	0	1
37	8	1	0
38	8	2	0
39	8	1	0
40	7	0	1
41	8	3	0
42	8	0	0
43	8	2	0
44	8	2	0
45	8	0	0
46	8	3	0
47	8	2	0
48	7	0	1
49	7	0	1
50	8	0	0
51	7	0	1
52	7	0	1
53	8	2	0
54	8	2	0
55	8	3	0
56	8	1	0
57	8	2	0
58	8	2	0
59	8	3	0
60	7	0	1
61	8	1	0
62	8	2	0
63	7	0	1
64	8	3	0
65	7	0	1
66	7	0	1
67	8	2	0
68	8	3	0
69	7	0	1
70	8	1	0
71	7	0	1
72	8	0	0
73	8	3	0
74	7	0	1
75	7	0	1
76	7	0	1
77	7	0	1
78	8	3	0
79	7	0	1
80	7	0	1
81	7	0	1
82	7	0	1
83	7	0	1
84	7	0	1
85	8	0	0
86	8	0	0
87	8	3	0
88	7	0	1
89	8	3	0
90	7	0	1
91	8	1	0
92	8	1	0
93	8	3	0
94	7	0	1
95	8	1	0
96	7	0	1
97	8	3	0
98	7	0	1
99	7	0	1
