Observation	Correct	FP	FN
0	2	1	0
1	2	0	0
2	2	1	0
3	2	1	0
4	2	1	0
5	2	1	0
6	2	0	0
7	2	2	0
8	2	1	0
9	2	0	0
10	2	0	0
11	2	0	0
12	1	0	1
13	2	0	0
14	2	0	0
15	1	1	1
16	2	0	0
17	2	0	0
18	2	1	0
19	2	0	0
20	1	1	1
21	1	0	1
22	1	0	1
23	2	1	0
24	2	2	0
25	2	2	0
26	2	1	0
27	2	2	0
28	2	1	0
29	2	2	0
30	2	2	0
31	2	0	0
32	2	2	0
33	1	1	1
34	2	0	0
35	1	0	1
36	2	0	0
37	2	2	0
38	1	0	1
39	2	3	0
40	2	2	0
41	2	2	0
42	1	0	1
43	2	0	0
44	2	0	0
45	2	2	0
46	2	3	0
47	1	0	1
48	2	3	0
49	2	3	0
50	2	3	0
51	2	0	0
52	1	0	1
53	1	0	1
54	2	0	0
55	2	0	0
56	2	4	0
57	1	0	1
58	1	2	1
59	2	3	0
60	2	4	0
61	2	1	0
62	1	0	1
63	2	3	0
64	1	0	1
65	2	2	0
66	2	1	0
67	1	0	1
68	0	0	2
69	1	2	1
70	2	2	0
71	0	0	2
72	2	2	0
73	2	4	0
74	1	0	1
75	0	0	2
76	2	3	0
77	2	3	0
78	0	0	2
79	0	0	2
80	0	0	2
81	2	1	0
82	2	4	0
83	1	0	1
84	1	0	1
85	0	0	2
86	0	0	2
87	2	0	0
88	2	1	0
89	0	0	2
90	2	0	0
91	2	0	0
92	1	2	1
93	0	0	2
94	2	1	0
95	0	0	2
96	1	0	1
97	0	0	2
98	0	0	2
99	2	1	0
