Observation	Correct	FP	FN
0	6	0	0
1	6	0	0
2	6	1	0
3	6	1	0
4	6	0	0
5	6	0	0
6	6	0	0
7	6	0	0
8	6	0	0
9	6	1	0
10	6	1	0
11	6	1	0
12	6	1	0
13	6	0	0
14	6	1	0
15	5	2	1
16	6	1	0
17	5	1	1
18	5	2	1
19	5	2	1
20	6	0	0
21	6	0	0
22	6	1	0
23	6	0	0
24	5	0	1
25	6	0	0
26	6	1	0
27	6	1	0
28	6	1	0
29	6	2	0
30	5	0	1
31	6	1	0
32	6	1	0
33	5	0	1
34	6	1	0
35	5	1	1
36	6	2	0
37	6	1	0
38	5	1	1
39	5	2	1
40	5	1	1
41	5	1	1
42	5	0	1
43	5	0	1
44	6	1	0
45	6	2	0
46	5	1	1
47	6	2	0
48	6	2	0
49	5	3	1
50	6	1	0
51	6	2	0
52	5	1	1
53	6	2	0
54	6	2	0
55	5	1	1
56	6	2	0
57	5	3	1
58	6	1	0
59	6	2	0
60	6	1	0
61	6	0	0
62	6	2	0
63	5	2	1
64	6	2	0
65	6	0	0
66	6	2	0
67	6	2	0
68	5	3	1
69	6	2	0
70	6	2	0
71	6	2	0
72	5	3	1
73	5	0	1
74	6	2	0
75	5	3	1
76	6	0	0
77	5	2	1
78	6	3	0
79	5	0	1
80	6	2	0
81	6	2	0
82	5	2	1
83	6	2	0
84	5	3	1
85	5	0	1
86	6	2	0
87	6	3	0
88	5	3	1
89	6	3	0
90	6	3	0
91	6	0	0
92	6	3	0
93	6	2	0
94	6	3	0
95	6	2	0
96	5	3	1
97	5	4	1
98	6	2	0
99	6	0	0
