Observation	Correct	FP	FN
0	9	0	0
1	9	0	0
2	9	0	0
3	9	0	0
4	9	0	0
5	8	0	1
6	8	0	1
7	9	0	0
8	8	0	1
9	8	0	1
10	9	0	0
11	8	0	1
12	8	0	1
13	8	0	1
14	8	0	1
15	8	0	1
16	9	0	0
17	9	0	0
18	8	0	1
19	9	0	0
20	8	0	1
21	9	0	0
22	9	0	0
23	9	0	0
24	8	0	1
25	9	0	0
26	9	0	0
27	9	0	0
28	8	0	1
29	8	0	1
30	8	0	1
31	9	0	0
32	8	0	1
33	8	0	1
34	8	0	1
35	9	0	0
36	9	0	0
37	8	0	1
38	9	0	0
39	8	0	1
40	8	0	1
41	8	0	1
42	8	0	1
43	9	0	0
44	7	0	2
45	9	0	0
46	8	0	1
47	9	0	0
48	8	0	1
49	7	0	2
50	9	0	0
51	8	0	1
52	8	0	1
53	8	0	1
54	9	0	0
55	9	0	0
56	7	0	2
57	8	0	1
58	9	0	0
59	7	0	2
60	9	0	0
61	9	0	0
62	7	0	2
63	8	0	1
64	7	0	2
65	9	0	0
66	8	0	1
67	9	0	0
68	7	0	2
69	9	0	0
70	9	0	0
71	9	0	0
72	8	0	1
73	9	0	0
74	9	0	0
75	9	0	0
76	6	1	3
77	9	0	0
78	7	0	2
79	7	0	2
80	6	0	3
81	6	1	3
82	9	0	0
83	9	0	0
84	6	2	3
85	8	0	1
86	9	0	0
87	7	0	2
88	9	0	0
89	7	0	2
90	8	0	1
91	9	0	0
92	7	0	2
93	8	0	1
94	8	0	1
95	9	0	0
96	9	0	0
97	5	3	4
98	9	0	0
99	9	0	0
