Observation	Correct	FP	FN
0	2	0	0
1	2	0	0
2	2	0	0
3	2	0	0
4	2	0	0
5	2	0	0
6	2	0	0
7	2	0	0
8	2	0	0
9	2	0	0
10	2	0	0
11	2	0	0
12	1	0	1
13	2	0	0
14	2	0	0
15	2	0	0
16	2	0	0
17	2	0	0
18	2	0	0
19	2	0	0
20	2	0	0
21	1	0	1
22	2	0	0
23	1	0	1
24	2	0	0
25	2	0	0
26	2	0	0
27	2	0	0
28	2	0	0
29	2	0	0
30	2	0	0
31	1	0	1
32	2	0	0
33	1	0	1
34	1	0	1
35	2	0	0
36	2	0	0
37	2	0	0
38	1	0	1
39	1	0	1
40	0	0	2
41	1	0	1
42	2	0	0
43	2	0	0
44	0	0	2
45	2	1	0
46	2	0	0
47	2	0	0
48	2	1	0
49	0	0	2
50	2	0	0
51	2	1	0
52	2	0	0
53	1	0	1
54	2	1	0
55	0	0	2
56	1	0	1
57	2	0	0
58	2	0	0
59	2	1	0
60	2	1	0
61	2	0	0
62	1	0	1
63	2	1	0
64	2	0	0
65	2	1	0
66	2	1	0
67	0	0	2
68	2	1	0
69	2	1	0
70	2	1	0
71	2	1	0
72	2	0	0
73	0	0	2
74	2	1	0
75	2	0	0
76	0	0	2
77	0	0	2
78	2	0	0
79	0	0	2
80	0	0	2
81	0	0	2
82	2	0	0
83	1	0	1
84	0	0	2
85	0	0	2
86	1	0	1
87	0	0	2
88	2	0	0
89	2	1	0
90	0	0	2
91	2	1	0
92	2	1	0
93	1	0	1
94	2	0	0
95	2	1	0
96	0	0	2
97	1	0	1
98	0	0	2
99	0	0	2
