Observation	Correct	FP	FN
0	2	0	0
1	2	0	0
2	2	0	0
3	2	0	0
4	2	0	0
5	2	0	0
6	2	0	0
7	2	0	0
8	1	0	1
9	1	0	1
10	2	0	0
11	2	0	0
12	2	0	0
13	2	0	0
14	2	0	0
15	2	0	0
16	1	0	1
17	2	0	0
18	2	0	0
19	1	0	1
20	1	0	1
21	2	0	0
22	1	0	1
23	2	0	0
24	2	0	0
25	1	0	1
26	1	0	1
27	1	0	1
28	1	0	1
29	1	0	1
30	2	0	0
31	1	0	1
32	2	0	0
33	1	0	1
34	2	0	0
35	2	0	0
36	2	0	0
37	0	0	2
38	2	0	0
39	2	0	0
40	2	0	0
41	0	0	2
42	2	0	0
43	1	0	1
44	2	1	0
45	1	0	1
46	0	0	2
47	2	0	0
48	0	0	2
49	2	0	0
50	1	0	1
51	1	0	1
52	0	0	2
53	2	0	0
54	2	1	0
55	1	0	1
56	2	0	0
57	1	0	1
58	2	0	0
59	1	0	1
60	1	0	1
61	0	0	2
62	0	0	2
63	0	0	2
64	1	0	1
65	0	0	2
66	1	0	1
67	0	0	2
68	0	0	2
69	0	0	2
70	2	0	0
71	0	0	2
72	1	0	1
73	2	1	0
74	2	1	0
75	1	0	1
76	2	0	0
77	2	0	0
78	2	0	0
79	2	0	0
80	2	0	0
81	0	0	2
82	0	0	2
83	2	0	0
84	1	0	1
85	2	1	0
86	0	0	2
87	0	0	2
88	2	0	0
89	2	0	0
90	2	0	0
91	1	0	1
92	0	0	2
93	2	1	0
94	2	0	0
95	0	0	2
96	0	0	2
97	2	1	0
98	1	0	1
99	2	1	0
