Observation	Correct	FP	FN
0	1	1	0
1	0	0	1
2	0	0	1
3	1	1	0
4	1	1	0
5	1	1	0
6	1	1	0
7	1	0	0
8	1	1	0
9	1	1	0
10	0	0	1
11	1	1	0
12	1	1	0
13	1	1	0
14	1	1	0
15	1	1	0
16	0	0	1
17	1	0	0
18	1	0	0
19	1	1	0
20	1	1	0
21	1	1	0
22	1	1	0
23	0	0	1
24	0	0	1
25	0	0	1
26	1	0	0
27	0	0	1
28	1	1	0
29	1	0	0
30	1	1	0
31	1	0	0
32	1	0	0
33	0	0	1
34	0	0	1
35	1	1	0
36	1	1	0
37	0	0	1
38	0	0	1
39	1	1	0
40	1	0	0
41	1	1	0
42	1	1	0
43	1	1	0
44	0	0	1
45	0	0	1
46	0	0	1
47	1	0	0
48	1	0	0
49	1	0	0
50	1	1	0
51	1	1	0
52	1	1	0
53	1	1	0
54	1	1	0
55	1	1	0
56	0	0	1
57	1	1	0
58	1	1	0
59	0	0	1
60	1	1	0
61	0	0	1
62	1	1	0
63	1	1	0
64	1	1	0
65	0	0	1
66	0	0	1
67	0	0	1
68	0	0	1
69	0	0	1
70	1	1	0
71	0	0	1
72	0	0	1
73	1	1	0
74	1	1	0
75	1	0	0
76	1	1	0
77	1	1	0
78	1	1	0
79	1	1	0
80	0	0	1
81	0	0	1
82	1	0	0
83	1	0	0
84	0	0	1
85	0	0	1
86	1	1	0
87	0	0	1
88	1	1	0
89	1	1	0
90	0	0	1
91	1	1	0
92	1	1	0
93	1	1	0
94	1	1	0
95	1	1	0
96	1	1	0
97	1	1	0
98	1	1	0
99	1	1	0
