Observation	Correct	FP	FN
0	13	0	0
1	13	0	0
2	11	0	2
3	13	0	0
4	12	0	1
5	12	0	1
6	13	1	0
7	13	0	0
8	12	0	1
9	12	0	1
10	11	0	2
11	11	0	2
12	12	0	1
13	13	0	0
14	12	0	1
15	13	0	0
16	11	0	2
17	12	0	1
18	11	0	2
19	12	0	1
20	13	0	0
21	12	0	1
22	12	1	1
23	13	1	0
24	12	0	1
25	13	0	0
26	13	0	0
27	11	0	2
28	12	0	1
29	13	0	0
30	12	0	1
31	13	0	0
32	11	0	2
33	12	0	1
34	12	0	1
35	11	0	2
36	13	0	0
37	13	0	0
38	13	0	0
39	13	0	0
40	13	0	0
41	11	0	2
42	11	0	2
43	12	0	1
44	13	0	0
45	13	0	0
46	13	1	0
47	13	0	0
48	13	0	0
49	13	0	0
50	11	0	2
51	13	0	0
52	12	0	1
53	11	0	2
54	13	1	0
55	13	0	0
56	13	0	0
57	12	0	1
58	12	1	1
59	11	0	2
60	13	0	0
61	11	0	2
62	12	0	1
63	13	0	0
64	13	0	0
65	11	0	2
66	12	0	1
67	11	0	2
68	13	0	0
69	13	0	0
70	12	0	1
71	12	0	1
72	11	0	2
73	13	0	0
74	11	0	2
75	13	0	0
76	11	0	2
77	13	0	0
78	12	0	1
79	11	0	2
80	13	0	0
81	11	0	2
82	13	0	0
83	13	0	0
84	13	0	0
85	11	0	2
86	13	0	0
87	13	0	0
88	11	0	2
89	13	0	0
90	11	0	2
91	11	0	2
92	12	0	1
93	12	0	1
94	13	0	0
95	12	0	1
96	13	0	0
97	13	1	0
98	11	0	2
99	13	0	0
