Observation	Correct	FP	FN
0	2	0	0
1	2	0	0
2	2	0	0
3	2	0	0
4	2	0	0
5	2	0	0
6	2	0	0
7	2	0	0
8	2	0	0
9	2	0	0
10	2	0	0
11	2	0	0
12	2	0	0
13	2	0	0
14	2	0	0
15	2	0	0
16	2	0	0
17	2	0	0
18	1	0	1
19	1	0	1
20	2	0	0
21	1	0	1
22	2	0	0
23	2	0	0
24	1	0	1
25	1	0	1
26	2	0	0
27	2	0	0
28	1	0	1
29	1	0	1
30	2	0	0
31	1	0	1
32	2	0	0
33	2	0	0
34	2	0	0
35	2	0	0
36	1	0	1
37	2	1	0
38	2	0	0
39	2	0	0
40	1	0	1
41	2	1	0
42	1	0	1
43	2	1	0
44	2	0	0
45	1	0	1
46	2	1	0
47	1	0	1
48	2	0	0
49	2	0	0
50	2	0	0
51	2	0	0
52	1	0	1
53	2	1	0
54	1	0	1
55	1	0	1
56	2	1	0
57	2	1	0
58	1	0	1
59	2	0	0
60	2	0	0
61	2	0	0
62	2	1	0
63	0	0	2
64	2	1	0
65	2	1	0
66	2	0	0
67	2	0	0
68	2	0	0
69	0	0	2
70	2	1	0
71	2	1	0
72	2	1	0
73	2	0	0
74	1	0	1
75	2	1	0
76	1	0	1
77	0	0	2
78	1	0	1
79	0	0	2
80	1	0	1
81	2	1	0
82	2	1	0
83	2	1	0
84	2	0	0
85	2	1	0
86	2	0	0
87	1	0	1
88	0	0	2
89	2	0	0
90	2	1	0
91	0	0	2
92	0	0	2
93	2	1	0
94	2	1	0
95	2	1	0
96	0	0	2
97	2	1	0
98	2	1	0
99	2	1	0
