Observation	Correct	FP	FN
0	11	0	0
1	11	1	0
2	11	0	0
3	11	0	0
4	11	0	0
5	11	0	0
6	11	1	0
7	11	1	0
8	11	1	0
9	11	1	0
10	11	0	0
11	11	1	0
12	11	0	0
13	11	0	0
14	11	0	0
15	11	1	0
16	11	0	0
17	11	1	0
18	11	0	0
19	11	0	0
20	11	0	0
21	11	1	0
22	11	0	0
23	11	1	0
24	10	0	1
25	11	0	0
26	11	0	0
27	10	0	1
28	11	0	0
29	11	1	0
30	11	0	0
31	10	0	1
32	11	1	0
33	11	1	0
34	11	0	0
35	10	0	1
36	11	0	0
37	11	0	0
38	10	0	1
39	11	1	0
40	10	0	1
41	10	0	1
42	10	0	1
43	10	0	1
44	11	1	0
45	10	0	1
46	10	0	1
47	11	1	0
48	11	1	0
49	10	0	1
50	11	1	0
51	11	1	0
52	11	1	0
53	11	1	0
54	10	0	1
55	10	0	1
56	11	1	0
57	10	0	1
58	10	0	1
59	11	1	0
60	11	0	0
61	9	0	2
62	10	0	1
63	11	0	0
64	11	1	0
65	11	1	0
66	9	0	2
67	11	1	0
68	11	1	0
69	11	0	0
70	9	0	2
71	9	0	2
72	9	0	2
73	10	0	1
74	9	0	2
75	11	0	0
76	11	1	0
77	11	1	0
78	11	1	0
79	11	1	0
80	11	1	0
81	11	1	0
82	11	1	0
83	9	0	2
84	11	0	0
85	9	0	2
86	9	0	2
87	11	0	0
88	11	1	0
89	9	0	2
90	9	0	2
91	11	0	0
92	9	0	2
93	9	0	2
94	11	0	0
95	9	0	2
96	11	1	0
97	9	0	2
98	9	0	2
99	9	0	2
