Observation	Correct	FP	FN
0	6	1	0
1	6	0	0
2	6	0	0
3	6	1	0
4	6	0	0
5	5	0	1
6	6	1	0
7	6	0	0
8	6	0	0
9	5	0	1
10	6	0	0
11	5	0	1
12	6	1	0
13	6	1	0
14	6	0	0
15	6	0	0
16	6	0	0
17	6	0	0
18	5	0	1
19	6	0	0
20	6	1	0
21	5	0	1
22	6	1	0
23	6	0	0
24	6	0	0
25	6	0	0
26	6	0	0
27	6	0	0
28	6	0	0
29	6	0	0
30	6	1	0
31	5	0	1
32	6	0	0
33	6	0	0
34	6	1	0
35	6	0	0
36	6	1	0
37	5	0	1
38	6	0	0
39	5	0	1
40	6	0	0
41	6	0	0
42	6	0	0
43	6	0	0
44	5	0	1
45	6	0	0
46	6	0	0
47	6	0	0
48	6	0	0
49	6	0	0
50	5	0	1
51	6	1	0
52	6	0	0
53	5	0	1
54	6	0	0
55	6	0	0
56	6	1	0
57	5	0	1
58	5	0	1
59	6	0	0
60	6	1	0
61	5	0	1
62	6	1	0
63	6	0	0
64	6	0	0
65	6	1	0
66	6	0	0
67	5	0	1
68	6	0	0
69	6	0	0
70	6	0	0
71	6	0	0
72	6	0	0
73	6	0	0
74	6	0	0
75	6	0	0
76	6	0	0
77	6	0	0
78	6	1	0
79	5	0	1
80	5	0	1
81	6	0	0
82	6	0	0
83	6	0	0
84	6	1	0
85	6	0	0
86	6	0	0
87	6	1	0
88	6	0	0
89	6	1	0
90	6	0	0
91	6	1	0
92	6	0	0
93	5	0	1
94	6	0	0
95	6	0	0
96	6	1	0
97	6	0	0
98	5	0	1
99	6	0	0
