Observation	Correct	FP	FN
0	7	2	0
1	7	3	0
2	7	2	0
3	7	3	0
4	7	2	0
5	7	3	0
6	7	2	0
7	7	3	0
8	7	3	0
9	7	3	0
10	7	2	0
11	7	3	0
12	7	2	0
13	7	2	0
14	7	2	0
15	7	2	0
16	7	3	0
17	7	2	0
18	7	2	0
19	7	3	0
20	7	2	0
21	7	3	0
22	7	2	0
23	7	2	0
24	7	3	0
25	7	3	0
26	7	3	0
27	7	3	0
28	7	2	0
29	7	2	0
30	7	2	0
31	7	3	0
32	7	2	0
33	7	3	0
34	7	3	0
35	7	3	0
36	7	2	0
37	7	2	0
38	7	2	0
39	7	1	0
40	7	3	0
41	7	1	0
42	7	3	0
43	7	3	0
44	7	3	0
45	7	2	0
46	7	3	0
47	7	3	0
48	7	1	0
49	7	3	0
50	7	1	0
51	7	3	0
52	7	2	0
53	7	2	0
54	7	1	0
55	7	2	0
56	7	2	0
57	7	1	0
58	7	0	0
59	7	3	0
60	7	1	0
61	7	3	0
62	7	2	0
63	7	1	0
64	7	2	0
65	7	1	0
66	7	3	0
67	7	0	0
68	7	2	0
69	7	4	0
70	7	3	0
71	7	4	0
72	7	4	0
73	7	2	0
74	7	3	0
75	7	2	0
76	7	4	0
77	7	2	0
78	7	0	0
79	6	4	1
80	7	3	0
81	7	2	0
82	7	1	0
83	7	0	0
84	7	2	0
85	6	4	1
86	7	2	0
87	7	4	0
88	7	5	0
89	7	0	0
90	7	2	0
91	6	5	1
92	7	0	0
93	7	1	0
94	6	5	1
95	6	0	1
96	6	1	1
97	7	2	0
98	7	2	0
99	7	5	0
