Observation	Correct	FP	FN
0	2	0	0
1	2	0	0
2	2	0	0
3	2	0	0
4	2	0	0
5	2	0	0
6	2	0	0
7	2	0	0
8	2	0	0
9	2	0	0
10	2	0	0
11	1	0	1
12	1	0	1
13	2	0	0
14	2	0	0
15	2	0	0
16	1	0	1
17	1	0	1
18	1	0	1
19	2	0	0
20	2	0	0
21	2	0	0
22	2	0	0
23	2	1	0
24	1	0	1
25	1	0	1
26	2	0	0
27	2	0	0
28	2	0	0
29	1	0	1
30	1	0	1
31	2	1	0
32	2	0	0
33	2	0	0
34	1	0	1
35	2	0	0
36	2	0	0
37	2	0	0
38	2	1	0
39	0	0	2
40	2	1	0
41	0	0	2
42	0	0	2
43	1	0	1
44	2	0	0
45	2	0	0
46	0	0	2
47	2	1	0
48	1	0	1
49	2	2	0
50	1	0	1
51	2	1	0
52	2	2	0
53	0	0	2
54	0	0	2
55	2	2	0
56	2	1	0
57	2	0	0
58	2	1	0
59	2	3	0
60	2	1	0
61	2	0	0
62	2	1	0
63	1	0	1
64	2	1	0
65	2	3	0
66	2	2	0
67	0	0	2
68	2	0	0
69	2	2	0
70	2	0	0
71	0	0	2
72	2	1	0
73	0	0	2
74	0	0	2
75	1	0	1
76	1	0	1
77	2	1	0
78	2	2	0
79	2	1	0
80	2	2	0
81	2	0	0
82	0	0	2
83	0	0	2
84	0	0	2
85	2	0	0
86	0	0	2
87	0	0	2
88	2	2	0
89	1	2	1
90	2	2	0
91	0	0	2
92	0	0	2
93	2	1	0
94	1	2	1
95	2	3	0
96	2	3	0
97	0	0	2
98	2	1	0
99	0	0	2
