Observation	Correct	FP	FN
0	4	1	0
1	4	0	0
2	4	0	0
3	4	0	0
4	4	1	0
5	4	1	0
6	4	0	0
7	4	1	0
8	4	1	0
9	4	0	0
10	3	0	1
11	3	1	1
12	4	1	0
13	4	0	0
14	4	1	0
15	4	0	0
16	3	1	1
17	4	0	0
18	4	1	0
19	4	1	0
20	4	0	0
21	4	0	0
22	4	0	0
23	4	0	0
24	4	1	0
25	3	0	1
26	4	0	0
27	4	1	0
28	4	1	0
29	4	0	0
30	4	0	0
31	4	1	0
32	4	0	0
33	4	1	0
34	4	0	0
35	4	0	0
36	4	1	0
37	3	1	1
38	4	0	0
39	4	0	0
40	3	1	1
41	4	0	0
42	4	1	0
43	4	1	0
44	4	1	0
45	4	1	0
46	3	0	1
47	4	1	0
48	3	1	1
49	4	1	0
50	4	0	0
51	4	1	0
52	4	0	0
53	4	0	0
54	3	1	1
55	4	1	0
56	4	0	0
57	4	1	0
58	3	0	1
59	4	0	0
60	4	1	0
61	4	1	0
62	3	0	1
63	3	1	1
64	4	0	0
65	4	0	0
66	4	1	0
67	4	0	0
68	4	0	0
69	4	0	0
70	4	1	0
71	3	1	1
72	3	0	1
73	4	1	0
74	4	0	0
75	4	1	0
76	3	1	1
77	4	0	0
78	4	1	0
79	4	1	0
80	4	0	0
81	4	0	0
82	4	1	0
83	3	0	1
84	4	1	0
85	4	0	0
86	4	0	0
87	4	0	0
88	3	0	1
89	3	1	1
90	3	1	1
91	3	1	1
92	4	1	0
93	4	0	0
94	3	1	1
95	3	1	1
96	4	0	0
97	4	1	0
98	4	0	0
99	4	1	0
