Observation	Correct	FP	FN
0	2	0	0
1	2	0	0
2	2	0	0
3	2	0	0
4	2	0	0
5	2	0	0
6	2	0	0
7	1	0	1
8	2	0	0
9	1	0	1
10	1	0	1
11	2	0	0
12	2	0	0
13	2	0	0
14	2	0	0
15	2	0	0
16	1	0	1
17	2	0	0
18	2	0	0
19	1	0	1
20	2	0	0
21	2	0	0
22	2	0	0
23	2	0	0
24	1	0	1
25	2	0	0
26	2	0	0
27	1	0	1
28	2	0	0
29	1	0	1
30	1	0	1
31	2	0	0
32	1	0	1
33	2	0	0
34	2	0	0
35	2	0	0
36	2	0	0
37	2	0	0
38	2	0	0
39	2	0	0
40	2	0	0
41	2	1	0
42	2	1	0
43	2	0	0
44	1	0	1
45	2	0	0
46	2	0	0
47	2	1	0
48	2	0	0
49	1	0	1
50	2	1	0
51	0	0	2
52	2	1	0
53	2	0	0
54	2	0	0
55	1	0	1
56	0	0	2
57	2	0	0
58	2	0	0
59	2	1	0
60	0	0	2
61	2	0	0
62	2	0	0
63	1	0	1
64	1	0	1
65	2	1	0
66	0	0	2
67	2	0	0
68	2	0	0
69	2	1	0
70	1	0	1
71	1	0	1
72	1	0	1
73	2	0	0
74	1	0	1
75	0	0	2
76	2	1	0
77	2	0	0
78	2	1	0
79	0	0	2
80	2	1	0
81	1	0	1
82	2	0	0
83	0	0	2
84	0	0	2
85	2	1	0
86	0	0	2
87	1	0	1
88	0	0	2
89	2	1	0
90	0	0	2
91	2	1	0
92	0	0	2
93	0	0	2
94	2	1	0
95	2	1	0
96	2	1	0
97	0	0	2
98	2	1	0
99	2	1	0
