Observation	Correct	FP	FN
0	12	2	0
1	12	2	0
2	12	2	0
3	12	2	0
4	12	2	0
5	12	2	0
6	12	2	0
7	12	2	0
8	12	2	0
9	12	2	0
10	12	2	0
11	12	2	0
12	12	2	0
13	12	2	0
14	12	2	0
15	12	2	0
16	12	2	0
17	12	2	0
18	12	2	0
19	12	2	0
20	12	2	0
21	12	2	0
22	12	2	0
23	12	2	0
24	12	2	0
25	12	2	0
26	12	2	0
27	12	2	0
28	12	2	0
29	12	2	0
30	12	2	0
31	12	2	0
32	12	2	0
33	12	2	0
34	12	2	0
35	12	2	0
36	12	2	0
37	12	2	0
38	12	2	0
39	12	2	0
40	12	2	0
41	12	2	0
42	12	2	0
43	11	2	1
44	12	2	0
45	12	2	0
46	11	2	1
47	12	2	0
48	12	2	0
49	12	2	0
50	12	2	0
51	12	1	0
52	11	2	1
53	12	2	0
54	12	2	0
55	12	2	0
56	12	2	0
57	12	2	0
58	12	2	0
59	12	2	0
60	11	2	1
61	12	2	0
62	12	2	0
63	12	2	0
64	11	2	1
65	12	2	0
66	11	2	1
67	12	2	0
68	12	2	0
69	11	2	1
70	11	2	1
71	12	2	0
72	12	2	0
73	11	2	1
74	12	2	0
75	12	2	0
76	11	2	1
77	12	2	0
78	12	2	0
79	11	2	1
80	12	2	0
81	11	2	1
82	11	2	1
83	12	2	0
84	12	1	0
85	11	2	1
86	12	1	0
87	11	2	1
88	12	2	0
89	11	2	1
90	11	2	1
91	12	2	0
92	12	2	0
93	12	0	0
94	12	2	0
95	10	2	2
96	12	0	0
97	12	0	0
98	12	2	0
99	12	0	0
