Observation	Correct	FP	FN
0	12	1	0
1	12	1	0
2	12	1	0
3	12	1	0
4	12	1	0
5	12	1	0
6	12	1	0
7	11	1	1
8	11	1	1
9	12	1	0
10	11	1	1
11	12	1	0
12	12	1	0
13	12	1	0
14	12	1	0
15	12	1	0
16	12	1	0
17	12	1	0
18	12	1	0
19	12	1	0
20	12	1	0
21	11	1	1
22	11	1	1
23	12	1	0
24	12	1	0
25	12	1	0
26	11	1	1
27	11	1	1
28	12	1	0
29	12	1	0
30	12	1	0
31	10	1	2
32	11	1	1
33	12	1	0
34	12	1	0
35	10	1	2
36	11	1	1
37	12	1	0
38	12	2	0
39	12	1	0
40	11	1	1
41	12	2	0
42	11	1	1
43	10	1	2
44	12	2	0
45	12	2	0
46	12	1	0
47	10	1	2
48	12	1	0
49	12	1	0
50	10	1	2
51	10	1	2
52	12	1	0
53	11	1	1
54	12	2	0
55	12	1	0
56	12	2	0
57	12	1	0
58	12	2	0
59	12	2	0
60	12	2	0
61	12	2	0
62	12	2	0
63	11	1	1
64	11	1	1
65	12	1	0
66	12	1	0
67	12	1	0
68	11	1	1
69	10	1	2
70	12	2	0
71	12	1	0
72	10	1	2
73	12	1	0
74	12	1	0
75	12	1	0
76	12	2	0
77	10	1	2
78	10	1	2
79	12	1	0
80	12	1	0
81	12	2	0
82	12	2	0
83	12	1	0
84	10	1	2
85	10	1	2
86	12	2	0
87	11	1	1
88	12	1	0
89	10	1	2
90	12	2	0
91	12	2	0
92	10	1	2
93	10	1	2
94	12	0	0
95	12	2	0
96	10	1	2
97	10	1	2
98	10	1	2
99	10	1	2
