Observation	Correct	FP	FN
0	10	0	0
1	10	0	0
2	10	1	0
3	10	0	0
4	10	0	0
5	10	1	0
6	10	0	0
7	10	1	0
8	10	0	0
9	10	1	0
10	10	0	0
11	10	1	0
12	10	0	0
13	10	1	0
14	10	0	0
15	10	1	0
16	9	1	1
17	10	0	0
18	10	0	0
19	10	0	0
20	10	1	0
21	10	0	0
22	10	0	0
23	10	1	0
24	10	0	0
25	9	1	1
26	10	0	0
27	10	1	0
28	9	1	1
29	10	1	0
30	10	0	0
31	10	1	0
32	9	1	1
33	10	0	0
34	9	1	1
35	10	1	0
36	9	1	1
37	10	0	0
38	10	0	0
39	10	1	0
40	10	0	0
41	9	1	1
42	10	0	0
43	10	0	0
44	10	1	0
45	10	1	0
46	9	0	1
47	9	1	1
48	9	1	1
49	9	1	1
50	10	0	0
51	10	0	0
52	9	1	1
53	9	1	1
54	9	1	1
55	10	0	0
56	10	0	0
57	10	1	0
58	10	0	0
59	9	0	1
60	9	1	1
61	9	1	1
62	10	0	0
63	10	0	0
64	10	0	0
65	10	0	0
66	10	1	0
67	10	0	0
68	9	0	1
69	10	1	0
70	10	0	0
71	10	0	0
72	9	1	1
73	9	0	1
74	10	1	0
75	10	0	0
76	10	0	0
77	9	0	1
78	9	1	1
79	10	0	0
80	9	2	1
81	9	1	1
82	9	2	1
83	9	1	1
84	10	0	0
85	9	2	1
86	10	2	0
87	9	2	1
88	9	2	1
89	9	1	1
90	9	2	1
91	10	0	0
92	10	0	0
93	10	0	0
94	9	2	1
95	10	0	0
96	9	2	1
97	8	1	2
98	10	0	0
99	10	0	0
