Observation	Correct	FP	FN
0	2	0	0
1	2	0	0
2	2	0	0
3	2	0	0
4	2	0	0
5	2	0	0
6	2	0	0
7	2	0	0
8	2	0	0
9	2	0	0
10	2	0	0
11	1	0	1
12	2	0	0
13	2	0	0
14	1	0	1
15	1	0	1
16	2	0	0
17	2	0	0
18	2	0	0
19	2	0	0
20	2	0	0
21	2	0	0
22	1	0	1
23	2	0	0
24	2	0	0
25	2	0	0
26	1	0	1
27	2	0	0
28	2	0	0
29	2	0	0
30	1	0	1
31	1	0	1
32	1	0	1
33	2	0	0
34	2	0	0
35	2	0	0
36	2	1	0
37	2	0	0
38	2	0	0
39	1	0	1
40	2	1	0
41	2	0	0
42	2	0	0
43	2	0	0
44	1	0	1
45	1	0	1
46	2	1	0
47	1	0	1
48	2	1	0
49	2	0	0
50	2	0	0
51	1	0	1
52	1	0	1
53	2	0	0
54	1	0	1
55	2	0	0
56	1	0	1
57	2	0	0
58	1	0	1
59	1	0	1
60	2	1	0
61	1	0	1
62	2	1	0
63	2	1	0
64	2	1	0
65	1	0	1
66	2	1	0
67	1	0	1
68	2	1	0
69	2	0	0
70	2	0	0
71	1	0	1
72	0	0	2
73	1	0	1
74	2	0	0
75	2	1	0
76	1	0	1
77	1	0	1
78	0	0	2
79	0	0	2
80	2	1	0
81	2	1	0
82	2	1	0
83	2	1	0
84	0	0	2
85	0	0	2
86	0	0	2
87	2	1	0
88	1	0	1
89	1	0	1
90	2	1	0
91	0	0	2
92	1	0	1
93	0	0	2
94	0	0	2
95	2	0	0
96	2	0	0
97	2	1	0
98	0	0	2
99	2	1	0
