Observation	Correct	FP	FN
0	8	1	0
1	8	1	0
2	8	1	0
3	8	1	0
4	8	1	0
5	8	1	0
6	8	1	0
7	8	1	0
8	8	1	0
9	8	1	0
10	8	1	0
11	8	1	0
12	8	1	0
13	8	1	0
14	8	1	0
15	8	1	0
16	8	1	0
17	8	1	0
18	8	1	0
19	8	1	0
20	8	1	0
21	8	1	0
22	8	1	0
23	8	1	0
24	8	1	0
25	8	1	0
26	8	1	0
27	8	1	0
28	8	1	0
29	8	1	0
30	8	1	0
31	8	1	0
32	8	1	0
33	8	1	0
34	8	1	0
35	8	1	0
36	8	1	0
37	8	1	0
38	8	1	0
39	8	1	0
40	8	1	0
41	8	2	0
42	8	1	0
43	8	0	0
44	8	1	0
45	8	1	0
46	8	0	0
47	8	2	0
48	8	1	0
49	8	1	0
50	8	1	0
51	8	1	0
52	8	2	0
53	8	2	0
54	8	2	0
55	8	0	0
56	8	2	0
57	8	0	0
58	8	2	0
59	8	0	0
60	8	2	0
61	8	1	0
62	8	1	0
63	8	0	0
64	8	3	0
65	8	0	0
66	8	0	0
67	8	3	0
68	8	2	0
69	8	0	0
70	8	1	0
71	8	1	0
72	8	3	0
73	7	0	1
74	8	1	0
75	8	0	0
76	7	0	1
77	8	2	0
78	7	0	1
79	8	0	0
80	8	1	0
81	8	3	0
82	8	1	0
83	8	2	0
84	8	0	0
85	7	0	1
86	8	1	0
87	8	0	0
88	8	2	0
89	8	2	0
90	8	2	0
91	7	0	1
92	8	0	0
93	8	3	0
94	8	2	0
95	7	0	1
96	8	3	0
97	8	3	0
98	8	1	0
99	7	0	1
