Observation	Correct	FP	FN
0	6	0	0
1	6	0	0
2	6	0	0
3	6	1	0
4	6	0	0
5	6	0	0
6	6	1	0
7	6	0	0
8	6	1	0
9	6	0	0
10	6	0	0
11	6	1	0
12	6	0	0
13	5	0	1
14	6	0	0
15	6	0	0
16	6	1	0
17	6	0	0
18	6	0	0
19	6	2	0
20	6	0	0
21	6	2	0
22	6	0	0
23	5	0	1
24	6	0	0
25	6	2	0
26	6	1	0
27	6	2	0
28	6	1	0
29	6	1	0
30	6	1	0
31	6	1	0
32	6	1	0
33	5	0	1
34	5	0	1
35	5	0	1
36	5	0	1
37	5	0	1
38	6	1	0
39	6	0	0
40	5	0	1
41	5	0	1
42	5	0	1
43	5	0	1
44	6	1	0
45	6	2	0
46	5	0	1
47	5	0	1
48	6	2	0
49	5	0	1
50	6	0	0
51	6	2	0
52	5	0	1
53	6	0	0
54	6	0	0
55	5	0	1
56	6	0	0
57	5	0	1
58	5	0	1
59	6	2	0
60	6	0	0
61	5	0	1
62	6	2	0
63	5	0	1
64	6	0	0
65	5	0	1
66	6	2	0
67	6	2	0
68	5	0	1
69	6	3	0
70	6	2	0
71	6	0	0
72	5	0	1
73	6	1	0
74	5	0	1
75	6	0	0
76	5	0	1
77	6	2	0
78	6	3	0
79	5	0	1
80	5	0	1
81	6	3	0
82	5	0	1
83	5	0	1
84	6	2	0
85	5	0	1
86	6	3	0
87	6	2	0
88	6	2	0
89	5	0	1
90	5	0	1
91	5	0	1
92	5	0	1
93	6	2	0
94	5	0	1
95	6	0	0
96	5	0	1
97	6	2	0
98	5	0	1
99	5	0	1
