Observation	Correct	FP	FN
0	11	1	0
1	11	1	0
2	11	1	0
3	11	1	0
4	11	1	0
5	11	1	0
6	11	1	0
7	11	2	0
8	11	2	0
9	11	1	0
10	11	1	0
11	10	1	1
12	11	1	0
13	11	2	0
14	11	2	0
15	10	2	1
16	10	1	1
17	10	1	1
18	11	1	0
19	10	2	1
20	11	1	0
21	10	1	1
22	11	2	0
23	10	2	1
24	10	2	1
25	11	1	0
26	11	2	0
27	11	2	0
28	11	1	0
29	10	2	1
30	11	2	0
31	10	2	1
32	11	1	0
33	11	1	0
34	10	1	1
35	10	2	1
36	11	2	0
37	11	2	0
38	11	1	0
39	11	1	0
40	11	1	0
41	11	1	0
42	11	1	0
43	10	1	1
44	11	1	0
45	11	1	0
46	11	1	0
47	11	2	0
48	11	2	0
49	11	1	0
50	10	1	1
51	10	1	1
52	11	1	0
53	11	1	0
54	11	2	0
55	11	1	0
56	11	2	0
57	11	1	0
58	11	1	0
59	11	1	0
60	11	2	0
61	10	2	1
62	10	1	1
63	10	2	1
64	11	1	0
65	11	1	0
66	11	1	0
67	11	1	0
68	11	1	0
69	11	2	0
70	10	2	1
71	11	1	0
72	10	2	1
73	10	1	1
74	10	2	1
75	11	1	0
76	10	2	1
77	10	2	1
78	10	2	1
79	11	0	0
80	10	2	1
81	11	1	0
82	10	2	1
83	11	2	0
84	10	2	1
85	10	1	1
86	10	2	1
87	10	2	1
88	10	2	1
89	11	0	0
90	11	1	0
91	10	2	1
92	10	2	1
93	11	1	0
94	10	2	1
95	11	0	0
96	11	1	0
97	10	1	1
98	10	2	1
99	11	1	0
