Observation	Correct	FP	FN
0	2	1	0
1	1	1	1
2	1	1	1
3	2	1	0
4	2	1	0
5	2	1	0
6	2	1	0
7	2	1	0
8	1	1	1
9	2	1	0
10	2	1	0
11	2	1	0
12	2	1	0
13	2	1	0
14	1	1	1
15	1	1	1
16	2	1	0
17	2	1	0
18	2	1	0
19	1	1	1
20	2	1	0
21	1	1	1
22	2	1	0
23	1	1	1
24	1	1	1
25	2	1	0
26	1	1	1
27	2	1	0
28	2	1	0
29	2	1	0
30	2	1	0
31	1	1	1
32	2	1	0
33	2	1	0
34	2	1	0
35	2	1	0
36	2	1	0
37	2	1	0
38	2	1	0
39	1	1	1
40	2	1	0
41	2	1	0
42	2	1	0
43	1	1	1
44	1	1	1
45	1	1	1
46	2	1	0
47	2	1	0
48	2	1	0
49	2	1	0
50	2	1	0
51	2	1	0
52	2	1	0
53	2	1	0
54	1	1	1
55	1	1	1
56	1	1	1
57	2	1	0
58	2	1	0
59	2	1	0
60	2	1	0
61	1	1	1
62	2	1	0
63	1	1	1
64	2	1	0
65	2	1	0
66	2	1	0
67	1	1	1
68	1	1	1
69	2	1	0
70	2	1	0
71	2	1	0
72	2	1	0
73	2	1	0
74	2	1	0
75	1	1	1
76	1	1	1
77	1	1	1
78	2	1	0
79	2	1	0
80	2	1	0
81	2	1	0
82	2	1	0
83	2	1	0
84	2	1	0
85	2	1	0
86	2	1	0
87	1	1	1
88	1	1	1
89	1	1	1
90	2	1	0
91	2	1	0
92	2	1	0
93	1	1	1
94	2	1	0
95	2	1	0
96	1	1	1
97	2	1	0
98	1	1	1
99	1	1	1
