Observation	Correct	FP	FN
0	16	1	0
1	16	1	0
2	15	1	1
3	16	1	0
4	16	1	0
5	16	1	0
6	15	1	1
7	16	1	0
8	15	1	1
9	15	1	1
10	16	1	0
11	16	1	0
12	15	1	1
13	15	1	1
14	16	1	0
15	16	1	0
16	16	1	0
17	15	1	1
18	15	1	1
19	16	1	0
20	15	1	1
21	16	1	0
22	15	1	1
23	16	1	0
24	16	1	0
25	15	1	1
26	15	1	1
27	16	1	0
28	16	1	0
29	16	1	0
30	16	1	0
31	16	1	0
32	16	1	0
33	15	1	1
34	15	1	1
35	16	1	0
36	15	1	1
37	16	1	0
38	15	1	1
39	15	1	1
40	16	1	0
41	15	1	1
42	15	1	1
43	16	1	0
44	16	1	0
45	16	1	0
46	16	1	0
47	16	1	0
48	16	1	0
49	16	1	0
50	15	1	1
51	15	1	1
52	15	1	1
53	16	1	0
54	16	1	0
55	15	1	1
56	16	1	0
57	16	1	0
58	15	1	1
59	16	1	0
60	15	1	1
61	16	1	0
62	16	1	0
63	16	1	0
64	16	1	0
65	16	1	0
66	16	1	0
67	15	1	1
68	16	1	0
69	16	1	0
70	15	1	1
71	16	1	0
72	16	1	0
73	16	1	0
74	15	1	1
75	15	1	1
76	15	1	1
77	16	1	0
78	16	1	0
79	15	1	1
80	15	1	1
81	16	1	0
82	16	1	0
83	16	1	0
84	15	1	1
85	16	1	0
86	15	1	1
87	16	1	0
88	16	1	0
89	15	1	1
90	16	1	0
91	16	1	0
92	15	1	1
93	16	1	0
94	16	1	0
95	16	1	0
96	16	1	0
97	16	1	0
98	16	1	0
99	15	1	1
