Observation	Correct	FP	FN
0	10	0	0
1	10	0	0
2	10	1	0
3	10	1	0
4	10	0	0
5	10	0	0
6	10	1	0
7	10	0	0
8	10	1	0
9	10	0	0
10	10	1	0
11	10	0	0
12	10	0	0
13	10	1	0
14	10	1	0
15	10	1	0
16	9	0	1
17	9	0	1
18	10	0	0
19	10	1	0
20	10	1	0
21	10	0	0
22	10	0	0
23	9	0	1
24	9	0	1
25	9	0	1
26	9	0	1
27	10	0	0
28	10	0	0
29	10	1	0
30	10	1	0
31	10	0	0
32	9	0	1
33	9	0	1
34	10	0	0
35	9	0	1
36	9	0	1
37	10	2	0
38	9	0	1
39	10	2	0
40	10	1	0
41	10	2	0
42	9	0	1
43	9	0	1
44	9	0	1
45	10	1	0
46	9	0	1
47	9	0	1
48	10	2	0
49	10	2	0
50	9	0	1
51	10	1	0
52	10	2	0
53	10	0	0
54	9	0	1
55	10	0	0
56	10	0	0
57	10	1	0
58	10	1	0
59	10	1	0
60	10	1	0
61	9	0	1
62	9	0	1
63	9	0	1
64	10	2	0
65	10	2	0
66	10	2	0
67	10	0	0
68	10	0	0
69	9	0	1
70	10	1	0
71	9	0	1
72	9	0	1
73	10	2	0
74	10	1	0
75	9	0	1
76	10	2	0
77	9	0	1
78	10	1	0
79	9	0	1
80	9	0	1
81	9	0	1
82	10	1	0
83	9	0	1
84	10	0	0
85	10	0	0
86	10	1	0
87	10	2	0
88	10	1	0
89	10	2	0
90	9	0	1
91	9	0	1
92	10	2	0
93	9	0	1
94	10	2	0
95	10	2	0
96	9	0	1
97	9	0	1
98	10	1	0
99	10	1	0
