Observation	Correct	FP	FN
0	12	0	0
1	12	0	0
2	12	0	0
3	12	0	0
4	12	0	0
5	12	0	0
6	11	0	1
7	11	0	1
8	12	0	0
9	12	0	0
10	12	0	0
11	11	0	1
12	12	0	0
13	11	0	1
14	12	1	0
15	12	0	0
16	11	0	1
17	12	0	0
18	12	0	0
19	12	0	0
20	12	0	0
21	12	0	0
22	12	1	0
23	12	0	0
24	12	0	0
25	12	1	0
26	12	1	0
27	11	0	1
28	11	0	1
29	12	0	0
30	12	1	0
31	12	1	0
32	12	0	0
33	11	0	1
34	12	1	0
35	11	0	1
36	12	1	0
37	11	0	1
38	12	1	0
39	12	1	0
40	11	0	1
41	12	1	0
42	11	0	1
43	12	1	0
44	11	0	1
45	12	0	0
46	12	1	0
47	12	1	0
48	12	1	0
49	11	0	1
50	11	0	1
51	12	1	0
52	11	0	1
53	12	1	0
54	11	0	1
55	12	1	0
56	11	0	1
57	11	0	1
58	12	0	0
59	11	0	1
60	11	0	1
61	12	1	0
62	12	1	0
63	12	1	0
64	11	0	1
65	11	0	1
66	11	0	1
67	12	1	0
68	11	0	1
69	11	0	1
70	12	0	0
71	11	0	1
72	12	1	0
73	12	1	0
74	11	0	1
75	11	0	1
76	11	0	1
77	11	0	1
78	12	1	0
79	11	0	1
80	11	0	1
81	11	0	1
82	12	1	0
83	12	1	0
84	12	1	0
85	12	2	0
86	12	1	0
87	12	2	0
88	12	1	0
89	12	2	0
90	12	1	0
91	11	0	1
92	12	0	0
93	11	0	1
94	11	0	1
95	11	0	1
96	11	0	1
97	11	0	1
98	12	1	0
99	11	0	1
