Observation	Correct	FP	FN
0	12	0	0
1	12	0	0
2	12	0	0
3	12	0	0
4	12	0	0
5	12	0	0
6	12	0	0
7	12	0	0
8	12	0	0
9	12	0	0
10	12	0	0
11	12	0	0
12	12	0	0
13	12	0	0
14	12	0	0
15	12	0	0
16	12	0	0
17	12	0	0
18	12	0	0
19	12	0	0
20	12	0	0
21	12	0	0
22	12	0	0
23	12	0	0
24	12	0	0
25	12	0	0
26	12	0	0
27	12	0	0
28	12	0	0
29	12	0	0
30	12	0	0
31	12	0	0
32	12	0	0
33	12	0	0
34	12	0	0
35	12	0	0
36	12	0	0
37	12	0	0
38	12	0	0
39	12	0	0
40	12	0	0
41	12	0	0
42	12	0	0
43	12	0	0
44	12	0	0
45	12	0	0
46	12	0	0
47	11	0	1
48	12	0	0
49	12	0	0
50	12	0	0
51	12	0	0
52	12	0	0
53	12	0	0
54	12	0	0
55	12	0	0
56	12	0	0
57	11	0	1
58	12	0	0
59	12	0	0
60	11	0	1
61	12	0	0
62	11	0	1
63	11	0	1
64	12	0	0
65	11	0	1
66	12	0	0
67	11	0	1
68	12	0	0
69	11	0	1
70	12	0	0
71	12	0	0
72	12	0	0
73	12	0	0
74	11	0	1
75	12	0	0
76	12	0	0
77	12	0	0
78	12	0	0
79	11	0	1
80	12	0	0
81	12	0	0
82	11	0	1
83	12	0	0
84	12	0	0
85	12	0	0
86	11	0	1
87	12	0	0
88	11	0	1
89	12	0	0
90	11	0	1
91	11	0	1
92	12	0	0
93	12	0	0
94	12	0	0
95	12	0	0
96	12	0	0
97	12	0	0
98	9	0	3
99	11	0	1
