Observation	Correct	FP	FN
0	2	0	0
1	2	0	0
2	2	0	0
3	2	0	0
4	2	0	0
5	2	0	0
6	2	0	0
7	2	0	0
8	2	0	0
9	2	0	0
10	2	0	0
11	2	0	0
12	2	0	0
13	2	0	0
14	1	0	1
15	2	0	0
16	2	0	0
17	1	0	1
18	2	0	0
19	1	0	1
20	2	0	0
21	2	0	0
22	1	0	1
23	2	0	0
24	2	0	0
25	1	0	1
26	2	0	0
27	2	0	0
28	2	0	0
29	2	0	0
30	2	0	0
31	2	0	0
32	1	0	1
33	2	1	0
34	2	1	0
35	2	0	0
36	1	0	1
37	2	0	0
38	2	0	0
39	2	0	0
40	2	1	0
41	2	0	0
42	1	0	1
43	2	0	0
44	2	0	0
45	2	0	0
46	1	0	1
47	2	0	0
48	2	0	0
49	1	0	1
50	2	0	0
51	1	0	1
52	2	0	0
53	1	0	1
54	1	0	1
55	2	0	0
56	2	0	0
57	1	0	1
58	2	1	0
59	2	1	0
60	1	0	1
61	2	0	0
62	2	0	0
63	2	0	0
64	2	1	0
65	1	0	1
66	0	0	2
67	1	0	1
68	1	0	1
69	2	0	0
70	2	1	0
71	2	1	0
72	2	1	0
73	2	0	0
74	2	1	0
75	2	0	0
76	2	1	0
77	0	0	2
78	1	0	1
79	2	0	0
80	1	0	1
81	0	0	2
82	2	1	0
83	2	0	0
84	2	1	0
85	0	0	2
86	2	0	0
87	2	0	0
88	2	1	0
89	0	0	2
90	0	0	2
91	2	1	0
92	2	1	0
93	2	0	0
94	0	0	2
95	1	0	1
96	2	1	0
97	2	1	0
98	1	0	1
99	0	0	2
