Observation	Correct	FP	FN
0	2	0	0
1	2	0	0
2	2	0	0
3	2	0	0
4	2	0	0
5	1	0	1
6	2	0	0
7	2	0	0
8	1	0	1
9	2	0	0
10	2	0	0
11	2	0	0
12	1	0	1
13	1	0	1
14	2	0	0
15	2	0	0
16	1	0	1
17	2	0	0
18	2	0	0
19	1	0	1
20	1	0	1
21	2	0	0
22	1	0	1
23	1	0	1
24	2	0	0
25	2	0	0
26	1	0	1
27	1	0	1
28	1	0	1
29	2	0	0
30	2	0	0
31	1	0	1
32	2	0	0
33	1	0	1
34	2	0	0
35	1	0	1
36	0	0	2
37	2	0	0
38	2	0	0
39	1	0	1
40	2	0	0
41	2	0	0
42	2	0	0
43	2	0	0
44	2	0	0
45	0	0	2
46	1	0	1
47	0	0	2
48	2	1	0
49	2	0	0
50	1	0	1
51	1	0	1
52	2	0	0
53	2	0	0
54	2	1	0
55	2	0	0
56	2	0	0
57	1	0	1
58	2	1	0
59	2	0	0
60	0	0	2
61	0	0	2
62	1	0	1
63	2	1	0
64	2	0	0
65	0	0	2
66	2	0	0
67	2	1	0
68	1	0	1
69	2	1	0
70	0	0	2
71	0	0	2
72	0	0	2
73	2	1	0
74	2	0	0
75	0	0	2
76	2	1	0
77	2	0	0
78	2	1	0
79	2	0	0
80	1	0	1
81	0	0	2
82	0	0	2
83	0	0	2
84	1	0	1
85	0	0	2
86	2	0	0
87	2	0	0
88	2	1	0
89	2	1	0
90	1	0	1
91	2	1	0
92	0	0	2
93	2	1	0
94	0	0	2
95	1	0	1
96	0	0	2
97	2	0	0
98	2	1	0
99	2	1	0
