Observation	Correct	FP	FN
0	10	1	0
1	10	0	0
2	10	0	0
3	10	1	0
4	10	1	0
5	9	1	1
6	10	1	0
7	10	0	0
8	10	0	0
9	10	0	0
10	9	1	1
11	10	1	0
12	9	1	1
13	10	0	0
14	10	0	0
15	10	1	0
16	10	0	0
17	10	0	0
18	10	0	0
19	10	0	0
20	10	1	0
21	10	0	0
22	10	0	0
23	10	1	0
24	10	1	0
25	10	0	0
26	10	1	0
27	10	0	0
28	10	1	0
29	10	1	0
30	10	0	0
31	10	0	0
32	10	1	0
33	10	1	0
34	10	1	0
35	10	0	0
36	10	0	0
37	9	1	1
38	10	1	0
39	9	1	1
40	10	0	0
41	10	1	0
42	10	1	0
43	10	1	0
44	10	0	0
45	10	1	0
46	10	0	0
47	10	1	0
48	10	0	0
49	9	1	1
50	10	0	0
51	10	1	0
52	10	0	0
53	10	1	0
54	10	0	0
55	10	1	0
56	10	1	0
57	10	0	0
58	10	1	0
59	10	0	0
60	9	1	1
61	10	0	0
62	10	0	0
63	9	1	1
64	10	1	0
65	9	1	1
66	10	0	0
67	10	0	0
68	10	0	0
69	10	1	0
70	10	0	0
71	10	0	0
72	10	0	0
73	10	1	0
74	10	1	0
75	10	0	0
76	10	1	0
77	10	1	0
78	10	1	0
79	10	0	0
80	10	0	0
81	10	0	0
82	10	1	0
83	10	1	0
84	10	1	0
85	9	1	1
86	10	1	0
87	10	1	0
88	10	0	0
89	10	0	0
90	10	0	0
91	10	1	0
92	10	0	0
93	10	0	0
94	9	0	1
95	10	1	0
96	9	1	1
97	10	1	0
98	10	1	0
99	10	1	0
