Observation	Correct	FP	FN
0	13	0	0
1	13	0	0
2	13	0	0
3	13	0	0
4	13	0	0
5	13	0	0
6	13	0	0
7	13	0	0
8	13	0	0
9	13	0	0
10	13	0	0
11	13	0	0
12	13	0	0
13	13	0	0
14	13	0	0
15	13	0	0
16	13	0	0
17	13	0	0
18	13	0	0
19	13	0	0
20	13	0	0
21	13	0	0
22	13	0	0
23	13	0	0
24	13	0	0
25	13	0	0
26	13	0	0
27	13	0	0
28	13	0	0
29	13	0	0
30	13	0	0
31	13	0	0
32	13	0	0
33	13	0	0
34	13	0	0
35	13	0	0
36	13	0	0
37	13	0	0
38	13	0	0
39	13	0	0
40	13	0	0
41	12	0	1
42	13	0	0
43	13	0	0
44	13	0	0
45	13	0	0
46	12	0	1
47	13	0	0
48	13	0	0
49	13	0	0
50	13	0	0
51	12	0	1
52	13	0	0
53	13	0	0
54	13	0	0
55	13	0	0
56	12	0	1
57	12	0	1
58	13	0	0
59	12	0	1
60	13	0	0
61	13	0	0
62	13	0	0
63	13	0	0
64	13	0	0
65	13	0	0
66	12	0	1
67	13	0	0
68	12	0	1
69	13	0	0
70	12	0	1
71	13	0	0
72	13	0	0
73	13	0	0
74	12	0	1
75	13	0	0
76	13	0	0
77	13	0	0
78	13	0	0
79	12	0	1
80	12	0	1
81	13	0	0
82	13	0	0
83	12	0	1
84	13	0	0
85	12	0	1
86	12	0	1
87	13	0	0
88	12	0	1
89	13	0	0
90	13	0	0
91	13	0	0
92	13	0	0
93	12	0	1
94	12	0	1
95	12	0	1
96	12	0	1
97	12	0	1
98	11	0	2
99	12	0	1
