Observation	Correct	FP	FN
0	2	0	0
1	2	0	0
2	2	0	0
3	2	0	0
4	2	0	0
5	2	0	0
6	2	0	0
7	1	0	1
8	2	0	0
9	2	0	0
10	2	0	0
11	2	0	0
12	2	0	0
13	1	0	1
14	2	0	0
15	2	0	0
16	2	0	0
17	1	0	1
18	2	0	0
19	1	0	1
20	1	0	1
21	1	0	1
22	1	0	1
23	2	0	0
24	1	0	1
25	2	0	0
26	2	0	0
27	2	0	0
28	2	0	0
29	1	0	1
30	2	0	0
31	2	0	0
32	2	0	0
33	1	0	1
34	1	0	1
35	1	0	1
36	0	0	2
37	1	0	1
38	0	0	2
39	1	0	1
40	1	0	1
41	0	0	2
42	0	0	2
43	2	1	0
44	2	1	0
45	1	0	1
46	2	0	0
47	0	0	2
48	2	0	0
49	2	0	0
50	2	0	0
51	1	0	1
52	2	0	0
53	1	0	1
54	2	0	0
55	2	0	0
56	2	0	0
57	2	0	0
58	2	0	0
59	1	0	1
60	2	1	0
61	0	0	2
62	1	0	1
63	2	1	0
64	0	0	2
65	2	0	0
66	2	1	0
67	2	1	0
68	0	0	2
69	2	1	0
70	0	0	2
71	2	0	0
72	2	0	0
73	2	0	0
74	1	0	1
75	2	1	0
76	0	0	2
77	2	0	0
78	2	1	0
79	0	0	2
80	0	0	2
81	0	0	2
82	2	0	0
83	0	0	2
84	2	1	0
85	2	0	0
86	0	0	2
87	0	0	2
88	0	0	2
89	2	1	0
90	0	0	2
91	2	1	0
92	2	0	0
93	2	0	0
94	2	1	0
95	0	0	2
96	0	0	2
97	2	1	0
98	2	1	0
99	0	0	2
