Observation	Correct	FP	FN
0	2	0	0
1	2	0	0
2	2	0	0
3	2	0	0
4	2	0	0
5	2	0	0
6	2	0	0
7	2	0	0
8	1	0	1
9	2	0	0
10	2	0	0
11	2	0	0
12	1	0	1
13	2	0	0
14	1	0	1
15	2	0	0
16	2	0	0
17	1	0	1
18	1	0	1
19	2	0	0
20	2	0	0
21	2	0	0
22	1	0	1
23	1	0	1
24	2	0	0
25	1	0	1
26	2	0	0
27	2	0	0
28	2	0	0
29	1	0	1
30	1	0	1
31	1	0	1
32	2	0	0
33	2	0	0
34	2	0	0
35	1	0	1
36	2	0	0
37	0	0	2
38	1	0	1
39	2	1	0
40	2	1	0
41	2	1	0
42	0	0	2
43	2	0	0
44	2	0	0
45	2	1	0
46	2	0	0
47	2	1	0
48	2	0	0
49	2	0	0
50	2	0	0
51	0	0	2
52	1	0	1
53	2	1	0
54	2	0	0
55	2	1	0
56	1	0	1
57	2	1	0
58	0	0	2
59	1	0	1
60	0	0	2
61	2	0	0
62	2	2	0
63	1	0	1
64	2	2	0
65	2	2	0
66	0	0	2
67	2	0	0
68	2	1	0
69	1	0	1
70	0	0	2
71	2	1	0
72	0	0	2
73	1	0	1
74	2	1	0
75	2	1	0
76	2	4	0
77	2	3	0
78	2	3	0
79	2	1	0
80	2	0	0
81	0	0	2
82	2	1	0
83	1	0	1
84	2	4	0
85	2	3	0
86	2	0	0
87	0	0	2
88	1	1	1
89	0	0	2
90	1	1	1
91	0	0	2
92	0	0	2
93	0	0	2
94	0	0	2
95	2	5	0
96	0	0	2
97	2	4	0
98	2	3	0
99	0	0	2
