Observation	Correct	FP	FN
0	4	0	0
1	4	0	0
2	4	0	0
3	4	1	0
4	4	1	0
5	4	0	0
6	4	0	0
7	4	0	0
8	4	0	0
9	3	1	1
10	4	0	0
11	4	1	0
12	4	1	0
13	4	0	0
14	3	0	1
15	4	0	0
16	4	0	0
17	3	1	1
18	4	0	0
19	4	0	0
20	4	0	0
21	4	0	0
22	3	1	1
23	4	0	0
24	4	0	0
25	4	0	0
26	4	0	0
27	4	0	0
28	3	1	1
29	4	0	0
30	4	0	0
31	4	1	0
32	4	0	0
33	4	1	0
34	3	1	1
35	4	0	0
36	4	0	0
37	4	0	0
38	4	0	0
39	4	0	0
40	4	1	0
41	4	0	0
42	3	0	1
43	4	0	0
44	4	0	0
45	4	0	0
46	4	0	0
47	4	0	0
48	3	1	1
49	3	1	1
50	4	1	0
51	4	0	0
52	4	0	0
53	3	1	1
54	4	0	0
55	4	0	0
56	4	0	0
57	3	0	1
58	3	0	1
59	4	0	0
60	3	1	1
61	4	0	0
62	4	0	0
63	4	0	0
64	3	1	1
65	4	0	0
66	3	0	1
67	4	0	0
68	4	0	0
69	4	0	0
70	4	0	0
71	4	0	0
72	4	0	0
73	4	0	0
74	4	0	0
75	4	0	0
76	3	1	1
77	4	0	0
78	4	0	0
79	4	0	0
80	4	0	0
81	4	0	0
82	3	0	1
83	4	0	0
84	4	0	0
85	4	0	0
86	4	0	0
87	4	0	0
88	4	0	0
89	4	1	0
90	4	0	0
91	4	0	0
92	4	0	0
93	4	0	0
94	4	0	0
95	4	0	0
96	4	0	0
97	4	0	0
98	4	0	0
99	3	1	1
