Observation	Correct	FP	FN
0	8	0	0
1	8	0	0
2	8	0	0
3	8	0	0
4	8	0	0
5	8	0	0
6	8	0	0
7	8	0	0
8	8	0	0
9	8	0	0
10	8	0	0
11	8	0	0
12	8	0	0
13	8	0	0
14	8	0	0
15	8	0	0
16	8	0	0
17	8	0	0
18	8	0	0
19	8	0	0
20	8	1	0
21	8	0	0
22	8	1	0
23	8	0	0
24	8	0	0
25	8	0	0
26	8	0	0
27	7	0	1
28	8	0	0
29	8	0	0
30	8	0	0
31	8	0	0
32	8	1	0
33	8	0	0
34	6	0	2
35	8	1	0
36	6	0	2
37	6	0	2
38	6	0	2
39	7	0	1
40	8	1	0
41	8	0	0
42	6	0	2
43	7	0	1
44	8	0	0
45	8	1	0
46	8	1	0
47	8	1	0
48	8	0	0
49	8	1	0
50	8	0	0
51	8	0	0
52	8	1	0
53	8	0	0
54	7	0	1
55	8	1	0
56	6	0	2
57	6	0	2
58	7	0	1
59	6	0	2
60	8	1	0
61	8	1	0
62	6	0	2
63	5	0	3
64	8	1	0
65	5	0	3
66	7	1	1
67	8	0	0
68	8	1	0
69	8	0	0
70	8	0	0
71	5	0	3
72	5	0	3
73	8	1	0
74	5	0	3
75	5	0	3
76	5	0	3
77	8	0	0
78	7	1	1
79	5	0	3
80	8	0	0
81	5	0	3
82	8	1	0
83	8	1	0
84	6	0	2
85	5	0	3
86	8	0	0
87	7	0	1
88	8	0	0
89	8	1	0
90	5	0	3
91	7	1	1
92	5	0	3
93	8	1	0
94	5	0	3
95	7	0	1
96	7	1	1
97	8	1	0
98	8	0	0
99	5	0	3
