Observation	Correct	FP	FN
0	3	2	0
1	3	2	0
2	2	2	1
3	3	2	0
4	2	2	1
5	3	2	0
6	3	2	0
7	2	2	1
8	2	2	1
9	3	2	0
10	3	2	0
11	3	2	0
12	2	2	1
13	3	2	0
14	3	2	0
15	3	2	0
16	3	2	0
17	3	2	0
18	3	2	0
19	2	2	1
20	3	2	0
21	3	2	0
22	3	2	0
23	3	2	0
24	3	2	0
25	2	2	1
26	3	2	0
27	3	2	0
28	3	2	0
29	2	2	1
30	3	2	0
31	3	2	0
32	3	2	0
33	3	2	0
34	3	2	0
35	2	2	1
36	2	2	1
37	3	2	0
38	3	2	0
39	3	2	0
40	2	2	1
41	3	2	0
42	3	2	0
43	3	2	0
44	2	2	1
45	3	2	0
46	3	2	0
47	3	2	0
48	3	2	0
49	2	2	1
50	3	2	0
51	3	2	0
52	3	2	0
53	3	2	0
54	2	2	1
55	3	2	0
56	2	2	1
57	3	2	0
58	3	2	0
59	3	2	0
60	3	2	0
61	3	2	0
62	3	2	0
63	3	2	0
64	3	2	0
65	2	2	1
66	3	2	0
67	2	2	1
68	2	2	1
69	3	2	0
70	3	2	0
71	2	2	1
72	2	2	1
73	3	2	0
74	2	2	1
75	3	2	0
76	3	2	0
77	3	2	0
78	3	2	0
79	3	2	0
80	3	2	0
81	3	2	0
82	3	2	0
83	3	2	0
84	3	2	0
85	3	2	0
86	2	2	1
87	3	2	0
88	3	2	0
89	3	2	0
90	3	2	0
91	3	2	0
92	3	2	0
93	3	2	0
94	3	2	0
95	3	2	0
96	2	2	1
97	3	2	0
98	3	2	0
99	3	2	0
