Observation	Correct	FP	FN
0	1	1	0
1	0	0	1
2	0	0	1
3	1	1	0
4	1	1	0
5	1	1	0
6	1	1	0
7	1	1	0
8	1	1	0
9	1	1	0
10	0	0	1
11	1	1	0
12	0	0	1
13	0	0	1
14	1	1	0
15	1	1	0
16	0	0	1
17	0	0	1
18	1	0	0
19	1	1	0
20	1	1	0
21	1	1	0
22	0	0	1
23	0	0	1
24	0	0	1
25	0	0	1
26	1	1	0
27	1	1	0
28	0	0	1
29	1	0	0
30	1	1	0
31	0	0	1
32	1	1	0
33	1	1	0
34	1	1	0
35	1	1	0
36	1	1	0
37	1	1	0
38	0	0	1
39	1	1	0
40	1	1	0
41	0	0	1
42	1	1	0
43	1	1	0
44	0	0	1
45	1	1	0
46	1	0	0
47	1	1	0
48	1	1	0
49	1	1	0
50	0	0	1
51	1	1	0
52	1	1	0
53	0	0	1
54	1	1	0
55	1	1	0
56	1	1	0
57	1	1	0
58	0	0	1
59	1	1	0
60	1	1	0
61	0	0	1
62	0	0	1
63	1	0	0
64	1	1	0
65	0	0	1
66	0	0	1
67	0	0	1
68	0	0	1
69	1	0	0
70	1	1	0
71	0	0	1
72	1	1	0
73	1	1	0
74	0	0	1
75	0	0	1
76	1	1	0
77	1	1	0
78	1	1	0
79	1	1	0
80	1	1	0
81	1	1	0
82	0	0	1
83	1	1	0
84	0	0	1
85	0	0	1
86	1	1	0
87	1	1	0
88	1	1	0
89	1	1	0
90	0	0	1
91	0	0	1
92	1	1	0
93	1	1	0
94	1	1	0
95	0	0	1
96	0	0	1
97	1	1	0
98	1	0	0
99	1	0	0
