Observation	Correct	FP	FN
0	8	0	0
1	8	0	0
2	8	0	0
3	8	0	0
4	8	0	0
5	8	0	0
6	7	0	1
7	8	0	0
8	8	0	0
9	7	0	1
10	8	0	0
11	7	0	1
12	7	0	1
13	8	0	0
14	6	0	2
15	8	0	0
16	8	0	0
17	7	0	1
18	8	0	0
19	6	0	2
20	6	0	2
21	8	1	0
22	8	0	0
23	8	1	0
24	6	0	2
25	8	0	0
26	7	0	1
27	8	0	0
28	7	0	1
29	8	0	0
30	8	0	0
31	6	0	2
32	7	0	1
33	8	0	0
34	8	0	0
35	7	0	1
36	8	1	0
37	8	0	0
38	8	0	0
39	8	0	0
40	8	0	0
41	5	1	3
42	5	0	3
43	8	1	0
44	7	0	1
45	8	1	0
46	8	0	0
47	5	1	3
48	8	0	0
49	8	1	0
50	7	1	1
51	8	1	0
52	5	0	3
53	5	1	3
54	8	1	0
55	5	1	3
56	8	0	0
57	8	0	0
58	8	0	0
59	7	0	1
60	8	0	0
61	7	0	1
62	8	1	0
63	7	1	1
64	5	0	3
65	8	1	0
66	5	0	3
67	7	0	1
68	8	0	0
69	5	0	3
70	8	0	0
71	5	0	3
72	5	2	3
73	8	1	0
74	5	2	3
75	5	2	3
76	6	2	2
77	8	1	0
78	6	2	2
79	8	0	0
80	8	0	0
81	6	1	2
82	6	0	2
83	5	3	3
84	8	0	0
85	6	2	2
86	7	0	1
87	8	1	0
88	8	1	0
89	5	2	3
90	8	1	0
91	8	1	0
92	8	1	0
93	8	1	0
94	7	0	1
95	6	0	2
96	5	3	3
97	8	1	0
98	6	0	2
99	8	1	0
