Observation	Correct	FP	FN
0	1	1	0
1	0	0	1
2	1	1	0
3	1	0	0
4	0	0	1
5	1	1	0
6	1	0	0
7	1	0	0
8	0	0	1
9	0	0	1
10	0	0	1
11	1	0	0
12	1	1	0
13	1	1	0
14	1	1	0
15	1	0	0
16	1	1	0
17	0	0	1
18	1	1	0
19	1	1	0
20	0	0	1
21	1	0	0
22	1	1	0
23	0	0	1
24	1	1	0
25	1	0	0
26	1	1	0
27	1	0	0
28	1	1	0
29	0	0	1
30	0	0	1
31	1	1	0
32	0	0	1
33	1	1	0
34	1	1	0
35	1	1	0
36	1	1	0
37	0	0	1
38	1	1	0
39	1	0	0
40	1	0	0
41	1	0	0
42	0	0	1
43	1	1	0
44	1	1	0
45	1	1	0
46	1	1	0
47	1	1	0
48	1	1	0
49	1	1	0
50	0	0	1
51	0	0	1
52	1	1	0
53	1	1	0
54	0	0	1
55	1	0	0
56	0	0	1
57	1	0	0
58	0	0	1
59	1	0	0
60	0	0	1
61	1	1	0
62	1	1	0
63	0	0	1
64	1	0	0
65	1	0	0
66	1	1	0
67	1	1	0
68	1	0	0
69	1	1	0
70	1	0	0
71	1	1	0
72	1	1	0
73	1	1	0
74	1	1	0
75	0	0	1
76	1	1	0
77	1	1	0
78	1	0	0
79	0	0	1
80	1	0	0
81	1	1	0
82	1	1	0
83	0	0	1
84	1	0	0
85	1	0	0
86	1	1	0
87	1	1	0
88	1	0	0
89	0	0	1
90	0	0	1
91	1	1	0
92	0	0	1
93	1	0	0
94	0	0	1
95	1	0	0
96	1	1	0
97	1	1	0
98	1	0	0
99	0	0	1
