Observation	Correct	FP	FN
0	7	0	0
1	7	0	0
2	7	0	0
3	7	0	0
4	7	0	0
5	7	0	0
6	7	1	0
7	7	0	0
8	7	0	0
9	7	0	0
10	7	0	0
11	7	0	0
12	7	0	0
13	7	0	0
14	7	1	0
15	7	0	0
16	7	1	0
17	7	0	0
18	7	0	0
19	7	1	0
20	7	1	0
21	7	1	0
22	7	0	0
23	7	0	0
24	7	0	0
25	7	0	0
26	7	0	0
27	7	0	0
28	7	1	0
29	6	1	1
30	6	1	1
31	7	0	0
32	7	0	0
33	7	0	0
34	7	0	0
35	7	0	0
36	7	1	0
37	7	0	0
38	7	0	0
39	7	0	0
40	7	0	0
41	5	0	2
42	7	0	0
43	7	0	0
44	6	1	1
45	7	0	0
46	7	0	0
47	5	1	2
48	5	1	2
49	7	1	0
50	6	0	1
51	7	0	0
52	5	1	2
53	5	1	2
54	5	1	2
55	7	0	0
56	5	1	2
57	7	0	0
58	7	0	0
59	7	1	0
60	7	0	0
61	7	0	0
62	7	0	0
63	5	1	2
64	7	0	0
65	5	1	2
66	7	0	0
67	7	0	0
68	7	0	0
69	7	1	0
70	7	0	0
71	7	0	0
72	7	0	0
73	7	1	0
74	5	1	2
75	7	1	0
76	7	1	0
77	5	0	2
78	5	1	2
79	5	1	2
80	7	0	0
81	7	0	0
82	7	0	0
83	7	1	0
84	5	2	2
85	5	1	2
86	5	0	2
87	5	1	2
88	7	0	0
89	7	0	0
90	7	0	0
91	7	0	0
92	7	1	0
93	7	0	0
94	7	0	0
95	7	0	0
96	5	0	2
97	7	0	0
98	4	1	3
99	7	1	0
