Observation	Correct	FP	FN
0	9	1	0
1	9	1	0
2	9	1	0
3	9	1	0
4	9	1	0
5	9	1	0
6	9	1	0
7	9	1	0
8	9	1	0
9	9	1	0
10	9	1	0
11	9	1	0
12	9	1	0
13	9	1	0
14	9	1	0
15	9	1	0
16	9	1	0
17	9	1	0
18	9	1	0
19	9	1	0
20	9	1	0
21	9	1	0
22	9	1	0
23	9	1	0
24	9	1	0
25	9	1	0
26	9	0	0
27	9	1	0
28	9	1	0
29	9	1	0
30	9	1	0
31	9	1	0
32	9	1	0
33	9	0	0
34	9	1	0
35	9	1	0
36	9	1	0
37	9	1	0
38	9	1	0
39	9	1	0
40	9	0	0
41	9	1	0
42	9	1	0
43	9	1	0
44	9	1	0
45	9	0	0
46	9	0	0
47	9	0	0
48	9	1	0
49	9	1	0
50	9	1	0
51	9	0	0
52	9	1	0
53	9	1	0
54	9	1	0
55	9	0	0
56	9	0	0
57	9	1	0
58	9	0	0
59	9	1	0
60	9	1	0
61	9	1	0
62	9	0	0
63	9	1	0
64	9	1	0
65	9	1	0
66	9	1	0
67	9	2	0
68	9	0	0
69	9	2	0
70	9	0	0
71	9	0	0
72	9	1	0
73	9	1	0
74	9	0	0
75	7	1	2
76	9	0	0
77	9	1	0
78	9	0	0
79	9	0	0
80	9	1	0
81	9	3	0
82	9	2	0
83	9	3	0
84	9	0	0
85	9	0	0
86	9	2	0
87	9	0	0
88	9	2	0
89	6	1	3
90	9	3	0
91	9	0	0
92	5	1	4
93	9	0	0
94	9	1	0
95	6	1	3
96	9	0	0
97	9	2	0
98	9	0	0
99	5	1	4
