Observation	Correct	FP	FN
0	2	0	0
1	2	0	0
2	2	0	0
3	1	0	1
4	2	0	0
5	2	0	0
6	1	0	1
7	2	0	0
8	2	0	0
9	2	0	0
10	1	0	1
11	2	0	0
12	1	0	1
13	2	0	0
14	1	0	1
15	1	0	1
16	2	0	0
17	2	0	0
18	2	0	0
19	1	0	1
20	2	0	0
21	2	0	0
22	2	0	0
23	2	0	0
24	1	0	1
25	2	0	0
26	2	0	0
27	1	0	1
28	2	0	0
29	2	0	0
30	2	0	0
31	2	0	0
32	1	0	1
33	2	0	0
34	2	0	0
35	2	0	0
36	1	0	1
37	1	0	1
38	1	0	1
39	2	0	0
40	2	0	0
41	1	0	1
42	0	0	2
43	2	0	0
44	2	0	0
45	0	0	2
46	0	0	2
47	2	1	0
48	1	0	1
49	2	1	0
50	2	0	0
51	2	0	0
52	1	0	1
53	2	0	0
54	2	0	0
55	1	0	1
56	2	1	0
57	2	1	0
58	2	1	0
59	2	1	0
60	2	1	0
61	2	0	0
62	2	0	0
63	1	0	1
64	2	1	0
65	0	0	2
66	2	0	0
67	2	1	0
68	2	0	0
69	0	0	2
70	0	0	2
71	2	1	0
72	2	1	0
73	0	0	2
74	0	0	2
75	2	1	0
76	1	0	1
77	0	0	2
78	2	0	0
79	0	0	2
80	2	1	0
81	1	0	1
82	0	0	2
83	2	1	0
84	1	0	1
85	2	1	0
86	2	0	0
87	0	0	2
88	0	0	2
89	2	1	0
90	0	0	2
91	0	0	2
92	2	1	0
93	0	0	2
94	2	1	0
95	0	0	2
96	2	1	0
97	0	0	2
98	1	0	1
99	2	0	0
