Observation	Correct	FP	FN
0	4	1	0
1	4	1	0
2	4	2	0
3	4	1	0
4	4	1	0
5	4	1	0
6	4	1	0
7	4	1	0
8	4	1	0
9	4	2	0
10	4	0	0
11	4	1	0
12	4	1	0
13	4	1	0
14	4	0	0
15	4	0	0
16	4	2	0
17	4	1	0
18	4	2	0
19	4	0	0
20	4	2	0
21	4	1	0
22	4	0	0
23	4	1	0
24	4	2	0
25	4	1	0
26	4	1	0
27	4	0	0
28	4	2	0
29	4	2	0
30	4	1	0
31	4	1	0
32	3	2	1
33	4	1	0
34	4	2	0
35	4	2	0
36	3	2	1
37	3	2	1
38	4	2	0
39	4	1	0
40	4	2	0
41	4	1	0
42	4	1	0
43	4	1	0
44	4	1	0
45	4	0	0
46	4	0	0
47	3	2	1
48	4	1	0
49	4	2	0
50	3	2	1
51	4	2	0
52	4	2	0
53	4	2	0
54	4	2	0
55	4	1	0
56	4	2	0
57	4	2	0
58	3	1	1
59	4	1	0
60	3	3	1
61	4	1	0
62	3	4	1
63	3	3	1
64	4	3	0
65	4	3	0
66	4	1	0
67	4	3	0
68	3	4	1
69	3	1	1
70	4	3	0
71	4	1	0
72	4	3	0
73	4	2	0
74	4	1	0
75	4	3	0
76	4	2	0
77	4	3	0
78	4	3	0
79	4	3	0
80	4	3	0
81	4	2	0
82	4	1	0
83	4	3	0
84	4	2	0
85	4	2	0
86	4	3	0
87	4	3	0
88	4	2	0
89	3	3	1
90	3	4	1
91	4	2	0
92	4	2	0
93	3	4	1
94	3	4	1
95	3	4	1
96	4	1	0
97	4	2	0
98	4	3	0
99	4	2	0
