Observation	Correct	FP	FN
0	0	0	2
1	2	0	0
2	0	0	2
3	2	0	0
4	2	0	0
5	2	0	0
6	2	0	0
7	2	0	0
8	0	0	2
9	2	0	0
10	2	0	0
11	2	0	0
12	2	0	0
13	2	0	0
14	2	0	0
15	2	0	0
16	2	0	0
17	0	0	2
18	0	0	2
19	2	0	0
20	2	0	0
21	0	0	2
22	2	0	0
23	2	0	0
24	2	0	0
25	0	0	2
26	0	0	2
27	0	0	2
28	2	0	0
29	2	0	0
30	0	0	2
31	0	0	2
32	2	0	0
33	2	0	0
34	0	0	2
35	2	0	0
36	2	0	0
37	2	0	0
38	2	0	0
39	2	0	0
40	2	0	0
41	1	0	1
42	2	0	0
43	2	0	0
44	2	0	0
45	2	0	0
46	0	0	2
47	2	0	0
48	0	0	2
49	0	0	2
50	2	0	0
51	2	0	0
52	0	0	2
53	2	0	0
54	1	0	1
55	2	0	0
56	2	0	0
57	2	0	0
58	0	0	2
59	2	0	0
60	2	0	0
61	2	0	0
62	0	0	2
63	2	0	0
64	0	0	2
65	2	0	0
66	0	0	2
67	2	0	0
68	2	0	0
69	0	0	2
70	0	0	2
71	0	0	2
72	0	0	2
73	2	0	0
74	2	0	0
75	2	0	0
76	0	0	2
77	2	0	0
78	0	0	2
79	2	0	0
80	0	0	2
81	2	0	0
82	2	0	0
83	2	0	0
84	1	0	1
85	2	0	0
86	0	0	2
87	2	0	0
88	2	0	0
89	0	0	2
90	2	0	0
91	0	0	2
92	0	0	2
93	2	0	0
94	0	0	2
95	2	0	0
96	2	0	0
97	2	0	0
98	0	0	2
99	0	0	2
