Observation	Correct	FP	FN
0	2	0	0
1	2	0	0
2	2	0	0
3	2	0	0
4	2	0	0
5	2	0	0
6	2	0	0
7	2	0	0
8	2	0	0
9	1	0	1
10	2	0	0
11	2	0	0
12	2	0	0
13	2	0	0
14	2	0	0
15	2	0	0
16	2	0	0
17	2	0	0
18	1	0	1
19	1	0	1
20	2	0	0
21	2	0	0
22	2	0	0
23	2	0	0
24	1	0	1
25	1	0	1
26	1	0	1
27	2	0	0
28	2	0	0
29	2	0	0
30	2	0	0
31	2	0	0
32	2	0	0
33	2	0	0
34	1	0	1
35	2	0	0
36	2	0	0
37	1	0	1
38	2	0	0
39	2	0	0
40	1	0	1
41	2	0	0
42	2	0	0
43	0	0	2
44	2	0	0
45	2	0	0
46	1	0	1
47	2	1	0
48	1	0	1
49	0	0	2
50	2	0	0
51	1	0	1
52	2	1	0
53	2	0	0
54	0	0	2
55	1	0	1
56	2	1	0
57	2	0	0
58	2	1	0
59	2	0	0
60	1	0	1
61	1	0	1
62	2	1	0
63	2	1	0
64	2	1	0
65	2	1	0
66	2	1	0
67	1	0	1
68	2	0	0
69	0	0	2
70	2	0	0
71	2	0	0
72	2	1	0
73	2	1	0
74	2	0	0
75	0	0	2
76	1	0	1
77	2	0	0
78	2	1	0
79	2	1	0
80	2	1	0
81	2	1	0
82	0	0	2
83	0	0	2
84	1	0	1
85	2	1	0
86	0	0	2
87	2	1	0
88	2	1	0
89	0	0	2
90	2	1	0
91	2	1	0
92	0	0	2
93	0	0	2
94	0	0	2
95	2	1	0
96	2	1	0
97	0	0	2
98	2	1	0
99	0	0	2
