Observation	Correct	FP	FN
0	2	0	0
1	2	0	0
2	2	0	0
3	2	0	0
4	2	0	0
5	2	0	0
6	1	0	1
7	2	0	0
8	2	0	0
9	2	0	0
10	2	0	0
11	1	0	1
12	2	0	0
13	1	0	1
14	1	0	1
15	2	0	0
16	2	0	0
17	1	0	1
18	1	0	1
19	2	0	0
20	2	0	0
21	1	0	1
22	2	0	0
23	2	0	0
24	2	0	0
25	2	0	0
26	2	0	0
27	2	0	0
28	2	0	0
29	2	0	0
30	2	0	0
31	1	0	1
32	1	0	1
33	1	0	1
34	2	0	0
35	1	0	1
36	1	0	1
37	2	0	0
38	2	0	0
39	2	0	0
40	2	0	0
41	1	0	1
42	1	0	1
43	2	0	0
44	0	0	2
45	1	0	1
46	2	0	0
47	2	1	0
48	2	1	0
49	2	0	0
50	0	0	2
51	1	0	1
52	2	0	0
53	2	0	0
54	2	1	0
55	2	1	0
56	0	0	2
57	0	0	2
58	1	0	1
59	2	1	0
60	2	1	0
61	2	0	0
62	0	0	2
63	2	0	0
64	2	0	0
65	2	0	0
66	2	0	0
67	2	0	0
68	2	0	0
69	2	0	0
70	2	1	0
71	2	1	0
72	2	0	0
73	2	0	0
74	1	0	1
75	1	0	1
76	2	1	0
77	2	0	0
78	2	1	0
79	2	0	0
80	0	0	2
81	0	0	2
82	0	0	2
83	1	0	1
84	2	0	0
85	1	0	1
86	2	0	0
87	2	0	0
88	2	1	0
89	0	0	2
90	0	0	2
91	0	0	2
92	2	0	0
93	1	0	1
94	2	1	0
95	2	1	0
96	0	0	2
97	2	1	0
98	2	0	0
99	2	1	0
