Observation	Correct	FP	FN
0	2	0	0
1	2	0	0
2	2	0	0
3	2	0	0
4	2	0	0
5	2	0	0
6	2	0	0
7	2	0	0
8	2	0	0
9	2	0	0
10	2	0	0
11	2	0	0
12	2	0	0
13	2	0	0
14	2	0	0
15	2	0	0
16	2	0	0
17	1	0	1
18	2	0	0
19	2	0	0
20	2	0	0
21	2	0	0
22	1	0	1
23	1	0	1
24	2	0	0
25	1	0	1
26	2	0	0
27	2	0	0
28	2	0	0
29	2	0	0
30	1	0	1
31	1	0	1
32	1	0	1
33	2	1	0
34	2	0	0
35	2	1	0
36	1	0	1
37	2	0	0
38	1	0	1
39	2	1	0
40	1	0	1
41	2	0	0
42	2	0	0
43	2	1	0
44	2	1	0
45	2	0	0
46	2	0	0
47	1	0	1
48	1	0	1
49	2	1	0
50	1	0	1
51	2	0	0
52	2	0	0
53	2	0	0
54	2	1	0
55	2	0	0
56	2	0	0
57	2	1	0
58	2	0	0
59	2	0	0
60	2	0	0
61	2	0	0
62	1	0	1
63	1	0	1
64	2	0	0
65	2	1	0
66	2	0	0
67	2	1	0
68	1	0	1
69	2	1	0
70	1	0	1
71	2	1	0
72	2	1	0
73	2	1	0
74	2	1	0
75	0	0	2
76	2	0	0
77	2	0	0
78	2	1	0
79	0	0	2
80	2	0	0
81	2	0	0
82	0	0	2
83	1	0	1
84	2	1	0
85	2	0	0
86	0	0	2
87	0	0	2
88	0	0	2
89	1	0	1
90	0	0	2
91	2	1	0
92	0	0	2
93	0	0	2
94	2	1	0
95	2	1	0
96	2	1	0
97	2	1	0
98	2	1	0
99	0	0	2
