Observation	Correct	FP	FN
0	2	0	0
1	2	0	0
2	2	0	0
3	2	0	0
4	1	0	1
5	2	0	0
6	2	0	0
7	2	0	0
8	1	0	1
9	1	0	1
10	2	0	0
11	1	0	1
12	1	0	1
13	2	0	0
14	2	0	0
15	2	0	0
16	2	0	0
17	2	0	0
18	2	0	0
19	2	0	0
20	1	0	1
21	2	0	0
22	2	0	0
23	2	0	0
24	1	0	1
25	1	0	1
26	2	0	0
27	2	0	0
28	2	0	0
29	2	0	0
30	1	0	1
31	1	0	1
32	2	0	0
33	2	0	0
34	2	0	0
35	1	0	1
36	2	0	0
37	1	0	1
38	2	0	0
39	1	0	1
40	2	0	0
41	2	1	0
42	2	0	0
43	2	0	0
44	2	0	0
45	1	0	1
46	2	0	0
47	2	0	0
48	2	0	0
49	1	0	1
50	2	0	0
51	2	0	0
52	2	1	0
53	2	0	0
54	2	1	0
55	2	1	0
56	0	0	2
57	2	0	0
58	2	0	0
59	0	0	2
60	2	0	0
61	2	0	0
62	1	0	1
63	2	1	0
64	2	0	0
65	2	0	0
66	2	1	0
67	0	0	2
68	2	0	0
69	0	0	2
70	0	0	2
71	0	0	2
72	0	0	2
73	2	1	0
74	2	0	0
75	0	0	2
76	1	0	1
77	2	1	0
78	0	0	2
79	0	0	2
80	2	0	0
81	2	1	0
82	2	0	0
83	0	0	2
84	2	1	0
85	1	0	1
86	0	0	2
87	2	0	0
88	2	1	0
89	2	1	0
90	2	1	0
91	2	1	0
92	2	0	0
93	2	1	0
94	0	0	2
95	2	0	0
96	0	0	2
97	0	0	2
98	2	1	0
99	2	0	0
