Observation	Correct	FP	FN
0	7	0	0
1	7	0	0
2	7	0	0
3	7	0	0
4	7	0	0
5	7	0	0
6	7	0	0
7	7	0	0
8	7	0	0
9	7	0	0
10	7	0	0
11	7	0	0
12	7	0	0
13	7	0	0
14	7	0	0
15	7	0	0
16	7	0	0
17	7	0	0
18	7	0	0
19	7	0	0
20	7	0	0
21	7	0	0
22	7	0	0
23	7	0	0
24	6	0	1
25	7	0	0
26	7	0	0
27	7	0	0
28	7	0	0
29	7	0	0
30	6	0	1
31	6	0	1
32	6	0	1
33	6	0	1
34	7	0	0
35	6	0	1
36	7	0	0
37	6	0	1
38	7	0	0
39	6	0	1
40	7	0	0
41	7	0	0
42	7	0	0
43	6	0	1
44	7	0	0
45	7	0	0
46	7	0	0
47	7	0	0
48	7	0	0
49	7	0	0
50	6	0	1
51	7	0	0
52	6	0	1
53	7	0	0
54	7	0	0
55	6	0	1
56	6	0	1
57	7	0	0
58	6	0	1
59	6	0	1
60	7	0	0
61	6	0	1
62	7	0	0
63	6	0	1
64	6	0	1
65	7	0	0
66	6	0	1
67	6	0	1
68	7	0	0
69	6	0	1
70	6	0	1
71	7	0	0
72	7	0	0
73	6	0	1
74	7	0	0
75	7	0	0
76	6	0	1
77	7	0	0
78	7	0	0
79	6	0	1
80	6	0	1
81	6	0	1
82	6	0	1
83	7	0	0
84	7	0	0
85	7	0	0
86	6	0	1
87	4	0	3
88	6	0	1
89	7	0	0
90	7	0	0
91	6	0	1
92	4	0	3
93	6	0	1
94	7	0	0
95	3	0	4
96	3	0	4
97	5	0	2
98	7	0	0
99	7	0	0
