Observation	Correct	FP	FN
0	6	3	0
1	6	3	0
2	6	2	0
3	6	3	0
4	6	2	0
5	6	3	0
6	6	3	0
7	6	3	0
8	6	3	0
9	6	2	0
10	6	2	0
11	6	3	0
12	6	3	0
13	6	2	0
14	6	2	0
15	6	2	0
16	6	2	0
17	6	3	0
18	6	2	0
19	6	2	0
20	6	3	0
21	6	3	0
22	6	3	0
23	6	2	0
24	6	3	0
25	6	2	0
26	6	3	0
27	6	2	0
28	6	3	0
29	6	3	0
30	6	3	0
31	6	3	0
32	6	3	0
33	6	2	0
34	6	3	0
35	6	2	0
36	6	2	0
37	6	3	0
38	6	2	0
39	6	2	0
40	6	2	0
41	6	2	0
42	6	2	0
43	6	3	0
44	6	2	0
45	6	3	0
46	6	2	0
47	6	2	0
48	6	3	0
49	6	2	0
50	5	3	1
51	6	2	0
52	6	3	0
53	6	3	0
54	6	3	0
55	6	1	0
56	6	3	0
57	5	3	1
58	6	2	0
59	6	3	0
60	6	3	0
61	6	3	0
62	6	2	0
63	5	3	1
64	6	3	0
65	6	3	0
66	5	3	1
67	6	3	0
68	6	3	0
69	6	3	0
70	5	3	1
71	6	2	0
72	6	4	0
73	6	2	0
74	6	4	0
75	6	3	0
76	6	3	0
77	6	3	0
78	5	4	1
79	6	5	0
80	6	3	0
81	6	3	0
82	6	3	0
83	6	4	0
84	6	3	0
85	6	0	0
86	6	5	0
87	5	1	1
88	5	2	1
89	6	0	0
90	6	3	0
91	6	3	0
92	6	4	0
93	6	0	0
94	6	2	0
95	6	2	0
96	6	0	0
97	5	6	1
98	6	3	0
99	6	3	0
