Observation	Correct	FP	FN
0	9	2	0
1	9	2	0
2	9	2	0
3	9	2	0
4	9	2	0
5	9	2	0
6	9	2	0
7	9	2	0
8	9	2	0
9	9	2	0
10	9	2	0
11	9	2	0
12	9	2	0
13	9	2	0
14	9	2	0
15	9	2	0
16	9	2	0
17	9	2	0
18	9	2	0
19	9	2	0
20	9	2	0
21	9	2	0
22	9	2	0
23	8	2	1
24	9	2	0
25	8	2	1
26	8	2	1
27	8	2	1
28	9	2	0
29	9	2	0
30	9	1	0
31	9	2	0
32	9	2	0
33	8	2	1
34	9	1	0
35	9	2	0
36	8	2	1
37	9	1	0
38	8	2	1
39	9	2	0
40	8	2	1
41	8	2	1
42	9	1	0
43	9	2	0
44	8	2	1
45	8	2	1
46	8	2	1
47	8	2	1
48	9	2	0
49	9	2	0
50	9	1	0
51	8	2	1
52	9	2	0
53	8	2	1
54	9	1	0
55	9	2	0
56	9	1	0
57	9	1	0
58	9	1	0
59	9	2	0
60	8	2	1
61	9	2	0
62	8	2	1
63	8	2	1
64	7	2	2
65	9	2	0
66	8	2	1
67	9	2	0
68	9	2	0
69	9	2	0
70	9	1	0
71	7	2	2
72	9	1	0
73	7	2	2
74	7	2	2
75	8	2	1
76	8	1	1
77	8	2	1
78	9	1	0
79	8	2	1
80	9	1	0
81	8	2	1
82	7	2	2
83	9	2	0
84	7	2	2
85	9	2	0
86	9	1	0
87	9	2	0
88	7	2	2
89	9	1	0
90	7	2	2
91	9	1	0
92	7	2	2
93	8	1	1
94	9	2	0
95	9	1	0
96	9	2	0
97	9	1	0
98	8	1	1
99	9	2	0
