Observation	Correct	FP	FN
0	2	0	0
1	2	0	0
2	2	0	0
3	2	0	0
4	2	0	0
5	2	0	0
6	2	0	0
7	2	1	0
8	2	0	0
9	2	0	0
10	1	0	1
11	1	0	1
12	2	1	0
13	2	0	0
14	1	0	1
15	2	1	0
16	2	0	0
17	2	0	0
18	2	0	0
19	2	0	0
20	2	0	0
21	1	0	1
22	2	0	0
23	2	0	0
24	1	0	1
25	2	1	0
26	2	0	0
27	2	1	0
28	2	0	0
29	2	1	0
30	1	0	1
31	2	1	0
32	1	0	1
33	2	0	0
34	2	0	0
35	1	0	1
36	1	0	1
37	2	0	0
38	1	0	1
39	2	2	0
40	2	0	0
41	1	0	1
42	0	0	2
43	2	0	0
44	1	0	1
45	0	0	2
46	2	2	0
47	0	0	2
48	1	0	1
49	2	0	0
50	2	3	0
51	2	3	0
52	0	0	2
53	0	0	2
54	2	0	0
55	1	0	1
56	2	1	0
57	2	0	0
58	0	0	2
59	0	0	2
60	2	3	0
61	2	0	0
62	2	0	0
63	1	0	1
64	0	0	2
65	2	3	0
66	0	0	2
67	0	0	2
68	0	0	2
69	1	0	1
70	2	2	0
71	2	0	0
72	2	1	0
73	0	0	2
74	2	0	0
75	0	0	2
76	0	0	2
77	2	3	0
78	2	2	0
79	2	2	0
80	2	1	0
81	2	3	0
82	0	0	2
83	2	2	0
84	2	3	0
85	2	1	0
86	0	0	2
87	2	2	0
88	2	0	0
89	2	1	0
90	2	3	0
91	0	0	2
92	1	1	1
93	2	3	0
94	2	1	0
95	0	0	2
96	2	1	0
97	2	1	0
98	2	0	0
99	0	0	2
