Observation	Correct	FP	FN
0	8	1	0
1	8	2	0
2	8	0	0
3	8	2	0
4	8	0	0
5	8	2	0
6	8	2	0
7	8	0	0
8	8	2	0
9	8	0	0
10	8	2	0
11	8	2	0
12	8	1	0
13	8	1	0
14	8	2	0
15	8	0	0
16	8	2	0
17	8	1	0
18	8	1	0
19	8	2	0
20	8	2	0
21	8	1	0
22	8	1	0
23	8	2	0
24	8	2	0
25	8	2	0
26	8	1	0
27	8	3	0
28	8	2	0
29	8	0	0
30	8	2	0
31	8	1	0
32	8	1	0
33	8	0	0
34	8	2	0
35	8	1	0
36	8	0	0
37	8	2	0
38	8	3	0
39	8	3	0
40	8	1	0
41	8	1	0
42	8	3	0
43	8	3	0
44	8	3	0
45	8	1	0
46	8	0	0
47	8	2	0
48	8	0	0
49	8	2	0
50	8	3	0
51	8	0	0
52	8	0	0
53	8	3	0
54	8	1	0
55	8	2	0
56	8	1	0
57	8	2	0
58	8	3	0
59	8	2	0
60	8	2	0
61	8	1	0
62	8	1	0
63	8	2	0
64	8	3	0
65	8	1	0
66	8	0	0
67	8	2	0
68	8	2	0
69	8	3	0
70	8	2	0
71	8	0	0
72	8	3	0
73	8	4	0
74	8	2	0
75	8	2	0
76	8	0	0
77	8	2	0
78	8	0	0
79	8	1	0
80	8	0	0
81	8	0	0
82	8	4	0
83	8	0	0
84	8	4	0
85	8	4	0
86	8	2	0
87	8	2	0
88	8	5	0
89	8	2	0
90	8	1	0
91	8	4	0
92	8	5	0
93	8	2	0
94	8	1	0
95	8	4	0
96	8	2	0
97	8	3	0
98	8	6	0
99	8	1	0
