Observation	Correct	FP	FN
0	11	2	0
1	11	2	0
2	11	2	0
3	11	2	0
4	11	2	0
5	11	2	0
6	11	2	0
7	11	2	0
8	10	2	1
9	11	2	0
10	10	2	1
11	11	2	0
12	10	2	1
13	11	2	0
14	10	2	1
15	11	2	0
16	11	2	0
17	11	2	0
18	10	2	1
19	10	2	1
20	11	2	0
21	11	2	0
22	11	2	0
23	10	2	1
24	10	2	1
25	11	2	0
26	11	2	0
27	11	2	0
28	11	2	0
29	10	2	1
30	11	2	0
31	11	2	0
32	10	2	1
33	11	2	0
34	11	2	0
35	10	2	1
36	10	2	1
37	11	2	0
38	11	2	0
39	10	2	1
40	11	2	0
41	11	2	0
42	11	2	0
43	10	2	1
44	10	2	1
45	10	2	1
46	11	2	0
47	10	2	1
48	11	2	0
49	10	2	1
50	11	2	0
51	10	2	1
52	11	2	0
53	10	2	1
54	11	2	0
55	10	2	1
56	11	2	0
57	10	2	1
58	11	2	0
59	10	2	1
60	11	2	0
61	10	2	1
62	10	2	1
63	10	2	1
64	11	2	0
65	10	2	1
66	11	2	0
67	10	2	1
68	11	2	0
69	10	2	1
70	11	2	0
71	10	2	1
72	10	2	1
73	11	2	0
74	10	2	1
75	10	2	1
76	11	2	0
77	11	2	0
78	10	2	1
79	11	1	0
80	10	2	1
81	11	2	0
82	11	2	0
83	11	2	0
84	11	2	0
85	10	2	1
86	11	1	0
87	11	2	0
88	11	2	0
89	11	1	0
90	10	2	1
91	11	2	0
92	10	2	1
93	10	2	1
94	10	2	1
95	11	2	0
96	11	2	0
97	11	2	0
98	10	2	1
99	11	1	0
