Observation	Correct	FP	FN
0	11	1	0
1	11	1	0
2	11	1	0
3	11	1	0
4	11	1	0
5	11	1	0
6	11	1	0
7	11	1	0
8	11	1	0
9	11	1	0
10	11	1	0
11	11	1	0
12	11	1	0
13	11	1	0
14	11	1	0
15	11	1	0
16	11	1	0
17	11	1	0
18	11	1	0
19	9	1	2
20	11	2	0
21	11	1	0
22	11	1	0
23	11	1	0
24	11	1	0
25	11	1	0
26	11	1	0
27	11	1	0
28	10	1	1
29	9	1	2
30	11	1	0
31	10	1	1
32	11	1	0
33	9	1	2
34	10	1	1
35	9	1	2
36	11	1	0
37	11	2	0
38	9	1	2
39	11	1	0
40	11	2	0
41	9	1	2
42	11	2	0
43	11	1	0
44	11	1	0
45	9	1	2
46	11	1	0
47	9	1	2
48	11	2	0
49	11	1	0
50	11	2	0
51	11	2	0
52	11	1	0
53	10	1	1
54	11	1	0
55	11	1	0
56	10	1	1
57	11	2	0
58	8	1	3
59	8	1	3
60	11	2	0
61	11	1	0
62	11	1	0
63	8	1	3
64	8	1	3
65	8	1	3
66	8	1	3
67	11	2	0
68	9	1	2
69	8	1	3
70	8	1	3
71	9	1	2
72	8	1	3
73	11	1	0
74	11	2	0
75	8	1	3
76	11	1	0
77	11	2	0
78	8	1	3
79	11	1	0
80	10	1	1
81	11	2	0
82	11	1	0
83	10	1	1
84	10	1	1
85	11	2	0
86	8	1	3
87	11	1	0
88	10	1	1
89	8	1	3
90	8	1	3
91	11	2	0
92	8	1	3
93	10	1	1
94	11	2	0
95	8	1	3
96	8	1	3
97	11	2	0
98	11	1	0
99	11	2	0
