Observation	Correct	FP	FN
0	2	0	0
1	2	0	0
2	2	0	0
3	2	0	0
4	2	0	0
5	2	0	0
6	2	0	0
7	2	0	0
8	2	0	0
9	2	0	0
10	2	0	0
11	2	0	0
12	2	0	0
13	2	0	0
14	2	0	0
15	2	0	0
16	2	0	0
17	2	0	0
18	2	0	0
19	2	0	0
20	1	0	1
21	2	0	0
22	1	0	1
23	1	0	1
24	2	1	0
25	2	0	0
26	2	0	0
27	1	0	1
28	2	0	0
29	2	0	0
30	2	0	0
31	2	0	0
32	2	0	0
33	2	0	0
34	1	0	1
35	2	0	0
36	2	0	0
37	2	0	0
38	2	1	0
39	2	1	0
40	1	0	1
41	1	0	1
42	2	1	0
43	2	0	0
44	1	0	1
45	1	0	1
46	2	0	0
47	1	0	1
48	2	0	0
49	1	0	1
50	2	0	0
51	2	0	0
52	1	0	1
53	1	0	1
54	1	0	1
55	2	1	0
56	2	0	0
57	2	0	0
58	2	0	0
59	2	1	0
60	2	0	0
61	1	0	1
62	2	0	0
63	1	0	1
64	1	0	1
65	2	0	0
66	2	0	0
67	2	1	0
68	2	1	0
69	2	1	0
70	2	1	0
71	2	0	0
72	2	1	0
73	2	1	0
74	2	1	0
75	0	0	2
76	1	0	1
77	0	0	2
78	0	0	2
79	1	0	1
80	1	0	1
81	2	1	0
82	2	0	0
83	1	0	1
84	1	0	1
85	0	0	2
86	2	1	0
87	1	0	1
88	2	1	0
89	0	0	2
90	0	0	2
91	1	0	1
92	0	0	2
93	2	1	0
94	1	0	1
95	0	0	2
96	2	1	0
97	2	0	0
98	1	0	1
99	2	1	0
