Observation	Correct	FP	FN
0	9	0	0
1	9	0	0
2	9	0	0
3	9	0	0
4	9	0	0
5	9	0	0
6	8	0	1
7	9	0	0
8	8	0	1
9	9	0	0
10	9	0	0
11	8	0	1
12	9	0	0
13	8	0	1
14	9	0	0
15	8	0	1
16	9	0	0
17	9	0	0
18	9	0	0
19	9	0	0
20	8	0	1
21	8	0	1
22	9	0	0
23	9	0	0
24	9	0	0
25	8	0	1
26	9	0	0
27	8	0	1
28	8	0	1
29	8	0	1
30	9	0	0
31	8	0	1
32	9	0	0
33	9	0	0
34	8	0	1
35	7	0	2
36	9	0	0
37	9	0	0
38	8	0	1
39	8	0	1
40	9	0	0
41	8	0	1
42	9	0	0
43	8	0	1
44	9	0	0
45	9	0	0
46	8	0	1
47	8	0	1
48	7	0	2
49	8	0	1
50	9	0	0
51	9	0	0
52	9	0	0
53	9	0	0
54	7	0	2
55	8	0	1
56	9	0	0
57	9	0	0
58	7	0	2
59	9	0	0
60	8	0	1
61	8	0	1
62	8	0	1
63	7	1	2
64	8	0	1
65	8	0	1
66	9	0	0
67	7	0	2
68	9	0	0
69	9	0	0
70	6	0	3
71	9	0	0
72	9	0	0
73	9	0	0
74	7	1	2
75	9	0	0
76	9	0	0
77	8	0	1
78	9	0	0
79	9	0	0
80	9	0	0
81	6	0	3
82	9	0	0
83	9	0	0
84	6	0	3
85	6	0	3
86	9	0	0
87	8	0	1
88	6	0	3
89	6	1	3
90	6	0	3
91	9	0	0
92	6	0	3
93	9	0	0
94	8	0	1
95	9	0	0
96	6	2	3
97	9	0	0
98	5	3	4
99	5	0	4
