Observation	Correct	FP	FN
0	3	3	0
1	3	3	0
2	3	3	0
3	3	3	0
4	3	3	0
5	3	3	0
6	3	3	0
7	3	3	0
8	3	3	0
9	3	3	0
10	3	3	0
11	3	2	0
12	3	2	0
13	3	3	0
14	3	3	0
15	3	2	0
16	3	3	0
17	3	3	0
18	3	3	0
19	3	3	0
20	3	3	0
21	3	3	0
22	3	3	0
23	3	3	0
24	3	3	0
25	3	3	0
26	3	3	0
27	3	3	0
28	3	2	0
29	3	3	0
30	3	4	0
31	3	3	0
32	3	3	0
33	3	3	0
34	3	2	0
35	3	4	0
36	3	3	0
37	3	3	0
38	3	2	0
39	3	2	0
40	3	2	0
41	3	3	0
42	3	2	0
43	3	2	0
44	3	4	0
45	3	2	0
46	3	2	0
47	3	2	0
48	3	2	0
49	3	2	0
50	3	3	0
51	3	4	0
52	3	3	0
53	3	2	0
54	3	4	0
55	3	5	0
56	3	4	0
57	3	2	0
58	3	4	0
59	3	2	0
60	3	5	0
61	3	3	0
62	3	4	0
63	3	4	0
64	3	5	0
65	3	5	0
66	3	2	0
67	3	5	0
68	3	3	0
69	3	2	0
70	3	4	0
71	3	1	0
72	3	5	0
73	3	1	0
74	3	5	0
75	3	2	0
76	3	4	0
77	3	4	0
78	3	4	0
79	3	5	0
80	3	4	0
81	3	0	0
82	3	0	0
83	3	1	0
84	3	3	0
85	3	5	0
86	3	0	0
87	3	1	0
88	3	5	0
89	3	1	0
90	3	3	0
91	3	4	0
92	3	0	0
93	3	3	0
94	3	6	0
95	3	0	0
96	3	4	0
97	3	3	0
98	3	3	0
99	3	6	0
