Observation	Correct	FP	FN
0	2	0	0
1	2	0	0
2	2	0	0
3	2	0	0
4	2	0	0
5	2	0	0
6	2	0	0
7	2	0	0
8	2	0	0
9	2	0	0
10	2	0	0
11	2	0	0
12	2	0	0
13	2	0	0
14	1	0	1
15	2	0	0
16	2	0	0
17	1	0	1
18	2	0	0
19	2	0	0
20	1	0	1
21	2	0	0
22	2	0	0
23	2	0	0
24	2	0	0
25	2	0	0
26	1	0	1
27	2	0	0
28	1	0	1
29	1	0	1
30	2	0	0
31	2	1	0
32	2	1	0
33	2	0	0
34	2	0	0
35	2	1	0
36	2	0	0
37	1	0	1
38	2	1	0
39	2	1	0
40	2	1	0
41	2	1	0
42	2	1	0
43	1	0	1
44	1	0	1
45	2	1	0
46	0	0	2
47	2	1	0
48	1	0	1
49	2	1	0
50	2	2	0
51	2	0	0
52	2	1	0
53	2	0	0
54	1	0	1
55	0	0	2
56	1	0	1
57	2	1	0
58	0	0	2
59	2	1	0
60	2	1	0
61	2	2	0
62	2	1	0
63	0	0	2
64	2	1	0
65	1	0	1
66	2	2	0
67	0	0	2
68	1	0	1
69	2	0	0
70	2	1	0
71	2	1	0
72	1	0	1
73	2	1	0
74	2	3	0
75	2	2	0
76	2	1	0
77	2	1	0
78	0	0	2
79	2	1	0
80	2	1	0
81	1	0	1
82	0	0	2
83	0	0	2
84	1	1	1
85	2	2	0
86	1	0	1
87	2	0	0
88	2	4	0
89	0	0	2
90	2	4	0
91	0	0	2
92	0	0	2
93	0	0	2
94	2	1	0
95	0	0	2
96	0	0	2
97	2	2	0
98	0	0	2
99	2	0	0
