Observation	Correct	FP	FN
0	2	0	0
1	2	0	0
2	2	0	0
3	2	0	0
4	2	0	0
5	2	0	0
6	2	0	0
7	2	0	0
8	2	0	0
9	2	0	0
10	2	0	0
11	2	0	0
12	2	0	0
13	1	0	1
14	1	0	1
15	2	0	0
16	2	0	0
17	1	0	1
18	2	0	0
19	2	0	0
20	1	0	1
21	2	0	0
22	2	0	0
23	2	0	0
24	2	0	0
25	2	0	0
26	2	0	0
27	1	0	1
28	1	0	1
29	1	0	1
30	2	0	0
31	2	0	0
32	2	0	0
33	2	0	0
34	2	0	0
35	1	0	1
36	2	0	0
37	2	1	0
38	1	0	1
39	2	1	0
40	2	0	0
41	2	0	0
42	0	0	2
43	2	0	0
44	2	1	0
45	1	0	1
46	1	0	1
47	2	0	0
48	1	0	1
49	2	1	0
50	1	0	1
51	2	0	0
52	2	0	0
53	2	1	0
54	1	0	1
55	1	0	1
56	2	0	0
57	1	0	1
58	1	0	1
59	1	0	1
60	1	0	1
61	0	0	2
62	2	1	0
63	2	0	0
64	0	0	2
65	2	1	0
66	2	0	0
67	0	0	2
68	0	0	2
69	2	0	0
70	0	0	2
71	1	0	1
72	2	0	0
73	1	0	1
74	0	0	2
75	2	1	0
76	2	0	0
77	0	0	2
78	2	1	0
79	2	0	0
80	1	0	1
81	2	1	0
82	0	0	2
83	1	0	1
84	2	0	0
85	2	1	0
86	1	0	1
87	0	0	2
88	0	0	2
89	0	0	2
90	2	1	0
91	0	0	2
92	2	0	0
93	2	1	0
94	2	1	0
95	1	0	1
96	1	0	1
97	0	0	2
98	2	0	0
99	0	0	2
