Observation	Correct	FP	FN
0	12	3	0
1	12	3	0
2	12	3	0
3	12	4	0
4	12	1	0
5	12	1	0
6	12	1	0
7	12	3	0
8	12	4	0
9	12	3	0
10	12	3	0
11	12	1	0
12	12	3	0
13	12	3	0
14	12	1	0
15	12	3	0
16	12	3	0
17	12	3	0
18	12	3	0
19	12	1	0
20	12	1	0
21	12	3	0
22	12	2	0
23	12	3	0
24	12	1	0
25	12	1	0
26	12	3	0
27	12	4	0
28	12	4	0
29	12	1	0
30	12	3	0
31	12	1	0
32	12	1	0
33	12	1	0
34	12	4	0
35	12	3	0
36	12	3	0
37	12	3	0
38	12	1	0
39	12	3	0
40	12	4	0
41	12	1	0
42	12	1	0
43	12	3	0
44	12	3	0
45	12	4	0
46	12	1	0
47	12	4	0
48	12	3	0
49	12	4	0
50	12	3	0
51	12	1	0
52	12	1	0
53	12	3	0
54	12	3	0
55	12	1	0
56	12	1	0
57	12	1	0
58	12	3	0
59	12	1	0
60	12	3	0
61	12	1	0
62	12	1	0
63	12	1	0
64	12	1	0
65	12	1	0
66	12	3	0
67	12	1	0
68	12	4	0
69	12	1	0
70	12	4	0
71	12	1	0
72	12	1	0
73	12	1	0
74	12	4	0
75	12	4	0
76	12	3	0
77	12	3	0
78	12	1	0
79	12	1	0
80	12	4	0
81	12	3	0
82	12	1	0
83	12	3	0
84	12	3	0
85	12	3	0
86	12	3	0
87	12	1	0
88	12	2	0
89	12	1	0
90	12	1	0
91	12	1	0
92	12	1	0
93	12	4	0
94	12	1	0
95	12	1	0
96	12	3	0
97	12	3	0
98	12	1	0
99	12	1	0
