Observation	Correct	FP	FN
0	2	0	0
1	2	0	0
2	2	0	0
3	2	0	0
4	2	0	0
5	2	0	0
6	2	0	0
7	2	0	0
8	2	0	0
9	2	0	0
10	2	0	0
11	2	0	0
12	2	0	0
13	2	0	0
14	2	0	0
15	2	0	0
16	2	0	0
17	2	0	0
18	2	0	0
19	2	0	0
20	2	0	0
21	2	0	0
22	2	0	0
23	2	0	0
24	2	0	0
25	2	0	0
26	1	0	1
27	1	0	1
28	2	0	0
29	2	0	0
30	2	0	0
31	2	0	0
32	2	0	0
33	1	0	1
34	1	0	1
35	2	1	0
36	2	0	0
37	1	0	1
38	2	0	0
39	2	0	0
40	2	1	0
41	2	0	0
42	2	1	0
43	2	0	0
44	2	0	0
45	2	1	0
46	2	0	0
47	2	0	0
48	2	1	0
49	2	0	0
50	2	1	0
51	2	1	0
52	2	1	0
53	1	0	1
54	1	0	1
55	2	0	0
56	1	0	1
57	2	1	0
58	1	0	1
59	2	1	0
60	2	0	0
61	2	1	0
62	1	0	1
63	1	0	1
64	2	1	0
65	1	0	1
66	0	0	2
67	0	0	2
68	2	1	0
69	0	0	2
70	1	0	1
71	1	0	1
72	2	1	0
73	1	0	1
74	2	1	0
75	2	1	0
76	0	0	2
77	0	0	2
78	0	0	2
79	1	0	1
80	2	0	0
81	2	0	0
82	0	0	2
83	2	0	0
84	2	1	0
85	2	0	0
86	2	0	0
87	1	0	1
88	2	1	0
89	0	0	2
90	2	1	0
91	0	0	2
92	2	1	0
93	2	1	0
94	1	0	1
95	0	0	2
96	0	0	2
97	2	1	0
98	1	0	1
99	2	1	0
