Observation	Correct	FP	FN
0	3	1	0
1	3	1	0
2	3	2	0
3	3	0	0
4	3	1	0
5	3	1	0
6	3	2	0
7	3	2	0
8	3	0	0
9	3	0	0
10	3	0	0
11	3	0	0
12	3	0	0
13	3	2	0
14	2	0	1
15	3	2	0
16	3	1	0
17	3	1	0
18	3	0	0
19	3	1	0
20	3	1	0
21	3	1	0
22	2	0	1
23	2	0	1
24	3	0	0
25	3	3	0
26	2	1	1
27	3	2	0
28	3	1	0
29	3	2	0
30	1	0	2
31	1	0	2
32	3	4	0
33	1	0	2
34	3	2	0
35	2	0	1
36	3	2	0
37	1	0	2
38	3	2	0
39	2	1	1
40	3	2	0
41	3	1	0
42	3	2	0
43	1	0	2
44	3	0	0
45	3	3	0
46	1	0	2
47	3	0	0
48	3	4	0
49	2	0	1
50	3	0	0
51	2	1	1
52	3	4	0
53	1	0	2
54	3	4	0
55	2	0	1
56	3	0	0
57	3	3	0
58	3	2	0
59	3	3	0
60	1	0	2
61	2	1	1
62	2	1	1
63	1	0	2
64	2	0	1
65	3	2	0
66	3	4	0
67	3	3	0
68	3	4	0
69	3	4	0
70	2	1	1
71	1	0	2
72	3	3	0
73	1	0	2
74	3	2	0
75	2	0	1
76	3	3	0
77	3	4	0
78	1	0	2
79	3	4	0
80	2	2	1
81	2	2	1
82	2	0	1
83	0	0	3
84	1	0	2
85	3	4	0
86	2	1	1
87	2	2	1
88	3	4	0
89	3	1	0
90	3	4	0
91	2	1	1
92	0	0	3
93	3	3	0
94	3	3	0
95	3	4	0
96	2	2	1
97	1	0	2
98	3	4	0
99	2	1	1
