Observation	Correct	FP	FN
0	12	1	0
1	12	1	0
2	12	1	0
3	12	1	0
4	12	1	0
5	12	1	0
6	11	1	1
7	11	1	1
8	11	1	1
9	12	1	0
10	12	1	0
11	12	1	0
12	12	1	0
13	12	1	0
14	12	1	0
15	12	1	0
16	12	1	0
17	12	1	0
18	12	1	0
19	11	1	1
20	11	1	1
21	12	1	0
22	11	1	1
23	12	1	0
24	12	1	0
25	11	1	1
26	12	1	0
27	12	1	0
28	12	1	0
29	12	1	0
30	12	1	0
31	10	1	2
32	11	1	1
33	12	1	0
34	11	1	1
35	12	1	0
36	11	1	1
37	12	1	0
38	11	1	1
39	11	1	1
40	12	1	0
41	11	1	1
42	10	1	2
43	11	1	1
44	12	2	0
45	12	2	0
46	12	1	0
47	12	1	0
48	12	2	0
49	12	1	0
50	12	2	0
51	12	1	0
52	10	1	2
53	11	1	1
54	12	1	0
55	12	1	0
56	12	2	0
57	11	1	1
58	12	1	0
59	10	1	2
60	11	1	1
61	12	1	0
62	12	1	0
63	11	1	1
64	10	1	2
65	11	1	1
66	10	1	2
67	10	1	2
68	10	1	2
69	10	1	2
70	12	1	0
71	10	1	2
72	12	1	0
73	12	1	0
74	11	1	1
75	12	2	0
76	12	1	0
77	12	2	0
78	10	1	2
79	12	2	0
80	12	2	0
81	10	1	2
82	12	1	0
83	10	1	2
84	12	2	0
85	12	2	0
86	10	1	2
87	10	1	2
88	10	1	2
89	12	2	0
90	12	2	0
91	10	1	2
92	11	1	1
93	12	2	0
94	12	2	0
95	12	2	0
96	12	2	0
97	10	1	2
98	10	1	2
99	10	1	2
