Observation	Correct	FP	FN
0	5	2	0
1	5	0	0
2	5	2	0
3	5	0	0
4	5	0	0
5	5	0	0
6	5	2	0
7	5	0	0
8	5	0	0
9	5	0	0
10	5	2	0
11	5	2	0
12	5	2	0
13	5	2	0
14	5	2	0
15	5	0	0
16	5	2	0
17	5	0	0
18	5	2	0
19	5	2	0
20	5	2	0
21	5	0	0
22	5	1	0
23	5	2	0
24	5	2	0
25	5	2	0
26	5	2	0
27	5	0	0
28	5	2	0
29	5	0	0
30	5	1	0
31	5	0	0
32	5	2	0
33	5	2	0
34	5	2	0
35	5	2	0
36	5	1	0
37	5	1	0
38	5	2	0
39	5	2	0
40	5	2	0
41	5	2	0
42	5	0	0
43	5	2	0
44	5	0	0
45	5	2	0
46	5	2	0
47	5	0	0
48	5	2	0
49	5	1	0
50	5	2	0
51	5	1	0
52	5	3	0
53	5	2	0
54	5	3	0
55	5	0	0
56	5	2	0
57	5	3	0
58	5	2	0
59	5	2	0
60	5	2	0
61	5	2	0
62	5	1	0
63	5	2	0
64	5	3	0
65	5	2	0
66	5	2	0
67	5	0	0
68	5	2	0
69	5	2	0
70	5	0	0
71	5	2	0
72	5	2	0
73	5	4	0
74	5	2	0
75	5	2	0
76	5	3	0
77	5	2	0
78	4	2	1
79	4	2	1
80	5	2	0
81	5	3	0
82	5	4	0
83	5	4	0
84	5	4	0
85	5	0	0
86	5	4	0
87	5	4	0
88	3	2	2
89	5	1	0
90	5	2	0
91	3	2	2
92	5	1	0
93	5	0	0
94	4	3	1
95	5	0	0
96	4	2	1
97	5	1	0
98	5	0	0
99	5	4	0
