Observation	Correct	FP	FN
0	2	0	0
1	2	0	0
2	2	0	0
3	2	0	0
4	2	0	0
5	2	0	0
6	2	0	0
7	2	0	0
8	2	0	0
9	2	0	0
10	2	0	0
11	2	0	0
12	2	0	0
13	2	0	0
14	2	0	0
15	2	0	0
16	2	0	0
17	2	0	0
18	2	0	0
19	2	0	0
20	1	0	1
21	2	1	0
22	2	0	0
23	2	0	0
24	2	1	0
25	2	1	0
26	2	0	0
27	1	0	1
28	2	0	0
29	2	1	0
30	2	0	0
31	2	0	0
32	1	0	1
33	2	0	0
34	2	0	0
35	1	0	1
36	1	0	1
37	1	0	1
38	1	0	1
39	2	0	0
40	2	0	0
41	2	0	0
42	2	1	0
43	1	0	1
44	1	0	1
45	1	0	1
46	2	1	0
47	2	0	0
48	1	0	1
49	2	0	0
50	1	0	1
51	1	0	1
52	2	1	0
53	1	0	1
54	2	1	0
55	2	0	0
56	2	0	0
57	2	0	0
58	1	0	1
59	1	0	1
60	2	0	0
61	2	0	0
62	2	0	0
63	2	0	0
64	0	0	2
65	2	0	0
66	1	0	1
67	1	0	1
68	2	1	0
69	2	0	0
70	2	1	0
71	2	1	0
72	0	0	2
73	2	1	0
74	2	0	0
75	0	0	2
76	2	1	0
77	2	1	0
78	2	0	0
79	2	1	0
80	2	1	0
81	2	0	0
82	0	0	2
83	2	1	0
84	1	0	1
85	1	0	1
86	1	0	1
87	0	0	2
88	2	1	0
89	2	1	0
90	0	0	2
91	2	1	0
92	2	1	0
93	2	1	0
94	2	0	0
95	2	1	0
96	0	0	2
97	2	1	0
98	2	0	0
99	0	0	2
