Observation	Correct	FP	FN
0	2	0	0
1	2	0	0
2	2	0	0
3	2	0	0
4	2	0	0
5	2	0	0
6	2	0	0
7	2	0	0
8	2	0	0
9	2	0	0
10	2	0	0
11	2	0	0
12	2	0	0
13	2	0	0
14	2	0	0
15	1	0	1
16	2	0	0
17	2	0	0
18	2	0	0
19	2	0	0
20	1	0	1
21	2	0	0
22	2	0	0
23	2	0	0
24	2	0	0
25	2	0	0
26	1	0	1
27	2	1	0
28	2	1	0
29	1	0	1
30	2	0	0
31	2	1	0
32	2	0	0
33	2	1	0
34	2	0	0
35	1	0	1
36	2	0	0
37	2	1	0
38	2	1	0
39	2	0	0
40	1	0	1
41	2	1	0
42	2	0	0
43	2	0	0
44	1	0	1
45	1	0	1
46	2	0	0
47	2	0	0
48	2	1	0
49	1	0	1
50	2	0	0
51	1	0	1
52	2	1	0
53	2	0	0
54	2	1	0
55	2	0	0
56	2	0	0
57	2	1	0
58	1	0	1
59	1	0	1
60	1	0	1
61	2	0	0
62	2	0	0
63	1	0	1
64	1	0	1
65	2	1	0
66	2	1	0
67	2	0	0
68	1	0	1
69	2	1	0
70	2	1	0
71	2	1	0
72	2	1	0
73	2	1	0
74	2	1	0
75	2	1	0
76	2	0	0
77	2	1	0
78	1	0	1
79	0	0	2
80	2	1	0
81	2	0	0
82	1	0	1
83	2	0	0
84	2	1	0
85	2	0	0
86	2	1	0
87	0	0	2
88	2	0	0
89	1	0	1
90	2	1	0
91	2	1	0
92	2	1	0
93	2	0	0
94	2	1	0
95	2	0	0
96	0	0	2
97	0	0	2
98	0	0	2
99	0	0	2
