Observation	Correct	FP	FN
0	14	5	0
1	14	4	0
2	14	7	0
3	14	6	0
4	14	5	0
5	14	5	0
6	14	6	0
7	14	5	0
8	14	7	0
9	14	5	0
10	14	6	0
11	14	4	0
12	14	7	0
13	14	5	0
14	14	6	0
15	14	6	0
16	14	7	0
17	14	5	0
18	14	5	0
19	14	6	0
20	14	5	0
21	14	4	0
22	14	7	0
23	14	4	0
24	14	5	0
25	14	5	0
26	14	5	0
27	14	6	0
28	14	7	0
29	14	6	0
30	14	6	0
31	14	7	0
32	14	5	0
33	14	6	0
34	14	5	0
35	14	7	0
36	14	6	0
37	14	7	0
38	14	5	0
39	14	4	0
40	14	4	0
41	14	5	0
42	14	5	0
43	14	5	0
44	14	4	0
45	14	7	0
46	14	5	0
47	14	4	0
48	14	6	0
49	14	5	0
50	14	4	0
51	14	4	0
52	14	5	0
53	14	5	0
54	14	5	0
55	14	4	0
56	14	5	0
57	14	6	0
58	14	7	0
59	14	7	0
60	14	5	0
61	14	4	0
62	14	5	0
63	14	5	0
64	14	6	0
65	14	5	0
66	14	4	0
67	14	7	0
68	14	5	0
69	14	4	0
70	14	4	0
71	14	6	0
72	14	6	0
73	14	5	0
74	14	7	0
75	14	5	0
76	14	5	0
77	14	6	0
78	14	5	0
79	14	7	0
80	14	6	0
81	14	5	0
82	14	5	0
83	14	4	0
84	14	7	0
85	14	5	0
86	14	7	0
87	14	7	0
88	14	5	0
89	14	4	0
90	14	7	0
91	14	7	0
92	14	6	0
93	14	4	0
94	14	5	0
95	14	5	0
96	14	4	0
97	14	5	0
98	14	7	0
99	14	7	0
