Observation	Correct	FP	FN
0	2	0	0
1	2	0	0
2	2	0	0
3	2	0	0
4	2	0	0
5	2	0	0
6	2	0	0
7	2	0	0
8	2	0	0
9	2	0	0
10	1	0	1
11	2	0	0
12	2	0	0
13	2	0	0
14	2	0	0
15	2	0	0
16	2	0	0
17	2	0	0
18	1	0	1
19	1	0	1
20	2	0	0
21	1	0	1
22	1	0	1
23	2	0	0
24	2	0	0
25	2	0	0
26	2	0	0
27	2	0	0
28	2	0	0
29	2	0	0
30	2	0	0
31	1	0	1
32	1	0	1
33	2	0	0
34	2	0	0
35	1	0	1
36	2	0	0
37	2	0	0
38	1	0	1
39	1	0	1
40	1	0	1
41	0	0	2
42	0	0	2
43	2	1	0
44	0	0	2
45	1	0	1
46	2	0	0
47	2	0	0
48	2	0	0
49	0	0	2
50	2	0	0
51	2	1	0
52	1	0	1
53	2	1	0
54	2	1	0
55	0	0	2
56	2	0	0
57	2	0	0
58	2	1	0
59	2	0	0
60	0	0	2
61	2	1	0
62	1	0	1
63	1	0	1
64	2	1	0
65	2	0	0
66	2	1	0
67	2	1	0
68	2	0	0
69	2	0	0
70	2	1	0
71	0	0	2
72	2	1	0
73	2	1	0
74	1	0	1
75	2	1	0
76	2	1	0
77	2	0	0
78	1	0	1
79	2	0	0
80	2	0	0
81	2	1	0
82	1	0	1
83	2	1	0
84	0	0	2
85	0	0	2
86	2	0	0
87	0	0	2
88	2	1	0
89	0	0	2
90	2	1	0
91	0	0	2
92	1	0	1
93	1	0	1
94	2	2	0
95	2	1	0
96	0	0	2
97	2	1	0
98	1	0	1
99	2	3	0
