Observation	Correct	FP	FN
0	7	3	0
1	7	3	0
2	7	2	0
3	7	2	0
4	7	2	0
5	7	3	0
6	7	3	0
7	7	3	0
8	7	3	0
9	7	3	0
10	7	1	0
11	7	2	0
12	7	3	0
13	7	3	0
14	7	2	0
15	7	2	0
16	7	3	0
17	7	3	0
18	7	2	0
19	7	3	0
20	7	3	0
21	7	3	0
22	7	3	0
23	7	3	0
24	7	2	0
25	7	3	0
26	7	2	0
27	7	3	0
28	7	3	0
29	7	3	0
30	7	2	0
31	7	3	0
32	7	2	0
33	7	3	0
34	7	3	0
35	7	3	0
36	7	3	0
37	7	1	0
38	7	2	0
39	7	2	0
40	7	2	0
41	7	3	0
42	7	3	0
43	7	3	0
44	7	1	0
45	7	1	0
46	7	3	0
47	7	2	0
48	7	3	0
49	7	1	0
50	7	3	0
51	7	1	0
52	7	2	0
53	7	2	0
54	7	3	0
55	7	2	0
56	7	2	0
57	7	3	0
58	7	1	0
59	7	2	0
60	7	3	0
61	7	2	0
62	7	3	0
63	7	3	0
64	7	2	0
65	7	2	0
66	7	3	0
67	7	3	0
68	7	2	0
69	7	2	0
70	7	3	0
71	7	0	0
72	7	0	0
73	7	3	0
74	7	2	0
75	7	1	0
76	7	3	0
77	7	4	0
78	7	3	0
79	7	4	0
80	7	2	0
81	7	2	0
82	7	0	0
83	7	3	0
84	7	1	0
85	7	0	0
86	7	4	0
87	7	3	0
88	7	3	0
89	7	4	0
90	7	4	0
91	7	2	0
92	7	0	0
93	7	0	0
94	7	0	0
95	7	2	0
96	7	1	0
97	7	0	0
98	7	0	0
99	7	2	0
