Observation	Correct	FP	FN
0	2	0	0
1	2	0	0
2	2	0	0
3	2	0	0
4	2	0	0
5	2	0	0
6	1	0	1
7	2	0	0
8	2	0	0
9	2	0	0
10	2	0	0
11	2	0	0
12	2	0	0
13	2	0	0
14	2	0	0
15	2	0	0
16	2	0	0
17	2	0	0
18	2	0	0
19	1	0	1
20	2	0	0
21	2	0	0
22	2	0	0
23	2	0	0
24	1	0	1
25	2	0	0
26	2	0	0
27	2	0	0
28	1	0	1
29	1	0	1
30	2	0	0
31	1	0	1
32	1	0	1
33	2	0	0
34	2	0	0
35	1	0	1
36	1	0	1
37	2	0	0
38	2	0	0
39	1	0	1
40	1	0	1
41	2	0	0
42	2	0	0
43	1	0	1
44	2	1	0
45	2	1	0
46	1	0	1
47	0	0	2
48	2	1	0
49	2	0	0
50	1	0	1
51	2	0	0
52	1	0	1
53	2	1	0
54	0	0	2
55	2	0	0
56	2	1	0
57	2	1	0
58	2	1	0
59	0	0	2
60	2	0	0
61	2	0	0
62	0	0	2
63	2	0	0
64	2	0	0
65	0	0	2
66	2	1	0
67	1	0	1
68	2	1	0
69	1	0	1
70	1	0	1
71	2	0	0
72	2	0	0
73	2	0	0
74	0	0	2
75	0	0	2
76	0	0	2
77	2	1	0
78	2	1	0
79	0	0	2
80	1	0	1
81	0	0	2
82	0	0	2
83	2	1	0
84	1	0	1
85	2	1	0
86	2	1	0
87	2	1	0
88	2	1	0
89	2	1	0
90	0	0	2
91	2	0	0
92	0	0	2
93	2	1	0
94	0	0	2
95	2	1	0
96	0	0	2
97	2	1	0
98	2	1	0
99	0	0	2
