Observation	Correct	FP	FN
0	2	1	0
1	2	1	0
2	2	2	0
3	2	1	0
4	2	1	0
5	2	1	0
6	1	0	1
7	2	2	0
8	2	1	0
9	2	1	0
10	2	2	0
11	2	2	0
12	2	2	0
13	1	0	1
14	2	2	0
15	2	2	0
16	2	2	0
17	2	2	0
18	2	0	0
19	1	0	1
20	1	0	1
21	2	2	0
22	2	2	0
23	2	0	0
24	1	0	1
25	2	2	0
26	2	0	0
27	2	0	0
28	2	0	0
29	2	2	0
30	1	0	1
31	1	0	1
32	2	3	0
33	2	0	0
34	1	0	1
35	2	2	0
36	2	2	0
37	2	1	0
38	2	1	0
39	2	2	0
40	1	0	1
41	2	2	0
42	1	0	1
43	1	0	1
44	0	0	2
45	2	4	0
46	1	1	1
47	2	0	0
48	1	0	1
49	0	0	2
50	0	0	2
51	2	3	0
52	1	0	1
53	2	4	0
54	1	0	1
55	2	2	0
56	2	2	0
57	2	2	0
58	1	2	1
59	2	0	0
60	2	2	0
61	0	0	2
62	2	3	0
63	2	4	0
64	2	0	0
65	2	3	0
66	2	2	0
67	1	2	1
68	2	2	0
69	2	0	0
70	2	3	0
71	0	0	2
72	0	0	2
73	2	4	0
74	1	0	1
75	2	0	0
76	1	2	1
77	0	0	2
78	2	2	0
79	2	3	0
80	0	0	2
81	0	0	2
82	2	0	0
83	2	2	0
84	2	4	0
85	2	3	0
86	2	4	0
87	0	0	2
88	0	0	2
89	0	0	2
90	2	2	0
91	0	0	2
92	0	0	2
93	0	0	2
94	2	4	0
95	1	2	1
96	1	0	1
97	2	0	0
98	0	0	2
99	0	0	2
