Observation	Correct	FP	FN
0	7	1	0
1	7	1	0
2	7	1	0
3	7	1	0
4	7	1	0
5	7	0	0
6	7	1	0
7	7	0	0
8	7	1	0
9	7	1	0
10	7	0	0
11	7	1	0
12	7	1	0
13	7	1	0
14	7	1	0
15	7	1	0
16	7	1	0
17	7	0	0
18	7	0	0
19	7	0	0
20	7	1	0
21	7	0	0
22	7	1	0
23	7	0	0
24	7	1	0
25	7	1	0
26	7	1	0
27	7	0	0
28	7	0	0
29	7	1	0
30	6	1	1
31	7	0	0
32	7	0	0
33	7	1	0
34	7	1	0
35	7	0	0
36	7	1	0
37	7	0	0
38	7	1	0
39	7	0	0
40	7	1	0
41	7	0	0
42	7	1	0
43	7	0	0
44	7	1	0
45	5	1	2
46	7	1	0
47	7	0	0
48	7	0	0
49	7	1	0
50	7	0	0
51	7	0	0
52	7	1	0
53	7	0	0
54	6	1	1
55	7	0	0
56	7	0	0
57	7	0	0
58	7	1	0
59	5	1	2
60	6	0	1
61	7	0	0
62	6	0	1
63	5	1	2
64	5	1	2
65	5	1	2
66	7	0	0
67	7	0	0
68	5	1	2
69	7	1	0
70	7	0	0
71	7	0	0
72	7	0	0
73	5	1	2
74	7	0	0
75	7	0	0
76	7	1	0
77	5	2	2
78	7	0	0
79	7	1	0
80	7	0	0
81	7	0	0
82	7	0	0
83	5	1	2
84	7	0	0
85	7	0	0
86	7	0	0
87	7	0	0
88	5	1	2
89	5	1	2
90	7	0	0
91	7	0	0
92	7	0	0
93	7	0	0
94	7	0	0
95	5	0	2
96	7	0	0
97	5	2	2
98	5	2	2
99	7	1	0
