Observation	Correct	FP	FN
0	9	1	0
1	9	0	0
2	9	0	0
3	9	0	0
4	9	0	0
5	8	1	1
6	9	1	0
7	9	0	0
8	8	1	1
9	9	1	0
10	8	1	1
11	9	0	0
12	8	0	1
13	9	1	0
14	9	1	0
15	9	1	0
16	9	1	0
17	8	1	1
18	9	0	0
19	9	1	0
20	9	1	0
21	9	0	0
22	9	1	0
23	9	0	0
24	9	0	0
25	9	1	0
26	9	1	0
27	9	0	0
28	8	1	1
29	9	0	0
30	9	0	0
31	9	1	0
32	9	1	0
33	9	1	0
34	9	1	0
35	8	1	1
36	9	1	0
37	9	1	0
38	9	0	0
39	9	1	0
40	9	0	0
41	9	1	0
42	9	0	0
43	9	1	0
44	9	1	0
45	9	0	0
46	9	1	0
47	9	1	0
48	9	1	0
49	9	1	0
50	9	0	0
51	9	1	0
52	8	0	1
53	8	1	1
54	8	1	1
55	9	0	0
56	9	1	0
57	9	1	0
58	9	1	0
59	9	0	0
60	9	1	0
61	9	0	0
62	8	1	1
63	9	0	0
64	9	0	0
65	8	1	1
66	9	1	0
67	9	0	0
68	9	0	0
69	9	1	0
70	9	0	0
71	9	1	0
72	9	1	0
73	9	0	0
74	9	0	0
75	9	0	0
76	9	1	0
77	9	1	0
78	9	1	0
79	9	1	0
80	9	0	0
81	9	1	0
82	9	1	0
83	9	1	0
84	8	1	1
85	8	1	1
86	9	0	0
87	9	1	0
88	9	0	0
89	9	0	0
90	9	0	0
91	8	1	1
92	9	0	0
93	9	0	0
94	9	0	0
95	9	1	0
96	9	1	0
97	9	0	0
98	8	1	1
99	8	1	1
