Observation	Correct	FP	FN
0	6	0	0
1	6	0	0
2	6	0	0
3	6	0	0
4	6	0	0
5	6	0	0
6	6	0	0
7	6	0	0
8	6	0	0
9	6	0	0
10	5	0	1
11	6	0	0
12	6	0	0
13	6	0	0
14	6	0	0
15	5	0	1
16	6	1	0
17	5	0	1
18	6	1	0
19	6	1	0
20	6	1	0
21	6	1	0
22	5	0	1
23	6	1	0
24	6	2	0
25	6	2	0
26	6	1	0
27	5	0	1
28	5	0	1
29	6	0	0
30	6	2	0
31	5	0	1
32	6	1	0
33	5	0	1
34	6	2	0
35	6	1	0
36	6	1	0
37	6	2	0
38	6	2	0
39	6	1	0
40	6	0	0
41	6	1	0
42	6	0	0
43	5	0	1
44	5	0	1
45	6	0	0
46	6	2	0
47	5	0	1
48	5	0	1
49	6	1	0
50	6	2	0
51	6	2	0
52	6	0	0
53	6	1	0
54	6	0	0
55	5	0	1
56	6	1	0
57	6	0	0
58	6	0	0
59	5	0	1
60	6	0	0
61	6	1	0
62	6	2	0
63	6	0	0
64	6	2	0
65	5	0	1
66	6	2	0
67	5	0	1
68	5	0	1
69	6	2	0
70	6	2	0
71	5	0	1
72	5	0	1
73	6	1	0
74	5	0	1
75	6	1	0
76	6	3	0
77	5	0	1
78	5	0	1
79	6	0	0
80	6	3	0
81	5	0	1
82	5	0	1
83	5	0	1
84	5	0	1
85	5	0	1
86	6	3	0
87	5	0	1
88	6	1	0
89	5	0	1
90	5	0	1
91	5	0	1
92	6	0	0
93	5	0	1
94	5	0	1
95	6	2	0
96	6	2	0
97	6	2	0
98	6	2	0
99	6	3	0
