Observation	Correct	FP	FN
0	2	0	0
1	2	0	0
2	2	0	0
3	2	0	0
4	2	0	0
5	2	0	0
6	2	0	0
7	2	0	0
8	2	0	0
9	2	0	0
10	2	0	0
11	2	0	0
12	2	0	0
13	2	0	0
14	2	0	0
15	1	0	1
16	1	0	1
17	2	0	0
18	2	0	0
19	1	0	1
20	2	0	0
21	2	0	0
22	1	0	1
23	2	0	0
24	1	0	1
25	2	0	0
26	1	0	1
27	2	0	0
28	1	0	1
29	2	0	0
30	1	0	1
31	2	0	0
32	1	0	1
33	2	1	0
34	2	0	0
35	1	0	1
36	2	0	0
37	2	0	0
38	1	0	1
39	2	1	0
40	2	0	0
41	1	0	1
42	1	0	1
43	2	1	0
44	1	0	1
45	2	1	0
46	2	1	0
47	1	0	1
48	2	2	0
49	2	0	0
50	0	0	2
51	2	1	0
52	0	0	2
53	1	0	1
54	2	3	0
55	1	0	1
56	2	1	0
57	2	0	0
58	1	0	1
59	2	3	0
60	1	0	1
61	1	0	1
62	1	0	1
63	2	3	0
64	2	0	0
65	2	1	0
66	2	1	0
67	2	3	0
68	2	1	0
69	2	0	0
70	1	0	1
71	2	1	0
72	2	0	0
73	0	0	2
74	0	0	2
75	2	0	0
76	0	0	2
77	2	3	0
78	2	5	0
79	0	0	2
80	0	0	2
81	2	0	0
82	1	0	1
83	2	5	0
84	0	0	2
85	0	0	2
86	0	0	2
87	0	0	2
88	2	0	0
89	0	0	2
90	2	5	0
91	0	0	2
92	2	5	0
93	1	0	1
94	0	0	2
95	2	1	0
96	2	0	0
97	2	4	0
98	0	0	2
99	0	0	2
