Observation	Correct	FP	FN
0	3	7	0
1	3	6	0
2	3	6	0
3	3	7	0
4	3	6	0
5	3	7	0
6	3	6	0
7	3	6	0
8	3	7	0
9	3	6	0
10	3	5	0
11	3	7	0
12	3	7	0
13	3	6	0
14	3	7	0
15	3	7	0
16	3	6	0
17	3	5	0
18	3	7	0
19	3	5	0
20	3	7	0
21	3	7	0
22	3	6	0
23	3	7	0
24	3	7	0
25	3	6	0
26	3	7	0
27	3	6	0
28	3	7	0
29	3	7	0
30	3	7	0
31	3	7	0
32	3	7	0
33	3	6	0
34	3	5	0
35	3	5	0
36	3	6	0
37	3	7	0
38	3	7	0
39	3	6	0
40	3	6	0
41	3	7	0
42	3	7	0
43	3	4	0
44	3	5	0
45	3	7	0
46	3	6	0
47	3	7	0
48	3	4	0
49	3	7	0
50	3	6	0
51	3	6	0
52	3	6	0
53	3	4	0
54	3	4	0
55	3	6	0
56	3	6	0
57	3	7	0
58	3	7	0
59	3	6	0
60	3	7	0
61	3	6	0
62	3	4	0
63	3	4	0
64	3	6	0
65	3	5	0
66	3	6	0
67	3	6	0
68	3	6	0
69	3	6	0
70	3	7	0
71	3	6	0
72	3	4	0
73	3	7	0
74	3	7	0
75	3	6	0
76	3	6	0
77	3	5	0
78	3	7	0
79	3	7	0
80	3	6	0
81	3	6	0
82	3	6	0
83	3	3	0
84	3	6	0
85	3	7	0
86	3	7	0
87	3	6	0
88	3	6	0
89	3	2	0
90	3	7	0
91	3	7	0
92	3	7	0
93	3	8	0
94	3	6	0
95	3	3	0
96	3	5	0
97	3	7	0
98	3	4	0
99	3	2	0
