Observation	Correct	FP	FN
0	17	5	0
1	17	4	0
2	17	5	0
3	17	5	0
4	17	5	0
5	17	5	0
6	17	5	0
7	17	5	0
8	17	5	0
9	17	5	0
10	17	5	0
11	17	4	0
12	17	5	0
13	17	5	0
14	17	5	0
15	17	5	0
16	17	5	0
17	17	5	0
18	17	5	0
19	17	5	0
20	17	5	0
21	17	5	0
22	17	5	0
23	17	5	0
24	17	5	0
25	17	5	0
26	17	5	0
27	17	5	0
28	17	5	0
29	17	5	0
30	17	4	0
31	17	4	0
32	17	5	0
33	17	5	0
34	17	5	0
35	17	5	0
36	17	5	0
37	17	5	0
38	17	5	0
39	17	5	0
40	17	4	0
41	17	5	0
42	17	4	0
43	17	5	0
44	17	5	0
45	17	5	0
46	17	5	0
47	17	5	0
48	17	5	0
49	17	5	0
50	17	5	0
51	17	4	0
52	17	5	0
53	17	5	0
54	17	5	0
55	17	5	0
56	17	5	0
57	17	5	0
58	17	5	0
59	17	5	0
60	17	5	0
61	17	5	0
62	17	5	0
63	17	5	0
64	17	5	0
65	17	5	0
66	17	5	0
67	17	5	0
68	17	5	0
69	17	5	0
70	17	5	0
71	17	5	0
72	17	5	0
73	17	5	0
74	17	5	0
75	17	5	0
76	17	4	0
77	17	5	0
78	17	5	0
79	17	5	0
80	17	4	0
81	17	5	0
82	17	4	0
83	17	5	0
84	17	5	0
85	17	5	0
86	17	5	0
87	17	5	0
88	17	5	0
89	17	5	0
90	17	5	0
91	17	5	0
92	17	5	0
93	17	5	0
94	17	5	0
95	17	4	0
96	17	5	0
97	17	5	0
98	17	5	0
99	17	5	0
