Observation	Correct	FP	FN
0	3	1	0
1	3	1	0
2	3	1	0
3	3	0	0
4	3	1	0
5	3	1	0
6	3	1	0
7	3	1	0
8	3	1	0
9	3	1	0
10	3	1	0
11	3	0	0
12	3	1	0
13	3	0	0
14	3	0	0
15	3	1	0
16	3	1	0
17	3	0	0
18	3	2	0
19	2	0	1
20	3	0	0
21	3	2	0
22	2	1	1
23	3	1	0
24	3	0	0
25	1	0	2
26	2	1	1
27	3	3	0
28	3	0	0
29	3	2	0
30	2	0	1
31	3	2	0
32	3	2	0
33	3	1	0
34	2	0	1
35	3	3	0
36	2	0	1
37	2	0	1
38	3	2	0
39	2	0	1
40	2	0	1
41	3	1	0
42	3	0	0
43	3	2	0
44	3	3	0
45	3	2	0
46	3	3	0
47	2	0	1
48	3	0	0
49	1	0	2
50	3	2	0
51	2	0	1
52	3	2	0
53	1	0	2
54	3	2	0
55	3	1	0
56	2	1	1
57	3	3	0
58	3	2	0
59	3	3	0
60	3	2	0
61	3	2	0
62	1	0	2
63	1	0	2
64	1	0	2
65	1	0	2
66	1	1	2
67	3	2	0
68	2	0	1
69	0	0	3
70	2	1	1
71	3	3	0
72	3	2	0
73	2	1	1
74	3	1	0
75	2	0	1
76	1	0	2
77	2	0	1
78	3	1	0
79	3	2	0
80	0	0	3
81	2	1	1
82	1	0	2
83	1	0	2
84	2	0	1
85	3	2	0
86	3	3	0
87	3	2	0
88	0	1	3
89	3	3	0
90	0	0	3
91	0	0	3
92	1	0	2
93	2	1	1
94	1	0	2
95	3	1	0
96	0	0	3
97	0	0	3
98	0	0	3
99	0	0	3
