Observation	Correct	FP	FN
0	8	0	0
1	8	0	0
2	8	0	0
3	8	0	0
4	8	0	0
5	8	0	0
6	8	0	0
7	8	0	0
8	8	0	0
9	8	1	0
10	8	1	0
11	8	0	0
12	8	0	0
13	8	0	0
14	8	0	0
15	8	0	0
16	8	1	0
17	8	1	0
18	8	0	0
19	8	1	0
20	8	0	0
21	8	0	0
22	8	0	0
23	8	0	0
24	8	0	0
25	8	1	0
26	8	0	0
27	8	0	0
28	8	1	0
29	8	0	0
30	8	0	0
31	8	0	0
32	8	0	0
33	8	0	0
34	8	1	0
35	7	0	1
36	8	0	0
37	8	1	0
38	8	1	0
39	8	0	0
40	8	0	0
41	8	0	0
42	8	1	0
43	8	0	0
44	8	1	0
45	8	0	0
46	8	0	0
47	8	1	0
48	6	0	2
49	8	0	0
50	8	0	0
51	8	1	0
52	6	0	2
53	6	0	2
54	6	0	2
55	8	0	0
56	7	0	1
57	6	0	2
58	8	0	0
59	8	1	0
60	8	0	0
61	8	1	0
62	8	0	0
63	8	0	0
64	8	1	0
65	6	1	2
66	8	1	0
67	8	1	0
68	8	1	0
69	7	0	1
70	6	1	2
71	8	1	0
72	5	0	3
73	8	1	0
74	8	1	0
75	5	0	3
76	8	0	0
77	8	0	0
78	7	0	1
79	8	0	0
80	8	1	0
81	8	0	0
82	8	1	0
83	6	0	2
84	8	1	0
85	6	0	2
86	8	1	0
87	8	1	0
88	5	0	3
89	8	1	0
90	7	0	1
91	8	1	0
92	8	0	0
93	5	0	3
94	5	0	3
95	7	0	1
96	8	0	0
97	8	0	0
98	8	1	0
99	8	1	0
