Observation	Correct	FP	FN
0	2	0	0
1	2	0	0
2	2	0	0
3	2	0	0
4	2	0	0
5	2	0	0
6	2	0	0
7	2	0	0
8	2	0	0
9	2	0	0
10	2	0	0
11	2	0	0
12	2	0	0
13	2	0	0
14	2	0	0
15	2	0	0
16	2	0	0
17	2	0	0
18	2	0	0
19	2	0	0
20	1	0	1
21	2	0	0
22	2	0	0
23	2	0	0
24	2	1	0
25	2	0	0
26	1	0	1
27	2	0	0
28	2	0	0
29	2	1	0
30	2	1	0
31	2	0	0
32	2	0	0
33	2	0	0
34	2	0	0
35	1	0	1
36	2	0	0
37	2	0	0
38	2	0	0
39	2	0	0
40	1	0	1
41	2	0	0
42	1	0	1
43	2	0	0
44	1	0	1
45	2	1	0
46	2	0	0
47	2	0	0
48	2	1	0
49	2	1	0
50	1	0	1
51	2	1	0
52	2	0	0
53	1	0	1
54	1	0	1
55	2	0	0
56	2	1	0
57	2	0	0
58	1	0	1
59	2	1	0
60	2	1	0
61	1	0	1
62	2	0	0
63	1	0	1
64	1	0	1
65	1	0	1
66	2	1	0
67	1	0	1
68	1	0	1
69	2	0	0
70	2	1	0
71	2	0	0
72	1	0	1
73	2	1	0
74	1	0	1
75	2	1	0
76	2	1	0
77	1	0	1
78	2	1	0
79	0	0	2
80	2	1	0
81	2	0	0
82	1	0	1
83	2	1	0
84	1	0	1
85	0	0	2
86	2	1	0
87	0	0	2
88	0	0	2
89	2	1	0
90	2	0	0
91	2	1	0
92	2	2	0
93	2	1	0
94	2	1	0
95	2	0	0
96	1	0	1
97	2	1	0
98	0	0	2
99	1	0	1
