Observation	Correct	FP	FN
0	10	1	0
1	9	1	1
2	9	1	1
3	10	1	0
4	10	1	0
5	10	1	0
6	10	1	0
7	10	1	0
8	10	1	0
9	10	1	0
10	10	2	0
11	9	1	1
12	10	1	0
13	9	1	1
14	9	1	1
15	9	1	1
16	9	1	1
17	10	1	0
18	9	1	1
19	9	1	1
20	9	1	1
21	9	1	1
22	10	1	0
23	9	1	1
24	10	2	0
25	9	1	1
26	9	1	1
27	10	2	0
28	10	2	0
29	10	2	0
30	10	1	0
31	9	1	1
32	10	2	0
33	10	2	0
34	10	2	0
35	9	1	1
36	9	1	1
37	10	2	0
38	10	1	0
39	10	2	0
40	10	2	0
41	10	2	0
42	9	1	1
43	10	2	0
44	10	2	0
45	10	1	0
46	10	1	0
47	9	1	1
48	9	1	1
49	10	1	0
50	9	1	1
51	9	2	1
52	9	1	1
53	10	2	0
54	10	2	0
55	9	1	1
56	9	2	1
57	10	2	0
58	10	2	0
59	9	2	1
60	10	1	0
61	9	2	1
62	9	1	1
63	9	2	1
64	10	2	0
65	9	2	1
66	9	2	1
67	10	2	0
68	9	1	1
69	9	2	1
70	9	1	1
71	10	2	0
72	9	2	1
73	9	2	1
74	10	2	0
75	10	0	0
76	10	2	0
77	10	2	0
78	10	1	0
79	10	2	0
80	9	2	1
81	10	1	0
82	10	2	0
83	9	1	1
84	9	0	1
85	9	2	1
86	10	2	0
87	9	1	1
88	9	1	1
89	9	2	1
90	9	2	1
91	10	1	0
92	9	2	1
93	9	2	1
94	9	1	1
95	9	2	1
96	10	2	0
97	9	0	1
98	9	2	1
99	10	2	0
