Observation	Correct	FP	FN
0	8	2	0
1	8	1	0
2	8	2	0
3	8	1	0
4	8	2	0
5	8	2	0
6	8	2	0
7	8	0	0
8	8	2	0
9	8	2	0
10	8	2	0
11	8	2	0
12	8	2	0
13	8	2	0
14	8	2	0
15	8	2	0
16	8	1	0
17	8	0	0
18	8	2	0
19	8	2	0
20	8	2	0
21	8	0	0
22	8	2	0
23	8	2	0
24	8	0	0
25	8	1	0
26	8	0	0
27	8	2	0
28	8	0	0
29	8	0	0
30	8	0	0
31	8	2	0
32	8	0	0
33	8	2	0
34	8	0	0
35	8	2	0
36	8	2	0
37	8	0	0
38	8	2	0
39	8	0	0
40	8	2	0
41	8	0	0
42	8	0	0
43	8	0	0
44	8	2	0
45	8	0	0
46	8	0	0
47	8	2	0
48	8	3	0
49	8	2	0
50	8	2	0
51	8	2	0
52	8	2	0
53	8	2	0
54	8	0	0
55	8	0	0
56	8	1	0
57	8	0	0
58	8	0	0
59	8	4	0
60	8	0	0
61	8	2	0
62	8	2	0
63	8	4	0
64	8	2	0
65	8	0	0
66	8	3	0
67	8	0	0
68	8	4	0
69	8	0	0
70	8	4	0
71	8	2	0
72	8	0	0
73	8	4	0
74	8	0	0
75	8	2	0
76	8	5	0
77	8	0	0
78	8	0	0
79	8	1	0
80	8	0	0
81	8	1	0
82	8	1	0
83	8	2	0
84	8	2	0
85	8	3	0
86	8	0	0
87	8	2	0
88	8	5	0
89	8	2	0
90	8	2	0
91	8	4	0
92	8	3	0
93	8	4	0
94	8	5	0
95	8	3	0
96	8	5	0
97	8	2	0
98	8	5	0
99	8	0	0
