Observation	Correct	FP	FN
0	10	2	0
1	10	2	0
2	10	0	0
3	10	2	0
4	10	0	0
5	10	0	0
6	10	0	0
7	10	0	0
8	10	2	0
9	10	2	0
10	10	0	0
11	10	2	0
12	10	0	0
13	10	2	0
14	10	0	0
15	10	2	0
16	10	0	0
17	10	2	0
18	10	0	0
19	10	2	0
20	10	0	0
21	10	0	0
22	10	2	0
23	10	2	0
24	10	0	0
25	10	2	0
26	10	2	0
27	10	2	0
28	10	2	0
29	10	2	0
30	10	0	0
31	10	0	0
32	10	0	0
33	10	2	0
34	10	0	0
35	10	0	0
36	10	0	0
37	10	0	0
38	10	0	0
39	10	2	0
40	10	0	0
41	10	0	0
42	10	0	0
43	10	0	0
44	10	0	0
45	10	0	0
46	10	0	0
47	10	0	0
48	10	0	0
49	10	2	0
50	10	2	0
51	10	0	0
52	10	0	0
53	10	2	0
54	10	3	0
55	10	0	0
56	10	2	0
57	10	2	0
58	10	2	0
59	10	0	0
60	10	2	0
61	10	3	0
62	10	0	0
63	10	3	0
64	10	0	0
65	10	0	0
66	10	0	0
67	10	2	0
68	10	0	0
69	10	3	0
70	10	0	0
71	10	0	0
72	10	0	0
73	10	4	0
74	10	2	0
75	10	0	0
76	10	0	0
77	10	3	0
78	10	0	0
79	9	2	1
80	10	2	0
81	10	5	0
82	10	2	0
83	10	0	0
84	10	5	0
85	10	0	0
86	10	2	0
87	10	0	0
88	10	0	0
89	10	2	0
90	9	5	1
91	10	2	0
92	9	2	1
93	10	1	0
94	10	0	0
95	10	0	0
96	10	0	0
97	10	2	0
98	9	5	1
99	10	0	0
