Observation	Correct	FP	FN
0	2	0	0
1	2	0	0
2	2	0	0
3	2	0	0
4	2	0	0
5	2	0	0
6	2	0	0
7	2	0	0
8	2	0	0
9	2	0	0
10	2	0	0
11	2	0	0
12	2	0	0
13	2	0	0
14	1	0	1
15	2	0	0
16	1	0	1
17	1	0	1
18	2	0	0
19	2	0	0
20	2	0	0
21	2	0	0
22	2	0	0
23	2	0	0
24	2	0	0
25	1	0	1
26	2	0	0
27	1	0	1
28	1	0	1
29	2	0	0
30	1	0	1
31	2	1	0
32	2	0	0
33	2	0	0
34	2	0	0
35	2	1	0
36	2	0	0
37	2	0	0
38	2	0	0
39	2	0	0
40	2	0	0
41	1	0	1
42	2	0	0
43	2	0	0
44	2	1	0
45	2	1	0
46	2	0	0
47	1	0	1
48	2	0	0
49	2	0	0
50	1	0	1
51	2	0	0
52	1	0	1
53	2	1	0
54	2	0	0
55	1	0	1
56	2	0	0
57	2	1	0
58	2	1	0
59	1	0	1
60	2	1	0
61	2	1	0
62	2	1	0
63	2	0	0
64	1	0	1
65	2	1	0
66	2	0	0
67	2	1	0
68	0	0	2
69	2	1	0
70	2	0	0
71	2	1	0
72	2	0	0
73	2	0	0
74	2	0	0
75	1	0	1
76	2	1	0
77	2	0	0
78	1	0	1
79	1	0	1
80	2	1	0
81	2	1	0
82	1	0	1
83	0	0	2
84	2	0	0
85	0	0	2
86	2	1	0
87	0	0	2
88	2	1	0
89	2	1	0
90	0	0	2
91	1	0	1
92	1	0	1
93	2	1	0
94	0	0	2
95	0	0	2
96	0	0	2
97	2	1	0
98	0	0	2
99	0	0	2
