Observation	Correct	FP	FN
0	8	1	0
1	8	0	0
2	8	2	0
3	8	2	0
4	8	2	0
5	8	0	0
6	8	0	0
7	8	0	0
8	8	0	0
9	8	2	0
10	8	1	0
11	8	0	0
12	8	1	0
13	8	2	0
14	8	2	0
15	8	2	0
16	8	2	0
17	8	0	0
18	8	0	0
19	8	2	0
20	8	2	0
21	8	2	0
22	8	2	0
23	8	0	0
24	8	2	0
25	8	2	0
26	8	0	0
27	8	2	0
28	8	2	0
29	8	0	0
30	8	0	0
31	8	0	0
32	8	0	0
33	8	2	0
34	8	2	0
35	8	0	0
36	8	0	0
37	8	2	0
38	8	0	0
39	8	2	0
40	8	2	0
41	8	2	0
42	8	0	0
43	8	0	0
44	8	2	0
45	8	0	0
46	8	2	0
47	8	0	0
48	8	0	0
49	8	0	0
50	8	2	0
51	8	2	0
52	8	2	0
53	8	2	0
54	8	0	0
55	8	0	0
56	8	2	0
57	8	0	0
58	8	0	0
59	8	0	0
60	8	0	0
61	8	1	0
62	8	2	0
63	8	3	0
64	8	3	0
65	8	2	0
66	8	0	0
67	8	0	0
68	8	0	0
69	8	0	0
70	8	2	0
71	8	0	0
72	8	3	0
73	8	0	0
74	8	0	0
75	8	0	0
76	8	0	0
77	8	0	0
78	8	0	0
79	8	3	0
80	8	0	0
81	8	2	0
82	8	0	0
83	8	0	0
84	8	2	0
85	8	3	0
86	8	2	0
87	8	0	0
88	8	3	0
89	8	0	0
90	8	0	0
91	8	2	0
92	8	2	0
93	8	0	0
94	8	4	0
95	8	2	0
96	8	0	0
97	8	0	0
98	8	3	0
99	8	0	0
