Observation	Correct	FP	FN
0	2	0	0
1	2	0	0
2	2	0	0
3	2	0	0
4	2	0	0
5	2	0	0
6	2	0	0
7	2	0	0
8	2	0	0
9	2	0	0
10	2	0	0
11	2	0	0
12	2	0	0
13	2	0	0
14	2	0	0
15	2	0	0
16	2	0	0
17	2	0	0
18	2	0	0
19	2	0	0
20	2	0	0
21	2	0	0
22	1	0	1
23	1	0	1
24	2	0	0
25	2	1	0
26	2	0	0
27	2	0	0
28	1	0	1
29	2	0	0
30	1	0	1
31	1	0	1
32	2	1	0
33	2	1	0
34	2	0	0
35	2	1	0
36	2	0	0
37	1	0	1
38	2	0	0
39	1	0	1
40	1	0	1
41	2	1	0
42	2	0	0
43	2	0	0
44	1	0	1
45	2	0	0
46	1	0	1
47	2	1	0
48	2	0	0
49	2	0	0
50	2	1	0
51	1	0	1
52	1	0	1
53	2	0	0
54	2	1	0
55	2	0	0
56	2	1	0
57	2	0	0
58	2	1	0
59	2	1	0
60	1	0	1
61	1	0	1
62	1	0	1
63	1	0	1
64	2	0	0
65	2	1	0
66	1	0	1
67	2	1	0
68	2	1	0
69	0	0	2
70	2	1	0
71	2	0	0
72	2	1	0
73	1	0	1
74	2	0	0
75	2	1	0
76	2	1	0
77	2	0	0
78	1	0	1
79	2	1	0
80	2	0	0
81	0	0	2
82	1	0	1
83	2	0	0
84	0	0	2
85	2	1	0
86	2	1	0
87	2	1	0
88	2	1	0
89	2	1	0
90	2	0	0
91	2	0	0
92	2	1	0
93	1	0	1
94	2	1	0
95	2	1	0
96	2	0	0
97	0	0	2
98	2	0	0
99	1	0	1
