Observation	Correct	FP	FN
0	2	0	0
1	2	0	0
2	2	0	0
3	2	0	0
4	2	0	0
5	2	0	0
6	1	0	1
7	2	0	0
8	2	0	0
9	2	0	0
10	2	0	0
11	2	0	0
12	2	0	0
13	2	0	0
14	2	0	0
15	1	0	1
16	1	0	1
17	1	0	1
18	2	0	0
19	2	0	0
20	2	0	0
21	2	0	0
22	2	0	0
23	1	0	1
24	2	0	0
25	2	0	0
26	1	0	1
27	1	0	1
28	2	0	0
29	2	0	0
30	2	0	0
31	2	0	0
32	1	0	1
33	2	1	0
34	2	0	0
35	1	0	1
36	2	0	0
37	1	0	1
38	2	0	0
39	2	0	0
40	2	1	0
41	1	0	1
42	1	0	1
43	2	1	0
44	2	0	0
45	2	0	0
46	1	0	1
47	2	0	0
48	1	0	1
49	0	0	2
50	2	1	0
51	2	1	0
52	0	0	2
53	2	0	0
54	0	0	2
55	1	0	1
56	1	0	1
57	2	1	0
58	2	1	0
59	2	0	0
60	0	0	2
61	2	0	0
62	2	0	0
63	2	1	0
64	2	0	0
65	0	0	2
66	0	0	2
67	0	0	2
68	2	0	0
69	0	0	2
70	0	0	2
71	0	0	2
72	1	0	1
73	2	0	0
74	2	1	0
75	2	1	0
76	2	1	0
77	2	1	0
78	2	1	0
79	2	1	0
80	2	0	0
81	0	0	2
82	2	0	0
83	2	0	0
84	2	0	0
85	2	1	0
86	2	1	0
87	0	0	2
88	2	0	0
89	2	1	0
90	2	0	0
91	2	1	0
92	1	0	1
93	1	0	1
94	0	0	2
95	2	1	0
96	2	1	0
97	1	0	1
98	1	0	1
99	2	1	0
