Observation	Correct	FP	FN
0	13	4	0
1	13	2	0
2	12	1	1
3	13	3	0
4	12	1	1
5	13	2	0
6	12	1	1
7	13	3	0
8	13	4	0
9	13	2	0
10	13	1	0
11	13	4	0
12	13	3	0
13	12	1	1
14	13	3	0
15	13	2	0
16	13	1	0
17	13	2	0
18	13	2	0
19	12	1	1
20	13	4	0
21	13	3	0
22	13	2	0
23	12	3	1
24	13	2	0
25	13	1	0
26	13	4	0
27	13	4	0
28	13	3	0
29	13	1	0
30	13	3	0
31	12	1	1
32	13	3	0
33	12	1	1
34	13	3	0
35	13	2	0
36	13	1	0
37	13	1	0
38	12	1	1
39	13	4	0
40	13	2	0
41	13	3	0
42	12	2	1
43	13	3	0
44	13	2	0
45	12	1	1
46	13	2	0
47	13	4	0
48	13	3	0
49	13	2	0
50	12	1	1
51	12	1	1
52	13	4	0
53	13	2	0
54	12	1	1
55	13	1	0
56	12	1	1
57	13	3	0
58	13	3	0
59	13	1	0
60	13	3	0
61	13	2	0
62	13	4	0
63	13	3	0
64	11	1	2
65	12	1	1
66	13	2	0
67	13	3	0
68	13	3	0
69	13	3	0
70	13	2	0
71	13	2	0
72	12	1	1
73	13	2	0
74	12	1	1
75	12	2	1
76	13	4	0
77	13	1	0
78	13	1	0
79	12	2	1
80	13	3	0
81	13	2	0
82	12	1	1
83	13	4	0
84	13	3	0
85	12	1	1
86	12	1	1
87	12	1	1
88	13	3	0
89	13	4	0
90	13	3	0
91	12	2	1
92	13	3	0
93	13	1	0
94	13	3	0
95	13	2	0
96	12	1	1
97	13	2	0
98	13	2	0
99	12	1	1
