Observation	Correct	FP	FN
0	2	0	0
1	2	0	0
2	2	0	0
3	2	0	0
4	2	0	0
5	2	0	0
6	2	0	0
7	2	0	0
8	2	0	0
9	2	0	0
10	1	0	1
11	2	0	0
12	1	0	1
13	2	0	0
14	1	0	1
15	2	0	0
16	2	0	0
17	2	0	0
18	2	0	0
19	2	0	0
20	2	0	0
21	1	0	1
22	2	0	0
23	2	0	0
24	2	0	0
25	1	0	1
26	1	0	1
27	2	0	0
28	1	0	1
29	1	0	1
30	1	0	1
31	2	0	0
32	2	0	0
33	2	0	0
34	2	0	0
35	2	0	0
36	2	0	0
37	2	0	0
38	2	1	0
39	2	0	0
40	1	0	1
41	2	0	0
42	2	0	0
43	2	0	0
44	2	0	0
45	2	1	0
46	0	0	2
47	2	1	0
48	2	0	0
49	1	0	1
50	2	1	0
51	1	0	1
52	2	0	0
53	2	0	0
54	1	0	1
55	2	1	0
56	2	0	0
57	2	1	0
58	1	0	1
59	0	0	2
60	0	0	2
61	0	0	2
62	1	0	1
63	2	1	0
64	2	1	0
65	0	0	2
66	0	0	2
67	0	0	2
68	0	0	2
69	0	0	2
70	2	1	0
71	2	0	0
72	2	1	0
73	1	0	1
74	0	0	2
75	2	0	0
76	2	0	0
77	0	0	2
78	0	0	2
79	1	0	1
80	2	0	0
81	2	1	0
82	1	0	1
83	2	0	0
84	1	0	1
85	2	1	0
86	1	0	1
87	2	0	0
88	2	0	0
89	0	0	2
90	2	1	0
91	1	0	1
92	2	0	0
93	2	1	0
94	0	0	2
95	0	0	2
96	2	1	0
97	0	0	2
98	2	0	0
99	0	0	2
