Observation	Correct	FP	FN
0	4	4	0
1	4	5	0
2	4	3	0
3	4	3	0
4	4	4	0
5	4	3	0
6	4	3	0
7	4	3	0
8	4	2	0
9	4	4	0
10	4	3	0
11	4	5	0
12	4	2	0
13	4	3	0
14	4	4	0
15	4	5	0
16	4	2	0
17	4	3	0
18	4	2	0
19	4	3	0
20	4	3	0
21	4	3	0
22	4	4	0
23	4	4	0
24	4	2	0
25	4	3	0
26	4	2	0
27	4	2	0
28	3	3	1
29	4	3	0
30	4	3	0
31	4	2	0
32	4	2	0
33	4	2	0
34	3	2	1
35	4	3	0
36	3	2	1
37	4	3	0
38	3	3	1
39	4	2	0
40	4	3	0
41	4	2	0
42	4	3	0
43	3	3	1
44	4	3	0
45	3	2	1
46	4	2	0
47	4	3	0
48	4	1	0
49	4	2	0
50	4	3	0
51	4	4	0
52	4	3	0
53	3	2	1
54	3	3	1
55	4	6	0
56	4	2	0
57	3	2	1
58	3	2	1
59	3	2	1
60	4	3	0
61	3	2	1
62	4	2	0
63	4	3	0
64	3	2	1
65	4	5	0
66	4	3	0
67	4	3	0
68	3	3	1
69	4	2	0
70	3	2	1
71	4	1	0
72	4	6	0
73	4	5	0
74	3	3	1
75	4	3	0
76	4	3	0
77	3	2	1
78	3	2	1
79	4	5	0
80	4	5	0
81	4	3	0
82	3	2	1
83	4	3	0
84	4	5	0
85	4	6	0
86	4	3	0
87	3	2	1
88	4	1	0
89	3	3	1
90	4	5	0
91	4	1	0
92	4	6	0
93	3	4	1
94	4	3	0
95	4	5	0
96	4	5	0
97	3	4	1
98	4	3	0
99	4	3	0
