Observation	Correct	FP	FN
0	2	0	0
1	2	0	0
2	2	0	0
3	2	0	0
4	2	0	0
5	2	0	0
6	2	0	0
7	2	0	0
8	2	0	0
9	2	0	0
10	2	0	0
11	2	0	0
12	2	0	0
13	2	0	0
14	2	0	0
15	2	0	0
16	2	0	0
17	2	0	0
18	2	0	0
19	2	0	0
20	1	0	1
21	2	1	0
22	2	0	0
23	2	0	0
24	1	0	1
25	1	0	1
26	2	0	0
27	1	0	1
28	2	0	0
29	2	0	0
30	2	1	0
31	2	0	0
32	2	1	0
33	2	0	0
34	2	0	0
35	2	0	0
36	1	0	1
37	2	0	0
38	1	0	1
39	2	1	0
40	2	0	0
41	2	1	0
42	2	1	0
43	2	1	0
44	2	0	0
45	2	1	0
46	2	0	0
47	2	0	0
48	1	0	1
49	2	0	0
50	2	0	0
51	2	0	0
52	2	0	0
53	1	0	1
54	1	0	1
55	1	0	1
56	1	0	1
57	2	1	0
58	1	0	1
59	2	0	0
60	2	0	0
61	1	0	1
62	2	1	0
63	2	0	0
64	2	1	0
65	1	0	1
66	1	0	1
67	1	0	1
68	2	0	0
69	2	1	0
70	1	0	1
71	2	1	0
72	2	1	0
73	0	0	2
74	1	0	1
75	2	0	0
76	2	1	0
77	0	0	2
78	1	0	1
79	2	1	0
80	2	1	0
81	2	0	0
82	2	1	0
83	0	0	2
84	2	0	0
85	2	1	0
86	2	0	0
87	0	0	2
88	0	0	2
89	2	0	0
90	2	1	0
91	2	1	0
92	1	0	1
93	0	0	2
94	2	1	0
95	0	0	2
96	2	1	0
97	2	0	0
98	0	0	2
99	1	0	1
