Observation	Correct	FP	FN
0	4	1	0
1	4	1	0
2	4	1	0
3	4	0	0
4	4	1	0
5	4	0	0
6	4	1	0
7	4	0	0
8	4	0	0
9	4	1	0
10	4	0	0
11	4	1	0
12	4	1	0
13	3	0	1
14	4	0	0
15	4	1	0
16	4	0	0
17	3	0	1
18	4	1	0
19	4	0	0
20	4	0	0
21	4	1	0
22	3	0	1
23	4	0	0
24	3	0	1
25	4	1	0
26	4	1	0
27	4	0	0
28	3	0	1
29	4	1	0
30	4	1	0
31	3	0	1
32	4	0	0
33	4	0	0
34	4	0	0
35	4	2	0
36	2	0	2
37	4	1	0
38	2	0	2
39	4	0	0
40	4	0	0
41	0	0	4
42	0	0	4
43	4	0	0
44	2	0	2
45	4	1	0
46	4	0	0
47	2	0	2
48	4	1	0
49	0	0	4
50	1	0	3
51	4	0	0
52	1	0	3
53	1	0	3
54	3	0	1
55	4	0	0
56	2	1	2
57	4	2	0
58	1	0	3
59	4	2	0
60	0	0	4
61	1	0	3
62	2	0	2
63	0	0	4
64	4	1	0
65	4	2	0
66	4	2	0
67	0	0	4
68	0	0	4
69	4	3	0
70	4	1	0
71	1	0	3
72	4	1	0
73	4	3	0
74	4	3	0
75	4	3	0
76	4	2	0
77	4	2	0
78	4	3	0
79	0	0	4
80	1	0	3
81	0	0	4
82	0	0	4
83	3	1	1
84	4	1	0
85	0	0	4
86	4	1	0
87	0	0	4
88	4	3	0
89	0	0	4
90	4	2	0
91	4	1	0
92	0	0	4
93	0	0	4
94	0	0	4
95	1	0	3
96	0	0	4
97	0	0	4
98	2	1	2
99	0	0	4
