Observation	Correct	FP	FN
0	15	1	1
1	16	1	0
2	16	1	0
3	16	1	0
4	15	1	1
5	16	2	0
6	16	2	0
7	16	2	0
8	16	2	0
9	15	1	1
10	16	2	0
11	16	2	0
12	15	1	1
13	16	2	0
14	16	1	0
15	16	2	0
16	16	1	0
17	16	1	0
18	15	1	1
19	16	2	0
20	16	2	0
21	16	1	0
22	16	2	0
23	16	2	0
24	16	2	0
25	16	2	0
26	16	1	0
27	16	2	0
28	16	1	0
29	16	1	0
30	16	2	0
31	16	2	0
32	15	1	1
33	16	2	0
34	15	1	1
35	16	2	0
36	16	1	0
37	16	2	0
38	15	1	1
39	16	1	0
40	16	1	0
41	16	2	0
42	16	2	0
43	16	1	0
44	16	2	0
45	15	1	1
46	16	1	0
47	16	2	0
48	15	1	1
49	16	1	0
50	16	2	0
51	15	1	1
52	15	1	1
53	16	2	0
54	16	1	0
55	15	1	1
56	16	1	0
57	16	1	0
58	16	2	0
59	15	1	1
60	16	2	0
61	16	2	0
62	15	1	1
63	16	2	0
64	15	1	1
65	16	1	0
66	15	1	1
67	16	2	0
68	16	1	0
69	16	1	0
70	16	2	0
71	16	2	0
72	16	1	0
73	15	1	1
74	16	1	0
75	15	1	1
76	16	2	0
77	16	1	0
78	16	1	0
79	16	2	0
80	16	2	0
81	16	2	0
82	16	1	0
83	16	1	0
84	16	2	0
85	15	1	1
86	16	2	0
87	16	1	0
88	15	1	1
89	16	2	0
90	15	1	1
91	16	1	0
92	16	2	0
93	16	2	0
94	15	1	1
95	16	1	0
96	16	2	0
97	15	1	1
98	15	1	1
99	16	2	0
