Observation	Correct	FP	FN
0	2	0	0
1	2	0	0
2	2	0	0
3	2	0	0
4	2	0	0
5	2	0	0
6	2	0	0
7	2	0	0
8	2	0	0
9	2	0	0
10	2	0	0
11	2	0	0
12	2	0	0
13	2	0	0
14	2	0	0
15	2	0	0
16	2	0	0
17	2	0	0
18	2	0	0
19	2	0	0
20	1	0	1
21	2	0	0
22	2	0	0
23	2	0	0
24	2	0	0
25	1	0	1
26	2	0	0
27	2	1	0
28	2	1	0
29	2	0	0
30	1	0	1
31	2	0	0
32	2	0	0
33	2	1	0
34	1	0	1
35	2	0	0
36	2	1	0
37	2	0	0
38	2	0	0
39	2	1	0
40	1	0	1
41	2	1	0
42	2	0	0
43	2	0	0
44	2	0	0
45	2	1	0
46	2	1	0
47	2	0	0
48	2	0	0
49	2	1	0
50	1	0	1
51	2	0	0
52	2	1	0
53	1	0	1
54	2	0	0
55	2	0	0
56	2	1	0
57	1	0	1
58	2	0	0
59	2	0	0
60	1	0	1
61	2	1	0
62	2	0	0
63	1	0	1
64	1	0	1
65	2	1	0
66	1	0	1
67	2	0	0
68	2	1	0
69	1	0	1
70	2	0	0
71	1	0	1
72	2	1	0
73	0	0	2
74	2	1	0
75	2	0	0
76	0	0	2
77	0	0	2
78	2	0	0
79	2	2	0
80	0	0	2
81	2	1	0
82	2	1	0
83	2	0	0
84	2	1	0
85	2	1	0
86	2	1	0
87	1	0	1
88	2	1	0
89	2	2	0
90	2	2	0
91	2	1	0
92	2	2	0
93	0	0	2
94	1	0	1
95	2	1	0
96	2	1	0
97	1	0	1
98	2	3	0
99	0	0	2
