Observation	Correct	FP	FN
0	7	3	0
1	7	3	0
2	7	3	0
3	7	3	0
4	7	2	0
5	7	2	0
6	7	2	0
7	7	3	0
8	7	2	0
9	7	2	0
10	7	2	0
11	7	2	0
12	7	3	0
13	7	3	0
14	7	3	0
15	7	2	0
16	7	3	0
17	7	2	0
18	7	3	0
19	7	2	0
20	7	2	0
21	7	2	0
22	7	3	0
23	7	2	0
24	7	2	0
25	7	3	0
26	7	2	0
27	7	3	0
28	7	2	0
29	7	2	0
30	7	2	0
31	7	4	0
32	7	3	0
33	7	2	0
34	7	2	0
35	7	2	0
36	7	2	0
37	7	3	0
38	7	3	0
39	7	3	0
40	7	2	0
41	7	3	0
42	7	4	0
43	7	3	0
44	7	3	0
45	7	2	0
46	7	4	0
47	7	2	0
48	7	2	0
49	7	2	0
50	7	3	0
51	6	3	1
52	7	2	0
53	7	2	0
54	7	2	0
55	7	2	0
56	6	3	1
57	6	3	1
58	7	2	0
59	7	4	0
60	7	2	0
61	7	2	0
62	7	4	0
63	7	2	0
64	7	2	0
65	7	4	0
66	6	4	1
67	6	3	1
68	6	3	1
69	7	2	0
70	7	2	0
71	7	3	0
72	7	2	0
73	7	2	0
74	6	4	1
75	7	2	0
76	7	4	0
77	6	3	1
78	7	3	0
79	7	4	0
80	7	2	0
81	6	3	1
82	6	5	1
83	7	2	0
84	7	2	0
85	7	5	0
86	6	3	1
87	7	5	0
88	7	2	0
89	7	2	0
90	6	3	1
91	6	2	1
92	6	3	1
93	6	5	1
94	6	6	1
95	7	2	0
96	6	3	1
97	7	2	0
98	6	6	1
99	5	6	2
