Observation	Correct	FP	FN
0	2	0	0
1	2	0	0
2	2	0	0
3	2	0	0
4	2	0	0
5	2	0	0
6	2	0	0
7	2	0	0
8	2	0	0
9	2	0	0
10	2	0	0
11	2	0	0
12	2	0	0
13	2	0	0
14	2	0	0
15	2	0	0
16	2	0	0
17	2	0	0
18	2	0	0
19	2	0	0
20	2	0	0
21	2	0	0
22	2	0	0
23	2	0	0
24	2	0	0
25	1	0	1
26	1	0	1
27	1	0	1
28	1	0	1
29	2	0	0
30	2	1	0
31	2	0	0
32	2	0	0
33	2	1	0
34	1	0	1
35	2	0	0
36	1	0	1
37	2	0	0
38	1	0	1
39	1	0	1
40	2	0	0
41	2	1	0
42	2	0	0
43	1	0	1
44	1	0	1
45	1	0	1
46	1	0	1
47	1	0	1
48	2	0	0
49	2	0	0
50	1	0	1
51	2	1	0
52	1	0	1
53	1	0	1
54	1	0	1
55	2	1	0
56	2	1	0
57	2	1	0
58	2	0	0
59	1	0	1
60	2	0	0
61	1	0	1
62	1	0	1
63	2	0	0
64	2	1	0
65	1	0	1
66	2	1	0
67	2	1	0
68	2	0	0
69	2	1	0
70	1	0	1
71	2	0	0
72	0	0	2
73	2	1	0
74	2	1	0
75	0	0	2
76	2	0	0
77	2	0	0
78	2	1	0
79	2	1	0
80	2	1	0
81	1	0	1
82	2	1	0
83	0	0	2
84	2	1	0
85	2	1	0
86	1	0	1
87	2	1	0
88	2	1	0
89	2	1	0
90	0	0	2
91	2	1	0
92	2	0	0
93	1	0	1
94	2	0	0
95	2	1	0
96	2	1	0
97	2	1	0
98	1	0	1
99	2	0	0
