Observation	Correct	FP	FN
0	8	0	0
1	8	0	0
2	8	0	0
3	8	0	0
4	8	0	0
5	8	0	0
6	8	0	0
7	8	0	0
8	8	0	0
9	8	1	0
10	8	0	0
11	8	0	0
12	8	1	0
13	8	0	0
14	7	0	1
15	7	0	1
16	8	0	0
17	8	0	0
18	8	0	0
19	8	0	0
20	8	0	0
21	8	1	0
22	8	1	0
23	8	1	0
24	7	0	1
25	8	1	0
26	7	0	1
27	8	1	0
28	8	0	0
29	8	1	0
30	7	1	1
31	6	0	2
32	8	0	0
33	8	1	0
34	8	1	0
35	8	0	0
36	6	1	2
37	8	0	0
38	8	1	0
39	6	1	2
40	8	1	0
41	7	1	1
42	6	1	2
43	7	0	1
44	7	1	1
45	8	0	0
46	8	0	0
47	8	1	0
48	7	1	1
49	8	0	0
50	5	0	3
51	8	1	0
52	5	1	3
53	7	1	1
54	8	1	0
55	8	1	0
56	8	1	0
57	5	1	3
58	6	0	2
59	8	1	0
60	7	0	1
61	7	0	1
62	6	1	2
63	5	1	3
64	5	2	3
65	6	0	2
66	8	1	0
67	6	0	2
68	8	0	0
69	5	0	3
70	5	1	3
71	7	1	1
72	8	0	0
73	8	0	0
74	8	0	0
75	5	0	3
76	8	1	0
77	7	1	1
78	8	0	0
79	8	0	0
80	5	2	3
81	6	0	2
82	8	1	0
83	8	0	0
84	8	1	0
85	5	2	3
86	5	3	3
87	5	0	3
88	5	3	3
89	5	3	3
90	5	2	3
91	5	0	3
92	8	1	0
93	8	1	0
94	8	0	0
95	5	3	3
96	8	0	0
97	7	0	1
98	7	0	1
99	8	1	0
