Observation	Correct	FP	FN
0	6	1	0
1	6	1	0
2	6	1	0
3	6	1	0
4	6	1	0
5	6	1	0
6	6	1	0
7	6	1	0
8	6	1	0
9	6	1	0
10	6	1	0
11	6	1	0
12	6	1	0
13	6	1	0
14	6	1	0
15	6	1	0
16	6	1	0
17	6	1	0
18	6	1	0
19	6	1	0
20	6	0	0
21	6	1	0
22	6	1	0
23	6	1	0
24	6	0	0
25	6	1	0
26	6	1	0
27	6	0	0
28	6	0	0
29	6	0	0
30	6	0	0
31	6	0	0
32	6	1	0
33	6	0	0
34	6	1	0
35	6	1	0
36	6	1	0
37	6	1	0
38	6	0	0
39	6	0	0
40	6	0	0
41	6	0	0
42	6	0	0
43	6	1	0
44	6	1	0
45	6	0	0
46	6	0	0
47	6	1	0
48	6	1	0
49	6	0	0
50	6	1	0
51	6	0	0
52	6	1	0
53	6	1	0
54	6	0	0
55	6	1	0
56	6	0	0
57	6	1	0
58	6	1	0
59	6	0	0
60	6	0	0
61	6	0	0
62	6	1	0
63	6	0	0
64	6	1	0
65	6	1	0
66	6	0	0
67	6	1	0
68	6	0	0
69	6	0	0
70	6	1	0
71	6	1	0
72	4	0	2
73	6	0	0
74	6	0	0
75	4	1	2
76	6	1	0
77	6	1	0
78	5	1	1
79	6	0	0
80	6	0	0
81	6	1	0
82	6	1	0
83	6	0	0
84	4	0	2
85	6	0	0
86	6	0	0
87	6	1	0
88	3	0	3
89	6	0	0
90	6	1	0
91	6	0	0
92	3	0	3
93	4	0	2
94	4	0	2
95	6	0	0
96	6	1	0
97	3	0	3
98	3	0	3
99	6	1	0
