Observation	Correct	FP	FN
0	11	1	0
1	11	1	0
2	11	0	0
3	11	1	0
4	11	1	0
5	11	1	0
6	11	1	0
7	11	1	0
8	11	1	0
9	11	1	0
10	11	1	0
11	11	1	0
12	11	1	0
13	11	0	0
14	11	1	0
15	11	1	0
16	11	0	0
17	11	1	0
18	11	1	0
19	11	1	0
20	11	1	0
21	11	0	0
22	11	1	0
23	11	1	0
24	11	1	0
25	11	0	0
26	11	1	0
27	11	1	0
28	11	0	0
29	11	0	0
30	11	1	0
31	11	1	0
32	11	0	0
33	11	0	0
34	11	1	0
35	11	0	0
36	11	1	0
37	11	0	0
38	11	0	0
39	11	1	0
40	11	0	0
41	11	0	0
42	11	1	0
43	11	1	0
44	11	1	0
45	11	1	0
46	11	1	0
47	11	0	0
48	11	0	0
49	10	0	1
50	11	1	0
51	11	0	0
52	10	0	1
53	10	0	1
54	11	1	0
55	10	0	1
56	11	0	0
57	11	0	0
58	10	1	1
59	10	0	1
60	10	0	1
61	10	0	1
62	10	0	1
63	11	1	0
64	11	1	0
65	11	0	0
66	11	1	0
67	10	0	1
68	11	1	0
69	11	0	0
70	11	1	0
71	11	0	0
72	11	1	0
73	10	0	1
74	10	0	1
75	11	1	0
76	11	0	0
77	11	0	0
78	11	1	0
79	11	1	0
80	11	1	0
81	10	0	1
82	9	0	2
83	9	0	2
84	10	0	1
85	11	1	0
86	11	1	0
87	11	0	0
88	9	0	2
89	11	1	0
90	11	0	0
91	10	0	1
92	11	1	0
93	11	1	0
94	9	0	2
95	9	0	2
96	9	0	2
97	9	0	2
98	11	1	0
99	9	0	2
