Observation	Correct	FP	FN
0	10	1	0
1	10	1	0
2	10	1	0
3	10	1	0
4	10	0	0
5	10	0	0
6	10	0	0
7	10	1	0
8	10	0	0
9	10	1	0
10	10	1	0
11	10	0	0
12	10	1	0
13	10	1	0
14	10	1	0
15	10	0	0
16	10	1	0
17	10	1	0
18	10	0	0
19	10	0	0
20	10	1	0
21	10	0	0
22	10	0	0
23	10	1	0
24	10	0	0
25	10	1	0
26	10	1	0
27	10	1	0
28	10	0	0
29	10	1	0
30	10	1	0
31	10	0	0
32	10	0	0
33	10	0	0
34	10	1	0
35	10	0	0
36	10	1	0
37	10	0	0
38	10	1	0
39	10	1	0
40	10	0	0
41	10	1	0
42	10	0	0
43	10	1	0
44	10	1	0
45	10	1	0
46	10	1	0
47	10	1	0
48	10	0	0
49	10	0	0
50	10	0	0
51	10	1	0
52	10	0	0
53	10	1	0
54	10	1	0
55	10	1	0
56	10	0	0
57	10	0	0
58	10	0	0
59	10	1	0
60	10	0	0
61	10	1	0
62	10	0	0
63	9	1	1
64	10	0	0
65	10	1	0
66	10	0	0
67	9	1	1
68	9	1	1
69	10	1	0
70	10	2	0
71	10	1	0
72	10	0	0
73	9	1	1
74	9	1	1
75	10	0	0
76	10	0	0
77	10	0	0
78	10	1	0
79	9	1	1
80	10	0	0
81	10	0	0
82	10	0	0
83	10	0	0
84	9	1	1
85	10	3	0
86	10	0	0
87	10	0	0
88	10	2	0
89	10	0	0
90	10	0	0
91	10	0	0
92	10	3	0
93	10	1	0
94	10	3	0
95	10	3	0
96	10	1	0
97	10	2	0
98	10	3	0
99	10	0	0
