Observation	Correct	FP	FN
0	5	2	0
1	5	2	0
2	5	2	0
3	5	2	0
4	5	2	0
5	5	0	0
6	5	2	0
7	5	2	0
8	5	0	0
9	5	1	0
10	5	2	0
11	5	2	0
12	5	2	0
13	5	2	0
14	5	2	0
15	5	0	0
16	5	0	0
17	5	2	0
18	5	0	0
19	5	0	0
20	5	0	0
21	5	2	0
22	5	2	0
23	5	0	0
24	5	0	0
25	5	2	0
26	5	2	0
27	5	2	0
28	5	2	0
29	5	0	0
30	5	0	0
31	5	0	0
32	5	2	0
33	5	2	0
34	5	2	0
35	5	0	0
36	5	0	0
37	5	2	0
38	5	0	0
39	5	2	0
40	5	0	0
41	5	0	0
42	5	0	0
43	5	2	0
44	5	2	0
45	5	2	0
46	5	2	0
47	5	2	0
48	5	0	0
49	5	2	0
50	5	0	0
51	5	2	0
52	5	0	0
53	5	2	0
54	5	0	0
55	5	0	0
56	5	2	0
57	5	0	0
58	5	2	0
59	5	0	0
60	5	3	0
61	5	2	0
62	5	0	0
63	5	2	0
64	5	0	0
65	5	2	0
66	5	2	0
67	5	2	0
68	5	4	0
69	5	2	0
70	5	2	0
71	5	0	0
72	5	0	0
73	5	0	0
74	5	0	0
75	5	0	0
76	5	0	0
77	5	0	0
78	5	4	0
79	5	0	0
80	5	4	0
81	5	2	0
82	5	0	0
83	5	2	0
84	5	0	0
85	5	2	0
86	5	1	0
87	5	0	0
88	5	1	0
89	5	0	0
90	5	4	0
91	5	4	0
92	5	2	0
93	5	2	0
94	5	4	0
95	5	4	0
96	5	0	0
97	5	0	0
98	5	4	0
99	5	0	0
