Observation	Correct	FP	FN
0	6	1	0
1	5	1	1
2	5	1	1
3	5	1	1
4	6	1	0
5	5	1	1
6	6	1	0
7	6	0	0
8	6	1	0
9	5	1	1
10	6	2	0
11	6	1	0
12	6	1	0
13	5	1	1
14	5	1	1
15	6	2	0
16	5	1	1
17	5	0	1
18	6	1	0
19	6	1	0
20	6	1	0
21	5	1	1
22	6	1	0
23	5	1	1
24	6	2	0
25	5	1	1
26	5	1	1
27	6	1	0
28	5	1	1
29	5	1	1
30	5	1	1
31	5	0	1
32	6	1	0
33	5	1	1
34	6	1	0
35	5	1	1
36	6	2	0
37	5	1	1
38	6	1	0
39	6	2	0
40	6	0	0
41	6	1	0
42	5	1	1
43	5	0	1
44	6	1	0
45	6	1	0
46	6	1	0
47	5	1	1
48	5	1	1
49	5	0	1
50	5	1	1
51	5	1	1
52	5	1	1
53	6	2	0
54	6	2	0
55	5	1	1
56	6	0	0
57	5	2	1
58	6	1	0
59	6	0	0
60	6	1	0
61	6	1	0
62	5	0	1
63	6	1	0
64	6	1	0
65	6	1	0
66	5	1	1
67	5	1	1
68	5	0	1
69	6	2	0
70	6	1	0
71	6	1	0
72	5	1	1
73	6	1	0
74	5	1	1
75	5	1	1
76	5	2	1
77	6	1	0
78	6	1	0
79	6	1	0
80	5	2	1
81	6	1	0
82	6	1	0
83	5	3	1
84	5	1	1
85	6	2	0
86	5	0	1
87	6	1	0
88	6	2	0
89	6	1	0
90	5	4	1
91	5	2	1
92	6	1	0
93	6	1	0
94	6	2	0
95	5	4	1
96	5	2	1
97	5	2	1
98	6	0	0
99	6	1	0
