Observation	Correct	FP	FN
0	2	0	0
1	2	0	0
2	2	0	0
3	2	0	0
4	2	0	0
5	2	0	0
6	2	0	0
7	2	0	0
8	2	0	0
9	2	0	0
10	1	0	1
11	2	0	0
12	2	0	0
13	2	0	0
14	1	0	1
15	2	0	0
16	1	0	1
17	2	0	0
18	2	0	0
19	1	0	1
20	2	0	0
21	1	0	1
22	2	0	0
23	2	0	0
24	2	0	0
25	2	0	0
26	2	0	0
27	2	0	0
28	2	0	0
29	2	0	0
30	2	1	0
31	1	0	1
32	1	0	1
33	1	0	1
34	2	0	0
35	1	0	1
36	1	0	1
37	1	0	1
38	2	0	0
39	2	0	0
40	2	0	0
41	1	0	1
42	0	0	2
43	2	1	0
44	1	0	1
45	2	1	0
46	0	0	2
47	2	1	0
48	2	0	0
49	1	0	1
50	1	0	1
51	2	1	0
52	2	0	0
53	0	0	2
54	2	0	0
55	2	0	0
56	1	0	1
57	2	0	0
58	2	0	0
59	1	0	1
60	0	0	2
61	2	1	0
62	2	0	0
63	2	0	0
64	2	1	0
65	2	1	0
66	1	0	1
67	2	1	0
68	2	0	0
69	0	0	2
70	0	0	2
71	2	1	0
72	0	0	2
73	0	0	2
74	2	1	0
75	0	0	2
76	0	0	2
77	0	0	2
78	0	0	2
79	2	0	0
80	2	1	0
81	0	0	2
82	0	0	2
83	2	0	0
84	0	0	2
85	0	0	2
86	1	0	1
87	2	0	0
88	0	0	2
89	2	1	0
90	2	0	0
91	0	0	2
92	2	0	0
93	2	0	0
94	2	0	0
95	2	0	0
96	2	0	0
97	2	1	0
98	0	0	2
99	1	0	1
