Observation	Correct	FP	FN
0	9	1	0
1	9	1	0
2	9	0	0
3	9	1	0
4	9	0	0
5	9	0	0
6	9	1	0
7	9	1	0
8	9	0	0
9	9	0	0
10	9	1	0
11	9	2	0
12	9	0	0
13	9	0	0
14	9	0	0
15	9	0	0
16	9	0	0
17	9	1	0
18	9	0	0
19	9	0	0
20	9	2	0
21	9	2	0
22	9	2	0
23	9	0	0
24	9	0	0
25	9	2	0
26	9	1	0
27	9	1	0
28	9	0	0
29	9	0	0
30	9	0	0
31	9	1	0
32	9	1	0
33	9	2	0
34	9	0	0
35	9	0	0
36	9	2	0
37	9	1	0
38	9	0	0
39	9	0	0
40	9	2	0
41	9	2	0
42	9	2	0
43	9	2	0
44	9	2	0
45	9	2	0
46	9	0	0
47	9	2	0
48	9	2	0
49	9	0	0
50	9	0	0
51	9	0	0
52	9	1	0
53	9	2	0
54	9	0	0
55	9	2	0
56	9	2	0
57	9	2	0
58	9	0	0
59	9	2	0
60	9	2	0
61	9	2	0
62	9	0	0
63	9	2	0
64	9	0	0
65	9	0	0
66	9	0	0
67	9	0	0
68	9	2	0
69	9	0	0
70	9	0	0
71	9	0	0
72	9	1	0
73	9	2	0
74	9	2	0
75	9	0	0
76	9	0	0
77	9	0	0
78	9	0	0
79	9	0	0
80	9	2	0
81	9	0	0
82	9	4	0
83	9	1	0
84	9	0	0
85	9	2	0
86	9	4	0
87	9	0	0
88	9	3	0
89	9	4	0
90	9	1	0
91	9	0	0
92	9	5	0
93	9	0	0
94	9	0	0
95	9	0	0
96	9	5	0
97	9	5	0
98	9	1	0
99	9	0	0
