Observation	Correct	FP	FN
0	8	2	0
1	8	0	0
2	8	0	0
3	8	0	0
4	8	2	0
5	8	2	0
6	8	2	0
7	8	2	0
8	8	2	0
9	8	0	0
10	8	0	0
11	8	2	0
12	8	2	0
13	8	2	0
14	8	2	0
15	8	0	0
16	8	2	0
17	8	2	0
18	8	0	0
19	8	2	0
20	8	0	0
21	8	2	0
22	8	0	0
23	8	2	0
24	8	0	0
25	8	0	0
26	8	0	0
27	8	0	0
28	8	2	0
29	8	2	0
30	8	1	0
31	8	2	0
32	8	0	0
33	8	0	0
34	8	2	0
35	8	0	0
36	8	3	0
37	8	2	0
38	8	0	0
39	8	0	0
40	8	0	0
41	8	0	0
42	8	2	0
43	8	0	0
44	8	2	0
45	8	2	0
46	8	2	0
47	8	2	0
48	8	3	0
49	8	1	0
50	8	2	0
51	8	0	0
52	8	0	0
53	7	0	1
54	7	0	1
55	8	3	0
56	7	0	1
57	8	3	0
58	8	0	0
59	8	3	0
60	7	0	1
61	8	2	0
62	8	0	0
63	8	1	0
64	7	0	1
65	8	2	0
66	7	0	1
67	8	3	0
68	8	3	0
69	8	2	0
70	8	0	0
71	8	2	0
72	8	0	0
73	7	1	1
74	8	0	0
75	8	3	0
76	8	4	0
77	8	0	0
78	6	0	2
79	8	0	0
80	8	5	0
81	8	5	0
82	8	4	0
83	8	0	0
84	6	0	2
85	8	4	0
86	8	0	0
87	6	0	2
88	8	4	0
89	7	0	1
90	7	2	1
91	8	2	0
92	8	0	0
93	8	5	0
94	8	0	0
95	8	5	0
96	7	2	1
97	6	0	2
98	6	0	2
99	6	0	2
