Observation	Correct	FP	FN
0	6	3	0
1	6	2	0
2	6	2	0
3	6	1	0
4	6	3	0
5	6	4	0
6	6	1	0
7	6	1	0
8	6	4	0
9	6	2	0
10	6	4	0
11	6	4	0
12	6	3	0
13	6	1	0
14	6	3	0
15	6	3	0
16	6	2	0
17	6	4	0
18	6	5	0
19	6	0	0
20	6	0	0
21	6	3	0
22	6	1	0
23	6	4	0
24	6	3	0
25	6	3	0
26	6	2	0
27	6	1	0
28	6	1	0
29	6	2	0
30	6	2	0
31	6	2	0
32	6	4	0
33	6	3	0
34	6	0	0
35	6	4	0
36	6	2	0
37	6	1	0
38	6	5	0
39	6	2	0
40	6	2	0
41	6	5	0
42	6	3	0
43	6	0	0
44	6	3	0
45	6	2	0
46	6	1	0
47	6	2	0
48	6	5	0
49	6	2	0
50	6	2	0
51	6	3	0
52	6	5	0
53	6	4	0
54	6	3	0
55	6	5	0
56	6	5	0
57	6	2	0
58	6	3	0
59	6	5	0
60	6	3	0
61	6	0	0
62	6	3	0
63	6	6	0
64	6	5	0
65	6	6	0
66	6	2	0
67	6	2	0
68	6	1	0
69	6	3	0
70	6	3	0
71	6	6	0
72	6	3	0
73	6	5	0
74	6	6	0
75	6	6	0
76	6	1	0
77	6	4	0
78	6	5	0
79	6	4	0
80	6	4	0
81	6	0	0
82	6	0	0
83	6	3	0
84	6	2	0
85	6	5	0
86	6	2	0
87	6	6	0
88	6	3	0
89	6	3	0
90	6	0	0
91	6	3	0
92	6	2	0
93	6	0	0
94	6	4	0
95	6	3	0
96	6	5	0
97	6	4	0
98	6	3	0
99	6	5	0
