Observation	Correct	FP	FN
0	10	2	0
1	10	1	0
2	10	0	0
3	9	0	1
4	10	0	0
5	9	2	1
6	9	2	1
7	9	2	1
8	10	0	0
9	9	2	1
10	10	0	0
11	9	0	1
12	9	2	1
13	9	2	1
14	9	2	1
15	9	1	1
16	10	0	0
17	9	0	1
18	10	2	0
19	10	2	0
20	10	0	0
21	9	2	1
22	9	0	1
23	9	0	1
24	10	0	0
25	10	0	0
26	9	2	1
27	10	0	0
28	10	0	0
29	10	2	0
30	9	2	1
31	10	1	0
32	9	0	1
33	10	0	0
34	9	2	1
35	9	0	1
36	10	2	0
37	10	0	0
38	10	1	0
39	9	0	1
40	9	2	1
41	10	0	0
42	10	0	0
43	10	0	0
44	10	2	0
45	10	0	0
46	9	2	1
47	10	0	0
48	9	0	1
49	10	2	0
50	9	2	1
51	10	0	0
52	10	0	0
53	10	0	0
54	10	0	0
55	9	2	1
56	10	0	0
57	9	2	1
58	10	0	0
59	9	2	1
60	9	4	1
61	10	2	0
62	9	0	1
63	10	2	0
64	9	2	1
65	9	1	1
66	9	5	1
67	9	2	1
68	10	0	0
69	10	0	0
70	10	2	0
71	10	0	0
72	9	3	1
73	9	0	1
74	10	2	0
75	9	2	1
76	10	0	0
77	9	4	1
78	10	2	0
79	9	2	1
80	9	2	1
81	10	0	0
82	10	0	0
83	10	0	0
84	10	0	0
85	9	0	1
86	10	0	0
87	10	0	0
88	10	0	0
89	9	3	1
90	10	0	0
91	9	5	1
92	10	0	0
93	10	0	0
94	9	0	1
95	10	0	0
96	9	5	1
97	10	3	0
98	9	0	1
99	10	5	0
