Observation	Correct	FP	FN
0	2	0	0
1	2	0	0
2	2	0	0
3	2	0	0
4	2	0	0
5	2	0	0
6	2	0	0
7	2	0	0
8	2	0	0
9	2	0	0
10	1	0	1
11	2	0	0
12	2	0	0
13	2	0	0
14	2	0	0
15	2	0	0
16	1	0	1
17	2	0	0
18	2	0	0
19	1	0	1
20	2	0	0
21	2	0	0
22	1	0	1
23	2	0	0
24	2	0	0
25	2	0	0
26	1	0	1
27	2	0	0
28	1	0	1
29	2	0	0
30	2	0	0
31	2	1	0
32	1	0	1
33	1	0	1
34	2	1	0
35	2	0	0
36	1	0	1
37	1	0	1
38	2	0	0
39	1	0	1
40	2	0	0
41	2	1	0
42	2	1	0
43	1	0	1
44	2	0	0
45	2	1	0
46	0	0	2
47	2	0	0
48	2	0	0
49	2	1	0
50	1	0	1
51	2	0	0
52	1	0	1
53	2	0	0
54	2	0	0
55	0	0	2
56	0	0	2
57	2	0	0
58	1	0	1
59	2	0	0
60	2	1	0
61	2	1	0
62	2	1	0
63	0	0	2
64	2	1	0
65	2	2	0
66	2	1	0
67	2	2	0
68	1	0	1
69	1	0	1
70	0	0	2
71	2	1	0
72	2	0	0
73	0	0	2
74	2	1	0
75	2	2	0
76	0	0	2
77	0	0	2
78	0	0	2
79	2	1	0
80	2	1	0
81	1	0	1
82	2	0	0
83	0	0	2
84	2	2	0
85	2	3	0
86	2	2	0
87	2	3	0
88	1	0	1
89	0	0	2
90	2	3	0
91	2	1	0
92	2	0	0
93	0	0	2
94	0	0	2
95	2	1	0
96	2	4	0
97	0	0	2
98	0	0	2
99	0	0	2
