Observation	Correct	FP	FN
0	2	0	0
1	2	0	0
2	2	0	0
3	2	0	0
4	2	0	0
5	2	0	0
6	2	0	0
7	2	0	0
8	2	0	0
9	2	0	0
10	2	0	0
11	2	0	0
12	2	0	0
13	2	0	0
14	2	0	0
15	2	0	0
16	1	0	1
17	2	0	0
18	2	0	0
19	1	0	1
20	2	0	0
21	2	0	0
22	1	0	1
23	2	0	0
24	2	0	0
25	1	0	1
26	2	0	0
27	1	0	1
28	1	0	1
29	1	0	1
30	2	0	0
31	2	0	0
32	1	0	1
33	2	0	0
34	2	0	0
35	2	1	0
36	2	0	0
37	2	0	0
38	2	1	0
39	2	0	0
40	2	1	0
41	2	0	0
42	1	0	1
43	1	0	1
44	1	0	1
45	1	0	1
46	2	0	0
47	2	0	0
48	2	0	0
49	2	0	0
50	1	0	1
51	2	0	0
52	1	0	1
53	1	0	1
54	2	1	0
55	2	0	0
56	1	0	1
57	1	0	1
58	1	0	1
59	2	1	0
60	1	0	1
61	1	0	1
62	1	0	1
63	1	0	1
64	2	0	0
65	2	1	0
66	2	1	0
67	2	1	0
68	2	1	0
69	2	1	0
70	0	0	2
71	1	0	1
72	2	1	0
73	2	1	0
74	2	0	0
75	2	1	0
76	0	0	2
77	2	0	0
78	1	0	1
79	2	1	0
80	2	1	0
81	2	1	0
82	1	0	1
83	2	0	0
84	1	0	1
85	0	0	2
86	2	0	0
87	0	0	2
88	2	0	0
89	2	1	0
90	1	0	1
91	2	1	0
92	2	1	0
93	2	1	0
94	2	0	0
95	2	0	0
96	2	1	0
97	2	1	0
98	2	1	0
99	2	0	0
