Observation	Correct	FP	FN
0	2	0	0
1	2	0	0
2	2	0	0
3	2	0	0
4	2	0	0
5	2	0	0
6	2	0	0
7	2	0	0
8	2	0	0
9	2	0	0
10	2	0	0
11	2	0	0
12	2	0	0
13	2	0	0
14	2	0	0
15	1	0	1
16	2	0	0
17	2	0	0
18	2	0	0
19	2	0	0
20	2	0	0
21	2	0	0
22	2	0	0
23	2	0	0
24	2	1	0
25	2	1	0
26	2	0	0
27	2	0	0
28	1	0	1
29	2	0	0
30	2	0	0
31	2	0	0
32	1	0	1
33	2	0	0
34	2	0	0
35	2	1	0
36	1	0	1
37	2	0	0
38	2	1	0
39	2	0	0
40	2	1	0
41	2	1	0
42	2	1	0
43	2	1	0
44	2	1	0
45	2	1	0
46	1	0	1
47	2	0	0
48	1	0	1
49	2	0	0
50	2	0	0
51	1	0	1
52	2	1	0
53	2	1	0
54	2	1	0
55	1	0	1
56	1	0	1
57	2	0	0
58	2	1	0
59	2	0	0
60	2	1	0
61	2	1	0
62	2	1	0
63	1	0	1
64	1	0	1
65	0	0	2
66	2	1	0
67	0	0	2
68	1	0	1
69	2	0	0
70	1	0	1
71	2	1	0
72	0	0	2
73	1	0	1
74	2	0	0
75	2	0	0
76	2	1	0
77	2	0	0
78	2	1	0
79	2	1	0
80	2	1	0
81	2	0	0
82	1	0	1
83	1	0	1
84	2	1	0
85	2	1	0
86	2	1	0
87	2	0	0
88	2	0	0
89	2	1	0
90	2	1	0
91	2	0	0
92	2	1	0
93	2	1	0
94	2	0	0
95	2	1	0
96	2	1	0
97	0	0	2
98	2	1	0
99	2	1	0
