Observation	Correct	FP	FN
0	9	1	0
1	9	2	0
2	9	2	0
3	9	0	0
4	9	2	0
5	9	2	0
6	9	2	0
7	9	2	0
8	9	0	0
9	9	0	0
10	9	2	0
11	9	1	0
12	9	1	0
13	9	2	0
14	9	0	0
15	9	1	0
16	9	0	0
17	9	1	0
18	9	0	0
19	9	0	0
20	9	0	0
21	9	0	0
22	9	2	0
23	9	2	0
24	8	1	1
25	9	3	0
26	9	0	0
27	9	0	0
28	9	1	0
29	9	0	0
30	9	0	0
31	9	2	0
32	8	1	1
33	9	2	0
34	9	0	0
35	9	0	0
36	9	0	0
37	9	0	0
38	8	0	1
39	9	0	0
40	9	0	0
41	9	0	0
42	8	1	1
43	9	0	0
44	8	0	1
45	9	0	0
46	9	2	0
47	9	0	0
48	9	0	0
49	8	0	1
50	7	0	2
51	9	0	0
52	8	0	1
53	8	1	1
54	9	0	0
55	9	0	0
56	9	3	0
57	8	0	1
58	9	3	0
59	9	1	0
60	9	4	0
61	9	4	0
62	7	0	2
63	9	3	0
64	9	3	0
65	8	0	1
66	9	0	0
67	7	0	2
68	9	2	0
69	9	0	0
70	9	4	0
71	9	0	0
72	9	4	0
73	9	2	0
74	9	3	0
75	8	0	1
76	7	1	2
77	9	0	0
78	7	1	2
79	9	4	0
80	9	4	0
81	7	0	2
82	7	0	2
83	9	0	0
84	8	0	1
85	9	4	0
86	9	2	0
87	7	0	2
88	9	2	0
89	9	4	0
90	9	4	0
91	9	4	0
92	9	4	0
93	7	0	2
94	7	0	2
95	8	3	1
96	9	0	0
97	7	0	2
98	9	4	0
99	7	0	2
