Observation	Correct	FP	FN
0	12	0	0
1	11	0	1
2	12	0	0
3	11	0	1
4	12	0	0
5	12	0	0
6	12	0	0
7	11	0	1
8	12	0	0
9	11	0	1
10	12	0	0
11	11	0	1
12	11	0	1
13	12	0	0
14	12	0	0
15	12	0	0
16	12	1	0
17	11	0	1
18	12	0	0
19	12	0	0
20	12	1	0
21	12	0	0
22	12	0	0
23	12	0	0
24	12	0	0
25	11	0	1
26	12	1	0
27	11	0	1
28	11	0	1
29	12	0	0
30	12	1	0
31	11	0	1
32	11	0	1
33	12	0	0
34	12	0	0
35	12	0	0
36	11	0	1
37	12	1	0
38	11	0	1
39	11	0	1
40	11	0	1
41	11	0	1
42	12	1	0
43	12	0	0
44	11	0	1
45	12	1	0
46	12	0	0
47	12	1	0
48	12	1	0
49	11	0	1
50	11	0	1
51	11	0	1
52	12	0	0
53	12	1	0
54	11	0	1
55	11	0	1
56	11	0	1
57	11	0	1
58	11	0	1
59	12	1	0
60	12	1	0
61	11	0	1
62	12	1	0
63	12	1	0
64	11	0	1
65	12	1	0
66	11	0	1
67	12	0	0
68	12	1	0
69	12	0	0
70	12	1	0
71	11	0	1
72	11	0	1
73	12	1	0
74	12	1	0
75	12	1	0
76	12	1	0
77	12	1	0
78	12	1	0
79	11	0	1
80	11	0	1
81	11	0	1
82	11	0	1
83	11	0	1
84	11	0	1
85	12	1	0
86	12	2	0
87	11	0	1
88	12	1	0
89	12	1	0
90	11	0	1
91	12	0	0
92	12	1	0
93	11	0	1
94	12	1	0
95	12	0	0
96	11	0	1
97	11	0	1
98	12	2	0
99	12	2	0
