Observation	Correct	FP	FN
0	5	2	0
1	5	1	0
2	5	2	0
3	5	3	0
4	5	2	0
5	5	1	0
6	5	3	0
7	5	1	0
8	5	1	0
9	5	1	0
10	5	2	0
11	5	1	0
12	5	0	0
13	5	1	0
14	5	0	0
15	5	2	0
16	5	1	0
17	5	0	0
18	5	1	0
19	5	2	0
20	5	1	0
21	5	1	0
22	5	3	0
23	5	3	0
24	5	0	0
25	5	1	0
26	5	0	0
27	5	2	0
28	5	1	0
29	5	0	0
30	5	3	0
31	5	3	0
32	5	2	0
33	5	2	0
34	5	3	0
35	5	0	0
36	5	3	0
37	5	1	0
38	5	0	0
39	5	3	0
40	5	1	0
41	5	3	0
42	5	2	0
43	5	2	0
44	5	1	0
45	5	1	0
46	5	1	0
47	5	0	0
48	5	0	0
49	5	2	0
50	5	1	0
51	5	2	0
52	5	3	0
53	5	2	0
54	5	1	0
55	5	2	0
56	5	0	0
57	5	0	0
58	5	0	0
59	5	0	0
60	5	2	0
61	5	0	0
62	5	2	0
63	5	2	0
64	5	3	0
65	5	3	0
66	5	0	0
67	5	2	0
68	5	1	0
69	5	1	0
70	5	0	0
71	5	4	0
72	5	2	0
73	5	1	0
74	5	3	0
75	5	2	0
76	5	1	0
77	5	1	0
78	5	4	0
79	5	2	0
80	5	4	0
81	5	0	0
82	5	2	0
83	5	4	0
84	5	1	0
85	5	4	0
86	5	1	0
87	5	2	0
88	5	2	0
89	5	3	0
90	5	4	0
91	5	5	0
92	5	5	0
93	5	5	0
94	5	1	0
95	5	5	0
96	5	0	0
97	5	4	0
98	5	3	0
99	5	4	0
