Observation	Correct	FP	FN
0	2	0	0
1	2	0	0
2	2	0	0
3	2	0	0
4	2	0	0
5	2	0	0
6	2	0	0
7	2	0	0
8	2	0	0
9	2	0	0
10	2	0	0
11	2	0	0
12	2	0	0
13	2	0	0
14	2	0	0
15	2	0	0
16	2	0	0
17	2	0	0
18	2	0	0
19	2	0	0
20	2	0	0
21	2	0	0
22	1	0	1
23	1	0	1
24	1	0	1
25	1	0	1
26	2	0	0
27	2	0	0
28	1	0	1
29	2	0	0
30	2	1	0
31	1	0	1
32	2	0	0
33	1	0	1
34	1	0	1
35	2	0	0
36	1	0	1
37	1	0	1
38	2	0	0
39	1	0	1
40	2	1	0
41	1	0	1
42	1	0	1
43	1	0	1
44	2	1	0
45	1	0	1
46	1	0	1
47	1	0	1
48	2	1	0
49	1	0	1
50	1	0	1
51	1	0	1
52	1	0	1
53	2	1	0
54	1	0	1
55	2	0	0
56	1	0	1
57	1	0	1
58	2	0	0
59	1	0	1
60	2	1	0
61	2	0	0
62	1	0	1
63	2	0	0
64	2	0	0
65	2	0	0
66	2	1	0
67	2	0	0
68	2	0	0
69	2	1	0
70	1	0	1
71	1	0	1
72	0	0	2
73	2	0	0
74	2	1	0
75	2	1	0
76	2	1	0
77	2	1	0
78	0	0	2
79	2	1	0
80	2	1	0
81	0	0	2
82	1	0	1
83	2	1	0
84	1	0	1
85	2	0	0
86	0	0	2
87	2	0	0
88	2	0	0
89	1	0	1
90	1	0	1
91	0	0	2
92	2	1	0
93	2	1	0
94	0	0	2
95	0	0	2
96	0	0	2
97	2	0	0
98	2	1	0
99	2	1	0
