Observation	Correct	FP	FN
0	2	0	0
1	2	0	0
2	2	0	0
3	2	0	0
4	2	0	0
5	2	0	0
6	2	0	0
7	2	0	0
8	2	0	0
9	2	0	0
10	1	0	1
11	2	0	0
12	2	0	0
13	1	0	1
14	2	0	0
15	2	0	0
16	2	0	0
17	1	0	1
18	2	0	0
19	2	0	0
20	2	0	0
21	2	0	0
22	1	0	1
23	2	0	0
24	1	0	1
25	2	0	0
26	2	0	0
27	1	0	1
28	2	0	0
29	2	0	0
30	2	0	0
31	1	0	1
32	2	0	0
33	2	1	0
34	2	1	0
35	2	0	0
36	2	0	0
37	1	0	1
38	2	1	0
39	2	1	0
40	2	0	0
41	2	0	0
42	0	0	2
43	2	0	0
44	2	1	0
45	0	0	2
46	2	0	0
47	2	1	0
48	2	1	0
49	2	0	0
50	2	1	0
51	2	1	0
52	1	0	1
53	2	0	0
54	2	1	0
55	2	0	0
56	2	1	0
57	2	0	0
58	2	0	0
59	2	1	0
60	2	0	0
61	2	1	0
62	2	1	0
63	2	1	0
64	2	1	0
65	2	1	0
66	0	0	2
67	0	0	2
68	2	1	0
69	2	1	0
70	0	0	2
71	2	0	0
72	0	0	2
73	0	0	2
74	1	0	1
75	2	1	0
76	2	1	0
77	2	1	0
78	2	0	0
79	0	0	2
80	1	0	1
81	2	1	0
82	2	0	0
83	0	0	2
84	2	1	0
85	2	0	0
86	1	0	1
87	0	0	2
88	2	1	0
89	0	0	2
90	0	0	2
91	0	0	2
92	2	1	0
93	0	0	2
94	0	0	2
95	2	0	0
96	2	1	0
97	2	1	0
98	0	0	2
99	1	0	1
