Observation	Correct	FP	FN
0	2	0	0
1	2	0	0
2	2	0	0
3	2	0	0
4	2	0	0
5	2	0	0
6	2	0	0
7	2	0	0
8	2	0	0
9	2	0	0
10	2	0	0
11	2	0	0
12	2	0	0
13	1	0	1
14	2	0	0
15	2	0	0
16	2	0	0
17	2	0	0
18	1	0	1
19	1	0	1
20	2	0	0
21	2	0	0
22	2	0	0
23	2	0	0
24	2	0	0
25	1	0	1
26	1	0	1
27	2	0	0
28	2	0	0
29	2	0	0
30	1	0	1
31	2	0	0
32	1	0	1
33	2	0	0
34	1	0	1
35	2	1	0
36	1	0	1
37	1	0	1
38	1	0	1
39	2	0	0
40	2	0	0
41	2	1	0
42	2	1	0
43	2	0	0
44	2	0	0
45	1	0	1
46	2	1	0
47	0	0	2
48	2	0	0
49	2	0	0
50	0	0	2
51	2	1	0
52	0	0	2
53	2	0	0
54	2	0	0
55	0	0	2
56	1	0	1
57	2	0	0
58	0	0	2
59	0	0	2
60	2	0	0
61	2	0	0
62	0	0	2
63	1	0	1
64	0	0	2
65	1	0	1
66	0	0	2
67	0	0	2
68	2	1	0
69	2	1	0
70	0	0	2
71	2	1	0
72	2	0	0
73	2	0	0
74	1	0	1
75	2	0	0
76	2	1	0
77	1	0	1
78	2	0	0
79	2	1	0
80	2	1	0
81	0	0	2
82	2	0	0
83	0	0	2
84	2	0	0
85	0	0	2
86	0	0	2
87	0	0	2
88	2	1	0
89	2	1	0
90	2	0	0
91	0	0	2
92	0	0	2
93	0	0	2
94	2	1	0
95	0	0	2
96	0	0	2
97	0	0	2
98	0	0	2
99	2	1	0
