Observation	Correct	FP	FN
0	8	2	0
1	8	2	0
2	8	2	0
3	8	2	0
4	8	2	0
5	8	2	0
6	8	2	0
7	8	2	0
8	8	2	0
9	8	2	0
10	8	2	0
11	8	2	0
12	8	2	0
13	8	2	0
14	8	2	0
15	8	2	0
16	8	2	0
17	8	2	0
18	8	2	0
19	8	2	0
20	8	2	0
21	8	2	0
22	8	2	0
23	8	2	0
24	8	2	0
25	8	2	0
26	8	2	0
27	8	2	0
28	8	2	0
29	8	2	0
30	8	2	0
31	8	2	0
32	8	2	0
33	8	2	0
34	8	2	0
35	8	2	0
36	8	2	0
37	8	2	0
38	8	2	0
39	8	3	0
40	8	2	0
41	8	2	0
42	8	3	0
43	8	1	0
44	8	2	0
45	8	2	0
46	8	2	0
47	8	1	0
48	8	2	0
49	8	3	0
50	8	3	0
51	8	2	0
52	8	2	0
53	8	2	0
54	8	3	0
55	8	3	0
56	8	2	0
57	8	3	0
58	8	2	0
59	8	2	0
60	8	3	0
61	8	1	0
62	8	2	0
63	8	3	0
64	8	1	0
65	8	2	0
66	8	3	0
67	8	2	0
68	8	2	0
69	8	1	0
70	8	3	0
71	8	3	0
72	8	2	0
73	8	3	0
74	8	3	0
75	8	3	0
76	8	1	0
77	8	2	0
78	8	3	0
79	8	1	0
80	8	2	0
81	8	2	0
82	8	2	0
83	8	2	0
84	8	3	0
85	8	3	0
86	8	2	0
87	8	3	0
88	8	1	0
89	8	2	0
90	8	3	0
91	8	1	0
92	8	1	0
93	8	1	0
94	8	2	0
95	8	3	0
96	8	2	0
97	8	2	0
98	8	4	0
99	8	4	0
