Observation	Correct	FP	FN
0	4	0	0
1	4	0	0
2	4	1	0
3	4	1	0
4	4	1	0
5	4	0	0
6	4	1	0
7	4	1	0
8	4	1	0
9	4	0	0
10	4	0	0
11	4	1	0
12	3	0	1
13	3	0	1
14	3	0	1
15	4	1	0
16	4	1	0
17	4	0	0
18	4	0	0
19	4	1	0
20	4	1	0
21	4	1	0
22	4	0	0
23	2	0	2
24	4	1	0
25	4	1	0
26	4	0	0
27	3	0	1
28	4	1	0
29	4	0	0
30	3	0	1
31	4	1	0
32	4	1	0
33	3	0	1
34	4	2	0
35	4	2	0
36	1	0	3
37	3	0	1
38	4	1	0
39	4	2	0
40	3	0	1
41	0	0	4
42	0	0	4
43	3	0	1
44	0	0	4
45	4	1	0
46	3	0	1
47	1	0	3
48	4	1	0
49	3	0	1
50	4	2	0
51	4	0	0
52	4	2	0
53	1	0	3
54	0	0	4
55	3	0	1
56	4	2	0
57	3	1	1
58	4	2	0
59	0	0	4
60	1	0	3
61	0	0	4
62	3	0	1
63	4	2	0
64	4	1	0
65	0	0	4
66	0	0	4
67	4	2	0
68	4	2	0
69	0	0	4
70	2	0	2
71	0	0	4
72	2	0	2
73	4	2	0
74	4	1	0
75	0	0	4
76	0	0	4
77	1	0	3
78	4	1	0
79	1	0	3
80	2	0	2
81	4	2	0
82	4	1	0
83	2	0	2
84	1	0	3
85	0	0	4
86	1	0	3
87	4	2	0
88	4	1	0
89	0	0	4
90	0	0	4
91	0	0	4
92	2	1	2
93	0	0	4
94	1	0	3
95	4	3	0
96	0	0	4
97	3	1	1
98	2	0	2
99	1	1	3
