Observation	Correct	FP	FN
0	2	1	0
1	2	2	0
2	2	1	0
3	2	0	0
4	2	2	0
5	2	0	0
6	2	1	0
7	2	2	0
8	2	2	0
9	2	0	0
10	2	0	0
11	2	2	0
12	2	1	0
13	2	2	0
14	2	0	0
15	2	0	0
16	2	2	0
17	2	2	0
18	2	2	0
19	2	0	0
20	1	0	1
21	1	0	1
22	2	0	0
23	2	2	0
24	2	2	0
25	2	3	0
26	2	2	0
27	1	0	1
28	2	0	0
29	2	0	0
30	1	0	1
31	2	3	0
32	2	2	0
33	1	0	1
34	1	0	1
35	2	2	0
36	2	3	0
37	2	0	0
38	2	0	0
39	2	4	0
40	2	2	0
41	2	3	0
42	1	0	1
43	2	0	0
44	2	0	0
45	2	2	0
46	2	3	0
47	1	2	1
48	2	2	0
49	2	3	0
50	2	0	0
51	1	0	1
52	2	3	0
53	2	1	0
54	1	0	1
55	2	3	0
56	2	3	0
57	2	0	0
58	2	0	0
59	2	3	0
60	2	4	0
61	1	0	1
62	1	0	1
63	2	4	0
64	2	0	0
65	2	4	0
66	2	4	0
67	1	0	1
68	2	4	0
69	2	4	0
70	2	1	0
71	2	4	0
72	0	0	2
73	2	4	0
74	2	1	0
75	2	1	0
76	2	0	0
77	1	2	1
78	2	4	0
79	1	0	1
80	2	4	0
81	0	0	2
82	2	3	0
83	2	0	0
84	1	0	1
85	0	0	2
86	2	4	0
87	0	0	2
88	2	0	0
89	0	0	2
90	0	0	2
91	0	0	2
92	0	1	2
93	2	4	0
94	2	1	0
95	2	3	0
96	2	4	0
97	0	0	2
98	2	5	0
99	2	3	0
