Observation	Correct	FP	FN
0	2	0	0
1	2	0	0
2	2	0	0
3	2	0	0
4	2	0	0
5	2	0	0
6	2	0	0
7	2	0	0
8	2	0	0
9	2	0	0
10	2	0	0
11	2	0	0
12	2	0	0
13	2	0	0
14	2	0	0
15	2	0	0
16	2	0	0
17	2	0	0
18	2	0	0
19	2	0	0
20	1	0	1
21	1	0	1
22	2	0	0
23	2	0	0
24	2	0	0
25	2	1	0
26	2	0	0
27	2	0	0
28	1	0	1
29	2	0	0
30	2	1	0
31	2	1	0
32	1	0	1
33	2	0	0
34	1	0	1
35	2	0	0
36	2	0	0
37	2	0	0
38	2	1	0
39	1	0	1
40	2	1	0
41	1	0	1
42	2	0	0
43	1	0	1
44	2	0	0
45	1	0	1
46	2	0	0
47	2	0	0
48	1	0	1
49	2	1	0
50	2	1	0
51	1	0	1
52	2	0	0
53	2	0	0
54	2	0	0
55	2	0	0
56	1	0	1
57	2	0	0
58	1	0	1
59	2	1	0
60	1	0	1
61	1	0	1
62	2	1	0
63	2	0	0
64	1	0	1
65	2	1	0
66	0	0	2
67	0	0	2
68	2	0	0
69	2	0	0
70	1	0	1
71	2	1	0
72	0	0	2
73	2	1	0
74	2	1	0
75	0	0	2
76	2	0	0
77	2	0	0
78	0	0	2
79	2	1	0
80	2	1	0
81	2	0	0
82	2	1	0
83	2	1	0
84	2	0	0
85	2	1	0
86	2	1	0
87	1	0	1
88	2	1	0
89	2	1	0
90	2	1	0
91	0	0	2
92	1	0	1
93	2	1	0
94	0	0	2
95	2	1	0
96	2	0	0
97	2	1	0
98	2	1	0
99	2	0	0
