Observation	Correct	FP	FN
0	2	0	0
1	2	0	0
2	2	0	0
3	2	0	0
4	2	0	0
5	2	0	0
6	2	0	0
7	2	0	0
8	2	0	0
9	2	0	0
10	2	0	0
11	2	0	0
12	2	0	0
13	2	0	0
14	2	0	0
15	1	0	1
16	2	0	0
17	2	1	0
18	1	0	1
19	2	0	0
20	2	1	0
21	2	0	0
22	1	0	1
23	2	0	0
24	2	1	0
25	2	0	0
26	1	0	1
27	1	0	1
28	2	1	0
29	2	0	0
30	2	0	0
31	1	0	1
32	2	0	0
33	2	1	0
34	1	0	1
35	2	1	0
36	2	1	0
37	2	0	0
38	2	0	0
39	2	0	0
40	1	0	1
41	2	0	0
42	2	0	0
43	2	0	0
44	1	0	1
45	2	3	0
46	2	2	0
47	2	0	0
48	2	3	0
49	2	1	0
50	2	0	0
51	0	0	2
52	0	0	2
53	1	0	1
54	2	3	0
55	0	0	2
56	1	0	1
57	2	1	0
58	0	0	2
59	2	2	0
60	2	0	0
61	2	0	0
62	2	1	0
63	0	0	2
64	1	0	1
65	2	1	0
66	2	0	0
67	2	5	0
68	2	5	0
69	0	0	2
70	0	0	2
71	2	5	0
72	2	3	0
73	1	0	1
74	1	0	1
75	2	4	0
76	2	0	0
77	2	1	0
78	0	0	2
79	2	3	0
80	2	0	0
81	0	0	2
82	2	5	0
83	2	0	0
84	2	1	0
85	0	0	2
86	0	0	2
87	0	0	2
88	0	0	2
89	2	4	0
90	1	0	1
91	2	0	0
92	0	0	2
93	2	0	0
94	0	0	2
95	2	5	0
96	0	0	2
97	2	5	0
98	2	0	0
99	2	5	0
