Observation	Correct	FP	FN
0	8	2	0
1	8	2	0
2	8	2	0
3	8	1	0
4	8	1	0
5	8	1	0
6	8	2	0
7	8	2	0
8	8	2	0
9	8	1	0
10	8	2	0
11	8	1	0
12	8	1	0
13	8	2	0
14	8	0	0
15	8	2	0
16	8	1	0
17	8	1	0
18	8	0	0
19	8	0	0
20	8	2	0
21	8	0	0
22	8	2	0
23	8	2	0
24	8	2	0
25	8	3	0
26	8	2	0
27	7	0	1
28	8	1	0
29	7	0	1
30	8	1	0
31	7	0	1
32	8	2	0
33	8	2	0
34	8	3	0
35	8	3	0
36	7	0	1
37	8	0	0
38	7	0	1
39	8	2	0
40	7	0	1
41	8	1	0
42	8	3	0
43	8	3	0
44	8	0	0
45	7	0	1
46	8	1	0
47	8	2	0
48	8	2	0
49	8	3	0
50	7	0	1
51	7	0	1
52	7	0	1
53	8	3	0
54	7	0	1
55	8	3	0
56	8	2	0
57	8	2	0
58	7	0	1
59	8	3	0
60	8	2	0
61	8	2	0
62	8	3	0
63	8	3	0
64	8	2	0
65	7	0	1
66	8	1	0
67	7	0	1
68	7	0	1
69	8	1	0
70	8	3	0
71	8	3	0
72	8	1	0
73	8	3	0
74	7	0	1
75	7	0	1
76	7	0	1
77	7	0	1
78	7	0	1
79	8	3	0
80	8	1	0
81	8	0	0
82	8	1	0
83	8	2	0
84	8	3	0
85	8	3	0
86	7	0	1
87	7	0	1
88	8	2	0
89	8	3	0
90	8	3	0
91	8	2	0
92	7	0	1
93	8	2	0
94	7	0	1
95	7	0	1
96	7	0	1
97	7	0	1
98	8	1	0
99	8	0	0
