Observation	Correct	FP	FN
0	19	1	0
1	19	1	0
2	19	1	0
3	19	1	0
4	19	2	0
5	19	1	0
6	19	3	0
7	19	3	0
8	19	2	0
9	19	1	0
10	19	1	0
11	19	3	0
12	19	2	0
13	19	1	0
14	19	1	0
15	19	1	0
16	19	1	0
17	19	2	0
18	19	0	0
19	19	3	0
20	19	1	0
21	19	1	0
22	19	2	0
23	19	1	0
24	19	1	0
25	19	1	0
26	19	2	0
27	19	1	0
28	19	1	0
29	19	3	0
30	19	3	0
31	19	1	0
32	19	2	0
33	19	1	0
34	19	1	0
35	19	1	0
36	19	2	0
37	19	3	0
38	19	1	0
39	19	2	0
40	19	1	0
41	19	2	0
42	19	2	0
43	19	3	0
44	19	2	0
45	19	1	0
46	19	2	0
47	19	1	0
48	19	1	0
49	19	1	0
50	19	1	0
51	19	1	0
52	19	1	0
53	19	1	0
54	19	2	0
55	19	1	0
56	19	1	0
57	19	1	0
58	19	3	0
59	19	1	0
60	19	1	0
61	19	1	0
62	19	1	0
63	19	3	0
64	19	2	0
65	19	2	0
66	19	1	0
67	19	1	0
68	19	1	0
69	19	2	0
70	19	2	0
71	19	2	0
72	19	2	0
73	19	1	0
74	19	1	0
75	19	1	0
76	19	1	0
77	19	2	0
78	19	1	0
79	19	1	0
80	19	2	0
81	19	3	0
82	19	1	0
83	19	1	0
84	19	1	0
85	19	1	0
86	19	2	0
87	19	1	0
88	19	1	0
89	19	2	0
90	19	2	0
91	19	2	0
92	19	3	0
93	19	1	0
94	19	1	0
95	19	2	0
96	19	3	0
97	19	1	0
98	19	1	0
99	19	2	0
