Observation	Correct	FP	FN
0	19	3	0
1	19	4	0
2	19	3	0
3	19	3	0
4	19	3	0
5	19	3	0
6	19	3	0
7	19	3	0
8	19	3	0
9	19	3	0
10	19	3	0
11	19	3	0
12	19	3	0
13	19	3	0
14	19	3	0
15	19	3	0
16	19	3	0
17	19	3	0
18	19	3	0
19	19	3	0
20	19	3	0
21	19	3	0
22	19	3	0
23	19	3	0
24	19	3	0
25	19	3	0
26	19	3	0
27	19	3	0
28	19	3	0
29	19	3	0
30	19	3	0
31	19	3	0
32	19	3	0
33	19	3	0
34	19	3	0
35	19	3	0
36	19	3	0
37	19	3	0
38	19	3	0
39	19	3	0
40	19	3	0
41	19	3	0
42	19	3	0
43	19	3	0
44	19	3	0
45	19	3	0
46	19	3	0
47	19	3	0
48	19	3	0
49	19	3	0
50	19	3	0
51	19	3	0
52	19	3	0
53	19	3	0
54	19	3	0
55	19	3	0
56	19	3	0
57	19	3	0
58	19	3	0
59	19	3	0
60	19	3	0
61	19	3	0
62	19	3	0
63	19	3	0
64	19	3	0
65	19	3	0
66	19	3	0
67	19	3	0
68	19	3	0
69	19	3	0
70	19	3	0
71	19	3	0
72	19	3	0
73	19	3	0
74	19	3	0
75	19	3	0
76	19	3	0
77	19	3	0
78	19	3	0
79	19	3	0
80	19	4	0
81	19	3	0
82	19	3	0
83	19	3	0
84	19	3	0
85	19	3	0
86	19	3	0
87	19	3	0
88	19	4	0
89	19	3	0
90	19	3	0
91	19	3	0
92	19	3	0
93	19	3	0
94	19	4	0
95	19	3	0
96	19	3	0
97	19	3	0
98	19	3	0
99	19	3	0
