Observation	Correct	FP	FN
0	10	2	0
1	10	2	0
2	10	2	0
3	10	2	0
4	10	2	0
5	10	2	0
6	10	2	0
7	10	2	0
8	10	2	0
9	10	2	0
10	10	2	0
11	10	2	0
12	10	3	0
13	10	2	0
14	10	2	0
15	10	2	0
16	10	2	0
17	10	3	0
18	10	2	0
19	10	3	0
20	10	2	0
21	10	2	0
22	10	2	0
23	10	2	0
24	10	2	0
25	10	2	0
26	10	2	0
27	10	2	0
28	10	3	0
29	10	2	0
30	10	3	0
31	10	2	0
32	10	3	0
33	10	2	0
34	10	2	0
35	10	2	0
36	10	2	0
37	10	2	0
38	10	3	0
39	10	2	0
40	10	3	0
41	10	2	0
42	10	2	0
43	10	2	0
44	10	2	0
45	10	2	0
46	10	2	0
47	10	2	0
48	10	2	0
49	10	2	0
50	10	2	0
51	10	2	0
52	10	2	0
53	10	2	0
54	10	2	0
55	10	2	0
56	10	2	0
57	10	2	0
58	10	2	0
59	10	3	0
60	10	2	0
61	10	2	0
62	10	2	0
63	10	2	0
64	10	2	0
65	10	2	0
66	10	3	0
67	10	2	0
68	10	2	0
69	10	2	0
70	10	2	0
71	10	2	0
72	10	2	0
73	10	2	0
74	10	2	0
75	10	2	0
76	10	2	0
77	10	2	0
78	10	2	0
79	10	3	0
80	10	2	0
81	10	2	0
82	10	2	0
83	10	2	0
84	10	2	0
85	10	2	0
86	10	2	0
87	10	2	0
88	10	2	0
89	10	2	0
90	10	2	0
91	10	2	0
92	10	2	0
93	10	2	0
94	10	2	0
95	10	3	0
96	10	2	0
97	10	2	0
98	10	2	0
99	10	3	0
