Observation	Correct	FP	FN
0	12	4	0
1	12	4	0
2	12	4	0
3	12	4	0
4	12	3	0
5	12	4	0
6	12	4	0
7	12	4	0
8	12	3	0
9	12	4	0
10	12	4	0
11	12	4	0
12	12	4	0
13	12	4	0
14	12	4	0
15	12	4	0
16	12	4	0
17	12	3	0
18	12	4	0
19	12	4	0
20	12	4	0
21	12	4	0
22	12	3	0
23	12	4	0
24	12	3	0
25	12	4	0
26	12	4	0
27	12	3	0
28	12	4	0
29	12	3	0
30	12	4	0
31	12	4	0
32	12	4	0
33	12	4	0
34	12	4	0
35	12	4	0
36	12	4	0
37	12	4	0
38	12	3	0
39	12	4	0
40	12	4	0
41	12	3	0
42	12	4	0
43	12	3	0
44	12	4	0
45	12	4	0
46	12	4	0
47	12	4	0
48	12	3	0
49	12	4	0
50	12	4	0
51	12	4	0
52	12	4	0
53	12	4	0
54	12	4	0
55	12	4	0
56	12	4	0
57	12	3	0
58	12	4	0
59	12	3	0
60	12	4	0
61	12	3	0
62	12	4	0
63	12	4	0
64	12	3	0
65	12	4	0
66	12	3	0
67	12	3	0
68	12	3	0
69	12	4	0
70	12	4	0
71	12	3	0
72	12	4	0
73	12	4	0
74	12	4	0
75	12	4	0
76	12	4	0
77	12	4	0
78	12	4	0
79	12	4	0
80	12	4	0
81	12	4	0
82	12	4	0
83	12	4	0
84	12	4	0
85	12	3	0
86	12	4	0
87	12	4	0
88	12	4	0
89	12	4	0
90	12	4	0
91	12	4	0
92	12	3	0
93	12	4	0
94	12	4	0
95	12	4	0
96	12	3	0
97	12	4	0
98	12	4	0
99	12	3	0
