Observation	Correct	FP	FN
0	10	4	0
1	9	4	1
2	10	4	0
3	10	4	0
4	10	4	0
5	10	4	0
6	10	4	0
7	10	4	0
8	10	4	0
9	9	4	1
10	10	4	0
11	10	4	0
12	9	4	1
13	9	4	1
14	10	4	0
15	10	4	0
16	10	4	0
17	10	4	0
18	10	4	0
19	10	4	0
20	9	4	1
21	10	4	0
22	9	4	1
23	9	4	1
24	10	4	0
25	10	4	0
26	9	4	1
27	10	4	0
28	10	4	0
29	10	4	0
30	10	4	0
31	9	4	1
32	10	4	0
33	10	4	0
34	9	4	1
35	9	4	1
36	10	4	0
37	10	4	0
38	10	4	0
39	10	4	0
40	9	4	1
41	10	4	0
42	9	4	1
43	10	4	0
44	9	4	1
45	10	4	0
46	9	4	1
47	10	4	0
48	10	4	0
49	9	4	1
50	9	4	1
51	9	4	1
52	9	4	1
53	9	4	1
54	10	4	0
55	10	4	0
56	10	4	0
57	10	4	0
58	10	4	0
59	10	4	0
60	9	4	1
61	9	4	1
62	9	4	1
63	10	4	0
64	9	4	1
65	10	4	0
66	10	4	0
67	10	4	0
68	10	4	0
69	10	4	0
70	9	4	1
71	9	4	1
72	10	4	0
73	9	4	1
74	10	4	0
75	10	4	0
76	9	4	1
77	10	4	0
78	10	4	0
79	10	4	0
80	10	4	0
81	9	4	1
82	9	4	1
83	10	4	0
84	10	4	0
85	10	4	0
86	10	4	0
87	10	4	0
88	9	4	1
89	10	4	0
90	10	4	0
91	10	4	0
92	9	4	1
93	9	4	1
94	9	4	1
95	9	4	1
96	10	4	0
97	9	4	1
98	9	4	1
99	9	4	1
