Observation	Correct	FP	FN
0	15	7	0
1	15	7	0
2	15	7	0
3	15	7	0
4	15	7	0
5	15	7	0
6	15	7	0
7	15	7	0
8	15	7	0
9	15	7	0
10	15	7	0
11	15	7	0
12	15	7	0
13	15	7	0
14	15	7	0
15	15	7	0
16	15	7	0
17	15	7	0
18	15	7	0
19	15	7	0
20	15	7	0
21	15	7	0
22	15	7	0
23	15	7	0
24	15	7	0
25	15	7	0
26	15	7	0
27	15	7	0
28	15	7	0
29	15	7	0
30	15	7	0
31	15	7	0
32	15	7	0
33	15	7	0
34	15	7	0
35	15	7	0
36	15	7	0
37	15	7	0
38	15	7	0
39	15	7	0
40	15	7	0
41	15	7	0
42	15	7	0
43	15	7	0
44	15	7	0
45	15	7	0
46	15	7	0
47	15	7	0
48	15	7	0
49	15	7	0
50	15	7	0
51	15	7	0
52	15	7	0
53	15	7	0
54	15	7	0
55	15	7	0
56	15	7	0
57	15	7	0
58	15	7	0
59	15	7	0
60	15	7	0
61	15	7	0
62	15	7	0
63	15	7	0
64	15	7	0
65	15	7	0
66	15	7	0
67	15	7	0
68	15	7	0
69	15	7	0
70	15	7	0
71	15	7	0
72	15	7	0
73	15	7	0
74	15	7	0
75	15	7	0
76	15	7	0
77	15	7	0
78	15	7	0
79	15	7	0
80	15	7	0
81	15	7	0
82	15	7	0
83	15	7	0
84	15	7	0
85	15	7	0
86	15	7	0
87	15	7	0
88	15	7	0
89	15	7	0
90	15	7	0
91	15	7	0
92	15	7	0
93	15	7	0
94	15	7	0
95	15	7	0
96	15	7	0
97	15	7	0
98	15	7	0
99	15	7	0
