Observation	Correct	FP	FN
0	4	6	0
1	4	5	0
2	4	4	0
3	4	5	0
4	4	6	0
5	4	4	0
6	4	4	0
7	4	6	0
8	4	4	0
9	4	6	0
10	4	6	0
11	4	6	0
12	4	4	0
13	4	5	0
14	4	5	0
15	4	4	0
16	4	6	0
17	4	4	0
18	4	4	0
19	4	6	0
20	4	6	0
21	4	6	0
22	4	4	0
23	4	4	0
24	4	5	0
25	4	4	0
26	4	4	0
27	4	4	0
28	4	5	0
29	4	4	0
30	4	4	0
31	4	6	0
32	4	4	0
33	4	5	0
34	4	4	0
35	4	4	0
36	4	6	0
37	4	6	0
38	4	6	0
39	4	4	0
40	4	5	0
41	4	4	0
42	4	4	0
43	4	6	0
44	4	4	0
45	4	4	0
46	4	6	0
47	4	6	0
48	4	6	0
49	4	4	0
50	4	6	0
51	4	6	0
52	4	4	0
53	4	4	0
54	4	4	0
55	4	6	0
56	4	4	0
57	4	4	0
58	4	4	0
59	4	6	0
60	4	6	0
61	4	5	0
62	4	6	0
63	4	6	0
64	4	5	0
65	4	6	0
66	4	4	0
67	4	4	0
68	4	5	0
69	4	4	0
70	4	6	0
71	4	6	0
72	4	5	0
73	4	6	0
74	4	5	0
75	4	5	0
76	4	6	0
77	4	6	0
78	4	6	0
79	4	5	0
80	4	5	0
81	4	4	0
82	4	6	0
83	4	6	0
84	4	4	0
85	4	4	0
86	4	4	0
87	4	6	0
88	4	5	0
89	4	4	0
90	4	5	0
91	4	4	0
92	4	4	0
93	4	4	0
94	4	5	0
95	4	4	0
96	4	4	0
97	4	4	0
98	4	6	0
99	4	6	0
