Observation	Correct	FP	FN
0	2	2	0
1	2	3	0
2	2	4	0
3	2	2	0
4	2	3	0
5	2	2	0
6	2	4	0
7	2	2	0
8	2	2	0
9	2	4	0
10	2	2	0
11	2	3	0
12	2	4	0
13	2	4	0
14	2	4	0
15	2	4	0
16	2	3	0
17	2	2	0
18	2	4	0
19	2	3	0
20	2	3	0
21	2	2	0
22	2	2	0
23	2	2	0
24	2	4	0
25	2	2	0
26	2	4	0
27	2	4	0
28	2	4	0
29	2	4	0
30	2	4	0
31	2	4	0
32	2	4	0
33	2	2	0
34	2	4	0
35	2	4	0
36	2	3	0
37	2	4	0
38	2	3	0
39	2	2	0
40	2	4	0
41	2	4	0
42	2	3	0
43	2	4	0
44	2	4	0
45	2	2	0
46	2	4	0
47	2	3	0
48	2	4	0
49	2	4	0
50	2	3	0
51	2	2	0
52	2	3	0
53	2	2	0
54	2	4	0
55	2	4	0
56	2	2	0
57	2	3	0
58	2	4	0
59	2	4	0
60	2	2	0
61	2	4	0
62	2	2	0
63	2	3	0
64	2	4	0
65	2	4	0
66	2	2	0
67	2	2	0
68	2	2	0
69	2	4	0
70	2	4	0
71	2	2	0
72	2	4	0
73	2	3	0
74	2	4	0
75	2	2	0
76	2	3	0
77	2	2	0
78	2	3	0
79	2	4	0
80	2	2	0
81	2	4	0
82	2	2	0
83	2	2	0
84	2	4	0
85	2	3	0
86	2	2	0
87	2	4	0
88	2	4	0
89	2	4	0
90	2	2	0
91	2	4	0
92	2	4	0
93	2	2	0
94	2	3	0
95	2	2	0
96	2	4	0
97	2	4	0
98	2	4	0
99	2	2	0
