Observation	Correct	FP	FN
0	12	0	0
1	12	0	0
2	12	0	0
3	11	0	1
4	12	0	0
5	11	0	1
6	12	0	0
7	12	0	0
8	12	0	0
9	12	0	0
10	12	0	0
11	12	0	0
12	12	0	0
13	12	0	0
14	12	0	0
15	12	0	0
16	12	0	0
17	11	0	1
18	12	0	0
19	12	0	0
20	11	0	1
21	12	0	0
22	12	0	0
23	12	0	0
24	12	0	0
25	12	0	0
26	12	0	0
27	12	0	0
28	12	0	0
29	12	0	0
30	12	0	0
31	11	0	1
32	11	0	1
33	12	0	0
34	11	0	1
35	12	0	0
36	12	0	0
37	11	0	1
38	12	0	0
39	11	0	1
40	12	0	0
41	12	0	0
42	12	0	0
43	11	0	1
44	12	0	0
45	12	0	0
46	12	0	0
47	12	0	0
48	12	0	0
49	12	0	0
50	12	0	0
51	12	0	0
52	12	0	0
53	12	0	0
54	12	0	0
55	12	0	0
56	12	0	0
57	12	0	0
58	12	0	0
59	11	0	1
60	12	0	0
61	12	0	0
62	12	0	0
63	11	0	1
64	11	0	1
65	12	0	0
66	11	0	1
67	12	0	0
68	11	0	1
69	12	0	0
70	11	0	1
71	12	0	0
72	12	0	0
73	11	0	1
74	12	0	0
75	12	0	0
76	11	0	1
77	12	0	0
78	11	0	1
79	11	0	1
80	11	0	1
81	11	0	1
82	11	0	1
83	12	0	0
84	11	0	1
85	11	0	1
86	12	0	0
87	11	0	1
88	11	0	1
89	12	0	0
90	11	0	1
91	12	0	0
92	12	0	0
93	12	0	0
94	11	0	1
95	11	0	1
96	12	0	0
97	11	0	1
98	12	0	0
99	12	0	0
