4.133940129473716
3.9407630422512097
4.87160943174294
3.5250853208055464
4.519599907010404
1.628000366159239
3.05840480883347
1.7141457356118728
3.445622749106004
3.1542947435475774
3.7928687526985825
4.951800936257678
2.441744772964322
1.8733756591089692
4.785805180189141
1.111795783686136
3.2114971797660345
2.568479384342781
4.765981749329487
4.611278727814891
2.849699158004731
4.796176374982044
4.60900228013376
4.747450882898463
3.670281264958185
4.395663640795556
2.7957096474675716
2.79177171592201
2.219756003163454
3.701804695927183
3.2667121032115527
1.0985917624564936
2.586621619441095
1.6588701754243365
3.5690892679109902
4.430893685361993
2.6153077300500422
4.471211437864313
2.1496233570572705
4.876033326170219
3.68596057107136
3.1597873178422047
2.7496455447777115
0.2626176168725765
2.2604136145505644
4.481356210196153
3.879569544547431
3.9987873325991843
4.301145624534539
3.3682481450870747
4.721928291093339
2.268973238676735
4.110385278634377
3.9100833578692695
3.6282214249715685
3.0353190294620926
3.3418963168052676
2.828048426909909
3.086702600036797
3.487920822217962
1.4372620364495006
4.709682158961493
3.843734470366631
0.7458921687246767
3.0861095253236566
4.820948049140185
4.134137396714703
3.2956976645185962
4.5629747397273395
3.4266646552674356
2.607073276076445
2.289500124067409
3.400441809019006
2.5042306661673295
1.7696756997918686
3.7677391640295603
3.9323814607375467
3.718223697999589
4.332548374731531
4.7945094523706
1.7439451723406127
2.317330353277047
4.336996739332257
2.1196797068194275
4.155556676456144
3.125682237930627
4.800399245277633
3.201817745313392
3.522839691016984
4.358596660765619
3.6513550118409177
2.521181631947011
1.5263250916270035
1.4271274401054144
2.7017129900645296
1.6028932672665699
4.041768802559059
4.788748255453697
4.146316131361762
3.5554756143375847
1.1601386052122684
4.635544108418746
0.35260471833569573
3.823683570373026
4.5210550556831555
4.621272865331548
2.3561306909644415
0.868153317643548
3.4915951518016852
3.775847289706099
4.577807984217847
3.760882274463546
3.827000930075724
4.7755274025160475
3.3937712515920206
4.279999038557452
2.188829362548536
4.953289658013319
1.7759603707128824
3.9325602648891844
2.6156894762826175
2.2147243776425753
3.5386381644659903
2.0065396549605627
3.257941610691421
4.7976759993443965
1.5401557418783374
4.20625825108518
4.9308088731026505
2.9073790306584626
3.2634960123991714
3.5031484586282438
3.357597905923454
1.1261205664371121
3.4662899864891035
4.3919086489635815
2.917331479409286
1.5702455492278626
1.0146754074430393
4.933508460272263
3.6961990530754774
4.5208967290039626
3.9571857063435925
1.378134683521559
3.82806905519754
4.542679056734225
2.2388193282194004
3.166854556696296
1.5208504786142718
3.3029711242865076
1.1868461522053229
4.882677367019109
1.2911538131416826
2.174616400508431
4.278384373751145
1.2393744838580425
3.7784660996497164
2.1082520866541983
4.260576555245596
4.699289315087427
3.9728742877634833
2.405616793271975
3.385009432171946
4.457524523210138
3.3919125138253525
4.977955024316286
4.054784139161394
2.074033126704022
1.3583521735502262
3.410503713396848
4.003716611139303
3.3678099449464733
4.1027354627483295
4.961550075126866
4.0455618639438296
4.573776717353684
4.313211649480002
0.7812300644688822
2.3959340157602966
2.3355162170466803
3.5079056561000312
4.8114209156487355
3.5620965281454025
4.006764373380903
2.3508909379638365
3.92864909450172
4.389489169049579
4.899947822357011
4.035861083625003
4.137193546908352
2.5705453579381787
1.7895009838431557
2.079663640777248
0.916873471629897
4.414948384971848
3.1486592778425173
4.266198832295892
1.827666784803495
3.874186812029979
2.474691158556388
1.3280383047205493
4.4085409286824335
2.6145041497974715
1.2951805443364741
3.266698242860569
3.738479088069754
2.9075596841976266
3.626593173340939
3.186887289767461
2.609804927506818
2.968400746241283
3.953848085913258
1.1811726114639236
2.981363237911912
4.22996231466123
3.9919319861681295
1.3014271059225313
2.272539570975768
4.312067114159464
3.330997732890924
3.4443725978046094
2.7771671865825707
4.337178872232503
1.3548873588020796
4.3051570512465505
2.4524339947542284
3.399440583403657
1.312352658934208
1.8420686288572017
4.2145257596293595
2.82209782818742
4.813373065443103
5.003116923519183
3.8891413944247737
4.067832553034813
4.4120794207688565
3.210493552510634
3.857587014054495
4.886780610718155
4.407499259819557
2.079333083836817
1.930412591671812
2.7822616543111667
3.799369792935372
0.6426073585717725
2.6333716801365195
4.784882689551089
3.252510567729483
0.5899617819021429
4.7365028389438475
1.2668469884272684
2.7886475163960607
0.3736562024429358
2.3875207997024517
2.794131337317544
1.5703348016414345
4.889038095746458
3.0656907064624503
4.316600409424442
3.101612055837105
3.367005328680701
0.7002543263594813
2.2517569769530636
2.343389970376294
3.213215907810878
1.2774093401753388
1.6945408873089847
1.7579016624619885
1.960171106348184
3.293089600593941
1.6036739570991732
2.1997032502552725
3.459077967008648
4.45138444883849
4.95284146444614
4.657103500571204
4.145845926384707
1.054330320848774
4.463891138980836
4.351302763040721
3.6676442437230814
4.022567123389704
2.4890405481478988
3.164195283548321
1.6341641768052408
4.622149150092288
3.964694718737897
3.0579577852256703
2.6745009778572166
4.932943371842545
4.470030956982962
0.9290763710673385
0.47738636391117223
4.779877730610289
3.600990233445907
4.544767643214375
2.8046731566047765
4.5016888889597855
2.8124964578341514
3.2425776841310956
4.59033007639517
2.797560054313886
2.8456921066739183
2.506962307114596
3.649886819060654
2.720359716267557
2.984338424418316
2.221894721194283
1.2839317301733364
3.509832226645326
4.431490117393542
3.5554075529243425
2.629140164176036
1.9538981158795956
2.449934685881325
4.511629033822404
4.115185849290327
4.102817312624215
5.008612699655752
3.0024735171252583
3.592736632659726
2.9247463223547165
2.8518861809023215
0.8068272868311751
2.6488538103000883
2.3113070945907643
4.58019907038393
4.903928858367216
2.8628577154550188
4.239234920310481
2.0939132360850268
4.814773312780246
2.804074922563643
0.4779169174691351
3.4881472467935306
1.8477950214596432
3.7965010239543293
2.9300743147281176
2.257131762408909
3.875826855048488
3.9565441602285234
3.0928739966775263
4.781165442211365
4.393590315016408
3.184096595131989
1.7249277620613321
4.568799504028162
3.8173202985474104
1.7891118610620302
2.836460322922923
4.709470810331841
3.1471149680101598
4.804541059277842
3.828910293214694
4.396842982337492
3.287020736604468
4.890852537331154
3.9930731426278814
4.351759052712835
4.963956996475662
2.6176505419891107
2.968430629799357
1.785325924250856
1.9978775450836586
4.614952668193153
3.379602955349902
1.4294578802162508
4.4729661380157255
4.833802202614745
1.102378726194336
2.1766172990576615
4.346082778736129
4.029993663923261
2.238896633127052
3.866954489669386
3.2382773959872386
1.0311274996874416
1.5739167262447187
4.033330602975465
3.459685976266618
4.01785596842978
2.5045135906258795
4.205914793426113
4.624931798456941
1.885501858134625
4.331046595762203
1.3388908700319782
4.091476930987809
4.464513827803213
2.920279566360539
4.770069946272211
2.0060210213354472
2.27021795906538
0.9354233039787697
1.994248717452494
4.842483140111408
3.197237769896103
3.343680863318031
2.8286399051385285
4.053158269278943
3.761885179740958
3.426360848304524
4.631396073089016
4.802226263614726
3.862638863009567
2.2287819183886035
4.723369243096655
3.4289378203416203
2.173581944947831
4.13393912447319
4.814983592786682
2.3064672298712043
1.2505271672137728
4.696885793422648
2.6295576537848846
4.817303592613442
4.500844374519266
2.101912509635632
4.634760052134692
2.96508012019119
1.4675888948874596
2.415848577590685
3.73495185174309
3.4560018961697176
1.5880330289406712
3.7136693847203133
2.1649382131984076
4.970633108574817
4.35994237802942
3.01674849288021
0.08221676001488952
3.9393255205219035
1.6642588856064788
3.409357551919079
3.442014591711423
4.774609380497094
2.03863160556368
2.012719249958464
4.599191745706591
3.9296032807929406
3.0387815840221264
2.6861226961235527
3.800251840416328
1.3956561817599193
3.4489020465284135
3.2282360562444423
4.959776061892919
3.2924539289601924
1.6404511172384284
1.2915516762252097
1.4438076262192632
3.9849108629343077
4.824860203012365
3.2180395419266747
3.293745475564677
1.1335809567687838
3.9839821245866816
4.7214487622225905
1.6637266882533037
3.623394864607707
1.7131480845704503
3.8070085281892156
2.499878795285759
1.0180805335361707
2.65819302429975
2.8364292304545686
2.0125910413982426
3.6732812021983907
4.494894213752361
1.0535710034927024
0.8258436438747166
4.166055972080887
3.5420768625152346
1.3633698217258112
3.4788165129008193
3.800722805342889
2.293377021505302
4.315143856395865
4.19839188081016
1.5211652700386535
2.9483069031834535
0.5148900421773389
0.4346384898168252
2.0223097715586174
2.758287973782473
2.237929977566714
3.084643479327738
3.7275641028902253
4.200514181728651
2.0563517880442155
4.05770049739479
3.20821359203813
0.8104990689859369
4.439070860922837
0.8318169676028738
2.511574772325383
1.266303721047147
3.2617179604315982
3.5456368713460633
2.3831289747369926
2.0548716007467998
4.316301919078815
4.765510212848793
2.7153784442716895
2.9425327742337988
1.706809690512331
4.6393443721406715
4.369447934736712
4.01201217853366
4.533136082417652
0.395637080082312
2.2417393294313586
1.8780543243304575
4.996083148877048
3.9589320997984387
2.9520352835057966
4.572589679982733
0.6740792196470211
3.7010644183983112
5.004830805563342
2.416693577030411
3.835740557568755
2.6626580503754513
4.623684580836645
4.306544537690834
4.1572386936648
4.557768723728754
4.48558376492151
2.862843515665709
1.2240270473738162
4.589577771277055
3.5773449529591814
3.9596080147537545
4.257250821822694
3.1931814036891293
4.627089628198786
1.4247601971163972
2.976032753052132
3.1914312413935946
2.019928618906712
3.9298784377151
4.076327429151417
3.095458290199717
3.395499749380583
2.1054283967756424
3.000473753582182
1.976300974308572
2.8781072422152048
4.960534765513108
2.172754917917995
2.7284797570644046
2.930356038774938
3.581409366541782
3.451511747150902
2.816060336668861
3.662769701711481
4.2098858734177735
2.4999839384377287
3.699100101701295
0.7791968364447794
1.7286374286780386
2.6177787821194762
5.000410677178412
4.928518188962341
4.2052618517887685
4.428209955274361
3.2947634280048166
4.4613842733828
3.1485746677627673
3.928814133231246
3.110848233558896
4.185264257706048
2.166645383399898
3.798639847468564
2.4595540300501155
4.86838261479493
4.297732327581599
4.362012891659376
1.9159821064017142
3.756182494476005
4.9710508452058635
4.7538196996126425
4.7396090873635215
3.2236085855829173
3.6470880866186985
0.912587747520862
1.4841291611623333
4.998886658178588
0.39667008978530355
4.7318610258953475
2.274525679744531
4.7233709444500835
3.313874778466743
3.4761752010537097
3.3583658959859193
4.275579746549236
2.7854438597368554
3.6291844834913967
4.26293858038506
2.73007190819509
2.400387734078843
3.5948223578646714
0.8056075785069139
4.21190379331973
2.698381330935213
3.626922067225977
4.129500177828727
3.3219285062690194
4.49575405094617
1.9194883181427431
3.2622032635194036
3.4545338273625323
4.094288255558744
3.0833372718368466
3.6501664683840387
4.382780578049518
4.711216806217471
3.310277245113466
3.73086719845793
1.9886792131993045
2.119106258385725
0.8953546407069801
3.5632176174059667
2.7978649371084092
4.303744179328271
2.1112471985216827
4.5611493483106305
2.8033384901306144
3.9108131733208635
3.609508181572175
3.253006369601092
2.76531723903829
4.07581471003635
3.8115341825606035
4.7268402079607625
4.5233591840110945
4.502835680609095
4.61902212872435
4.145069367639507
4.603811896096573
3.1676588101449616
3.0180901704205736
3.6496340311896454
4.9478646815796745
2.3355777691956474
1.238461253794399
3.340877642470465
1.8326235616712834
3.710749584936204
0.550488392448002
4.203123905667304
2.884614041925513
4.262039301943756
3.8371430028926214
3.108698283917465
4.038367938939932
3.7375680021783255
3.4608623552397835
1.441558031779555
3.375284219726167
4.761547837354943
2.48078348734217
3.9095138313039426
4.534276717886998
2.41316580080475
3.4482778753703793
2.1506660339043204
4.9375671717958305
4.368565470490501
2.0026082269193646
4.277921660484207
2.4990916125177067
4.581754195971587
3.1814291294130146
2.1459058979093286
3.5645814915063263
0.8735455989109843
2.198506753037489
3.2691623565607504
3.1588927205595785
4.658413148324834
2.644398629266171
4.950587011567391
3.8021290768094276
3.5429500774250897
2.7175318007493705
2.725160114975831
3.7068476641910015
2.062865993258713
2.900465976874695
0.48917400869606087
4.812510773138696
1.5973923109136716
1.9974052761999173
0.35077890405825174
1.1333639916183893
4.59098546097649
3.9964312517223335
0.5510158447297187
4.102553850244261
2.8874223380061235
2.6158224290510246
0.4523728792764832
4.41557200147375
4.880016921410259
2.978692140573433
0.7968099405488812
2.683300146946337
3.296391262321038
2.356097310757247
4.4919649333479805
2.233667374394529
3.9020329161771374
4.455266596476079
4.576922401608322
4.286621116517573
4.440718944876802
3.139600667593471
4.709361829923153
3.8690358872348645
4.401286699397481
2.5042870816689704
3.9761644898795487
0.7143113664849605
3.6358565201224846
4.269916995184424
2.48217581251431
2.462653636900978
4.92223438496912
1.2549927799979044
4.068800476476375
4.5436699613265334
2.641033254310396
3.753347795888158
0.9319975975365887
4.755435688962473
3.187693640942548
4.449036094766159
0.5474064327193413
1.3847221177835056
3.768405575976759
4.590962838664524
0.8947923187111944
1.2017279148955464
3.8281075324663374
2.224215100481844
3.990896771241337
4.932823234376681
3.8214593030719737
4.378494284208189
2.4617685306347514
2.9202733171774597
4.542005938056714
4.136309988928795
4.6139199737104315
2.4663924421413186
3.360081955052327
3.1454931535966444
3.1387960641274133
2.3755338705205062
4.9649636357307205
1.233972878783177
0.4057476761956311
3.9610097152841455
1.6662120318788651
3.875464518267954
4.37845114518623
4.61418243492421
3.4626246926287285
2.6905334625252757
1.6091975975677573
2.9057758022003384
3.3809717377128767
4.728818109545911
2.967988586644362
3.4047518714138154
4.613156206798045
1.910301663918642
2.655941691340207
3.900297829705987
3.592608796502859
3.713573962386908
0.4982648825994713
3.341064554698795
3.4064983631506833
2.277140828234285
2.905880889933585
3.2037877504676913
4.231515075689934
3.3160257808290177
3.738939847858244
3.319068114690825
1.8820944852755135
1.6827455725975788
3.7625976070485248
4.0242122304341645
4.813746104744625
4.43921611737729
4.635711106347408
3.5161717786361093
3.7256483253646993
1.7942536431115785
4.156366262614852
1.9351486441279957
4.103194011209222
1.7470253139508753
4.20781292050775
1.9066885904538888
3.6084933857886425
3.236070785293862
2.2104515201955985
1.6040407013215854
2.2059261252403566
4.980464115229022
3.4657281886087183
0.7314685625062735
1.4125835909133353
2.047817440993469
4.069718733356429
3.8575291685685302
1.8962149852115338
3.555036808134367
4.220747554637643
4.22281638651189
3.1930611422098885
2.266484708041356
3.2030086141825427
3.489001759722882
4.5078879351618975
4.786068386366555
4.6656808507168765
3.0735254709041078
2.6255675933201004
1.1285253425477877
3.0904265112423297
3.252910296566501
4.242000480549914
3.8923520196596377
3.819639902726371
2.834170301692788
4.520000920378088
2.0399593450362397
3.5535104657772036
1.184684411418001
2.0527870938485275
2.3324451003774556
4.982989094472224
1.2389401654871
2.890796000725909
4.851897347014888
1.6230908781843774
3.770425252313792
4.422668161089285
0.9714899740716696
2.921685346195832
3.838799146548724
3.743387590644957
4.097145932434521
1.23157312725744
2.0504290461628774
2.356121930805133
3.5515860346730714
0.8806094301255316
2.2805167029421916
4.357264495873198
3.833282781840761
1.48498258479323
4.237236923289548
2.073533345876688
0.6695929593016872
4.456204710209887
2.471955618211243
3.9647778728496132
2.5653879080626725
4.023704110484709
3.6876885946407136
3.4906011195171955
2.858765694096069
3.2536262340885953
2.089372674244535
3.92219505894164
1.4909351991101731
3.0945393189753805
2.5521252309302955
1.1221081615039574
3.7756692949249775
1.7936141433069215
3.1795767660126835
4.2349569808599234
3.4897398305595155
4.7820408798994
4.8217848794187415
1.754208753444505
1.1469190338975626
4.2070858420240835
2.48663908484552
3.087346572277266
3.249910795999428
4.350546018036732
3.1169246145843212
3.1640280633205897
2.819644951154226
4.6349685986227005
2.327361230161204
3.271312578624872
3.674164186290256
2.289626041939718
0.789980315257605
4.092191898640521
4.953434403821078
2.211738854362144
1.1573508392222438
3.8545864160347736
4.413822153576508
4.480253122584035
3.7383061847193253
4.631137650261194
1.7175946018479475
4.150576575462512
0.8129674874330172
4.591867803337107
4.9242470118139785
3.967507752093348
2.4455637651058946
3.3275993912257147
3.99854380476279
3.401486908982732
4.522781391998025
2.877041558382079
4.929472330319272
3.1177359888495597
3.454684791344792
4.330110736876522
1.7602362102292024
2.920325468303282
4.520954458997116
4.019687439817582
0.7881101436175121
3.28395698402554
3.141195274768883
3.406626642309171
4.200845204674686
4.147505989208331
3.729843538242423
3.138253367874076
4.41587669442025
1.7606311835115076
2.322064987180586
0.7469250748159599
2.8350369788105896
2.0988224122596657
4.314825419372723
3.7907973949440588
4.605868133380809
4.938757814037223
1.9329761291076248
4.154593233696588
2.4090745283842887
3.812382348873316
0.5631235889058664
3.2180189407180904
2.110853996779378
1.5583642906646427
4.726833491520056
4.308571534462928
2.8414807803824753
4.730099763559259
3.164869586832811
4.4879930075597905
0.31932780879221884
3.7662245494774553
4.018893062256337
2.4891562463081556
4.7175004106337015
2.9866618123850586
1.3701419242338972
2.135155139299042
4.225317239826805
4.278131215925287
3.5473851122108777
4.7597211572300235
4.018846698641092
3.9459509663040437
4.530613445630724
4.146498372011986
4.562095982717287
2.8139240426904855
4.294438375896505
1.9618049193052918
3.5483114441273576
4.000875032692316
3.1718542563096612
4.370996528809216
2.774988495735057
4.431611952737732
1.949173311152094
3.9025994846220327
4.535682953799826
1.629794056145606
2.803468491430625
72.36370521293769
48.00335878373276
69.20993779420402
57.397516008020816
37.715548643748576
13.749867576538175
45.4334306477488
89.03596537755557
29.53595519220113
37.50702768872651
52.71468818222255
98.74519662357137
39.85855254316206
74.98550595525369
91.31079246643247
76.78603596314272
43.942484666621134
99.80858139838597
skipped
86.46773151975341
62.88790167371351
64.31545335820577
43.45935313470508
93.88823032891761
85.95768345361151
63.006231860977316
75.92989066415596
98.02394236934511
48.843108937346514
92.22686249216562
27.11216251374715
97.1657971836079
skipped
34.75833369192689
67.79351355237928
25.065422512797188
61.41590800771395
19.988347707752098
99.21564220892476
58.1451616594783
34.09750288338511
17.489701428776186
93.373214607074
89.0525664168222
58.529179899851464
68.88676456025627
47.96892636178919
95.49271960939512
90.26336476626604
skipped
29.442755833782837
70.77940645043529
72.70814742838229
55.178995942225136
27.980003028355586
47.8382703747591
75.2697610252017
52.337067209996654
35.39249118669116
91.68963052286512
44.552119431741374
89.77037878853535
85.36353984736722
48.207755470185376
82.27954631086786
93.08155364731418
44.81894600852451
77.18813948634354
74.28361782960448
88.00174382547051
46.22980387932218
58.594073223098206
86.76805265272239
52.12675556491543
42.97237164367237
68.31218336822099
skipped
78.44245341122301
45.634389862254594
74.85300432425613
89.48927280117127
52.98352147358411
53.983950485666554
72.50244474535819
15.559688460972012
32.20196723470275
76.26259002617981
80.59249911747456
79.39071822796787
7.416766119689659
skipped
82.07892728598453
83.74704373123505
98.96501450550414
7.871511295408298
83.85410669571506
64.86342263091083
35.928978205269246
55.77415921848095
32.070536917918695
55.963588152183036
47.18358317461363
31.111903498846786
25.77662749354815
85.43052977238727
92.76187832154001
11.954725220015911
76.03417849743792
14.077496338479857
63.38835533744112
5.004875603197921
52.39729565902228
90.04787895097576
97.56093322604028
38.672261517821475
49.703591393021206
91.99312182876967
84.78927068013012
40.63788321282814
90.70296532169998
skipped
59.68244566834073
67.389480536979
98.91311230303094
92.43202935365838
50.463244265569664
90.37515874328089
93.14246594229918
33.40013153697209
65.91810181518713
50.649778735025684
65.59839051352364
67.4171845681131
93.13583485718843
92.68705891319378
18.443181609876646
84.62449148588328
19.80443939718552
94.5787568519843
60.6132899343499
73.42500129990158
56.98455804036513
92.30870276236249
67.5193412918035
57.026062931647225
34.485478759466645
72.77483889823283
92.447118722835
23.001694529633372
67.79981024983219
92.46991989238943
71.67583058606634
97.52420394579936
69.66085185897417
72.92101634160164
91.18378570499527
69.91969533620454
44.533719679178745
50.299547818507584
97.59096785543159
98.4670483225909
96.18791131713598
41.83970777996911
35.713293098163795
51.40318947154279
51.00709956274041
26.0172185852076
74.56606604258275
79.39844660730691
51.54248894789263
58.73517992922655
85.110870320607
82.30344766734018
81.56251277982223
28.431164221194276
66.98416485662477
81.456152681637
89.5907461595944
skipped
49.994877969032444
85.52757089284015
18.720137018492164
80.97192864284017
89.8067976119986
81.89101048166553
80.7865056336561
99.04262924760143
75.33542208433448
79.54759841963212
48.82318624668616
71.85751796855193
95.47899307066835
52.19182276426868
98.82837640339065
91.75678120136905
73.94802215278939
53.374151704613396
43.99293622751644
65.50341168264525
67.88804220364615
42.569154417455636
56.59683917445425
38.2262974464344
66.65601403515572
30.362199428193914
3.5653479224365703
88.51189577626079
47.00751214100256
21.51066174228734
95.08101088539323
80.09366061334201
61.690048193657475
28.910466773257383
46.8639152940509
94.19561681894916
92.25953740943791
32.26536463355385
36.9247096129056
50.70104830013397
61.17462709386421
21.877564955542827
94.98459379287597
37.49569313176028
skipped
70.5053218722603
82.2365316453085
78.77380863932311
57.6161286114933
28.700688251695603
95.98523861501646
59.5007156017522
35.96147166292863
50.5505590654328
63.75091225460908
28.849975493105138
83.88366844737233
17.110526704971672
68.9444259149216
44.75939063977664
15.746776377235687
78.27733539117658
66.00133924317785
17.11470536148711
62.843237949212714
89.7212462332894
94.36346087403949
34.680133255983655
61.011228191337
96.64240611742083
71.73144411634945
95.77793026598933
83.08174653881868
80.83902838970324
96.29211101940457
45.44611910768925
19.797664880674763
63.00546804905738
86.12805304996972
52.24016495407911
99.37243089836802
26.84208020318406
83.7827798182011
28.169450807766285
84.62447256919918
70.56676562049357
52.607804151599424
69.99125861827844
85.92888136478051
93.35324580447464
39.66782062380012
92.05510499215528
98.48816010396139
21.404953087049396
22.217949535242195
43.973319080287
82.69169247749656
82.56484937940569
33.93913569128381
57.5146763375809
21.418542288562616
66.85818991033311
69.3407335407838
67.0345459747412
77.02952599504817
79.24966747588014
74.13509584972977
43.29212817618839
16.49643363120884
10.22961947035655
96.95615561532036
75.80378124573049
61.789555544724834
86.13594671260402
42.07484174995389
93.84286464071143
73.47710150084568
44.82864571306742
84.8974549941821
33.08106335302684
79.96884127511582
98.12507719341586
50.41536476706939
32.10777250219976
95.30409139685425
73.91448729267472
51.6602851805297
54.48178006255511
69.83416666569664
50.34399447895565
30.192052786020753
70.14101842064771
38.375863476913
39.29489403321775
28.323178552190956
41.12017612461698
32.63753452840101
71.17146411021062
32.0317660173779
89.42572326943021
46.99666450554776
71.59326896998847
66.06915318923211
88.37921214879935
50.70097784542638
54.378146719165805
85.50047552436493
91.07662624980298
94.03614221068088
32.98723937404818
81.41350102444677
85.34239768032835
25.78773252883037
50.30907938899142
96.5187007011898
56.07662717365293
53.064148294028
49.98986256097481
91.35094903509527
58.039234286033135
37.173115938896686
63.22109301292579
78.6679708361486
82.9526179133344
62.41279102411704
84.2400983065064
45.55005927582396
skipped
78.22344453226756
46.10945046614562
23.728051302553606
82.12237854443266
79.78890614653172
87.74662813893049
38.37613308139688
42.36139849190195
66.25589431766392
83.7779455510216
98.56939695113411
61.30026265400287
60.51193729129601
90.36637601144213
58.20337160653971
30.729689811201563
87.5746403066019
93.4385401591341
98.31140240772532
88.88211644258608
83.01678847535442
78.35409157262711
90.50507738547068
60.57043832227678
52.25625660855427
48.536503413410415
90.62244400439332
56.62867327208631
97.24336067427559
82.76362889094665
88.0551697920164
58.6900372027557
89.62700260695249
40.657887477351615
6.390773344143459
skipped
68.96009025955819
45.52779176411168
14.202358707520206
57.21929194751879
skipped
88.55895131277528
97.93933793767346
skipped
64.42980497836754
18.662278973808505
67.9490419328901
79.26409832156918
72.12166230314138
77.5816738929039
27.162727258383978
92.66527793729837
56.51201179432969
83.73355836014315
17.30670013783753
69.59105127347453
69.0579288383583
29.247186189216176
skipped
21.32425349203036
86.9388988474208
15.89382842643947
48.671483420284865
86.10744791689177
74.10114087935703
98.48277224556132
100.28175913227382
71.78747707253301
82.48413729113634
64.36519238646727
50.14851136337463
89.07965410778743
60.39072760922859
89.82374475616018
47.95605204100628
78.7422596881678
94.4593977961794
79.22905169417527
81.91534539820262
14.267366732173274
56.0024149950947
94.69985585735347
87.95778028084368
73.87182622727549
60.44890698920344
56.79712542899088
88.73355976856277
72.45019957188177
86.41144585203276
91.28640052211074
50.46488454864265
54.36239235206518
73.01899472665198
78.61550166213485
28.69972828079312
77.89870987000974
40.68084894091493
22.46850995582944
93.5823691858454
67.53923306646102
39.86000770962186
88.52189992887867
53.88315759416917
85.24925481001178
43.16357017108521
92.48336644077406
90.05014016934048
97.65421292897113
28.505481941839417
88.94715035191471
99.3498129038532
90.5873543350199
63.564400079048276
86.07171934455009
40.52711053049681
94.35858638549784
73.96265508155702
65.6228262780531
85.62572506749007
47.412886324775414
42.70073184203007
70.30459631647423
89.4685486644679
43.829942210794165
86.52399718835738
90.61426948593133
81.01048777185913
70.30508456942677
32.26547773468474
84.72860795826064
13.1917468052443
17.736108379462358
70.69156807095911
93.65605466503413
99.16753897090425
84.26578802784455
90.12198593193708
79.72251402226469
93.44987912753136
89.63119140393508
71.21619466272017
78.81364243604574
96.92953494240247
99.71607625607875
66.64055924228654
38.762200258366114
78.48121878850242
56.44659925848118
70.03712012967772
75.41750256771866
54.888126017105755
64.53555813518905
51.72822545294523
69.15314422881306
66.05017612132387
11.499933468742373
61.04379476578963
11.393568271174145
90.60124757970773
94.95823658095
67.02857912635291
94.44515312623102
94.9210839789609
27.51705465856507
85.96704354796695
35.07364447516379
100.0669945910268
95.47750512716863
85.92366290370603
33.90872545366222
95.71318320024362
78.17290389670168
21.321120537758066
99.779052663373
60.44185782523557
4.344637388980993
87.38263358109383
55.095998050998354
32.99794338598684
95.24648863846933
78.21888350797357
96.9382840129189
49.00579805461718
39.9980164586044
87.39024456920296
98.19663600327038
85.46778401860024
74.06513192512742
38.965241569359
60.6661318204324
69.16169933754739
86.56960422808663
45.508029098231525
53.461969379866034
89.48099763041688
76.55312406825252
98.4323492833095
89.63489527520679
98.65746057871615
43.22097159330584
92.2986831879346
94.96314973096695
67.48495334960384
64.48996071614884
37.533440193478285
60.05902330761321
42.596934392183805
32.05434986362409
skipped
62.354510654928085
68.82069243228125
38.30153602251756
59.4030918951868
70.55339434938733
96.52517334780539
56.98582073078432
74.53206816281089
67.7366772292592
54.55618129977185
34.417111910295404
86.87591149412964
88.07509712555745
35.58166896053101
87.14062513525118
77.13593401664279
22.020755613023834
58.203260073083236
97.63152804606104
93.02032569344425
75.35423827962747
89.72152152896791
99.04169188414949
50.26282020604644
46.79758844371773
86.5029634212199
89.20261331642324
79.99295176415981
23.79685216534266
94.62717727680182
71.95336612399034
37.22379343067442
61.1482556873436
43.05889632713442
82.80066138949658
94.05230126231821
86.4054017070395
94.84421755818967
79.42030059395844
52.04411915979173
60.615361320540174
88.79959304932076
71.32720419550253
64.22262573563893
57.7199507253711
58.007159394912236
80.91711410583935
89.55824646711768
89.66725225012323
99.5537714501924
86.45408490404843
23.17011621874917
61.45878328094332
99.15616522928083
75.81011434512487
48.336661779532136
95.1959161253367
16.378901965105772
47.709382940514416
29.61131808406107
67.47578434199185
67.71663889626574
52.48664088755812
54.422028535564266
80.6061015610213
78.34170599351103
87.67842010242367
83.53268449532467
skipped
83.57023569702473
58.16871006233177
89.2948552998974
23.77722701131645
63.1969520110137
94.68116185680333
86.72794917805278
97.24878949403926
54.773761633194844
80.00623581857548
89.09113736857884
46.50340002384448
36.19152576514276
64.34003250578553
61.23651820364974
2.9408466878985267
83.9382136789802
91.54102010198953
29.892576326631186
74.13965435545951
48.77592363897669
73.07919163602595
69.10180804893689
72.53734313733132
79.3175295330914
98.94751323034905
45.75847633065116
82.0030369909273
99.6002101947624
82.01804035879096
34.153182876688405
55.24756749306578
99.73663410051682
39.74475285032139
37.92731994978147
97.37710752685649
48.914309192219854
91.75914461609018
54.579359849727304
91.15857998898076
32.82084428983045
64.1332552160345
90.8781761150253
skipped
92.89086752590578
78.06183742182061
57.65428953624284
57.36725582461087
65.95915743460907
69.57622034062878
94.41999461885526
52.081657562491166
37.58481979920887
77.08539041101913
69.8723311475555
56.88020475966282
79.59626701586947
50.18268772870376
82.58445959065195
11.760221550508792
75.29126773730907
91.40054621417949
50.555477631123246
26.502434546199925
85.50199156470262
86.37960640884266
65.72667303833042
82.01889953885492
43.13124552758469
99.46323466473449
42.21087545642972
75.33581688055803
89.01849948164855
94.56290712805219
68.82823596451884
85.10236233407879
57.436828439125414
59.72315008172637
97.46482544927812
97.10264910324923
71.29556021553623
71.51406138335015
90.96931233029127
57.198648066850474
61.63881203658175
99.58088516711373
63.81187280251586
86.11438860981148
63.696509396675616
4.5490337271956
47.44657816775731
35.10224529912714
61.88568143012773
75.92876698576106
35.95329113675757
62.66658009935182
73.8980735135257
60.405803488097696
22.735064661668986
82.18484614221661
36.57251464865241
77.63798438647508
65.55072064177037
32.375349441922
56.24276499683161
41.11539043459486
97.6992125949669
94.53414208878566
96.22143249235764
67.13872662561438
61.175275141229605
72.52695926091371
10.481157885096941
15.932650193328572
63.502792258584954
76.13310142674236
41.59808497879339
86.5850145564373
29.16013816211478
18.313272500178098
71.23470384094925
90.45438967011191
41.52272423059712
82.58844486278801
89.25136678439549
51.021713090408646
73.80288534965362
79.28259652824977
93.68781451057593
54.53170271662494
41.817230995442564
86.81252689738344
56.64964832232868
11.636573264511153
56.25131606351082
45.39849040317203
49.77362833495765
84.9241178305379
83.86747901398783
79.7207053925057
78.8411621512257
96.9957538377082
36.78361744716383
37.010969996214534
34.16360089285741
51.81546690332756
99.3581763566776
62.12146668813935
64.45163227249559
90.11588967821432
43.08544784165843
97.58217646742729
33.80224094383744
skipped
10.779813929023149
84.13444931190206
66.97687843910147
90.59115346428773
95.13824540685619
78.7405278922487
84.06340129472638
94.7552791416375
94.76688669879535
39.6915578262863
69.76212748918653
91.1225575391598
69.1998981326631
69.98484258821014
33.6492539112271
42.63247307186948
98.11343105530119
81.17053349346433
97.95656742063854
84.35809118345675
51.91593010270801
19.890199604506343
38.20728092891511
29.89591363476797
98.22579358609069
65.59605130181296
44.1190417789607
47.379732902239
60.809164834588415
97.98694337062204
94.3420241436544
94.54403641472666
20.509851976760444
73.6640772379295
66.44317110933264
92.94025222995442
50.96921618903015
87.30796302274517
61.83764170800345
70.5588100484103
80.96491336316916
97.5861318849896
96.98773751559281
12.362267562300172
29.02798715164434
84.3872222112762
70.34311135228332
63.02327680413833
61.26895219830166
96.42123890059636
21.73746586090848
89.14484106488132
78.48622368736142
66.35695063560122
52.21266331278939
88.45847934993806
97.30719197632637
77.42520598270347
35.19810985214176
98.87987771728515
99.47983897572112
61.59090482809898
68.78148975448042
74.13174991498038
52.62741272116106
89.96788485408274
45.01686325286883
71.3907994718545
41.075760621885294
76.12842404783045
97.09600375480451
81.14052137766512
78.9874267738183
85.65609511798972
26.396378181284867
63.302284525626945
42.08645016302292
62.54109799722227
85.83350712721905
40.12738694087426
4.179557914710997
49.22248262732116
62.03118256440732
98.01580771717057
86.90992330382919
59.20187696780494
53.55766108791397
88.08122972643645
85.41829793741933
87.85685031138084
98.58335622693804
42.04408336506317
71.494214845673
53.634493294104274
43.254925026235306
63.45590323422859
95.48494882167739
52.009981384109366
99.42844839945646
46.45673058543233
38.868763885173756
85.35267606885718
91.85280383736148
85.82234820811746
99.53209933588374
86.28723231637703
47.81905891922651
73.17866078307594
61.27833575549728
29.874461348102937
93.9371539851883
58.16638170580146
48.45673549815113
80.75097532533981
62.97896122380837
98.03790297481422
47.461331664079694
91.70517545873525
55.6815538471836
62.03457411294924
13.558344720958681
29.97795602523854
71.98320574623386
91.697801440263
76.86154989666035
84.87141125096421
56.09253630548262
84.7245760503397
16.139165694790865
90.11250036876362
36.701117628781816
58.45606954557865
91.00557689983071
87.91447392499848
98.76813043721232
93.79498840290314
25.87551654212393
51.844417282596865
33.830686056252844
96.0047495790536
65.20737310295785
88.5214259200478
17.641061454374974
88.97787176631113
56.963741196143616
67.8974349411173
67.5639160511809
94.65416379929677
28.91691088674947
81.4268229581025
90.93103043147663
58.3895842600628
97.55846343659475
82.9351968661837
59.309305103671576
30.425742205768636
62.64079613731612
87.07421589332998
56.544758023663235
58.25806979375716
42.93370532367792
48.58706983235311
93.46599044736244
94.21425872851832
82.03872601407558
42.81588508075749
97.97808680256996
99.44257077786251
62.690836760873275
74.79509366111445
86.23536778991044
79.87181720172383
60.22317485980913
49.44736220851919
35.75657688988818
30.741521275866603
94.85087294188587
92.72775138414124
skipped
21.634048212792013
98.80954740822825
90.66757819047112
90.27854301560916
71.15856364300173
62.189777303402245
93.70448491596203
61.12081865801237
78.66734935108573
75.23069645158812
85.86640400861926
45.45982544832919
77.36709211287318
53.8139457328852
88.11598812891239
57.99020440636703
82.9474837744393
83.83305771408499
40.990918381837126
63.46957471779968
59.3701572466207
97.53474605405792
83.11815009437875
61.67246650721017
75.16687717026275
97.65069561501659
26.17389854062518
80.29707880954298
21.701750725708685
70.14195625324379
96.83212962286666
98.4254329017307
55.14708065551999
66.04218744910457
31.965855068269107
58.39796357073928
39.488723340294825
26.68717504325331
68.64750534479097
65.42408462134267
91.23956250806062
55.94750705028341
37.70031008404206
33.35406651423587
22.566689063333293
93.50576696288269
43.73179862695052
94.17467209629086
55.17023251021475
93.10084047261402
98.25443741189858
skipped
76.59993688201551
56.47652909799015
88.04802053380696
35.344515930450974
80.06517109298889
95.43748125017882
29.87900222881598
58.58025788064269
100.1642333850562
skipped
76.79660873860844
57.453919386278116
36.08072233350174
60.846420788200035
59.855785739667304
77.28110636591354
94.50353468248922
59.40506377184264
65.97840389176957
87.87483262554038
83.42520399893091
75.60503829666791
31.662216949128492
93.60817906997023
53.756812017459374
93.87959543879637
98.03997608036269
70.4356511100517
95.25854867323916
93.58475855098577
94.11911440522859
77.24162368759347
58.32049325545578
72.16803759860113
55.079498131235404
69.66608011724615
88.18359484444186
24.33359118308147
19.807496125815383
52.599557281696
99.84475210439597
75.1629648506752
1.792069159711473
64.13229549384273
64.7689272807708
76.00440055604223
98.67461101124442
93.12254785331686
87.89110854602733
40.36089475809909
92.26767969294029
30.888165720512156
48.63717505926816
34.581064796045084
61.31785030150993
55.078955150711735
45.50706283584119
97.91031194617987
53.66304005492279
92.81935066588568
89.38299704997574
80.61913269283806
25.066236173638107
72.1510368911145
91.2975213640762
29.85809391670704
82.8744216191706
94.73737776362681
93.77854553827396
47.296221942901106
67.08792221253249
90.1017413617506
45.19456139733396
83.33839969541881
87.3751216112478
38.66387236989533
69.87990155266202
83.00932221886264
93.74256729991085
88.97772528809296
46.61504881228888
91.6693502149871
46.85313390055118
97.47792605701933
87.12546902816685
66.15526831741876
92.81108014811097
86.0016971562633
26.911699986882713
47.08905764341678
66.93658627564432
99.59905857906315
58.320164799253305
23.150793205910556
57.26008176728913
20.473549407345576
skipped
19.12239322286153
15.382128601936602
49.601113477690106
76.91065182842472
55.14785895054853
55.85597447316364
42.70529468717912
58.43798406323437
56.660633882838674
85.51568752305622
44.79623749344222
81.03446917456348
99.09989147763686
93.39773039047567
83.97341391619793
skipped
71.50773170313872
82.52384270031777
skipped
51.53047677819657
90.16892853764698
82.88878905411319
49.32623268267827
95.67150290955409
59.88388528429821
98.1325851347354
69.06704113688271
51.26067428385795
75.79047168529044
90.50462657845316
29.925596380237284
93.68643317047069
41.07897599043562
34.9970716592717
83.27683069925313
99.79369953840515
78.0105471751153
35.447088721895675
82.36888412970019
29.13282578499009
67.42387505316908
63.134115538916774
55.79399621611343
88.5689110832689
79.72600517667581
56.62532333452636
skipped
55.541482995574725
57.115467511695954
37.91088801947665
75.00560117307698
60.326051140482804
94.43953801968625
84.62938493020789
67.34136836278324
67.87616347937998
84.39836792170813
95.90032344677202
94.86816398280195
26.95891009327108
90.33120571410848
64.42841321290773
90.43616073367582
31.124788481400618
91.00342681041624
77.02109781729251
60.990534241350886
70.0139689300623
93.42401180966772
97.76515390417792
71.13510602378302
53.84291367313646
83.93091785400459
40.25194741043978
73.03793816629495
28.876850121596636
83.26389372732655
48.15682141006885
71.49918088011131
51.87920481688034
94.44304244861651
95.25325452925311
60.79547196280699
78.85007188276083
97.38431926299177
87.9744215737226
89.97778469066317
7.520767741950907
75.96135881830216
70.13282931227666
49.45678383090881
88.48158586475479
81.99789411793716
20.296954063960186
91.26982423659253
67.33602754844536
75.21189432344524
94.81737552507211
97.2982164858648
84.94317017456721
75.85766076679849
62.74695358574177
79.40390820154305
61.95844401165272
55.500349654946234
75.0174825938295
88.47549685188372
95.95865214241589
82.99713660029518
94.3507641675138
48.12611226728722
76.63628537396592
35.06912822478803
38.828881052718764
97.33809680951317
61.4811396400441
61.141186928241446
74.4845515273473
82.06380527946678
81.60955956906746
92.72134571543441
37.41358970836711
30.950436199487285
75.70503611220254
91.82881258901008
33.186163274511614
83.02630379266225
93.3629218333506
96.54715142328128
19.82086789881191
98.3816905344187
59.8782752587039
76.28964178188299
77.98356012181682
77.06669812698769
55.31781304930434
18.318487612315266
87.16546766832901
5.1255581038869185
68.96971203780112
99.92508138047054
79.88646555817398
27.91235951690748
95.3367390163441
76.36772804885264
87.43147819670058
95.32978170239696
56.404936817515534
55.96007953758632
29.526114606218492
92.77391724380782
50.47881172438602
13.111278130988225
16.378665037664916
63.72596120428817
79.49666680999367
77.89636036551465
87.7814930613928
54.36157904990572
65.80883753888261
skipped
86.57609673709705
76.71475798842411
skipped
14.416539305184923
43.46811798382446
73.07124175477352
50.18093278687212
63.146909205803055
94.51359887641084
60.45920475048576
16.64041787875425
45.39113965668922
25.294811177936765
78.7140982479711
30.75148138823191
88.67295175954935
72.00078116330889
64.86089023852752
73.88350717977971
64.16332215481849
33.16185004759987
66.6464548459877
73.66353566656136
40.26201259387002
93.80151302120878
79.87443469599972
83.093106735124
75.38542305024151
12.230904444594504
31.597168132516245
82.04224472017995
71.85479194762308
40.37586875097485
93.33465730872756
40.03776014172553
86.07087173763914
74.32671562657114
65.39708324013701
55.023931458089784
25.807777210990864
74.75691627073445
25.10639656481129
19.647084070647928
97.60155530510019
85.41238597427318
53.657804202622266
48.31367780013486
99.88700768989504
52.488677292065944
90.6839098789645
10.321986484424718
83.07540719190762
35.96879057751397
94.35806018329167
78.5200734059642
82.70136434894145
44.081657666329995
62.68381675389391
68.6649633508687
59.562419924888886
86.91779845750136
89.74722484747949
82.60973168051343
84.7590084742313
38.963382968889924
93.68302940479504
90.21349633333436
62.303048244351835
53.724370787028796
96.29828685214352
88.6244692152826
89.97264487080426
80.79670159350484
42.00176630288945
82.72120485806632
42.64295116380771
73.12569306399952
55.07639181340087
32.217712725472346
98.96237263186565
93.74052157913636
47.05779969887347
83.61709714829128
41.723309419472635
95.83736207179489
86.0205046646269
67.14492888696721
20.05036720500763
87.10702380388669
43.98592583517155
93.1772666744005
51.87686471403389
90.04742362773734
75.66217302906335
97.26905167209227
91.7034463669581
35.57971136435573
73.98684219086265
74.54232332105673
skipped
55.215443112455695
68.57157499413964
74.29672781085513
76.04382153889179
78.01877874710776
93.14503542666185
62.49001979547964
76.31703182950464
43.47909865216492
97.42508137911744
61.09811071390242
52.09200423495988
87.82501653599073
30.31787928852588
31.237949770964214
91.82280579369831
24.739138843625543
61.38071866521615
70.44950984802277
88.13033707897713
56.32956974280171
60.65285823741795
8.530997205237119
65.8267523198006
77.41777013550865
99.36224723581606
66.99571437670718
83.20068745262854
68.04700192178989
60.76376600330561
59.63516493128671
52.38787713413051
59.41829403414328
skipped
71.22603660526121
53.47586955104949
94.59536492237291
46.61203995256232
88.3934121799526
48.67457918769502
82.9569240226442
88.39448301703035
skipped
90.93937861734561
91.35222907260328
65.36870565685801
95.09753371411294
67.23219953320579
74.72476440901175
83.67018065409435
94.97472838257177
59.49934860792607
15.441307436336908
84.79021046240543
90.13915377934798
45.25832547503511
55.37719474155024
70.4271561387338
98.37585211543951
53.50807633880682
87.22150546641662
73.95647537646698
55.15251729188745
89.88810602557912
77.81797825243412
48.60613826497249
17.295273141734732
49.050817854829454
99.72923489471809
91.73032959547193
15.655558033204862
97.86221111450402
35.30486289027351
34.4934357788736
62.496063346998014
97.99713819871114
75.33334179512124
23.23718346183289
99.15298057994104
89.00741726224673
11.711163834453403
43.059309776204294
50.6777306760192
86.91463772130304
75.41112979311683
71.32373035152668
skipped
52.84140569148208
11.583157505787291
79.31985088350439
54.318244316210745
36.69154461965121
21.965940548217723
94.74506544691108
27.630500814906746
86.33908276838488
94.58546760998398
68.0669431793066
75.70380920599075
77.26805250533975
62.79691251524115
48.25620057827803
62.27726505741506
98.72338514386477
22.515807750160338
61.06853515136442
96.46951176493997
52.81490910612472
72.47094980920525
72.58030672715536
skipped
86.34272663353522
61.78679164213709
83.25905007452815
64.9338318200022
69.0103175887594
95.61614333335169
59.33139375542342
70.78966190312705
60.20295395841653
94.80610443272536
42.91720467781033
88.20331105273983
12.700387264937858
71.3335426347432
98.4126487059787
80.50380900313839
skipped
94.61521189801941
89.60501855791782
66.04584282307898
87.99808406175036
84.75235082353835
44.85661581420904
99.43338289857317
27.72359843544445
82.76527012116259
91.35112441036891
61.882756519634356
43.8508687794954
97.23814583905227
15.35287516014737
85.26351347594017
60.965942816374614
93.90981443654164
75.72295288640977
89.63025145019665
16.562226408155194
47.38371749658199
90.82508499840492
22.35948987240697
97.11791397449241
56.39808909534941
96.37404999794298
22.317701804267912
81.80180212940446
29.866462092809503
56.28032602048772
25.127801498922906
62.88199447049719
88.27548158726627
33.691842127968165
98.9590193856165
89.36968182445767
28.338200768456844
77.75689027545168
94.27547004341668
68.02565484671437
38.233694611218134
68.06574930756905
92.9355559930153
89.8571004222884
97.89457742182276
95.05861826203602
56.23315458112637
72.19573258943487
86.45241597532798
39.33613554263568
94.6627579917732
97.70319108934238
skipped
50.12538422825431
81.22657524743965
96.90479342831524
66.60837634857441
49.610527306556605
79.02205932484236
53.31128006444163
74.3888276725466
44.44626785634816
45.94453795424127
21.52786333204705
46.93660022918503
98.70123242146097
69.13760404163709
41.14053374679134
86.59418752832134
43.92433120235323
73.73732936259607
72.98202292825691
27.104788435611958
99.25426962763932
42.0454918711354
96.39782022093604
23.0652142246161
44.753853392461444
74.94803531261792
60.51828622373702
64.79016936375601
36.42472202586665
61.352548221096995
88.01376800739112
79.15824798484978
21.431063430089708
86.51440462690314
92.82733246942466
98.26043513598795
42.23001645197379
98.06374100410068
87.42523177156743
57.869057122222756
83.55302183778396
99.78303182963278
49.08731403786308
78.8066318625307
73.6797320658814
75.2617660649337
93.98639945937376
98.97498695406333
75.11789338275021
8.991179088808362
98.25129085955558
70.40868881074377
69.77619437943427
83.63562027424989
65.2802775906419
37.17675771374657
97.0810436015719
60.64098975460875
88.2238945415658
97.01481641881057
95.77710215334194
18.37275136138146
89.40933896551384
30.15966072893706
28.16898434214847
65.17563429040179
85.29237503751168
50.06527280295412
8.488362474844527
65.4940725889431
38.83329553224009
49.398098468963624
96.2831109320322
59.160616269213335
88.34415070861807
65.10473443197745
58.51184050968037
70.57133269898203
46.034712993790656
89.38114454900197
97.69222898522209
98.47867901149516
42.102568901998566
20.68658053688522
97.4106043921574
70.5280166706831
79.11887023333092
96.67818943896124
83.20460527775295
78.95153646093328
skipped
54.51533338721068
79.08667788235877
93.7229559915387
64.6205668694732
94.40079072898394
85.98934824613526
38.58399837360142
73.27109452286943
22.33296642913177
70.11079678603689
73.9800566200586
41.310438077814744
83.82992720765641
89.54806549853662
97.90626185049781
77.52817763421753
63.60389271076133
66.12508400916855
34.29642904541995
75.36781419137877
95.09911104848342
80.66983058317994
57.102193671415115
96.21630991569967
98.33889171696332
82.37158223665877
43.57007514952558
67.78164266885139
57.60667203389629
94.00552967673721
98.26908048798936
38.287118622339264
63.83009054142911
83.53508208763716
75.14363995464011
49.81305597301588
61.504386533986874
86.66491818253655
68.52720282204014
74.63860497642035
75.96455338614892
64.2434235707029
91.79167821267046
35.87898366303851
6.549178805358324
43.052392301432256
89.96788709394504
93.9317764226745
89.3805337438601
71.3173114840161
96.47320878728625
99.3258363067955
86.93999959342447
21.83978264987135
skipped
93.71502505798505
91.62493659312896
13.337322190308905
59.33340476541315
56.46745770520494
47.85952768403795
93.44638730891012
25.75558457022947
79.5023028040342
15.409619108593903
62.708229513775045
61.75454053379983
67.84461949164228
97.73653937266013
47.821758548288265
20.028175145652835
92.73669135437119
91.50905023327485
43.35661221139942
13.965336771574982
79.89077851752702
97.78240752718125
95.78246382434101
99.1573893577242
49.81981492810593
96.84367706660214
62.607152225771586
98.90526854125007
57.74365383157136
98.59245083947182
82.19656863352448
26.765395623378712
90.43505163278193
88.90176732165911
32.185273910855564
47.59463532368898
84.38735229227495
71.75867744295088
skipped
82.41707023013241
64.86281670879116
85.81415151672931
34.78075349873597
49.008162495691295
59.6901986168748
74.95856575024153
75.7620896479444
70.57975489347379
51.52946950921938
73.5613165627205
29.637006843778266
93.77900119914166
57.857761400046435
53.67173217987455
54.4663422420536
67.38970600362218
67.8748738216387
88.10074351947505
75.44718652157364
97.33043549827808
67.93778996981727
42.598909663095114
45.656856979426486
95.26013775216735
85.14266383174116
86.13083548501746
83.65168857853753
87.69185419008518
31.43527793777024
5.587065579274469
87.64332078434519
33.733008634837184
30.65756556407015
89.41374445827283
61.93883366555216
60.61468755437639
69.76382145384437
75.89487600068406
7.604663180935201
82.23099392536949
99.44074868628984
91.61631356676547
79.47290002236733
93.00292877017132
73.31470244161798
57.64023387196622
94.77900820796252
90.04418393785099
74.82304075438682
77.8951871296682
82.45766380486336
97.77365732445236
92.68109556273951
33.51980267904615
80.23418507432893
78.64666878130414
67.72578217808851
72.62165386593229
69.25598778757704
skipped
73.0443509870774
11.973760115136038
93.32429996883074
55.117887819372534
83.67135263392811
91.1491641961955
94.56289025613586
66.2819186365272
51.23653435948598
83.80250344629856
99.43352191498569
83.78421410572922
64.4187055497944
46.64969738120465
20.697267920275998
62.91986159452753
85.14983197879526
75.25191973307278
96.47919001304825
94.0467237242711
85.4470214642975
73.23906868141167
skipped
81.69894744594534
53.43820696217801
55.01727107287386
68.77673810918829
46.79658009938913
79.51874141904973
96.36017285516544
51.99757020926599
57.27244003972728
31.293570433125808
94.63464699266373
51.09589999671596
59.57439886824812
48.67655013684954
96.42936069803437
75.79721659513345
65.37826774100121
19.61638395577199
54.99986008617587
46.502569541720824
97.4305905143988
22.363026328560593
82.33727702250424
91.52340778471361
86.66892224723708
99.2989914563102
64.76138988536371
21.561952032542855
skipped
91.41746821266474
36.06268822882939
65.19452961506033
95.51072439065499
48.43690711550141
61.88191278674769
29.924943539272146
84.67118911648133
36.83754844909142
92.861744624692
78.87472471578344
42.91921119212397
74.165938764552
6.286734399429743
66.97761295352525
92.5940689549
36.60840090742081
95.5159700475289
45.057384832828724
88.86695076652717
30.752505309439048
89.64786114936963
24.582471946825734
90.20027271108901
67.20106233949903
37.679937708610666
87.76127263242128
8.977326596796427
50.28099650748672
69.6268970635209
82.79238660037792
45.5845919769181
80.28051870669192
94.91108700128456
87.49476802089951
90.88476500557202
69.71200051035115
49.515441461966724
96.28266574249393
65.54150610028954
60.58549241125976
60.536635697157635
48.26387443326749
60.441832851419434
44.663779966968384
82.4312667860726
83.8224370996649
51.57130577364583
21.433449527827282
89.8169881204459
89.84564650414819
65.08183269766077
21.01243755555807
81.92319849876074
98.6689256735591
76.5699732279479
35.877556416570016
84.23218687130722
66.22428045983766
69.28611518916843
32.379469982259344
43.165758916661154
33.80987385277713
48.52773227977977
55.92948778737124
68.92860870017549
74.3097975757365
79.08166123550174
87.55724662339694
76.68022868917915
90.16826456742461
81.09497308963228
69.14395356340168
skipped
69.71502707243704
73.39455592649507
77.68649397998188
90.24214169506028
72.72599689932505
60.36255637929614
80.84933342975991
85.08451153436113
42.406518626966474
57.92163180544417
99.02582742853696
58.51328208481408
79.73287262467237
45.05567293182121
96.03355873776653
46.59698608588356
91.28446279606015
61.97766269482178
46.730888343376456
50.37918644557176
97.25849243568426
63.04201184395167
58.38953277366162
36.61577492136107
57.10416050477353
97.49689638037712
83.85475431090688
67.9627880629146
78.88188860233815
75.16951336880278
51.854137396905024
68.7597833570041
53.75631825879557
9.421916110812411
69.01709448632752
73.98410779330614
95.31704231193555
89.93213503806217
98.65658502142715
77.76691874091749
96.01886672174614
68.62757574392101
26.679334587751327
23.512129300893143
67.08192571324399
96.33249185044302
91.7510985449445
85.31916437218798
75.4433885782842
10.466541517032251
32.69296481824404
31.457763595291834
74.70794593559593
86.17973810936002
95.60444689629492
89.9150251949983
80.3208661104892
70.02405880433871
100.00449821617235
49.70678511400459
47.28586450449543
87.18514592852844
97.64761415808437
skipped
57.41138938574756
71.02252931392852
92.48651122211963
75.05921129260145
93.3207800052588
65.68406551196816
54.76012140960306
48.52417296963793
78.84887548054186
89.48349700538232
74.0936149709721
34.796673182879104
86.79508643477665
42.84344684811012
37.329514112395465
