4.688544205421686
4.054153306191873
2.7229033684702215
1.3596600857730528
3.924623957163842
2.0229638025558256
2.0018854191025484
3.7673190257601017
4.696790167027944
4.464885873717195
4.034809413629446
2.28642033702236
3.1364537537500166
2.4926509368758607
3.5226577632930614
2.0819538643971978
4.815093843982537
3.4772329646671163
2.170235772630298
3.0922032207546093
4.159535040960476
2.299318886404394
3.8602397672865694
3.085352662881092
3.8203272932474834
3.1252290048095723
4.822171035431979
2.29400960661848
3.5676274349810226
3.0664491569833823
2.126332805013301
4.902620476091005
3.8600092147264693
1.7133489781931897
3.4339369786337746
3.136994000438712
1.2553077912706654
3.99590866862995
2.307726552120204
2.107475309535994
3.5538155943026184
3.6569262976636363
3.721626024403214
2.131744559928731
2.861131441102626
3.983882279842376
4.972163560336061
4.107635770332427
4.632495341613733
3.9103151390208613
4.983674294469269
4.5559803256787745
4.3087529012348895
1.9262641559007954
4.633759775606935
2.3920287545738703
3.3584463441508516
4.941069996398929
3.814213380029612
4.645597151830844
4.950772188354014
1.3049061421847135
4.613740500394923
3.8363053650080317
4.703991471730278
4.764792854913358
3.479164237720681
4.809964214942662
4.923358204076986
3.27068593107537
3.6954277656628713
1.5848439623706714
4.221804603507867
2.3521549053493853
1.9926178344710215
1.8394527364730506
3.4805177478637193
4.957023466558099
4.259071641436887
3.715246183907907
3.7725242755146238
4.043728406903448
3.9843053572934397
4.567078610297608
2.05754346445131
3.2155279142153033
3.3772731273165695
1.9584598079218596
1.926010072441299
4.698728717670237
2.13988673109243
2.4615211918549558
2.9515245203205187
2.807568608965818
3.4937409096361645
1.234744489750322
4.018600534901455
4.106896786967379
2.1330495048954448
2.975825501026087
2.843587548331255
1.2678636511064747
2.598288175968626
4.891228570207264
1.9222606284969086
1.8322608792753916
4.591746319449745
1.6626952612290204
3.249822479265762
4.553370790431666
3.2681650877014823
3.4368307888517617
2.039138126502668
3.666312137812649
2.1046341178908947
3.41175081239648
2.8826753887200973
4.642710468337259
3.1034936562822617
3.295287989952912
4.279333390713438
4.2455106232892055
4.931772460887476
4.618141917286598
4.495273291858897
2.634468558692196
1.327591189950363
3.7248960056349247
4.822283167039044
3.9591492642453754
4.627402974317037
1.8456963821823853
1.7021609730073202
1.796310268849933
2.075582476253896
3.891801207853555
4.852317276792648
4.001557400584991
4.374096388913672
3.607357325570598
2.8996403114234566
2.387894848384183
2.63048596728232
4.532002700990683
4.0402194827131295
1.2763590552630701
3.358156403363662
4.610033146434738
2.891451172540568
1.2128945650040077
3.200561952314575
4.502060842521579
4.395932085589808
4.339390568458121
4.926177051198173
3.576168286305868
3.813862573950542
4.174154775735818
1.808847654100893
4.367783843725245
3.0623610666695713
0.638466660078128
3.3241061753218495
4.652794997148689
2.660452671403058
0.3287513538221324
3.2811276122309456
3.130349759689047
0.5833732886268546
1.9780804356812447
4.645164401298666
3.8938032117074863
4.508291898795632
4.161173190186578
2.5905708088634642
4.8090112839483234
3.936818053629115
0.8185947027093271
4.743989380853024
4.199015860140579
0.7330299686679043
3.1021111465461253
4.733025863507981
1.7818050426622565
3.763958150425854
4.405430485536413
2.28666238913959
4.35551273129654
4.632509053295463
2.3364619186670614
3.236290206163813
2.8538685882253887
3.0982172401678825
4.3831308111474945
4.495054232842736
2.379177073092263
3.115447486482984
1.594272558857018
3.969052211570766
3.540499614063251
2.3859326252559385
1.772672304992845
2.3789862728065705
2.168269695000821
2.64037597357624
4.161124791203888
2.89436664708731
3.861703162662737
4.398768657930245
4.233064156567431
4.499292030043784
4.008483330233303
4.85198940980994
3.634476250427182
3.9494648780227157
3.9314340067737525
4.861303044433467
1.6491719775512312
3.5355325228214234
2.853856206348384
4.802996687815249
4.862196864696659
0.9355491685877668
3.3245951131811826
3.773482691678324
4.443113983880893
3.226575277086928
4.709397975679304
0.20431900484843357
2.229757404481371
2.9085484592043813
4.544488393698352
2.527539886781052
4.769975864724617
3.2001117827143406
3.208772929519886
1.3315736079260792
2.139856205672017
4.036229300617606
3.9435084411997634
3.916617042959502
4.131810728903767
2.6415343325086966
4.521849361624091
0.6399739906002789
4.954277156824973
4.680877344906785
3.306110881626216
2.520741090373651
2.582096950460174
3.9407680586047937
2.914439291838356
4.972166996843179
2.992126607016333
3.065706488701755
4.238564848170419
3.066256949419369
3.511878107008091
4.03423521268278
4.3302795348985805
4.272901187864571
4.263895863338221
3.472556659258944
4.220198870945292
4.8980185230678694
3.8006742561421842
4.758945720886298
4.687340557144726
4.370663014786682
4.478789881200384
4.440011012549198
3.383539470717279
1.210814414155691
4.759546045461428
4.025277761152675
3.233850767319655
0.5799246985633202
1.638402339483303
0.6782696659672456
3.4962711425448085
4.313536552714926
2.419584650248851
2.514506054903262
3.643321901997276
4.9538127832599725
4.33315162491608
2.9829483123625127
2.944461567804257
4.229385099590123
4.608156344402311
3.161966901309538
3.9414439681247573
3.8516839474434406
1.7714566827094997
4.149327526900264
3.101600117408626
2.445729072783359
3.3017563054982957
1.6373475175121996
4.358754058172674
3.7294229731532154
3.5638677859172923
3.7233765970521664
2.3122648544064823
1.7346074342379547
4.707904797939979
3.665849613693984
2.2067131839835357
3.3484172063445428
2.84306791085954
4.325200884276027
1.863639747283646
4.610710614261409
0.566850317933671
4.846845426919887
4.996910661390637
1.7123230330714803
1.5001594598175534
3.9594055809767132
4.4972148732484145
3.2757320476751044
4.181787807549527
4.463502409849466
4.453926178979963
4.012729774563297
3.9732399016755426
2.9548258323645102
2.7628516530602445
3.8802768536001326
3.0252576164317873
2.151842680740886
3.632443558075873
3.245995000945432
3.993681290782036
2.573726394668264
4.332741817779651
1.8421586101652994
2.7317223502120145
2.8841267435654907
3.7930938596926325
3.1625828192035423
2.2383462709293713
4.527179247702096
1.4344037985516576
4.978527814981561
2.2115352904386403
0.6808211350176364
4.9212693804370575
2.569491375474842
4.9527750034959706
2.8569758900446303
4.8662465571050895
2.4074366139754
3.3200361934562825
3.4617665554191457
4.110867764015649
4.938982217146043
4.407830926730651
3.0544925135465286
3.044765603742371
3.7801068643064157
3.8986867399881278
2.5083602993035137
3.0735892085775824
2.505400516739192
3.0031243561240712
2.9242124344583993
4.729202951876255
2.0992762541906744
4.514045812678423
1.803584692877279
4.061715974162274
1.1167780304298123
4.067080256324688
4.0040378284050915
2.129479192991045
3.2675641195762535
3.3729487341960303
2.6069791457322022
1.5907563911401006
4.793852210371977
3.3565915137630347
2.84689306886
1.2106797194833774
4.650503043712063
4.1644637372472575
3.7979353949903603
2.4324808606747594
3.353256882264341
2.181932077928172
2.9198536578443886
3.5978220842405015
4.36838168114058
4.791779872883647
4.3605660563268165
4.2289872842691025
3.3181402483149784
2.925793405339191
0.12318014707025164
2.8487290050249885
2.8046217370054523
4.171918836225543
2.880943459293512
2.7450578109973023
4.271882934278433
2.604783843014794
4.897010300335852
4.493892834015888
4.708112343608587
3.3215660622838326
4.027272455957056
2.82645747975085
3.0435922874175034
2.1317355501902013
3.3386324533783145
4.0077087836217435
4.645310236576491
3.302176661599106
2.91096690488969
2.159660945419487
1.5467827818769162
0.9301417746045794
0.74121268271687
4.454390671692317
4.376333841035048
3.6233711393735475
4.47970606926137
2.485088115266244
3.2140123019680202
4.187008730079525
4.863677102006433
4.352226958938523
3.0153409578401487
3.4944717776917154
2.4647862823377076
4.976545801042108
1.2410964220986314
2.4318090863533683
3.5024863798113914
4.991723939346096
3.6935746368103337
1.445426165896707
3.452230299043508
4.842082340737859
3.347018594817215
0.8464723125686436
2.0182135379419774
1.4311862176980579
3.0356729824019846
4.150148383554123
4.899803278577962
4.034006245549036
4.244783810447214
0.8817128050246726
0.19138065931051695
3.571230582493463
2.111926162376395
0.9547631036274746
4.858758900923487
2.478853627881239
4.782490877788884
3.3485675534654282
1.7404934497539946
2.3863005881040453
4.705669327071355
4.157376228548829
1.6787599942678741
0.822414577799107
0.4731750187372931
4.588492336209518
3.253641767884655
4.0894492076312146
4.563804471456968
2.411561130585943
1.493267353320737
4.009139180163379
4.578358152879141
2.2771693295049986
4.466434193540149
4.102985516145976
2.332908736137285
2.691278481179443
3.1421536843616833
3.935387137509727
4.9601515607301625
4.504308849496858
4.417130883507519
3.236411648110384
4.60917388520687
2.195569609877147
1.6907665190602361
4.186314406007183
3.8133972014537543
1.5207386592231653
3.9690912494953956
4.68296024242156
1.436628211510369
4.375509250204422
4.9651367722399815
1.9758793525518619
4.244868333369331
3.413581945908688
4.002131663658914
4.106334294434494
2.2075008542037806
4.38128346188214
2.250967373992982
4.940536717997393
4.405116993849634
2.0087284315200793
3.067763032192945
3.716100351442345
4.814004886736032
2.286518591341802
3.776003886067998
2.7220728224734834
3.884368181289372
3.970092588513239
1.8999643801478525
3.5252007807994903
4.364453239366755
4.934101202767937
3.1362355383548977
4.53558986755994
2.8067321993032643
4.033041441061905
3.328173401350867
2.193758455109516
3.7936160614678958
0.9374715651174411
2.3553322328571276
3.803083900304834
2.906686410295197
3.894481223230593
2.570590676953061
2.7768942468377533
2.8037491479201235
3.9435166593467685
3.4853680620952536
3.7282983640692646
4.6383316320417
1.2096130461135297
1.8457796603831287
4.716692279531033
4.646943335088538
4.423711778496756
2.9381604443152725
0.9625340444986419
4.642757201944976
4.260632659948141
2.337621862933333
4.365668465888639
2.7481585617821573
0.14257276780630246
1.9624420731092984
4.907942970121494
2.070012398243136
3.9138672855632093
3.710245864213976
0.5612353653767896
1.391090526946119
4.011970221176708
3.5712996189083848
1.9723888189886238
4.287106237793249
0.8021283381975207
1.2027274932690466
4.828233356527917
3.590084398349081
2.6828775807468497
1.986803758691958
3.2925662416059693
3.4683481909271685
1.2173594288195697
3.5760387108417317
4.18114309980073
0.35235809494804793
3.9409043198975056
3.206925315057949
2.689464943501153
3.662429499440594
4.9459932776353
2.3080142122681435
4.986927816712061
3.052403348380415
3.307711415716625
4.5549689329871015
4.331336932569326
3.5962164411352755
3.576770339588153
3.0287959612662987
4.257494385136759
3.4415324417372735
3.4703651432197287
3.860559869064572
1.3253349328381077
4.911048676266501
1.7863669438697904
2.1877029695016357
4.4027484706169515
4.233695384138468
4.613610745990497
4.785134993441032
3.7992674154314785
3.910967068424278
3.7260895570209116
0.9008383703098363
3.3228283385134514
4.884634385488199
4.323239340180817
4.568525398810531
3.543692685687978
4.228864015731339
1.041992639696431
4.571359852044577
1.7675551089651005
4.52007504147859
2.537953031921071
3.1948727909350585
2.3903558933500992
3.079287451266425
4.9621627363464444
1.550640698200484
2.695061231719091
0.7562384047520115
4.721799226921736
4.40947865750862
4.029862447139715
3.3259976210109
1.8843144453467937
0.27862119575983085
4.116389407473062
2.587494554419562
3.881168134074375
4.85176298639611
1.9756538127492382
1.4605101347065799
3.7183350818145375
1.9936788520685533
1.882865688470604
1.6730596925351302
1.3766104878704675
3.551549728566912
4.775521598307883
4.634299016491661
4.068913847755991
1.6286189954252808
4.311532448130396
4.022632283301868
1.4836524361662626
2.095299199248365
3.540675024423921
3.28716782960271
4.372652452268226
3.647288737039634
3.1069565284560072
4.847307798319031
4.468946105815247
4.360140536476742
3.8108965909827375
4.046969643539448
3.6328010727755613
0.4402714396822853
4.619673608659087
4.8952974358447285
4.1207618073111645
4.815551093744235
3.781552723616473
4.72263015375011
4.12897801949007
2.9216406182502626
3.6508807885229095
4.988309743460493
3.7922504374429002
1.6591200326447453
1.2978635378253287
2.1672905763093873
1.5774435716685895
4.767398543461435
4.480698406234132
1.5100667129679486
3.422630741695349
4.724056470304426
4.153294163626148
0.6645799901972715
4.227136269055757
0.2868475781951778
4.2673146937005635
0.481046550530039
2.4596151544951566
2.7043005538424385
3.477655462467952
4.0482254946859735
4.883050651627597
3.591163664156831
4.786488119256091
4.749819805961355
4.743437926848228
0.6867396590211464
4.262729094978909
4.228584786036047
3.9821183060221377
2.451026281774844
4.780462697433077
3.225440763433003
4.966504817976368
3.1398385951706613
4.264381134801236
4.054573250699206
4.7399540832981435
3.0649744017611256
3.5048060785625594
3.043761335533017
1.5436367766773142
3.9638237123838236
1.175907303723383
1.3732077224981678
3.694771402856079
3.248609739622993
4.639871718842459
3.0232284021799223
1.1042879744489558
4.101991069584672
2.8555989627167078
4.634166760493236
2.707494167568549
3.1248375522955465
1.853717185895018
1.8942976350140748
2.819337289710519
4.448714391848864
1.9565436725921042
2.3795753059869464
4.941391304588719
4.219995228252443
2.205756022911355
4.016364816576985
4.82773440392689
3.00349319213344
3.670715957862494
1.3997114799768675
3.9177230362248356
3.4549085134164654
4.561772136313835
4.037120405776303
4.283302687370254
2.485930569351081
4.071538931236879
2.9753438193050923
4.711355415628261
4.907484616111419
2.108440179915677
4.811411836320241
4.3043737401756035
3.4333971097314984
3.3978082951068425
2.7718310631781704
2.860433936906339
4.016944792655707
3.557980026857301
4.251220811592128
4.72015867964496
2.762552170200875
4.661473269300946
0.1817447710841345
4.468941642995472
4.929867638818752
2.4572691949673215
3.3597896476533853
3.7433835731848957
3.6725779642665457
4.336800955207945
0.9772215885076855
4.058065464738896
4.03801619913594
4.365481095173341
3.8788565853264916
3.7674154529139585
2.476316682458573
4.866427858154612
4.438214709061223
2.524978849325581
2.899060399723552
3.641316670349049
3.0842362293098327
4.194295804252634
4.127433976578253
3.4000369628305984
2.890758840737335
1.9693396575299404
1.9328143516266658
3.4974066845697367
3.549130918925268
3.1012740455961807
1.9557413191667103
4.992142079954169
2.0222297737594226
4.192385344378781
1.3638717419222077
4.369599816766219
4.190309989725693
2.12393157137266
3.6232000038817276
2.8152215905564355
3.365832353265505
4.690249498814578
2.9772062999543
4.364658209831202
4.932465334249578
3.0490436751778214
4.0284311655854514
4.405579533223105
2.1449661642509055
3.702237803565004
3.1247915875102805
2.4296379180288286
4.306069929103673
4.873914583322075
3.3194347512673272
3.8276514433814817
4.505951535091078
1.8603333301257228
0.6357822684052873
1.3384972492378076
4.569864646147771
2.383166940237455
3.256394529901228
2.870349303915248
0.7825822179201063
0.4845986065219954
4.518228503674846
3.0123936791094037
4.2277951228913935
1.8279195271965771
3.943865721103554
2.5842537909582224
0.7159278732168999
1.5388759094341502
4.7300058873436335
2.2294592214385793
4.099825303608137
3.7183387518607636
3.598897540230514
2.6232575329632293
4.954139233851413
4.428907450109625
2.2480662923738377
3.0609964712758106
2.7748372090857183
4.5783023374155025
3.3998857986720346
2.533624565671089
2.3791007527693067
1.989836470547699
4.267952192851226
2.881875047029048
3.0287036086418366
4.899465367127008
3.577392275005771
4.078803651894056
3.552205636001895
1.8618393027309583
2.9210398230443118
3.4177955116108647
3.0063915877958145
2.771162028965654
2.479784289955196
4.6167496214984345
2.8627495184728002
1.3398734883037993
1.2436147695442845
4.8153487297298705
2.4621050876335797
4.841074780217378
1.4227976984253001
3.9164502441148303
3.55198525126315
4.460185606593566
4.8619160481265045
3.15905948692455
2.6840659875640656
1.358376477422389
2.883599736661996
4.843365430305691
4.6485652682043686
4.154925697447123
4.94680355711561
2.9502672579427074
2.735906251318452
3.1270995702617337
0.7351179661926951
4.060940600849053
3.8129509292135153
4.70086951736895
4.484485927881582
4.892135593796713
2.651234943441991
4.257324284773016
2.6099297290050525
2.720688479690811
3.027225643674172
3.910673991334696
4.426750189156787
2.8327522398639013
1.7404400632476809
3.665003128035555
0.6654867789157825
4.56382763489062
4.010304426248245
4.015310075340824
1.3249552450102884
4.079749991061336
1.5065272037503432
3.4650366292061214
4.857090969838604
4.609054344078183
4.3574848340858034
3.5389986897142656
3.793450587547708
3.7889861823501416
2.1984530599600105
2.0097266904071263
1.300260970194297
2.5246710586220344
3.5026294659453017
3.630166514178144
1.233239829823332
2.6433090116123896
4.89663066444264
0.6344838502369392
4.868708638019305
3.329640177715237
4.920005411858274
2.4720594024687093
2.3757255651817384
3.0862090767691086
2.464047534354146
4.053908373391533
3.126537351987996
3.0084869412692377
1.742469704852788
4.065264357383988
3.57865613489753
4.790512626079288
2.7703050378272684
3.983673395559745
3.3313358111330813
3.4829812474573374
4.135445416675608
3.404436100815397
3.859209054617769
3.4068591407952367
2.548179988799214
4.835749365735204
2.166787469504945
3.9114794592707653
3.8217052056330134
4.887394095602953
2.5870259318199267
2.1894750326878185
1.0303814762335797
3.345788727995118
4.699391741156599
4.883757934462439
3.4679203618981704
1.1703623871443256
3.0419131073483676
2.6982601472009313
4.187245873417095
2.929838684053924
4.213748325665016
3.819503543856314
2.1253292796281533
3.697910640031414
3.928471326451095
1.9814106835166474
4.605107342406234
0.6989516871987497
3.602983307326001
4.756935736649012
2.946022114942556
1.710417124178566
3.06376315857183
3.765393481016826
3.4587915136303833
4.827524463051501
4.501374846511909
1.7315142770358254
2.3980755678479655
3.68502350910162
2.352957832045705
4.9203435765418275
3.683213430572463
2.4070523283809355
1.203890977681234
4.89684949578259
4.079343686342193
3.5542039225088082
1.9288998515426745
4.3397958124899105
79.4369606181962
67.33334466011408
45.23779456297882
31.314827331110962
59.87166493192723
39.65422373230053
13.239952338879847
55.733856271739455
42.03965021679401
90.77930945509733
75.6762420063094
77.81858265621844
71.94582427110824
16.461891189266204
84.46193412452301
83.64649261582383
99.68472367665731
86.76966087462493
85.13466614489658
76.88876613558944
81.65036941438382
57.1088299890197
85.97836843327973
74.61002381329631
86.11344307328042
79.09929451041538
43.98882970864323
57.05229051605887
43.57554115644612
97.39546698140806
34.63906501704165
87.25710513766145
48.810427083665466
56.35192998482197
71.59335646941787
67.96491788603933
44.081999733429804
94.13981634382137
51.83209613108689
79.00439558513771
41.33940782608476
48.55628337939823
33.354155940644524
39.113642438330814
98.77928706383975
71.78703326981291
20.653995061388514
62.6926356062597
96.6052288163386
99.4678900759105
44.53436428648106
29.961041139455123
12.922293382093265
45.32373078292194
40.1861056044517
89.49183895615077
51.82076419107126
53.155551027597554
65.90365332610943
19.750884718635515
86.6657699913908
47.314484421857806
86.89020259873286
76.50798019802835
78.09915218498242
38.97401878911824
83.29074651571166
87.14432227082669
79.92134893798223
67.72058574531907
38.94740467019056
44.46088673546107
89.67326682778896
92.77302627415827
65.64299641281532
88.42660095905958
86.0105053251936
94.97251082280556
78.98702734930272
32.46872460814408
57.21654778801264
94.90760683820554
8.141461137438066
83.76102420601428
77.62579360065305
75.7935317767331
77.29225403514214
69.36361992607812
67.29672791754894
85.35596663636632
27.5867206711564
99.42110124343624
62.717970359132664
39.30658426783024
71.20291875974267
91.61115426117746
89.55474042946003
79.36692807132937
59.273971485268625
72.66186956833806
77.79243784479821
97.76266722201181
16.651248694027508
skipped
73.76961128524992
77.7632292430427
33.32485424521123
91.065082727148
89.05552254285365
69.65001216992485
91.7839898493961
24.49843148875738
71.63447120709014
60.646118429361536
84.11556401410495
86.02337235816846
73.07147558951448
34.81523493524283
97.92673780868856
58.538506557278005
94.56266506647646
76.64984595286046
83.68051180108056
59.218851238443804
81.83753187617629
48.221382015507935
69.14880448216442
57.2699753472353
68.13060459985203
86.67075376902508
36.03780669190153
70.90203493781257
98.17710491521734
99.21173834169406
97.65884044788713
95.8620565869813
33.000672909333296
99.7355861257505
77.34122654995427
83.68938431089323
95.90369891277564
78.00188185429995
56.00384061984771
73.17320831208616
79.54955415158676
72.0441931881731
51.74160838059308
62.27479676235879
82.27117846966055
84.83205649704578
77.32926003545627
67.41683612719002
44.41407116147126
99.44205430406024
33.883915214852316
74.86828426736572
78.41687584612308
60.34282998803754
30.757549555543125
57.52577411313826
52.541433153582005
89.09731763241167
92.30423201249545
85.48180057843513
27.47172913142201
95.84445777209248
64.8194953733989
34.7412166314743
90.22163795045192
37.81214857398576
17.60733080101247
67.32702457913942
83.02924753452143
27.581401400792068
88.11823035628437
86.24361919859923
35.71832255701849
31.628144633349173
78.21638400259795
45.09998259274796
51.74600067308971
17.902995363178615
96.07925744310631
73.5520717855129
68.80212518402413
95.86658839276353
97.48235223812495
39.088095060811185
95.39397091292145
99.22305709043839
82.89993630868784
89.3405633580703
57.42156865205192
33.88591788678127
97.43892085311592
89.4284994590583
95.42061813056198
64.02212484252975
59.643335270466494
96.9108640839617
90.41890385349159
97.83393604531483
82.54659178055654
81.03760469704521
91.74342212867836
41.92950985285063
42.068997144409
66.1254597496349
83.31236390594668
91.97571311087263
89.38308517445685
52.33667140225546
45.09219146832968
75.36978178473757
94.29232979312825
90.21543126270674
45.73258378100579
94.14949164678467
38.0769074899917
75.08788110454779
98.55736701393852
18.936570718184782
63.13408516090498
62.440718250160195
36.69567251588647
55.666692564998925
49.72814750626645
65.06803285227542
86.65612616929131
34.071833226763445
93.27930871501177
85.72811015425856
84.28798617224143
86.08215011078951
45.17114759808536
87.38674293798802
95.50225020356876
84.3656987958009
85.42279327569402
19.40834318926129
46.80479424721089
62.759994962362406
8.111127350061665
81.69818455306975
50.90254678954945
81.626170995094
27.577143376678897
86.5691740868023
76.93675282094411
82.88326558251842
73.92221765932027
55.056394719785274
63.78481615570893
73.85254590638306
71.48084074922026
93.1473074811561
61.988906703878165
56.35825275778629
91.00840100008232
95.77558476724003
9.158519991365676
89.05206760648373
62.99274615993466
64.35643188626
94.54323296947496
55.316983577212376
82.55283901868455
88.82085866092594
69.5385428644835
66.89811312673488
25.562335430453988
83.81059395381136
66.68342595885444
98.2657179253393
2.5921514547883193
50.06225416550097
81.74685554747028
37.791214982864766
66.36711020791189
82.6179198040964
96.85306812830852
25.185262411115545
41.810870026129116
60.94396396780359
40.53946579878445
42.31115126888629
84.65759738912101
61.96504139265089
94.93918636619851
40.056555841832456
39.03467456064064
24.23871980958608
21.410343379450673
85.14825771162418
87.25025500315577
78.87873165755624
27.30505028511698
40.91092143913116
82.94186767699361
52.48638567718529
95.47295973481397
58.38535147277012
47.00002254515079
17.928431085077445
24.934275116439373
47.844296394803216
81.6934130667458
29.74202442400755
38.40128306208997
44.32364370897231
43.74861088670953
65.42654937355255
11.57357208690745
31.42105574389135
64.81497885297779
100.18368220103065
78.30454969465747
54.298637041946996
76.15713739675988
28.234727946718003
96.81733613533494
52.23149306114895
78.57172163780803
65.18937204776765
63.51896277941639
72.32175239685144
90.45744841402988
35.4173793296674
43.24009985221225
71.36021024429677
34.23611142791447
35.32300115746119
81.7995663384446
77.87489697557146
13.360134015477927
27.03075639979149
73.0190731128051
77.21148948687826
89.57680364013407
39.57827813274574
53.74043677324661
100.12954388878387
80.73804920850384
48.08791578127063
38.387243710515214
82.34204726323605
76.01791631744211
55.77548548342674
21.865689430683613
96.62470743402038
37.36083328812109
96.20175886582012
56.94249465720745
89.48120712446007
24.793440660986185
70.10085679253567
96.21663070400777
95.26691317210651
74.9896337951566
79.37461499493392
97.07727483807886
48.02543698293453
53.48413915113099
65.91260172472904
36.87219681113113
83.8598534460697
17.8988231926496
59.14180909143945
55.886463490428895
57.226557038460165
73.16601449328772
54.93752533780071
34.22397498148316
73.83559919593043
49.68288584206389
65.4652302494486
35.447824266923355
66.85655408128687
88.6304424403358
99.73400761981388
99.211836469476
95.05927491436776
68.5626225270975
70.75940331382417
77.1007521731349
53.16900270462337
95.12967968992885
92.61351638735792
75.78270243086487
55.10001818111947
91.89853720813511
86.64988441830901
7.956955577699483
47.11571842478766
66.32693592369209
56.50512650989609
85.2972008348981
21.70393930811497
23.09984045316733
77.73722294583479
93.42400978407197
96.03083187909412
89.21311281782579
33.63215186256683
81.31963423116959
46.4737574462913
99.97078156151258
78.92568128491736
90.22555380914187
70.93936868715964
14.973243731713927
72.27517986501542
92.72032627477496
96.97312001966824
59.658850251039674
69.92045432870893
51.647894267193685
84.19705159122492
77.13520236798864
80.02573605880534
59.87026417680965
26.79338452033594
73.0218708596326
79.86164463578967
42.63302094436291
6.272157155607807
99.76535342814435
27.46617101142756
35.41521385046054
67.43145577112554
78.07131038193228
97.13453028378204
85.37587130522999
79.4933852419169
53.85007987985478
10.887329003525332
96.04437883905447
52.69237048140557
84.40482246066753
57.20759639105911
21.65258355915493
44.041727549827336
45.64641638538673
81.17433314426816
26.825823507479317
54.719623017185256
32.49782792354714
59.59874354153965
13.262400658789515
51.92044779208967
57.531227069263174
56.133993397809725
71.31825735303487
44.85728964074954
18.5878385744821
67.29947528169858
48.529357360251666
98.83496123884788
97.12586348498333
22.97979502482001
76.04197436250672
67.32398227908931
60.169762998966156
99.45630926535908
99.00970222456908
56.199744039503834
91.4507622989079
91.76143700404107
87.34640525264389
90.82081029528538
97.31963909427537
60.28900406840184
75.09317282099471
33.59590057159781
44.30674253533952
87.2124146446257
37.98336511863671
18.131086003467065
98.70883974638637
63.514550132224244
44.08459884601749
53.223040065623316
54.67740955304925
89.92303751496011
32.66219382304135
96.23221061983605
97.90741591296573
78.63152078024616
54.559785448005776
67.85278049413381
86.0241873504007
22.155395438494935
12.190870877102865
58.4106494790599
92.65438377637034
77.17223526244294
79.55495096711932
91.3551229819522
97.31039451828032
42.49325414363677
91.881889321986
93.56477008461933
68.264036745727
42.851462392460725
95.30059637163859
71.23105207901095
95.64817981843836
98.27480229181613
55.90040872873541
42.890081727730106
58.03032708776988
23.56233565823567
94.34790647311327
85.67211679268105
38.527608672033026
86.72342694347975
58.054644053863235
43.48333732687505
63.42602361018309
41.7666935325856
99.02433713279488
99.45455386678462
67.74250634976028
97.36225624247444
69.95743245551992
48.345696725091905
25.144710741734276
85.81709155575189
44.97776004525711
23.391955252099628
76.45778501219753
79.79450545774138
53.37885140159134
90.1043568815385
59.086144014121636
74.99144102696107
32.86199385597501
33.71751254411728
95.94496954705328
96.96351608880775
43.26043314050976
60.143508257132495
23.432762144849363
40.107810364311035
23.56765207643058
57.22939278648158
81.38632035246499
66.43741101041361
83.4334990823843
skipped
49.623668129760716
99.33729687004875
74.47462902531413
73.3143750663648
51.862920877784696
71.90017879481921
67.35628540495559
92.5455137097691
68.68330563117544
84.77498365313853
89.37014258905297
20.379201425169743
53.72662629603934
90.85168596669129
64.65272591569993
51.336101834824845
37.887903750292224
83.73851116894991
81.95705400134871
22.156706692640903
69.97033133291355
40.76934196187504
57.2487355513992
69.94376139951648
89.65053273994613
62.67814510461229
90.1127432217373
79.73467621561979
skipped
75.00975389046681
92.28638089970154
80.1672378079341
55.777509452297096
28.926026056066974
71.23022646308125
55.64694500340389
60.77642547486833
68.2188585584363
83.73611538620263
55.50408773207814
38.70948175144582
80.08596798108564
47.63555505451001
95.6132944044644
70.85879747253593
43.567499467933985
52.83582258045253
55.301557014938524
93.00175324853731
70.2430798560628
67.73768545624557
75.91369883008693
35.90195822606417
95.13944094462161
34.53031544148137
82.89785425805836
86.18139111793272
71.74732950882719
74.33054624109683
55.39974790329155
93.19608145564823
57.54140539830197
70.64091906340883
94.17828256383461
88.51448369975198
51.248469538445384
90.75170141018437
23.6809965846715
54.278429580898774
33.49831493561591
81.48944470115423
77.15628046670489
78.51468844606121
77.26726617711331
83.07023988648046
94.37335775517228
79.49027682425128
67.05678334626128
94.57727509338706
65.33388828283294
95.16227637237044
39.45806069390766
65.33796662438758
60.868193159276196
19.13049496373821
63.80305978151373
95.45335763754377
16.40781338334361
87.33166982086787
74.68300387088819
66.20450898229672
80.16798085806954
50.53456566501635
94.754330553548
57.58099183231018
64.01117847660663
61.94277364942269
32.11941137099941
73.12590350136927
80.11453950636272
74.30684187563675
skipped
62.39458547752627
71.78106064338029
93.18763576393125
58.059545376964
97.35437173071854
16.380866641536247
96.01063048267882
32.53736000887481
91.0514907303483
45.76239465095844
85.31232922885553
89.14991688669177
38.08311936935521
61.61539725221877
80.18265240998701
26.463394423343743
96.2026443348401
62.63928671958762
70.86118470666328
46.90548989099691
92.8928565371743
77.18956272373221
99.69005450351248
82.05111052950456
57.33432670003537
72.21222384825822
78.65944569053212
56.36009750409319
65.4221840936515
98.45055181497696
49.447790114033964
72.56886481014098
53.54065930619839
22.16669375284316
99.65255260418242
43.46247691127549
18.242760506592905
93.93786415645508
38.35764225953403
73.2754306573041
57.810996371731875
41.86971288593516
82.3179768469283
82.09988718256699
82.1401457490687
38.79102991797667
89.62669865797575
37.18017527759371
74.18967077829598
62.14361142172653
71.7073342513787
48.79692090901574
77.12826633841335
skipped
82.09805769960991
75.33648520980232
96.8471697155436
35.320500236796654
63.35380212770039
11.771036499778827
91.5757380814255
40.87252227316239
96.66955156400101
92.50728639646631
64.32490910728119
46.74340675676043
93.16038613900041
88.43036658716996
90.11798632015669
29.55184564530354
87.16830100380601
76.64085586437696
89.2029731498396
20.157816865899445
11.867298827364783
92.53689487975527
55.94264795128794
54.16030729661659
79.52259838626507
54.200357380157456
87.61913439301561
95.3287791548941
77.81553204071366
84.83547546011785
84.34291338131065
73.53791588505122
78.66729222027037
82.11852321299644
71.3233569581055
96.7174154804877
91.70238881815034
73.5195501000479
25.620103728237478
96.89341182284089
35.601520017449886
14.993941234540218
62.750556822919975
skipped
54.06040501833374
74.0577889285375
49.79711973203152
69.56906373782921
43.65995553157129
62.182981694575794
47.59706516602472
37.62668274600425
96.21259759653492
31.11216267557763
37.43132128195787
18.354325094737817
69.70112013835141
24.31500474633728
79.45527187494656
62.278928307634864
18.289752517174975
99.77862667416876
19.02220824223609
97.302931401574
84.00740581392705
80.83019469489096
97.35605320189781
73.9590501465308
85.78713937144082
78.04857305825476
64.33799153755007
88.52974037357554
68.01474267797543
77.68138001308735
62.349485857513976
23.14556906064228
20.47589832707408
54.1828026300214
55.50570806940277
97.3660430085411
33.73804541564569
61.60356610190016
96.34056658980298
90.01757910790226
59.77283332851773
28.52188291888668
27.791945066106464
68.68688498314795
85.20801447115477
85.86287104456396
79.07865609168535
60.940280125726154
64.13848619844858
92.77282312126329
4.327143824071015
10.605818501701451
79.94299623625628
98.00363258911919
85.95843192550956
84.4493502939861
70.64049002104105
21.907766169281473
49.50260744105128
52.06032598478262
15.388432390962457
71.52092258360422
75.59340782067291
76.74287746713254
55.50347843918101
83.60406826316219
80.50058620464326
78.24923317573514
93.09102151199794
skipped
77.19221625689245
19.32097783911475
68.08344054808198
49.5121950220472
93.60787071382008
77.55145075935556
60.458956371200564
94.45071630829972
72.63373377682987
67.93486673154338
41.89080700291289
62.84813659169051
90.01931690244565
33.27250238061938
66.65595484936088
78.95243324957009
56.85816007737753
76.39130493167903
89.81479703646826
55.79539069102197
98.88881839563804
24.039378187291465
37.282659245328276
39.810427569769615
80.36590830667987
80.51401226688999
60.86648092086638
66.5469850765977
82.09826359312785
97.71765013695273
32.351716903562355
67.37581459071197
13.962521906632539
91.93344207098372
43.25120712831235
55.44439328605451
64.70632933085083
22.61301565491756
77.96810170377614
86.19679501833225
21.098603379606324
57.174871369532376
93.48081109460826
90.50606243597447
85.91388343972211
89.4432431698399
65.99070473246162
68.88861702561383
78.51255460400847
skipped
49.8054070397269
74.79531395683271
28.76331738818958
96.51790316334785
68.83616688606895
86.33405593863738
60.71906024756646
99.53886597506994
95.79614450825665
87.73298071586521
94.34673269899292
43.8775646464563
78.25496243449378
76.50174751677231
75.3411562301496
85.6900058397279
93.1333327593859
63.003895926265855
79.33280073223031
63.31349221935462
95.72256381364302
69.93659256868644
72.08717490826389
64.40741090987181
75.47084728052532
43.662073398428134
55.36629643919629
skipped
91.32013455996332
43.07704918000679
74.3818254421329
92.05745562739902
43.02696014312065
83.37205218685988
54.56287965011006
91.43659949324672
16.541185657917083
67.67245534171681
81.32164232554109
70.0436996182177
55.11004745493655
76.3441427890892
34.8468889038647
39.195192933818774
62.263082587552866
77.47384624674628
46.084527041707545
44.75470326137151
96.0697100108997
87.7883953737569
78.80184799832179
62.69631810632395
98.21730852314727
36.88616174496491
54.56790781589979
92.41429006566233
95.55430990563805
46.35114415620486
46.6998047937014
15.018960935844799
61.692395505228376
40.79610284952608
91.90703343680457
94.76486823602481
94.52715343370119
68.7014930912181
81.42267841724674
48.2880117262433
74.3184996549309
95.17657998220466
50.146074576041606
30.56185065187951
80.52551004310575
99.49226653501246
85.13277092780697
81.27199660523551
13.008424260883547
97.457979129166
92.75603899958354
62.52756223732557
91.10775760055408
30.431246054450803
31.261455907971857
80.66031996969627
41.423417884393956
59.69029506009031
61.17541947450023
70.02801689101203
63.84854062258283
95.45714649089011
99.37877863988578
88.6110408738019
43.595070366869194
95.72248985515061
17.196804738324573
71.11756778636608
85.86043386304364
46.48649106134897
81.34526358900821
36.65220097852078
37.82721773486437
81.77654614206128
10.376778164602783
61.39153361338433
99.65298395926705
98.39311235930629
91.30721214400224
45.264489475101136
99.29029161201657
91.00878741076205
75.34620783550534
98.81070821055737
82.64258580209797
78.05795980429926
77.76574787235076
13.1420606332154
82.45934381242682
95.65566342175207
77.61088110179423
61.669134091129386
66.80881493239794
11.686335070311586
68.656073275349
80.34804394240535
51.62563056179339
96.06158535348241
72.75850248288977
87.6285983664284
80.63058516686303
53.018120623424835
60.42073112261174
62.472459326533155
98.11880586661746
98.32615771310303
15.673498145318263
82.86447533828165
62.47061228144555
57.536970546863216
83.63474094649371
70.22274035334694
85.63344785083385
80.17801765257582
77.98740918703703
81.18527654735558
65.66622402973259
42.88920199937514
95.03153497003478
86.73414091449858
88.36309045259969
89.13142915462393
81.15112428087238
85.1751450213476
37.23714250792115
85.97938672841498
57.4515904826708
97.07065908165853
33.6202814922286
80.70761219822654
90.33069643040284
98.27322181107326
61.38861256876461
55.42697378716881
21.58654905764827
78.18025292661763
66.46829261492366
57.59564579986413
81.0956576052591
67.67800151965936
97.08529396015891
97.82423325965249
61.761895465090355
75.14761462619812
14.905985569717153
75.62428823525518
95.88455723717462
40.40299375523588
68.36678537066719
36.19039095701737
59.61459152171586
19.66872672795258
54.8699480676368
84.04532479587148
82.05511754611622
84.12208225396041
60.94941376034944
96.11867238019754
58.97184125704931
59.60438104978455
54.74468953290899
67.91220061435808
84.64325736723517
79.51316884608721
29.904870782905746
98.30368546034791
92.70190848098005
70.72345387893472
71.1778195664545
56.882078110437206
82.09363602140354
95.62929011791181
44.61197082936467
26.61036464275439
97.47858864729548
99.82926637053936
60.52644182669963
68.41603188751817
85.34740189610628
10.911676398441843
42.088262803500896
95.5455575692453
13.634028322160288
48.61189657391454
54.57691518522667
95.57964509367744
75.15518901239346
99.52726831011316
34.59707963228026
67.56319030094036
80.31416320554555
88.50987296074814
26.28361424022214
85.62058447831437
69.03533586204622
82.49555018197647
97.19822750017302
80.66105668712437
71.11459821401922
66.21749614176844
92.24883744942326
92.43120077205583
95.23248345998904
98.88215940050239
89.98256906429793
58.060998818643995
90.80486810477953
95.46087720824943
98.86494981743856
78.4554472974886
64.73223870753185
57.74570633835287
65.82065846354917
54.701081341784985
70.1593414593869
68.33890375046293
59.775723230189584
58.64432818621112
44.797132947532994
78.2551005265456
42.33787215786427
65.96042945444606
32.84930460184674
48.741944733133444
92.27163679886675
63.75602508495627
92.34001466337024
80.83581189692146
84.7877120554912
78.85973110124652
94.03333980188232
94.84476630753761
76.3517568852403
25.812656939170843
78.58176879463963
50.7070678745713
90.46466326735475
90.97180162128352
92.07692477192904
100.11070118540333
99.9119374240178
72.18393202188246
56.02729147479816
70.82888355422091
7.226835127673792
48.816277738765784
68.8508335421456
76.72802359790975
63.96166241136842
64.32172199303635
81.1249931938625
89.2707269998683
61.88470410753858
82.72204955002717
50.28094983735746
24.92171642097406
60.609618898743804
89.85196577529952
60.573965629030866
70.57215750134667
91.57933219521726
92.1274586206368
91.10845941524606
64.709152209054
76.71921199462774
54.87547620566722
37.32165438852867
41.837200639349206
62.123299475786354
78.44677259761377
64.16907955033162
skipped
92.9736261473408
33.95882563949235
73.23551300822304
33.65102866141597
67.3379912636482
26.560710805599452
81.78498003679597
48.22868925487078
38.45491560140505
94.21803828910882
81.72621551858467
92.65838010254436
46.30870722121383
33.51804159649754
50.381844172929185
59.72400427641821
85.32187430858409
63.16742794158996
98.3461440186095
85.12436592989701
93.59620947967063
90.23920002405538
63.241064176521576
70.53918318767978
91.76320574649209
88.38449091544439
91.51634128762349
26.117238940226652
94.36528638113288
80.18862783561596
73.63215988274379
64.43648743622684
70.02415038622435
83.82567577200484
56.02214495598755
56.30533258887756
81.29276893554356
65.31037387040479
50.339180514368635
32.14855820644353
40.82770921479946
68.01002415120377
44.597040853027984
87.46237092632367
82.14624303310183
55.01041627467215
53.784463066050606
82.52239625364567
86.65914025013767
72.16201096182526
29.694776678665576
61.001690299037755
86.28367487817223
69.2887178217883
39.649703750975796
83.61125005272147
62.38449085877896
79.45073317791959
93.53734591279596
67.89718719347371
55.18819054290065
57.704788108124454
84.50275940753247
84.54267428907166
41.15112153368231
98.43710852088105
88.24600211011722
65.69783743689479
47.82824537305692
96.51836046169956
41.76249045752397
39.43920287299349
81.89645584923491
94.36384551385511
65.88043166403887
71.83526974198432
54.23064447758557
87.68080315500336
79.91768366617256
49.81542931364043
75.75962038200372
71.61319542526326
93.94072897325948
49.974514434257955
95.54369027907258
7.185764765069086
57.19189209342266
78.76811109500852
98.43987442703796
82.98170176542479
76.43501960650917
31.400985638790644
68.38184120189636
88.81030352421547
77.10292518435507
70.1195464762893
66.75082084724522
80.94008400049267
48.548437380127446
83.30981470127226
67.75985032365227
77.54581443154537
96.90291436722455
73.04156519073082
78.52484873816806
56.97378277956037
66.49272994896523
98.04831407157353
75.09450506623345
91.77289090948625
27.336676549169827
72.91146190967801
62.911509744767436
94.43772654170891
75.55263739164073
skipped
37.285057761233176
90.43116049875245
96.96862902163762
73.21547106745078
98.52966869071713
35.68974616782238
67.19312758078077
89.6879147443855
55.42724348462608
81.8416557590748
99.85930049595233
90.73773166908374
96.644465868475
92.02012928625076
86.08303653258133
65.76382544553948
89.96533696713614
100.05037912734676
83.50525422956837
52.09579565158593
23.243566246085088
32.42712944054547
35.72942613162138
21.05357578699999
97.06137171710805
62.74739446214409
86.29831210854381
84.54396274290339
10.270360414001088
46.27002971648996
97.94880620947995
47.882024230295656
98.47936664300376
32.33065784214539
19.951658217885225
78.58144446938257
70.83993722566886
21.09400423286769
78.56774147888271
94.8766210665207
77.31719521868378
76.11660674764424
56.09498039627858
81.94993343910117
30.562334894050803
60.81150537494082
67.5055063482405
76.11672407751293
20.468862912527904
68.82999092412417
97.13373572850118
45.64563985099152
87.49796878471108
89.78474330325179
98.42354894834187
82.183867814371
58.83372297547124
87.69151455757104
56.54902028227244
75.3996392020945
99.1466500924241
50.30704916281379
19.605647167062912
76.98401117619862
50.438914713574256
89.724370510527
74.6347510448308
98.54007099075886
97.99895260690042
40.05646128504962
48.36134825316786
94.29497469201696
89.8398305867625
73.58073563208758
80.97523472935767
66.50304421138092
88.2451612962741
94.56650655633683
69.95097769105553
34.72822866886302
90.75670427623274
93.89032039467011
90.0267922155211
46.43030485764215
98.31837858673988
69.90053135917545
74.67894328960487
69.66156483340707
78.77651132830484
35.32142238849914
81.95518584833677
89.1768625020714
67.20709685365009
74.46640322216506
89.49943599927464
52.091111758549815
79.04161001497808
96.41394545221068
55.7526717252383
96.06304477189028
96.57210027245026
56.44989905385891
89.70928496030481
95.12783424708742
85.32776473883682
71.58914733460594
12.614108033958985
53.07454768022419
57.43541410834521
90.53982977566433
67.3363460138296
98.89408901896668
92.11499424647147
77.61990280669878
75.8920322888468
78.74281797023971
63.01928214625289
70.3469616454145
63.73586825272585
96.81422407308335
100.02869816774569
96.34799786302382
77.67421923171707
99.54937484896281
76.88163175761738
86.62794101995864
42.893326184320514
96.19655704892321
89.40265450609377
95.30887466175984
97.23280032944275
37.204446317095005
74.19850573474366
91.56224504982407
89.25104218462991
74.08897640895877
97.52247161173148
58.15466568308946
82.64888679116414
93.3265615107825
84.79848128783456
53.30050429087163
90.56348005429417
69.06718487590642
47.62704442874586
91.55885034123759
91.3665259056558
28.67512803111049
57.34009649316855
69.67677754902785
77.79039985147801
91.55920373140361
61.91114768492733
35.05996187141722
57.87556766053805
21.470152564392937
94.3232412859791
86.3949154261071
87.85146534513159
91.16231490850713
88.17368435518281
93.6819724026475
47.511246223547815
86.89719800473789
85.08924402236161
48.20997590451418
86.41278649567586
81.66056379970155
56.232487382084294
59.05230621040684
31.2790209071442
87.90865796455995
54.25094783687615
99.15473193270445
69.06407903419529
80.25743509589942
19.755051510961454
86.85390786936821
60.82484304243591
65.08464457898008
59.71680401962707
44.86219334140933
46.24920232914062
83.23567457247353
80.5945839967525
81.25147085422338
29.26318180506842
64.80119535974585
64.40269517242588
21.77488067656431
82.97759024341885
59.7011944888288
58.28102410151431
96.07573429383885
88.45855560958853
36.65043723840838
95.44966365340545
61.707103470052026
27.16748448194244
96.14792845586639
75.45608825503388
skipped
92.63437797962787
51.525693791596005
91.7808491348387
99.62855122776323
95.1485727887465
94.80706217721068
46.04074594648239
37.54068257496434
62.461684607246234
88.72462603892079
67.25130824702192
22.487880003918804
98.51619780218988
31.199262878841193
76.71336852503082
99.20012614101036
58.57810281772719
98.12727569389564
18.187490185933875
74.49597803089303
64.65307633750547
88.02450083497504
72.21765185319552
65.65265695012553
99.18584480063231
69.6255352394043
29.37520918426228
74.50625872898178
80.35573095363549
58.5209396655846
88.74293392602479
92.85110833697516
44.65439555149797
36.71831321479429
37.36242279254636
67.0180617110649
48.68260381673345
60.65818498000012
97.09236650995426
75.9562919148407
56.91973325167443
89.82318905936863
67.78995857220451
4.789269641356927
14.808996213730985
52.499015313192196
76.93184574946804
97.77739429628483
54.8947814913004
100.08682344323931
86.69148186652451
85.578534507481
25.68564652959352
27.595716945687503
74.11722982996612
55.5047423964438
70.11260061183759
53.21128042062322
54.06356458752742
53.839831009160214
37.64588677582485
27.160096047532832
23.684995252688857
56.230351477142484
100.03421507657784
90.81358519108058
84.95026299334721
27.69011971896927
55.94324744467679
81.21169141936326
76.70421794055508
85.89381896526798
92.90670200955441
52.46292910929641
92.29100628556907
69.27899761224575
96.55740383946862
82.49978629063071
79.41540137006258
32.87389105291757
71.07881219038758
95.425573089539
61.57243393479582
46.88003383219307
69.48891411523282
87.15420594755811
70.07608772047863
84.42453712626816
42.07648386222911
89.48631934928527
33.69579790438206
56.09884897213752
47.00666904740251
28.108160298410066
60.059624215237406
82.36615329458225
81.75452072105594
21.125587377698274
18.035676675140866
skipped
75.4748864212992
11.295803499973818
29.524014816386728
73.61155023318004
54.43394944358654
78.97082244841413
57.520430308720805
38.089692333323335
100.0164341401243
46.21282432400451
71.69685057298453
21.879303869678214
16.282049682879578
75.83029184815521
76.11086345168415
61.30421919911946
48.28067208887128
61.00399452349632
84.91071856306618
85.86271920411511
86.83754812677219
87.26248772187112
95.71911686415868
51.156438697997864
77.58492014789337
94.97143942634428
93.85708874332336
61.64500318554876
30.05173919463747
74.16154400799304
78.74023341818933
65.06990166613502
17.322956655603026
60.79206314679218
85.53891284914712
88.20608631157697
93.34816856951205
64.08599577319167
78.31228464419095
87.71634614598668
30.908803324420173
37.02105926772377
46.88455115526079
95.48644412191123
29.064565715743363
75.6762967474722
49.71130592179466
73.52636571315927
91.19705140060047
51.50877491064792
76.19366758187904
95.66365814203408
47.54634176934164
72.22612041519113
68.6847389263809
90.06141309973152
87.13008809866643
93.78582205783479
50.79054230153373
23.354946862689456
42.04736363548804
50.99911287607062
89.03716539665108
74.70565838231643
61.37712506916152
95.04378909312017
98.60613887306796
72.10679082795679
98.80645097531816
49.17866781281237
54.93099176808431
82.67673535876247
38.74238079641498
15.502782782875128
38.63989051013299
48.09086930948643
71.8740994537166
63.87360146596742
82.7160933818708
21.413906722324935
97.92859396814815
59.484385083400404
62.7898384237362
79.65960243641754
58.725399662814844
95.55223594327636
76.07766465704813
29.571324377741668
95.07260286696821
61.925976938851015
68.3078425263541
92.76989466663193
92.45134205301066
69.89763691337774
73.63051513837821
52.48385362177997
90.18818277496398
45.43042702010607
84.65776834855822
29.718112548440182
83.03154558757629
38.940569171483496
9.095313839390258
93.98003344520626
38.0271709704468
82.14494362755572
54.139801839556014
59.96141442273264
51.410262444243195
30.15935922133658
87.82152723337549
53.2382104181252
74.32896925709224
58.8089519487194
94.37415330548423
57.09950174690017
84.59323921316282
73.06175227711093
78.84440985716002
65.99788084008799
31.03540934889472
74.02765700061178
23.74857204479832
86.57690276659736
13.22404706457386
68.3220498366749
61.149219156791396
96.80772684028588
62.21941421750516
66.06649780794311
92.5734626853618
84.46975434249967
62.71342735476957
47.29686424384019
7.1636585385795986
87.95815380732209
44.484136685786524
75.29593968799503
66.04090432847269
59.94851759668085
48.36308747907391
29.580073227965123
49.96414999584589
90.50657510650643
60.44899915078885
20.13865953624098
59.733319013811794
54.51652147308814
83.28410798214418
33.2779566506885
44.08372426091572
98.11076117189319
54.27277806204549
96.91434057819599
14.292368685467052
83.36507635109734
46.2746128811168
41.1146156249651
96.11594166214792
79.04278682146254
14.26296113570128
41.69257268755372
44.02430945966183
97.82735601069622
95.57099149722053
60.936728112349925
72.64120034650503
80.15145984212009
54.148528554794346
63.177356821211745
29.365330168360412
75.67983114505593
27.447728229522546
70.06073791739692
73.03517234415798
84.94272643298595
85.54667159462532
80.87407090601734
73.7817623912086
77.50828294729266
26.61614907687932
91.55735893501586
32.412088069996166
97.40320692906644
51.239333765807636
69.31543079544717
88.01223043550765
12.588767694297632
70.58355474064156
47.33993090641391
40.698762686432204
97.56370831943555
32.81495723991026
90.36269599667509
72.90798664222284
85.39385492088378
45.85449503828012
29.262428709447253
89.46135874674678
4.273916899156347
76.19404727669645
75.04167788609034
28.21357966581159
93.51421635615124
82.51214431813688
69.51314472941908
43.16618099401035
63.42060666407134
70.2691820319634
88.9560248173947
49.65575720607078
62.53713081623428
65.94547180960359
79.39779802963216
47.16845734727063
89.55631092833148
41.317716605679664
98.13722877477184
59.57843266378975
20.837032749347582
87.48991341131861
43.40890061325335
94.25341595434787
50.84098275971411
97.70797378588085
25.602446633448054
78.84857899685603
65.89135796381055
59.99376353640326
52.203110830737735
59.85189101223457
45.73973615576221
88.24720689202222
87.49272583153069
77.70594296233338
91.63632023286387
37.71488789076833
82.23186083518434
29.258063521020034
81.01398438613056
74.74248546300143
48.05487043451473
79.18515231062
95.63414149193076
78.88074580911157
22.6417834808683
77.27974063529375
77.22423441064699
73.72218631828099
90.87564269097282
5.451990080916457
73.95797606548928
93.80438129568665
52.9231192183267
74.06226473202818
12.33397447659122
87.69084887249552
17.541376348537465
36.93035430048083
78.96487688404441
53.535714669663854
85.4360662139483
53.44327586639596
91.09496923289612
72.45166989058984
65.67270916072161
15.519547556541696
86.8704572268085
21.58839308366389
71.49469600300745
21.22830173751079
95.1724445899469
52.14015195468223
84.51281600564724
42.56302560152797
33.10868550321159
77.84767845518077
20.436525291080166
41.48122482427682
24.776432129372868
91.5910566557159
71.47891108169974
40.189301975638664
48.80756335145104
35.921062098315595
96.24447014531943
90.85767451075358
32.40763594773224
97.12185912960616
93.69425886295096
81.5174944611954
42.18905906387879
49.013674699555345
92.63406039578858
89.62401604786227
90.1605136450422
29.198620551477415
16.04885412047192
38.71232421237992
27.99002510139458
76.71419143287898
30.823140471655787
91.59121233673378
66.5893890333881
51.91063655107464
87.52440183823222
66.27624118692374
16.61094542109844
72.25702691808995
63.052167364679384
87.10145022110386
60.132941546761934
96.48050508557625
57.020938721125724
64.19069219997263
47.23367628341478
86.57497359024478
60.59161252429393
58.04381664766306
16.110341837104947
58.24493528359247
71.16732455139034
46.86861437451477
80.52729583066616
83.04869655606734
40.34610607177926
88.4714106343446
92.67817479675313
76.62169261713267
28.452786957271062
59.471099950260246
34.83847088811925
86.3902221278017
100.057043644431
87.00035744325723
66.21965250432129
43.83071420932597
93.76654889519897
57.24621773994778
50.57120476798356
50.41520871181124
63.15567006463996
40.47107876373603
69.87968649000983
87.34007008351567
13.817481597978597
96.62506008416979
44.16410272446238
89.75403302095418
89.9638603481802
60.871785727431885
74.9012302965899
34.41972531431657
60.05192935854182
18.362176974743647
79.632647154519
49.4013675741237
71.09725499163123
98.07837201239609
91.01271422521401
87.16980380549474
76.11008562143033
87.6135621248053
92.63838817500682
83.12302085652581
43.81686785909467
35.6209325356746
16.587604620333256
61.20065371760617
45.599636872352285
68.16146151007062
50.293894500635645
67.59021459045356
12.620694244467098
60.16703545189987
93.46869749444667
99.15904018125066
69.53054330884224
62.677145326870864
54.20238729959365
73.89532846921284
71.62131003928269
58.61324105166457
19.800871236395185
52.8096636460768
30.5093596579435
78.13700436157606
46.07705561138864
72.21952096944655
91.1759835655493
81.7748990560172
93.4701815934034
43.967517674654715
63.714912640381826
82.94867970500093
98.53822649257256
49.94781662116315
81.50241651453186
25.85896138162257
97.28681088373104
96.87764552041557
80.05200030593204
87.3194347778672
58.622605238957135
80.54624387378337
93.4488913832246
skipped
92.92621672588209
24.507843533300797
85.85435821074336
92.67624703604027
82.6121408861433
