2.9760903716150326
1.4958253240933992
2.487099702677156
4.6055660902912985
1.8275559454505867
3.010623524878196
2.90954311899796
3.3327218400781327
4.813461352122341
3.12989242338169
2.6979745559377726
4.560648508733763
4.284929427087122
2.806347286101575
1.8328730306836059
4.461508736322738
2.877557305678304
2.194603037309666
2.720249066462278
1.700170448117397
2.6932760872143406
3.4068662630052216
2.398452121458207
2.2790864162929414
3.4595316592322414
4.5690089508602965
3.3750158345105303
4.797976793917271
2.169115319538324
3.9119298443956496
3.6614610185142786
2.9752712845204847
4.520245809930845
0.8649237805778268
4.535617564682417
4.371378512453075
4.845852445174164
4.302608372232549
2.428552143056592
1.6622987605837345
1.4173706059624382
4.192824778682239
4.402361923008525
2.553745659009437
3.7517837586794354
3.4071465293250793
2.6638859254274525
4.135523363708535
2.7500545201121787
2.965164222039745
4.658827947884874
4.137905113246236
4.960658036260977
3.8523658368813773
4.853394754098837
4.462616908249825
4.8104616400141476
4.9838439115855415
2.024002902665344
4.77134277804884
4.029836895454206
4.6964663766038
3.7296643878212703
3.673652749834554
4.756526237409938
4.324622476304277
4.132659929861371
4.479558615653601
3.574197420963596
2.6781860699902555
4.687869090730808
0.545484074815497
1.1271404499562565
2.6011976667396945
4.134082292479893
3.012583669749219
2.7880535767871266
2.1792430404749865
3.4192007339034047
2.866024044503968
4.572625800380654
4.266062867672487
4.888835240853257
2.3613436649985373
3.800072147363108
4.671237622928297
2.7744171230823715
3.211102561441925
3.4478859340154435
3.0603880575968088
4.783957537518891
4.004046847740454
2.7368660030151286
2.938338984617706
1.5371330542768116
4.707471922257956
3.0202344090839994
1.5010377702401043
4.6046853582608005
1.5469430160660793
2.2600754168985353
3.418437384894723
2.714911348407106
4.633509613622317
3.1070144523487055
0.28787335674705
0.8103061342115304
3.5131088045465337
4.023634118695827
2.9727543546628565
3.287471871402607
3.7866129957470056
1.8356873109155196
1.3691332773158869
2.312958831581382
4.401918428053748
4.065448517445988
4.255478333608924
4.642667851805956
1.2926761111933331
4.95063074079347
3.996085533795923
3.251482947688955
4.373123410181624
4.7098913681130785
2.3363822164205623
2.563300345985519
4.695603218027437
1.0842068195189083
4.61873585119819
4.933610508336886
3.7435051615944492
4.190150873166436
2.324486886412608
4.567954712837602
0.5620109219996703
4.831570369991722
0.31751049629040373
1.6418039164232645
1.7133178537250617
2.6882070734500503
2.8224064151207995
0.8804989359778181
4.6078628193438655
2.374413545721311
3.604704994623337
2.859573978885755
1.6777339313923652
2.660069096120368
2.8665186297553547
1.5251000664966576
0.6469501065030276
4.895885937163302
3.2537411701064705
2.7325575711770624
3.9826941545328753
4.284405029498031
2.7540083374096693
2.7810814067560514
4.784666092520891
1.438783422405013
1.4844338443076284
4.8577736627157115
4.264629415080358
4.471982663172043
1.619087457666612
3.2209689151703236
1.5693309403586504
0.7725975333448654
2.599031947608245
4.702603662177966
2.6277354968554896
4.518176121104994
2.982605837138997
2.7682058369088245
3.7369051764875554
3.6850270217214
2.662761707984198
2.26487443423553
4.277476909323549
3.9359736363859983
3.7922468891962544
2.136184019491932
1.9922165430152894
3.804630477070459
3.7431647147442053
2.947618736456304
5.000704472967591
3.9658223673745803
2.8775936421746646
2.959803353033704
1.8270299539540529
1.6186233171943765
3.62966771426657
4.3650277920902765
1.930424498228495
4.736943045573113
1.0238787050466065
1.032956400451791
3.5994362676577167
2.866167894411721
2.0688692119745324
3.982669971668433
4.830598923248912
4.780111345750247
1.8303045577212145
1.5287480328890732
1.6284930455491557
1.1111137338347716
2.927667032477642
3.4456052526515477
2.162637836962034
3.6117987193466488
1.8281296637097137
0.8709953268857862
1.0225527421341618
4.308180792094667
4.865773512501867
3.5442683219464457
2.9916285527025464
3.0455799102985663
2.9990484435764886
3.5295615513584173
3.40435852856785
3.4869565198052683
1.1181732872431565
2.990268138972183
4.6149359699121355
3.7367617281692316
4.990253332958566
4.79602480760502
3.066092846953226
4.503110932683833
3.2983428934335035
3.5491553443718966
4.943667289463184
4.415636549215584
4.664706639502174
3.480656887332615
3.867573808729158
2.0599762438694924
3.0626248043541238
3.4433766099532743
4.016840681673519
1.6730732247427698
3.6122505815831696
4.808759356921077
3.637596466156924
4.058396972112438
4.055209529607873
2.825388960703414
1.30784698653083
2.908251511837965
2.0433814847836524
3.9503086505076808
1.7701609944377092
3.5330996359837252
4.738796236378029
4.865943116761938
1.4011902359725754
2.91318132541159
4.72606317608687
3.1344786378306506
3.740460501217344
3.231417856388422
4.853263238205351
2.9350578658874618
4.623524005268467
4.909665518285709
2.3949897219769554
4.807822278146834
4.638296937673132
3.66498804237107
3.2585956881662645
3.2431747224181104
3.6275015977662917
1.5123888314085807
4.195119806700019
4.648760640732015
2.318933173242966
2.550141603181808
3.28056691937786
4.346670477242582
3.607667616333065
4.519021382873286
0.6712980083161234
3.203157609039313
2.00018317513772
3.11265794860802
3.157560130795317
0.7736871771375216
3.651001042420384
2.8068316233381685
1.7567325497114998
4.600117812226875
2.1047147367577383
4.502099118856354
4.672616087086663
4.794952949675336
3.108378078981287
4.783931464066271
2.463828226105983
2.6332502035079477
3.901200136617414
3.1508732891571687
4.58185758557907
1.9824011893565432
2.020257238995153
3.067686408531014
3.8105621157600025
2.3143617103355023
2.045253838100485
4.443079311085475
3.0567019596537413
4.427733780576478
2.5505172561871454
4.103323788577687
3.391911655325458
3.719802959536331
4.904594490237567
4.309224157629656
1.371185575909783
2.3934233304321744
4.050442742508389
3.50896716655134
4.2674855561256715
3.3306589876692674
4.82420147398681
4.6456293667844735
4.334101877684102
2.5516747913220676
4.564984305084783
4.832041408794761
2.200833488256383
0.40596302241411697
4.85069890631406
2.484090103531866
4.389556283883769
4.567777720867986
2.2300703413078877
3.908354842976869
3.31641232242253
3.374737225391008
2.7551966661987093
4.763316938328024
4.6604775274555825
2.906178693133094
2.327675651070303
0.34080947039097104
4.379876374378507
4.5218628602173165
1.7635309509145378
2.213998960734814
4.037295784336645
3.9752191295702977
4.680823340166018
2.1020568025626156
2.0110229589879394
3.85714342672105
4.968675861009373
3.3600073363798164
3.978575726003325
2.4548300338483267
0.9507295409668917
4.12739969790201
3.4389151339455655
1.223112770078827
4.236977773306332
4.523374175480045
2.280107739632359
2.5888860391835693
1.5515322269243648
3.6969392594139814
1.3166455071288201
4.8278106435217385
2.2932293422586896
4.193197566571188
2.7787960176256723
0.9675611965049995
0.8247415161584354
4.793382221427852
4.732032211683327
3.3540782150883586
1.9214457752786576
1.105804310125325
2.158173705248036
4.978281339396011
3.115521510768862
0.6288411861679344
2.847805772646266
3.6537774612325156
1.0196132026403366
3.157597371264608
0.47069973342449983
2.1462791866960043
4.905332959881199
0.2996748969912065
3.1118848872591887
0.6474432122421824
4.508058815194611
4.424457849254419
1.2438489595814
0.8537831865348008
2.4375823184002896
3.2165982004819673
1.855581081876503
4.616074277221419
3.8279959929745067
0.7670929101426757
4.550935465533741
4.3675845909717115
2.2086163728283483
4.117621357885727
3.7239200242791677
4.932588515679598
4.779694668288918
4.144105381018531
4.317654646156789
4.7247551715678995
3.5933930338711395
4.396365163854186
2.2495637091214653
2.3359815445335377
4.598769969309681
3.265685872813099
4.616916123276713
4.985461296046189
2.012008854118348
1.3466216276056941
2.2502173635389724
1.4589494804342533
4.244719533770109
4.237752859560236
3.4698037950493212
2.7801330997924083
4.429479123552099
4.153158051774333
3.536551900652221
3.9987158335862385
4.318461767832354
2.736451465654262
2.506165192685626
4.098605441840691
4.651402247332509
2.860119823685299
4.799291284534357
3.420402773601114
4.168606553816181
4.980196248107873
3.580282917699753
4.207692730756113
3.862194707325486
4.7450575212603034
2.8641195469031855
0.6694375792647055
2.312377676053606
3.428558983425784
4.203686042218934
4.8224164432372385
4.320888547003911
4.18378610300086
3.727875102656677
3.84178981159201
4.629473653211283
4.331285031294548
4.011739468180775
3.460020228282282
4.651506752617786
3.6296178640653625
2.7105784226733056
3.950716475056921
2.729555103940386
3.23586828931034
0.8916799429676734
2.1980473629649997
1.4639348277107147
4.374158238617142
2.177574912409621
4.9811734930646105
0.7763389514008424
2.8981361219495865
3.773591573870068
0.9064034325563993
3.9366827232351547
1.787194280338874
4.634235650169544
2.6769162157754955
3.8562269831756812
4.132503909312918
4.931382537078008
4.833345784287949
4.674502328959822
2.4939463318854607
4.3904124743368085
4.625287516354161
1.906213610599324
4.411839176843774
2.431100527071675
4.312202273834108
4.534991959125629
2.4585642516808073
3.3834956657172275
0.753919579650584
2.5462044320309785
4.378630419865144
2.359424877832326
2.074879409377966
4.574373968184767
2.5415780435589688
3.0490641339805276
0.40754181681430984
2.633151824858118
4.938287548293637
4.039548007873766
4.971149635149197
0.6637910467620606
4.475323228194863
4.6103849521188405
4.2324256835592315
2.7727213096357337
4.011215486952486
4.738494322645342
3.452850948527138
3.4421115381139575
4.353980439609695
0.8351164126884707
4.391442129427985
3.2635938120746553
2.181241254341841
0.28995722075879155
4.966904979155552
1.0508209070886516
4.016418823140532
2.845422280343635
2.8203809243625995
3.345060273017885
4.531463493353472
2.201307568112194
4.117601550381029
3.586171351302965
2.891802997463062
3.080248913198825
4.651705446817628
3.8662707641346215
3.818442082593108
4.092799278889553
3.571120454888981
4.843649032478257
1.9570393666772083
2.4264118332852918
2.62601740740727
3.4747845796499774
3.548519092707302
4.544373452807893
2.7362410967352813
4.019943146394221
2.5172359029514855
4.908847254046167
4.800342204541626
4.847895886933158
4.085074820368241
2.870676835518922
4.2226190139692115
3.9827109917479913
2.670761830136
4.772628099317492
2.1857385092477566
4.426730402750474
4.2835903372515025
3.9784154379963867
3.71434996453995
3.115605955852316
4.749268178454834
3.542608840194336
0.5323726922550164
3.886470744750647
2.789466404253324
4.232526632897648
2.54357780373909
3.1718869111074923
1.2331818625705326
4.913865284890777
3.0360516424773865
2.1032523522923365
3.4800944007678334
1.1164456772773041
4.029289904117467
2.464569799188511
4.516500696813985
2.0916249407873613
4.263133354183585
2.802329197975557
3.495104544926427
3.373698981423352
4.415830022953801
4.470701760924281
4.8356601508839745
3.5274749065122712
3.185478935288617
3.78333697947662
3.0822345273091276
2.6396768246897087
3.4764033075750302
4.730247067334607
2.164313292807875
2.555336887856264
4.233650780986324
4.814526103821316
4.193436592531706
1.7983475363766934
2.9074045731847247
3.1017348239344766
2.4595370435605757
3.7950121770141907
3.7762828614794697
4.210653408421311
4.733597253299872
4.224188013616315
4.511061996465569
2.758246576259619
2.156810250788543
3.7145558282175273
3.6477001774379074
4.589955782144287
2.530724639306572
3.605882318433054
4.324609066669343
2.6873557026560473
4.196505567781254
3.1176302532304265
1.3781410354771724
4.875157196587452
4.039482040080485
3.973327381362355
3.7155815624750135
1.991138127647932
3.1975804606353755
2.63853250885038
1.6541629314777018
4.20853123856874
4.523732012886676
3.724580727394251
3.0613208893651844
1.6219401738887727
3.489464420045101
4.9883666009815295
4.704355996731071
2.652023665176052
1.2946209790083465
4.834559829853827
2.1896889052117903
1.721211725233703
1.9457372100116335
3.984922796719098
2.7832422605981852
2.11811017167644
1.5991827070725042
3.1787430803250865
3.809923784280182
4.083621774361148
1.3808521247020764
4.391036428516682
3.3244204009339673
3.97317125734722
4.596154357699461
4.593260864352514
3.697493003548551
3.258094066646966
3.6461569763277644
4.972859724497751
4.789632412159822
3.9734258073605155
4.777112586071068
2.7593430835539468
1.212062834576388
1.2889679128180345
3.3067183110216085
2.6378642783231445
2.733963474522448
2.8449141686122146
4.009808739795173
0.9408263772256822
2.9710861577216763
3.003699061908621
4.506129525501578
3.304552950546282
2.0644160226329578
4.278593716529555
4.323968168496361
4.303353207096525
2.971781311233382
2.0706150685908615
4.493873875369087
3.3427681339528488
4.664970889702061
3.8700643697573387
4.32915432025464
3.765403270886962
1.1001163122334952
1.5855545576187007
2.3057527838408762
2.372092484768307
4.9714293497801165
3.3935181226771065
3.199338200745732
2.038923475963525
3.886164188510043
3.263919520087883
2.8393492303930126
3.354664194228707
3.9947591338837705
2.321926743951254
4.1470343708575435
2.7109098815865553
0.4142047867446223
2.2097076679768666
3.625308107041248
3.6571103821251825
2.493138024480811
2.264359912784262
3.94649341074663
1.0382386000563644
3.2405454471792003
3.765637377478996
4.404975859822706
2.838889132176897
3.186776851733705
2.5477994286162913
4.123556552658222
2.740890409840265
2.6246053934023137
4.828504037062198
3.241610429303047
4.652649683596901
2.561741435200922
4.824851158676125
4.8736382054607725
4.4536091002963
4.976818139156576
4.465605644492049
4.764290168168937
3.5800849004573787
1.1473326097967793
4.881219082198459
4.010426056017838
2.5636396125916208
4.128815878545872
2.353358182809366
3.66065405830592
3.281650779647305
1.251608645763678
2.814540766497289
2.2914846864892153
3.2820210344500826
3.563016784790469
3.2203009772281757
1.5603787714626909
3.807941160913149
1.4245497046208018
3.659752614875249
4.748019231883854
1.8158040632608907
4.139968343026956
2.8755305559429725
3.037403864419829
4.548567906165493
4.771812722355762
3.7864776722274427
3.696448556824974
3.461319489171148
3.3628179126916162
3.424326437400383
1.789524746659885
3.0954173271319725
3.3056691623597856
3.685109041778879
4.801441356615277
3.788493858381086
1.1134354830346045
4.798354636487578
2.6466875302759707
2.294463986852584
3.3909822179439377
3.632291610492407
2.7816979657239416
4.259395565593777
4.137446005875396
2.3066442804907497
2.9206179106827355
2.608270152164201
3.817738104475569
2.0979548575385474
3.7853804064335743
2.5935414504324394
4.8684062130374945
3.2542862779655137
4.001597540277431
3.4838040664705026
4.174382904085864
1.4724642194562414
2.2455749930313558
1.0911098716603473
1.4565273858640648
2.153507119319029
4.631178492184821
1.4122214067986036
3.8315877697424523
1.1889006543470486
3.8476595126064757
3.9840127222850805
1.5355896862484437
2.716140022287509
4.972794693100714
3.4873589300351595
2.484596755949455
2.931841176723748
4.36101085022651
2.2016710651015896
2.0529306228752056
2.251578124678444
4.029415792328681
4.2992969783016575
2.8071423789721743
4.144498252843119
2.226583219886433
4.649940961441122
2.1638926525205635
2.31526722797943
3.456146859138333
4.199798726811696
3.6640778443757758
4.329902397561217
4.338423793958776
1.4657572629204403
3.1855749677749685
0.5663064856352734
2.7591293934435788
1.8051914708239973
1.8603951289923875
0.8277259814218718
4.801019617257316
3.4765180163211076
4.4631325836553115
3.5707105358472804
4.556878038798115
4.033283484400876
4.434136994483323
2.617705065571932
1.0957482589847067
2.558151478646505
4.921632425910837
2.722135865860969
4.861015514182986
4.409394848205349
3.493048240927898
3.611213560241069
4.787691828674136
4.290810370939068
1.6856113029540074
2.7507864118608687
1.9013141616147
3.7960134045411507
3.73389950023077
2.7183599499947158
4.175984454597357
1.9520290655392034
3.7353672528934534
1.1572606114998614
3.4257907726300414
2.4060750000464024
3.9775835473533676
1.939015784275895
2.811634115459319
1.7832852557706946
2.4572940925062565
0.8599413747061808
2.6559490455862917
1.1389082910399566
1.5105844768758891
3.750438163942351
4.114706657911321
4.8337989199117315
4.708235824161328
3.8136792398315116
1.1620858448363036
1.6674530226729485
4.850561442533993
3.5582425651371525
1.763251373096265
3.71853426009311
3.7609180903150135
4.7509268396793205
4.718289233509302
4.555143462184004
4.15992751811219
3.3973504590160823
1.9354720560950665
2.8468838176030546
4.185534919290589
1.854341607522493
4.417251905106947
1.530108821901672
4.749041305180232
2.78538269856953
4.227401079481404
2.1351839897691614
2.430521543518147
2.8678766975956322
4.711493073268707
3.781340624473794
3.70219790920942
1.903220176990569
4.747290202874912
3.384140292296899
3.908834640673289
2.8339606758821994
4.985755088004579
1.6007405288396117
4.106742209538437
2.870494749264865
4.7285792467879775
0.9126593773350518
3.6559776960853667
3.2385242740829177
2.131475806128727
2.3069258872068272
4.575880472497604
3.768755347267477
3.4150449869453188
4.855284506680629
4.431614105259589
4.434286120105871
3.8735534007502666
3.1912199297099835
2.3450243938748274
3.6132304662687105
4.533872151085546
2.666402931997867
0.9657012570534336
4.790426073492312
3.438644064550254
4.8603256793397644
4.475601868374434
2.8387875345467632
4.011424099573894
3.7940702828435153
1.6605870595937027
1.3454309053554976
3.688535229017882
1.85506476370446
4.9025160055589145
4.685366932024882
3.4413197544582625
2.00171153263813
4.645522384623434
3.6718567080652313
3.0085762093407546
4.608766986165764
2.07428616812627
2.020057647844079
4.548793291731028
3.432992653698184
1.545556319249883
2.5360790501078596
4.912207325470814
2.637680279879778
2.6262943753976304
4.533652493952373
4.303130327658033
3.087365000910067
2.6318554456012135
4.898458909092493
4.517430381243379
3.52224747077615
4.713306039704377
3.197602577920276
3.538780951836732
2.887972034943025
3.194083707204869
2.7467786751862664
4.853225412622277
4.559358698636292
3.4476459134437
4.821044661243586
2.898977272392432
2.9540702607890372
3.4554233255584403
3.098502028651983
2.2809811871449424
3.388985693111445
3.6350501989235684
4.012420796540105
2.0889173814373168
3.2656370411501245
3.6629192809603124
3.795645280358251
4.580820051364342
4.615231857292404
2.5328744993320496
3.0499988238941365
77.66411403349785
77.35333533598205
26.87306155626238
99.79021423191722
41.03448158514838
90.0950289357957
73.70840121957673
43.43383522188039
78.87109459993339
81.42766340032324
98.77332805187717
87.4710187430018
61.90639705459647
78.95013946964932
34.16996984846746
39.488523403077934
89.33452668636185
32.76532471926485
61.51017414009199
96.36225993676697
73.2682949532603
44.534670290241166
91.67466991105681
43.54602494374999
18.540948819673382
65.50835009817645
70.07806272727038
93.57280991455606
95.4818890140075
77.13323748707917
67.94821011436183
29.934888753313263
83.22714592875201
82.75177581342793
87.94839097554107
36.006208178467276
83.28203954743357
23.145176946725563
66.77144944144683
42.14492709080291
66.0298020099184
97.28259231941857
17.460129485884494
81.78363765476252
70.77168231112888
86.68934859665971
41.98060488660418
32.58461024114193
91.02695950361458
62.196160628003405
87.33535554579097
59.68909638517192
97.96353195321915
66.70450750007743
57.43466353325911
85.43855200052977
38.17068427496744
97.49670804323651
35.282046246246544
98.35506357161265
46.77748137381335
84.67809594801189
47.90987706654196
49.9407938710014
50.102365786706486
75.25934508763618
94.72228583350845
91.92172282022622
83.53190859278153
79.36005883990958
85.020512108736
70.71391360010463
54.24993978199257
74.28034112461565
96.60885509098367
41.43186548767896
69.06534940103502
69.65585390783771
64.82725222791947
81.23531155601115
89.12829433792902
87.20624838137802
54.722467543746994
91.73690163407753
99.54744173288479
78.73975157855676
45.36946568695807
74.55580956610595
97.0064272661084
95.81955242559188
12.6719787016213
69.49885123419345
72.0352945170713
80.05379658932175
64.75209790252107
41.79285658483848
44.47648191928486
81.8698633757188
99.93241351092504
55.86179105572172
66.85924524734283
61.48564393618081
98.35997710138895
83.68164874950166
34.27645996946372
84.99268348541673
23.014011555179643
84.9088994306167
96.76966190173358
96.53779810217277
87.34994760949178
23.731549638647707
38.126423406661765
74.97460641855199
63.67139095204191
58.44333234788496
75.3168422066475
83.06375173080916
70.69535471100012
66.8983786114545
59.45274340176621
57.4734436699501
23.58737508720266
75.14589222780505
87.02257516494802
30.664835744238125
79.47929881019473
37.9982688535805
30.49963892774774
85.67412996497985
90.38124205350786
93.89900667004558
46.28179723677765
42.98507567699136
78.74745183896846
77.81993641591711
52.99253338078378
32.723738759289176
79.41962807055306
91.27206047401103
52.41325590254656
21.73237814151429
35.70637984462829
99.70222551344963
65.03345600764942
44.01767056645565
50.38102692631091
80.12771460724746
89.96574058819365
11.02594414039716
34.26718401245489
78.0701041943776
97.21431189800413
99.51031945475576
87.71766312008356
62.49628891606899
48.18269962217901
78.19606981010445
63.224940664936874
75.5259714247305
98.10387737416731
91.07684302512219
22.298383625675292
55.76822091660266
10.85648250471855
77.8568433422758
70.51100012008969
85.41218811639473
19.415848380485937
87.32333138635585
40.53204889711732
75.79969256829541
98.62630549312223
96.22253436509192
17.398446119273995
57.6344142267247
68.89394916264663
96.5576427535623
62.88632186759474
90.32516500315886
89.6132773846219
84.81254953767306
98.37919563013033
89.19676400003378
56.00314137290992
59.07336225577196
79.03278547306695
21.960085287258437
40.441705920435034
98.63395026397808
88.8423120588697
68.00589018167958
67.93184943015171
83.05699780375413
92.79519978016897
74.14498181724414
57.91623447879441
98.91708670339132
67.08247068544084
48.53369930158674
70.43816678665773
37.73144796622473
52.10411231829474
76.84284534433672
93.21087398611292
82.20157882491333
81.68585070516517
74.70566754055574
91.06217036138433
42.881556480479134
63.757223499417144
80.13325136338429
87.18157791206099
26.26924091267485
55.650530710136216
77.76564748498942
18.643637884059302
59.10445156415908
69.6540245849055
61.673578369405824
68.28248138338323
83.79727661947422
91.13111812982629
94.38756468135908
96.55232588355008
65.71433990113184
76.15871714300377
72.09276166505826
65.93479891558411
52.207511430414314
83.2867597153568
83.22160087490253
24.771690907214627
71.9688253080275
96.47740664989267
58.776818797425555
41.19560692845028
94.96849500497393
38.10955531748832
18.59156292432558
94.12289553902103
81.38195945035062
94.29957441071346
26.66488542989741
97.85653543002887
83.45340281334738
73.72041057293548
50.913336970339834
90.69581051441799
72.35112463571642
44.32703982958906
88.70919512628896
72.13285273238158
18.92588638467681
39.335629678460265
45.584166887489324
41.81155379051162
95.31379435514803
69.0872168805011
86.17925057754947
96.9001049906164
81.09575851555051
21.015383126306446
71.18781111905767
65.04377997034095
15.218243400952735
42.226992874531
92.73745666309044
63.09087526420791
79.69804373103946
74.95733905736344
82.51012657187631
93.81508547895507
56.182412401727035
82.98782606139645
73.50506981280573
36.90568423497723
89.31520378893714
73.38440491106721
42.66613094979533
58.55666017411213
69.4233787322894
96.4601186521017
93.63446613116152
81.36278137472569
75.88593305765912
45.48983369047311
97.15361122458901
92.24293384675411
53.107102771171064
75.4212047127935
83.19999090586727
82.09414744972561
56.95867495971481
58.3799161554891
93.4081876077263
66.52624829555316
95.38140737525607
22.477760307806225
98.67522750902769
80.56720629870239
50.532910995859325
61.267733529441635
84.72631201680176
74.82419380682455
92.00409804046815
89.26212297907752
34.21824797586975
99.14436866337638
95.22783966489438
86.03258971111953
84.95313522196098
43.905859759674875
21.88474137016263
67.27986820143498
25.3973210307415
53.13751292623306
53.63543004840694
71.90501742682468
75.85140262407162
65.1987471928316
64.33304773214336
42.717612347242195
23.92718448124967
98.60210386627566
73.82618213662013
34.671148887239994
88.14243859264997
94.72043261112066
68.39795082541563
81.65746624354439
35.73509203298851
85.66904765965278
72.63277101766839
50.266937382080506
54.23422165950788
30.91244446620887
76.08968830317203
57.97916310395069
39.66278053157992
81.48720030712502
57.41424604247355
64.01801350961965
21.170658640319857
84.0023640212576
77.38154913247824
77.74626560324208
92.17005407293273
66.13744969632869
70.17964319862207
86.09796741554243
82.36121779424859
68.09015379424494
72.21989655999043
48.64446520232625
93.21063369698275
100.08441639603733
94.57914468405666
38.576837155232404
88.0003164608038
71.2773445545292
74.00256784165548
95.44148547997082
64.80156088960709
68.32789735426675
22.70985577946449
78.55283799572751
65.63520100511694
85.80088299701401
73.31680171375363
69.38716010936962
38.98839212485296
45.793038373885096
96.40092002041408
66.9099184661031
70.44526773589871
85.77052181849328
5.6080335661834875
70.81373534235108
65.37496568945737
58.09219174150672
82.20444227008302
92.71064470026877
80.45532871854611
63.786952482796465
60.08531746721631
22.821629041287967
91.3625585329322
90.20266615262538
25.132179023721847
96.48907865806764
77.53008218897602
67.29428937383832
70.35614233386626
67.169708257344
98.10528713818434
73.74584752116051
74.86863687141141
90.40121365875876
73.74671496825025
92.59219842684962
94.69723605084152
36.57737283048997
72.98578712633947
35.155992048622664
89.44403367001445
66.70943947823945
75.06183237148012
34.340566059846715
41.75126381334401
98.09546013487375
70.52034349988136
9.527485323472911
53.98614592233466
67.05479242028511
87.63719812969137
88.61533486780142
90.63545488827623
69.22563398247621
14.00856342868242
85.20833654497784
43.89297719431753
84.09742066448086
94.99726615568014
28.403007638136543
82.5796917628673
63.63869174923976
53.95515101840831
65.7351561489372
54.04925741653661
93.68136300266896
72.66023234052537
42.52414276317448
95.50717465516784
30.8427762463302
74.71804166555295
46.82084471914643
55.43031250084892
94.7742498393562
87.23370489347215
28.204724700632756
60.91780647708573
98.16166205954505
73.0953581702141
12.224220616608136
48.96897265062067
93.048651332463
51.72426580103852
60.629058687595844
81.93432164895097
50.659698441884494
91.69532118217828
63.892640278517575
25.858611309857565
25.815777439004997
75.79846762855702
87.0645928219169
96.7504397527882
15.93545281461857
93.58070761867407
38.936179505728944
48.28933116305826
96.96913317868403
39.21789288826495
10.089822516365338
91.63701074415626
62.14819092787666
80.07749136516378
86.54829511739905
52.948172963599475
54.601421426133356
48.10901690355676
87.47571279759433
50.18189328191162
28.80039853127985
76.85948447579442
80.02356729769409
7.790167926986735
43.678699922930676
74.20556945664258
96.34209264508021
99.09401317151114
71.78782713017672
14.29433293552137
49.56096654929669
76.97957273498088
76.77657298854608
95.28873037438467
42.679497451756106
79.4606073539114
63.84083590868011
16.490460566012658
27.54854569425244
96.81415939107238
38.62474417779983
69.50096678992114
39.77413876368881
62.463244157051264
50.55785192067542
78.89930977415742
32.72565762639115
28.895447165674252
24.85510381263719
45.7473605955017
43.378007559460116
79.7291702141545
97.84470580959545
47.512239971021295
93.30522421538866
92.40237003622191
93.9705578378307
69.70139152358787
84.06809921547286
61.652686145339224
40.55083131537534
22.847681031494794
80.80181773817301
81.39965637825131
99.92627943127049
97.58793478686643
98.33955358286114
31.538708891829536
92.13136553216061
86.66343268106154
23.76134003134403
65.70368996042959
29.369001970736548
92.91267601050325
72.14738580360725
76.92177801774542
98.88569504331747
56.25939114083577
90.67062537759139
24.09579855297949
85.66973037254822
87.76920503286186
72.122692979281
40.119809746480584
64.16283706371709
86.37717570004762
45.897031917799296
81.0780599105858
58.565779823764146
52.90716579461055
13.5769607198268
66.2370492254202
99.9237769119117
60.36980838279188
66.76703496197696
59.97754821423662
35.84508925532206
81.78744524422028
23.639568420989324
4.790204158303973
99.30500473006995
88.28492715263636
62.492679650869945
19.544610109618496
97.70324561497253
53.84327108577676
36.9785679918852
93.88502540488567
82.45546134980069
69.29709160511516
88.75210932117496
80.70680938251539
66.86301908761646
19.407080190143397
96.59067933383346
89.87371480959573
68.98090903601205
87.75034138112305
77.24281406274407
96.98755118031262
92.65281421638946
50.877497119536386
64.69448157892415
84.77408923758192
64.73400685229593
41.67606537581668
59.80491818164373
69.33793884258104
75.2940827133148
85.02747530163093
47.423315048290476
80.32310148290694
40.710969419253516
76.75787697037207
52.67603694891084
40.245040145670956
90.26010347816403
82.09418526889858
76.78851395880876
73.45807068639732
90.22859004086799
84.32637103299093
38.27645204841316
33.68018770653495
53.747915182111406
57.673978342925594
93.3598945837296
96.87137351326814
97.394717806062
30.843585355592857
94.38007406013122
94.34991473018242
55.00484212068398
72.17698688544814
65.5647677623918
65.95683990773615
30.685478412924454
94.91959612745498
48.0393301296523
43.787977547805724
64.08442209289585
32.06350200639375
67.73552517603649
93.51374905704634
73.74323137892893
65.42145426672559
32.875829726722
96.38560324350435
91.05467109175639
50.763585542779346
51.42305786123868
73.15577344919468
84.84900380237269
55.65890221020199
90.38953177311893
56.936492561586945
44.368852961860966
67.8835202649067
57.11366862951056
78.1452940980379
95.74885485731086
87.51700548463049
89.08324537482267
50.776088547987015
82.60066488955673
69.13607584205351
99.27497353743914
90.13373249897971
93.82795812986733
94.65847917172368
94.83125793321759
43.75658029463343
17.459281012188537
91.42002260083984
92.12893018995162
77.48221555217593
34.351023641259815
94.02453523332099
87.22714212756844
56.625447208463115
74.01351120739764
99.86520590033034
95.12364659517544
92.63869273089948
61.87707712010827
23.672665059461153
19.92643518972909
26.418639904348257
66.33308721538242
98.48705782806
28.44463111154435
35.53707870776709
28.464080002992183
29.052636968759128
48.6985851980617
90.53883876190044
69.92326106344827
97.40139045523061
66.04780668469428
74.49271139434731
74.13565033884215
92.18631433998223
77.45577686395875
78.03514261476775
92.06452172927807
67.70979561105187
49.823522429300176
52.38582650633045
68.09164441258852
56.629300841189185
53.952904976143586
77.63523044010009
41.15139322098816
91.54087088007512
89.99887524270773
35.98146499355895
98.72090470943013
62.333223608786064
53.81185076634511
73.67698035224956
62.35577852773006
31.091876143232412
90.46928453503406
37.3952435631349
68.79549464879706
62.500739873230316
51.48929997805653
77.09080723902721
46.277639743193774
95.64115795473647
75.99318201531115
69.59673006141236
96.40465946597043
24.496908083825996
99.9726977277859
38.11578278536481
25.204192090670503
66.41281863764412
40.09529844335692
40.338964186167836
73.51522878221824
78.24769549775166
29.629527825649866
26.987009543423266
64.68598987950871
96.52987660535688
10.65560061067689
6.423657513567102
88.91885968530642
85.50163148340204
63.859015426277146
34.568863674586346
81.57725056943566
62.48322957477254
70.21579068604834
16.476994911844542
67.97926917980512
75.15771168388584
85.21621994027889
94.84182729077494
40.25320360076983
73.01908135227961
86.52632221046663
56.870701536285736
95.33610003180931
76.36564979700007
56.22940014127645
13.209161293219287
93.9395550528415
97.57374006453782
81.0225595412214
31.773129226014298
40.160550500466165
97.19782958713209
23.607049274208745
68.3448421047604
13.030122662881354
42.28868474345887
92.36270020614795
52.47860173246798
51.608006301913775
62.19032437549601
42.434725140616145
56.723421981092756
68.36366635732468
100.06238571988851
54.014762721628166
81.49463515459016
22.44720833836968
77.5059226258533
64.94300972086795
96.17495736576662
35.50078893139973
57.588547871766735
29.573324016636956
34.27951481336998
65.80057065930427
51.09160128193995
61.33880707407614
66.33151971719082
81.15893461744186
46.04638375895146
74.81454658204002
99.43716921738438
69.30166369270354
93.39335362843072
55.35605003329974
64.2969508138187
53.008298772003904
82.14578129699387
72.30824388786363
73.24846457885725
66.51470554071055
43.216365986496704
77.79510642273817
38.57896914914352
75.00241599922391
89.99058419246633
75.19676104400219
96.84683843003282
70.15527308489273
84.55210139464745
75.92794444834902
96.00307653839121
99.67974927839273
65.68755521342027
27.878536677256932
66.76024080520176
68.69894899441078
86.91061046374425
64.70760109549423
88.55601071437817
93.74940577588688
99.9508893500895
42.93053848296227
83.24225435281589
94.74186013290574
58.19720539269099
58.34471091038846
97.54845674006317
97.5919363099854
77.44276154251648
99.32454100919966
71.4082151645015
87.60516905306636
86.35508347157072
69.36222980262808
98.59034938906927
80.46707531603849
53.066414088581475
48.09215485417002
48.39109798697306
35.95347234102747
74.91170512623779
42.676184577344095
74.83901118345743
73.32404147600941
79.76436947117703
43.42018062371632
73.63160025045414
99.89125758626624
88.38907544079792
71.91646686347475
34.584324364293835
66.60986371713693
83.74824848803631
68.51923213605923
65.30754553539722
89.81385050242154
94.38831027435667
79.87090067859262
68.12543569611132
93.29409930422715
72.39053857311406
71.0121232386297
91.48656729392938
64.27277491086144
82.54433847942846
90.38321344799972
27.49421160920024
84.83415702275153
33.98292107456887
67.0208756017869
98.54821257853594
95.14065736626314
64.12644777157391
34.43363876308659
80.87778924381335
67.27766831731039
95.2744028958827
71.02221408015515
58.99897234722447
54.64534264204042
97.60680019721627
91.8837072933457
30.93560777803326
63.834881226221114
69.93410816656454
77.46248813813453
94.6848975856272
94.10712823109665
18.40317903297971
64.62245802267493
24.260561407371704
30.439574258853355
82.84690492003699
18.282983659568302
99.84484266983603
70.37353044105224
45.27870746720754
63.49397336590368
88.94995393622402
75.32366647678903
43.18098182545594
78.78776840580328
76.28989919022169
31.704353381401855
39.55040722295722
34.24229758346916
88.82206094819631
96.9339492755041
88.65267867114615
98.41614827740527
79.7956693320087
81.74076926759138
22.53363260339276
44.72010651958552
76.29651881174561
96.30022102727044
43.43404807100868
38.92986932543916
67.34189536512237
75.94292171967764
80.27649132820872
80.85170210453218
98.22923636520764
55.05020659060608
40.19137308610157
26.08064851656997
99.73553993860686
22.652662460034374
94.35190188951262
99.07005720483023
69.64010401088687
92.65613455995101
52.58017991487229
36.187395986897386
92.98209173022612
75.5401872962334
35.736166983232415
87.44792852023394
95.61387577899805
85.30879923019049
54.84735455761292
92.20585334511556
97.87520399558119
80.55533365954085
56.18708067682829
84.95140795859399
79.96370605796199
20.361958736085167
71.25813286370413
98.4787088179163
75.67361975005481
62.21007855684307
29.713569719830705
72.91583258418522
94.04764782349031
58.24755076731783
8.986578480142303
91.0004742390303
6.042927370632954
61.001290883584566
46.52948383951415
90.36718613367312
55.605033362598036
44.26214451734909
50.1535912774016
92.37324598668407
56.618466602113244
73.1007452478925
69.94305641444701
38.5443330124004
77.41460214021812
36.33090363523386
94.93906910517711
82.06620103913063
63.840496814297666
70.730151711318
72.8737349359111
82.70773763015853
63.822127154930136
86.45989649794886
87.01760452410792
47.91822961914517
37.51432525927689
90.40686125871865
95.2443285348959
91.35240457028267
94.81115606521755
62.89268214436236
40.094464809983236
77.1397974595057
78.4901589883509
92.83803273962381
72.32203634625964
98.65786482360723
43.12736355674343
73.43961933244958
46.27218064918878
44.17977147089025
55.04301383585052
29.090197082784957
85.73703290019569
91.13958024445418
88.64507446945505
81.43132127037269
88.57645562625413
55.65414006750334
27.96537859799901
71.62433672493142
59.70455936165619
20.112336724297233
42.29851017068807
84.3835966874395
68.0367043116367
16.684786165303365
84.22335476308331
17.39283332861478
87.24479370922758
32.009347250907354
71.648433774974
43.421313358014444
97.32280542259248
70.19104463876087
84.72776668389602
85.95619005126635
65.29231386525596
29.238616582896235
59.41971377634239
65.372543691495
91.47090981315854
98.74818248031657
81.20115628529267
81.7486143251188
59.62464590293935
35.58196058472643
93.20526306812287
76.59219229905248
85.18176590092706
73.0163518223982
31.933071396990407
93.41912229888831
82.6767103939325
16.55736080513423
98.01271823418082
85.61514645949858
43.65332967203705
86.51631576571333
89.01177978211759
90.36073120750635
53.87532133328509
74.12116959578302
98.3912485315762
67.62985533318097
41.84576986945534
42.30446508891069
77.98659046310848
89.38366427067373
54.57085117937404
55.2067529916171
35.50276856045765
40.26958589212093
59.64942409007447
88.67674435622477
13.290602159806026
76.61634853187131
81.3604085220063
41.53471814024641
33.14970264372763
98.4500334343799
93.81195061343357
49.951462687822726
65.25055026921024
48.09299077434399
14.222563207612692
31.792799537439056
97.80029662251307
38.502850307110414
55.06839487662631
28.781793121220048
81.98579049823313
91.36643188598512
98.46916342999953
72.01751813138311
36.16090777394518
67.5932678422669
91.54416459600331
61.51354640489205
94.80229914862582
93.30018790464405
20.55083267255315
37.56183400529078
67.76185132807616
71.12270459182339
89.88475239494078
81.87430753076957
63.29078132649099
54.1519648963792
76.55740865807773
32.36240777607989
91.63628782118074
2.055866871224481
53.016877600253636
56.94245868555155
76.32045734612382
69.37376380017699
17.509862658843783
38.33567377135244
82.24427358172653
21.813637534689438
60.64591409913454
68.70630599505716
76.65520637955848
54.757913628466916
75.46445416588243
61.16501841784001
96.06622249571639
60.712436074444916
94.32406110950461
40.1258568110734
77.25679816765337
76.35937470732107
43.407899351126545
65.38435041857198
70.2950611982922
88.76569979736978
82.66504806616605
62.56931256947546
81.86172308433403
5.309848503907657
40.02770292497822
89.5871011510253
31.316403500845723
80.65316776165412
45.38441314382652
74.3728439773023
78.66659698832875
31.756744054262597
48.52969125392234
92.53885245365001
73.33834866100865
27.154787937003114
55.40585913893433
66.63443978489475
76.03066206881957
41.896951546136926
82.63239059569544
86.31434109033894
57.830789877020756
81.17771770074947
72.22611392094268
56.967552409011894
81.38600756365884
63.89275041474633
96.4560723323844
67.05345996645565
87.24656767945031
83.99534031357565
60.747399181219635
99.65579304224113
90.8897945441251
88.85913572970446
84.04985529284941
98.85240063874772
81.2860955077551
56.41613314052932
77.20117508989553
42.91700758729489
67.96322037125346
64.08820724298475
80.24667268374384
64.70334591698567
98.0928223054753
92.46083479240265
90.78071353231691
43.0264754116674
55.4602018789484
68.48351976844995
28.823640053877078
70.52308096717321
74.18443290431982
79.24310151415412
89.78642594207608
11.093730049226226
4.012460187846707
45.942001129319294
29.688133935507825
94.80070215130756
77.77677578158928
25.159549324650616
96.3680604382613
58.76218724434247
75.32093745570722
31.933700305695545
84.53925446922081
91.87104115956109
90.26741791089869
20.92235634835257
88.69481569955195
52.39092230563879
91.99198644426137
44.59764906783204
91.08850901277528
56.3404771128087
63.67259543270204
93.87827942278166
76.24767227054679
47.10600851388728
35.98985373413773
51.06288961236152
89.33835589114294
28.92790154342354
68.04654588074591
61.62678144105871
73.53614382317623
33.86369830381547
93.31632977096093
72.56878628610794
90.74248930603291
86.7342338698454
33.71287300635323
91.3795359047613
40.05137222563519
30.4674005539524
51.39047846975953
58.69090708432619
57.018780352497494
57.866643214208445
74.38837672336552
91.67830719321753
64.50606964127141
34.256111055436456
92.0038054546509
28.95174233714679
65.64168126167537
91.38493713940056
77.15472973652452
64.1454770805062
78.1343837501812
13.9951476018927
97.78349519354776
65.63310587968822
86.69707617155333
88.23868606464482
72.29448444838957
76.85880741279964
49.50250360990255
56.24112705300018
22.64016453572881
39.19925664926876
82.1920330102562
83.11828929746176
46.59329532981337
66.50361695342059
70.26682049164616
69.50263260883601
80.059725809663
71.6030396160258
56.25019287689739
66.15996878304438
27.689128036098218
92.94499304557782
42.07895436148468
89.41121670142596
86.30378184009597
59.666894788378066
51.56808472232833
80.40223001862422
98.7979307366948
68.60067819360462
70.97880657715679
55.32281484419779
18.604897917118056
91.19408621431393
74.86071389492692
90.00668863091163
88.16556483999167
87.07466060583404
79.62988658648482
95.73061042766
98.80197551387003
91.43390728640139
86.09325419245407
51.83804108496328
49.76594952561018
95.41058032143864
53.27031311361782
73.10584966533149
54.78276437202743
98.08465513517318
64.88183673653575
46.6755235701709
62.758728666898236
65.07080407726707
79.00432834957257
54.113663758024465
94.01684911270465
43.388916055879896
88.75859566561488
81.70191248614927
99.45542417719537
61.97717136767694
22.57973291208425
41.3734329224133
88.10151076128756
53.981263282897864
47.88217527886953
26.90069433684526
86.75392243667389
93.59163840785219
38.766665430200376
93.72017292352173
45.70657193904715
16.973917779407355
86.64947566707121
83.86676540880498
94.13847054134534
54.715831467488044
82.27004917450117
37.55628330334048
29.74545589810382
30.170151812701814
70.71918131320525
99.4921347619038
70.85372846968767
50.41080199399959
50.696772687234095
19.21075005578331
54.229914931993726
95.58196760066542
95.82429299597288
36.61732369810918
93.66438328302935
50.401156922224686
82.15596317613074
62.27752485222804
62.550869310841584
93.50454535133531
32.518104133712534
45.85455848448235
92.07204096374207
92.64401933979738
85.22188100593421
88.79110700784427
99.56954149115482
91.49422375516039
73.77956320967328
98.72117302352987
71.12431503074012
65.04417381433308
91.89362971570155
95.93066630252315
85.88686146919072
77.03584718557836
96.0995814658952
73.88018915432173
43.44498565369549
100.19489938258856
97.79583192715515
66.96492747207155
56.36831302960239
88.003140817438
41.61242328920113
18.75141041372877
61.0037724594913
87.43023280032948
82.1898862061464
47.33436768921605
90.21747070215731
42.95394278236974
28.957767514873357
71.43917278540502
98.83858326510247
21.461236044437854
69.5343408339534
78.89714674171515
94.60197890675661
53.31855248610791
71.17843135454098
93.64975921743003
12.585114707157738
20.114899324493138
54.42313280202889
95.09934331374677
58.32150011657769
30.647624895449237
55.1515020264592
84.53373392626709
96.50786140374544
82.73289072943393
80.10094786354314
61.93575450751002
75.41756158031613
30.263248476139204
99.81713153107658
96.9966577873197
34.166817631220006
43.67494516452542
58.54980146330927
37.45106075378649
88.12706560869819
93.4193014495609
33.92302552706463
28.190815255624933
97.44872151378013
82.61036454613108
47.86429449840344
91.38019262000903
65.71956891914951
93.87253014350244
95.59106368531087
73.89553325487307
46.40034871907899
77.99975953986659
63.997891506214685
88.09722556347253
69.00035420680886
95.03630095081138
77.48477834918269
14.247623451493517
76.45130313096428
36.000175225164135
94.08870276533989
97.71287979746678
94.4493120689427
88.36916683413702
90.98610376940275
84.46257681000553
41.30132381972343
88.04367616073081
45.92683382658732
75.56739427878175
86.90118887366808
43.12948872208334
94.69988763213198
98.68010086985691
89.33788942640773
75.35791999630548
24.314198518013054
61.713601480725245
95.59020876465792
58.84225611251896
79.19552158565574
96.53274444003827
66.27676116695024
78.45068030689134
61.123019950151594
54.63626126099848
27.56657233713738
61.393750863945954
88.43294152971897
45.17378537733213
94.33563963917594
95.38086722732852
43.585423358377106
99.55926421787336
81.99164406680924
90.81199176613129
41.566395375230655
99.91811510227393
40.437500950520736
81.6215988875831
99.50419904178275
72.89046177109319
89.43068641161325
62.29954503508896
65.12696230136476
37.36273854523593
72.66500895706959
59.93167350746258
93.15631289499147
25.46456399510874
76.84102481027827
79.10938888654265
40.0835805336141
53.39000420295756
86.08077689772642
74.0811918796561
48.05762391248234
36.861149780810585
49.2651729237626
86.5240218509999
97.84107648273411
66.85833148799291
80.83834107564472
26.87296356581883
79.81472400571006
43.26685053442986
84.50763277714947
76.9200376130575
93.35992563804083
28.578870396294786
91.14269027293136
87.97881633643489
82.18106480145349
63.05087643860242
91.87015519764063
31.939980680324236
67.15896565608978
80.123829853551
64.68665510745888
41.11605885696226
56.518263741834105
96.19235120647753
58.02647267390184
79.69253026691645
6.3733324746236235
37.71147069765002
60.329626109491215
93.46307773601512
86.43953228962583
69.32110944212437
79.04988709721957
67.0449274724042
76.02637180875969
63.35643703225924
56.28160760558179
20.986088789984144
69.80656998951147
57.94748441799603
73.50819883317027
45.54292299654431
70.97704247347255
26.50418175436341
80.49864733329628
76.73316353643068
90.48429391904548
46.16380440916546
23.430676504626618
80.46431046668891
65.93956344413046
24.449280864294927
31.031157934814065
59.459831835945565
48.933631628076014
81.98769544199854
66.74409373507464
84.61588015539468
87.63867877987073
86.88118706556662
55.132229005084966
91.46691166914718
6.074384573681853
55.196811353308995
60.687582477559125
81.39835290637765
83.18219638604266
70.71453668477663
42.01111103357059
94.81821021221405
82.78803083911043
23.783394388911695
61.0467498389026
82.87163823088865
57.9983929328619
30.13987736321302
81.44294104215226
28.613976240062534
56.35809473805147
92.15085724540785
99.81744478991821
65.10795480042958
95.16134622233221
29.570069986778808
56.01733438823813
87.59930679357214
99.77811199616845
65.77873332878892
87.06573587762651
70.84173263174516
68.46056536224995
68.48314153171621
84.45238368215767
51.26704196323394
69.5468839727891
69.05083310040554
63.549331209726965
96.50726818231192
73.9153276118705
71.11285792337623
85.29719440037086
63.3941357998657
97.24187890350139
54.47803205636773
27.504404097308196
97.87578615412401
50.49133107070767
78.0852246766756
56.41874531586347
39.572146311839546
97.17433245211004
32.087959579779955
58.49814149223182
46.13598535839765
87.74959080377275
63.19855557961997
68.90006062792989
64.05567237142093
68.8782451572755
89.03310946036818
49.34495042739631
68.52928412183978
32.03851625281831
56.136525517221706
61.52084274586942
64.96193428779262
99.98590997305764
27.498076549928687
88.18540503897304
95.50574743646013
76.36142393064907
93.8580361707095
59.057341758993736
72.26310567787321
50.23843085048733
88.76175040322829
44.248864950144146
67.27440002865245
58.72162505223749
96.28522568849603
50.55844128845508
77.15285629913912
29.494345290387304
99.55706382648351
94.83210500767309
97.26583663060244
99.38703708677221
82.57888990650119
25.87290935011855
97.39019134729634
42.01721928605951
31.88419320184247
90.23446443364664
74.13159297721995
66.3722521992233
16.454674637160203
81.84061207197404
23.951370311594697
85.15027808576849
91.86837003003704
72.5298572218331
80.36656456074971
30.76069478319915
57.95674093200659
80.21817071537234
78.23838038640682
38.52711436900111
81.62552926787609
77.7184078812431
59.19382863428301
79.27378705177435
73.44770998751787
33.90567008036495
92.88857943412607
77.86165328376939
85.30333689679526
49.43681956069267
94.84822894030597
62.312621917984856
17.883526356094034
65.26795239247014
60.81606579550154
76.84327744480917
60.29639244773517
64.24833664983295
54.83385206370112
38.357401734426546
77.27548280518339
59.65486307263485
74.15774496062463
69.02265807257822
83.32793810411371
50.59258261211876
55.37031135481719
87.07347353314367
28.955164169772225
91.16345792087749
92.70044247233042
81.4113620342567
53.03463021170849
32.41745954072322
87.1204318284109
89.2828207907922
96.1395024987988
27.69478455156969
73.74702955393788
58.76625968295778
18.978831327801068
42.023542138820254
5.26128104439991
22.54824404103782
50.98228623556061
75.88166061588775
85.61583821497591
93.52833483586487
69.29836710409052
69.99414152039432
70.91616809144867
92.04383381479056
56.960767799195374
91.44119772710701
61.598267133337544
46.30793208657062
99.3647449974361
47.363726414854206
94.24683496653618
44.25499505400923
91.76782612422333
65.0682368700498
42.8231118887808
20.134419662596862
99.28689160498195
95.8226960623736
85.74389679647712
71.68618641694688
74.41344309281546
90.63038633677834
78.79736700147342
55.6757888478714
92.9457116814173
81.30248990359281
74.29989452001321
29.121789061646393
98.83006429795458
92.71415859771548
53.61623158517046
31.29876006782279
82.27475144756532
67.84107766150953
98.70271951849506
53.292295024408745
36.87915122418472
34.97392035258682
89.40396411100946
54.00887928982548
16.015895065945813
85.5414603198006
95.0999806922099
38.69935652354653
94.11542403661939
27.606455356231017
76.13456203832585
68.11055708017214
78.40104687883036
78.35930026032392
75.86762311951355
93.58609851831827
35.2904263213649
35.517482098363665
87.0638907470283
51.14867626125069
67.11022002187352
69.12135189892847
82.75528869804049
87.77525144303364
98.40373913843932
31.182702742670457
58.092133869494255
45.93344286680722
66.01257995285349
37.122628191270266
92.1880755029631
44.954435901999446
41.29862030967297
91.48290809030662
75.59911096589974
58.34302506595572
64.84179733115232
93.08101401278492
70.59729399718233
57.09514946413652
67.52504066757018
29.575434945626355
79.83215698561054
23.108183890851606
99.52734967050887
39.33344898365641
71.55481626390007
51.02968402289546
41.06053814178363
25.9647244633797
51.31439420082433
49.75052444306062
56.69284625484511
60.39654907482801
15.986507074025743
87.80595628351705
71.02355424468156
48.314874362927625
64.19336192954185
59.14221745394897
92.02757749551716
77.76272711272985
83.98784844015077
93.36247466094427
75.72457305014657
38.630528197673485
65.9383682038188
51.46214070712413
84.85920168607072
76.63418543665519
86.43499145046636
95.19334322725342
39.193092699635784
86.33137742484412
33.90598245031006
43.5437191494099
97.84794814877634
28.951036840704894
54.95138246394096
29.779210229855696
93.1833732558896
71.14160425365077
42.86195152274185
96.31754721278742
93.75078764542472
52.80323800906478
30.293924339414293
65.71952764173372
25.133639367096972
82.441478879278
14.265952249856179
88.43679053836767
13.344706520666268
78.81164710188963
59.64339806133843
47.84395827914874
20.546171025415457
51.61863231397872
89.74286444311224
44.14543903954741
75.85215383985178
49.558196602095975
62.416251512420295
91.9072291624791
92.41110754287556
59.66638498811608
99.9254754906897
81.96633096249157
52.28705684683981
29.703989194277785
91.49683406703984
84.53203020683678
86.06460978128668
98.38122313259426
38.08614468930296
99.08008822138284
41.243482997018
88.86326172684153
82.08917500625542
83.36605190869602
71.21797156721563
72.63803673276341
27.959015019570483
50.547751019749434
95.24542725518943
59.75552189889342
97.03153603226365
46.30600893672404
16.97191631368706
46.192830533303976
96.36539223484333
40.26883414934929
73.32353065400123
62.98339888160957
67.2528933452102
61.270610914965076
44.83342019008615
96.48108641483735
92.08843712089781
91.4553148190238
95.54838894289762
64.32696152033301
54.07077946694677
98.43559665520536
51.68333018786516
50.10707307802506
55.73732955171713
89.8302192488012
86.02963372755183
85.89779914962742
86.65744429476086
59.28672761423362
69.05756548937237
98.30265202805569
81.25811624972191
95.21580661592502
71.03130865760478
99.98574956208644
92.53486944659382
64.8755354798363
76.29716397036044
50.01771170610734
99.73503650570598
67.14513668832971
63.50921072579949
19.877506460366
92.14776874693773
71.22088133668566
77.87946594994244
89.53663512593292
50.647594579241286
53.93389615718946
53.97882549074848
92.15219061707171
92.25548973359986
30.407428194110924
58.191597769213
81.5249783150597
72.33882387910687
82.77361447275297
66.60125860013467
98.31093511161559
46.158238102178295
89.1854774234096
81.07135703590511
93.54758612102216
60.87550883586677
73.93983004517338
76.08222034524404
39.03025417894958
94.92374116960256
48.264165611098655
93.3774872228659
42.46270660052143
75.4774930225154
58.67881141268028
79.73444374820475
96.7518595644626
83.95354507852753
75.1591270771417
70.17820821428879
39.323447571933656
43.43252688058674
32.68875470154283
64.5974283438979
53.84085402062657
57.449912785028545
47.4044484091459
71.73734656984851
91.67165823505063
87.34565504523893
90.35600556800564
68.39045247691229
9.426653172707514
95.7227660736721
47.238705458682254
28.855247107103025
81.27344232312711
14.69451152101673
60.891674055514585
58.9691137414269
9.936779849196824
84.33917776451675
67.33981910984292
51.41762647466692
79.73910327382396
60.24545744503673
92.26309610345784
54.34489795195381
61.3042389738211
50.48221402230683
68.69236255006946
97.11907039822589
22.10684761852183
80.580745804427
71.95579955627453
82.22460763053279
87.55154582515176
31.121459106636394
54.178149986560555
95.66756163600897
78.44728995619532
46.91771303058631
59.6162786365493
31.897115496011306
51.24614616576343
60.06386567131347
95.24507806404267
89.26131535692711
96.81477711458487
97.31235237594149
28.35920780251687
96.45688720899865
98.1710569727923
98.39668194655287
67.10502197364346
23.072391713011395
57.80614045471381
37.70033912186163
95.51115733507982
59.25967809668812
71.65440845216641
98.95199780839111
74.03043993390209
92.93777472163073
25.510407574329307
43.55556982471882
29.171461092676534
27.655961754350606
59.92318557851793
90.4621194392
90.65236206185968
75.74549672778464
67.72165251633469
61.89724732525482
87.87656144009445
91.87281635195214
84.21489486483368
85.76235549550546
78.19769960111397
49.58134270097232
82.25839413381733
67.15432259314017
79.00399490348667
