4.7791306044590876
4.792680508416335
1.3388902484669167
2.808702026835607
4.0560081568388995
3.0410976065111504
3.0830027043427153
4.460878715778052
4.2963512355982685
4.28718667551072
0.32633710485876244
3.683662183919579
2.6883851283565003
3.9178592517978417
3.627326694177972
4.129818712515984
2.62004053703469
3.4190515177702343
3.8739995924664035
1.675294533317067
2.743442316055964
0.718616541684976
1.559220643263108
3.6855643332476444
2.863896448209209
1.8732839603922202
2.0788571225390347
1.8209268556467104
1.6167131877029692
4.827422751324732
4.312624814494247
4.903180389622038
3.7489651742864725
1.6911227326649974
2.0289227352545693
4.050249178339495
1.5924507936056045
0.5594352927976163
4.238456838431489
3.9186382623229052
4.497358229122534
3.3672124451117864
1.0611035840922551
2.7242984883846377
0.21237121040091084
4.8510622362495175
4.01161959203174
1.0628161323238237
4.043261910036191
4.280209232158692
2.6853677819257973
1.3639084825353438
4.826143474653095
4.036937479157124
1.8952062233896727
0.5968407798073747
4.046602716367554
2.8112879681182954
2.6430116505429324
3.5518269201284696
3.2786666108461886
1.837317010727979
4.685922132122834
2.400900582251012
2.540292265353286
4.75494909121625
3.6870949231620362
4.153880204912528
1.0429614969189442
2.6009761803556875
3.395234557538474
3.2550956103434525
0.8464335348398966
4.023572795732023
4.643892293455801
2.6885311825541875
4.691122369693801
3.761839425848786
4.046571989810568
3.1369171479679596
4.7975626889989496
0.7580677298678952
4.691158831525723
4.6880916525043785
4.8672055896374316
4.248573410797199
4.514569708372679
3.9861829641928144
3.8099110853435834
2.312593835082389
2.612115650753695
4.349461907795787
2.439837375682055
4.665519929828226
1.2700898213092815
2.092276009856862
2.7406235498768057
3.245702690643473
4.047908399989777
3.342656036899635
4.041991190092095
3.9732742133977115
3.0345372482563224
3.893670887438969
4.950566200705673
4.034505482547928
3.5315079351738605
2.4867039184018362
2.754160073200879
2.3000440862915355
3.851234489632887
4.585063923605579
4.329316549571262
2.668257673079728
4.249961846965843
3.176160899983016
2.487516001078997
2.628951519230313
4.758444965671147
3.200385564653526
1.5375684462865993
4.215866400399254
4.515612553704765
4.808760769562998
4.725859462966233
2.200310614024993
3.9842255323169384
4.480931476940912
3.8517802631462876
4.461889414995946
4.042312914631289
3.2514650070750846
2.460329967585845
2.035173239058319
0.9889199846156805
2.9726585806741466
4.96602493953664
4.337108308554829
1.1413956279005537
2.7818007254508514
3.469251017292091
4.875573653469203
4.369857807714921
4.428399651136923
2.1896213521733188
3.8507114531564866
1.5139555993553595
1.5743835761158267
3.326756689447408
4.865224191110117
3.5316326063165877
3.0788238247480004
4.789748146948615
4.879471699635558
2.525215434868565
4.830060023177853
4.116610468872284
4.63105757530867
1.839232301437317
3.078172767262082
1.3925538157424016
4.427385530566998
3.7385956859389435
3.7349573371058993
2.4057952727138012
0.7860039778900662
2.6223240972113033
1.1378853449642077
2.7542445364495443
3.8546848805432696
4.921687905311336
1.449453678200649
4.421818527310637
2.6883644402494467
4.2195634875099
4.273094818467319
4.549894257317769
4.924308728413455
0.6736174581323959
1.4032955212832585
0.677653328009114
4.359979682778145
1.3937145439006444
3.627048170689401
4.370543001724526
3.109415238071379
3.8774809683848437
3.19982515894431
4.4075338364540935
4.298356246634821
4.089665759348873
4.1436120802848375
4.60264554373002
4.190495680011841
3.4393438568721173
2.1751292296574016
1.0279747360631952
3.728314268076932
4.9441274110354065
2.617101424180494
4.5555451760984775
2.696370099376191
4.021605569293283
2.518747368929958
2.3720581504944565
3.951804606773032
4.018941102853731
4.506821576939609
2.9119393277925787
4.642948116526721
4.295550950955298
3.4862931766805496
4.724332391633489
4.71627385161709
2.264819609040916
2.0110019106116295
0.4672285065672559
1.603355036861791
3.418019958229929
2.971023016854716
3.9107940878650425
2.1112829044412926
0.6694303195648892
3.0090451304948496
4.781511448871726
1.217152351012067
4.95049631267674
3.7628717041813116
2.740161927636556
1.3587493199400498
4.100977772587255
3.7745055740119917
4.226434597919033
3.231091227114117
4.717737435557473
3.211755253501471
1.462476248596116
4.094499230255234
3.5068855501854728
4.437416805144738
3.9241005049640916
2.7257555806363865
4.535380522240171
3.5278328585952594
4.915798116128912
3.5551517801444437
2.9129427980616076
4.243488615584836
3.23308900237727
4.064795534016619
1.9555194824158753
2.776242169790286
0.6336934106188108
4.485290566757907
4.48414253814174
4.649828194491555
4.109687095027443
2.5540600919513596
1.5773922317504745
1.5226243107297475
2.630952003537271
1.4526672357622823
3.5471929369495556
1.974329956295057
4.613112681439504
3.144677345755938
3.3285921611288827
3.4089634850863595
3.0095949832736535
2.689259744698704
4.344762044447538
3.136272267699147
3.9214186607627375
3.2587121737871305
2.9097486735604425
4.803988476029362
2.841953606914521
3.556319164663521
3.417417380837085
4.834695731235057
2.6257254255209994
4.536977392350686
2.411628678332962
3.4964639128823882
2.427373339206894
1.8984029107641394
2.552688711077982
3.4651024824587187
1.4868785398710644
4.885727723032412
4.44749108194749
4.149145067971723
2.5557947859532413
1.6997679076436503
4.409949646659839
4.308684390861372
2.0667630048676395
4.0022709069075875
4.0675749504138
0.8580148713732214
4.696702305630548
4.816786081760632
3.5892392992016497
3.275746214642397
2.839036763844596
4.117287078277452
4.25788702974469
1.7589076624093989
1.2919085146722193
2.5357206977421516
2.331372725549716
4.888052430366627
3.784976793330008
4.488984866909171
4.396326975121464
4.516261740852218
3.417521786958711
2.2678601382426846
3.258389807875921
3.512213481270797
1.3607753051621543
3.826217995365011
3.795344976493364
2.569344936292153
1.7879707011915171
4.16631817804271
1.6212335446417583
4.902385978967852
4.674330608637216
3.64270238289797
3.2386678885869253
3.84417187690618
3.994094085330753
3.073440295912397
4.94748126510387
4.135382917564952
3.3990673037240486
3.1730201793385855
4.05614109250865
3.2513837415550695
3.8961129150830263
3.448766488579781
3.796110281165578
3.6794367214913644
4.278188065912197
0.8539125732186217
2.769631053545626
3.199646680550574
2.811596428841884
0.367385532629721
3.988370442836599
3.3529619336709957
4.586111880674802
3.330664338230659
2.2044203256601334
4.9099936863251346
2.9463512627355803
2.1740204131705294
1.9373888815001767
3.9528967743247896
4.927530656886116
4.55010805960769
4.759898094175546
3.3705406919296568
3.7532539330994688
3.9493898797320868
2.4751622320889273
2.5655388953384533
4.871600276043991
2.5948042666162277
3.582833077444277
3.1811257808232756
1.4522398592968275
4.192748144762429
3.716030373018913
1.6662816750439542
3.291547679680322
4.877904407669786
3.7578411458364465
4.4411037798022805
3.3904385477627526
3.46780464453174
1.9931289012708577
3.5185355301383687
2.9735388693002722
3.6099110904113574
4.268321236656892
3.5152047347859363
3.8446848075330347
4.273819232215304
2.484313631944793
3.645596512015639
4.508741066033961
4.889627188128829
4.35242879613916
3.5724895985045575
0.5955041862497913
3.8657227249256114
4.6666908886262535
4.4684877411129555
3.139132681054773
1.8890579417120144
4.280862001489219
4.687955448653637
4.103966630049477
2.434009047081676
2.5182208456868933
3.854953613668342
4.21494825137175
2.6754032099503506
3.5787521377928977
4.120064929889781
2.787366225590372
3.065317031674427
4.724638802910623
2.541254017331817
4.634667140736569
1.2347432338029258
1.6136696368127041
3.907781038041703
3.0527079070235255
0.3711591256791421
2.5974621413583794
1.6684526293354551
4.2101419429536975
3.311070956734527
4.4864947269563125
1.0107223249365647
4.539734633704096
0.6586404861863364
2.3240416958023715
2.7046505206784235
1.207422624343852
4.010151508362092
4.37306565846773
3.490989365302052
4.01839614111494
3.9140957837458594
4.653036981243764
2.935135384159528
4.368261424400051
2.7618391197186005
3.2767937391066475
4.1219886837860225
3.674395918260292
4.547432072424107
2.1657857379624366
3.8054178702884185
3.8758389898485195
2.726297009645721
3.7136696489787644
3.2101401560772898
4.322631513562364
4.307214813339436
4.8456877541917835
4.635310417465664
4.775472459508284
2.142361367408215
3.9297958919906897
2.0484253620948483
0.9739347236871411
3.325590273810885
1.3461182702116385
1.6754886739728354
2.2342483263258828
2.8527752767877836
2.7611735236474892
4.83620788229103
2.9363415504168997
2.851866033549176
3.555657867416748
3.6604666879967773
4.572946669449141
4.064714182336534
3.6712783539975185
0.8405379494811486
4.3387078942263635
4.078939623547961
3.360239597287533
4.297137734380419
3.6627777398291514
4.709554625205125
4.904190970380817
4.866875973492699
2.1974754818274786
4.360512018608201
3.5888250767778604
2.806670819250078
3.8604382658736363
3.1115887317526196
3.9307736154012005
2.558823830442984
1.6723131768722093
0.8181309733079695
1.9674430380992292
2.71528432648284
4.754102382250471
3.7687568333391033
0.9469741386299022
2.393611733196514
4.186673371236978
3.417024021725571
4.911861350899436
1.813532864387517
4.834209069054477
1.7310851145825037
1.5508066293655218
1.098037582883072
4.033942149976089
3.132514614822789
3.8983242722974434
3.9271073827821117
2.5884127435010647
2.9190346057760648
4.641021269725757
0.3501168288016124
2.264972615604307
4.288120395867439
4.744857277806534
4.9228360233182045
2.284360632312865
4.3676036141392975
4.384865424865652
4.115497106620865
3.6188045063013092
2.8573429102119583
4.353026918931697
4.654322041250865
1.8089619834601456
4.006238372698185
1.8024607465589821
4.050290032208603
4.209673449211626
0.0965853562109431
4.189928204722216
3.370772174281524
2.1874555151456634
2.2980811821585854
2.2319202688284783
1.9049181391474557
2.316314612686315
4.858612958891927
1.5231701691886943
2.851659073592087
3.8453516820156928
2.720696926953766
2.475078558127414
2.36957670576704
4.9766192147498245
4.927816152340536
4.920249780699509
2.680550655587063
4.8345189588620485
4.041804964698266
4.487038285467803
4.386166704055406
4.898795470047446
1.4156438886297884
4.215792582232799
2.3767390452335566
3.0744284759923834
3.1166269812368723
2.7038547659440995
2.8511353987127572
0.5603767135581752
1.9215932677462222
4.453272314832288
4.697026952665359
2.266944226391552
3.8615225387415357
4.3669326879764006
4.8844281744454845
4.826577188427602
2.1432656556683494
2.829989932522124
2.832527043405234
3.46409281759641
2.3206880171526825
2.6852592071995427
0.7615174910943632
4.684421735238637
3.609659123470257
4.989580826392644
2.996313628764764
3.267160613413489
2.8536880421021777
4.739267122532304
0.8790505352086303
3.7128297815132587
3.700793084523972
4.655046444696971
1.8707203900728147
3.9444818666772203
2.869936581307105
4.324673249378327
2.190199320937907
3.614408379893993
4.198145045094642
2.401407299613078
4.722460878285457
4.70019672055064
1.3884010376265212
4.107676800075303
2.305814026432518
4.855345027756701
3.94436232191202
4.769364307112945
2.619627187692572
3.300592554251361
3.361082675930783
2.976371773126141
4.593394694344658
3.741009025523892
3.737893191738883
2.396027399313535
2.8481969286939313
4.323868380555856
3.6643595463398015
4.278878714178497
3.4378340533062155
4.080145220074925
1.317195997056986
4.158189375373366
1.9684752906325147
2.384169025055019
4.506262130281848
1.441706149474386
3.693898309621613
3.2863106299986415
4.9258635863699025
3.497770362604204
3.829938226706648
4.698690937443825
2.0137269276194494
2.8119330800061673
4.897904694429292
1.2743840378537457
0.6115051158643028
4.952811949030177
4.946881407658796
0.6002849545412228
4.905088062594963
2.7187678320715936
1.6013843233272653
4.72110434066555
4.735591097970606
3.7506187131261397
2.5943619011365384
4.499910046554229
0.3241854865427556
1.5879320081402664
2.007698861901482
4.42250099372689
4.574273043165401
4.957335246710308
4.730652142554029
1.6899590429931706
4.564462754843674
4.548079797749001
4.733737387160285
4.684009004548213
2.5844884133237502
4.157775722596975
3.3876438044125736
4.784512869802842
3.7064395759298936
4.698411883433268
2.4282390165401617
3.869676103615552
3.5969157062306523
3.3258018909975324
3.7214777082235666
1.8110692868057274
3.284542754657027
4.050843396944873
3.122653815304348
4.95917631251704
3.204043812780227
3.493796055579582
1.0920992709532693
4.899173524472958
3.6841139021564056
3.6920015049999986
4.891599070012544
1.8512943187514936
1.7255994822789347
2.974717112038716
4.312459536092781
2.094152350145089
4.655388327882188
1.8857972737320317
4.580191676747666
4.285467122021687
4.11749550387916
3.425622995826263
4.094592261429326
2.8780261817312143
4.73272664769692
4.125533668469752
4.1916635960166175
2.689320022540688
2.343456907594415
1.038718866055755
3.5148930421104483
4.617520085283863
0.8394802060219597
2.2520489489082856
3.6887975032038445
4.469952580175448
0.972486931489665
4.872765558982388
3.889923803010185
0.26965887593696
2.982985458840875
4.840346158794186
4.010502432346304
4.2681183545261705
4.8254754072476125
2.975243209498359
2.049834276414389
4.403005626971209
4.280729381623652
1.1811549302061368
1.7962461586242275
4.085110530638977
4.419435313974928
2.89147731997847
3.834603109520665
4.7398262986626545
0.6607941713515245
2.870754606205025
3.8069310841387902
0.28216515959453753
3.835381070511466
2.594523022813044
2.1694836625588554
1.5972582895513865
4.894000380832377
4.114305773736621
1.4371765787849615
1.8499500445006294
2.86883115041383
4.120667453619708
4.499986095174715
3.691191396926957
2.2636713967219424
1.0606944426658227
1.7166883806028552
2.019425384263241
3.3295825762736997
4.57939034732007
3.216656553264969
1.332860211608155
4.63544445232768
4.4970246678442
4.360026569024037
3.7961468864027323
3.339169600546934
4.2063131543111565
4.891606121074289
4.789192083697796
2.840205298199196
1.445489880830205
2.8475024215380165
4.679484695541499
0.8928312798526058
4.219716558869489
4.4756673126703985
1.4668904379895698
4.8534336054975755
3.6251655896787556
3.1188374931142966
4.585985904381591
1.7620815845654896
2.267915412370749
2.795153264237016
4.332513856982827
3.406327654017062
2.193439972914699
3.3662578097039098
4.166769520292591
4.973869861025837
4.620093352184175
3.591137590255752
4.2446047110214735
4.852405756728845
1.5944173725427304
3.1558911668308944
4.775483570597598
2.1785075528635787
3.6945358188861936
3.727043403009329
3.2882921350008405
4.330983203037498
3.850797364963296
4.817326474227072
3.3727659483192536
2.351830942239593
1.6054163001761856
4.575961787784987
2.663392592517626
4.040990197028232
1.4653524419591266
4.313204634525005
3.1191595888820567
1.941282654944753
2.1258644511159615
2.7838506036924633
1.9369437121250912
4.526926180905938
2.8842269705200856
3.205996019706773
3.403720270981191
3.681506984243505
1.7559967580340765
4.973533507846696
4.6032497374630985
4.69271901096693
0.40891810201139533
4.581941545498451
3.531154667808716
4.447945517114808
1.9153252747639515
1.5267993033820801
4.112698773896341
1.9694972585393784
1.5409749767756533
1.5003063707544269
0.8396739322753055
2.5109898917872884
3.5117975514422963
4.887166359555923
2.9512981498903597
2.1012482259523315
3.649727660320541
1.5161862306539535
0.9922122582418635
4.933576841172799
3.7341421592947954
2.7245169350318257
4.590183861395421
4.94703234059775
1.7260497358736524
4.230429179970541
4.805542661183731
1.6945811054162752
4.948857905879337
4.245797629921949
3.3588939473971706
3.0945031620272814
3.6291533661726394
4.29092777057904
2.5384751759166004
4.679403295668665
2.5091280964838334
2.87085974635998
3.0615724899979146
4.80982659086853
4.991976055156346
2.7037884762432665
4.267199184920009
3.372107779953492
2.556352757839349
4.742947167003533
2.1380109151057516
3.9492532448420006
3.9815680829222284
3.514260966284788
0.9400594363098226
3.1806965136194414
4.377325727729677
4.918894048341772
2.1043175057070647
3.799845335029844
3.6200997850651113
1.6894526240836667
1.965554127401998
4.690424701331474
1.5537592721467628
3.4274432788612
1.633860740106388
2.7609688831579584
4.342199382957027
3.443410546578732
1.6386255851030298
4.528737556908004
1.2159743958086064
3.517759784739979
4.734588771653076
1.9891046402928005
5.004188193806322
2.1806798020785747
3.8106150915365804
4.627223360192282
4.397701382401827
4.1859238702578825
3.773957884700591
1.637885747176517
3.7645033291030847
2.3338138691224004
3.1851200135158457
1.5469716312979602
2.5344968554411964
3.751964910507731
3.8496480337999937
4.757772912890177
4.259948155158563
4.7927342599255125
4.7818965271147915
3.695582583062711
1.2105143519157195
2.1113461734221746
4.411848097011458
4.209687623196538
4.764662229534149
1.505914691071546
2.462367861808804
4.663624631299246
2.9771259426645758
2.334534590275584
2.0561249214368598
2.234110798920207
2.458621987628644
3.010346701544659
3.1220485495258665
3.2385495935989916
2.751573126453866
4.10306780144048
0.325047602426586
4.661135411611338
0.7424156736267702
2.0458773331543942
3.121722772250458
3.163696596949568
3.7921348796595176
1.4278411612294222
3.98239635378969
2.157381879912121
1.9595680844513246
3.251107295399233
4.1005243922984596
3.5481877706001494
4.851686400676575
4.794343117868876
3.8243513600613888
2.6672481375756023
4.976597152666341
4.7276704817062685
4.864677334328456
4.886978037744728
3.4199967931816566
2.25657545868821
2.9473156320901963
4.992455494225573
3.17025952412835
4.057825074927726
4.885542957916741
3.6742649768106923
3.8631699146700864
3.8785049694276363
3.7486663228383645
4.3889457797406655
1.0936781587891478
3.1527710527350203
4.494024669787801
4.648456493194331
2.514150749954615
4.633031338380294
1.814750438974961
2.331350657036926
4.776950507898295
3.285008386775119
3.852462014268351
3.5293400695249297
3.9309716167384416
4.818988578153293
2.3028126442568864
4.710740049926067
2.7836026837677705
1.4281925978149896
4.038336394777213
2.406860161966435
4.798730501040494
0.8354124768901442
2.2085972360714035
4.345439661810592
1.704269200088117
4.780514051836
3.550367337414371
4.240591546822436
3.946808547681588
4.419989704631496
1.768175674941805
3.9383467577997995
2.6848849594483277
0.898523690210773
4.5394245815245755
3.497213452483404
4.216782118353044
2.755903670912282
63.27140726340475
50.2601369014728
55.75800217536131
86.57843117172223
87.47830721673552
100.12191995076581
94.76023383407212
87.54251195200217
83.06214419875843
96.30671332754149
66.62856493492336
48.267487135981085
78.61419627093946
81.35780143656268
90.62465312590882
72.31626480417093
27.08521925431889
76.93952740685177
76.94434895433855
40.952593596655525
62.30870867514189
41.47075722450809
82.33992580231379
70.65369459045698
70.29090723261233
42.92756300313527
93.64779185990925
90.78044943334463
43.300493846375645
13.216760846365453
56.82069154344318
76.11190960344064
60.8671721671472
99.55717464092085
95.25513847295115
95.29492008479826
36.72991645285207
82.01964048880265
64.94456995792721
90.83592132616779
96.61877691385452
60.34566505234902
87.713721609371
91.01836340005615
95.56781833931825
67.04058686132045
97.07223814824616
43.19004008425538
50.553409851325135
71.38718461180751
60.91327370483263
47.820055337165854
39.966803955403954
64.12321835364354
99.04534814204067
61.45473939587056
76.54621597811686
91.88597492805991
53.324775101080654
81.37462102988994
97.06766758202997
56.54230616699172
74.63563134575509
80.33969071546026
62.912928307623176
72.36384907499414
65.15493176943731
52.04407763273327
80.22524383540534
97.93789122341305
51.61495991439435
91.85617282233538
84.58628561287928
84.10476194211574
72.03898175587503
65.18483616001032
61.36565968644825
55.00833792240315
57.703909452977356
26.225808973424922
46.99506134207551
23.885297250637002
32.60208240798295
86.17456486445771
86.86709329725814
85.06088240538614
59.885947521582644
49.417569870740195
45.16851206776518
46.64926096700919
98.7563753198665
34.10608866945462
36.06826153571797
86.15400665962186
63.25003501377837
91.5486204528607
78.59764003717046
33.76618404583419
22.6453196325004
21.2495473266411
47.58078632445996
8.19618368280605
76.80474122859655
32.88656158625715
78.63278203490553
29.63098982592393
82.71518584830017
18.585271362585612
90.49889528154658
60.45964644690046
56.61474837757996
22.59983337506391
89.11645880420511
88.49314299451083
85.48082638711048
44.07264035285595
91.43436774607444
78.14482445194183
98.85828062019633
64.79012118191112
99.51192086842782
89.84916219377689
67.08074168130774
79.42104533113483
99.52376869759284
87.34392637692058
67.03490860869105
65.56832811911704
95.56239404115881
49.41679711427588
89.05626135603396
26.377133326062413
82.95325507264144
95.88872494948919
88.70155049826445
71.8496726058015
64.58718621888003
73.59059751134744
36.899972985915
90.11196382621848
80.94641626980246
46.91583691589389
78.54441021685923
64.19219483231379
57.88247855776203
64.33010948160701
41.465884454240935
89.61412035267313
73.2807562540075
75.5093600034962
76.00516015292493
95.79621335640971
skipped
66.31234190580412
71.71175746898925
69.04252379829306
86.54791008078774
42.97110070732959
92.25146065428098
99.59594773958857
85.15421419179368
90.7259829990337
95.72937723715681
66.82965778341536
75.09032763592336
97.48456398512963
96.7704772196684
95.18391683968146
99.22775690021258
60.86271337136441
58.61832859411913
40.696588887799884
90.10342025268582
46.42290656024036
92.75342322277999
23.397364995432287
43.02959518800372
44.79773723569632
84.29174754748448
37.58211537571809
53.23872206798321
59.559696089298285
87.48704595734183
63.31292042136672
85.05245319401138
21.22827030369024
98.42930415841123
85.1101580149924
87.12381872966778
87.195532854691
68.00446627691674
88.81084367940522
95.92841380705934
22.77493349342174
89.14830143441309
81.75657630199257
97.07175843078494
67.91568506214183
86.20514103729857
58.26845605793286
63.589843603798215
94.94565608084459
skipped
88.93544207984489
70.76806542142884
73.17640150769766
20.364166134163444
87.90376189673195
54.900067956982355
skipped
78.3443804095947
94.52654419945542
89.08958401446527
74.97469591316089
83.16519996416508
13.915957846356228
62.08235876767321
93.0522985314881
64.75147647248224
63.355101859676935
86.78931497986952
25.216650878059454
46.66946124815884
82.40689794856462
30.22528967373403
59.416916974063575
54.35488559028714
35.71138164891389
86.67881881137167
50.03941080144278
72.8957824080717
89.61119352825446
58.1701748535855
93.66639632527325
99.81490509780757
65.98351100223925
99.60734178989702
80.46505375310835
56.063524932899305
75.09073472779258
68.30994770961537
95.22093527945144
48.26503338768001
65.94848524210548
74.98413857075138
90.95221175398717
88.43120259305678
30.03263709586992
59.69815138461126
65.46622950667174
70.5853769497037
85.42924444058157
77.75129261529642
93.850844117076
84.70542420332472
31.025229780385306
59.381916235599114
47.647940206295075
62.2970929331606
89.92843501920372
50.433239449044216
98.9237575865246
88.48368167726042
32.9129926633114
92.89373203492333
73.16059265460414
98.17667337841499
51.60190069597133
93.01927301103588
58.37822014896567
84.87800661105057
81.76550583303624
41.8595994523756
51.19365985093315
59.737959674943305
87.90946627104003
65.76236483538666
47.99707170539259
94.1774324024396
72.31104459950807
57.59319272873336
86.62415465266191
97.56075110662279
72.04315520911986
61.59674159566652
95.36700526495174
86.43817697554978
90.04606781086177
48.32926034883012
89.86073289666149
50.80665710743454
86.5799583814084
24.090831175955973
76.58201695462517
48.15131500863803
45.15317267846812
75.1109959573441
50.66968813661762
79.24042525173687
62.70444121759014
41.03314926961412
56.50284452397204
33.50872108968214
99.34535676176053
57.72994352726451
77.17604994619298
99.7204795984062
29.298245080450616
85.93876819695328
86.61522361478983
13.199148709464009
75.59387357538044
34.71680813204314
8.313594015501836
93.71408269112435
94.14521098843137
46.60125195481775
94.92824583923986
86.2804352646476
82.72481878622023
35.06315764658866
51.430663886834424
31.48867463356002
81.83886345360982
33.07879682025954
92.68055212338851
94.01610466321736
20.793993418518212
36.671464346246694
72.02037320917603
51.521326543829595
84.68129463338433
66.61737351314069
97.21217262948028
66.0327608607332
83.4247648332846
73.49602190376791
72.14030308610083
58.9557772326613
64.3467156903138
66.44705734305653
91.34913327707811
77.96661377299766
61.79309580010006
98.6590739524754
skipped
87.67940371492445
97.76385954061456
49.94619802276408
45.71543251161299
78.04848456372108
67.33871941298017
18.31663954414252
56.82297881862429
87.44380728833515
38.67309084356089
98.6898947082992
91.76433823389019
100.02053882553851
90.13463384822133
51.30293334330789
91.52638399723286
50.687996475401576
63.85894400451589
63.7851494366132
26.542493336081495
74.09883951465905
74.0767376713742
60.07712220483735
91.08152913437901
75.6919871884417
79.13673003111472
48.41448268292356
17.888724017317713
73.03289806102082
95.59904001868553
90.81559580719826
78.68682494186122
60.35385071213463
63.680774579517234
28.944136976840692
84.12345171270522
81.75891326833356
94.93509910293211
57.52717303895887
52.507502571434614
93.05774830876686
26.914193896173092
78.58004445180323
33.63336345742215
84.6528026304151
85.97108258595745
75.05790713808189
96.58913401577524
36.85527325272974
26.187431906396487
26.60610213503086
98.36005147962582
49.9059175575475
91.53676340805391
57.911510725580115
54.41918349385057
76.04814521948961
79.81926995856027
46.42500830630302
69.30032267305786
94.92387457897043
58.81924697591201
31.090188743332256
99.43535789885827
54.46973732565501
76.37775462514719
65.73433507679897
92.62884744435189
31.14915216057685
51.755881775946385
81.72665899581818
86.96042827359328
15.150541964306662
61.98272298791023
1.8030020737358086
44.30431899237892
96.6168350331502
81.59781521649558
74.2102382443319
98.21413224495736
83.62818808664919
34.57682288588983
99.15182095188086
90.8695877036453
89.90728367014923
86.98806163259147
22.344097274971613
32.02864820822659
60.282170702386175
48.80193766135259
46.996767752951044
77.30486134601809
88.78897257500805
83.01018373908101
89.96869575974766
61.2065265563261
69.99880458162271
8.381070981387719
44.20178757383279
72.03939985963625
69.33098155975017
34.59455164174684
40.43040726417535
89.46738086060228
75.56131624674283
77.83233788125227
84.27115313777439
82.04256614777894
64.62095119712498
53.969741966271954
92.21257434974765
68.91592322152012
76.84519275133358
77.25588590659004
skipped
52.328936144677776
64.11552719372787
99.32381837149298
47.13326554045071
44.64222177134992
60.68296846793908
85.735274434425
77.45563468051638
31.445067040107528
19.0563327478509
72.35262584489085
51.707056991734056
58.13410802841789
19.548150684372395
70.52644953958958
93.16971074160816
93.33881968698384
87.02214134535684
83.91125985003454
61.358966226516
92.59634074560871
45.03382720763213
92.80426960004031
86.1834298281759
87.40069355619046
93.36691354977087
38.030517025226295
72.57093882590564
32.21953679778415
89.62193813644197
95.84092634962049
56.804999209107876
46.81532745008307
69.2090878919655
44.504005646391015
73.3254848392449
24.183878517554206
88.72996051989043
74.99354988962482
55.1853885831476
55.27489027560311
31.513634710543286
75.4858352433827
53.29047566420116
79.91860747006457
76.15235829140049
52.832276624139325
88.94586476061002
52.514391378646174
99.58702268454154
36.55470568908361
98.88483023311693
97.7322872800908
26.07739619733331
92.78539264323622
92.63122388357392
83.3562590036994
69.43715992904977
68.5542610882925
65.83927824763023
90.01828446267893
98.80705236202265
50.238213124023936
81.26860517103644
28.693588957185018
70.15067123970866
74.56799545666317
55.82107250730846
64.02897738300544
87.30754332411615
86.81314031292678
87.28519808823538
99.18053913663003
93.86121562214964
92.5592340777667
25.177495074987508
62.40340074000678
90.23514223034257
83.78083598579225
46.71493093858355
59.4630115117443
61.242407569986185
85.1929749233878
52.94788539846519
44.71139762558597
87.7918094256986
57.18669825750416
49.45856318085244
28.463927438948495
84.14824313563363
50.28283784055955
88.00235347702537
79.36494147248524
71.08085014567676
47.272152759364886
skipped
83.22833319198521
skipped
86.47396871123291
55.56635658181966
90.69886140158619
78.3684888344153
98.04665696060538
99.33474306414269
55.15698781014495
83.27310389383143
86.12641789406574
74.9514594633107
93.94316541083379
73.21120475816075
78.33312095335296
95.43131962199259
86.60700710814042
75.21160939726374
94.69888504934266
35.39982607139001
21.525602726638574
79.57441225127081
59.03934843354004
79.06772372802699
74.3168797374692
90.4025051657207
44.84333158359267
98.4718536551497
29.570301331627583
65.78503818571961
51.17522643202262
79.30649084173531
93.78977037745258
87.32704190518653
85.67225672450438
59.4300775624553
59.48292471534061
83.46392383783483
96.40578590202466
65.5772263504654
93.90851860005752
95.21506148567582
70.96244774221967
55.56374893316797
53.65180697249682
83.29885067735282
89.38874707641334
87.3168242946526
98.10012914919645
60.7917571355419
45.614762116438
60.927163249921186
56.001113870905655
93.40418924183308
37.321124431847664
86.07131688785495
80.59954838841351
83.51892523226842
88.92948463244672
95.0541111693566
69.32386934632957
81.48627448551835
91.06863791230055
78.17011434796352
54.70972978196745
94.0424957666014
34.98846523848261
65.30260705246206
76.42773200241405
97.97823786365267
60.56362263621974
61.5871990572103
76.93686718297997
55.01161163352313
93.20273946483984
77.87807576295118
95.07163465689607
38.33409076951854
46.66864871276632
86.1164724383371
61.52173315157263
93.88254670989409
99.61337140240013
60.342952165709974
54.85600427928341
52.478606147787325
100.08155903619411
91.56320434802
93.98788472424577
46.10517793472864
80.87650212740863
39.66683959581777
75.77731046656254
85.16392074568242
60.54802306293133
56.326332459828805
95.56693848182805
53.99512414429881
50.79492275612352
97.1742773575159
86.19850573289258
87.07801822101531
89.59291921830778
99.34775568852767
50.651303690742914
80.08221094067437
91.33063940325565
80.67495878189489
58.97753030089324
69.41779070715899
89.67179440930403
61.025147911122666
95.93817628280465
86.94694069366797
68.09925446973911
84.4291028935179
36.665314900760116
76.13814388618502
86.33529233201006
85.19488368817302
89.95937743086647
25.463246686710125
40.73983523273394
91.95161085833327
16.837549539482982
98.53168332001925
59.44085424056269
33.754712297698205
88.88055643729588
49.13949277192379
99.41357529527899
71.93318829848059
55.77068004965054
42.873037467874646
44.057190062848235
41.29983366135716
81.56068159252152
46.59505658207937
44.398043604078936
17.779096015799002
72.02435902872972
56.30760418859512
85.77892871856073
51.67226899763026
75.60097995436514
69.92050182700736
52.41134122270867
65.11062267760195
65.75113389513378
83.75723278717639
52.25465625055399
44.23107548044308
23.802862490124717
72.38037773707617
56.694127756270504
94.40309618051215
29.571429170787958
64.34706336631467
46.42110504441818
96.7632347361743
13.021732816021887
70.74031871331454
48.63136667171174
skipped
77.04218778592329
66.81485387414217
25.349147740687684
86.13086104049879
95.76535237666538
57.75926357610742
41.263666306413
60.51623657459172
66.51464224406737
71.82072662765975
60.442443108029906
73.32231525191072
75.19118616449565
84.05156755752368
97.17505327338806
3.537780234745415
44.3039440038937
94.78255351593526
89.93084594143785
91.03686496348834
68.67517624247174
93.4123181952509
72.10265656924851
43.574580310702224
9.067961572965837
81.2936044665342
84.13435904037802
57.947755669076905
33.47776868965318
86.91176852986882
90.47486956655186
74.58495342917216
39.359642139727185
26.17413563822251
88.07854218677055
17.594000243655945
64.97063082581155
80.52791323945226
55.18955695931621
97.20905120973624
95.20671563295515
41.73727733346734
39.17613733834597
46.98201956396645
19.782346830567207
79.44449042916541
41.95477708700141
88.63490593792787
81.1809204058364
84.43372290591147
80.28308969082303
72.85991504471741
32.82621290842878
29.8671213349669
65.55211228730998
66.8276331406097
83.51556461056138
61.2696285678578
74.42157047515758
13.131022615068495
78.60227528000647
93.54088180309662
53.90208787322364
66.3150254879641
73.77921973653761
56.86796842815145
13.471796908949749
81.0242204250588
91.69916345399248
81.82084206464717
72.07942944213
92.77977260018903
91.32714050542148
86.76306567247543
63.324400554310635
98.31263181781513
87.52480742721043
21.432340946007738
71.66695677100192
40.42595259767255
skipped
72.28732706565354
31.058609578369037
72.19646828151845
77.91150259167954
19.593363303983594
93.92896426767865
19.541739340288455
95.57692388893491
76.7791604104705
62.986408043290446
47.4866842776822
99.1766647096815
66.81506130338053
63.42068831199053
63.89668374208176
56.619130237521496
56.025508947457084
28.34293443212877
91.17652119467742
97.72913660640421
94.477280281082
81.7489531787967
94.83443843133297
88.45546608516099
56.24700290871053
92.95922586230212
94.95121546341056
85.66180270373718
96.72662915565391
65.36765503259488
70.88131135609798
78.41699638664542
94.51664012698043
45.64627161619303
68.2520276239848
19.634536895024386
84.7382428015192
70.25863923033202
68.61513130009911
93.50477313188794
98.45577170015872
57.16585944246095
68.97647321121072
60.955201940365896
42.41347127391826
79.75648802690023
72.69904572497911
66.4778598091298
18.228066777146363
89.55635520440413
24.476530178566588
60.879584496436784
96.43553151974535
91.10332228288243
79.74730720438902
56.68245796282042
51.584434436408216
13.163930969263655
66.47161847751154
65.56966210668757
45.84480435433529
96.49278119653455
97.03958816322609
58.89176709522034
75.24628830577444
73.7756464813442
22.34676289791443
73.42996828311911
85.57013386700282
54.701303989435026
55.52586328654047
71.83178256511827
67.95273175366597
76.43646191392388
78.6636398846784
71.81779148156276
61.55535407740788
45.13618050482926
26.795195633583404
63.6761336038147
74.69850019361957
33.5461863923122
60.26760448902996
97.40964801554841
88.47016037898915
57.19597148055833
skipped
48.57307666824228
62.94100756250487
98.76707276008439
95.20670500768077
84.43017820091188
55.84086432402406
48.60866353711325
90.2237653007324
14.765807325842635
50.530628599153445
89.15320878812372
99.45469056255185
50.601241803293064
45.81712945259541
83.33205785615017
88.33651640843593
67.41408478980505
71.22229459831269
64.76123082334453
34.77222168283211
87.1014610162348
79.96669438652405
89.38978622878693
89.37383328925141
46.49007015407113
87.92452404558425
53.160960626629794
31.61825034077523
67.00113127338335
81.70457920553572
87.80542203423114
99.53035358413956
55.74347621698235
78.21189130351524
75.1290589090531
30.72857841692414
29.865347687055696
20.972163235814282
64.27929559810923
93.64546901929698
27.306657836469434
90.12904529925657
76.76341818372103
97.91217282087703
81.51418437703576
57.997998043035395
83.10009415165048
95.20066552338389
72.16324882065561
67.94017889770784
33.212362257885694
39.74847666108977
94.06760112447976
59.87327438258047
68.77607480477843
89.27112592260296
91.87373943213301
83.08537434630668
80.48312725662441
53.34703889344439
58.14194250983962
82.7453594820307
55.18450165399942
91.4865643973721
61.46888792958816
53.5923983135814
76.5476425448192
73.1283533241951
60.12020181857641
84.27365768213261
69.25564090366832
57.576537067553446
84.35664118753303
48.47790610554458
55.15021872323715
75.92831582620822
71.26466495589858
17.294243748316855
72.79572316642601
75.8456137415831
100.08135619361406
75.41251970953245
74.3257680845367
90.11828452682394
36.33166360082658
77.66424300388833
95.90253818628909
47.259083375704144
75.74328058882365
75.12767013319313
60.296782733652684
64.89345752609793
98.03320575489803
75.68382268512335
82.05853184959417
81.01630706847628
51.50790633129128
85.91830277293771
37.733357956013855
55.481088252892135
75.06874260707323
77.11428811777967
71.85096808530619
86.09724418132599
59.4924976482459
79.10085872746001
28.730530749271793
19.29987875995091
53.7389749665728
59.31206765774472
68.12390400345079
77.32948936716434
88.88590119370129
93.1631006061051
87.78089522669212
89.0097201809515
45.1188312251178
76.08259679320446
71.74737563757166
68.94382738693609
71.07934167753582
37.83448680604529
75.86734861407935
94.80702440760032
60.11222080052812
93.64583717377765
68.11205750988866
74.06076848948281
44.10639183837828
88.45688588250016
81.7473981302823
65.06605213585605
76.89938546787259
54.48684218481939
85.996702832406
92.69372162560502
93.16599564083631
82.94311877054894
35.90854307104615
73.64829361482127
18.688913908646423
30.00472824938273
69.46321184481874
87.37400815983453
90.38248889899704
58.316984026407226
50.81189298838597
20.457802253818507
99.59324368008711
16.09683924428675
41.49119550241846
56.70351122938261
49.44439631492718
60.83625418557287
83.70554238911058
57.75721397186008
99.22062279798492
96.72425291045668
51.455475662239216
81.67502542252744
77.72836590681936
68.03209532302893
91.90157338849242
97.0546964915622
67.53941117248932
45.154422881729104
89.00202604084518
51.5872824512891
22.2856194948574
75.2853790030516
80.60924371363868
95.10791691695276
63.69140802155995
99.13827723792201
86.74117225542524
34.12287402335092
70.45898470355796
78.90963907786144
35.58645525503717
68.03243658766431
67.48452907399779
61.919179717391756
96.81676028522905
28.480947990995734
87.24670394768542
49.78503926955489
50.057556364704155
43.8709396706173
97.99454791878735
63.79597974411432
43.83435354046781
56.085864985570836
74.48931188827281
52.348880619291904
21.95348878808837
65.30824647842003
83.82055424307627
68.01145986182905
87.29623329490613
52.02821854665331
58.73378138326779
46.56224827706121
90.03336443213486
72.10157982699037
74.45489739320357
17.47780298220058
85.32868733631994
38.325307280478334
35.56430443571393
79.06995791846427
51.980804114969324
89.74547045670738
71.00103859099342
46.423114534882316
97.91179444986945
85.89773137267024
49.91417731473133
50.52668185524679
67.68985850988095
99.7848572362496
76.62199167803897
94.3745065133886
80.15770843710207
47.48653177975085
83.19351348291733
42.73559792157631
97.85328115578731
83.12953427551862
47.92394136070717
50.372916770406874
78.49949599761834
89.49766697527049
94.84391663738462
82.65396396593783
89.21332225352192
52.61379386207338
31.30480817232554
43.729623006525756
98.51120324639021
51.16128722381405
87.59587544353387
64.28843515171381
82.01660891890778
90.2976167478761
38.911864676933604
71.70207241988162
97.86885343524881
93.8072118927354
79.60977894612934
75.73195656379976
78.7865580214472
34.875083503397825
88.77501669418952
92.92694271582465
36.28613593632929
44.95882269182265
65.5051415305271
82.99317627113479
95.21110039459343
61.918105641493355
60.237690022554354
93.22962309632592
48.52596583121915
92.61122668905814
97.5862020430557
95.31261838247941
44.80488162824139
98.67194629895822
84.8414924857561
73.93162079230805
43.96790286821121
87.56389718250826
31.53019899424101
93.95771663728566
38.68849428332144
91.1881985751226
87.02486107414146
58.7447455789043
97.23644729665043
78.2302272723224
98.72286548264081
84.73523582500947
51.24345118427096
97.47005824274513
20.601246066746786
68.52617671559565
76.32688331987627
22.877276651754595
69.29581925631497
55.753163464429775
67.02569368203471
80.28260140286788
95.1261827286281
79.61166628690933
71.13837005245087
55.23727162237737
25.246131126682354
96.64838076656329
91.339608726653
65.93665753013788
86.10474340006232
60.48321479481487
92.60665396573548
78.28042904216895
80.57613678798232
56.352899900421974
67.71077918332622
86.07489372286284
81.37218518150735
80.79798800922771
67.03920875346138
41.14865889177231
77.53574910725072
7.101320331502129
90.72392749262175
86.61457962144519
59.54697930574325
77.6845095749521
71.73488150619423
74.61738332714933
67.09065469735565
81.4898357194713
55.27047868452373
92.29631694315268
76.8324615999812
72.08624292717764
69.21742459516639
83.4928980340509
65.35335391819338
8.258255201304335
77.14273048072079
92.35771302385527
88.42079128847622
99.60830187144589
46.15372079600987
88.00557025597507
52.549473742750706
55.01855950222606
90.37490148529001
64.82478431937528
99.34981783320801
56.479932906638076
54.817786341647064
77.21032748753733
50.42948654304362
75.84803301482764
88.25251444340158
93.45355585290524
87.53347062650363
43.277061238921775
57.789270657461074
94.2201244924327
76.75737123102809
80.94965457039316
79.31391231021583
68.48977270476819
79.65129642130223
65.7705559338684
47.417130650738166
35.4508975728728
69.1013878859833
66.09631010363758
41.97257554224409
96.13593821823109
72.52395830523696
98.08653094044274
67.79009293146596
97.50851000945858
68.55308437115072
26.470978592729054
53.15396117526987
60.68735817925309
76.6336745395506
62.25122887004405
99.27124922139868
92.21341685801082
60.05694326894366
98.11792050391898
78.8147060793309
69.24914290953208
93.5861739298768
96.8259250532128
46.88590349848228
94.97547528753479
75.02537837676172
58.40401031920784
70.11987373537922
89.3267107788593
58.769663729302536
79.5974357276635
47.16792600084288
42.31601706691011
61.647293358004084
90.17756502364489
77.23453941963403
19.23673213935373
63.86102486291485
71.2586882604763
42.062944756284274
99.34093660536278
65.37768375025655
98.70770463050373
73.81272416242474
89.44426268821142
55.61384386370527
83.47054414046978
68.69132871542124
92.37341244769708
83.02687695610139
41.130877874637726
83.88660900349433
46.85708388996037
86.39356810554304
80.13829319312009
43.69905493352424
73.84718824004098
57.89368832108845
89.88564192889967
73.41992680236852
78.462655755222
96.23051819157321
91.125724584214
52.35399316239178
35.550413479518774
71.87419463132403
85.4516369669351
15.18523688822936
67.63334721306411
49.23018856276167
99.70333991983222
85.94713814034644
92.11765893422242
96.95216081545858
29.552412049820315
90.20368604721563
30.8395334280996
45.370294948158836
95.62839934293935
79.90941332268335
52.19585770988232
35.026341211506356
93.01443178992743
95.15866359308403
67.90859032243947
92.47516093811424
94.01483785557156
skipped
81.57794883582949
99.75538787008058
96.69023340510189
58.085906623148816
15.69642151102402
72.75960108923232
48.92627214800505
41.66977513218553
63.25340189999064
88.9382086722001
93.02928402622162
49.758549167556886
93.07019628879317
65.43277092183905
47.329047131320934
97.98312873264844
92.85064494590941
46.62760207420903
84.67484397798452
60.63608657375813
54.509935723826935
8.489783666815242
94.41456929330433
16.533338470771316
13.724177364465074
99.39801443181133
86.99275005907849
86.08711894011292
86.39293054569123
82.48940960661382
30.584549256855905
37.65490274038721
96.43135567736782
97.888621639599
96.33729494255192
53.12805035019581
85.61274105586753
96.39091476782292
79.63120772807163
51.46714276614785
49.04055287836201
32.7647248636769
80.19807978493664
83.99891094571389
48.99130732399382
33.391674087822935
39.92102611581906
80.23349027262803
74.1176900248865
53.05843550003281
62.713537084051126
78.5479333129631
71.16778801921211
38.52047261778238
18.014980810521173
98.09425952938629
93.18935015831462
72.5507917442757
68.8096265859109
68.75357898142404
54.58994732396127
76.73218523132648
58.87231840984367
49.2926922550353
98.34611100677485
94.99781654109984
88.71159161597727
39.208892542388455
69.93476616638131
68.20919300670334
94.92964757173544
20.558793814226192
29.68775103660017
50.93885231539087
59.31614794133975
82.48305638078837
37.288798505920866
2.041955608856343
45.301340533742874
98.71353391744945
99.05049272111373
97.4633177704426
71.1530740360501
90.00221478180889
59.72813366560206
52.025049033477096
86.38547927153334
50.447547933968636
85.30337961991405
91.933179579926
59.49939501531472
99.66853887326931
88.64908217303179
66.21847817929319
50.142608747913435
69.53482035060189
93.65635883739735
75.36267559929396
70.07945854876058
98.40570436890256
66.70275056269597
64.49788705775457
96.39792840631402
62.997225020026164
22.16614282132977
85.97144560296228
89.92315886329983
39.78347546324973
51.796753217805175
55.495890032836726
38.8935574850846
81.2075514048423
92.24655612860289
88.37183918563595
94.8537234228531
76.57538961583322
97.57896011218025
99.17818227261809
94.58744011942555
27.140960347051376
35.05140036343771
63.87275244938968
70.33068196425761
34.796059095979075
79.41065010151706
51.82232379763361
99.10202821078599
50.509287632031594
86.10846173389857
49.12229161769451
83.10017646724592
90.56333734860101
65.90238268625664
82.39529383048567
65.5431966552968
68.18917445108397
72.11744625494028
92.95641155710048
60.408789332965014
80.56352165937051
82.90163672715066
21.698569288749493
86.93848756397813
47.17539444664856
11.158957411957447
72.22012203643132
35.98796291281218
96.65754177714022
79.3386064398117
97.68651311415331
98.26396449613821
58.53833148539181
72.1097120535337
33.46415142402624
78.71968598388088
76.02895304531029
92.2081597713158
46.367808712090245
58.026855951166596
69.76901107580933
32.845031014493266
73.96488689867219
71.59316630748256
87.91196784656634
40.90914891856
82.02724262309029
87.65564892368913
82.63982161695667
25.050444956881474
93.79982320704298
52.193023129613415
26.932326515963958
80.67188926493762
90.55219609047789
96.60999926502376
23.92693439451323
99.0425717291509
57.248691161323535
70.3763067378124
80.71017631693964
81.28646244586692
79.66290557146583
83.86152209415299
29.51278054106959
87.85180720200245
77.85943355584382
55.27421221328922
52.83486102388174
79.62784646110774
88.45418624744389
67.1516668825858
88.17655402417172
85.10594798198402
73.0973065743825
39.99610007241769
78.59482281238506
97.51303738720695
96.02583567713536
27.08772002220151
94.9870305873843
85.8550932204716
97.11540934944547
52.18803534261186
65.63823633730516
36.182391551822974
73.04385546607242
25.651498808325105
96.17710190527136
75.63171152302014
81.39545892401945
46.448303522520575
11.476890078466177
95.6150261126608
48.71940721818515
39.766879954367376
31.20531834682626
98.02466593666472
98.5872406788108
84.10704864051506
92.53092777421415
59.63216062294818
87.68798216751445
65.10533304188554
40.30910660747652
89.26153741871684
50.725375768067295
43.99189938934883
90.66694937693568
91.56235974081541
73.4768465352003
50.48426019335972
83.58514707401409
32.92438311648988
77.99534170249102
26.637570419192357
86.68195654861202
26.624987459825213
61.6013280870523
82.9710305785857
86.16341111643564
31.886718763481362
56.62135808516557
67.902978228708
92.008989489902
46.76197191647155
91.3164693056218
65.53683004880041
63.035000569280314
41.57354953609018
65.29861850678425
28.154089513025877
72.3303184867658
74.31909226126558
96.23141618136951
59.62931699346209
97.35177326290837
77.29421922924521
84.10447658883065
51.09664379785675
51.832648133238834
83.19143498911771
89.13773749845691
83.22247129553065
89.08050075382428
72.34705097808086
68.68897734788301
47.139268160958416
89.25112391330966
57.771018495126576
93.27690094204638
67.07551771900931
95.53049788426623
76.28285410047742
87.0595549640211
47.750530405033054
78.31772722071118
84.54452353759493
99.0589448332479
83.95805089956296
95.49828760527312
skipped
35.957346183992605
88.37907404867904
74.94012961329193
83.42516127088994
95.24768346786003
70.52712624754162
95.4793013432818
90.91638889001696
61.58633095376135
89.39098603575253
30.306095508092934
82.78339405892527
30.243611143282447
79.27092465132529
90.09756886865507
98.47428970105061
40.5585044596979
97.23185622738875
42.56968594773841
74.7661305753857
97.02382743549835
58.82862402891269
76.48383858838531
68.42138339722798
62.565522800796806
65.30762838843951
74.98350207181699
92.21218074887356
82.8206961886313
73.37091376761823
97.93372508562393
34.39255936835222
98.28832312215584
98.05023429143131
92.11930204138757
53.70502831720847
26.036599142193353
72.88589895269699
87.67205391858498
35.916866811777176
32.01415420924848
64.30202860445354
90.49108526490046
91.16117388881388
80.80731804193196
70.0582518652857
89.2268106702145
95.1528018019415
25.353583695928315
23.64857314540647
54.73970980964243
81.3499979344631
82.64864415066617
92.8523592179905
63.39048052247827
91.11865191604201
66.9085072445482
69.57994314049336
98.0078548129755
55.45364210773676
66.66173459599891
31.419792834864985
67.15804697672128
88.80724642263957
57.140519664093134
59.53642188056385
54.433967009218826
87.90043639197067
35.827471620826614
75.6030173064838
70.57430552641364
72.41066734552184
84.61989039147541
30.491536527117745
64.39475775225469
85.83899028823407
61.91160902673217
92.53100426443895
14.15253817502728
68.44368511747126
66.75816025373967
94.09238296186614
34.3663267885235
1.6842731817583911
43.66366752928724
98.9719739959499
84.98408999495088
76.99221295784466
74.47956600248975
45.738063351320676
84.20260127778157
25.464801945744092
75.84882280811952
45.36932851231234
14.76605130101299
89.61068010622013
26.1606370052228
79.1023782422644
31.076346063274855
85.45319729979447
32.67496135810096
98.60500362075786
86.63792975913478
82.57131592221896
45.90911433286864
82.19510414677147
94.77225976852704
98.13085658801013
60.948810966446786
85.98803780716503
95.01415518682366
76.37584216717337
74.88192017308559
74.59626919619909
37.24748173467054
77.64017858925398
skipped
85.7286904274217
80.2875496345597
60.18995889305121
92.73639433260244
88.14579535675387
77.23796746567076
59.87855303312796
96.33493873136705
97.55279933912168
99.45292863012794
84.59701562764091
81.02200768682684
61.063815013860335
87.50628820394816
65.39149765138784
96.87905454947845
57.79091317110828
70.91378800247647
80.68884579275205
56.368966866162886
74.98495844672506
93.84445034577814
57.25543246502559
91.91738825300912
46.937061688189935
67.55028058978263
67.75479453003318
76.78733947828334
40.94116075436072
26.77898897720609
54.81115717477979
50.44269877220176
90.16652237813592
9.930487399975421
25.729791338265443
18.488027358569116
67.34224995709602
69.91528435039163
59.97411442889615
94.20882935174673
78.69703792216782
61.24957904122094
35.02232417569662
69.23751371082436
28.6160055039205
54.29791966144909
61.632990240776
58.58907469946339
76.14761339779017
6.303510229801995
39.798039437472646
87.375517696618
61.19915084533672
99.2945332768089
40.47268471546279
71.15671078406264
51.02960035422339
53.075244777691644
85.14939224657893
78.31155967692341
36.482409148833206
skipped
69.89499066613668
35.78850290770825
94.05045980992449
35.738159415140714
28.606383195226517
68.00516465440974
75.94606973058333
79.92168144080539
94.26696294617638
93.14799501840783
99.80599538006963
60.73619012443863
90.8526067886193
94.12262392781228
74.28126868233012
41.06653652382328
47.793745191659625
29.66076730385781
68.93335006391288
48.12094223801673
75.52126447813343
78.34339220282453
54.062139631080974
49.02412220759729
94.86215983787214
60.271972116447735
55.59880469267686
67.1089933036488
48.2649768907638
98.99944630566526
37.10252750339852
15.80646748111918
51.68443336092495
58.881541828865195
73.70042738065597
83.11013134303766
96.38826817215681
59.72362222860028
95.6004330673108
72.2062306715964
50.79013570894358
74.2112219371212
87.35027125736755
23.252699898950116
72.76882237992952
75.07828230116215
55.47823780970869
74.41406716886029
41.23865465069402
87.05392731183203
51.64752562071105
46.56305017356133
87.55657130554522
63.75105950556748
87.76972122810281
96.01798488628428
64.76636665471585
85.02799393706901
9.161544319777558
24.660740814359315
42.56735046604827
64.15520676534616
64.4632326593951
65.58732266033324
skipped
82.23599373240538
61.929046878239355
94.40461693193477
74.42325027555796
97.4037133873603
78.52487472812899
63.084628559438364
44.41020957792971
85.19344155168685
60.58635258328064
88.75925980094951
55.429798974875794
33.224830614228786
27.580392247245953
86.49379037553857
89.26572948640681
96.59660754343919
80.71489617349636
96.73869862753091
51.385060283121256
84.92005041905132
74.96765619940588
97.69654110918918
24.887341960496897
49.11598932067523
72.53835476392922
91.78808807402311
98.5615028690736
60.2379283672444
58.285045608765486
99.4671585428472
63.80860226375736
51.768725409997984
55.10420193843654
59.55747009989563
82.37756952657581
88.65944893172475
81.58030167896051
51.10507178128225
83.33683401458012
58.444053102797376
79.20285944687771
62.94190891345292
71.52423359841004
84.7756718652191
42.73015487336
75.04223792460813
68.42105575598156
6.310582422203918
24.49036122086273
95.79451579600672
66.75056366770778
74.96362039682852
91.3573787607031
72.00702018109453
60.419186048780404
85.12908967659187
32.051846818142266
51.5814167907132
53.202048981607554
62.282712677378505
98.71227468493086
47.92434943268712
62.85794397349047
49.42670732010124
67.36953542266575
55.011607903347375
70.57189446845338
53.81678336549931
96.45422197136088
60.3170081099236
84.746931052261
50.583124332357585
74.68083409433046
70.32636048393496
98.5435779787655
89.15286591562932
89.71367265191866
57.256679815030765
78.43540447813703
27.0512834583505
82.47050025334731
19.835790103166087
70.57564666497973
15.009338158639117
66.23957596940751
75.2400483293177
24.171409594489905
95.06970793500436
95.21268736413647
78.87539947700476
78.19219207822013
97.87547107432407
41.49632978979442
85.77261898866863
65.58770698059568
70.88945549948801
16.990586565347986
86.4104186492451
31.55245350749293
66.03100511654822
82.6412709646386
90.32868534959677
18.63339329300263
59.53638454253089
76.61713515607475
86.87866045277714
92.51585423265016
50.55072962531601
87.58208000499071
94.35088525810205
92.70665313322604
75.36810206810806
99.90486696684576
75.07926184724462
70.42446693431926
93.37795584364751
45.96900150540837
94.45180515060099
61.57122114976403
14.443691394969317
55.81408501946946
64.94431064765116
76.12809529869364
43.63774777682408
57.643084285825374
95.97706449810003
87.88507722684415
82.36332304854375
71.93420576923526
43.456044703770836
28.20723545533328
93.86218789484867
76.81545403627334
61.06765309616755
95.61177926313671
27.863438646886465
50.678618344189566
81.96295462827261
