1.0280295346133377
4.5966531373225905
4.683850510118879
3.967545504097035
4.9418517893032154
0.7594347545481436
2.9785520968637935
2.738266784332449
2.7443392389690304
4.35541331934326
skipped
3.5653846182173976
2.725182077188413
4.583867206276729
2.389013808850683
3.1395160720147812
3.105654433987248
skipped
1.462452953514577
3.4802796647459333
skipped
4.231993804287769
4.479309865186549
2.6300777864234566
0.296589731823489
3.4777558752919515
3.0201271766601554
3.3501853321504274
0.8354324242267115
1.1932668374688373
3.403892765772621
skipped
4.563349054508772
3.949961449922162
2.0727646899460743
skipped
3.6799549140558683
0.5971886625249121
2.7380090615442114
4.558983838654959
4.773149742092566
1.8375253199380555
2.8020412010867046
4.523115604419741
3.8708097902017387
skipped
3.1706989105335928
2.1701716382522678
0.405016312959907
4.931982379298299
4.973932722861946
skipped
4.482592722855863
2.8053287583997064
0.42259191397085555
2.1966544034142688
3.40723945214553
3.227407784021427
2.1242516713673156
4.239612426795568
4.0066227579585005
3.9699670068138357
3.193552221908553
0.9411194267583374
1.8652268938655854
3.602959182182008
skipped
1.7356805114922806
4.842834713825046
1.8098941187232032
4.741339278446804
0.5917147402684381
1.3320234048746047
4.2293613514862765
3.73101282344974
4.204112085624431
4.908625714127484
3.0073404009116875
skipped
2.430653593149471
4.793316240114592
3.3271922437876293
4.599849881930764
4.098215877814085
3.1477919016977114
4.049119123342358
3.2355912264503655
skipped
3.7224507235531483
skipped
4.550749137505912
3.424118290592923
3.7725306904640656
skipped
4.252836076119832
0.666674472301066
4.430410155497218
3.2052746878590703
1.7203840566060657
3.4834370601873004
3.0618340612722634
4.349466696058872
1.8005295898328444
4.6299628278914335
4.59070129701386
0.6913766547721335
2.4402771899663627
4.451609976368864
3.2464087129715615
3.2254013077221635
4.92257994048677
4.080916123099651
4.929808595896013
4.48962857594473
skipped
0.2957703841609459
1.2485676415584777
2.1849187139531083
4.63441880653812
4.625919863718491
4.984892592084846
2.088234098852498
3.260496964894463
3.8341957316973576
skipped
4.122379005729104
skipped
1.4824089133322198
3.343039426049383
1.8358711007510677
4.586664993367394
2.4258516336878913
4.066936404768342
2.77658968994224
1.244160224364239
4.706727587028132
3.2380447371329972
2.6673093233902483
4.7390499781809075
4.820247324868801
4.694216976465846
3.6442645478497786
4.719508870027047
1.9432696414396198
4.784564274441604
4.2413985441415525
0.6337468255778034
2.5316103961436447
3.8249987046335123
2.283375544502536
1.4640200440100684
3.5125237206474345
4.384390350198138
4.560167726144865
3.10451855524975
3.366448403685501
1.6664501444274333
4.263078883110296
1.1870875408842332
4.494929672744243
3.282810995944149
2.728782427513672
4.466325060725352
0.8719904128106108
1.684508780795807
4.289242253998305
2.860858510350927
3.8016294839410145
3.585213435469867
0.47197250555948106
4.278231411064641
3.3053439952775623
4.676531159666732
3.089728448821922
4.2883792563857135
4.363485998819411
skipped
4.614395487149793
4.545105534600886
1.8823696365365024
1.3771553680305395
3.385883332795662
4.259072696275666
3.4854265855679887
4.303739502664096
4.636200022547037
4.492954244341623
3.440575084141593
2.629463047406998
1.433800398653509
1.838479046589733
skipped
skipped
skipped
3.3515318999237524
3.860045815712694
3.262743098218768
2.2382265495540086
2.555664567637182
4.2351608616557135
1.917217611114644
4.7663914380402295
3.678919223844335
2.5378520767861934
3.3677078558928564
0.16214195978968185
3.3957814495450465
2.1971045424131916
4.39808731677297
1.4425582042965126
1.5961306092332828
2.409919342617839
3.2840873592075104
4.094426917776612
0.8603026523543826
4.985896230261477
3.0417374758060056
1.550304867621271
4.245350369538759
1.4389445356055923
1.0892501927480955
1.8120109120800656
4.251030919105666
2.0847986839695984
3.225682507563546
4.455725865063451
4.952469541601411
2.5688354059557974
1.3415910171574303
3.345760727745582
2.7396696529890274
4.009075257201764
2.580030510004724
1.1640318997884072
3.5016596275589613
4.623165743508864
2.2608358029859237
3.595040075983919
4.329234031455454
2.162333572413267
1.340315974728694
3.7060922729539487
0.38667552248830905
skipped
skipped
4.792497845276957
3.488578142380874
2.018293828748938
3.236354205363482
3.660722949384103
1.5385260930815094
4.981818502178454
1.3901897197944062
4.393628272461686
3.141537490559544
3.680138600605765
skipped
4.612229246579288
4.802160595496625
3.6774363572312603
4.024261243531233
2.060136964646297
1.5926282892853476
skipped
2.3200430080670444
3.9111546832294906
skipped
2.6825927111388372
4.1752188703349065
4.245967747756402
4.7290063698428915
3.4411463015998454
4.361580124998449
4.242272254280908
1.4362485129269824
1.8858935877798346
2.009138620271187
4.373947518461965
1.8580627615942504
3.154908712231798
2.292299056534276
2.368215738498362
2.3123500284355516
2.6173094931132628
1.2672587508120723
0.5597064323375435
skipped
4.636712436667321
2.7416837203589566
skipped
3.732532339960903
1.6015856130356463
4.945613356530825
0.7763791306198558
2.3872439490923845
3.252249311700879
3.2107271326646023
4.4638070528057545
1.6990558018863902
2.6687418325082626
4.063093226841513
2.2091712657470346
3.5568398679568345
3.2540341565610484
skipped
4.842257476663405
1.784289880347926
3.9997119668788574
2.668689896743914
4.511310229196665
4.561131433829565
3.4559968447883307
2.415284298536513
2.1395731415171717
0.2425570393164561
4.597017674788321
2.1330055432092716
2.1554138228766826
1.6929973150817597
1.118734483128654
4.657289471746329
2.1318640888662768
2.059442973967434
3.478445097390171
2.524823357532275
3.905842419898067
4.707805808875994
4.988719264077156
2.107565958934497
4.794023826505892
2.379300502264446
4.338608825201279
3.047046919943516
3.3873093828878935
2.609778774275663
3.7530976906931355
4.018306235466007
4.591444100816687
4.632180694299256
3.9883267156971787
1.4874150181585517
3.144296367935386
3.914910821744572
4.701808469676315
skipped
4.5379179370571165
4.322788727351044
skipped
1.6071364304509896
2.986179449309547
1.2854056461369658
4.916131245929176
skipped
3.2694274153398406
3.1954440524327024
skipped
4.923515205575946
3.926350570221902
2.75891152959088
3.8872902292062252
1.3734108293396394
4.707291043251434
2.8496351710411822
1.4536903962640346
1.069467392602095
2.580260228684707
4.629951990588998
2.0291237545559677
1.659083923056217
skipped
4.64251461319983
3.211057006463654
3.6463369418177902
2.782960782770893
2.527424134810936
4.870584753776237
4.2267755526534785
4.8357926233245445
4.62977777214754
4.624194032881724
4.43609590950039
1.438949759697336
1.7052169673089104
0.8480160300776384
1.6495494218767832
3.1008788829738774
2.788793669033825
3.727597852500451
2.6136769224479335
2.232488236298593
2.3414681739010317
4.403221150712057
4.624265515804219
4.001414261488952
4.240357856699367
4.7265807991234805
4.244191218106831
4.464690616471381
3.8285771273014135
0.6691182801460785
2.133018398684988
3.944588951800259
4.339235359478605
4.208140503953737
3.31820116440441
4.318749872374661
1.612920689985057
1.9924379982851326
4.209713675990899
3.0826229918527206
skipped
3.066537974991006
0.8682407886413831
4.638991594171777
4.2149368429175835
3.9735819826059213
4.632605736696524
3.122809816818223
1.37697113482123
3.360198248140903
4.939675153595451
4.8095523821704536
skipped
skipped
2.6760053280411107
4.0496989949561915
4.824691614055068
4.137805632218203
4.137645574437316
4.959088029251387
2.8556261255092505
2.4112008369096904
3.880991988883981
3.7249279281809584
1.454829203668225
3.4334529074408633
4.7720609620808725
4.255292509118932
2.1030757638267534
4.948616950226189
4.55919292990136
1.3830690770789669
skipped
4.111110784035568
2.0743720605084865
3.600571556801462
2.990605135966657
0.8362854293395112
3.3309581021623704
2.9438036160475054
0.868971347176201
3.597387507085392
skipped
3.67414428256438
2.182566125664218
4.9020448730531925
4.799787116826504
2.374910279181111
3.899507354180203
3.939607819562787
3.6956467689755894
3.82075903396051
0.3889762679035172
2.601023864564477
2.4773819766753187
skipped
3.4335365680650587
3.90574964872827
3.619098597067802
skipped
2.287795959653707
3.117370001071422
3.780762279673157
3.251517597704893
skipped
1.7916026972621206
4.928391666762891
4.316931485250899
4.605754836528064
4.448693138584747
2.0569271422555806
3.8323968385055442
3.264343817014864
2.6456482218207302
3.939421730963569
4.949405672118339
2.1502536605499984
4.659110887740039
2.2515027239396863
4.746248355351505
1.380418821981947
1.8142995001003661
2.1768582791603857
2.5042610883106966
4.698664990181977
2.6077224530261534
1.947008442362852
skipped
1.9885101156748226
3.2517877110444013
1.3019829556815383
1.5939119145143406
3.0127867089179805
4.538768721126925
3.675175751410905
4.169446856638492
1.8457728915742346
4.632924495026715
3.8721218910657966
1.7300455322547477
4.534316653407657
4.77037509758894
3.6977433721373325
4.5971780737273225
skipped
0.856181176249784
2.7944644263843945
1.9821126344836437
4.183567422978212
skipped
3.113060493653586
4.652187851770913
2.89584583132092
4.608241490053204
0.30382233418073706
4.10494521523945
3.374243507164185
2.7945988351574056
2.1971366050432737
4.858823159786387
1.4788474666165046
2.3548643257224335
2.737515314371507
2.8423138421947205
1.4122825263865086
3.7607024366444
4.12843787145688
2.7030876820831677
3.5096147764010994
4.195666432967187
skipped
3.9624482844764426
4.950853409009479
4.059046206137087
2.8650709925588504
3.1645313884998525
3.8707696275267094
4.756205028423629
3.4734785002498025
4.42755941381059
2.9384187583219497
4.378801361904287
2.1874932407095193
4.646420980037371
4.73951879559186
3.113779648598261
2.896832100876545
1.9238986051083733
3.974681973642779
skipped
3.491320579705494
3.915710681262611
skipped
4.64878855914813
4.646059870478487
3.116911899712948
3.6562822818453786
4.485137578839649
2.587380552165392
4.728072300977885
2.3728109886198014
0.46853733977531714
3.564764585800683
2.729299061200426
1.700936447685789
2.2610930696674147
2.0390092678732716
4.246802182948005
1.6803854561708569
4.90044327747597
2.3353104883295286
3.7423113967427803
3.726983449580063
4.813501681661988
2.7277716458494674
3.5513862064529254
4.650744911990051
skipped
2.5140040886198496
1.445996006731058
0.9647803907385794
4.433300482929588
0.4721082657796762
4.2402500865861
4.177330329146626
3.847269076778261
1.2325357924263174
skipped
4.087475971557858
2.441150383645257
3.5602951868640953
2.6300283757162006
1.2687107161805495
4.899850981732451
1.1876871208034327
1.7115171369430622
skipped
2.4936895743947063
2.413531609199345
3.592346972965813
3.0769490299031133
4.593115598908501
4.768183555021427
4.381070185826207
2.6347376697819556
4.8385342254574235
4.917400204189138
2.397883661789589
3.6467831500839654
1.3486341405370321
2.1025919535671087
3.2717796522798617
3.7552037280877397
3.5250243429821055
4.280379984102123
1.57437965668515
1.4544459565226846
4.846957406328672
2.47039056512497
1.047128561448952
3.4584714738479705
4.835326244318046
0.5760023675349556
2.7309953540291976
0.7059613652157283
3.7906460375967006
3.9873306313974055
0.6792709243055555
1.898650146150242
0.4856469379430397
4.285675155810781
2.78642061596366
3.4069504559809722
4.9359038484077695
1.1595728687815614
0.7662356708010732
4.9790364153565525
3.3992447039102713
3.9871595633971912
4.199948739936933
1.1561446750806494
3.251624641015088
skipped
1.7920426526745947
2.6008935409029377
4.381822587345568
4.953717550957691
4.484290107484596
2.781254651946555
3.2518682175775986
skipped
2.344566931899027
2.6447977264695246
4.935864767754484
skipped
0.7711235481340082
4.7682257106638355
3.369550662358365
skipped
2.9414394624643094
1.9190581520525718
3.6659126236556774
2.252964590372167
3.4964720339962354
4.772314084989457
4.537810148502214
4.847470098036354
3.6432812087032604
4.373430946525638
3.306509116384714
4.859541452995168
2.719803169888883
4.400388066538422
2.4690703095532465
3.343046370311039
4.026919175494443
0.4718452256083276
2.609709016854591
3.0051044579284705
2.099647152062459
3.025813733055596
2.431163301715837
2.711021923981603
1.986178225776361
2.2049738716278844
4.580088400996067
3.898305914899896
0.9778859161800887
skipped
3.8698335969468936
2.0010014384732644
0.8294048466086886
4.834324012399086
1.4019678024140665
4.086193672593342
4.905388903264716
2.0863581684427372
4.625915696291554
4.5861448885081355
3.32489040039901
2.7297490635345567
3.7964175679374077
4.5287105217097405
4.1037059009295485
4.4938730217609555
4.976997474486405
4.072397057360284
1.6616612575630036
0.3400288679877872
4.963725584993624
skipped
skipped
3.0371946916900483
3.340513897079613
4.219443803735105
1.9446472756490194
4.421570184775921
skipped
3.473673341013043
4.69470738562421
3.0592491297977404
2.620449488862918
1.7819397178314835
1.8318356910907672
4.061173652133221
4.513653746538446
4.845557903368777
2.2894507036120304
4.5872211957278815
4.866142538341032
3.118935038043169
4.324521106517522
2.127777420670133
skipped
1.3503873494837064
skipped
4.1940101472587665
3.9154718776033666
1.7592181835591496
3.448733519949676
4.046856839374064
1.5423780701784064
1.6166010492464098
1.4927563173988152
4.739543846387601
skipped
2.3599812952331347
1.5919325515081668
3.7516346732796966
skipped
3.5598096009686397
3.85828279704709
3.4654607363464267
4.14039071105677
2.358299912711762
3.294153705147204
3.313518838174177
skipped
4.331319932646801
4.566282645377849
4.383319513405047
skipped
1.876866798293784
4.214346485834123
2.061411984583214
4.156505665325616
skipped
3.294157156629009
2.909429665427397
4.391265786864118
3.431690414656135
2.6668897277566077
2.840506195099216
4.940487924409164
2.4770472831513324
3.068633819855761
1.6679909464656706
4.8767298736328915
2.078817853390083
2.000633188382884
4.768419799736302
2.334014070454475
4.846700490970232
2.671748369835925
4.949654722238968
4.35806267681783
3.5437333331729617
4.791282909478449
2.7671019076998573
2.346407122078435
3.1112258668891806
0.7472719296586837
1.0154227774850806
3.51006505372704
4.894744592313804
3.8138406909366487
1.8054499662038224
1.7193337230025962
2.836360007606954
3.5576672842211807
4.4339135045085465
2.8838277393333884
4.705148003705959
1.5902594872399722
4.010360173218629
3.8210864834133513
4.177189034543464
skipped
4.8969245526879055
4.75742027774204
3.959695985989348
2.2018082966432098
4.830580665659934
4.066957304507513
4.171282369392624
4.616415212920245
skipped
4.634953214164739
3.434273964073448
4.254722354965602
4.5303987224669235
4.772023670478969
4.064625025012245
skipped
2.6035342420101686
1.7031572709738063
4.492201716254551
1.4137755379483843
2.9884495061670875
4.886166224609997
4.559958362539978
3.138825624084069
4.9732089048139505
1.7450645874028743
3.4506363120612558
1.9954894104240577
4.013332803256884
4.387149277557178
1.563694761400031
2.7591304730958655
4.971578095396714
3.9009154425772152
3.978225457821576
1.854232677180732
3.263795769107608
4.795449852652256
4.6872291716495615
3.0821173637794868
3.078514447141424
4.893797621176829
4.193825603525152
3.5799130271444946
2.7196736961181203
2.622595427874166
3.013086520625979
3.016712220318858
2.9131571707344857
4.302975735681799
2.1535352500365623
3.1636524649222393
4.759448195488902
4.301860387955687
skipped
3.1896079218762483
2.534866003034213
2.2795695296597898
3.085507488629897
2.7672982915339888
4.930326924985077
2.184748540719109
4.238827092015512
2.993758054021885
skipped
2.1001389689113297
2.131942859064523
2.7189737760175277
1.819471201149127
4.440273971783955
4.267855695553879
4.620517546873211
3.1486359128407106
4.386956140807799
4.533924423411101
4.8034812443443915
4.536890185576038
3.2099115751422636
1.4662740267356784
3.4265218383113436
4.203627984263365
4.2664645545644655
4.2752584435879655
3.695428592375885
4.636269606273559
3.5782247351250343
2.317239634612902
2.61437516868042
4.434848097222216
0.4691761266363851
4.866290292489791
2.8404519699041737
3.2873493507785287
4.402041658398326
2.835052987305758
3.300168626682968
3.994837559093256
1.670342367900644
3.1592936562556337
4.191748358733286
3.8338784193122715
4.332782544493636
2.790925217744149
3.0976339014080843
0.46135463494062773
4.3616278065171
1.0030808998903997
3.291595652899343
4.3521163309392
4.678999236841254
3.871165227982746
0.6061582353139117
2.329735335447587
2.8465596995036564
2.8136494441757844
4.329421659074905
1.958999562014454
4.801250723841773
3.9947165516939136
4.976630947701089
4.229760089937714
skipped
3.6857957611106973
4.656365784464908
1.4426933418641736
4.185642733277583
1.679983333673977
0.35157561671169696
skipped
2.972822447895495
4.373186177049642
4.7697401202737115
4.944567759013315
2.7673428696723166
4.671565803958486
3.1033322236699203
1.9280097872500013
3.997213123072835
2.306166307721218
2.9184240739010843
4.143164710752905
3.36478192645309
0.814066000417093
4.9856077554221
4.4707619047396285
1.6540235942171249
1.4553721788210645
1.8951354817909776
4.756527254131569
skipped
3.2359937852612557
1.9029177907524628
3.598370111315558
0.9592170484380239
4.362087492593512
4.48470003785584
skipped
4.200657894783676
3.308508199414128
3.5474193438085493
4.6854740798182535
4.8904218468908205
3.244155611501136
skipped
4.635161752373014
4.121267687564131
3.303061661181986
4.443413018240598
2.5556333519029257
3.4549185400689364
0.4431074012885448
1.2059296582303958
4.055427211651968
3.5007427003172884
2.966779413752632
4.711003390402716
3.439891446039078
3.229803062578913
4.533372887118367
1.1827919394435926
3.4818073290043072
skipped
40.130254271728916
54.59563150311667
54.327512844347744
90.82329908932734
47.34503812942321
44.725659991500144
21.3725175014308
42.69298249780299
79.3527925230013
19.859218244442047
68.98549614329387
98.25759461875784
84.75025651138748
43.1824369791815
99.02512644038134
71.68880156340063
68.75474860473038
68.34528336037452
55.47333883179909
67.75931428336786
78.89567873362931
68.19289882628323
80.44600411535254
29.89245209410807
skipped
71.77696817065667
87.88258052720863
87.12192555976411
79.29108522435904
skipped
20.15186406178247
61.14259039280808
99.19176409627997
22.45030394146976
63.0301155531728
56.656198056986625
98.08708919143544
47.985509161707085
76.16821296073712
94.55192958685156
93.23698854440272
84.51219590104341
98.14560538540199
60.21947422298441
72.48592848336806
97.6960109277537
62.979095588475424
23.0331965348906
35.68800701779025
90.17625017075173
99.49803704342912
99.18005831646441
22.50287461561984
41.62334749191075
82.73626881213879
98.27006930337801
24.355658147579383
54.29045020109139
89.47566055666854
skipped
97.13491589235507
78.4446555422834
53.722764871211425
70.25221090431923
64.28590355721147
81.77441056089631
52.89141606687627
56.594432598768776
27.056409886143484
87.20458361017862
64.78941649813649
53.11232218552202
96.92913751042691
93.8814680774662
76.62397759334048
89.67274545219455
76.31614533282614
60.76585374568024
88.16705004166167
88.72029646637975
23.872595980333415
91.33138342053378
36.57757768598313
89.45873035091502
73.84219141698128
49.25941534901304
92.23068422264019
68.81712726302334
94.10686280154322
74.69083107329088
46.05759493336984
skipped
83.97953652477626
48.239099526009184
98.96096857183484
86.33458613986787
61.71289305787494
85.11108784884853
28.03008416939944
75.63635039643873
39.3795806928782
skipped
86.06497707048297
60.807470433689524
95.71152617746286
89.15458667254737
74.8237247880766
80.85264297771809
92.63691631014716
98.70361563827153
44.915980851521375
79.47399904771109
56.55844795650845
84.74885776494999
71.25810605459434
66.26495677134079
54.35241686135419
50.64338001035488
68.4415607989635
82.00274134057727
skipped
94.81307175904352
94.21852846415752
29.24434963552796
55.51354216406036
81.45229695672492
80.05923165033093
53.836859292215074
91.26232739717163
91.83207123872282
42.528494104364306
96.64656401073444
78.24632521081243
64.5884017145469
skipped
56.81023197980499
27.959960471701446
97.18095293161475
97.06695478696452
68.6418531932229
83.26600738468105
79.5456835904555
83.9581307053008
33.88947635850759
62.22366268113906
94.63448418252278
56.015414637744215
56.28654457451446
33.68627408466892
58.94894671098091
70.98601967550093
69.94770797345755
67.8699231218091
93.03076971855198
71.73432588653763
68.32464464506953
52.74405329316964
93.537187950981
77.85081881207448
45.78823255221304
80.41720689081484
94.73473005175937
57.06775816715421
77.16304970333094
80.35259086910123
77.03856013876774
81.69979915953873
56.32858108592724
77.06981588277114
33.122306805962594
60.32411292139145
89.18314100230492
86.33900366025112
96.54811407180905
69.39267228143244
95.82281807655806
87.26739606047556
90.77012812197933
62.1098879875259
78.50423888941913
88.56591077371866
61.523176491008655
81.60673955589648
64.21711728991139
70.71717427083907
48.030831665550835
94.32669632906675
22.204803771799675
91.6909281806104
85.13354961009836
73.6624465002605
38.61327619605914
41.25272676398796
75.77352705370106
65.84443018324632
99.53287864372483
46.120424264170204
53.21483937862319
91.38261228241903
90.16483316108695
62.70941874928574
89.07675018839471
84.42447827976882
89.94590445058562
90.86859490341048
29.517290809323807
64.4214174376388
94.02172492767528
5.255615499896935
82.63723704080289
75.80669897657565
80.03890191674407
98.46636726038227
15.802341629336464
65.35077459986051
48.55588244969481
81.07365611745904
98.14624581206954
22.477238925066853
85.913366349689
64.27902131404082
97.07683979986672
75.44346817590748
71.75385452436277
53.6546856426573
66.75998425151863
86.7705330417345
81.94039284829184
73.50888855833006
77.05562230693722
skipped
70.18861229678427
90.99875844866585
57.240271970250845
49.58438522650615
88.43251890443409
66.19110958038743
42.11466223804342
74.62925590909569
68.25813720720322
skipped
35.02875851492042
72.67172595762688
83.47931603737774
52.97883937749412
91.8881709366024
47.29185184107326
96.93929991129909
73.18098953654315
94.49070057032172
81.39299772218095
29.38198208874247
17.104308119072687
37.48178559351709
67.21654707701592
80.26694232801813
45.06743024103991
76.58841685344912
85.44634378770628
92.63819459723713
27.734870194023436
84.71059856004766
82.03379291776677
43.48427837996945
85.25261393301216
91.28202803608953
96.62675194076742
42.16597102791067
73.76698630719976
76.63648444170929
73.31357514963415
60.71451766947669
82.80260648403004
66.65461384871536
61.90515991274909
97.5333292746021
34.015222600888784
66.88317916868495
54.65562055325244
80.72054474239832
94.47283908746988
47.19783261378399
32.206497344418466
46.6567105889686
64.49548604700674
18.26155437469567
59.65506612917906
87.71873569160839
71.81600047205967
88.29424897087958
51.73796574170909
skipped
97.46611385317948
43.6543889296985
92.1919192814057
5.644169551723787
79.74067444836074
95.39074134051582
43.338034613077596
28.446180672946685
63.00219000861687
51.071418387340465
31.836310315199327
33.41469242362779
77.46699900478161
21.02906166415434
94.02736320634729
54.9166714854124
78.01144998791091
43.3655634455376
60.182896692513204
54.258442786395
76.491573445108
31.99318780151874
59.550685636477866
61.74909137379554
skipped
67.49135410122148
69.93751706233483
skipped
81.03481315694451
62.26975096622614
48.719193114469014
52.08969593445631
89.3106364330871
61.593336748917764
90.82080660014108
50.980692860864636
55.22939129070819
78.86778063636652
60.670584417767785
91.04252038997474
49.89249330403683
48.896114882441296
51.64350714972525
63.043758147334835
98.39593007949505
41.29672396483647
34.00581267231931
36.43203659183137
41.72956164358634
75.22544783883444
73.78827094505233
46.87851084397259
73.75287179221175
82.56799639190767
3.715073205898678
79.09242120424177
87.99643666372735
49.98323689678314
66.78462467975804
97.5353846623275
31.83047995333754
55.99310253611705
79.87987087463469
28.731440961511982
79.8489798887791
82.01597864756123
19.32125725878837
61.539809897773324
57.74422335106041
68.90605624701112
75.29056535480609
33.22783034020433
59.08241314676384
96.60824221987248
38.29837229225732
87.26320637278774
26.862791663396163
55.82771868209076
76.54586105189897
72.96918743273794
46.375882442521466
63.47720450056023
78.84675694603061
52.277612434178685
92.87055747819174
63.58670743991685
70.98472294704666
79.58437219372088
59.074824666060536
89.50575140856361
59.229503749185575
35.66270195392647
92.65218773666128
53.18842609996544
83.43719327942
82.6797268326553
82.09334091720854
98.18380791057035
84.36029791235197
78.2468729088784
36.29415761460512
67.23735830306984
42.11696682506971
78.60526227576084
72.80296147989478
96.64740647147619
92.00361044089136
64.84018251087477
72.78603432742474
63.10481027598599
86.8796404618061
55.97417356769981
86.61933917961174
95.21080271984388
91.09706102219205
19.713904671604354
84.12680034312743
56.60920023345695
25.081158638335346
59.05991966316416
58.06035667727143
61.084546869841866
91.32449530537357
skipped
97.78257994859828
63.054554459872186
65.69512953025892
72.92024629711665
23.488043819553546
79.9912649320643
83.51208013498915
78.75672708159141
79.7069840941581
62.919585918378715
33.29982173749396
83.41882385189558
60.91834241864364
70.11915995642036
85.9754040723184
83.13064078831873
96.70721889539357
49.58990988456041
19.11101215790019
94.68296503346548
19.02253911308531
99.26876193427314
43.944822063233715
61.72096957249126
18.990506623799163
96.81570967118083
22.385544206967044
73.36357512002168
53.426477869206906
19.907559209061862
76.378433369652
67.97860937009138
81.71484305788587
84.89507422660074
skipped
skipped
98.89859204942262
56.99687565650942
63.99154053038436
72.7175140872782
81.9730219665876
81.4970349598142
82.38441207542756
85.10932609553132
90.68267312232412
95.22942355698497
30.527823189392148
91.91005150858945
68.69137795158616
56.91492641353024
79.09639263247085
91.4620285141673
88.08067690146113
10.924431759398264
73.06887997797826
43.86300558223857
28.309848862546904
59.303716855717596
90.37832363632384
skipped
98.32153150571685
63.62095602521278
95.64769188522483
82.65351282725435
92.163348140001
82.07510108439627
31.287902740309626
73.17173236636464
37.16820737753235
63.7524847523287
88.39269803610999
92.203805179149
42.002370769676794
44.24950001575706
skipped
91.17254024783816
94.30939451349289
63.03847749470408
23.723753787395456
48.662646186482014
80.81398990025603
87.03745455323869
98.67406164300506
75.29856717906434
91.32563892556415
63.55093007484858
32.41684962157507
33.94574862897008
81.45441777228203
85.92289046430818
55.26746009485737
57.74370919206378
71.21480514667468
52.0322312729517
30.55522902673929
80.36214502985607
16.925336867909234
27.97322686480167
68.91010615377981
94.12686349874943
67.2933945579308
39.12291102712336
54.97288598383624
68.32751852625617
86.08306229174144
36.182014374080595
81.01406270283663
47.254694170794544
81.68053531801566
41.38800345187184
39.878199844242445
95.56975979642161
98.15882751471169
78.61872921253534
70.6112787223237
93.48047487913001
97.38521746930076
87.53044038813373
47.5597147198841
47.59789096693998
96.66884869472895
68.85533434175971
52.94257753730449
12.766526671676825
34.51913853065964
93.74760668134506
42.348015720456736
83.84005956308346
78.82440616764086
88.65793451863352
22.188616763497492
73.59292422360214
59.97374975646275
54.08710428301148
66.6518381874045
87.18747777752593
59.99889697468107
63.34594101228901
86.13170339617359
91.22119352086358
38.88142390240884
54.33180480189541
91.87105953652653
61.71822158217447
48.46840886066088
skipped
74.12047843185792
33.547915328052966
54.18710201527953
31.20476160904116
93.33450263534648
99.52895815735965
75.69581757627641
29.2702886116062
14.757548013446623
88.13229077389167
13.931970545160485
98.20742249650196
79.17690853137782
94.00423313764924
90.93935221381636
68.31061251222563
56.983861792327104
18.130875884542615
92.1252262803566
74.2232632190424
36.86816903451459
71.01245785529144
62.184655350837474
58.19612718135399
86.24964402487582
61.69503102583815
94.28121725556451
68.03755728299183
68.62792827965298
55.95946907851163
93.44505586072688
62.669034125153104
73.79135011699033
98.8930255455255
55.043642450912635
82.80483947295012
80.11625003550999
88.34149042562413
13.204805904447582
88.4589641897417
45.35102811146068
43.1004215827027
86.49564093793715
28.11228453033302
98.39020848264666
42.45426373463624
78.8290499756996
80.82321649008534
61.73466830060812
90.05642629459007
80.17273906214821
58.42051014910912
98.31699412268362
75.57848930917046
56.94816720431378
98.50461533828137
88.30443053039033
42.59538938697961
86.15698385535599
89.86983538460908
76.64223638444695
45.672885994121366
71.298671931395
73.78110486955441
21.583749446189152
31.106651825992824
75.25022764243745
73.19313665103435
49.24924221036699
skipped
96.74819999268472
85.75234264510956
36.027769432114354
74.95259496975102
73.61250061785722
60.65766691576893
62.96493165904375
21.50126213125976
94.17823818488098
96.79306770786152
14.476065553213976
27.157362503925732
98.96469915649566
51.558146272920574
71.47722918831349
54.18774292451384
21.186500580483422
84.5998987980322
52.56688349681857
99.66568933884226
87.8270988594178
83.46384144172775
77.48804820668528
51.17563011510631
20.72400157731755
50.84096385955473
93.0454593907022
52.88058335706948
68.8234848377708
56.70671646154516
skipped
97.85247317059971
23.40920909674975
90.72746367622034
46.71157657645675
86.34877804228755
47.534783962978594
70.5883088364117
64.50948485098758
97.5784029343159
93.84476331356345
90.75159144663822
51.08028248285881
58.2914895666324
92.77264972414379
72.78695332517967
74.46088550442592
88.47978805640929
66.17431314201754
51.98020544641582
53.68114479937092
88.01724684997522
99.63248068386571
93.72206935046604
skipped
66.98809447953471
66.37199692734286
53.67936236551864
42.56005283245196
87.16581033756852
91.06479329231679
99.49029485611372
88.19049207471008
31.514820418000312
94.98640348029285
87.7767692050824
96.77537874978543
98.3144767524151
60.87454159398899
74.12624066510342
57.97724879486202
48.09500223780928
99.02060552376635
55.21235124111702
5.295042965641288
89.14325458448168
98.60638411726865
37.22377124851481
71.72808334301592
48.399339555310306
42.585008490358746
skipped
92.61870508294751
70.50774705429353
96.58226541880408
63.33186996820632
50.607761729808765
54.79335865640986
85.73017011039121
80.98531394504603
96.57053821043593
37.33290052787138
39.836421890358935
88.54164549220654
35.6651681370367
81.92880394497843
49.90020229175702
58.09096589073103
95.41258045630022
81.62339855848266
91.84310390938353
57.930217251659116
53.085616411846495
85.57036495835352
86.80897264244024
42.37557348510408
66.11369975396464
96.26574319063644
33.18134264830971
90.87836190581898
71.5479084360489
65.1844143563671
87.71220833565347
32.13663341190846
37.27148656242975
78.95641783320421
69.01790374462142
10.56446089812294
45.96479401663427
79.63323997588607
71.7212193950034
43.82142857998994
41.62976797802418
30.210762144073573
94.12515612856336
87.04130145970724
81.98114572955996
77.13549305625006
66.38507002980712
35.89591973079518
54.505203849259594
63.00749193855643
98.69128052257747
90.9275866877793
27.79181327293651
61.014431136986275
87.31407097924567
68.25027100577375
85.4502024209084
71.50721517475043
98.55278264266565
39.074995914435426
28.01262030946846
98.28865369510495
83.07374329550932
13.741510049334456
30.09411709828945
89.27759085684133
11.314142644659443
93.93934400203803
30.904792963620526
90.70619209059663
89.04464129065016
85.24550244907766
90.51753213442893
95.87804640031484
97.36325499220901
13.535844836638045
89.96196940156027
27.410781391077006
55.509206101003514
76.0650068364174
72.2406050789469
70.65922420195146
76.40189684391135
11.42574513832214
95.82654061111872
37.08781953856179
90.10336747551551
60.26432104857817
88.95692981632743
67.39848234322355
95.14484605226424
89.90319541208063
skipped
88.78560492724841
91.79948227265064
18.527622529434257
96.49246389380356
45.541691709276336
68.62045740432367
65.64604245055922
80.90955072603742
39.06402545644019
66.00854493985344
78.20102186949316
skipped
70.96960746918742
97.89594972250215
62.01799467286129
81.99470069768024
84.84233501102423
28.705469944724513
skipped
88.33448351928709
81.66990507280224
skipped
96.1424710899562
87.65251567695718
64.21934088028326
76.69388092695783
78.73372950031208
96.18432703607816
42.54174394499464
82.19333054441782
90.23570775349523
91.27346355017973
73.23416156775235
75.59037411362131
98.8907651611871
84.16869588435236
71.02381136418663
79.32748727752104
80.93673060151174
97.7554369452046
15.446882328216777
75.96420075202148
81.12111691346672
88.43843729415879
37.11616995389328
34.43051143070197
63.89137058384605
62.857243482874836
86.73396145595854
26.18795085454288
43.33000678204398
99.36360820222892
70.10991176619225
86.2083598491388
90.45599432078346
skipped
85.64746128196828
93.93574056955369
89.89649760656364
70.04484185687951
33.58142454868072
25.285998687051652
29.16799905032216
90.23055253522885
67.0580501984875
73.40395639068397
96.05847979783356
54.66446541687881
76.68126306558854
74.32763927381987
40.473554658013455
63.192660408409296
99.17248347105594
77.84083067954974
74.66333913344332
94.22887555910106
skipped
72.76381469931043
82.74808946382777
91.58462849027892
skipped
93.85295099068871
51.59831735420124
88.58971874261796
92.86504260128154
35.56121549995706
67.53098543778282
88.5312537877705
96.54821639347537
70.89479334591935
27.069275288027477
100.07287372037453
81.08336379704637
70.6444423801814
skipped
skipped
99.59919691071677
75.62933778135827
61.559018898285366
60.37855848336949
15.084127209669573
47.58749133700094
84.4671587150426
83.7217921442829
80.45918284267411
88.56727893347944
63.980477598648584
47.7565197351326
59.691870116795606
90.0744163959202
64.77857193758251
27.016852194668658
87.7385046966546
93.75840463236696
24.189404160295354
97.19253027702159
62.23085756633681
80.99124246484685
50.18550119368967
91.52754936432375
87.68464897556655
90.96308304914423
23.340194184617943
66.18295723009146
65.80406830179655
95.04139758581758
18.430556230785797
skipped
59.56808796718146
51.3251891988
51.979648070052
37.84371468972026
78.79289663413817
98.7269148131217
44.822523642394195
97.4498155626004
73.19218046382377
46.053506620984294
95.15204393115069
70.58884333360331
62.868060656333846
96.98478507686546
49.29394948557758
97.46561411473945
59.46482820521618
97.42674965831874
97.71371972269407
73.34533376905635
69.40413815976957
98.46770629312259
19.063055371391723
89.193240544894
55.675959752659935
49.21458785566713
81.12915453193565
56.78015710876893
90.30339744926081
72.11813821160646
70.62418534439793
99.91368560965935
4.522928490213312
skipped
70.5373924736979
98.18779243377024
99.40557103780762
79.87842982820828
90.3532408956706
79.30190858964943
46.07826500943127
98.34369261372504
62.97640140162569
79.28416031540525
95.40787732021047
73.36269828145645
70.55308769131022
85.49791856032337
50.3144200283553
64.97713161843647
72.2338200906487
68.70124651445319
62.906538235559715
58.95100912253202
71.71561843913219
33.484969202386324
66.70630032134315
51.602565007797004
91.69249792589176
86.47346435258251
64.36142595257796
31.765112202856493
23.979653564358753
40.57958490843455
80.64789044108994
63.0290008842941
46.03269029649399
64.8409160417634
39.562752532146526
92.45027506849098
86.5710640121573
96.6189724671917
48.53194736915535
56.324978511889384
55.5019393654479
72.23885208768073
66.27782124650719
88.40958049686799
69.11721083706207
62.55320678171456
43.50767321843206
62.29782399689729
13.470593986869787
48.753261332941065
89.46646423896824
15.713976029307053
52.72700195134669
67.42412063978334
81.6517556699943
82.49415368728047
68.39463215938535
9.74513665552693
82.54278401252293
33.28303390961946
85.07157232430428
85.00602610719778
81.15293493785042
47.67653717429471
91.49393058498094
81.78274270459549
66.78670595857292
85.1080211253896
91.83051667841366
56.94219787171016
88.39868695874979
93.53680276691709
68.36276127618822
55.74063782955624
26.173136973587695
70.32570961246432
88.00884236377635
64.82573527997468
87.72905204966284
69.88976225884139
44.31741425582893
88.80158393538454
52.339362440885964
93.21308470337351
92.46173549842143
60.86553039661244
44.64026107664466
47.340671448080904
30.158691902595574
56.32769096108505
90.83099094003504
90.75012217414434
79.26587363463172
96.67356697933411
63.06296539691252
68.61140150364504
79.46393858897248
94.94489877375675
55.54733091209623
90.78532677845946
60.51383323103079
93.41004926397734
31.717409864578894
92.60101512472893
3.5039284435868976
86.50834753487203
65.14618558646227
34.62076380969386
50.256725751435724
52.02370473800641
73.0531811956058
98.24143946934905
97.22836363798778
95.57450069469529
46.317647435941986
69.33052368251384
77.68103826841171
85.02200339506606
48.25084827674248
30.51956542821853
81.79605400857935
90.21140661761758
94.30627864302954
64.00664412094335
92.13162889100163
91.5094755271775
11.437694892953099
16.985325489138123
96.36577607637578
93.71874005209395
93.58965543531835
66.27801831881214
92.38249514995154
32.4129847252088
79.27651328867273
98.88676222643521
55.657502652492006
89.89461946920089
44.576352922884936
66.97529544906027
98.9415186966204
57.92475524147603
83.71143857173789
82.80124955964331
48.27174954066854
93.45685936686506
95.34761754978699
71.08284256602391
69.58032646703951
60.4499470891071
30.479499363696267
74.45755395945599
93.21755030567515
71.89949934941193
74.36663646741383
40.36174800915055
51.64960271345424
26.909049907167482
57.55752427545602
53.75460877471324
42.59743634459652
97.12552110641327
32.18944122709688
93.88872687176529
93.02115040275106
95.67841375986677
39.893781363757206
93.6130295743331
70.70575049545118
80.75250619162524
79.89191308919344
40.2209756157723
96.04025170157563
85.9337982105768
38.59566110093468
86.30686306123819
30.854462598437394
93.39381922416707
93.16464702372889
85.98105689698123
89.01110474079435
63.040154947098706
66.29958752771901
91.48371285961615
16.132534909384706
91.41423231017828
27.506367996031802
skipped
22.406079622383828
27.874421281064706
54.44806350856643
95.0940693527444
47.0100328601834
70.82150141727406
78.32582191064691
82.54785813934603
47.63125875292765
skipped
11.814409430377264
75.50860846952453
68.74222844994911
94.07458278113424
26.50673768232059
71.49137094150859
73.02533027634958
77.49881882826307
27.118863742568053
87.65149196739864
26.284421275010175
86.03176243629709
83.61021552495271
78.02962886718561
29.16574249083947
66.14592954291618
86.83464456348524
50.97804663194998
65.14043434080128
77.56243226540134
65.24655407243324
67.75863041452237
68.28960673869462
36.22192392223991
93.21874180937459
97.74766201814005
92.09642151395072
57.99022092408131
35.189819984354244
90.43171086884172
74.526206828666
65.14006633443917
82.52200308522639
92.68912846241567
86.30842374560216
92.05526478020558
98.06045108290728
51.17957284692669
87.48028535253108
63.43775418614499
87.14805179145553
80.24544332735461
63.870807997762476
33.4604316002768
27.80118991026899
40.44993215626868
99.13343635215634
71.95169029352495
99.98176946224423
skipped
55.78621458915579
47.46916189319855
86.42427363913428
57.03868073060428
48.537330349723575
skipped
48.31423336627832
65.18790970842191
80.80311751218552
73.88942571843994
98.45523417741575
78.25042738588675
87.49307748712243
86.89612933422508
54.23426586993289
32.80136605676415
69.65904615556364
48.62890532794277
94.89821846421769
36.7343586146933
29.876472651154767
75.79934890684267
83.28182760938319
28.767215964771022
11.64437996205596
87.77682156449845
47.901953214340296
86.76766051127893
skipped
65.20543696454176
78.79068055426359
96.13900726708191
79.43828579292686
23.258613193255435
98.22225248706268
79.16731328978005
71.09436479464325
89.71308323365626
66.85607202188942
14.842210191721875
76.05404519253672
skipped
74.84726306760122
62.386065852511805
19.559839199605914
80.10049980764055
32.61797235503473
skipped
60.18856484259606
51.36298725530592
29.19907125724074
62.583802029090556
85.23129604416916
75.18092977150505
44.137326848884406
68.28272211890747
83.5688113276938
49.71094877251939
skipped
63.38640325293304
99.78896948986352
66.23772618776357
12.737841762272536
72.62904256896965
54.927690334678594
70.09293569617161
75.57510855534294
71.0073320780318
40.869101933458936
97.32122146995108
85.64282977558555
97.82183852100232
64.54544933882032
87.25264203610325
90.74817008054643
8.316601261115682
60.405818816741615
98.00231372583399
80.47464890502445
45.49437161505764
89.33712444378263
70.29652520459403
skipped
55.14937689431481
70.67522206467729
91.22083498299668
92.39605193731185
81.69751960857293
71.9118481286711
79.45071831343026
98.95575893881012
86.47179605620019
84.03617831278147
45.58552579018618
56.10950346952977
41.57963168390367
98.2003536880881
41.656149723079814
89.20762331892169
71.70068045288075
92.91590150435003
56.01413645937812
skipped
92.9980118897956
54.45475132776738
94.13360163958883
94.0076406902863
19.673819568532387
72.69860361753868
98.75438320287084
73.10894505738248
66.223805539023
66.29086084760748
67.08547276041416
83.63731817596194
59.49123331599457
94.07222917509746
65.08834808629307
96.54971371764151
88.70285166308085
80.05255544634242
66.56472767461806
94.69735229464442
70.91969366868497
56.960041465265014
85.02908787514343
73.05227321191283
41.65786302687807
40.77818768667548
49.39392843317056
85.00257029875206
50.06224217063012
41.48176478006132
92.42706589057838
90.65930577709842
87.87812365584738
99.42937089176355
21.241520739243686
17.30640700524681
81.29908256499174
87.06062704062779
75.79513073232417
64.3955305022525
93.96825949166396
97.3220107086853
64.97930068012742
41.872488562973714
64.41676663055497
64.87635521658459
21.41355166652389
94.86576966768293
97.16088516556653
89.98164283745726
49.12906672967531
77.54994774441828
47.54500467347525
90.79522594477908
97.06027133879257
80.17023503976526
71.68760181129491
99.75214021934127
64.9083655757976
25.846404991991257
22.879178796587865
71.13555701755759
12.811581435800862
36.516962637176434
93.23737787971329
86.83221865912277
52.86401821381012
77.17877330049042
77.69070575693607
65.73901022447696
46.3322539051766
93.1973517702537
74.48589441720976
92.51403631721982
48.271993429872936
skipped
47.07249683112113
94.3307377779849
83.93120128134053
89.99563813146545
49.5611989985184
65.23599925368589
91.33982284182586
82.31658330439114
63.5725102931239
56.72878806812628
87.15169519151142
75.34419176598485
13.206339406487519
97.88599513092991
38.33489965884002
37.46198846162525
75.77316511059384
93.25183551806147
94.4150961553431
7.822428280005615
23.472309931528113
80.86688061106902
78.74433172508165
94.74861707565401
66.48738573926497
86.85449270095462
71.8215266348718
65.14187588769694
skipped
81.8229730262455
78.03514432174228
56.4190199581059
87.48305940648874
96.34504206636231
52.89813458163559
61.7677577966747
94.10712684704461
36.34219525698902
74.1574456849322
92.0490502085411
66.30918697124164
97.07970577808189
53.364183252990685
89.91036701509904
62.332616658374924
69.95298362213362
50.18970836023868
85.82300749386397
59.63527355917709
78.02766086154863
28.131684749423812
39.76033280077511
24.249486829238723
94.12457499718636
53.59828501607234
58.36763801140404
60.00424563395528
46.9850330921414
94.17311274191971
64.03091024287046
57.28933548900579
80.2892665957755
95.20241278705029
33.30812383330161
60.50649025754088
43.3060941399861
65.78512717033757
91.49662788928813
62.567141595473714
64.74295643212257
76.73980629418256
47.03734220125254
85.43530360000797
82.90792092604794
49.96310008734281
75.0890923002916
74.95033936713831
90.45191664459695
75.51498308584715
98.60124745564859
93.60924826368205
84.7998215038386
77.24850408777337
87.21482247306096
58.57595377199407
98.36945274605303
33.161169429265314
50.19966976394604
55.93580389603801
89.15935798398398
86.19546877702768
66.13198399963133
88.81780036270584
24.052407141397342
74.00698708797107
52.13768560261825
86.93823980766597
93.17101334505821
73.29902016581966
34.48832526242761
84.0826180450014
91.44729161895718
99.26151956448923
81.33065800115267
98.33521889506656
skipped
89.94678166640452
90.0558176240751
54.70620333843039
52.18374514887118
56.04388595249456
98.2824843217399
97.20771906535026
66.4996457543255
72.61921424513261
53.65734781028545
76.70020768499673
58.64787058883131
79.6741302495885
83.4306820285062
38.66509805504541
73.65888638570128
42.92934093780304
56.96884197252096
87.12538989387782
55.34224193215025
42.479518409989865
96.41343185944925
41.05391812426219
85.65283280195523
27.350838316004392
73.91886573170748
19.35836224978081
71.56959461271073
96.33088018107716
82.42269745478012
70.0876349241466
12.22514959060933
88.05980809253408
94.11340304311636
92.67297244581614
98.0100034670461
skipped
69.84740118590342
59.40113152465428
99.19941878860318
27.56293175289095
64.11660979327806
45.26982554131386
99.97577147061716
50.76289309425961
73.40458025761126
41.429910586270374
96.3482177620747
97.79178226160825
61.15513419743621
44.97665214551308
95.0024925442021
96.56791456625872
49.79192258590972
75.00724528379652
60.58848150221538
77.2940359568606
59.78086393999037
77.93539061093874
24.35355683655441
78.24642016288537
60.70563756421878
52.05888200161097
67.80635445628668
73.77648595308172
31.181869495529984
98.63094610736715
84.49753986543028
skipped
95.9267544794683
75.30881663437997
99.31569509711942
9.113508746324284
94.52617394375136
66.33089441931514
94.92093057282041
87.00385369033837
96.95915106856168
30.64226016211838
69.765884210175
86.75134988653454
79.25319403764344
63.62662588111286
53.7065388207075
56.5109584980326
56.322524261042545
60.445687846814636
99.67051069062859
66.31771426675941
39.410189619012236
84.4949827107661
54.78777549202292
52.44113470158878
65.14585908456338
95.69834786123015
70.16241166384998
71.89404886976239
61.017357213472934
98.05752531157762
92.39414675317445
98.5283426060432
92.54940283867288
37.66115561523525
56.74496906678205
79.96660076556444
81.99586823677558
28.791575957486323
63.025339821072535
27.27467575448454
96.58775625931762
84.89276085633608
44.435658340242604
76.19896914019506
62.677105325937376
80.12853009191042
79.31291996524321
35.51636715412191
93.24007258130374
72.50464300449104
55.25110474248985
32.78036465620044
88.90864407897426
90.59499105085324
52.46266145474402
71.9492846792478
74.76376588220536
53.917170797444356
79.19570649424804
97.7592102787474
64.51431520100526
93.0913960227279
87.92314077580002
74.38022006769155
66.19340469214937
skipped
56.82430421940722
68.26606540407815
65.51352536763106
84.8738469266066
76.86770383687802
68.63378449842746
77.68663099429052
56.43447909555455
78.66631026146837
55.571119408383886
53.47103603171729
62.45089978274364
87.15422347547855
88.73253170327244
74.05090350374317
72.45946421540208
64.12631129363908
87.21459209278696
75.84229080741072
34.34559938784797
80.16237291374573
57.02043097375211
97.84611089481196
57.166346702859045
98.58481546923383
53.03109557362421
92.93166099151694
39.32314749073719
83.18942537246375
56.5849980580152
71.82758293178051
56.98341232997664
99.84917475092627
9.984803041330602
99.58266565715066
79.49125804361056
98.2068065204153
skipped
65.14025450419955
94.53351637165834
52.537767836330445
41.80407402295283
45.21512023632336
32.07881192494327
98.59834003077499
74.62334510258665
51.52204808116238
64.2026748499512
75.45016283554389
56.77123990580485
94.0047138697446
42.37707268301838
93.91078871303128
62.00892983655929
68.9405387325887
93.99714744384934
91.78882873649138
65.36103544787822
77.01050396245464
85.73934505390336
65.40640603785758
26.322551492128195
20.96981458783131
65.83466166855365
81.60258794886127
37.40569929810397
59.695052118781945
42.143576168135624
74.09629265596303
56.224965934954255
96.7389614184635
53.89705039390762
95.27695726115694
70.36428346920711
19.023466585827496
58.87742831568119
42.16836742429076
36.84134428469879
7.385277224832185
83.6289125723144
76.64418755019244
87.76042105646087
50.28157494336716
64.07591554118572
23.889671779301107
83.48863307228291
58.03857075792177
62.0124995763014
96.69333319878699
88.32840478259862
54.40891965741918
87.82164380444884
78.85295133702344
55.46154004091483
73.30136151140034
40.91551567255203
97.01482213814438
95.05195239554527
72.20372751229097
44.82784067487959
44.826748822368366
41.66727101143551
91.43680062710554
69.55057107649661
77.32906302140239
39.46084125766233
33.526220017036046
81.05270687265013
30.958586194868502
88.63110635812345
71.67547163007595
82.66550159172724
35.785114768006174
61.15333095057086
90.24009556694517
79.13973892907285
52.671811328965745
93.26334686754245
skipped
42.41763376809845
4.256441409891736
skipped
75.84404252789949
63.431110425867544
91.90994656415428
76.31111208779953
46.52728733145441
skipped
87.50968014238317
95.57406885697452
62.065667337624475
82.14427059434877
93.70097031765835
62.35605359599358
skipped
70.12177374424728
54.52275705109971
83.27510950084867
73.50579116478892
77.43230477493144
88.48775621239805
71.47273118149576
82.62456552345296
79.18756184993275
94.11898932387805
60.82134212023761
79.345311669874
66.63078283157668
67.8153657206818
39.64754310334386
14.217664524268777
78.72270255379004
95.8816184522579
42.426724950169856
25.949079154281772
99.11539537781317
10.286299055376928
19.457311317663528
68.08533496531085
67.88125825686451
90.5815508828003
74.1416978453624
51.512249050628384
78.07032372597801
18.182086663541302
49.36556559617281
90.91076300512609
80.76626857936958
55.75094188221731
41.51520236965748
91.3299613253031
48.94603765967544
67.14586033041618
78.16718932474244
90.0796780038944
68.51204676951743
52.47711922362345
41.31181590768631
67.3292152518885
92.9511333430113
36.69764136001164
93.30340758736322
48.93917071448853
89.35320316963245
77.9602114904469
26.231694195875534
82.73246439912948
24.696198776699017
90.6425359280862
90.10552104387979
55.064945973648804
81.92757834518339
24.301023212955982
79.22060270003908
73.33437807912033
83.40955695111491
88.93289019412603
53.75131039835959
71.7714090809227
55.37257155623086
83.0203310467194
62.952863520396846
94.83898394444735
82.58033434518408
55.47992265310049
76.40468012526856
79.0261978786743
93.42807442746862
89.88062380564507
58.23637273412145
91.2435081656101
65.46309853660244
31.37729091821268
91.40465343582322
81.53925578154778
45.03376398649894
92.61793682786688
97.43817125863227
77.86989513824874
75.1397735814478
98.09394013982754
76.93218872582163
81.88648021300683
98.39016906500808
92.84762931248711
61.91858188662006
95.32950776003636
55.666349011337935
87.93108648612963
85.95722750679278
87.44341168869556
67.76580792166557
36.4348627092093
41.3952335063137
83.73427716845458
81.32939846280293
68.73184145569508
70.5662031194993
53.1524424565622
54.97465222737444
86.7047177527045
73.34015219457613
51.620784177461395
22.402225816299463
59.58380224655337
98.41683736958821
56.445412353616284
81.71457791635035
51.13456618621059
94.80271516059234
98.72465243970115
58.8748264929224
72.89196007487644
82.72680633116117
32.838302595266164
80.62048180875793
74.35386430562559
69.92694748870784
78.82571933217005
46.75159700239428
skipped
96.09884160173374
skipped
90.24702871460974
35.140322824449306
88.67714108854746
10.700976893087114
92.89381154855391
37.75230504622223
88.2048745237801
86.46953225464787
93.45952018610859
35.516938543772824
10.67852112463674
86.91841331453875
63.087690512582874
45.61332213133507
83.58311722744803
77.88888117546846
30.418492713468602
93.93550209838138
89.80977814714555
93.56529796661651
20.217702815710357
38.69382157177521
94.59554199851351
74.94622786721563
42.77927863623579
83.61574601081314
57.26612896698934
97.09214247658815
42.86086558029462
36.325625519652306
51.80841450633573
40.58644761484971
94.52672918539183
73.14849796945403
68.88713262623465
87.90502062077559
33.555755054858224
64.97444917416061
75.69423092188146
skipped
59.8698035511385
88.5737129161297
48.743097503057065
70.3389850508665
92.08310720115811
70.81897906886711
68.27199200183541
84.63254887334725
57.70528260546757
61.46128930668199
47.95627359633374
51.83134588680201
92.9335766594204
85.47584252584672
96.59953693037642
97.44097752464658
91.01577429978278
94.55505409940562
31.084078207797486
85.17964975454348
63.44312654355807
73.81065491335444
skipped
97.08144181175408
80.8909545789071
26.028580628488257
51.38131411215952
48.333510712095176
32.02318388041231
90.98337058671854
97.46471021858136
55.064100036102005
62.95192735750581
83.37802839314034
93.22132655017543
50.01090111411256
84.69415980766836
36.336577125828065
62.072215571998086
83.39669442686059
skipped
81.77513501182574
81.5416895549692
30.28385381299672
77.17289904170609
51.57445126756143
84.81923187928773
99.06825548222886
44.62343666100151
49.4336375081948
89.84172516132269
95.86418225213778
100.0596197154422
78.3414185905779
97.796570727988
60.84729097657498
57.152783345010995
52.504427951849166
99.97956565848571
29.88159536084212
