Observation	Correct	FP	FN
0	2	0	0
1	2	0	0
2	2	0	0
3	2	0	0
4	2	0	0
5	2	0	0
6	2	0	0
7	2	0	0
8	2	0	0
9	2	0	0
10	2	0	0
11	2	0	0
12	2	0	0
13	2	0	0
14	2	0	0
15	2	0	0
16	2	0	0
17	2	0	0
18	2	0	0
19	2	0	0
20	2	0	0
21	2	0	0
22	2	0	0
23	2	0	0
24	1	0	1
25	2	0	0
26	2	0	0
27	1	0	1
28	2	0	0
29	2	0	0
30	2	0	0
31	1	0	1
32	2	1	0
33	2	0	0
34	2	0	0
35	2	0	0
36	1	0	1
37	2	0	0
38	1	0	1
39	1	0	1
40	1	0	1
41	1	0	1
42	2	1	0
43	2	0	0
44	2	1	0
45	2	0	0
46	2	0	0
47	2	0	0
48	2	0	0
49	2	0	0
50	2	0	0
51	2	1	0
52	2	0	0
53	2	0	0
54	2	1	0
55	1	0	1
56	2	0	0
57	2	0	0
58	2	1	0
59	1	0	1
60	2	0	0
61	2	0	0
62	2	0	0
63	1	0	1
64	1	0	1
65	1	0	1
66	1	0	1
67	2	0	0
68	0	0	2
69	2	0	0
70	1	0	1
71	0	0	2
72	1	0	1
73	2	0	0
74	2	0	0
75	0	0	2
76	2	0	0
77	2	0	0
78	1	0	1
79	1	0	1
80	0	0	2
81	2	0	0
82	2	1	0
83	1	0	1
84	0	0	2
85	2	1	0
86	0	0	2
87	1	0	1
88	2	1	0
89	2	1	0
90	2	0	0
91	2	1	0
92	2	1	0
93	0	0	2
94	2	1	0
95	0	0	2
96	0	0	2
97	2	2	0
98	0	0	2
99	1	0	1
