Observation	Correct	FP	FN
0	5	0	0
1	5	0	0
2	5	0	0
3	5	0	0
4	4	0	1
5	5	0	0
6	5	0	0
7	4	0	1
8	5	0	0
9	5	0	0
10	5	0	0
11	4	0	1
12	5	0	0
13	4	0	1
14	5	0	0
15	4	0	1
16	4	0	1
17	5	0	0
18	5	0	0
19	4	0	1
20	4	0	1
21	5	0	0
22	4	0	1
23	5	0	0
24	4	0	1
25	5	0	0
26	4	0	1
27	5	0	0
28	5	0	0
29	5	0	0
30	4	0	1
31	5	0	0
32	5	0	0
33	5	0	0
34	5	0	0
35	4	0	1
36	5	0	0
37	4	0	1
38	4	0	1
39	4	0	1
40	4	0	1
41	4	0	1
42	5	0	0
43	4	0	1
44	5	0	0
45	5	0	0
46	5	0	0
47	4	0	1
48	4	0	1
49	4	0	1
50	5	0	0
51	4	0	1
52	4	0	1
53	4	0	1
54	4	0	1
55	5	0	0
56	4	0	1
57	4	0	1
58	4	0	1
59	5	1	0
60	5	0	0
61	4	0	1
62	5	1	0
63	4	0	1
64	5	0	0
65	5	1	0
66	5	0	0
67	5	1	0
68	5	1	0
69	4	0	1
70	5	1	0
71	5	0	0
72	5	1	0
73	5	1	0
74	4	0	1
75	4	0	1
76	4	0	1
77	5	1	0
78	5	0	0
79	4	0	1
80	4	0	1
81	5	0	0
82	5	0	0
83	4	0	1
84	4	0	1
85	5	0	0
86	5	0	0
87	5	0	0
88	5	1	0
89	4	0	1
90	5	1	0
91	4	0	1
92	5	1	0
93	5	1	0
94	4	0	1
95	5	1	0
96	5	1	0
97	5	1	0
98	4	0	1
99	4	0	1
