Observation	Correct	FP	FN
0	2	0	0
1	2	0	0
2	2	0	0
3	2	0	0
4	1	0	1
5	1	0	1
6	2	0	0
7	2	0	0
8	1	0	1
9	1	0	1
10	2	0	0
11	2	0	0
12	2	0	0
13	1	0	1
14	2	0	0
15	2	0	0
16	2	0	0
17	2	0	0
18	2	0	0
19	1	0	1
20	2	0	0
21	2	0	0
22	1	0	1
23	1	0	1
24	2	0	0
25	1	0	1
26	1	0	1
27	1	0	1
28	1	0	1
29	2	0	0
30	1	0	1
31	2	0	0
32	2	0	0
33	2	0	0
34	1	0	1
35	0	0	2
36	2	0	0
37	1	0	1
38	1	0	1
39	2	0	0
40	2	0	0
41	0	0	2
42	2	1	0
43	2	1	0
44	2	0	0
45	2	0	0
46	1	0	1
47	1	0	1
48	0	0	2
49	1	0	1
50	2	1	0
51	1	0	1
52	2	0	0
53	2	1	0
54	1	0	1
55	0	0	2
56	1	0	1
57	2	0	0
58	2	1	0
59	0	0	2
60	0	0	2
61	2	1	0
62	2	0	0
63	2	1	0
64	2	1	0
65	1	0	1
66	0	0	2
67	2	1	0
68	0	0	2
69	2	1	0
70	2	1	0
71	2	0	0
72	0	0	2
73	0	0	2
74	0	0	2
75	0	0	2
76	2	1	0
77	2	1	0
78	0	0	2
79	2	0	0
80	0	0	2
81	2	1	0
82	0	0	2
83	1	0	1
84	1	0	1
85	2	0	0
86	2	1	0
87	2	1	0
88	1	0	1
89	0	0	2
90	2	1	0
91	2	1	0
92	2	1	0
93	2	1	0
94	0	0	2
95	1	0	1
96	0	0	2
97	2	1	0
98	2	1	0
99	0	0	2
