Observation	Correct	FP	FN
0	2	0	0
1	2	0	0
2	2	0	0
3	2	0	0
4	2	0	0
5	2	0	0
6	2	0	0
7	2	0	0
8	2	0	0
9	2	0	0
10	2	0	0
11	2	0	0
12	1	0	1
13	2	0	0
14	2	0	0
15	1	0	1
16	2	0	0
17	2	0	0
18	2	0	0
19	1	0	1
20	2	0	0
21	2	0	0
22	2	0	0
23	1	0	1
24	1	0	1
25	2	0	0
26	2	0	0
27	2	0	0
28	1	0	1
29	1	0	1
30	2	1	0
31	2	0	0
32	2	0	0
33	2	0	0
34	2	0	0
35	1	0	1
36	1	0	1
37	1	0	1
38	2	0	0
39	2	0	0
40	2	0	0
41	2	1	0
42	2	1	0
43	2	0	0
44	2	0	0
45	1	0	1
46	2	1	0
47	2	0	0
48	2	0	0
49	1	0	1
50	1	0	1
51	2	0	0
52	1	0	1
53	2	0	0
54	2	0	0
55	1	0	1
56	1	0	1
57	1	0	1
58	2	1	0
59	2	1	0
60	2	0	0
61	1	0	1
62	2	0	0
63	1	0	1
64	2	0	0
65	2	0	0
66	2	0	0
67	1	0	1
68	1	0	1
69	1	0	1
70	2	0	0
71	2	1	0
72	0	0	2
73	2	1	0
74	0	0	2
75	2	0	0
76	2	1	0
77	0	0	2
78	2	0	0
79	0	0	2
80	2	1	0
81	1	0	1
82	1	0	1
83	2	0	0
84	0	0	2
85	1	0	1
86	0	0	2
87	2	0	0
88	1	0	1
89	0	0	2
90	2	1	0
91	2	1	0
92	1	0	1
93	0	0	2
94	2	0	0
95	1	0	1
96	2	1	0
97	2	1	0
98	2	1	0
99	0	0	2
