Observation	Correct	FP	FN
0	4	0	0
1	4	0	0
2	4	0	0
3	4	0	0
4	4	0	0
5	4	0	0
6	4	0	0
7	4	0	0
8	4	0	0
9	4	0	0
10	4	0	0
11	4	0	0
12	4	0	0
13	4	0	0
14	4	0	0
15	4	0	0
16	4	0	0
17	4	0	0
18	4	0	0
19	4	0	0
20	4	0	0
21	4	0	0
22	4	1	0
23	4	0	0
24	4	0	0
25	4	0	0
26	4	0	0
27	4	0	0
28	4	0	0
29	4	0	0
30	4	0	0
31	4	1	0
32	4	0	0
33	4	0	0
34	4	1	0
35	4	1	0
36	4	0	0
37	4	1	0
38	4	0	0
39	3	1	1
40	4	1	0
41	4	0	0
42	4	0	0
43	3	1	1
44	4	0	0
45	3	1	1
46	4	0	0
47	4	0	0
48	4	0	0
49	3	1	1
50	3	1	1
51	4	0	0
52	4	0	0
53	4	1	0
54	4	0	0
55	4	0	0
56	4	0	0
57	4	0	0
58	4	0	0
59	3	1	1
60	3	1	1
61	4	0	0
62	4	0	0
63	4	0	0
64	3	1	1
65	4	0	0
66	3	1	1
67	4	0	0
68	4	0	0
69	4	0	0
70	4	1	0
71	3	1	1
72	3	1	1
73	4	0	0
74	3	1	1
75	3	1	1
76	3	1	1
77	3	1	1
78	4	0	0
79	3	1	1
80	3	1	1
81	3	1	1
82	3	1	1
83	3	1	1
84	4	0	0
85	4	0	0
86	4	0	0
87	4	0	0
88	4	0	0
89	4	0	0
90	3	1	1
91	3	1	1
92	4	0	0
93	3	1	1
94	4	0	0
95	3	1	1
96	4	0	0
97	4	0	0
98	3	1	1
99	4	0	0
