Observation	Correct	FP	FN
0	2	0	0
1	2	0	0
2	2	0	0
3	2	0	0
4	2	0	0
5	2	0	0
6	2	0	0
7	2	0	0
8	2	0	0
9	2	0	0
10	2	0	0
11	2	0	0
12	2	0	0
13	1	0	1
14	2	0	0
15	2	0	0
16	2	0	0
17	2	0	0
18	2	0	0
19	2	0	0
20	1	0	1
21	2	0	0
22	2	0	0
23	1	0	1
24	2	0	0
25	1	0	1
26	2	0	0
27	1	0	1
28	2	0	0
29	1	0	1
30	1	0	1
31	1	0	1
32	1	0	1
33	2	0	0
34	1	0	1
35	2	0	0
36	2	0	0
37	2	0	0
38	1	0	1
39	1	0	1
40	2	1	0
41	1	0	1
42	2	0	0
43	1	0	1
44	1	0	1
45	1	0	1
46	2	1	0
47	2	0	0
48	2	1	0
49	2	1	0
50	2	1	0
51	2	0	0
52	1	0	1
53	1	0	1
54	1	0	1
55	1	0	1
56	2	0	0
57	1	0	1
58	2	0	0
59	1	0	1
60	1	0	1
61	2	1	0
62	1	0	1
63	1	0	1
64	1	0	1
65	2	0	0
66	1	0	1
67	2	1	0
68	2	0	0
69	0	0	2
70	2	0	0
71	2	1	0
72	2	1	0
73	2	0	0
74	2	0	0
75	2	1	0
76	0	0	2
77	2	1	0
78	0	0	2
79	0	0	2
80	0	0	2
81	2	1	0
82	0	0	2
83	0	0	2
84	1	0	1
85	2	0	0
86	1	0	1
87	0	0	2
88	1	0	1
89	1	0	1
90	1	0	1
91	2	1	0
92	2	1	0
93	2	0	0
94	2	1	0
95	2	0	0
96	0	0	2
97	2	1	0
98	0	0	2
99	1	0	1
