Observation	Correct	FP	FN
0	2	0	0
1	2	0	0
2	2	0	0
3	2	0	0
4	2	0	0
5	1	0	1
6	2	0	0
7	2	0	0
8	2	0	0
9	1	0	1
10	2	0	0
11	1	0	1
12	1	0	1
13	2	0	0
14	2	0	0
15	2	0	0
16	2	0	0
17	2	0	0
18	2	0	0
19	2	0	0
20	1	0	1
21	2	0	0
22	1	0	1
23	1	0	1
24	2	0	0
25	1	0	1
26	1	0	1
27	2	0	0
28	2	0	0
29	1	0	1
30	2	0	0
31	2	0	0
32	2	0	0
33	1	0	1
34	1	0	1
35	1	0	1
36	1	0	1
37	1	0	1
38	1	0	1
39	2	0	0
40	2	0	0
41	0	0	2
42	2	0	0
43	0	0	2
44	1	0	1
45	2	1	0
46	2	0	0
47	0	0	2
48	2	0	0
49	2	0	0
50	1	0	1
51	2	0	0
52	0	0	2
53	0	0	2
54	0	0	2
55	0	0	2
56	1	0	1
57	1	0	1
58	1	0	1
59	2	0	0
60	2	1	0
61	2	1	0
62	2	1	0
63	1	0	1
64	2	0	0
65	1	0	1
66	2	0	0
67	2	0	0
68	2	1	0
69	2	1	0
70	2	0	0
71	0	0	2
72	2	0	0
73	0	0	2
74	0	0	2
75	2	0	0
76	2	1	0
77	0	0	2
78	2	1	0
79	2	1	0
80	2	0	0
81	2	1	0
82	0	0	2
83	1	0	1
84	2	1	0
85	2	1	0
86	0	0	2
87	2	1	0
88	0	0	2
89	2	0	0
90	2	1	0
91	2	1	0
92	2	1	0
93	2	2	0
94	2	1	0
95	2	1	0
96	0	0	2
97	0	0	2
98	0	0	2
99	2	1	0
