Observation	Correct	FP	FN
0	2	0	0
1	2	0	0
2	2	0	0
3	2	0	0
4	2	0	0
5	2	0	0
6	2	0	0
7	2	0	0
8	2	0	0
9	2	0	0
10	1	0	1
11	1	0	1
12	2	0	0
13	1	0	1
14	2	0	0
15	2	0	0
16	2	0	0
17	1	0	1
18	2	0	0
19	2	0	0
20	2	0	0
21	2	0	0
22	2	0	0
23	2	0	0
24	2	0	0
25	2	0	0
26	1	0	1
27	2	0	0
28	2	0	0
29	1	0	1
30	2	1	0
31	2	0	0
32	1	0	1
33	2	0	0
34	2	0	0
35	1	0	1
36	1	0	1
37	2	0	0
38	1	0	1
39	1	0	1
40	2	0	0
41	2	0	0
42	2	1	0
43	2	0	0
44	1	0	1
45	2	0	0
46	2	1	0
47	1	0	1
48	2	1	0
49	1	0	1
50	1	0	1
51	2	0	0
52	2	1	0
53	2	0	0
54	1	0	1
55	1	0	1
56	1	0	1
57	2	1	0
58	2	0	0
59	1	0	1
60	2	1	0
61	2	0	0
62	2	1	0
63	2	0	0
64	1	0	1
65	1	0	1
66	0	0	2
67	2	0	0
68	2	1	0
69	0	0	2
70	2	0	0
71	1	0	1
72	2	1	0
73	1	0	1
74	0	0	2
75	0	0	2
76	2	1	0
77	2	1	0
78	2	1	0
79	2	1	0
80	2	0	0
81	2	1	0
82	1	0	1
83	0	0	2
84	2	1	0
85	0	0	2
86	2	1	0
87	2	0	0
88	2	1	0
89	0	0	2
90	2	1	0
91	2	0	0
92	2	1	0
93	2	0	0
94	2	1	0
95	1	0	1
96	0	0	2
97	1	0	1
98	2	1	0
99	2	1	0
