Observation	Correct	FP	FN
0	5	1	0
1	5	0	0
2	5	0	0
3	5	0	0
4	5	1	0
5	5	1	0
6	5	0	0
7	5	1	0
8	5	0	0
9	5	0	0
10	5	0	0
11	5	0	0
12	5	1	0
13	5	0	0
14	5	1	0
15	5	0	0
16	5	1	0
17	5	0	0
18	5	0	0
19	5	1	0
20	5	0	0
21	5	0	0
22	5	1	0
23	5	0	0
24	5	1	0
25	5	0	0
26	5	0	0
27	5	1	0
28	5	1	0
29	5	0	0
30	5	1	0
31	5	0	0
32	5	0	0
33	5	1	0
34	5	1	0
35	5	0	0
36	5	1	0
37	5	1	0
38	5	1	0
39	5	0	0
40	5	1	0
41	5	0	0
42	5	1	0
43	5	1	0
44	5	1	0
45	5	1	0
46	5	0	0
47	5	1	0
48	5	1	0
49	5	1	0
50	5	0	0
51	4	1	1
52	3	0	2
53	5	1	0
54	5	1	0
55	5	0	0
56	5	0	0
57	5	1	0
58	5	0	0
59	5	1	0
60	3	0	2
61	5	1	0
62	4	1	1
63	3	1	2
64	5	0	0
65	5	0	0
66	5	0	0
67	3	0	2
68	5	0	0
69	5	1	0
70	5	0	0
71	3	0	2
72	3	1	2
73	5	0	0
74	4	0	1
75	5	1	0
76	5	1	0
77	5	1	0
78	5	1	0
79	5	0	0
80	5	1	0
81	5	1	0
82	5	1	0
83	5	1	0
84	2	0	3
85	3	0	2
86	5	0	0
87	5	0	0
88	3	0	2
89	5	1	0
90	2	0	3
91	3	0	2
92	5	1	0
93	5	1	0
94	2	0	3
95	2	0	3
96	3	0	2
97	2	0	3
98	5	1	0
99	5	1	0
