Observation	Correct	FP	FN
0	2	1	0
1	2	0	0
2	2	1	0
3	2	1	0
4	2	0	0
5	2	1	0
6	2	0	0
7	2	1	0
8	2	0	0
9	2	1	0
10	2	0	0
11	1	0	1
12	2	0	0
13	2	1	0
14	1	0	1
15	2	1	0
16	2	1	0
17	2	1	0
18	2	1	0
19	1	0	1
20	1	0	1
21	2	1	0
22	1	0	1
23	2	1	0
24	2	1	0
25	2	1	0
26	2	1	0
27	1	0	1
28	2	1	0
29	1	0	1
30	2	1	0
31	2	1	0
32	1	0	1
33	2	0	0
34	2	0	0
35	2	1	0
36	2	0	0
37	1	0	1
38	2	0	0
39	2	0	0
40	2	1	0
41	1	0	1
42	2	0	0
43	1	0	1
44	2	0	0
45	2	0	0
46	2	2	0
47	1	0	1
48	2	1	0
49	2	0	0
50	1	0	1
51	1	1	1
52	1	0	1
53	1	0	1
54	2	0	0
55	1	0	1
56	2	2	0
57	1	0	1
58	1	0	1
59	2	0	0
60	2	1	0
61	2	0	0
62	2	2	0
63	1	0	1
64	0	0	2
65	1	0	1
66	1	1	1
67	1	0	1
68	2	0	0
69	0	0	2
70	2	0	0
71	2	0	0
72	2	0	0
73	2	0	0
74	2	0	0
75	2	2	0
76	0	0	2
77	2	2	0
78	2	2	0
79	1	0	1
80	2	2	0
81	0	0	2
82	1	1	1
83	2	0	0
84	1	0	1
85	2	1	0
86	2	2	0
87	2	0	0
88	2	1	0
89	0	0	2
90	2	2	0
91	1	0	1
92	0	0	2
93	1	0	1
94	2	1	0
95	2	0	0
96	2	1	0
97	0	0	2
98	2	0	0
99	2	2	0
