Observation	Correct	FP	FN
0	2	0	0
1	2	0	0
2	2	0	0
3	2	0	0
4	2	0	0
5	2	0	0
6	2	0	0
7	2	0	0
8	2	0	0
9	2	0	0
10	2	0	0
11	2	0	0
12	2	0	0
13	2	0	0
14	2	0	0
15	2	0	0
16	1	0	1
17	2	0	0
18	2	0	0
19	2	0	0
20	2	0	0
21	2	0	0
22	1	0	1
23	2	0	0
24	2	0	0
25	2	0	0
26	2	0	0
27	2	0	0
28	2	0	0
29	2	0	0
30	1	0	1
31	1	0	1
32	2	0	0
33	2	1	0
34	2	1	0
35	2	0	0
36	2	0	0
37	2	1	0
38	2	0	0
39	2	0	0
40	2	0	0
41	2	1	0
42	1	0	1
43	2	0	0
44	2	1	0
45	1	0	1
46	1	0	1
47	2	1	0
48	2	1	0
49	1	0	1
50	2	1	0
51	1	0	1
52	1	0	1
53	2	0	0
54	2	0	0
55	1	0	1
56	1	0	1
57	1	0	1
58	2	1	0
59	1	0	1
60	2	1	0
61	2	0	0
62	2	1	0
63	0	0	2
64	0	0	2
65	1	0	1
66	1	0	1
67	2	0	0
68	2	1	0
69	2	1	0
70	2	0	0
71	1	0	1
72	2	1	0
73	2	0	0
74	1	0	1
75	2	0	0
76	2	0	0
77	1	0	1
78	2	1	0
79	2	0	0
80	2	1	0
81	2	1	0
82	1	0	1
83	1	0	1
84	2	0	0
85	1	0	1
86	0	0	2
87	0	0	2
88	2	1	0
89	0	0	2
90	2	1	0
91	0	0	2
92	0	0	2
93	2	1	0
94	2	0	0
95	1	0	1
96	1	0	1
97	2	1	0
98	0	0	2
99	2	0	0
