Observation	Correct	FP	FN
0	2	0	0
1	2	0	0
2	2	0	0
3	2	0	0
4	2	0	0
5	2	0	0
6	1	0	1
7	2	0	0
8	2	0	0
9	2	0	0
10	2	0	0
11	2	0	0
12	2	0	0
13	1	0	1
14	2	0	0
15	2	0	0
16	1	0	1
17	2	0	0
18	2	0	0
19	1	0	1
20	1	0	1
21	2	0	0
22	2	0	0
23	1	0	1
24	2	0	0
25	1	0	1
26	2	0	0
27	1	0	1
28	1	0	1
29	2	0	0
30	2	0	0
31	2	0	0
32	1	0	1
33	2	0	0
34	2	0	0
35	2	0	0
36	2	0	0
37	2	0	0
38	2	0	0
39	1	0	1
40	1	0	1
41	2	0	0
42	1	0	1
43	1	0	1
44	2	0	0
45	2	0	0
46	1	0	1
47	2	0	0
48	2	0	0
49	2	1	0
50	2	0	0
51	1	0	1
52	2	0	0
53	2	1	0
54	2	1	0
55	1	0	1
56	2	1	0
57	2	0	0
58	1	0	1
59	2	1	0
60	2	0	0
61	2	1	0
62	2	0	0
63	1	0	1
64	2	1	0
65	0	0	2
66	1	0	1
67	2	1	0
68	2	0	0
69	1	0	1
70	1	0	1
71	2	0	0
72	2	0	0
73	0	0	2
74	2	0	0
75	0	0	2
76	0	0	2
77	2	1	0
78	0	0	2
79	2	1	0
80	2	1	0
81	2	0	0
82	2	1	0
83	2	0	0
84	0	0	2
85	0	0	2
86	2	0	0
87	1	0	1
88	0	0	2
89	0	0	2
90	2	1	0
91	0	0	2
92	0	0	2
93	2	1	0
94	0	0	2
95	2	1	0
96	1	0	1
97	2	1	0
98	2	1	0
99	0	0	2
