Observation	Correct	FP	FN
0	2	0	0
1	2	0	0
2	2	0	0
3	2	0	0
4	2	0	0
5	2	0	0
6	2	0	0
7	2	0	0
8	1	0	1
9	2	0	0
10	2	0	0
11	1	0	1
12	2	0	0
13	1	0	1
14	2	0	0
15	2	0	0
16	2	0	0
17	2	0	0
18	2	0	0
19	1	0	1
20	2	0	0
21	2	0	0
22	1	0	1
23	1	0	1
24	1	0	1
25	2	0	0
26	2	0	0
27	2	0	0
28	1	0	1
29	2	0	0
30	1	0	1
31	1	0	1
32	1	0	1
33	2	0	0
34	1	0	1
35	2	0	0
36	2	0	0
37	2	0	0
38	0	0	2
39	2	0	0
40	2	0	0
41	1	0	1
42	1	0	1
43	1	0	1
44	1	0	1
45	1	0	1
46	0	0	2
47	1	0	1
48	2	0	0
49	2	1	0
50	0	0	2
51	2	1	0
52	0	0	2
53	2	0	0
54	2	1	0
55	2	0	0
56	0	0	2
57	2	1	0
58	1	0	1
59	1	0	1
60	2	0	0
61	2	0	0
62	2	0	0
63	2	1	0
64	2	1	0
65	2	1	0
66	2	1	0
67	2	0	0
68	2	0	0
69	0	0	2
70	1	0	1
71	2	0	0
72	2	0	0
73	0	0	2
74	2	1	0
75	2	0	0
76	0	0	2
77	2	1	0
78	0	0	2
79	2	0	0
80	0	0	2
81	2	0	0
82	0	0	2
83	0	0	2
84	2	0	0
85	2	0	0
86	2	1	0
87	1	0	1
88	1	0	1
89	2	1	0
90	1	0	1
91	2	0	0
92	2	1	0
93	2	0	0
94	0	0	2
95	0	0	2
96	2	1	0
97	0	0	2
98	0	0	2
99	0	0	2
