Observation	Correct	FP	FN
0	1	0	0
1	0	0	1
2	1	0	0
3	1	0	0
4	0	0	1
5	1	0	0
6	1	0	0
7	1	0	0
8	1	0	0
9	1	0	0
10	1	0	0
11	1	0	0
12	0	0	1
13	1	0	0
14	0	0	1
15	1	0	0
16	1	0	0
17	1	0	0
18	1	0	0
19	1	0	0
20	1	0	0
21	1	0	0
22	1	0	0
23	1	0	0
24	1	0	0
25	1	0	0
26	1	0	0
27	0	0	1
28	1	0	0
29	1	0	0
30	1	0	0
31	0	0	1
32	1	0	0
33	1	0	0
34	1	0	0
35	1	0	0
36	1	0	0
37	0	0	1
38	1	0	0
39	1	0	0
40	1	0	0
41	1	0	0
42	1	0	0
43	1	0	0
44	0	0	1
45	1	0	0
46	1	0	0
47	0	0	1
48	1	0	0
49	1	0	0
50	1	0	0
51	1	0	0
52	1	0	0
53	1	0	0
54	0	0	1
55	1	0	0
56	1	0	0
57	1	0	0
58	0	0	1
59	1	0	0
60	1	0	0
61	1	0	0
62	1	0	0
63	1	0	0
64	1	0	0
65	0	0	1
66	1	0	0
67	1	0	0
68	1	0	0
69	1	0	0
70	1	0	0
71	0	0	1
72	1	0	0
73	0	0	1
74	1	0	0
75	0	0	1
76	0	0	1
77	1	0	0
78	1	0	0
79	0	0	1
80	1	0	0
81	1	0	0
82	1	0	0
83	0	0	1
84	1	0	0
85	1	0	0
86	1	0	0
87	1	0	0
88	1	0	0
89	1	0	0
90	0	0	1
91	1	0	0
92	1	0	0
93	1	0	0
94	1	0	0
95	0	0	1
96	1	0	0
97	1	0	0
98	1	0	0
99	1	0	0
