Observation	Correct	FP	FN
0	2	0	0
1	2	0	0
2	2	0	0
3	2	0	0
4	2	0	0
5	2	0	0
6	2	0	0
7	2	0	0
8	2	0	0
9	2	0	0
10	2	0	0
11	2	0	0
12	2	0	0
13	1	0	1
14	2	0	0
15	1	0	1
16	2	0	0
17	1	0	1
18	2	0	0
19	1	0	1
20	1	0	1
21	2	0	0
22	1	0	1
23	2	0	0
24	2	0	0
25	1	0	1
26	2	0	0
27	1	0	1
28	1	0	1
29	2	0	0
30	1	0	1
31	1	0	1
32	2	0	0
33	1	0	1
34	2	1	0
35	2	0	0
36	1	0	1
37	1	0	1
38	2	0	0
39	2	0	0
40	2	0	0
41	2	1	0
42	1	0	1
43	2	0	0
44	1	0	1
45	2	0	0
46	1	0	1
47	1	0	1
48	2	0	0
49	2	1	0
50	2	0	0
51	1	0	1
52	2	1	0
53	2	1	0
54	2	0	0
55	1	0	1
56	1	0	1
57	2	0	0
58	1	0	1
59	2	1	0
60	2	0	0
61	2	0	0
62	0	0	2
63	2	0	0
64	1	0	1
65	2	1	0
66	2	0	0
67	2	1	0
68	2	1	0
69	2	0	0
70	2	0	0
71	2	1	0
72	2	1	0
73	0	0	2
74	1	0	1
75	0	0	2
76	1	0	1
77	2	1	0
78	1	0	1
79	0	0	2
80	2	1	0
81	0	0	2
82	2	0	0
83	2	0	0
84	1	0	1
85	2	1	0
86	2	1	0
87	2	0	0
88	2	0	0
89	0	0	2
90	2	1	0
91	0	0	2
92	0	0	2
93	0	0	2
94	0	0	2
95	1	0	1
96	2	1	0
97	2	1	0
98	0	0	2
99	2	1	0
