Observation	Correct	FP	FN
0	2	0	0
1	2	0	0
2	2	0	0
3	2	0	0
4	2	0	0
5	2	0	0
6	2	0	0
7	2	0	0
8	2	0	0
9	2	0	0
10	2	0	0
11	2	0	0
12	2	0	0
13	2	0	0
14	2	0	0
15	2	0	0
16	2	0	0
17	1	0	1
18	2	0	0
19	2	0	0
20	2	0	0
21	2	0	0
22	1	0	1
23	1	0	1
24	1	0	1
25	2	0	0
26	2	0	0
27	2	0	0
28	1	0	1
29	1	0	1
30	2	0	0
31	1	0	1
32	2	0	0
33	1	0	1
34	1	0	1
35	1	0	1
36	1	0	1
37	2	0	0
38	2	1	0
39	1	0	1
40	2	0	0
41	1	0	1
42	2	1	0
43	2	1	0
44	2	1	0
45	2	1	0
46	1	0	1
47	2	0	0
48	2	0	0
49	2	0	0
50	1	0	1
51	2	0	0
52	1	0	1
53	1	0	1
54	2	1	0
55	2	0	0
56	2	1	0
57	2	0	0
58	2	0	0
59	2	0	0
60	1	0	1
61	2	1	0
62	2	0	0
63	1	0	1
64	2	1	0
65	2	0	0
66	2	1	0
67	2	0	0
68	1	0	1
69	2	0	0
70	2	0	0
71	1	0	1
72	1	0	1
73	2	1	0
74	2	0	0
75	2	0	0
76	2	1	0
77	2	0	0
78	1	0	1
79	2	1	0
80	0	0	2
81	2	0	0
82	2	1	0
83	1	0	1
84	1	0	1
85	2	1	0
86	0	0	2
87	2	1	0
88	1	0	1
89	1	0	1
90	2	0	0
91	0	0	2
92	2	1	0
93	0	0	2
94	0	0	2
95	2	0	0
96	2	1	0
97	2	1	0
98	2	0	0
99	0	0	2
