Observation	Correct	FP	FN
0	6	0	0
1	5	0	1
2	6	0	0
3	5	0	1
4	5	0	1
5	6	0	0
6	5	0	1
7	5	0	1
8	5	0	1
9	5	0	1
10	5	0	1
11	5	0	1
12	6	0	0
13	5	0	1
14	5	0	1
15	6	0	0
16	6	0	0
17	5	0	1
18	5	0	1
19	5	0	1
20	5	0	1
21	6	0	0
22	6	0	0
23	6	0	0
24	6	0	0
25	5	0	1
26	6	0	0
27	6	0	0
28	5	0	1
29	6	0	0
30	6	0	0
31	5	0	1
32	5	0	1
33	6	0	0
34	5	0	1
35	5	0	1
36	5	0	1
37	6	0	0
38	6	0	0
39	6	0	0
40	6	0	0
41	6	0	0
42	5	0	1
43	6	0	0
44	5	0	1
45	5	0	1
46	5	0	1
47	5	0	1
48	6	0	0
49	6	0	0
50	6	0	0
51	5	0	1
52	5	0	1
53	5	0	1
54	5	0	1
55	5	0	1
56	6	0	0
57	5	0	1
58	5	0	1
59	6	0	0
60	6	0	0
61	5	0	1
62	5	0	1
63	5	0	1
64	5	0	1
65	6	0	0
66	5	0	1
67	5	0	1
68	6	0	0
69	6	0	0
70	5	0	1
71	6	0	0
72	6	0	0
73	5	0	1
74	5	0	1
75	5	0	1
76	5	0	1
77	5	0	1
78	6	0	0
79	6	0	0
80	5	0	1
81	6	0	0
82	6	0	0
83	6	0	0
84	6	0	0
85	6	0	0
86	5	0	1
87	6	0	0
88	5	0	1
89	5	0	1
90	6	0	0
91	5	0	1
92	6	0	0
93	5	0	1
94	5	0	1
95	6	0	0
96	5	0	1
97	5	0	1
98	6	0	0
99	5	0	1
