Observation	Correct	FP	FN
0	1	1	0
1	1	1	0
2	1	1	0
3	1	1	0
4	0	0	1
5	1	1	0
6	1	1	0
7	1	1	0
8	1	1	0
9	1	1	0
10	0	0	1
11	1	0	0
12	1	1	0
13	0	0	1
14	0	0	1
15	1	1	0
16	1	1	0
17	1	1	0
18	1	1	0
19	1	1	0
20	1	1	0
21	1	1	0
22	1	1	0
23	1	1	0
24	1	1	0
25	1	1	0
26	0	0	1
27	0	0	1
28	1	0	0
29	1	1	0
30	1	1	0
31	1	1	0
32	1	1	0
33	0	0	1
34	1	1	0
35	1	1	0
36	0	0	1
37	1	0	0
38	1	1	0
39	1	0	0
40	1	1	0
41	1	1	0
42	0	0	1
43	0	0	1
44	1	0	0
45	0	0	1
46	1	1	0
47	1	1	0
48	1	1	0
49	1	1	0
50	1	1	0
51	1	1	0
52	1	1	0
53	1	0	0
54	1	1	0
55	1	1	0
56	0	0	1
57	1	1	0
58	0	0	1
59	1	1	0
60	1	1	0
61	0	0	1
62	0	0	1
63	1	1	0
64	1	1	0
65	1	1	0
66	0	0	1
67	0	0	1
68	1	1	0
69	1	1	0
70	1	1	0
71	1	1	0
72	1	1	0
73	0	0	1
74	1	1	0
75	0	0	1
76	0	0	1
77	1	1	0
78	0	0	1
79	1	0	0
80	1	1	0
81	0	0	1
82	1	1	0
83	1	1	0
84	1	1	0
85	1	1	0
86	1	0	0
87	1	1	0
88	0	0	1
89	1	1	0
90	1	1	0
91	1	1	0
92	1	1	0
93	0	0	1
94	1	1	0
95	1	1	0
96	0	0	1
97	0	0	1
98	1	1	0
99	1	1	0
