Observation	Correct	FP	FN
0	5	0	0
1	5	0	0
2	5	0	0
3	5	0	0
4	5	0	0
5	5	0	0
6	5	0	0
7	5	1	0
8	5	0	0
9	5	0	0
10	5	0	0
11	5	1	0
12	5	1	0
13	5	0	0
14	5	0	0
15	5	1	0
16	5	0	0
17	5	1	0
18	4	0	1
19	5	0	0
20	4	0	1
21	5	1	0
22	5	0	0
23	4	0	1
24	4	0	1
25	5	1	0
26	5	0	0
27	5	1	0
28	5	1	0
29	5	0	0
30	4	0	1
31	5	0	0
32	5	1	0
33	4	0	1
34	4	0	1
35	5	1	0
36	5	1	0
37	4	0	1
38	5	1	0
39	4	0	1
40	4	0	1
41	4	0	1
42	5	1	0
43	5	0	0
44	5	1	0
45	5	1	0
46	4	0	1
47	5	1	0
48	5	0	0
49	5	1	0
50	4	0	1
51	4	0	1
52	5	0	0
53	5	0	0
54	4	0	1
55	5	0	0
56	5	1	0
57	5	1	0
58	5	1	0
59	4	0	1
60	4	0	1
61	4	0	1
62	5	1	0
63	5	1	0
64	4	0	1
65	4	0	1
66	5	1	0
67	4	0	1
68	4	0	1
69	5	1	0
70	4	0	1
71	4	0	1
72	4	0	1
73	4	0	1
74	4	0	1
75	4	0	1
76	4	0	1
77	4	0	1
78	5	0	0
79	4	0	1
80	4	1	1
81	4	0	1
82	5	1	0
83	5	1	0
84	5	0	0
85	4	0	1
86	5	0	0
87	5	1	0
88	4	0	1
89	4	0	1
90	4	0	1
91	4	0	1
92	4	1	1
93	4	0	1
94	4	1	1
95	4	0	1
96	5	1	0
97	4	0	1
98	4	0	1
99	5	1	0
