Observation	Correct	FP	FN
0	5	0	0
1	5	0	0
2	5	0	0
3	5	0	0
4	5	0	0
5	5	0	0
6	5	0	0
7	5	0	0
8	5	0	0
9	5	0	0
10	5	0	0
11	5	0	0
12	5	0	0
13	5	0	0
14	5	0	0
15	5	0	0
16	5	0	0
17	5	0	0
18	5	0	0
19	5	0	0
20	5	0	0
21	5	0	0
22	5	0	0
23	5	0	0
24	5	0	0
25	5	0	0
26	5	0	0
27	5	0	0
28	5	0	0
29	5	0	0
30	5	0	0
31	5	1	0
32	5	0	0
33	5	0	0
34	5	0	0
35	5	0	0
36	5	1	0
37	4	0	1
38	5	0	0
39	5	1	0
40	5	1	0
41	5	0	0
42	5	1	0
43	5	0	0
44	5	0	0
45	5	1	0
46	5	0	0
47	5	0	0
48	5	1	0
49	5	1	0
50	4	0	1
51	5	1	0
52	4	0	1
53	4	0	1
54	5	0	0
55	5	0	0
56	4	0	1
57	5	0	0
58	5	1	0
59	5	1	0
60	5	1	0
61	5	0	0
62	5	0	0
63	5	0	0
64	4	0	1
65	5	1	0
66	5	0	0
67	5	0	0
68	5	1	0
69	4	0	1
70	4	0	1
71	5	0	0
72	4	0	1
73	4	0	1
74	5	1	0
75	5	1	0
76	5	0	0
77	5	1	0
78	4	0	1
79	5	0	0
80	5	0	0
81	4	0	1
82	4	0	1
83	5	0	0
84	4	0	1
85	5	1	0
86	5	1	0
87	5	0	0
88	4	0	1
89	4	0	1
90	5	1	0
91	5	1	0
92	4	0	1
93	5	1	0
94	5	0	0
95	5	1	0
96	5	1	0
97	5	1	0
98	5	1	0
99	5	1	0
