Observation	Correct	FP	FN
0	4	0	0
1	4	0	0
2	4	0	0
3	4	0	0
4	4	0	0
5	4	0	0
6	4	0	0
7	4	1	0
8	4	0	0
9	4	0	0
10	4	0	0
11	4	1	0
12	3	1	1
13	3	1	1
14	4	0	0
15	4	0	0
16	4	0	0
17	4	0	0
18	4	0	0
19	4	0	0
20	4	0	0
21	4	0	0
22	4	0	0
23	4	0	0
24	3	1	1
25	4	0	0
26	4	1	0
27	4	0	0
28	4	0	0
29	4	0	0
30	4	0	0
31	4	0	0
32	3	1	1
33	3	1	1
34	3	1	1
35	4	0	0
36	4	0	0
37	3	1	1
38	4	1	0
39	4	0	0
40	4	1	0
41	4	0	0
42	4	0	0
43	4	0	0
44	3	1	1
45	3	1	1
46	4	0	0
47	4	0	0
48	4	0	0
49	4	0	0
50	4	1	0
51	3	1	1
52	4	1	0
53	3	1	1
54	4	1	0
55	4	0	0
56	4	1	0
57	4	0	0
58	4	0	0
59	4	0	0
60	3	1	1
61	3	1	1
62	4	0	0
63	4	0	0
64	3	1	1
65	3	1	1
66	3	1	1
67	4	0	0
68	3	1	1
69	3	1	1
70	3	1	1
71	4	0	0
72	4	0	0
73	4	0	0
74	4	0	0
75	4	0	0
76	3	1	1
77	3	1	1
78	3	1	1
79	3	1	1
80	3	1	1
81	3	1	1
82	4	0	0
83	4	0	0
84	4	0	0
85	3	1	1
86	3	1	1
87	3	1	1
88	4	1	0
89	3	1	1
90	4	0	0
91	4	0	0
92	3	1	1
93	4	1	0
94	4	0	0
95	4	0	0
96	4	0	0
97	4	0	0
98	4	0	0
99	3	1	1
