Observation	Correct	FP	FN
0	2	1	0
1	2	1	0
2	2	0	0
3	2	0	0
4	2	1	0
5	1	0	1
6	2	1	0
7	2	1	0
8	2	2	0
9	1	0	1
10	2	1	0
11	2	0	0
12	2	0	0
13	1	1	1
14	2	1	0
15	2	0	0
16	1	0	1
17	1	0	1
18	1	0	1
19	2	2	0
20	2	1	0
21	2	0	0
22	2	2	0
23	2	1	0
24	2	0	0
25	2	2	0
26	2	2	0
27	1	0	1
28	2	2	0
29	1	0	1
30	1	1	1
31	2	2	0
32	1	0	1
33	1	0	1
34	1	2	1
35	1	0	1
36	2	3	0
37	2	2	0
38	2	0	0
39	1	1	1
40	2	0	0
41	2	2	0
42	1	2	1
43	2	0	0
44	2	0	0
45	0	0	2
46	2	2	0
47	2	3	0
48	2	2	0
49	2	2	0
50	2	2	0
51	2	2	0
52	2	3	0
53	0	0	2
54	2	3	0
55	2	4	0
56	2	2	0
57	1	0	1
58	1	0	1
59	0	0	2
60	2	2	0
61	1	2	1
62	0	0	2
63	1	0	1
64	2	4	0
65	2	2	0
66	2	4	0
67	0	0	2
68	0	0	2
69	2	2	0
70	2	2	0
71	2	2	0
72	1	2	1
73	0	0	2
74	2	0	0
75	1	0	1
76	2	3	0
77	2	1	0
78	2	4	0
79	2	3	0
80	2	3	0
81	2	1	0
82	2	2	0
83	2	4	0
84	0	0	2
85	0	0	2
86	2	0	0
87	1	0	1
88	0	0	2
89	0	0	2
90	0	0	2
91	0	0	2
92	2	4	0
93	0	0	2
94	0	0	2
95	2	3	0
96	0	0	2
97	0	0	2
98	0	0	2
99	0	0	2
