Observation	Correct	FP	FN
0	2	0	0
1	2	0	0
2	2	0	0
3	1	0	1
4	2	0	0
5	2	0	0
6	2	0	0
7	2	0	0
8	1	0	1
9	2	0	0
10	1	0	1
11	2	0	0
12	2	0	0
13	2	0	0
14	2	0	0
15	2	0	0
16	2	0	0
17	2	0	0
18	2	0	0
19	1	0	1
20	2	0	0
21	1	0	1
22	1	0	1
23	1	0	1
24	2	0	0
25	2	0	0
26	2	0	0
27	2	0	0
28	1	0	1
29	2	0	0
30	1	0	1
31	1	0	1
32	1	0	1
33	2	0	0
34	1	0	1
35	2	0	0
36	2	0	0
37	2	0	0
38	1	0	1
39	1	0	1
40	2	0	0
41	2	0	0
42	2	0	0
43	2	0	0
44	1	0	1
45	0	0	2
46	0	0	2
47	1	0	1
48	2	1	0
49	1	0	1
50	1	0	1
51	0	0	2
52	0	0	2
53	0	0	2
54	2	1	0
55	2	0	0
56	2	0	0
57	2	0	0
58	2	0	0
59	1	0	1
60	2	1	0
61	2	0	0
62	2	0	0
63	2	1	0
64	2	1	0
65	2	1	0
66	1	0	1
67	0	0	2
68	2	1	0
69	2	1	0
70	0	0	2
71	2	0	0
72	2	1	0
73	0	0	2
74	1	0	1
75	2	1	0
76	2	0	0
77	2	0	0
78	0	0	2
79	2	1	0
80	0	0	2
81	2	1	0
82	0	0	2
83	2	1	0
84	2	0	0
85	0	0	2
86	0	0	2
87	0	0	2
88	0	0	2
89	2	0	0
90	0	0	2
91	0	0	2
92	0	0	2
93	2	1	0
94	0	0	2
95	2	1	0
96	2	1	0
97	0	0	2
98	1	0	1
99	2	0	0
