Observation	Correct	FP	FN
0	2	0	0
1	2	0	0
2	2	0	0
3	2	0	0
4	2	0	0
5	1	0	1
6	2	0	0
7	2	0	0
8	2	0	0
9	2	0	0
10	1	0	1
11	1	0	1
12	2	0	0
13	1	0	1
14	1	0	1
15	1	0	1
16	2	0	0
17	1	0	1
18	1	0	1
19	1	0	1
20	2	0	0
21	2	0	0
22	2	0	0
23	1	0	1
24	1	0	1
25	2	0	0
26	2	0	0
27	1	0	1
28	1	0	1
29	2	0	0
30	1	0	1
31	2	0	0
32	1	0	1
33	1	0	1
34	1	0	1
35	1	0	1
36	1	0	1
37	1	0	1
38	1	0	1
39	1	0	1
40	2	0	0
41	0	0	2
42	2	0	0
43	2	1	0
44	0	0	2
45	2	0	0
46	2	0	0
47	1	0	1
48	0	0	2
49	2	0	0
50	2	0	0
51	1	0	1
52	0	0	2
53	2	1	0
54	1	0	1
55	2	0	0
56	1	0	1
57	2	0	0
58	0	0	2
59	2	1	0
60	1	0	1
61	2	0	0
62	2	0	0
63	2	0	0
64	0	0	2
65	2	0	0
66	2	0	0
67	1	0	1
68	2	0	0
69	1	0	1
70	1	0	1
71	2	0	0
72	2	1	0
73	0	0	2
74	2	1	0
75	2	0	0
76	2	1	0
77	1	0	1
78	2	0	0
79	2	1	0
80	2	1	0
81	2	0	0
82	2	0	0
83	0	0	2
84	2	1	0
85	2	0	0
86	2	1	0
87	0	0	2
88	2	1	0
89	0	0	2
90	0	0	2
91	0	0	2
92	0	0	2
93	2	1	0
94	2	0	0
95	2	1	0
96	1	0	1
97	2	1	0
98	1	0	1
99	0	0	2
