Observation	Correct	FP	FN
0	2	0	0
1	2	0	0
2	2	0	0
3	2	0	0
4	2	0	0
5	1	0	1
6	2	0	0
7	2	0	0
8	2	0	0
9	2	0	0
10	2	0	0
11	2	0	0
12	2	0	0
13	2	0	0
14	2	0	0
15	2	0	0
16	2	0	0
17	2	0	0
18	2	0	0
19	2	0	0
20	2	0	0
21	2	0	0
22	1	0	1
23	2	0	0
24	2	0	0
25	1	0	1
26	2	0	0
27	2	0	0
28	2	0	0
29	2	0	0
30	1	0	1
31	1	0	1
32	1	0	1
33	1	0	1
34	2	0	0
35	0	0	2
36	2	0	0
37	2	0	0
38	2	0	0
39	2	0	0
40	2	0	0
41	2	1	0
42	2	0	0
43	0	0	2
44	2	1	0
45	2	1	0
46	1	0	1
47	0	0	2
48	1	0	1
49	0	0	2
50	0	0	2
51	2	1	0
52	1	0	1
53	0	0	2
54	0	0	2
55	2	0	0
56	0	0	2
57	2	1	0
58	2	1	0
59	2	0	0
60	1	0	1
61	0	0	2
62	2	1	0
63	2	2	0
64	2	1	0
65	2	1	0
66	2	1	0
67	2	1	0
68	2	1	0
69	2	2	0
70	2	1	0
71	0	0	2
72	2	1	0
73	2	1	0
74	2	0	0
75	2	1	0
76	2	1	0
77	0	0	2
78	2	0	0
79	0	0	2
80	2	2	0
81	2	1	0
82	1	0	1
83	2	1	0
84	2	0	0
85	1	0	1
86	1	1	1
87	0	0	2
88	1	0	1
89	2	1	0
90	0	0	2
91	0	0	2
92	2	0	0
93	1	0	1
94	2	1	0
95	0	0	2
96	0	0	2
97	2	1	0
98	2	1	0
99	0	0	2
