Observation	Correct	FP	FN
0	1	0	0
1	1	0	0
2	1	0	0
3	1	0	0
4	1	0	0
5	1	0	0
6	1	0	0
7	1	0	0
8	1	0	0
9	1	0	0
10	1	0	0
11	1	0	0
12	1	0	0
13	1	0	0
14	1	0	0
15	1	0	0
16	1	0	0
17	1	0	0
18	1	0	0
19	1	0	0
20	1	0	0
21	1	0	0
22	1	1	0
23	1	0	0
24	1	0	0
25	1	0	0
26	1	1	0
27	1	0	0
28	1	0	0
29	1	0	0
30	1	1	0
31	1	0	0
32	1	1	0
33	1	0	0
34	1	0	0
35	1	0	0
36	1	0	0
37	1	1	0
38	1	0	0
39	1	0	0
40	1	0	0
41	1	1	0
42	1	0	0
43	1	0	0
44	1	0	0
45	1	0	0
46	1	1	0
47	1	0	0
48	1	0	0
49	1	2	0
50	1	1	0
51	1	0	0
52	1	0	0
53	0	0	1
54	1	3	0
55	1	0	0
56	1	1	0
57	1	3	0
58	1	3	0
59	1	3	0
60	0	0	1
61	0	0	1
62	1	3	0
63	1	2	0
64	0	0	1
65	1	0	0
66	0	0	1
67	1	1	0
68	1	2	0
69	1	0	0
70	1	5	0
71	1	4	0
72	0	0	1
73	1	2	0
74	1	1	0
75	0	0	1
76	1	1	0
77	0	0	1
78	1	0	0
79	1	2	0
80	1	2	0
81	1	3	0
82	0	0	1
83	1	1	0
84	1	0	0
85	0	0	1
86	1	2	0
87	1	0	0
88	1	1	0
89	1	1	0
90	1	0	0
91	1	5	0
92	1	3	0
93	0	0	1
94	0	1	1
95	0	0	1
96	1	4	0
97	0	0	1
98	0	0	1
99	0	0	1
