Observation	Correct	FP	FN
0	2	0	0
1	2	0	0
2	2	0	0
3	2	0	0
4	2	0	0
5	2	0	0
6	2	0	0
7	2	0	0
8	2	0	0
9	2	0	0
10	2	0	0
11	1	0	1
12	2	0	0
13	1	0	1
14	2	0	0
15	2	0	0
16	2	0	0
17	2	0	0
18	2	0	0
19	1	0	1
20	2	0	0
21	2	0	0
22	2	0	0
23	1	0	1
24	1	0	1
25	1	0	1
26	2	0	0
27	2	0	0
28	1	0	1
29	2	0	0
30	2	0	0
31	2	0	0
32	1	0	1
33	1	0	1
34	2	0	0
35	2	0	0
36	1	0	1
37	1	0	1
38	2	0	0
39	0	0	2
40	2	0	0
41	1	0	1
42	2	0	0
43	2	0	0
44	2	0	0
45	1	0	1
46	0	0	2
47	2	0	0
48	2	0	0
49	2	0	0
50	2	0	0
51	2	0	0
52	2	0	0
53	2	0	0
54	1	0	1
55	2	0	0
56	2	0	0
57	1	0	1
58	2	0	0
59	0	0	2
60	0	0	2
61	2	0	0
62	2	0	0
63	1	0	1
64	1	0	1
65	1	0	1
66	0	0	2
67	2	0	0
68	0	0	2
69	0	0	2
70	0	0	2
71	2	1	0
72	2	0	0
73	2	1	0
74	2	0	0
75	2	1	0
76	2	0	0
77	2	1	0
78	2	1	0
79	2	0	0
80	2	1	0
81	2	1	0
82	0	0	2
83	2	1	0
84	1	0	1
85	0	0	2
86	0	0	2
87	0	0	2
88	2	1	0
89	1	0	1
90	2	1	0
91	1	0	1
92	2	0	0
93	2	1	0
94	2	2	0
95	2	0	0
96	2	1	0
97	2	1	0
98	0	0	2
99	0	0	2
