Observation	Correct	FP	FN
0	2	0	0
1	2	0	0
2	2	0	0
3	2	0	0
4	1	0	1
5	2	0	0
6	2	0	0
7	2	0	0
8	1	0	1
9	2	0	0
10	2	0	0
11	2	0	0
12	2	0	0
13	2	0	0
14	2	0	0
15	2	0	0
16	2	0	0
17	2	0	0
18	2	0	0
19	2	0	0
20	2	0	0
21	2	0	0
22	1	0	1
23	1	0	1
24	2	0	0
25	1	0	1
26	2	0	0
27	1	0	1
28	2	0	0
29	1	0	1
30	2	0	0
31	1	0	1
32	1	0	1
33	1	0	1
34	1	0	1
35	2	0	0
36	2	0	0
37	1	0	1
38	2	0	0
39	2	0	0
40	2	0	0
41	2	0	0
42	2	1	0
43	0	0	2
44	2	0	0
45	2	0	0
46	2	0	0
47	2	0	0
48	2	0	0
49	1	0	1
50	1	0	1
51	1	0	1
52	1	0	1
53	2	1	0
54	1	0	1
55	0	0	2
56	2	0	0
57	2	0	0
58	0	0	2
59	2	0	0
60	0	0	2
61	0	0	2
62	0	0	2
63	2	0	0
64	0	0	2
65	0	0	2
66	1	0	1
67	0	0	2
68	2	1	0
69	2	1	0
70	2	1	0
71	0	0	2
72	2	0	0
73	2	0	0
74	1	0	1
75	0	0	2
76	0	0	2
77	0	0	2
78	2	1	0
79	0	0	2
80	2	1	0
81	2	0	0
82	2	0	0
83	2	1	0
84	0	0	2
85	2	1	0
86	1	0	1
87	0	0	2
88	1	0	1
89	2	1	0
90	2	0	0
91	1	0	1
92	2	1	0
93	2	1	0
94	0	0	2
95	2	1	0
96	2	0	0
97	2	1	0
98	2	1	0
99	2	1	0
