Observation	Correct	FP	FN
0	4	0	1
1	5	0	0
2	4	0	1
3	5	0	0
4	5	0	0
5	5	0	0
6	5	0	0
7	5	0	0
8	5	0	0
9	5	0	0
10	4	0	1
11	4	0	1
12	4	0	1
13	5	0	0
14	5	0	0
15	5	0	0
16	5	0	0
17	5	0	0
18	4	0	1
19	4	0	1
20	5	0	0
21	4	0	1
22	4	0	1
23	5	0	0
24	5	0	0
25	4	0	1
26	4	0	1
27	5	0	0
28	4	0	1
29	4	0	1
30	4	0	1
31	4	0	1
32	4	0	1
33	5	0	0
34	5	0	0
35	5	0	0
36	5	0	0
37	5	0	0
38	4	0	1
39	4	0	1
40	5	0	0
41	5	0	0
42	4	0	1
43	5	0	0
44	5	0	0
45	4	0	1
46	5	0	0
47	5	0	0
48	4	0	1
49	4	0	1
50	5	0	0
51	4	0	1
52	4	0	1
53	5	0	0
54	4	0	1
55	5	0	0
56	5	0	0
57	5	0	0
58	5	0	0
59	5	0	0
60	4	0	1
61	5	0	0
62	4	0	1
63	4	0	1
64	5	0	0
65	5	0	0
66	4	0	1
67	5	0	0
68	5	0	0
69	5	0	0
70	4	0	1
71	5	0	0
72	5	0	0
73	5	0	0
74	5	0	0
75	5	0	0
76	4	0	1
77	4	0	1
78	5	0	0
79	4	0	1
80	4	0	1
81	4	0	1
82	5	0	0
83	5	0	0
84	4	0	1
85	5	0	0
86	5	0	0
87	5	0	0
88	5	0	0
89	5	0	0
90	4	0	1
91	5	0	0
92	5	0	0
93	4	0	1
94	5	0	0
95	5	0	0
96	5	0	0
97	5	0	0
98	4	0	1
99	4	0	1
