Observation	Correct	FP	FN
0	1	1	0
1	1	0	0
2	1	0	0
3	0	0	1
4	1	1	0
5	1	1	0
6	0	0	1
7	1	1	0
8	1	1	0
9	1	0	0
10	1	0	0
11	1	0	0
12	1	1	0
13	1	1	0
14	1	1	0
15	0	0	1
16	1	0	0
17	1	1	0
18	1	1	0
19	1	0	0
20	1	1	0
21	1	1	0
22	0	0	1
23	1	1	0
24	1	1	0
25	1	1	0
26	1	1	0
27	1	1	0
28	0	0	1
29	1	1	0
30	1	1	0
31	1	1	0
32	1	1	0
33	1	0	0
34	0	0	1
35	1	0	0
36	1	1	0
37	1	1	0
38	1	0	0
39	1	1	0
40	0	0	1
41	1	1	0
42	0	0	1
43	1	1	0
44	1	0	0
45	0	0	1
46	1	1	0
47	0	0	1
48	0	0	1
49	1	1	0
50	0	0	1
51	1	1	0
52	0	0	1
53	0	0	1
54	1	1	0
55	0	0	1
56	1	1	0
57	1	1	0
58	1	0	0
59	1	1	0
60	1	1	0
61	1	1	0
62	1	1	0
63	1	1	0
64	1	1	0
65	1	0	0
66	0	0	1
67	1	0	0
68	0	0	1
69	0	0	1
70	1	0	0
71	1	1	0
72	0	0	1
73	1	1	0
74	1	1	0
75	1	1	0
76	1	1	0
77	0	0	1
78	1	0	0
79	1	1	0
80	1	0	0
81	0	0	1
82	1	0	0
83	0	0	1
84	1	1	0
85	0	0	1
86	1	1	0
87	1	0	0
88	1	0	0
89	1	1	0
90	1	0	0
91	1	0	0
92	0	0	1
93	1	1	0
94	0	0	1
95	1	1	0
96	1	1	0
97	0	0	1
98	1	1	0
99	0	0	1
