Observation	Correct	FP	FN
0	2	0	0
1	2	0	0
2	2	0	0
3	2	0	0
4	2	0	0
5	2	0	0
6	2	0	0
7	2	0	0
8	2	0	0
9	2	0	0
10	2	0	0
11	1	0	1
12	2	0	0
13	2	0	0
14	2	0	0
15	2	0	0
16	2	0	0
17	2	0	0
18	2	0	0
19	1	0	1
20	2	0	0
21	2	0	0
22	2	0	0
23	2	0	0
24	2	0	0
25	2	0	0
26	1	0	1
27	2	0	0
28	2	0	0
29	2	0	0
30	1	0	1
31	2	0	0
32	1	0	1
33	2	0	0
34	2	0	0
35	1	0	1
36	2	1	0
37	1	0	1
38	2	0	0
39	2	0	0
40	1	0	1
41	1	0	1
42	2	0	0
43	2	0	0
44	2	0	0
45	2	0	0
46	1	0	1
47	2	0	0
48	2	0	0
49	2	0	0
50	2	1	0
51	2	0	0
52	2	0	0
53	1	0	1
54	2	1	0
55	1	0	1
56	2	0	0
57	2	1	0
58	2	1	0
59	2	1	0
60	2	1	0
61	2	0	0
62	2	0	0
63	2	0	0
64	2	1	0
65	0	0	2
66	2	0	0
67	2	1	0
68	0	0	2
69	2	1	0
70	2	1	0
71	0	0	2
72	2	1	0
73	2	1	0
74	2	0	0
75	0	0	2
76	0	0	2
77	1	0	1
78	0	0	2
79	1	0	1
80	2	0	0
81	0	0	2
82	0	0	2
83	2	1	0
84	2	1	0
85	2	1	0
86	2	1	0
87	0	0	2
88	2	2	0
89	2	1	0
90	0	0	2
91	2	1	0
92	2	3	0
93	2	3	0
94	0	0	2
95	2	0	0
96	2	2	0
97	1	2	1
98	0	0	2
99	2	1	0
