Observation	Correct	FP	FN
0	2	0	0
1	2	0	0
2	2	0	0
3	2	0	0
4	1	0	1
5	2	0	0
6	1	0	1
7	2	0	0
8	2	0	0
9	2	0	0
10	1	0	1
11	2	0	0
12	2	0	0
13	2	0	0
14	1	0	1
15	2	0	0
16	2	0	0
17	1	0	1
18	1	0	1
19	2	0	0
20	2	0	0
21	2	0	0
22	2	0	0
23	2	0	0
24	2	0	0
25	2	0	0
26	2	0	0
27	2	0	0
28	2	0	0
29	1	0	1
30	2	0	0
31	2	0	0
32	1	0	1
33	2	0	0
34	2	0	0
35	0	0	2
36	2	0	0
37	2	0	0
38	2	0	0
39	2	1	0
40	2	0	0
41	2	1	0
42	2	0	0
43	2	0	0
44	2	1	0
45	2	1	0
46	2	0	0
47	2	0	0
48	0	0	2
49	1	0	1
50	2	0	0
51	2	1	0
52	2	0	0
53	0	0	2
54	1	0	1
55	0	0	2
56	0	0	2
57	2	1	0
58	1	0	1
59	2	1	0
60	2	2	0
61	2	2	0
62	2	1	0
63	2	2	0
64	2	1	0
65	2	1	0
66	0	0	2
67	0	0	2
68	2	1	0
69	2	0	0
70	0	0	2
71	2	1	0
72	2	1	0
73	2	0	0
74	2	2	0
75	1	1	1
76	2	1	0
77	2	1	0
78	1	0	1
79	2	1	0
80	2	1	0
81	1	0	1
82	0	0	2
83	1	0	1
84	2	1	0
85	2	2	0
86	0	0	2
87	1	0	1
88	0	0	2
89	0	0	2
90	2	1	0
91	0	0	2
92	0	0	2
93	1	1	1
94	1	1	1
95	2	1	0
96	0	0	2
97	0	0	2
98	2	2	0
99	2	1	0
