Observation	Correct	FP	FN
0	1	0	0
1	1	0	0
2	1	1	0
3	1	1	0
4	0	0	1
5	1	1	0
6	1	1	0
7	0	0	1
8	0	0	1
9	0	0	1
10	1	1	0
11	1	1	0
12	1	1	0
13	1	1	0
14	1	1	0
15	1	1	0
16	1	1	0
17	1	0	0
18	1	1	0
19	0	0	1
20	1	0	0
21	1	1	0
22	0	0	1
23	1	1	0
24	1	1	0
25	1	1	0
26	0	0	1
27	0	0	1
28	1	1	0
29	0	0	1
30	1	1	0
31	1	1	0
32	1	0	0
33	1	1	0
34	1	1	0
35	1	1	0
36	0	0	1
37	1	1	0
38	0	0	1
39	1	1	0
40	1	1	0
41	1	1	0
42	1	1	0
43	0	0	1
44	1	1	0
45	1	1	0
46	1	0	0
47	1	0	0
48	0	0	1
49	1	0	0
50	0	0	1
51	1	1	0
52	1	0	0
53	0	0	1
54	1	1	0
55	1	1	0
56	1	0	0
57	1	1	0
58	1	1	0
59	1	1	0
60	1	1	0
61	1	1	0
62	1	1	0
63	0	0	1
64	0	0	1
65	0	0	1
66	0	0	1
67	1	1	0
68	1	1	0
69	0	0	1
70	0	0	1
71	0	0	1
72	1	1	0
73	1	1	0
74	1	1	0
75	1	1	0
76	1	1	0
77	0	0	1
78	1	0	0
79	0	0	1
80	0	0	1
81	1	1	0
82	1	1	0
83	1	1	0
84	0	0	1
85	1	0	0
86	1	0	0
87	0	0	1
88	1	0	0
89	1	1	0
90	0	0	1
91	1	1	0
92	1	1	0
93	1	1	0
94	0	0	1
95	1	0	0
96	0	0	1
97	1	1	0
98	1	1	0
99	1	1	0
