Observation	Correct	FP	FN
0	2	0	0
1	2	0	0
2	2	0	0
3	2	0	0
4	2	0	0
5	2	0	0
6	1	0	1
7	2	0	0
8	2	0	0
9	1	0	1
10	2	0	0
11	2	0	0
12	2	0	0
13	2	0	0
14	2	0	0
15	1	0	1
16	2	0	0
17	2	0	0
18	1	0	1
19	2	0	0
20	1	0	1
21	1	0	1
22	1	0	1
23	1	0	1
24	2	0	0
25	2	0	0
26	2	0	0
27	2	0	0
28	1	0	1
29	1	0	1
30	2	0	0
31	2	0	0
32	2	0	0
33	2	0	0
34	1	0	1
35	2	0	0
36	1	0	1
37	2	0	0
38	2	0	0
39	1	0	1
40	2	0	0
41	2	0	0
42	2	0	0
43	0	0	2
44	0	0	2
45	2	1	0
46	1	0	1
47	2	1	0
48	1	0	1
49	2	1	0
50	2	0	0
51	2	0	0
52	2	0	0
53	2	0	0
54	1	0	1
55	0	0	2
56	0	0	2
57	2	1	0
58	2	1	0
59	1	0	1
60	0	0	2
61	2	0	0
62	2	1	0
63	2	0	0
64	2	0	0
65	2	1	0
66	2	0	0
67	2	1	0
68	0	0	2
69	2	1	0
70	2	1	0
71	0	0	2
72	2	1	0
73	2	0	0
74	0	0	2
75	2	0	0
76	2	0	0
77	2	0	0
78	1	0	1
79	2	1	0
80	2	1	0
81	0	0	2
82	2	0	0
83	2	0	0
84	1	0	1
85	2	1	0
86	0	0	2
87	1	0	1
88	2	1	0
89	2	1	0
90	2	0	0
91	1	0	1
92	2	1	0
93	0	0	2
94	2	1	0
95	0	0	2
96	2	1	0
97	0	0	2
98	2	1	0
99	1	0	1
