Observation	Correct	FP	FN
0	2	0	0
1	2	0	0
2	2	0	0
3	2	0	0
4	2	0	0
5	2	0	0
6	2	0	0
7	2	0	0
8	2	0	0
9	2	0	0
10	2	0	0
11	1	0	1
12	2	0	0
13	2	0	0
14	2	0	0
15	2	0	0
16	2	0	0
17	2	0	0
18	2	0	0
19	2	0	0
20	2	0	0
21	2	0	0
22	1	0	1
23	1	0	1
24	1	0	1
25	2	0	0
26	2	0	0
27	1	0	1
28	2	0	0
29	2	0	0
30	1	0	1
31	2	0	0
32	1	0	1
33	2	0	0
34	2	0	0
35	2	0	0
36	2	0	0
37	2	0	0
38	2	1	0
39	2	0	0
40	2	0	0
41	2	0	0
42	1	0	1
43	2	1	0
44	2	0	0
45	2	0	0
46	2	0	0
47	2	1	0
48	2	0	0
49	2	1	0
50	1	0	1
51	1	0	1
52	2	0	0
53	2	0	0
54	1	0	1
55	1	0	1
56	1	0	1
57	1	0	1
58	1	0	1
59	0	0	2
60	2	1	0
61	2	0	0
62	1	0	1
63	2	0	0
64	2	1	0
65	1	0	1
66	1	0	1
67	2	0	0
68	2	1	0
69	2	0	0
70	1	0	1
71	0	0	2
72	0	0	2
73	2	0	0
74	2	1	0
75	2	1	0
76	1	0	1
77	0	0	2
78	2	1	0
79	2	1	0
80	1	0	1
81	2	1	0
82	2	0	0
83	2	1	0
84	2	1	0
85	2	1	0
86	1	0	1
87	2	0	0
88	1	0	1
89	2	1	0
90	2	1	0
91	0	0	2
92	2	2	0
93	0	0	2
94	2	1	0
95	2	0	0
96	0	0	2
97	2	1	0
98	2	1	0
99	1	0	1
