Observation	Correct	FP	FN
0	2	0	0
1	2	0	0
2	2	0	0
3	2	0	0
4	2	0	0
5	2	0	0
6	1	0	1
7	2	0	0
8	1	0	1
9	2	0	0
10	2	0	0
11	2	0	0
12	2	0	0
13	2	0	0
14	1	0	1
15	2	0	0
16	1	0	1
17	1	0	1
18	2	0	0
19	1	0	1
20	1	0	1
21	2	0	0
22	2	0	0
23	1	0	1
24	2	0	0
25	1	0	1
26	1	0	1
27	1	0	1
28	2	0	0
29	2	0	0
30	2	0	0
31	1	0	1
32	1	0	1
33	2	0	0
34	2	0	0
35	2	0	0
36	2	0	0
37	0	0	2
38	2	0	0
39	2	0	0
40	2	0	0
41	1	0	1
42	2	1	0
43	0	0	2
44	2	0	0
45	2	0	0
46	1	0	1
47	0	0	2
48	1	0	1
49	0	0	2
50	2	0	0
51	1	0	1
52	1	0	1
53	2	0	0
54	1	0	1
55	2	1	0
56	0	0	2
57	0	0	2
58	2	0	0
59	2	1	0
60	2	0	0
61	1	0	1
62	2	1	0
63	2	1	0
64	0	0	2
65	0	0	2
66	0	0	2
67	2	0	0
68	2	0	0
69	0	0	2
70	2	0	0
71	2	1	0
72	2	0	0
73	2	0	0
74	0	0	2
75	2	1	0
76	2	1	0
77	2	1	0
78	0	0	2
79	0	0	2
80	2	1	0
81	2	1	0
82	2	0	0
83	0	0	2
84	2	1	0
85	1	0	1
86	0	0	2
87	2	1	0
88	0	0	2
89	2	0	0
90	1	0	1
91	0	0	2
92	2	1	0
93	0	0	2
94	2	0	0
95	2	1	0
96	2	1	0
97	0	0	2
98	0	0	2
99	2	0	0
