Observation	Correct	FP	FN
0	3	0	0
1	3	0	0
2	3	0	0
3	2	0	1
4	3	0	0
5	3	0	0
6	3	0	0
7	2	0	1
8	3	0	0
9	3	0	0
10	2	0	1
11	3	0	0
12	3	0	0
13	3	0	0
14	3	0	0
15	3	0	0
16	2	0	1
17	3	0	0
18	3	0	0
19	2	0	1
20	3	0	0
21	3	0	0
22	3	0	0
23	3	0	0
24	3	0	0
25	2	0	1
26	3	0	0
27	2	0	1
28	2	0	1
29	2	0	1
30	3	0	0
31	3	0	0
32	2	0	1
33	1	0	2
34	2	0	1
35	3	0	0
36	2	0	1
37	2	0	1
38	0	0	3
39	3	0	0
40	3	0	0
41	0	0	3
42	3	1	0
43	0	0	3
44	3	1	0
45	0	0	3
46	3	0	0
47	3	1	0
48	0	0	3
49	0	0	3
50	3	0	0
51	1	0	2
52	0	0	3
53	3	1	0
54	0	0	3
55	1	0	2
56	0	0	3
57	0	0	3
58	3	0	0
59	3	1	0
60	0	0	3
61	3	1	0
62	3	1	0
63	0	0	3
64	3	1	0
65	0	0	3
66	0	0	3
67	3	1	0
68	1	0	2
69	0	0	3
70	2	0	1
71	0	0	3
72	3	1	0
73	3	1	0
74	3	1	0
75	0	0	3
76	0	0	3
77	0	0	3
78	3	1	0
79	3	1	0
80	3	1	0
81	1	0	2
82	1	0	2
83	3	1	0
84	2	0	1
85	3	0	0
86	3	1	0
87	2	0	1
88	1	0	2
89	1	0	2
90	0	0	3
91	3	1	0
92	3	0	0
93	0	0	3
94	2	0	1
95	3	1	0
96	3	1	0
97	0	0	3
98	0	0	3
99	3	1	0
