Observation	Correct	FP	FN
0	2	0	0
1	2	0	0
2	2	0	0
3	2	0	0
4	2	0	0
5	2	0	0
6	1	0	1
7	2	0	0
8	1	0	1
9	2	0	0
10	2	0	0
11	1	0	1
12	2	0	0
13	1	0	1
14	2	0	0
15	2	0	0
16	2	0	0
17	1	0	1
18	2	0	0
19	2	0	0
20	1	0	1
21	2	0	0
22	2	0	0
23	1	0	1
24	2	0	0
25	1	0	1
26	1	0	1
27	2	0	0
28	2	0	0
29	2	0	0
30	2	0	0
31	1	0	1
32	1	0	1
33	2	0	0
34	2	0	0
35	2	0	0
36	2	0	0
37	2	0	0
38	0	0	2
39	2	0	0
40	0	0	2
41	1	0	1
42	0	0	2
43	2	0	0
44	1	0	1
45	1	0	1
46	2	0	0
47	2	0	0
48	2	0	0
49	2	0	0
50	2	1	0
51	2	0	0
52	2	0	0
53	2	1	0
54	0	0	2
55	2	1	0
56	0	0	2
57	2	0	0
58	1	0	1
59	2	0	0
60	2	0	0
61	2	1	0
62	2	0	0
63	2	0	0
64	2	0	0
65	2	1	0
66	1	0	1
67	0	0	2
68	0	0	2
69	2	0	0
70	1	0	1
71	2	0	0
72	2	0	0
73	0	0	2
74	0	0	2
75	2	0	0
76	0	0	2
77	0	0	2
78	0	0	2
79	1	0	1
80	2	0	0
81	2	0	0
82	2	1	0
83	2	1	0
84	2	0	0
85	2	1	0
86	0	0	2
87	2	1	0
88	1	0	1
89	2	1	0
90	1	0	1
91	2	1	0
92	0	0	2
93	2	1	0
94	0	0	2
95	0	0	2
96	0	0	2
97	2	0	0
98	0	0	2
99	1	0	1
