Observation	Correct	FP	FN
0	2	0	0
1	2	0	0
2	2	0	0
3	2	0	0
4	2	0	0
5	2	0	0
6	2	0	0
7	2	0	0
8	2	0	0
9	1	0	1
10	1	0	1
11	2	0	0
12	2	0	0
13	1	0	1
14	1	0	1
15	2	0	0
16	2	0	0
17	2	0	0
18	1	0	1
19	2	1	0
20	2	0	0
21	2	1	0
22	2	0	0
23	2	0	0
24	2	0	0
25	2	0	0
26	2	1	0
27	1	0	1
28	1	0	1
29	2	1	0
30	1	0	1
31	1	0	1
32	2	0	0
33	2	0	0
34	2	1	0
35	1	0	1
36	0	0	2
37	2	1	0
38	2	0	0
39	2	0	0
40	1	0	1
41	2	0	0
42	2	0	0
43	2	0	0
44	2	0	0
45	2	1	0
46	2	1	0
47	1	0	1
48	0	0	2
49	1	0	1
50	1	0	1
51	2	0	0
52	2	0	0
53	2	1	0
54	2	2	0
55	2	2	0
56	2	1	0
57	2	2	0
58	2	2	0
59	2	1	0
60	2	1	0
61	2	0	0
62	2	2	0
63	0	0	2
64	1	0	1
65	2	1	0
66	2	0	0
67	0	0	2
68	2	0	0
69	0	0	2
70	2	2	0
71	0	0	2
72	1	0	1
73	0	0	2
74	0	0	2
75	0	0	2
76	2	1	0
77	0	0	2
78	2	2	0
79	0	0	2
80	0	0	2
81	2	0	0
82	2	2	0
83	0	0	2
84	0	0	2
85	2	3	0
86	2	1	0
87	0	0	2
88	1	1	1
89	0	0	2
90	2	2	0
91	1	1	1
92	2	2	0
93	2	2	0
94	1	0	1
95	2	1	0
96	0	0	2
97	2	3	0
98	0	0	2
99	0	0	2
