Observation	Correct	FP	FN
0	2	0	0
1	2	0	0
2	2	0	0
3	2	0	0
4	2	0	0
5	2	0	0
6	2	0	0
7	2	0	0
8	2	0	0
9	2	0	0
10	2	0	0
11	2	0	0
12	2	0	0
13	2	0	0
14	1	0	1
15	2	0	0
16	2	0	0
17	2	0	0
18	2	0	0
19	2	0	0
20	1	0	1
21	2	0	0
22	1	0	1
23	1	0	1
24	2	0	0
25	2	0	0
26	1	0	1
27	2	0	0
28	1	0	1
29	1	0	1
30	2	0	0
31	2	0	0
32	2	0	0
33	2	0	0
34	2	0	0
35	1	0	1
36	2	0	0
37	1	0	1
38	1	0	1
39	1	0	1
40	2	0	0
41	2	0	0
42	2	0	0
43	2	0	0
44	2	1	0
45	1	0	1
46	2	0	0
47	1	0	1
48	1	0	1
49	1	0	1
50	2	0	0
51	2	1	0
52	1	0	1
53	2	0	0
54	2	0	0
55	2	1	0
56	2	0	0
57	2	1	0
58	2	1	0
59	2	0	0
60	2	0	0
61	2	1	0
62	1	0	1
63	2	1	0
64	1	0	1
65	2	1	0
66	1	0	1
67	2	0	0
68	2	0	0
69	1	0	1
70	2	1	0
71	2	0	0
72	2	1	0
73	2	1	0
74	0	0	2
75	1	0	1
76	1	0	1
77	2	1	0
78	1	0	1
79	2	1	0
80	2	1	0
81	2	0	0
82	2	0	0
83	2	0	0
84	2	0	0
85	2	0	0
86	0	0	2
87	0	0	2
88	0	0	2
89	1	0	1
90	2	1	0
91	0	0	2
92	1	0	1
93	0	0	2
94	0	0	2
95	2	1	0
96	2	0	0
97	0	0	2
98	2	1	0
99	0	0	2
