Observation	Correct	FP	FN
0	2	0	0
1	2	0	0
2	2	0	0
3	2	0	0
4	2	0	0
5	2	0	0
6	2	0	0
7	2	0	0
8	2	0	0
9	2	0	0
10	2	0	0
11	1	0	1
12	1	0	1
13	2	0	0
14	2	0	0
15	2	0	0
16	2	0	0
17	1	0	1
18	2	0	0
19	2	0	0
20	1	0	1
21	2	0	0
22	2	0	0
23	1	0	1
24	1	0	1
25	2	0	0
26	2	0	0
27	1	0	1
28	2	0	0
29	2	0	0
30	2	0	0
31	2	0	0
32	1	0	1
33	2	1	0
34	1	0	1
35	1	0	1
36	2	0	0
37	2	1	0
38	2	1	0
39	2	0	0
40	2	0	0
41	1	0	1
42	2	0	0
43	1	0	1
44	1	0	1
45	2	0	0
46	2	1	0
47	2	1	0
48	1	0	1
49	1	0	1
50	2	0	0
51	1	0	1
52	1	0	1
53	2	0	0
54	2	0	0
55	1	0	1
56	1	0	1
57	2	0	0
58	1	0	1
59	2	1	0
60	2	0	0
61	2	0	0
62	1	0	1
63	2	1	0
64	1	0	1
65	2	1	0
66	1	0	1
67	2	1	0
68	1	0	1
69	2	1	0
70	2	0	0
71	2	1	0
72	1	0	1
73	2	1	0
74	2	0	0
75	0	0	2
76	0	0	2
77	2	1	0
78	2	1	0
79	2	0	0
80	2	1	0
81	2	1	0
82	2	1	0
83	2	0	0
84	1	0	1
85	2	1	0
86	2	0	0
87	0	0	2
88	0	0	2
89	2	1	0
90	1	0	1
91	2	1	0
92	2	0	0
93	0	0	2
94	2	0	0
95	0	0	2
96	0	0	2
97	2	1	0
98	2	0	0
99	0	0	2
