Observation	Correct	FP	FN
0	3	0	0
1	3	0	0
2	3	0	0
3	3	0	0
4	3	0	0
5	3	0	0
6	3	0	0
7	3	0	0
8	3	0	0
9	3	0	0
10	3	0	0
11	3	0	0
12	2	0	1
13	2	0	1
14	3	0	0
15	3	0	0
16	3	0	0
17	3	0	0
18	2	0	1
19	3	0	0
20	3	0	0
21	3	0	0
22	2	0	1
23	2	0	1
24	3	0	0
25	3	0	0
26	1	0	2
27	3	0	0
28	2	0	1
29	3	0	0
30	1	0	2
31	1	0	2
32	1	0	2
33	2	0	1
34	3	0	0
35	3	0	0
36	2	0	1
37	3	0	0
38	3	1	0
39	1	0	2
40	3	0	0
41	2	0	1
42	3	1	0
43	3	1	0
44	1	0	2
45	3	0	0
46	3	1	0
47	3	1	0
48	3	1	0
49	2	0	1
50	3	0	0
51	1	0	2
52	3	1	0
53	3	0	0
54	3	1	0
55	2	0	1
56	3	0	0
57	3	1	0
58	3	0	0
59	1	0	2
60	2	0	1
61	1	0	2
62	3	0	0
63	2	1	1
64	2	0	1
65	1	0	2
66	3	1	0
67	3	1	0
68	3	1	0
69	2	0	1
70	2	0	1
71	1	0	2
72	0	0	3
73	0	0	3
74	2	1	1
75	2	0	1
76	0	0	3
77	0	0	3
78	2	0	1
79	1	0	2
80	1	0	2
81	2	0	1
82	2	0	1
83	3	1	0
84	3	1	0
85	2	1	1
86	3	1	0
87	0	0	3
88	3	1	0
89	3	1	0
90	1	0	2
91	0	0	3
92	3	0	0
93	3	1	0
94	1	0	2
95	0	0	3
96	3	1	0
97	2	0	1
98	2	1	1
99	1	0	2
