Observation	Correct	FP	FN
0	4	0	0
1	4	0	0
2	4	0	0
3	4	0	0
4	4	0	0
5	4	0	0
6	4	0	0
7	4	0	0
8	4	0	0
9	4	0	0
10	4	0	0
11	4	0	0
12	4	0	0
13	4	0	0
14	3	0	1
15	4	0	0
16	4	0	0
17	4	0	0
18	3	0	1
19	3	0	1
20	3	0	1
21	4	0	0
22	3	0	1
23	4	0	0
24	4	0	0
25	4	0	0
26	3	0	1
27	4	0	0
28	4	0	0
29	4	0	0
30	4	0	0
31	3	0	1
32	3	0	1
33	4	0	0
34	4	0	0
35	3	0	1
36	3	0	1
37	3	0	1
38	4	0	0
39	4	0	0
40	3	0	1
41	3	0	1
42	4	0	0
43	4	0	0
44	3	0	1
45	3	0	1
46	3	0	1
47	3	0	1
48	3	0	1
49	4	0	0
50	4	0	0
51	4	0	0
52	4	0	0
53	3	0	1
54	3	0	1
55	3	0	1
56	4	0	0
57	4	0	0
58	4	0	0
59	3	0	1
60	4	0	0
61	4	0	0
62	4	0	0
63	3	0	1
64	4	0	0
65	3	0	1
66	3	0	1
67	4	0	0
68	4	0	0
69	4	0	0
70	3	0	1
71	4	0	0
72	4	0	0
73	3	0	1
74	4	0	0
75	3	0	1
76	4	0	0
77	4	0	0
78	3	0	1
79	3	0	1
80	4	0	0
81	4	0	0
82	3	0	1
83	3	0	1
84	4	0	0
85	3	0	1
86	4	0	0
87	3	0	1
88	4	0	0
89	4	0	0
90	3	0	1
91	4	0	0
92	4	0	0
93	3	0	1
94	4	0	0
95	3	0	1
96	3	0	1
97	4	0	0
98	4	0	0
99	3	0	1
