Observation	Correct	FP	FN
0	0	0	2
1	2	0	0
2	0	0	2
3	2	0	0
4	2	0	0
5	2	0	0
6	0	0	2
7	2	0	0
8	2	0	0
9	0	0	2
10	2	0	0
11	0	0	2
12	0	0	2
13	2	0	0
14	1	0	1
15	2	0	0
16	2	0	0
17	2	0	0
18	2	0	0
19	0	0	2
20	0	0	2
21	0	0	2
22	2	0	0
23	0	0	2
24	0	0	2
25	2	0	0
26	2	0	0
27	0	0	2
28	0	0	2
29	0	0	2
30	0	0	2
31	0	0	2
32	2	0	0
33	0	0	2
34	2	0	0
35	2	0	0
36	0	0	2
37	1	0	1
38	0	0	2
39	2	0	0
40	0	0	2
41	2	0	0
42	2	0	0
43	2	0	0
44	0	0	2
45	2	0	0
46	2	0	0
47	2	0	0
48	2	0	0
49	2	0	0
50	2	0	0
51	2	0	0
52	0	0	2
53	2	0	0
54	1	0	1
55	2	0	0
56	0	0	2
57	0	0	2
58	2	0	0
59	0	0	2
60	2	0	0
61	2	0	0
62	2	0	0
63	2	0	0
64	2	0	0
65	0	0	2
66	2	0	0
67	0	0	2
68	2	0	0
69	2	0	0
70	2	0	0
71	0	0	2
72	0	0	2
73	2	0	0
74	2	0	0
75	2	0	0
76	2	0	0
77	2	0	0
78	0	0	2
79	0	0	2
80	2	0	0
81	2	0	0
82	2	0	0
83	0	0	2
84	2	0	0
85	2	0	0
86	2	0	0
87	2	0	0
88	2	0	0
89	2	0	0
90	2	0	0
91	2	0	0
92	2	0	0
93	2	0	0
94	0	0	2
95	2	0	0
96	2	0	0
97	0	0	2
98	0	0	2
99	0	0	2
