Observation	Correct	FP	FN
0	2	0	0
1	2	0	0
2	2	0	0
3	1	0	1
4	2	0	0
5	2	0	0
6	2	0	0
7	2	0	0
8	2	0	0
9	2	0	0
10	2	0	0
11	2	0	0
12	1	0	1
13	2	0	0
14	1	0	1
15	1	0	1
16	2	0	0
17	2	0	0
18	2	0	0
19	2	0	0
20	2	0	0
21	1	0	1
22	2	0	0
23	2	0	0
24	2	0	0
25	1	0	1
26	2	0	0
27	2	0	0
28	2	0	0
29	1	0	1
30	2	0	0
31	2	0	0
32	1	0	1
33	2	0	0
34	2	0	0
35	2	1	0
36	1	0	1
37	2	0	0
38	0	0	2
39	2	0	0
40	2	0	0
41	2	0	0
42	0	0	2
43	0	0	2
44	2	1	0
45	2	0	0
46	2	0	0
47	2	1	0
48	1	0	1
49	2	0	0
50	1	0	1
51	2	0	0
52	2	0	0
53	0	0	2
54	2	1	0
55	1	0	1
56	0	0	2
57	2	0	0
58	2	1	0
59	1	0	1
60	0	0	2
61	0	0	2
62	2	1	0
63	1	0	1
64	2	0	0
65	1	0	1
66	1	0	1
67	2	1	0
68	2	0	0
69	0	0	2
70	2	1	0
71	1	0	1
72	0	0	2
73	1	0	1
74	1	0	1
75	2	1	0
76	0	0	2
77	2	0	0
78	0	0	2
79	1	0	1
80	2	0	0
81	1	0	1
82	0	0	2
83	2	1	0
84	0	0	2
85	1	0	1
86	0	0	2
87	2	1	0
88	2	0	0
89	2	1	0
90	0	0	2
91	2	0	0
92	2	0	0
93	1	0	1
94	2	0	0
95	0	0	2
96	2	0	0
97	2	0	0
98	2	0	0
99	2	1	0
