Observation	Correct	FP	FN
0	4	0	0
1	4	0	0
2	4	0	0
3	4	0	0
4	4	0	0
5	4	0	0
6	4	0	0
7	4	0	0
8	3	1	1
9	4	0	0
10	4	1	0
11	4	1	0
12	3	1	1
13	3	1	1
14	3	1	1
15	4	0	0
16	4	0	0
17	3	1	1
18	3	1	1
19	4	0	0
20	3	1	1
21	3	1	1
22	4	0	0
23	3	1	1
24	3	1	1
25	4	0	0
26	4	0	0
27	4	1	0
28	4	0	0
29	3	0	1
30	3	1	1
31	4	0	0
32	4	0	0
33	4	0	0
34	4	0	0
35	4	0	0
36	3	1	1
37	4	0	0
38	3	0	1
39	4	0	0
40	4	0	0
41	3	1	1
42	3	0	1
43	4	0	0
44	4	0	0
45	4	0	0
46	4	1	0
47	4	0	0
48	4	1	0
49	4	0	0
50	3	1	1
51	3	0	1
52	4	0	0
53	4	0	0
54	3	1	1
55	3	1	1
56	4	0	0
57	4	0	0
58	4	0	0
59	4	0	0
60	4	0	0
61	4	1	0
62	4	0	0
63	3	1	1
64	4	0	0
65	4	0	0
66	4	1	0
67	3	1	1
68	4	0	0
69	3	1	1
70	4	0	0
71	4	0	0
72	4	0	0
73	3	1	1
74	4	0	0
75	3	1	1
76	3	1	1
77	4	0	0
78	3	0	1
79	4	0	0
80	3	1	1
81	3	1	1
82	3	1	1
83	3	1	1
84	3	0	1
85	4	1	0
86	4	0	0
87	4	0	0
88	3	1	1
89	4	0	0
90	3	1	1
91	3	1	1
92	4	0	0
93	4	0	0
94	4	0	0
95	3	1	1
96	3	0	1
97	4	0	0
98	3	1	1
99	4	0	0
