Observation	Correct	FP	FN
0	2	0	0
1	2	0	0
2	2	0	0
3	2	0	0
4	2	0	0
5	2	0	0
6	2	0	0
7	2	0	0
8	1	0	1
9	2	0	0
10	2	0	0
11	2	0	0
12	1	0	1
13	2	0	0
14	1	0	1
15	1	0	1
16	2	0	0
17	1	0	1
18	2	0	0
19	2	0	0
20	1	0	1
21	2	0	0
22	2	0	0
23	2	0	0
24	2	0	0
25	2	0	0
26	1	0	1
27	2	0	0
28	2	0	0
29	2	0	0
30	1	0	1
31	1	0	1
32	2	0	0
33	2	0	0
34	1	0	1
35	2	0	0
36	2	0	0
37	2	0	0
38	1	0	1
39	2	0	0
40	2	0	0
41	2	0	0
42	2	0	0
43	0	0	2
44	2	0	0
45	0	0	2
46	0	0	2
47	0	0	2
48	2	0	0
49	2	1	0
50	1	0	1
51	2	0	0
52	2	0	0
53	0	0	2
54	2	1	0
55	0	0	2
56	2	1	0
57	2	0	0
58	2	0	0
59	1	0	1
60	2	0	0
61	2	0	0
62	0	0	2
63	2	0	0
64	2	0	0
65	2	1	0
66	0	0	2
67	2	0	0
68	2	1	0
69	0	0	2
70	2	0	0
71	0	0	2
72	2	1	0
73	1	0	1
74	1	0	1
75	2	0	0
76	0	0	2
77	2	0	0
78	1	0	1
79	2	0	0
80	2	0	0
81	0	0	2
82	0	0	2
83	0	0	2
84	1	0	1
85	2	0	0
86	0	0	2
87	2	1	0
88	0	0	2
89	0	0	2
90	2	1	0
91	0	0	2
92	0	0	2
93	0	0	2
94	1	0	1
95	2	1	0
96	2	1	0
97	0	0	2
98	1	0	1
99	1	0	1
