Observation	Correct	FP	FN
0	2	0	0
1	2	0	0
2	2	0	0
3	2	0	0
4	2	0	0
5	2	0	0
6	2	0	0
7	2	0	0
8	2	0	0
9	2	0	0
10	2	0	0
11	2	0	0
12	2	0	0
13	2	0	0
14	2	0	0
15	2	0	0
16	1	0	1
17	2	0	0
18	1	0	1
19	1	0	1
20	2	0	0
21	1	0	1
22	1	0	1
23	2	0	0
24	1	0	1
25	2	0	0
26	2	0	0
27	2	0	0
28	1	0	1
29	2	0	0
30	2	0	0
31	2	0	0
32	1	0	1
33	2	0	0
34	2	0	0
35	2	1	0
36	2	0	0
37	2	1	0
38	1	0	1
39	2	0	0
40	2	0	0
41	1	0	1
42	2	1	0
43	1	0	1
44	2	0	0
45	1	0	1
46	1	0	1
47	1	0	1
48	1	0	1
49	2	0	0
50	2	0	0
51	2	1	0
52	2	0	0
53	1	0	1
54	2	0	0
55	2	0	0
56	2	0	0
57	2	1	0
58	1	0	1
59	2	1	0
60	1	0	1
61	0	0	2
62	1	0	1
63	2	1	0
64	2	1	0
65	2	1	0
66	2	0	0
67	2	1	0
68	2	1	0
69	2	1	0
70	1	0	1
71	2	1	0
72	2	1	0
73	2	1	0
74	0	0	2
75	2	0	0
76	0	0	2
77	1	0	1
78	0	0	2
79	2	1	0
80	2	0	0
81	2	1	0
82	0	0	2
83	2	1	0
84	0	0	2
85	1	0	1
86	2	1	0
87	2	1	0
88	2	1	0
89	2	0	0
90	2	0	0
91	0	0	2
92	0	0	2
93	2	1	0
94	2	0	0
95	2	0	0
96	2	1	0
97	2	1	0
98	0	0	2
99	2	0	0
