Observation	Correct	FP	FN
0	4	0	0
1	4	0	0
2	4	0	0
3	4	0	0
4	4	0	0
5	4	0	0
6	4	0	0
7	4	0	0
8	4	0	0
9	4	0	0
10	3	0	1
11	4	0	0
12	4	0	0
13	4	0	0
14	4	0	0
15	4	0	0
16	4	0	0
17	4	0	0
18	4	0	0
19	2	0	2
20	2	0	2
21	4	0	0
22	4	0	0
23	3	0	1
24	3	0	1
25	3	0	1
26	4	0	0
27	2	0	2
28	4	0	0
29	2	0	2
30	3	0	1
31	4	0	0
32	4	0	0
33	2	0	2
34	4	0	0
35	4	1	0
36	1	0	3
37	2	0	2
38	4	0	0
39	4	0	0
40	4	1	0
41	4	1	0
42	4	0	0
43	1	0	3
44	4	1	0
45	4	0	0
46	4	0	0
47	4	0	0
48	4	1	0
49	3	0	1
50	4	0	0
51	4	0	0
52	4	1	0
53	1	0	3
54	4	0	0
55	4	1	0
56	3	0	1
57	4	1	0
58	4	1	0
59	4	1	0
60	0	0	4
61	4	0	0
62	0	0	4
63	4	1	0
64	0	0	4
65	4	1	0
66	2	0	2
67	1	0	3
68	2	0	2
69	2	0	2
70	1	0	3
71	0	0	4
72	0	0	4
73	1	0	3
74	4	1	0
75	4	1	0
76	4	2	0
77	1	0	3
78	4	2	0
79	0	0	4
80	0	0	4
81	3	1	1
82	0	0	4
83	2	0	2
84	4	2	0
85	0	0	4
86	2	0	2
87	2	0	2
88	0	0	4
89	2	1	2
90	3	1	1
91	1	0	3
92	0	0	4
93	3	1	1
94	4	1	0
95	1	0	3
96	4	1	0
97	4	1	0
98	1	0	3
99	2	1	2
