Observation	Correct	FP	FN
0	2	0	0
1	2	0	0
2	2	0	0
3	2	0	0
4	2	0	0
5	2	0	0
6	2	0	0
7	2	0	0
8	2	0	0
9	2	0	0
10	1	0	1
11	1	0	1
12	2	0	0
13	1	0	1
14	2	0	0
15	2	0	0
16	2	0	0
17	2	0	0
18	1	0	1
19	2	0	0
20	2	0	0
21	2	0	0
22	1	0	1
23	2	0	0
24	2	0	0
25	2	0	0
26	1	0	1
27	2	0	0
28	2	0	0
29	2	0	0
30	1	0	1
31	1	0	1
32	1	0	1
33	1	0	1
34	1	0	1
35	1	0	1
36	2	0	0
37	2	1	0
38	2	1	0
39	2	0	0
40	1	0	1
41	2	0	0
42	2	0	0
43	2	0	0
44	2	0	0
45	2	0	0
46	2	1	0
47	2	0	0
48	1	0	1
49	2	0	0
50	1	0	1
51	2	0	0
52	1	0	1
53	2	1	0
54	2	1	0
55	1	0	1
56	2	1	0
57	2	1	0
58	2	0	0
59	1	0	1
60	1	0	1
61	1	0	1
62	1	0	1
63	2	1	0
64	0	0	2
65	0	0	2
66	0	0	2
67	2	1	0
68	0	0	2
69	2	1	0
70	1	0	1
71	1	0	1
72	2	0	0
73	1	0	1
74	2	1	0
75	2	0	0
76	2	0	0
77	2	1	0
78	1	0	1
79	0	0	2
80	2	1	0
81	2	1	0
82	2	1	0
83	1	0	1
84	0	0	2
85	0	0	2
86	0	0	2
87	2	0	0
88	2	1	0
89	2	1	0
90	1	0	1
91	2	1	0
92	1	0	1
93	1	0	1
94	2	1	0
95	2	0	0
96	2	2	0
97	0	0	2
98	1	0	1
99	2	1	0
