Observation	Correct	FP	FN
0	3	0	0
1	3	0	0
2	3	0	0
3	2	0	1
4	3	0	0
5	3	0	0
6	3	0	0
7	3	0	0
8	3	0	0
9	3	0	0
10	3	0	0
11	2	0	1
12	2	0	1
13	3	0	0
14	2	0	1
15	3	0	0
16	3	0	0
17	2	0	1
18	3	0	0
19	3	0	0
20	3	0	0
21	3	0	0
22	2	0	1
23	3	0	0
24	3	0	0
25	2	0	1
26	3	0	0
27	3	0	0
28	3	0	0
29	3	0	0
30	3	0	0
31	3	0	0
32	1	0	2
33	3	0	0
34	2	0	1
35	3	0	0
36	3	0	0
37	0	0	3
38	0	0	3
39	3	0	0
40	3	0	0
41	0	0	3
42	3	1	0
43	0	0	3
44	3	0	0
45	0	0	3
46	3	0	0
47	0	0	3
48	3	0	0
49	2	0	1
50	3	1	0
51	3	1	0
52	3	0	0
53	3	0	0
54	0	0	3
55	3	0	0
56	3	1	0
57	1	0	2
58	1	0	2
59	3	1	0
60	3	1	0
61	3	1	0
62	3	0	0
63	0	0	3
64	1	0	2
65	1	0	2
66	3	1	0
67	3	1	0
68	3	0	0
69	3	1	0
70	0	0	3
71	0	0	3
72	3	0	0
73	0	0	3
74	1	0	2
75	3	1	0
76	0	0	3
77	0	0	3
78	0	0	3
79	3	1	0
80	0	0	3
81	2	0	1
82	3	0	0
83	0	0	3
84	1	0	2
85	3	1	0
86	0	0	3
87	0	0	3
88	2	0	1
89	3	1	0
90	0	0	3
91	2	0	1
92	2	0	1
93	2	0	1
94	3	1	0
95	3	1	0
96	0	0	3
97	3	1	0
98	2	0	1
99	2	0	1
