Observation	Correct	FP	FN
0	5	0	0
1	4	0	1
2	5	0	0
3	5	0	0
4	5	0	0
5	5	0	0
6	5	0	0
7	5	0	0
8	4	0	1
9	4	0	1
10	5	0	0
11	5	0	0
12	5	0	0
13	5	0	0
14	4	0	1
15	5	0	0
16	5	1	0
17	4	0	1
18	5	0	0
19	4	0	1
20	5	1	0
21	5	0	0
22	5	0	0
23	5	0	0
24	5	1	0
25	4	0	1
26	5	1	0
27	5	0	0
28	5	0	0
29	5	1	0
30	5	0	0
31	5	0	0
32	5	1	0
33	5	0	0
34	5	1	0
35	4	0	1
36	4	0	1
37	5	1	0
38	5	0	0
39	5	0	0
40	5	1	0
41	4	0	1
42	4	0	1
43	5	0	0
44	4	0	1
45	5	0	0
46	5	0	0
47	4	0	1
48	4	0	1
49	4	0	1
50	5	0	0
51	4	0	1
52	5	1	0
53	5	1	0
54	4	0	1
55	4	0	1
56	5	1	0
57	4	0	1
58	5	0	0
59	5	1	0
60	4	0	1
61	5	1	0
62	4	0	1
63	4	0	1
64	5	1	0
65	4	0	1
66	5	1	0
67	4	0	1
68	4	0	1
69	4	0	1
70	4	0	1
71	4	0	1
72	5	0	0
73	4	0	1
74	5	1	0
75	4	0	1
76	5	1	0
77	4	0	1
78	5	1	0
79	4	0	1
80	5	1	0
81	4	0	1
82	5	1	0
83	5	0	0
84	5	1	0
85	4	0	1
86	4	0	1
87	4	0	1
88	5	0	0
89	5	1	0
90	5	0	0
91	4	0	1
92	4	0	1
93	4	0	1
94	4	0	1
95	5	1	0
96	5	0	0
97	4	0	1
98	4	0	1
99	5	2	0
