Observation	Correct	FP	FN
0	2	0	0
1	2	0	0
2	2	0	0
3	2	0	0
4	2	0	0
5	2	0	0
6	2	0	0
7	2	0	0
8	2	0	0
9	2	0	0
10	2	0	0
11	2	0	0
12	2	0	0
13	2	0	0
14	1	0	1
15	2	0	0
16	1	0	1
17	1	0	1
18	2	0	0
19	2	0	0
20	2	0	0
21	2	0	0
22	2	0	0
23	2	0	0
24	1	0	1
25	2	0	0
26	2	0	0
27	2	0	0
28	1	0	1
29	2	0	0
30	1	0	1
31	1	0	1
32	2	0	0
33	2	0	0
34	2	0	0
35	2	1	0
36	2	0	0
37	1	0	1
38	2	0	0
39	2	0	0
40	2	0	0
41	1	0	1
42	2	0	0
43	1	0	1
44	2	1	0
45	2	0	0
46	2	0	0
47	2	1	0
48	1	0	1
49	2	1	0
50	1	0	1
51	2	0	0
52	1	0	1
53	2	1	0
54	2	0	0
55	2	1	0
56	2	1	0
57	1	0	1
58	1	0	1
59	1	0	1
60	2	0	0
61	2	0	0
62	1	0	1
63	2	0	0
64	2	1	0
65	2	1	0
66	2	0	0
67	2	0	0
68	2	0	0
69	0	0	2
70	1	0	1
71	1	0	1
72	0	0	2
73	2	1	0
74	2	1	0
75	0	0	2
76	2	0	0
77	2	1	0
78	1	0	1
79	2	0	0
80	2	0	0
81	1	0	1
82	0	0	2
83	0	0	2
84	0	0	2
85	0	0	2
86	2	1	0
87	0	0	2
88	0	0	2
89	2	1	0
90	1	0	1
91	2	0	0
92	2	1	0
93	2	1	0
94	0	0	2
95	0	0	2
96	1	0	1
97	0	0	2
98	2	0	0
99	0	0	2
