Observation	Correct	FP	FN
0	2	0	0
1	2	0	0
2	2	0	0
3	2	0	0
4	2	0	0
5	2	0	0
6	2	0	0
7	2	0	0
8	2	0	0
9	2	0	0
10	2	0	0
11	2	0	0
12	2	0	0
13	2	0	0
14	2	0	0
15	1	0	1
16	2	0	0
17	2	0	0
18	2	0	0
19	1	0	1
20	2	0	0
21	2	0	0
22	1	0	1
23	2	0	0
24	1	0	1
25	2	0	0
26	1	0	1
27	2	0	0
28	2	0	0
29	1	0	1
30	1	0	1
31	2	0	0
32	2	0	0
33	1	0	1
34	2	0	0
35	2	0	0
36	1	0	1
37	2	0	0
38	2	0	0
39	1	0	1
40	2	0	0
41	2	0	0
42	2	0	0
43	2	0	0
44	0	0	2
45	2	0	0
46	2	0	0
47	1	0	1
48	2	0	0
49	0	0	2
50	0	0	2
51	1	0	1
52	2	0	0
53	2	0	0
54	2	0	0
55	0	0	2
56	2	0	0
57	1	0	1
58	2	0	0
59	2	0	0
60	2	0	0
61	2	1	0
62	0	0	2
63	2	1	0
64	2	0	0
65	1	0	1
66	2	1	0
67	2	0	0
68	2	0	0
69	2	1	0
70	0	0	2
71	2	0	0
72	0	0	2
73	1	0	1
74	2	1	0
75	2	0	0
76	2	1	0
77	2	1	0
78	2	1	0
79	1	0	1
80	2	1	0
81	1	0	1
82	0	0	2
83	2	1	0
84	0	0	2
85	2	1	0
86	2	1	0
87	0	0	2
88	2	0	0
89	2	1	0
90	2	1	0
91	2	1	0
92	0	0	2
93	0	0	2
94	2	1	0
95	2	0	0
96	2	0	0
97	2	1	0
98	0	0	2
99	2	1	0
