Observation	Correct	FP	FN
0	5	0	0
1	5	0	0
2	5	0	0
3	5	0	0
4	5	0	0
5	5	1	0
6	5	0	0
7	5	1	0
8	5	1	0
9	5	1	0
10	5	0	0
11	5	1	0
12	5	1	0
13	5	1	0
14	5	1	0
15	5	0	0
16	5	0	0
17	5	1	0
18	5	0	0
19	5	1	0
20	5	0	0
21	5	0	0
22	5	1	0
23	5	1	0
24	4	0	1
25	5	0	0
26	4	0	1
27	5	1	0
28	4	0	1
29	5	1	0
30	5	1	0
31	4	0	1
32	5	0	0
33	5	0	0
34	5	1	0
35	5	0	0
36	5	0	0
37	5	0	0
38	4	0	1
39	5	0	0
40	4	0	1
41	5	1	0
42	5	0	0
43	5	1	0
44	5	1	0
45	5	1	0
46	4	0	1
47	5	0	0
48	4	0	1
49	5	1	0
50	5	1	0
51	5	0	0
52	5	0	0
53	4	0	1
54	5	0	0
55	5	0	0
56	5	1	0
57	5	0	0
58	5	1	0
59	4	0	1
60	4	0	1
61	5	0	0
62	5	1	0
63	5	1	0
64	5	0	0
65	5	0	0
66	4	0	1
67	5	0	0
68	5	0	0
69	4	0	1
70	4	0	1
71	4	0	1
72	4	0	1
73	5	0	0
74	4	0	1
75	4	0	1
76	5	1	0
77	4	0	1
78	4	0	1
79	4	0	1
80	5	1	0
81	5	1	0
82	5	1	0
83	5	1	0
84	5	0	0
85	4	0	1
86	4	0	1
87	4	0	1
88	5	1	0
89	4	0	1
90	4	0	1
91	4	0	1
92	4	0	1
93	4	0	1
94	5	1	0
95	4	0	1
96	5	1	0
97	4	0	1
98	4	0	1
99	5	0	0
