Observation	Correct	FP	FN
0	6	0	0
1	6	0	0
2	5	0	1
3	6	0	0
4	5	0	1
5	6	0	0
6	5	0	1
7	6	0	0
8	5	0	1
9	5	0	1
10	5	0	1
11	6	0	0
12	5	0	1
13	5	0	1
14	6	0	0
15	5	0	1
16	6	0	0
17	6	0	0
18	6	0	0
19	6	0	0
20	5	0	1
21	6	0	0
22	5	0	1
23	6	0	0
24	6	0	0
25	6	0	0
26	6	0	0
27	6	0	0
28	6	0	0
29	6	0	0
30	5	0	1
31	6	0	0
32	5	0	1
33	5	0	1
34	6	0	0
35	5	0	1
36	5	0	1
37	5	0	1
38	6	0	0
39	6	0	0
40	5	0	1
41	6	0	0
42	6	0	0
43	6	0	0
44	6	0	0
45	5	0	1
46	6	0	0
47	5	0	1
48	5	0	1
49	6	0	0
50	6	0	0
51	5	0	1
52	5	0	1
53	6	0	0
54	5	0	1
55	6	0	0
56	6	0	0
57	6	0	0
58	6	0	0
59	6	0	0
60	6	0	0
61	6	0	0
62	6	0	0
63	5	0	1
64	6	0	0
65	6	0	0
66	6	0	0
67	5	0	1
68	6	0	0
69	6	0	0
70	6	0	0
71	5	0	1
72	6	0	0
73	6	0	0
74	6	0	0
75	5	0	1
76	5	0	1
77	5	0	1
78	6	0	0
79	6	0	0
80	6	0	0
81	6	0	0
82	6	0	0
83	6	0	0
84	6	0	0
85	5	0	1
86	6	0	0
87	5	0	1
88	6	0	0
89	5	0	1
90	6	0	0
91	6	0	0
92	6	0	0
93	6	0	0
94	6	0	0
95	6	0	0
96	6	0	0
97	6	0	0
98	6	0	0
99	6	0	0
