Observation	Correct	FP	FN
0	5	0	0
1	5	0	0
2	5	0	0
3	5	0	0
4	5	0	0
5	5	0	0
6	5	0	0
7	4	0	1
8	5	0	0
9	5	0	0
10	5	0	0
11	5	0	0
12	4	0	1
13	5	0	0
14	5	0	0
15	4	0	1
16	5	0	0
17	4	0	1
18	5	0	0
19	5	0	0
20	5	0	0
21	5	0	0
22	5	0	0
23	5	0	0
24	5	0	0
25	5	0	0
26	5	0	0
27	4	0	1
28	4	0	1
29	4	0	1
30	4	0	1
31	5	0	0
32	5	0	0
33	5	0	0
34	4	0	1
35	4	0	1
36	5	0	0
37	5	0	0
38	5	0	0
39	4	0	1
40	4	0	1
41	5	0	0
42	5	0	0
43	5	0	0
44	5	1	0
45	5	0	0
46	5	0	0
47	4	0	1
48	5	1	0
49	5	0	0
50	5	1	0
51	5	1	0
52	4	0	1
53	4	0	1
54	5	1	0
55	5	1	0
56	5	0	0
57	5	0	0
58	5	0	0
59	5	0	0
60	5	0	0
61	4	0	1
62	5	1	0
63	4	0	1
64	4	0	1
65	5	1	0
66	4	0	1
67	5	0	0
68	4	0	1
69	5	0	0
70	5	1	0
71	4	0	1
72	4	0	1
73	4	0	1
74	5	0	0
75	5	1	0
76	4	0	1
77	5	0	0
78	4	0	1
79	4	0	1
80	4	0	1
81	5	0	0
82	4	0	1
83	5	1	0
84	5	1	0
85	4	0	1
86	5	0	0
87	4	0	1
88	5	0	0
89	4	0	1
90	4	0	1
91	4	0	1
92	5	1	0
93	5	1	0
94	4	0	1
95	4	0	1
96	5	1	0
97	4	0	1
98	5	1	0
99	4	0	1
