Observation	Correct	FP	FN
0	2	0	0
1	2	0	0
2	2	0	0
3	2	0	0
4	2	0	0
5	2	0	0
6	2	0	0
7	2	0	0
8	2	0	0
9	2	0	0
10	1	0	1
11	2	0	0
12	2	0	0
13	2	0	0
14	2	0	0
15	2	0	0
16	1	0	1
17	2	0	0
18	2	0	0
19	2	0	0
20	2	0	0
21	1	0	1
22	2	0	0
23	1	0	1
24	1	0	1
25	2	0	0
26	1	0	1
27	1	0	1
28	2	0	0
29	2	0	0
30	2	0	0
31	2	0	0
32	2	0	0
33	2	0	0
34	2	1	0
35	1	0	1
36	2	1	0
37	2	0	0
38	1	0	1
39	2	0	0
40	1	0	1
41	2	0	0
42	2	1	0
43	2	0	0
44	1	0	1
45	1	0	1
46	2	0	0
47	2	1	0
48	1	0	1
49	2	1	0
50	1	0	1
51	1	0	1
52	2	0	0
53	2	0	0
54	2	0	0
55	1	0	1
56	1	0	1
57	1	0	1
58	2	0	0
59	2	0	0
60	1	0	1
61	2	0	0
62	2	1	0
63	1	0	1
64	1	0	1
65	1	0	1
66	1	0	1
67	2	1	0
68	2	0	0
69	2	1	0
70	2	1	0
71	2	1	0
72	1	0	1
73	2	1	0
74	2	0	0
75	2	0	0
76	2	1	0
77	1	0	1
78	2	0	0
79	2	0	0
80	0	0	2
81	2	1	0
82	2	0	0
83	1	0	1
84	2	1	0
85	2	1	0
86	2	0	0
87	1	0	1
88	2	1	0
89	2	1	0
90	2	0	0
91	2	0	0
92	1	0	1
93	0	0	2
94	0	0	2
95	1	0	1
96	2	0	0
97	2	1	0
98	2	1	0
99	2	1	0
