Observation	Correct	FP	FN
0	6	0	0
1	5	0	1
2	6	0	0
3	6	0	0
4	6	0	0
5	6	0	0
6	5	0	1
7	6	0	0
8	6	0	0
9	6	0	0
10	5	0	1
11	5	0	1
12	6	0	0
13	5	0	1
14	6	0	0
15	6	0	0
16	6	0	0
17	6	0	0
18	5	0	1
19	5	0	1
20	6	0	0
21	6	0	0
22	6	0	0
23	6	0	0
24	5	0	1
25	6	0	0
26	6	0	0
27	5	0	1
28	6	0	0
29	5	0	1
30	6	0	0
31	5	0	1
32	5	0	1
33	6	0	0
34	5	0	1
35	6	0	0
36	5	0	1
37	6	0	0
38	6	0	0
39	6	0	0
40	6	0	0
41	5	0	1
42	6	0	0
43	5	0	1
44	5	0	1
45	5	0	1
46	6	0	0
47	6	0	0
48	6	0	0
49	5	0	1
50	5	0	1
51	5	0	1
52	5	0	1
53	5	0	1
54	6	0	0
55	6	0	0
56	6	0	0
57	5	0	1
58	6	0	0
59	5	0	1
60	5	0	1
61	6	0	0
62	5	0	1
63	6	0	0
64	5	0	1
65	6	0	0
66	5	0	1
67	5	0	1
68	5	0	1
69	5	0	1
70	5	0	1
71	6	0	0
72	5	0	1
73	5	0	1
74	6	0	0
75	5	0	1
76	6	0	0
77	6	0	0
78	6	0	0
79	5	0	1
80	6	0	0
81	6	0	0
82	5	0	1
83	6	0	0
84	6	0	0
85	6	0	0
86	6	0	0
87	6	0	0
88	6	0	0
89	5	0	1
90	5	0	1
91	6	0	0
92	5	0	1
93	5	0	1
94	5	0	1
95	6	0	0
96	6	0	0
97	6	0	0
98	6	0	0
99	6	0	0
