Observation	Correct	FP	FN
0	2	0	0
1	2	0	0
2	2	0	0
3	1	0	1
4	2	0	0
5	2	0	0
6	1	0	1
7	2	0	0
8	2	0	0
9	2	0	0
10	2	0	0
11	2	0	0
12	2	0	0
13	1	0	1
14	1	0	1
15	1	0	1
16	2	0	0
17	1	0	1
18	2	0	0
19	2	0	0
20	1	0	1
21	1	0	1
22	2	0	0
23	1	0	1
24	2	0	0
25	2	0	0
26	1	0	1
27	1	0	1
28	2	0	0
29	1	0	1
30	1	0	1
31	1	0	1
32	1	0	1
33	2	0	0
34	1	0	1
35	2	0	0
36	1	0	1
37	2	0	0
38	1	0	1
39	0	0	2
40	1	0	1
41	0	0	2
42	1	0	1
43	2	1	0
44	2	0	0
45	2	0	0
46	2	1	0
47	2	0	0
48	2	0	0
49	2	0	0
50	1	0	1
51	0	0	2
52	2	0	0
53	0	0	2
54	2	0	0
55	2	1	0
56	0	0	2
57	2	1	0
58	1	0	1
59	2	0	0
60	2	0	0
61	2	1	0
62	2	0	0
63	2	0	0
64	2	0	0
65	2	1	0
66	2	1	0
67	0	0	2
68	2	0	0
69	2	1	0
70	2	1	0
71	2	1	0
72	2	0	0
73	2	1	0
74	2	1	0
75	0	0	2
76	1	0	1
77	2	1	0
78	0	0	2
79	2	1	0
80	0	0	2
81	2	1	0
82	0	0	2
83	2	0	0
84	2	1	0
85	2	0	0
86	2	0	0
87	0	0	2
88	0	0	2
89	2	1	0
90	0	0	2
91	2	0	0
92	2	0	0
93	2	1	0
94	2	1	0
95	0	0	2
96	2	1	0
97	0	0	2
98	0	0	2
99	0	0	2
