Observation	Correct	FP	FN
0	5	0	0
1	5	0	0
2	5	0	0
3	5	0	0
4	5	0	0
5	5	0	0
6	5	0	0
7	5	0	0
8	5	0	0
9	5	0	0
10	5	0	0
11	5	0	0
12	4	0	1
13	5	0	0
14	5	0	0
15	5	0	0
16	5	0	0
17	5	0	0
18	5	0	0
19	5	0	0
20	5	0	0
21	5	0	0
22	5	0	0
23	5	0	0
24	4	0	1
25	5	0	0
26	5	0	0
27	5	0	0
28	5	0	0
29	5	0	0
30	4	0	1
31	5	0	0
32	4	0	1
33	4	0	1
34	4	0	1
35	5	0	0
36	5	0	0
37	5	0	0
38	5	0	0
39	5	0	0
40	5	0	0
41	4	0	1
42	5	0	0
43	5	0	0
44	5	0	0
45	5	0	0
46	4	0	1
47	5	0	0
48	5	0	0
49	5	0	0
50	4	0	1
51	5	0	0
52	5	0	0
53	5	0	0
54	5	0	0
55	5	0	0
56	4	0	1
57	5	0	0
58	5	0	0
59	5	0	0
60	5	0	0
61	4	0	1
62	5	0	0
63	5	0	0
64	5	0	0
65	5	0	0
66	5	0	0
67	4	0	1
68	5	0	0
69	5	0	0
70	4	0	1
71	5	0	0
72	5	0	0
73	5	0	0
74	4	0	1
75	5	0	0
76	5	0	0
77	5	0	0
78	5	0	0
79	5	0	0
80	4	0	1
81	4	0	1
82	4	0	1
83	5	0	0
84	5	0	0
85	5	0	0
86	5	0	0
87	5	0	0
88	4	0	1
89	5	0	0
90	5	0	0
91	4	0	1
92	4	0	1
93	5	0	0
94	5	0	0
95	5	0	0
96	5	0	0
97	5	0	0
98	4	0	1
99	4	0	1
