Observation	Correct	FP	FN
0	4	0	1
1	4	0	1
2	5	0	0
3	4	0	1
4	5	0	0
5	4	0	1
6	5	0	0
7	5	0	0
8	5	0	0
9	5	0	0
10	5	0	0
11	4	0	1
12	5	0	0
13	5	0	0
14	5	0	0
15	5	0	0
16	5	0	0
17	5	0	0
18	5	0	0
19	5	0	0
20	4	0	1
21	4	0	1
22	5	0	0
23	5	0	0
24	4	0	1
25	5	0	0
26	5	0	0
27	4	0	1
28	4	0	1
29	5	0	0
30	4	0	1
31	4	0	1
32	5	0	0
33	5	0	0
34	5	0	0
35	4	0	1
36	4	0	1
37	5	0	0
38	5	0	0
39	5	0	0
40	4	0	1
41	4	0	1
42	4	0	1
43	5	0	0
44	5	0	0
45	4	0	1
46	5	0	0
47	5	0	0
48	5	0	0
49	4	0	1
50	5	0	0
51	4	0	1
52	4	0	1
53	4	0	1
54	4	0	1
55	5	0	0
56	4	0	1
57	5	0	0
58	5	0	0
59	5	0	0
60	5	0	0
61	4	0	1
62	5	0	0
63	5	0	0
64	4	0	1
65	5	0	0
66	4	0	1
67	5	0	0
68	5	0	0
69	5	0	0
70	4	0	1
71	4	0	1
72	5	0	0
73	5	0	0
74	5	0	0
75	5	0	0
76	5	0	0
77	5	0	0
78	5	0	0
79	5	0	0
80	5	0	0
81	5	0	0
82	5	0	0
83	5	0	0
84	4	0	1
85	5	0	0
86	5	0	0
87	4	0	1
88	5	0	0
89	5	0	0
90	5	0	0
91	5	0	0
92	5	0	0
93	5	0	0
94	5	0	0
95	4	0	1
96	5	0	0
97	5	0	0
98	5	0	0
99	5	0	0
