Observation	Correct	FP	FN
0	1	0	0
1	1	1	0
2	1	1	0
3	1	1	0
4	1	1	0
5	1	1	0
6	1	1	0
7	0	0	1
8	1	1	0
9	1	1	0
10	1	1	0
11	1	1	0
12	1	0	0
13	1	1	0
14	1	1	0
15	1	1	0
16	0	0	1
17	0	0	1
18	1	1	0
19	1	1	0
20	1	1	0
21	0	0	1
22	0	0	1
23	0	0	1
24	1	1	0
25	1	1	0
26	0	0	1
27	1	1	0
28	0	0	1
29	1	1	0
30	1	1	0
31	1	1	0
32	0	0	1
33	1	0	0
34	1	1	0
35	1	1	0
36	1	1	0
37	1	1	0
38	1	0	0
39	0	0	1
40	1	1	0
41	1	1	0
42	1	1	0
43	1	1	0
44	1	1	0
45	1	1	0
46	1	0	0
47	1	1	0
48	1	0	0
49	1	1	0
50	1	1	0
51	1	1	0
52	1	1	0
53	0	0	1
54	1	1	0
55	1	1	0
56	0	0	1
57	1	1	0
58	0	0	1
59	0	0	1
60	1	1	0
61	0	0	1
62	0	0	1
63	1	0	0
64	0	0	1
65	0	0	1
66	1	1	0
67	1	1	0
68	1	1	0
69	1	1	0
70	1	1	0
71	0	0	1
72	0	0	1
73	0	0	1
74	1	1	0
75	1	1	0
76	1	1	0
77	1	1	0
78	1	1	0
79	1	1	0
80	0	0	1
81	1	1	0
82	0	0	1
83	1	1	0
84	0	0	1
85	1	0	0
86	1	1	0
87	0	0	1
88	1	1	0
89	0	0	1
90	1	0	0
91	1	1	0
92	1	0	0
93	1	1	0
94	0	0	1
95	1	0	0
96	0	0	1
97	0	0	1
98	1	1	0
99	1	1	0
