Observation	Correct	FP	FN
0	6	0	0
1	5	0	1
2	6	0	0
3	6	0	0
4	6	0	0
5	6	0	0
6	6	0	0
7	6	0	0
8	5	0	1
9	6	0	0
10	6	0	0
11	6	0	0
12	6	0	0
13	6	0	0
14	5	0	1
15	6	0	0
16	5	0	1
17	5	0	1
18	6	0	0
19	6	0	0
20	6	0	0
21	6	0	0
22	6	0	0
23	6	0	0
24	6	0	0
25	5	0	1
26	6	0	0
27	6	0	0
28	6	0	0
29	5	0	1
30	6	0	0
31	5	0	1
32	5	0	1
33	5	0	1
34	6	0	0
35	6	0	0
36	5	0	1
37	6	0	0
38	6	0	0
39	6	0	0
40	6	0	0
41	6	0	0
42	6	0	0
43	6	0	0
44	5	0	1
45	6	0	0
46	5	0	1
47	6	0	0
48	6	0	0
49	6	0	0
50	6	0	0
51	6	0	0
52	6	0	0
53	6	0	0
54	6	0	0
55	6	0	0
56	6	0	0
57	5	0	1
58	5	0	1
59	5	0	1
60	6	0	0
61	5	0	1
62	5	0	1
63	6	0	0
64	6	0	0
65	6	0	0
66	6	0	0
67	6	0	0
68	5	0	1
69	6	0	0
70	6	0	0
71	5	0	1
72	5	0	1
73	5	0	1
74	5	0	1
75	6	0	0
76	6	0	0
77	5	0	1
78	6	0	0
79	5	0	1
80	5	0	1
81	6	0	0
82	6	0	0
83	6	0	0
84	6	0	0
85	5	0	1
86	6	0	0
87	5	0	1
88	5	0	1
89	5	0	1
90	6	0	0
91	6	0	0
92	6	0	0
93	6	0	0
94	5	0	1
95	6	0	0
96	6	0	0
97	6	0	0
98	6	0	0
99	6	0	0
