Observation	Correct	FP	FN
0	1	0	0
1	0	0	1
2	1	1	0
3	1	0	0
4	0	0	1
5	1	1	0
6	1	0	0
7	1	1	0
8	0	0	1
9	1	0	0
10	0	0	1
11	1	0	0
12	1	1	0
13	1	1	0
14	1	0	0
15	1	1	0
16	0	0	1
17	1	1	0
18	1	1	0
19	0	0	1
20	1	0	0
21	1	0	0
22	1	0	0
23	1	0	0
24	0	0	1
25	1	1	0
26	0	0	1
27	1	1	0
28	1	1	0
29	1	0	0
30	1	1	0
31	1	0	0
32	0	0	1
33	1	0	0
34	0	0	1
35	1	1	0
36	1	1	0
37	0	0	1
38	0	0	1
39	0	0	1
40	0	0	1
41	1	0	0
42	0	0	1
43	1	1	0
44	1	0	0
45	0	0	1
46	0	0	1
47	0	0	1
48	1	1	0
49	1	1	0
50	0	0	1
51	0	0	1
52	0	0	1
53	1	1	0
54	1	0	0
55	1	1	0
56	0	0	1
57	1	1	0
58	1	1	0
59	0	0	1
60	1	0	0
61	0	0	1
62	0	0	1
63	0	0	1
64	1	1	0
65	0	0	1
66	1	1	0
67	0	0	1
68	1	1	0
69	0	0	1
70	0	0	1
71	1	1	0
72	1	1	0
73	0	0	1
74	1	1	0
75	1	1	0
76	1	1	0
77	1	1	0
78	1	1	0
79	1	1	0
80	0	0	1
81	1	1	0
82	1	1	0
83	0	0	1
84	0	0	1
85	1	1	0
86	1	0	0
87	0	0	1
88	1	1	0
89	1	1	0
90	1	1	0
91	0	0	1
92	1	1	0
93	1	1	0
94	0	0	1
95	1	1	0
96	1	0	0
97	1	1	0
98	1	1	0
99	1	1	0
