Observation	Correct	FP	FN
0	6	0	0
1	6	0	0
2	6	0	0
3	6	0	0
4	5	0	1
5	6	0	0
6	5	0	1
7	6	0	0
8	6	0	0
9	5	0	1
10	6	0	0
11	5	0	1
12	5	0	1
13	5	0	1
14	6	0	0
15	6	0	0
16	6	0	0
17	5	0	1
18	5	0	1
19	6	0	0
20	5	0	1
21	5	0	1
22	5	0	1
23	6	0	0
24	6	0	0
25	6	0	0
26	5	0	1
27	5	0	1
28	6	0	0
29	6	0	0
30	5	0	1
31	6	0	0
32	6	0	0
33	5	0	1
34	6	0	0
35	6	0	0
36	5	0	1
37	6	0	0
38	6	0	0
39	6	0	0
40	5	0	1
41	6	0	0
42	6	0	0
43	6	0	0
44	6	0	0
45	6	0	0
46	5	0	1
47	5	0	1
48	6	0	0
49	6	0	0
50	6	0	0
51	6	0	0
52	6	0	0
53	6	0	0
54	6	0	0
55	6	0	0
56	6	0	0
57	6	0	0
58	5	0	1
59	6	0	0
60	6	0	0
61	5	0	1
62	6	0	0
63	6	0	0
64	6	0	0
65	5	0	1
66	6	0	0
67	6	0	0
68	5	0	1
69	5	0	1
70	6	0	0
71	5	0	1
72	6	0	0
73	6	0	0
74	6	0	0
75	5	0	1
76	6	0	0
77	5	0	1
78	6	0	0
79	5	0	1
80	6	0	0
81	6	0	0
82	6	0	0
83	6	0	0
84	5	0	1
85	6	0	0
86	6	0	0
87	5	0	1
88	6	0	0
89	6	0	0
90	6	0	0
91	6	0	0
92	6	0	0
93	5	0	1
94	6	0	0
95	6	0	0
96	5	0	1
97	5	0	1
98	6	0	0
99	6	0	0
