Observation	Correct	FP	FN
0	1	0	0
1	0	0	1
2	1	0	0
3	1	0	0
4	1	0	0
5	1	0	0
6	0	0	1
7	1	0	0
8	0	0	1
9	0	0	1
10	0	0	1
11	1	0	0
12	0	0	1
13	1	0	0
14	0	0	1
15	0	0	1
16	1	0	0
17	1	0	0
18	1	0	0
19	0	0	1
20	0	0	1
21	1	0	0
22	1	0	0
23	1	0	0
24	1	0	0
25	1	0	0
26	1	0	0
27	1	0	0
28	1	0	0
29	1	0	0
30	1	0	0
31	1	0	0
32	0	0	1
33	0	0	1
34	1	0	0
35	1	0	0
36	1	0	0
37	1	0	0
38	0	0	1
39	1	0	0
40	0	0	1
41	1	0	0
42	0	0	1
43	0	0	1
44	1	0	0
45	0	0	1
46	1	0	0
47	1	0	0
48	0	0	1
49	1	0	0
50	1	0	0
51	1	0	0
52	0	0	1
53	1	0	0
54	1	0	0
55	1	0	0
56	1	0	0
57	0	0	1
58	1	0	0
59	1	0	0
60	1	0	0
61	1	0	0
62	1	0	0
63	1	0	0
64	1	0	0
65	1	0	0
66	1	0	0
67	0	0	1
68	1	0	0
69	1	0	0
70	1	0	0
71	1	0	0
72	1	0	0
73	1	0	0
74	1	0	0
75	1	0	0
76	1	0	0
77	0	0	1
78	1	0	0
79	0	0	1
80	1	0	0
81	1	0	0
82	0	0	1
83	1	0	0
84	1	0	0
85	1	0	0
86	1	0	0
87	1	0	0
88	1	0	0
89	1	0	0
90	1	0	0
91	1	0	0
92	1	0	0
93	1	0	0
94	1	0	0
95	1	0	0
96	1	0	0
97	1	0	0
98	1	0	0
99	1	0	0
