Observation	Correct	FP	FN
0	2	0	0
1	0	0	2
2	2	0	0
3	2	0	0
4	2	0	0
5	2	0	0
6	2	0	0
7	2	0	0
8	2	0	0
9	2	0	0
10	2	0	0
11	2	0	0
12	0	0	2
13	2	0	0
14	2	0	0
15	0	0	2
16	2	0	0
17	2	0	0
18	0	0	2
19	2	0	0
20	0	0	2
21	2	0	0
22	2	0	0
23	2	0	0
24	0	0	2
25	0	0	2
26	2	0	0
27	2	0	0
28	2	0	0
29	0	0	2
30	2	0	0
31	2	0	0
32	0	0	2
33	0	0	2
34	2	0	0
35	2	0	0
36	2	0	0
37	1	0	1
38	0	0	2
39	2	0	0
40	2	0	0
41	2	0	0
42	0	0	2
43	0	0	2
44	0	0	2
45	2	0	0
46	1	0	1
47	0	0	2
48	2	0	0
49	0	0	2
50	2	0	0
51	0	0	2
52	2	0	0
53	0	0	2
54	2	0	0
55	2	0	0
56	0	0	2
57	2	0	0
58	0	0	2
59	2	0	0
60	0	0	2
61	2	0	0
62	0	0	2
63	0	0	2
64	2	0	0
65	0	0	2
66	2	0	0
67	2	0	0
68	2	0	0
69	2	0	0
70	0	0	2
71	2	0	0
72	2	0	0
73	0	0	2
74	2	0	0
75	2	0	0
76	2	0	0
77	2	0	0
78	2	0	0
79	2	0	0
80	2	0	0
81	2	0	0
82	2	0	0
83	0	0	2
84	2	0	0
85	2	0	0
86	2	0	0
87	2	0	0
88	1	0	1
89	2	0	0
90	0	0	2
91	2	0	0
92	2	0	0
93	2	0	0
94	1	0	1
95	2	0	0
96	2	0	0
97	2	0	0
98	0	0	2
99	2	0	0
