0.1	0.0123333876998107
0.5	0.0722376558136177
0.23	0.0248214105635821
0.18	0.0212304835793832
0.26	0.0287201170081501
0.13	0.0150419821221945
0.03	0.00790642499684846
0.08	0.0123333876998107
0.25	0.0287201170081501
0.3	0.0376825847464949
0.16	0.018158601017713
0.17	0.0212304835793832
0.8	0.135671433027395
0.28	0.0329965005478308
0.12	0.0150419821221945
0.09	0.0123333876998107
0.11	0.0150419821221945
0.06	0.0100119517450454
0.9	0.16655987730941
0.15	0.018158601017713
0.19	0.0212304835793832
0.02	0.00790642499684846
0.6	0.093297600727402
0.29	0.0329965005478308
0.04	0.0100119517450454
0.01	0.00790642499684846
0.14	0.018158601017713
0.05	0.0100119517450454
0.7	0.117676515070915
0.07	0.0123333876998107
0.2	0.0248214105635821
0.4	0.0536966458079602
0.21	0.0248214105635821
0.24	0.0287201170081501
0.27	0.0329965005478308
0.22	0.0248214105635821
