0.01	0.640923846003612
0.02	0.640923846003612
0.03	0.640923846003612
0.04	0.595117757585396
0.05	0.595117757585396
0.06	0.595117757585396
0.07	0.555944512245606
0.08	0.555944512245606
0.09	0.555944512245606
0.1	0.555944512245606
0.11	0.520448088682132
0.12	0.520448088682132
0.13	0.520448088682132
0.14	0.488574720916549
0.15	0.488574720916549
0.16	0.488574720916549
0.17	0.45837431295015
0.18	0.45837431295015
0.19	0.45837431295015
0.2	0.427518033014865
0.21	0.427518033014865
0.22	0.427518033014865
0.23	0.427518033014865
0.24	0.396700067304622
0.25	0.396700067304622
0.26	0.396700067304622
0.27	0.368478117108787
0.28	0.368478117108787
0.29	0.368478117108787
0.3	0.340629556039115
0.4	0.258608834863155
0.5	0.187056253728442
0.6	0.127252264617311
0.7	0.0790854918172094
0.8	0.0523695740317646
0.9	0.0234709880491635
