0.1	0.0168731148928419
0.5	0.173834037480705
0.23	0.0509733058254848
0.18	0.0409445483757915
0.26	0.0614969523942798
0.13	0.0241602776636004
0.03	0.00439038669358206
0.08	0.0168731148928419
0.25	0.0614969523942798
0.3	0.0848520672264805
0.16	0.0322168334392604
0.17	0.0409445483757915
0.8	0.323243208328404
0.28	0.0725733759459653
0.12	0.0241602776636004
0.09	0.0168731148928419
0.11	0.0241602776636004
0.06	0.0104936443679789
0.9	0.389028480747026
0.15	0.0322168334392604
0.19	0.0409445483757915
0.02	0.00439038669358206
0.6	0.226013312078477
0.29	0.0725733759459653
0.04	0.0104936443679789
0.01	0.00439038669358206
0.14	0.0322168334392604
0.05	0.0104936443679789
0.7	0.283764773246327
0.07	0.0168731148928419
0.2	0.0509733058254848
0.4	0.126937371749162
0.21	0.0509733058254848
0.24	0.0614969523942798
0.27	0.0725733759459653
0.22	0.0509733058254848
