0.01	0.00663656551634884
0.02	0.00663656551634884
0.03	0.00663656551634884
0.04	0.00680087070980606
0.05	0.00680087070980606
0.06	0.00680087070980606
0.07	0.00698165527239969
0.08	0.00698165527239969
0.09	0.00698165527239969
0.1	0.00698165527239969
0.11	0.00755767997989265
0.12	0.00755767997989265
0.13	0.00755767997989265
0.14	0.0082814863544487
0.15	0.0082814863544487
0.16	0.0082814863544487
0.17	0.00924152940176126
0.18	0.00924152940176126
0.19	0.00924152940176126
0.2	0.0102392529134318
0.21	0.0102392529134318
0.22	0.0102392529134318
0.23	0.0102392529134318
0.24	0.0116401143232702
0.25	0.0116401143232702
0.26	0.0116401143232702
0.27	0.0132019171672276
0.28	0.0132019171672276
0.29	0.0132019171672276
0.3	0.0148656024844748
0.4	0.0214665591788283
0.5	0.0294711686780226
0.6	0.0380926782779806
0.7	0.0477295694956804
0.8	0.0541366316890467
0.9	0.0626593148195191
