0.01	0.00508975607588446
0.02	0.00508975607588446
0.03	0.00508975607588446
0.04	0.00484550074863576
0.05	0.00484550074863576
0.06	0.00484550074863576
0.07	0.00464779935599676
0.08	0.00464779935599676
0.09	0.00464779935599676
0.1	0.00464779935599676
0.11	0.00444320949730808
0.12	0.00444320949730808
0.13	0.00444320949730808
0.14	0.00422130133781444
0.15	0.00422130133781444
0.16	0.00422130133781444
0.17	0.00398521491920196
0.18	0.00398521491920196
0.19	0.00398521491920196
0.2	0.00373799787320031
0.21	0.00373799787320031
0.22	0.00373799787320031
0.23	0.00373799787320031
0.24	0.00347870787991575
0.25	0.00347870787991575
0.26	0.00347870787991575
0.27	0.00319537500708351
0.28	0.00319537500708351
0.29	0.00319537500708351
0.3	0.00291590318506116
0.4	0.0020792179854079
0.5	0.00134512888131499
0.6	0.000794742811275164
0.7	0.000383717046892669
0.8	0.000197769800638027
0.9	6.10027094791633e-05
