0.01	0.0002564506193858
0.02	0.0002564506193858
0.03	0.0002564506193858
0.04	0.000848130690511468
0.05	0.000848130690511468
0.06	0.000848130690511468
0.07	0.00157787797350333
0.08	0.00157787797350333
0.09	0.00157787797350333
0.1	0.00157787797350333
0.11	0.00317590875243075
0.12	0.00317590875243075
0.13	0.00317590875243075
0.14	0.00515001908310481
0.15	0.00515001908310481
0.16	0.00515001908310481
0.17	0.00755879878578367
0.18	0.00755879878578367
0.19	0.00755879878578367
0.2	0.0106579942095507
0.21	0.0106579942095507
0.22	0.0106579942095507
0.23	0.0106579942095507
0.24	0.01456629998783
0.25	0.01456629998783
0.26	0.01456629998783
0.27	0.0186727828901986
0.28	0.0186727828901986
0.29	0.0186727828901986
0.3	0.023667698838252
0.4	0.0442549871983789
0.5	0.0685540812877807
0.6	0.0942167559920366
0.7	0.121874701326624
0.8	0.139246245867442
0.9	0.162636058013837
