0.01	0.224362786546999
0.02	0.224362786546999
0.03	0.224362786546999
0.04	0.215602889903801
0.05	0.215602889903801
0.06	0.215602889903801
0.07	0.208262493914835
0.08	0.208262493914835
0.09	0.208262493914835
0.1	0.208262493914835
0.11	0.200919567747331
0.12	0.200919567747331
0.13	0.200919567747331
0.14	0.192216231327773
0.15	0.192216231327773
0.16	0.192216231327773
0.17	0.182997384608357
0.18	0.182997384608357
0.19	0.182997384608357
0.2	0.173304855437621
0.21	0.173304855437621
0.22	0.173304855437621
0.23	0.173304855437621
0.24	0.163256243597034
0.25	0.163256243597034
0.26	0.163256243597034
0.27	0.152200930690195
0.28	0.152200930690195
0.29	0.152200930690195
0.3	0.140651817491842
0.4	0.103789703656442
0.5	0.0688474392960651
0.6	0.0415258633152966
0.7	0.0207001773354836
0.8	0.0106128540874155
0.9	0.00329304385905937
