74.94845628678289
74.94845628678289
74.94845628678289
74.94845628678289
74.94845628678289
74.94845628678289
72.27595352768247
72.27595352768247
72.27595352768247
72.27595352768247
72.27595352768247
72.27595352768247
69.46386090405792
69.46386090405792
69.46386090405792
69.46386090405792
69.46386090405792
69.46386090405792
66.7210249434438
66.7210249434438
66.7210249434438
66.7210249434438
66.7210249434438
66.7210249434438
63.880355347618035
63.880355347618035
63.880355347618035
63.880355347618035
63.880355347618035
63.880355347618035
61.116153938153474
61.116153938153474
61.116153938153474
61.116153938153474
61.116153938153474
61.116153938153474
58.432361976640436
58.432361976640436
58.432361976640436
58.432361976640436
58.432361976640436
58.432361976640436
55.75081350971052
55.75081350971052
55.75081350971052
55.75081350971052
55.75081350971052
55.75081350971052
53.16584204019711
53.16584204019711
53.16584204019711
53.16584204019711
53.16584204019711
53.16584204019711
50.48618534209552
50.48618534209552
50.48618534209552
50.48618534209552
50.48618534209552
50.48618534209552
47.94366147516181
47.94366147516181
47.94366147516181
47.94366147516181
47.94366147516181
47.94366147516181
45.482403713554746
45.482403713554746
45.482403713554746
45.482403713554746
45.482403713554746
45.482403713554746
43.14720676034859
43.14720676034859
43.14720676034859
43.14720676034859
43.14720676034859
43.14720676034859
40.78836297363283
40.78836297363283
40.78836297363283
40.78836297363283
40.78836297363283
40.78836297363283
38.63810456475455
38.63810456475455
38.63810456475455
38.63810456475455
38.63810456475455
38.63810456475455
36.51555991749626
36.51555991749626
36.51555991749626
36.51555991749626
36.51555991749626
36.51555991749626
34.61541283414573
34.61541283414573
34.61541283414573
34.61541283414573
34.61541283414573
34.61541283414573
32.789617542508424
32.789617542508424
32.789617542508424
32.789617542508424
32.789617542508424
32.789617542508424
31.20978625214601
31.20978625214601
31.20978625214601
31.20978625214601
31.20978625214601
31.20978625214601
29.870264736588595
29.870264736588595
29.870264736588595
29.870264736588595
29.870264736588595
29.870264736588595
28.811118799721562
28.811118799721562
28.811118799721562
28.811118799721562
28.811118799721562
28.811118799721562
27.98377105086982
27.98377105086982
27.98377105086982
27.98377105086982
27.98377105086982
27.98377105086982
27.499754007116078
27.499754007116078
27.499754007116078
27.499754007116078
27.499754007116078
27.499754007116078
27.330214525467625
27.330214525467625
27.330214525467625
27.330214525467625
27.330214525467625
27.330214525467625
28.48461632655856
28.48461632655856
28.48461632655856
28.48461632655856
28.48461632655856
28.48461632655856
28.683681844489147
28.683681844489147
28.683681844489147
28.683681844489147
28.683681844489147
28.683681844489147
29.190303876328244
29.190303876328244
29.190303876328244
29.190303876328244
29.190303876328244
29.190303876328244
30.001913089155575
30.001913089155575
30.001913089155575
30.001913089155575
30.001913089155575
30.001913089155575
31.084058337471156
31.084058337471156
31.084058337471156
31.084058337471156
31.084058337471156
31.084058337471156
32.43746502288674
32.43746502288674
32.43746502288674
32.43746502288674
32.43746502288674
32.43746502288674
33.991306512739975
33.991306512739975
33.991306512739975
33.991306512739975
33.991306512739975
33.991306512739975
35.75629876559982
35.75629876559982
35.75629876559982
35.75629876559982
35.75629876559982
35.75629876559982
37.681000110583255
37.681000110583255
37.681000110583255
37.681000110583255
37.681000110583255
37.681000110583255
39.74531427083415
39.74531427083415
39.74531427083415
39.74531427083415
39.74531427083415
39.74531427083415
41.93273118122212
41.93273118122212
41.93273118122212
41.93273118122212
41.93273118122212
41.93273118122212
44.28827610126998
44.28827610126998
44.28827610126998
44.28827610126998
44.28827610126998
44.28827610126998
46.63721688231812
46.63721688231812
46.63721688231812
46.63721688231812
46.63721688231812
46.63721688231812
49.08112856034905
49.08112856034905
49.08112856034905
49.08112856034905
49.08112856034905
49.08112856034905
51.537951419228456
51.537951419228456
51.537951419228456
51.537951419228456
51.537951419228456
51.537951419228456
54.13552966237382
54.13552966237382
54.13552966237382
54.13552966237382
54.13552966237382
54.13552966237382
56.733221011353976
56.733221011353976
56.733221011353976
56.733221011353976
56.733221011353976
56.733221011353976
59.42587344923
59.42587344923
59.42587344923
59.42587344923
59.42587344923
59.42587344923
62.11208634647551
62.11208634647551
62.11208634647551
62.11208634647551
62.11208634647551
62.11208634647551
64.8667085598571
64.8667085598571
64.8667085598571
64.8667085598571
64.8667085598571
64.8667085598571
67.64413849899223
67.64413849899223
67.64413849899223
67.64413849899223
67.64413849899223
67.64413849899223
70.38993930944338
70.38993930944338
70.38993930944338
70.38993930944338
70.38993930944338
70.38993930944338
73.2408022494794
73.2408022494794
73.2408022494794
73.2408022494794
73.2408022494794
73.2408022494794
76.05163028922901
76.05163028922901
76.05163028922901
76.05163028922901
76.05163028922901
76.05163028922901
