Bridge origin -83.34684295454545  42.01858138863636 600.0
0	228.46911433592982	-16.28620930821731	27.0	0.0	-10.0	-142.0
1	228.46911433592982	-16.28620930821731	27.0	0.0	-10.0	-96.0
2	228.46911433592982	-16.28620930821731	27.0	0.0	-10.0	-50.0
3	228.46911433592982	-16.28620930821731	27.0	0.0	-10.0	-4.0
4	228.46911433592982	-16.28620930821731	27.0	0.0	-10.0	42.0
5	228.46911433592982	-16.28620930821731	27.0	0.0	-45.0	-229.0
6	219.04642155553188	-16.28943656040211	27.0	0.0	-10.0	-142.0
7	219.04642155553188	-16.28943656040211	27.0	0.0	-10.0	-96.0
8	219.04642155553188	-16.28943656040211	27.0	0.0	-10.0	-50.0
9	219.04642155553188	-16.28943656040211	27.0	0.0	-10.0	-4.0
10	219.04642155553188	-16.28943656040211	27.0	0.0	-10.0	42.0
11	219.04642155553188	-16.28943656040211	27.0	0.0	-45.0	-229.0
12	209.06842640658462	-16.27995696850641	27.0	0.0	-10.0	-142.0
13	209.06842640658462	-16.27995696850641	27.0	0.0	-10.0	-96.0
14	209.06842640658462	-16.27995696850641	27.0	0.0	-10.0	-50.0
15	209.06842640658462	-16.27995696850641	27.0	0.0	-10.0	-4.0
16	209.06842640658462	-16.27995696850641	27.0	0.0	-10.0	42.0
17	209.06842640658462	-16.27995696850641	27.0	0.0	-45.0	-229.0
18	199.27628004330876	-16.06564016225427	27.0	0.0	-10.0	-142.0
19	199.27628004330876	-16.06564016225427	27.0	0.0	-10.0	-96.0
20	199.27628004330876	-16.06564016225427	27.0	0.0	-10.0	-50.0
21	199.27628004330876	-16.06564016225427	27.0	0.0	-10.0	-4.0
22	199.27628004330876	-16.06564016225427	27.0	0.0	-10.0	42.0
23	199.27628004330876	-16.06564016225427	27.0	0.0	-45.0	-229.0
24	189.02907684493618	-16.159515120147617	27.0	0.0	-10.0	-142.0
25	189.02907684493618	-16.159515120147617	27.0	0.0	-10.0	-96.0
26	189.02907684493618	-16.159515120147617	27.0	0.0	-10.0	-50.0
27	189.02907684493618	-16.159515120147617	27.0	0.0	-10.0	-4.0
28	189.02907684493618	-16.159515120147617	27.0	0.0	-10.0	42.0
29	189.02907684493618	-16.159515120147617	27.0	0.0	-45.0	-229.0
30	178.98149914209802	-15.89952327515229	27.0	0.0	-10.0	-142.0
31	178.98149914209802	-15.89952327515229	27.0	0.0	-10.0	-96.0
32	178.98149914209802	-15.89952327515229	27.0	0.0	-10.0	-50.0
33	178.98149914209802	-15.89952327515229	27.0	0.0	-10.0	-4.0
34	178.98149914209802	-15.89952327515229	27.0	0.0	-10.0	42.0
35	178.98149914209802	-15.89952327515229	27.0	0.0	-45.0	-229.0
36	169.11439832732634	-15.693424922110964	27.0	0.0	-10.0	-142.0
37	169.11439832732634	-15.693424922110964	27.0	0.0	-10.0	-96.0
38	169.11439832732634	-15.693424922110964	27.0	0.0	-10.0	-50.0
39	169.11439832732634	-15.693424922110964	27.0	0.0	-10.0	-4.0
40	169.11439832732634	-15.693424922110964	27.0	0.0	-10.0	42.0
41	169.11439832732634	-15.693424922110964	27.0	0.0	-45.0	-229.0
42	159.08674486254216	-16.021346688243682	27.0	0.0	-10.0	-142.0
43	159.08674486254216	-16.021346688243682	27.0	0.0	-10.0	-96.0
44	159.08674486254216	-16.021346688243682	27.0	0.0	-10.0	-50.0
45	159.08674486254216	-16.021346688243682	27.0	0.0	-10.0	-4.0
46	159.08674486254216	-16.021346688243682	27.0	0.0	-10.0	42.0
47	159.08674486254216	-16.021346688243682	27.0	0.0	-45.0	-229.0
48	149.33052507581215	-15.618653171519163	27.0	0.0	-10.0	-142.0
49	149.33052507581215	-15.618653171519163	27.0	0.0	-10.0	-96.0
50	149.33052507581215	-15.618653171519163	27.0	0.0	-10.0	-50.0
51	149.33052507581215	-15.618653171519163	27.0	0.0	-10.0	-4.0
52	149.33052507581215	-15.618653171519163	27.0	0.0	-10.0	42.0
53	149.33052507581215	-15.618653171519163	27.0	0.0	-45.0	-229.0
54	139.0136943510858	-15.46202082064174	27.0	0.0	-10.0	-142.0
55	139.0136943510858	-15.46202082064174	27.0	0.0	-10.0	-96.0
56	139.0136943510858	-15.46202082064174	27.0	0.0	-10.0	-50.0
57	139.0136943510858	-15.46202082064174	27.0	0.0	-10.0	-4.0
58	139.0136943510858	-15.46202082064174	27.0	0.0	-10.0	42.0
59	139.0136943510858	-15.46202082064174	27.0	0.0	-45.0	-229.0
60	128.99138111946854	-15.531193223977738	27.0	0.0	-10.0	-142.0
61	128.99138111946854	-15.531193223977738	27.0	0.0	-10.0	-96.0
62	128.99138111946854	-15.531193223977738	27.0	0.0	-10.0	-50.0
63	128.99138111946854	-15.531193223977738	27.0	0.0	-10.0	-4.0
64	128.99138111946854	-15.531193223977738	27.0	0.0	-10.0	42.0
65	128.99138111946854	-15.531193223977738	27.0	0.0	-45.0	-229.0
66	119.07149407368809	-15.29400845350574	27.0	0.0	-10.0	-142.0
67	119.07149407368809	-15.29400845350574	27.0	0.0	-10.0	-96.0
68	119.07149407368809	-15.29400845350574	27.0	0.0	-10.0	-50.0
69	119.07149407368809	-15.29400845350574	27.0	0.0	-10.0	-4.0
70	119.07149407368809	-15.29400845350574	27.0	0.0	-10.0	42.0
71	119.07149407368809	-15.29400845350574	27.0	0.0	-45.0	-229.0
72	109.3627519485199	-15.181169364139471	27.0	0.0	-10.0	-142.0
73	109.3627519485199	-15.181169364139471	27.0	0.0	-10.0	-96.0
74	109.3627519485199	-15.181169364139471	27.0	0.0	-10.0	-50.0
75	109.3627519485199	-15.181169364139471	27.0	0.0	-10.0	-4.0
76	109.3627519485199	-15.181169364139471	27.0	0.0	-10.0	42.0
77	109.3627519485199	-15.181169364139471	27.0	0.0	-45.0	-229.0
78	99.19582507533309	-15.008034264784648	27.0	0.0	-10.0	-142.0
79	99.19582507533309	-15.008034264784648	27.0	0.0	-10.0	-96.0
80	99.19582507533309	-15.008034264784648	27.0	0.0	-10.0	-50.0
81	99.19582507533309	-15.008034264784648	27.0	0.0	-10.0	-4.0
82	99.19582507533309	-15.008034264784648	27.0	0.0	-10.0	42.0
83	99.19582507533309	-15.008034264784648	27.0	0.0	-45.0	-229.0
84	89.47329293002713	-15.044248363440698	27.0	0.0	-10.0	-142.0
85	89.47329293002713	-15.044248363440698	27.0	0.0	-10.0	-96.0
86	89.47329293002713	-15.044248363440698	27.0	0.0	-10.0	-50.0
87	89.47329293002713	-15.044248363440698	27.0	0.0	-10.0	-4.0
88	89.47329293002713	-15.044248363440698	27.0	0.0	-10.0	42.0
89	89.47329293002713	-15.044248363440698	27.0	0.0	-45.0	-229.0
90	79.37292899771208	-14.753170092984327	27.0	0.0	-10.0	-142.0
91	79.37292899771208	-14.753170092984327	27.0	0.0	-10.0	-96.0
92	79.37292899771208	-14.753170092984327	27.0	0.0	-10.0	-50.0
93	79.37292899771208	-14.753170092984327	27.0	0.0	-10.0	-4.0
94	79.37292899771208	-14.753170092984327	27.0	0.0	-10.0	42.0
95	79.37292899771208	-14.753170092984327	27.0	0.0	-45.0	-229.0
96	69.60606041025913	-14.867993945631426	27.0	0.0	-10.0	-142.0
97	69.60606041025913	-14.867993945631426	27.0	0.0	-10.0	-96.0
98	69.60606041025913	-14.867993945631426	27.0	0.0	-10.0	-50.0
99	69.60606041025913	-14.867993945631426	27.0	0.0	-10.0	-4.0
100	69.60606041025913	-14.867993945631426	27.0	0.0	-10.0	42.0
101	69.60606041025913	-14.867993945631426	27.0	0.0	-45.0	-229.0
102	59.350452397378554	-14.852167784421525	27.0	0.0	-10.0	-142.0
103	59.350452397378554	-14.852167784421525	27.0	0.0	-10.0	-96.0
104	59.350452397378554	-14.852167784421525	27.0	0.0	-10.0	-50.0
105	59.350452397378554	-14.852167784421525	27.0	0.0	-10.0	-4.0
106	59.350452397378554	-14.852167784421525	27.0	0.0	-10.0	42.0
107	59.350452397378554	-14.852167784421525	27.0	0.0	-45.0	-229.0
108	49.38620229646524	-14.69363995351007	27.0	0.0	-10.0	-142.0
109	49.38620229646524	-14.69363995351007	27.0	0.0	-10.0	-96.0
110	49.38620229646524	-14.69363995351007	27.0	0.0	-10.0	-50.0
111	49.38620229646524	-14.69363995351007	27.0	0.0	-10.0	-4.0
112	49.38620229646524	-14.69363995351007	27.0	0.0	-10.0	42.0
113	49.38620229646524	-14.69363995351007	27.0	0.0	-45.0	-229.0
114	39.46100668312876	-14.715223189612976	27.0	0.0	-10.0	-142.0
115	39.46100668312876	-14.715223189612976	27.0	0.0	-10.0	-96.0
116	39.46100668312876	-14.715223189612976	27.0	0.0	-10.0	-50.0
117	39.46100668312876	-14.715223189612976	27.0	0.0	-10.0	-4.0
118	39.46100668312876	-14.715223189612976	27.0	0.0	-10.0	42.0
119	39.46100668312876	-14.715223189612976	27.0	0.0	-45.0	-229.0
120	29.84936887199837	-14.554818527123388	27.0	0.0	-10.0	-142.0
121	29.84936887199837	-14.554818527123388	27.0	0.0	-10.0	-96.0
122	29.84936887199837	-14.554818527123388	27.0	0.0	-10.0	-50.0
123	29.84936887199837	-14.554818527123388	27.0	0.0	-10.0	-4.0
124	29.84936887199837	-14.554818527123388	27.0	0.0	-10.0	42.0
125	29.84936887199837	-14.554818527123388	27.0	0.0	-45.0	-229.0
126	19.704641884909503	-14.342397200905268	27.0	0.0	-10.0	-142.0
127	19.704641884909503	-14.342397200905268	27.0	0.0	-10.0	-96.0
128	19.704641884909503	-14.342397200905268	27.0	0.0	-10.0	-50.0
129	19.704641884909503	-14.342397200905268	27.0	0.0	-10.0	-4.0
130	19.704641884909503	-14.342397200905268	27.0	0.0	-10.0	42.0
131	19.704641884909503	-14.342397200905268	27.0	0.0	-45.0	-229.0
132	10.040217842411307	-14.150906116307306	27.0	0.0	-10.0	-142.0
133	10.040217842411307	-14.150906116307306	27.0	0.0	-10.0	-96.0
134	10.040217842411307	-14.150906116307306	27.0	0.0	-10.0	-50.0
135	10.040217842411307	-14.150906116307306	27.0	0.0	-10.0	-4.0
136	10.040217842411307	-14.150906116307306	27.0	0.0	-10.0	42.0
137	10.040217842411307	-14.150906116307306	27.0	0.0	-45.0	-229.0
138	0.0010449582220415365	-14.000615388387592	27.0	0.0	-10.0	-142.0
139	0.0010449582220415365	-14.000615388387592	27.0	0.0	-10.0	-96.0
140	0.0010449582220415365	-14.000615388387592	27.0	0.0	-10.0	-50.0
141	0.0010449582220415365	-14.000615388387592	27.0	0.0	-10.0	-4.0
142	0.0010449582220415365	-14.000615388387592	27.0	0.0	-10.0	42.0
143	0.0010449582220415365	-14.000615388387592	27.0	0.0	-45.0	-229.0
144	-7.85528087021703E-10	30.00000000005658	27.0	0.0	-10.0	-142.0
145	-7.85528087021703E-10	30.00000000005658	27.0	0.0	-10.0	-96.0
146	-7.85528087021703E-10	30.00000000005658	27.0	0.0	-10.0	-50.0
147	-7.85528087021703E-10	30.00000000005658	27.0	0.0	-10.0	-4.0
148	-7.85528087021703E-10	30.00000000005658	27.0	0.0	-10.0	42.0
149	-7.85528087021703E-10	30.00000000005658	27.0	0.0	-45.0	-229.0
150	10.533252546139177	29.97780862310422	27.0	0.0	-10.0	-142.0
151	10.533252546139177	29.97780862310422	27.0	0.0	-10.0	-96.0
152	10.533252546139177	29.97780862310422	27.0	0.0	-10.0	-50.0
153	10.533252546139177	29.97780862310422	27.0	0.0	-10.0	-4.0
154	10.533252546139177	29.97780862310422	27.0	0.0	-10.0	42.0
155	10.533252546139177	29.97780862310422	27.0	0.0	-45.0	-229.0
156	20.414098406694862	29.92075851040368	27.0	0.0	-10.0	-142.0
157	20.414098406694862	29.92075851040368	27.0	0.0	-10.0	-96.0
158	20.414098406694862	29.92075851040368	27.0	0.0	-10.0	-50.0
159	20.414098406694862	29.92075851040368	27.0	0.0	-10.0	-4.0
160	20.414098406694862	29.92075851040368	27.0	0.0	-10.0	42.0
161	20.414098406694862	29.92075851040368	27.0	0.0	-45.0	-229.0
162	30.369912027130237	29.87195044705137	27.0	0.0	-10.0	-142.0
163	30.369912027130237	29.87195044705137	27.0	0.0	-10.0	-96.0
164	30.369912027130237	29.87195044705137	27.0	0.0	-10.0	-50.0
165	30.369912027130237	29.87195044705137	27.0	0.0	-10.0	-4.0
166	30.369912027130237	29.87195044705137	27.0	0.0	-10.0	42.0
167	30.369912027130237	29.87195044705137	27.0	0.0	-45.0	-229.0
168	40.2201531889709	29.88531522994346	27.0	0.0	-10.0	-142.0
169	40.2201531889709	29.88531522994346	27.0	0.0	-10.0	-96.0
170	40.2201531889709	29.88531522994346	27.0	0.0	-10.0	-50.0
171	40.2201531889709	29.88531522994346	27.0	0.0	-10.0	-4.0
172	40.2201531889709	29.88531522994346	27.0	0.0	-10.0	42.0
173	40.2201531889709	29.88531522994346	27.0	0.0	-45.0	-229.0
174	50.3036891324339	29.813681443611934	27.0	0.0	-10.0	-142.0
175	50.3036891324339	29.813681443611934	27.0	0.0	-10.0	-96.0
176	50.3036891324339	29.813681443611934	27.0	0.0	-10.0	-50.0
177	50.3036891324339	29.813681443611934	27.0	0.0	-10.0	-4.0
178	50.3036891324339	29.813681443611934	27.0	0.0	-10.0	42.0
179	50.3036891324339	29.813681443611934	27.0	0.0	-45.0	-229.0
180	60.20671652150147	29.795959802368003	27.0	0.0	-10.0	-142.0
181	60.20671652150147	29.795959802368003	27.0	0.0	-10.0	-96.0
182	60.20671652150147	29.795959802368003	27.0	0.0	-10.0	-50.0
183	60.20671652150147	29.795959802368003	27.0	0.0	-10.0	-4.0
184	60.20671652150147	29.795959802368003	27.0	0.0	-10.0	42.0
185	60.20671652150147	29.795959802368003	27.0	0.0	-45.0	-229.0
186	70.23745292710373	29.755388845360116	27.0	0.0	-10.0	-142.0
187	70.23745292710373	29.755388845360116	27.0	0.0	-10.0	-96.0
188	70.23745292710373	29.755388845360116	27.0	0.0	-10.0	-50.0
189	70.23745292710373	29.755388845360116	27.0	0.0	-10.0	-4.0
190	70.23745292710373	29.755388845360116	27.0	0.0	-10.0	42.0
191	70.23745292710373	29.755388845360116	27.0	0.0	-45.0	-229.0
192	80.24605277665695	29.67549436122446	27.0	0.0	-10.0	-142.0
193	80.24605277665695	29.67549436122446	27.0	0.0	-10.0	-96.0
194	80.24605277665695	29.67549436122446	27.0	0.0	-10.0	-50.0
195	80.24605277665695	29.67549436122446	27.0	0.0	-10.0	-4.0
196	80.24605277665695	29.67549436122446	27.0	0.0	-10.0	42.0
197	80.24605277665695	29.67549436122446	27.0	0.0	-45.0	-229.0
198	90.19344322499828	29.73642966156872	27.0	0.0	-10.0	-142.0
199	90.19344322499828	29.73642966156872	27.0	0.0	-10.0	-96.0
200	90.19344322499828	29.73642966156872	27.0	0.0	-10.0	-50.0
201	90.19344322499828	29.73642966156872	27.0	0.0	-10.0	-4.0
202	90.19344322499828	29.73642966156872	27.0	0.0	-10.0	42.0
203	90.19344322499828	29.73642966156872	27.0	0.0	-45.0	-229.0
204	100.20201140858157	29.656553825888963	27.0	0.0	-10.0	-142.0
205	100.20201140858157	29.656553825888963	27.0	0.0	-10.0	-96.0
206	100.20201140858157	29.656553825888963	27.0	0.0	-10.0	-50.0
207	100.20201140858157	29.656553825888963	27.0	0.0	-10.0	-4.0
208	100.20201140858157	29.656553825888963	27.0	0.0	-10.0	42.0
209	100.20201140858157	29.656553825888963	27.0	0.0	-45.0	-229.0
210	110.48822412620902	29.570312774466743	27.0	0.0	-10.0	-142.0
211	110.48822412620902	29.570312774466743	27.0	0.0	-10.0	-96.0
212	110.48822412620902	29.570312774466743	27.0	0.0	-10.0	-50.0
213	110.48822412620902	29.570312774466743	27.0	0.0	-10.0	-4.0
214	110.48822412620902	29.570312774466743	27.0	0.0	-10.0	42.0
215	110.48822412620902	29.570312774466743	27.0	0.0	-45.0	-229.0
216	120.33846528615874	29.583677554006158	27.0	0.0	-10.0	-142.0
217	120.33846528615874	29.583677554006158	27.0	0.0	-10.0	-96.0
218	120.33846528615874	29.583677554006158	27.0	0.0	-10.0	-50.0
219	120.33846528615874	29.583677554006158	27.0	0.0	-10.0	-4.0
220	120.33846528615874	29.583677554006158	27.0	0.0	-10.0	42.0
221	120.33846528615874	29.583677554006158	27.0	0.0	-45.0	-229.0
222	130.29427890434414	29.53486949197888	27.0	0.0	-10.0	-142.0
223	130.29427890434414	29.53486949197888	27.0	0.0	-10.0	-96.0
224	130.29427890434414	29.53486949197888	27.0	0.0	-10.0	-50.0
225	130.29427890434414	29.53486949197888	27.0	0.0	-10.0	-4.0
226	130.29427890434414	29.53486949197888	27.0	0.0	-10.0	42.0
227	130.29427890434414	29.53486949197888	27.0	0.0	-45.0	-229.0
228	140.0474024460131	29.500645104285205	27.0	0.0	-10.0	-142.0
229	140.0474024460131	29.500645104285205	27.0	0.0	-10.0	-96.0
230	140.0474024460131	29.500645104285205	27.0	0.0	-10.0	-50.0
231	140.0474024460131	29.500645104285205	27.0	0.0	-10.0	-4.0
232	140.0474024460131	29.500645104285205	27.0	0.0	-10.0	42.0
233	140.0474024460131	29.500645104285205	27.0	0.0	-45.0	-229.0
234	150.16151142411215	29.35861507416962	27.0	0.0	-10.0	-142.0
235	150.16151142411215	29.35861507416962	27.0	0.0	-10.0	-96.0
236	150.16151142411215	29.35861507416962	27.0	0.0	-10.0	-50.0
237	150.16151142411215	29.35861507416962	27.0	0.0	-10.0	-4.0
238	150.16151142411215	29.35861507416962	27.0	0.0	-10.0	42.0
239	150.16151142411215	29.35861507416962	27.0	0.0	-45.0	-229.0
240	160.06453881507065	29.340893436278357	27.0	0.0	-10.0	-142.0
241	160.06453881507065	29.340893436278357	27.0	0.0	-10.0	-96.0
242	160.06453881507065	29.340893436278357	27.0	0.0	-10.0	-50.0
243	160.06453881507065	29.340893436278357	27.0	0.0	-10.0	-4.0
244	160.06453881507065	29.340893436278357	27.0	0.0	-10.0	42.0
245	160.06453881507065	29.340893436278357	27.0	0.0	-45.0	-229.0
246	170.08380077183975	29.778539914299074	27.0	0.0	-10.0	-142.0
247	170.08380077183975	29.778539914299074	27.0	0.0	-10.0	-96.0
248	170.08380077183975	29.778539914299074	27.0	0.0	-10.0	-50.0
249	170.08380077183975	29.778539914299074	27.0	0.0	-10.0	-4.0
250	170.08380077183975	29.778539914299074	27.0	0.0	-10.0	42.0
251	170.08380077183975	29.778539914299074	27.0	0.0	-45.0	-229.0
252	180.03961439002515	29.729731852271797	27.0	0.0	-10.0	-142.0
253	180.03961439002515	29.729731852271797	27.0	0.0	-10.0	-96.0
254	180.03961439002515	29.729731852271797	27.0	0.0	-10.0	-50.0
255	180.03961439002515	29.729731852271797	27.0	0.0	-10.0	-4.0
256	180.03961439002515	29.729731852271797	27.0	0.0	-10.0	42.0
257	180.03961439002515	29.729731852271797	27.0	0.0	-45.0	-229.0
258	190.11471385490114	29.76781783685209	27.0	0.0	-10.0	-142.0
259	190.11471385490114	29.76781783685209	27.0	0.0	-10.0	-96.0
260	190.11471385490114	29.76781783685209	27.0	0.0	-10.0	-50.0
261	190.11471385490114	29.76781783685209	27.0	0.0	-10.0	-4.0
262	190.11471385490114	29.76781783685209	27.0	0.0	-10.0	42.0
263	190.11471385490114	29.76781783685209	27.0	0.0	-45.0	-229.0
264	200.15924027875025	29.876300064513842	27.0	0.0	-10.0	-142.0
265	200.15924027875025	29.876300064513842	27.0	0.0	-10.0	-96.0
266	200.15924027875025	29.876300064513842	27.0	0.0	-10.0	-50.0
267	200.15924027875025	29.876300064513842	27.0	0.0	-10.0	-4.0
268	200.15924027875025	29.876300064513842	27.0	0.0	-10.0	42.0
269	200.15924027875025	29.876300064513842	27.0	0.0	-45.0	-229.0
270	210.00104495822205	29.9993846116124	27.0	0.0	-10.0	-142.0
271	210.00104495822205	29.9993846116124	27.0	0.0	-10.0	-96.0
272	210.00104495822205	29.9993846116124	27.0	0.0	-10.0	-50.0
273	210.00104495822205	29.9993846116124	27.0	0.0	-10.0	-4.0
274	210.00104495822205	29.9993846116124	27.0	0.0	-10.0	42.0
275	210.00104495822205	29.9993846116124	27.0	0.0	-45.0	-229.0
276	220.04782867666992	30.735108923886443	27.0	0.0	-10.0	-142.0
277	220.04782867666992	30.735108923886443	27.0	0.0	-10.0	-96.0
278	220.04782867666992	30.735108923886443	27.0	0.0	-10.0	-50.0
279	220.04782867666992	30.735108923886443	27.0	0.0	-10.0	-4.0
280	220.04782867666992	30.735108923886443	27.0	0.0	-10.0	42.0
281	220.04782867666992	30.735108923886443	27.0	0.0	-45.0	-229.0
282	229.9477598184265	31.085856412998368	27.0	0.0	-10.0	-142.0
283	229.9477598184265	31.085856412998368	27.0	0.0	-10.0	-96.0
284	229.9477598184265	31.085856412998368	27.0	0.0	-10.0	-50.0
285	229.9477598184265	31.085856412998368	27.0	0.0	-10.0	-4.0
286	229.9477598184265	31.085856412998368	27.0	0.0	-10.0	42.0
287	229.9477598184265	31.085856412998368	27.0	0.0	-45.0	-229.0
