Bridge origin -83.34684295454545  42.01858138863636 600.0
0	241.74777127387003	-19.914629658420168	27.0	0.0	-10.0	-142.0
1	241.74777127387003	-19.914629658420168	27.0	0.0	-10.0	-96.0
2	241.74777127387003	-19.914629658420168	27.0	0.0	-10.0	-50.0
3	241.74777127387003	-19.914629658420168	27.0	0.0	-10.0	-4.0
4	241.74777127387003	-19.914629658420168	27.0	0.0	-10.0	42.0
5	241.74777127387003	-19.914629658420168	27.0	0.0	-45.0	-229.0
6	228.3959402454182	-19.908724811979326	27.0	0.0	-10.0	-142.0
7	228.3959402454182	-19.908724811979326	27.0	0.0	-10.0	-96.0
8	228.3959402454182	-19.908724811979326	27.0	0.0	-10.0	-50.0
9	228.3959402454182	-19.908724811979326	27.0	0.0	-10.0	-4.0
10	228.3959402454182	-19.908724811979326	27.0	0.0	-10.0	42.0
11	228.3959402454182	-19.908724811979326	27.0	0.0	-45.0	-229.0
12	215.45361075597376	-15.4296944458806	27.0	0.0	-10.0	-142.0
13	215.45361075597376	-15.4296944458806	27.0	0.0	-10.0	-96.0
14	215.45361075597376	-15.4296944458806	27.0	0.0	-10.0	-50.0
15	215.45361075597376	-15.4296944458806	27.0	0.0	-10.0	-4.0
16	215.45361075597376	-15.4296944458806	27.0	0.0	-10.0	42.0
17	215.45361075597376	-15.4296944458806	27.0	0.0	-45.0	-229.0
18	204.79029451001253	-14.389087046429168	27.0	0.0	-10.0	-142.0
19	204.79029451001253	-14.389087046429168	27.0	0.0	-10.0	-96.0
20	204.79029451001253	-14.389087046429168	27.0	0.0	-10.0	-50.0
21	204.79029451001253	-14.389087046429168	27.0	0.0	-10.0	-4.0
22	204.79029451001253	-14.389087046429168	27.0	0.0	-10.0	42.0
23	204.79029451001253	-14.389087046429168	27.0	0.0	-45.0	-229.0
24	193.0116598260147	-5.356227153381369	27.0	0.0	-10.0	-142.0
25	193.0116598260147	-5.356227153381369	27.0	0.0	-10.0	-96.0
26	193.0116598260147	-5.356227153381369	27.0	0.0	-10.0	-50.0
27	193.0116598260147	-5.356227153381369	27.0	0.0	-10.0	-4.0
28	193.0116598260147	-5.356227153381369	27.0	0.0	-10.0	42.0
29	193.0116598260147	-5.356227153381369	27.0	0.0	-45.0	-229.0
30	180.0489740059635	-7.1509229925740385	27.0	0.0	-10.0	-142.0
31	180.0489740059635	-7.1509229925740385	27.0	0.0	-10.0	-96.0
32	180.0489740059635	-7.1509229925740385	27.0	0.0	-10.0	-50.0
33	180.0489740059635	-7.1509229925740385	27.0	0.0	-10.0	-4.0
34	180.0489740059635	-7.1509229925740385	27.0	0.0	-10.0	42.0
35	180.0489740059635	-7.1509229925740385	27.0	0.0	-45.0	-229.0
36	171.33080951624294	-5.159552245928907	27.0	0.0	-10.0	-142.0
37	171.33080951624294	-5.159552245928907	27.0	0.0	-10.0	-96.0
38	171.33080951624294	-5.159552245928907	27.0	0.0	-10.0	-50.0
39	171.33080951624294	-5.159552245928907	27.0	0.0	-10.0	-4.0
40	171.33080951624294	-5.159552245928907	27.0	0.0	-10.0	42.0
41	171.33080951624294	-5.159552245928907	27.0	0.0	-45.0	-229.0
42	165.03506613849555	-15.073059022384939	27.0	0.0	-10.0	-142.0
43	165.03506613849555	-15.073059022384939	27.0	0.0	-10.0	-96.0
44	165.03506613849555	-15.073059022384939	27.0	0.0	-10.0	-50.0
45	165.03506613849555	-15.073059022384939	27.0	0.0	-10.0	-4.0
46	165.03506613849555	-15.073059022384939	27.0	0.0	-10.0	42.0
47	165.03506613849555	-15.073059022384939	27.0	0.0	-45.0	-229.0
48	152.95990755852358	-15.294144201261147	27.0	0.0	-10.0	-142.0
49	152.95990755852358	-15.294144201261147	27.0	0.0	-10.0	-96.0
50	152.95990755852358	-15.294144201261147	27.0	0.0	-10.0	-50.0
51	152.95990755852358	-15.294144201261147	27.0	0.0	-10.0	-4.0
52	152.95990755852358	-15.294144201261147	27.0	0.0	-10.0	42.0
53	152.95990755852358	-15.294144201261147	27.0	0.0	-45.0	-229.0
54	145.07398658169234	-14.31774842788736	27.0	0.0	-10.0	-142.0
55	145.07398658169234	-14.31774842788736	27.0	0.0	-10.0	-96.0
56	145.07398658169234	-14.31774842788736	27.0	0.0	-10.0	-50.0
57	145.07398658169234	-14.31774842788736	27.0	0.0	-10.0	-4.0
58	145.07398658169234	-14.31774842788736	27.0	0.0	-10.0	42.0
59	145.07398658169234	-14.31774842788736	27.0	0.0	-45.0	-229.0
60	134.1040725411253	-12.571724897586236	27.0	0.0	-10.0	-142.0
61	134.1040725411253	-12.571724897586236	27.0	0.0	-10.0	-96.0
62	134.1040725411253	-12.571724897586236	27.0	0.0	-10.0	-50.0
63	134.1040725411253	-12.571724897586236	27.0	0.0	-10.0	-4.0
64	134.1040725411253	-12.571724897586236	27.0	0.0	-10.0	42.0
65	134.1040725411253	-12.571724897586236	27.0	0.0	-45.0	-229.0
66	122.72465696001893	-15.298826894973345	27.0	0.0	-10.0	-142.0
67	122.72465696001893	-15.298826894973345	27.0	0.0	-10.0	-96.0
68	122.72465696001893	-15.298826894973345	27.0	0.0	-10.0	-50.0
69	122.72465696001893	-15.298826894973345	27.0	0.0	-10.0	-4.0
70	122.72465696001893	-15.298826894973345	27.0	0.0	-10.0	42.0
71	122.72465696001893	-15.298826894973345	27.0	0.0	-45.0	-229.0
72	115.41966543091107	-12.043404331758424	27.0	0.0	-10.0	-142.0
73	115.41966543091107	-12.043404331758424	27.0	0.0	-10.0	-96.0
74	115.41966543091107	-12.043404331758424	27.0	0.0	-10.0	-50.0
75	115.41966543091107	-12.043404331758424	27.0	0.0	-10.0	-4.0
76	115.41966543091107	-12.043404331758424	27.0	0.0	-10.0	42.0
77	115.41966543091107	-12.043404331758424	27.0	0.0	-45.0	-229.0
78	100.87370937227406	-12.905694017434364	27.0	0.0	-10.0	-142.0
79	100.87370937227406	-12.905694017434364	27.0	0.0	-10.0	-96.0
80	100.87370937227406	-12.905694017434364	27.0	0.0	-10.0	-50.0
81	100.87370937227406	-12.905694017434364	27.0	0.0	-10.0	-4.0
82	100.87370937227406	-12.905694017434364	27.0	0.0	-10.0	42.0
83	100.87370937227406	-12.905694017434364	27.0	0.0	-45.0	-229.0
84	89.90696187055876	-11.161535302949304	27.0	0.0	-10.0	-142.0
85	89.90696187055876	-11.161535302949304	27.0	0.0	-10.0	-96.0
86	89.90696187055876	-11.161535302949304	27.0	0.0	-10.0	-50.0
87	89.90696187055876	-11.161535302949304	27.0	0.0	-10.0	-4.0
88	89.90696187055876	-11.161535302949304	27.0	0.0	-10.0	42.0
89	89.90696187055876	-11.161535302949304	27.0	0.0	-45.0	-229.0
90	78.8545004161969	-8.32032721786435	27.0	0.0	-10.0	-142.0
91	78.8545004161969	-8.32032721786435	27.0	0.0	-10.0	-96.0
92	78.8545004161969	-8.32032721786435	27.0	0.0	-10.0	-50.0
93	78.8545004161969	-8.32032721786435	27.0	0.0	-10.0	-4.0
94	78.8545004161969	-8.32032721786435	27.0	0.0	-10.0	42.0
95	78.8545004161969	-8.32032721786435	27.0	0.0	-45.0	-229.0
96	72.02436804588628	-7.962554709557825	27.0	0.0	-10.0	-142.0
97	72.02436804588628	-7.962554709557825	27.0	0.0	-10.0	-96.0
98	72.02436804588628	-7.962554709557825	27.0	0.0	-10.0	-50.0
99	72.02436804588628	-7.962554709557825	27.0	0.0	-10.0	-4.0
100	72.02436804588628	-7.962554709557825	27.0	0.0	-10.0	42.0
101	72.02436804588628	-7.962554709557825	27.0	0.0	-45.0	-229.0
102	63.558848252074526	-9.26282648575538	27.0	0.0	-10.0	-142.0
103	63.558848252074526	-9.26282648575538	27.0	0.0	-10.0	-96.0
104	63.558848252074526	-9.26282648575538	27.0	0.0	-10.0	-50.0
105	63.558848252074526	-9.26282648575538	27.0	0.0	-10.0	-4.0
106	63.558848252074526	-9.26282648575538	27.0	0.0	-10.0	42.0
107	63.558848252074526	-9.26282648575538	27.0	0.0	-45.0	-229.0
108	56.0620724858939	-10.087031399340159	27.0	0.0	-10.0	-142.0
109	56.0620724858939	-10.087031399340159	27.0	0.0	-10.0	-96.0
110	56.0620724858939	-10.087031399340159	27.0	0.0	-10.0	-50.0
111	56.0620724858939	-10.087031399340159	27.0	0.0	-10.0	-4.0
112	56.0620724858939	-10.087031399340159	27.0	0.0	-10.0	42.0
113	56.0620724858939	-10.087031399340159	27.0	0.0	-45.0	-229.0
114	41.65261693713975	-9.458279241804208	27.0	0.0	-10.0	-142.0
115	41.65261693713975	-9.458279241804208	27.0	0.0	-10.0	-96.0
116	41.65261693713975	-9.458279241804208	27.0	0.0	-10.0	-50.0
117	41.65261693713975	-9.458279241804208	27.0	0.0	-10.0	-4.0
118	41.65261693713975	-9.458279241804208	27.0	0.0	-10.0	42.0
119	41.65261693713975	-9.458279241804208	27.0	0.0	-45.0	-229.0
120	33.54581212249013	-8.873516706152957	27.0	0.0	-10.0	-142.0
121	33.54581212249013	-8.873516706152957	27.0	0.0	-10.0	-96.0
122	33.54581212249013	-8.873516706152957	27.0	0.0	-10.0	-50.0
123	33.54581212249013	-8.873516706152957	27.0	0.0	-10.0	-4.0
124	33.54581212249013	-8.873516706152957	27.0	0.0	-10.0	42.0
125	33.54581212249013	-8.873516706152957	27.0	0.0	-45.0	-229.0
126	24.772363909720553	-9.47073159106798	27.0	0.0	-10.0	-142.0
127	24.772363909720553	-9.47073159106798	27.0	0.0	-10.0	-96.0
128	24.772363909720553	-9.47073159106798	27.0	0.0	-10.0	-50.0
129	24.772363909720553	-9.47073159106798	27.0	0.0	-10.0	-4.0
130	24.772363909720553	-9.47073159106798	27.0	0.0	-10.0	42.0
131	24.772363909720553	-9.47073159106798	27.0	0.0	-45.0	-229.0
132	13.665949352879803	-9.215749904681362	27.0	0.0	-10.0	-142.0
133	13.665949352879803	-9.215749904681362	27.0	0.0	-10.0	-96.0
134	13.665949352879803	-9.215749904681362	27.0	0.0	-10.0	-50.0
135	13.665949352879803	-9.215749904681362	27.0	0.0	-10.0	-4.0
136	13.665949352879803	-9.215749904681362	27.0	0.0	-10.0	42.0
137	13.665949352879803	-9.215749904681362	27.0	0.0	-45.0	-229.0
138	8.0603722483837	-11.675417861037758	27.0	0.0	-10.0	-142.0
139	8.0603722483837	-11.675417861037758	27.0	0.0	-10.0	-96.0
140	8.0603722483837	-11.675417861037758	27.0	0.0	-10.0	-50.0
141	8.0603722483837	-11.675417861037758	27.0	0.0	-10.0	-4.0
142	8.0603722483837	-11.675417861037758	27.0	0.0	-10.0	42.0
143	8.0603722483837	-11.675417861037758	27.0	0.0	-45.0	-229.0
144	11.599216239649952	40.71565884747275	27.0	0.0	-10.0	-142.0
145	11.599216239649952	40.71565884747275	27.0	0.0	-10.0	-96.0
146	11.599216239649952	40.71565884747275	27.0	0.0	-10.0	-50.0
147	11.599216239649952	40.71565884747275	27.0	0.0	-10.0	-4.0
148	11.599216239649952	40.71565884747275	27.0	0.0	-10.0	42.0
149	11.599216239649952	40.71565884747275	27.0	0.0	-45.0	-229.0
150	18.068797712875853	38.4770760713176	27.0	0.0	-10.0	-142.0
151	18.068797712875853	38.4770760713176	27.0	0.0	-10.0	-96.0
152	18.068797712875853	38.4770760713176	27.0	0.0	-10.0	-50.0
153	18.068797712875853	38.4770760713176	27.0	0.0	-10.0	-4.0
154	18.068797712875853	38.4770760713176	27.0	0.0	-10.0	42.0
155	18.068797712875853	38.4770760713176	27.0	0.0	-45.0	-229.0
156	29.373903863146523	32.344225463389954	27.0	0.0	-10.0	-142.0
157	29.373903863146523	32.344225463389954	27.0	0.0	-10.0	-96.0
158	29.373903863146523	32.344225463389954	27.0	0.0	-10.0	-50.0
159	29.373903863146523	32.344225463389954	27.0	0.0	-10.0	-4.0
160	29.373903863146523	32.344225463389954	27.0	0.0	-10.0	42.0
161	29.373903863146523	32.344225463389954	27.0	0.0	-45.0	-229.0
162	34.92552786930463	32.21766702307566	27.0	0.0	-10.0	-142.0
163	34.92552786930463	32.21766702307566	27.0	0.0	-10.0	-96.0
164	34.92552786930463	32.21766702307566	27.0	0.0	-10.0	-50.0
165	34.92552786930463	32.21766702307566	27.0	0.0	-10.0	-4.0
166	34.92552786930463	32.21766702307566	27.0	0.0	-10.0	42.0
167	34.92552786930463	32.21766702307566	27.0	0.0	-45.0	-229.0
168	47.17211435799254	30.244653472135155	27.0	0.0	-10.0	-142.0
169	47.17211435799254	30.244653472135155	27.0	0.0	-10.0	-96.0
170	47.17211435799254	30.244653472135155	27.0	0.0	-10.0	-50.0
171	47.17211435799254	30.244653472135155	27.0	0.0	-10.0	-4.0
172	47.17211435799254	30.244653472135155	27.0	0.0	-10.0	42.0
173	47.17211435799254	30.244653472135155	27.0	0.0	-45.0	-229.0
174	55.27891917264215	29.659890936483908	27.0	0.0	-10.0	-142.0
175	55.27891917264215	29.659890936483908	27.0	0.0	-10.0	-96.0
176	55.27891917264215	29.659890936483908	27.0	0.0	-10.0	-50.0
177	55.27891917264215	29.659890936483908	27.0	0.0	-10.0	-4.0
178	55.27891917264215	29.659890936483908	27.0	0.0	-10.0	42.0
179	55.27891917264215	29.659890936483908	27.0	0.0	-45.0	-229.0
180	68.66434696882521	25.96648628142234	27.0	0.0	-10.0	-142.0
181	68.66434696882521	25.96648628142234	27.0	0.0	-10.0	-96.0
182	68.66434696882521	25.96648628142234	27.0	0.0	-10.0	-50.0
183	68.66434696882521	25.96648628142234	27.0	0.0	-10.0	-4.0
184	68.66434696882521	25.96648628142234	27.0	0.0	-10.0	42.0
185	68.66434696882521	25.96648628142234	27.0	0.0	-45.0	-229.0
186	80.57257480931679	28.382164619246716	27.0	0.0	-10.0	-142.0
187	80.57257480931679	28.382164619246716	27.0	0.0	-10.0	-96.0
188	80.57257480931679	28.382164619246716	27.0	0.0	-10.0	-50.0
189	80.57257480931679	28.382164619246716	27.0	0.0	-10.0	-4.0
190	80.57257480931679	28.382164619246716	27.0	0.0	-10.0	42.0
191	80.57257480931679	28.382164619246716	27.0	0.0	-45.0	-229.0
192	85.03931060856769	32.56222367839915	27.0	0.0	-10.0	-142.0
193	85.03931060856769	32.56222367839915	27.0	0.0	-10.0	-96.0
194	85.03931060856769	32.56222367839915	27.0	0.0	-10.0	-50.0
195	85.03931060856769	32.56222367839915	27.0	0.0	-10.0	-4.0
196	85.03931060856769	32.56222367839915	27.0	0.0	-10.0	42.0
197	85.03931060856769	32.56222367839915	27.0	0.0	-45.0	-229.0
198	94.28628735731442	30.25942927686898	27.0	0.0	-10.0	-142.0
199	94.28628735731442	30.25942927686898	27.0	0.0	-10.0	-96.0
200	94.28628735731442	30.25942927686898	27.0	0.0	-10.0	-50.0
201	94.28628735731442	30.25942927686898	27.0	0.0	-10.0	-4.0
202	94.28628735731442	30.25942927686898	27.0	0.0	-10.0	42.0
203	94.28628735731442	30.25942927686898	27.0	0.0	-45.0	-229.0
204	109.1388412124482	30.416302835047887	27.0	0.0	-10.0	-142.0
205	109.1388412124482	30.416302835047887	27.0	0.0	-10.0	-96.0
206	109.1388412124482	30.416302835047887	27.0	0.0	-10.0	-50.0
207	109.1388412124482	30.416302835047887	27.0	0.0	-10.0	-4.0
208	109.1388412124482	30.416302835047887	27.0	0.0	-10.0	42.0
209	109.1388412124482	30.416302835047887	27.0	0.0	-45.0	-229.0
210	117.85700569802786	28.424932086375108	27.0	0.0	-10.0	-142.0
211	117.85700569802786	28.424932086375108	27.0	0.0	-10.0	-96.0
212	117.85700569802786	28.424932086375108	27.0	0.0	-10.0	-50.0
213	117.85700569802786	28.424932086375108	27.0	0.0	-10.0	-4.0
214	117.85700569802786	28.424932086375108	27.0	0.0	-10.0	42.0
215	117.85700569802786	28.424932086375108	27.0	0.0	-45.0	-229.0
216	127.41191086798239	25.419080792237366	27.0	0.0	-10.0	-142.0
217	127.41191086798239	25.419080792237366	27.0	0.0	-10.0	-96.0
218	127.41191086798239	25.419080792237366	27.0	0.0	-10.0	-50.0
219	127.41191086798239	25.419080792237366	27.0	0.0	-10.0	-4.0
220	127.41191086798239	25.419080792237366	27.0	0.0	-10.0	42.0
221	127.41191086798239	25.419080792237366	27.0	0.0	-45.0	-229.0
222	135.518715682632	24.834318256586123	27.0	0.0	-10.0	-142.0
223	135.518715682632	24.834318256586123	27.0	0.0	-10.0	-96.0
224	135.518715682632	24.834318256586123	27.0	0.0	-10.0	-50.0
225	135.518715682632	24.834318256586123	27.0	0.0	-10.0	-4.0
226	135.518715682632	24.834318256586123	27.0	0.0	-10.0	42.0
227	135.518715682632	24.834318256586123	27.0	0.0	-45.0	-229.0
228	145.34529124835927	24.808191404627287	27.0	0.0	-10.0	-142.0
229	145.34529124835927	24.808191404627287	27.0	0.0	-10.0	-96.0
230	145.34529124835927	24.808191404627287	27.0	0.0	-10.0	-50.0
231	145.34529124835927	24.808191404627287	27.0	0.0	-10.0	-4.0
232	145.34529124835927	24.808191404627287	27.0	0.0	-10.0	42.0
233	145.34529124835927	24.808191404627287	27.0	0.0	-45.0	-229.0
234	155.09065003103456	25.879608347722098	27.0	0.0	-10.0	-142.0
235	155.09065003103456	25.879608347722098	27.0	0.0	-10.0	-96.0
236	155.09065003103456	25.879608347722098	27.0	0.0	-10.0	-50.0
237	155.09065003103456	25.879608347722098	27.0	0.0	-10.0	-4.0
238	155.09065003103456	25.879608347722098	27.0	0.0	-10.0	42.0
239	155.09065003103456	25.879608347722098	27.0	0.0	-45.0	-229.0
240	171.0833758183745	24.318450036669404	27.0	0.0	-10.0	-142.0
241	171.0833758183745	24.318450036669404	27.0	0.0	-10.0	-96.0
242	171.0833758183745	24.318450036669404	27.0	0.0	-10.0	-50.0
243	171.0833758183745	24.318450036669404	27.0	0.0	-10.0	-4.0
244	171.0833758183745	24.318450036669404	27.0	0.0	-10.0	42.0
245	171.0833758183745	24.318450036669404	27.0	0.0	-45.0	-229.0
246	185.7454760607875	20.398055357615775	27.0	0.0	-10.0	-142.0
247	185.7454760607875	20.398055357615775	27.0	0.0	-10.0	-96.0
248	185.7454760607875	20.398055357615775	27.0	0.0	-10.0	-50.0
249	185.7454760607875	20.398055357615775	27.0	0.0	-10.0	-4.0
250	185.7454760607875	20.398055357615775	27.0	0.0	-10.0	42.0
251	185.7454760607875	20.398055357615775	27.0	0.0	-45.0	-229.0
252	190.0204276226066	20.49848694464623	27.0	0.0	-10.0	-142.0
253	190.0204276226066	20.49848694464623	27.0	0.0	-10.0	-96.0
254	190.0204276226066	20.49848694464623	27.0	0.0	-10.0	-50.0
255	190.0204276226066	20.49848694464623	27.0	0.0	-10.0	-4.0
256	190.0204276226066	20.49848694464623	27.0	0.0	-10.0	42.0
257	190.0204276226066	20.49848694464623	27.0	0.0	-45.0	-229.0
258	203.5436865556335	18.298483366360998	27.0	0.0	-10.0	-142.0
259	203.5436865556335	18.298483366360998	27.0	0.0	-10.0	-96.0
260	203.5436865556335	18.298483366360998	27.0	0.0	-10.0	-50.0
261	203.5436865556335	18.298483366360998	27.0	0.0	-10.0	-4.0
262	203.5436865556335	18.298483366360998	27.0	0.0	-10.0	42.0
263	203.5436865556335	18.298483366360998	27.0	0.0	-45.0	-229.0
264	212.86497273557498	24.855641565467877	27.0	0.0	-10.0	-142.0
265	212.86497273557498	24.855641565467877	27.0	0.0	-10.0	-96.0
266	212.86497273557498	24.855641565467877	27.0	0.0	-10.0	-50.0
267	212.86497273557498	24.855641565467877	27.0	0.0	-10.0	-4.0
268	212.86497273557498	24.855641565467877	27.0	0.0	-10.0	42.0
269	212.86497273557498	24.855641565467877	27.0	0.0	-45.0	-229.0
270	224.10788780454854	26.091701720968132	27.0	0.0	-10.0	-142.0
271	224.10788780454854	26.091701720968132	27.0	0.0	-10.0	-96.0
272	224.10788780454854	26.091701720968132	27.0	0.0	-10.0	-50.0
273	224.10788780454854	26.091701720968132	27.0	0.0	-10.0	-4.0
274	224.10788780454854	26.091701720968132	27.0	0.0	-10.0	42.0
275	224.10788780454854	26.091701720968132	27.0	0.0	-45.0	-229.0
276	235.73994807778183	25.527161188807185	27.0	0.0	-10.0	-142.0
277	235.73994807778183	25.527161188807185	27.0	0.0	-10.0	-96.0
278	235.73994807778183	25.527161188807185	27.0	0.0	-10.0	-50.0
279	235.73994807778183	25.527161188807185	27.0	0.0	-10.0	-4.0
280	235.73994807778183	25.527161188807185	27.0	0.0	-10.0	42.0
281	235.73994807778183	25.527161188807185	27.0	0.0	-45.0	-229.0
282	244.46127910599515	23.533925631023692	27.0	0.0	-10.0	-142.0
283	244.46127910599515	23.533925631023692	27.0	0.0	-10.0	-96.0
284	244.46127910599515	23.533925631023692	27.0	0.0	-10.0	-50.0
285	244.46127910599515	23.533925631023692	27.0	0.0	-10.0	-4.0
286	244.46127910599515	23.533925631023692	27.0	0.0	-10.0	42.0
287	244.46127910599515	23.533925631023692	27.0	0.0	-45.0	-229.0
