92150.31799628942
9891.391836734694
4028.3372912801483
13112.100927643785
6280.256771799629
2233.943970315399
2925.773283858998
2586.12987012987
1057.6905380333951
1077.6949907235621
1048.2905380333953
1042.247866419295
979.8423005565862
1065.4589981447125
1049.483116883117
1069.3884972170686
1038.8790352504639
1283.652319109462
1280.7447124304267
1266.7803339517625
862.2927643784786
1089.2604823747681
1073.148423005566
1065.51280148423
1063.2426716141001
1049.0705009276437
1046.7862708719852
1119.0504638218924
3301.4278293135435
1084.565491651206
1077.7762523191095
1584.3847866419294
1072.4923933209648
1058.960296846011
1041.4044526901669
1053.20853432282
1053.0163265306123
1270.5680890538033
1281.6051948051947
1269.5424860853432
1287.7621521335807
1261.3792207792208
1261.5228200371057
1243.9903525046382
1262.7617810760669
856.7157699443413
1073.769202226345
1065.7072356215212
1065.452319109462
1080.9873840445268
1039.5536178107607
1045.9777365491652
1068.2315398886828
1420.4115027829314
1054.377736549165
1046.3246753246754
1041.7335807050092
1072.0103896103897
1046.835250463822
1048.169944341373
1043.6675324675325
1067.6122448979593
995.2500927643785
1050.726530612245
1052.1721706864564
1041.8964749536178
1070.238961038961
1043.4011131725417
1038.8333951762522
1082.0066790352505
1072.709090909091
1088.4270871985157
1076.821150278293
1060.0597402597402
1062.1725417439702
1072.7576994434137
1045.057142857143
1097.682745825603
1067.5454545454545
1238.7755102040817
1274.3807050092764
1215.560667903525
1268.6615955473098
1225.7499072356215
1214.3009276437847
1240.1113172541743
1259.3413729128015
1269.4983302411874
1237.1803339517626
1262.334693877551
1255.3747680890538
1261.7536178107607
1273.1588126159554
1281.1588126159554
1240.9925788497217
851.1762523191095
1055.5532467532466
1107.4270871985157
1074.2285714285715
1055.913172541744
1096.5762523191095
1058.4734693877551
1045.043042671614
1053.530241187384
1069.0389610389611
1066.5064935064936
1048.9213358070501
1057.3035250463822
1044.5469387755102
1049.3280148423005
1035.9970315398887
1051.4359925788497
1038.4623376623376
1044.6875695732838
1034.292022263451
1043.4033395176252
1034.613729128015
1057.1662337662337
1040.8701298701299
1066.221892393321
1042.6775510204081
1048.508348794063
1039.965120593692
1046.8686456400742
1071.7276437847866
1029.3009276437847
1038.143599257885
1040.0066790352505
1042.9610389610389
1053.0404452690168
1042.021892393321
1044.5447124304267
1075.8582560296845
1034.8905380333952
1048.1688311688313
1041.9328385899814
1078.117625231911
1043.591836734694
1067.7617810760669
1071.3090909090909
1059.4378478664194
1040.7795918367347
1044.4293135435992
1056.6181818181817
1046.952504638219
1038.5703153988868
1045.274211502783
1030.7836734693878
1113.857142857143
1036.7072356215212
1038.425974025974
1026.5595547309833
1057.7755102040817
1035.59146567718
1045.221521335807
1041.5673469387755
1049.4938775510204
1038.621521335807
1047.7810760667903
1058.4634508348795
1042.804452690167
1038.3072356215214
1102.7974025974027
1769.4270871985157
1266.6571428571428
1255.487569573284
1236.7198515769944
1269.0760667903526
1259.6745825602968
1273.0467532467533
1287.7031539888683
1234.6393320964748
1277.6452690166975
1244.6341372912802
1248.133951762523
1242.7836734693878
1266.2634508348794
1252.8200371057515
1262.943599257885
1240.6070500927644
1262.4419294990723
1248.8371057513914
948.5124304267162
1072.1977736549165
1058.5677179962895
1084.3205936920222
1074.4645640074211
1043.543599257885
1069.5884972170686
1077.508348794063
1066.9844155844155
1042.8972170686457
1048.047124304267
1050.5799628942486
1052.2693877551021
1040.3517625231912
1074.499443413729
1037.5703153988868
1071.104638218924
1077.8241187384044
1078.751762523191
1035.7332096474954
1045.7198515769944
1045.7714285714285
1041.7751391465677
1043.296103896104
1045.600371057514
1065.8627087198515
1043.5012987012988
1042.682374768089
1076.1714285714286
1059.6716141001855
1073.2489795918368
1038.334693877551
1058.2322820037107
1037.795547309833
1042.4812615955473
1042.038589981447
1054.6664192949906
1066.5298701298702
1033.7821892393322
1047.0018552875695
1038.6411873840445
1038.9888682745825
1034.700185528757
1051.495361781076
1034.4111317254174
1041.5669758812617
1037.0871985157698
1048.5717996289425
1035.6656771799628
1044.9320964749536
1039.717625231911
1040.3339517625232
1036.3903525046383
808.847866419295
1070.2241187384045
1068.147309833024
1054.147309833024
1051.6801484230057
1076.917254174397
1058.494990723562
1039.7966604823748
1047.913172541744
1059.4482374768088
1048.256400742115
1048.608905380334
1017.4764378478665
1060.4374768089053
1072.7948051948051
1051.83413729128
1066.7239332096474
1059.0630797773656
1045.9844155844155
1057.3673469387754
1513.151762523191
1069.0860853432282
1056.505009276438
1054.2404452690166
1050.0671614100186
1042.5717996289425
1054.156586270872
1043.5499072356215
1039.5146567717995
1049.526159554731
1054.4070500927644
1072.5220779220779
1040.026345083488
1056.1740259740259
1042.1135435992578
1044.10426716141
1045.077922077922
1031.3810760667905
1030.255658627087
1038.9057513914656
1052.4801484230056
1134.8638218923934
1044.130612244898
1039.4987012987012
1046.7024118738404
1044.6248608534322
1033.2252319109461
1042.1944341372912
1039.8141001855288
1076.0831168831169
1050.7933209647495
1067.230797773655
1053.256400742115
1321.0968460111317
1251.2582560296846
1258.3001855287569
1226.7647495361782
1240.3450834879407
1050.7231910946198
1045.1109461966605
1074.6445269016697
1064.6322820037105
1067.0467532467533
1039.5183673469387
1079.1684601113172
1502.3758812615956
1479.8860853432282
1524.3625231910946
1492.292022263451
1067.8575139146567
1065.9873840445268
1049.0578849721708
1043.20853432282
1045.4682745825603
1039.5458256029685
1064.1677179962894
1059.4404452690167
1040.8141001855288
1047.5328385899813
1040.9539888682746
1027.6155844155844
1048.9102040816326
1045.0589981447124
1048.0230055658626
1041.761038961039
1042.31280148423
1039.6011131725418
1049.8029684601113
1040.7599257884972
1043.0189239332096
1046.7424860853432
1333.4493506493507
1044.2029684601114
1038.960667903525
1075.8987012987013
1054.7985157699443
1038.4378478664194
1067.7269016697587
1154.0961038961038
1072.9688311688312
1039.4252319109462
1046.0972170686457
1059.1109461966605
1044.713543599258
1047.804823747681
1040.4571428571428
1048.8282003710576
1038.5239332096476
1036.1873840445269
1046.5443413729129
1040.6656771799628
1039.8037105751391
1045.4448979591837
1052.6623376623377
1052.7120593692023
2893.4790352504638
1047.8768089053804
1084.3094619666049
1202.960296846011
1311.0319109461966
1036.9584415584416
1057.895361781076
1066.3417439703153
1068.4456400742115
1061.1985157699444
1049.3532467532468
1053.686827458256
1049.4397031539888
1050.1758812615956
1049.8990723562151
1042.4575139146568
1062.3617810760668
1300.8144712430426
1034.6374768089054
1043.204452690167
1044.5588126159555
1031.960296846011
1039.3239332096475
1072.0964749536179
1057.4801484230056
1049.122077922078
1040.4712430426716
1035.3309833024118
1047.2619666048238
1042.2682745825603
1067.409276437848
1041.00853432282
1036.4486085343228
1064.8983302411873
1061.599257884972
1033.8497217068646
1087.2549165120595
1046.3183673469389
1024.9847866419295
1053.5150278293136
1064.6634508348793
1033.1959183673468
1047.2278293135437
1042.3706864564008
1037.1024118738405
1041.5220779220779
1039.995918367347
1035.9662337662337
1053.017439703154
1030.9027829313543
1033.6230055658627
1047.277922077922
1041.2315398886828
1033.3606679035252
1048.3677179962895
1035.5079777365493
1038.1643784786643
1056.938775510204
948.574025974026
1048.9053803339518
1073.100185528757
1048.5988868274583
1056.651948051948
1040.4122448979592
1051.821150278293
1052.2278293135437
1040.2979591836734
1042.3317254174397
1034.700185528757
1039.6011131725418
1041.2007421150279
1027.100185528757
1044.952504638219
1044.017810760668
1036.860482374768
1049.960667903525
1041.8567717996289
1038.1417439703155
1041.621521335807
1056.660482374768
1026.0322820037106
1037.3235621521335
1041.856400742115
1038.2975881261596
1054.330612244898
1038.8875695732838
1035.1855287569574
1083.8107606679034
1047.6753246753246
1059.387012987013
1044.9543599257886
1064.0322820037106
1035.4645640074211
1062.3001855287569
1057.877922077922
1020.9350649350649
1041.5580705009277
1044.478293135436
1032.926530612245
1039.326159554731
1042.7933209647495
1041.5547309833023
1059.1487940630798
1055.7714285714285
1044.226345083488
1042.2007421150279
1048.5803339517624
1036.9684601113172
1037.029684601113
1496.5706864564008
1065.395918367347
1040.296103896104
1031.1376623376623
990.6612244897959
1063.5970315398886
1050.5410018552875
1057.2849721706864
1048.029684601113
1046.8797773654917
1037.0448979591836
1047.3677179962895
1058.4541743970315
1041.9332096474955
1056.1413729128014
1040.5925788497218
1048.71280148423
1048.0333951762523
1045.4571428571428
1039.2448979591836
1039.5580705009277
1057.6764378478665
1051.743599257885
1036.378849721707
1037.5795918367346
1038.765491651206
1041.513543599258
1039.7714285714285
1037.8018552875697
1035.7673469387755
1043.5283858998146
1045.9328385899814
1074.2278293135437
1031.303896103896
1059.3458256029685
1058.487569573284
1041.635621521336
1071.8011131725418
1054.709090909091
1070.4103896103895
1040.156586270872
1069.4779220779221
1031.8597402597402
1051.17439703154
1048.9792207792207
1040.1881261595547
1037.634508348794
1044.9228200371058
1050.9706864564007
1039.526901669759
1066.1551020408162
1043.1016697588127
1054.587012987013
1040.603710575139
1050.447495361781
1038.491280148423
940.8189239332097
1042.508348794063
1042.1421150278293
1051.6337662337662
1047.79146567718
1042.7725417439704
1070.4014842300558
1042.6894248608535
1051.7332096474954
1048.7113172541744
1042.0077922077921
1040.6901669758813
1047.4037105751393
1039.9992578849722
1039.869758812616
1063.3484230055658
1049.0927643784787
1039.920964749536
1060.4508348794063
1046.4356215213359
1058.5669758812617
1036.778478664193
1026.047495361781
1055.6612244897958
1044.4790352504638
1042.0237476808904
1055.6927643784786
1040.6886827458256
1054.7640074211504
1044.0990723562152
1046.5428571428572
1066.6014842300556
1019.143228200371
1041.3057513914657
1036.7847866419295
1048.008905380334
1052.9536178107608
1031.186641929499
1037.1365491651206
1054.2137291280148
1061.6371057513916
1027.586270871985
1039.5131725417439
1055.5076066790352
1039.9714285714285
1037.8931354359927
1039.7061224489796
1046.6716141001855
1038.621150278293
1050.204081632653
1244.3936920222634
1049.7569573283859
1059.3076066790352
1206.069016697588
1045.2979591836734
1041.882374768089
1058.5280148423005
1049.6185528756957
1038.5339517625232
1044.930983302412
1038.9150278293134
1048.5272727272727
1383.9610389610389
1042.6701298701298
1051.0987012987014
1044.3576994434138
1047.3365491651207
1048.3243042671613
1034.1461966604825
1036.978478664193
1042.2842300556586
1036.3858998144713
1028.7098330241188
1477.017439703154
1482.3398886827458
1496.0051948051948
1475.135064935065
1071.3220779220778
1068.7833024118738
1047.9840445269017
1035.9124304267161
1036.60853432282
1047.2400742115028
1054.813358070501
1058.4853432282005
1044.0048237476808
1040.3721706864565
1039.3153988868276
1066.4248608534324
1053.5922077922078
1035.4426716141002
1040.7580705009277
1045.4857142857143
1042.8849721706865
1044.8452690166976
1046.7551020408164
1043.7807050092765
936.3506493506494
1044.5684601113173
1049.1818181818182
1056.3803339517626
1042.1621521335808
1063.469387755102
1048.751762523191
1080.3410018552875
1062.3729128014843
1072.308719851577
1070.664935064935
1041.6482374768088
1038.400371057514
1045.9621521335807
1044.6482374768088
1061.9632653061224
1055.7636363636364
1042.2723562152134
1054.1892393320966
1073.477551020408
1063.1680890538034
1080.065677179963
1056.774025974026
1044.2452690166976
1069.1187384044526
1039.973654916512
1077.6155844155844
1045.509090909091
1044.9636363636364
1059.844155844156
1045.2211502782932
1040.5102040816328
1045.4211502782932
1046.1714285714286
1042.88719851577
1042.3220779220778
1121.7146567717996
1039.1595547309832
1029.2014842300557
1047.2671614100186
1040.286456400742
1035.430055658627
1043.2730983302413
1070.1250463821893
1037.7165120593693
930.6730983302411
1053.9892393320965
1054.6760667903525
1044.343599257885
1046.4482374768088
1043.8634508348794
1051.1035250463822
1494.2107606679035
1073.335064935065
1076.834508348794
1357.029684601113
1082.9272727272728
1047.744341372913
1040.1740259740259
1046.0426716141
1048.7276437847866
1037.2326530612245
1064.6107606679036
1127.6905380333951
1061.5591836734693
1047.143599257885
1055.0189239332096
1038.8141001855288
1051.7157699443414
1059.8100185528756
1037.3617810760668
1043.2894248608534
1041.1050092764378
1038.0051948051948
1048.2853432282004
1052.0712430426715
1037.2575139146568
1056.7821892393322
1044.0923933209647
1035.3725417439703
1069.2077922077922
1039.1298701298701
1039.7120593692023
1028.7076066790353
1039.3061224489795
1039.2274582560296
1093.1948051948052
1056.7573283858999
1134.6675324675325
1092.9710575139147
1063.9595547309832
1062.673840445269
1045.321706864564
1071.900185528757
1046.4979591836734
1042.857142857143
1046.691280148423
1043.9205936920223
1049.0816326530612
1055.1573283858997
1037.717996289425
1078.430426716141
1044.2163265306122
1062.3421150278293
1040.5532467532466
1046.821892393321
1041.4241187384046
1064.7862708719852
1027.026345083488
1048.399628942486
1030.8322820037106
1058.5662337662338
1155.4077922077922
1148.2723562152134
1071.5339517625232
1051.387384044527
1051.713543599258
1048.2051948051949
1045.1487940630798
1038.3243042671613
1063.6905380333951
1044.7599257884972
1033.6144712430428
1043.21706864564
1039.0623376623378
1033.595918367347
1041.604452690167
1046.1243042671615
1038.4385899814472
1001.917254174397
1097.0808905380334
1042.5948051948053
1049.1183673469388
1056.247866419295
1043.5198515769944
1049.3491651205936
1044.2582560296846
1042.052319109462
1053.2549165120595
1047.2675324675324
1039.5280148423005
1053.5807050092765
1072.512430426716
1045.5632653061225
1036.4805194805194
1066.4753246753246
1048.6552875695734
1037.2003710575138
1041.8460111317254
1044.487569573284
1038.156215213358
1041.8330241187384
1045.2330241187385
1040.8541743970316
1036.0708719851577
1041.3458256029685
1049.9443413729127
1076.5250463821892
1058.3714285714286
1043.4745825602968
1354.5105751391466
1280.2404452690166
1075.7925788497216
1055.8259740259741
1041.482003710575
1036.92987012987
1055.6141001855287
1046.6849721706865
1023.8437847866419
1039.9257884972171
1101.8467532467532
1051.526901669759
1044.4051948051947
1048.2063079777365
1045.9153988868275
1086.2938775510204
1049.2471243042671
1057.1380333951763
1042.7714285714285
1063.5858998144713
1047.8289424860855
1046.8671614100185
1042.6508348794064
1066.9636363636364
1039.9139146567718
1041.834879406308
1044.9807050092763
1043.6864564007421
1035.721706864564
1044.8730983302412
1025.5714285714287
1045.5729128014843
1032.2801484230056
1048.8096474953618
1034.4764378478665
1042.8259740259741
1067.7918367346938
1043.5139146567717
1058.3057513914657
1046.3588126159555
1040.1053803339519
1039.3487940630798
1055.7584415584415
1052.2267161410018
1059.8118738404453
979.0096474953618
1044.7428571428572
1063.9183673469388
1062.1254174397031
1038.2333951762523
1051.199628942486
1059.3168831168832
1038.5840445269016
1036.656400742115
1044.8489795918367
1112.5899814471243
1039.069387755102
1050.5057513914658
1076.3361781076067
1059.3736549165121
1061.261224489796
1042.621150278293
1051.4979591836734
1039.8408163265306
1042.62560296846
1046.0189239332096
1038.0493506493506
1025.8504638218924
1073.4141001855287
1042.5176252319109
1043.8931354359927
1048.3751391465678
1046.2252319109461
1055.043042671614
1055.9640074211502
1049.8920222634508
1046.8007421150278
1065.2693877551021
1038.509461966605
1042.1981447124303
857.2241187384044
1064.017810760668
1044.5209647495362
1065.3762523191094
1048.3231910946197
1068.330241187384
1062.2311688311688
1048.0897959183674
1042.2593692022263
1046.9124304267161
1039.212987012987
1055.2059369202227
1051.6923933209648
1038.3417439703153
1051.9944341372914
1053.9272727272728
1035.2096474953619
1045.4311688311689
1072.3202226345084
1079.5554730983301
1043.099814471243
1042.6493506493507
1053.8630797773656
1043.835250463822
1039.5647495361782
1043.9884972170687
1054.5421150278294
1370.7228200371057
1285.0983302411873
1073.7818181818182
1043.2474953617811
1043.4894248608534
1039.0842300556587
1068.5810760667903
977.6489795918367
1047.7951762523192
1050.982560296846
1084.452319109462
1055.5220779220779
1066.964749536178
1050.2586270871984
1042.0797773654917
1042.6575139146569
1044.8059369202226
1080.3235621521335
1040.6278293135435
1040.412615955473
1049.700556586271
1042.151391465677
1059.4582560296847
1072.7194805194806
1056.3814471243043
1039.1309833024118
1046.295361781076
1026.7283858998144
1065.1257884972172
1034.335064935065
1088.2979591836734
1167.9847866419295
1052.2649350649351
1040.2552875695733
1032.9269016697588
1037.2846011131726
1044.7762523191095
1040.8118738404453
1034.7788497217068
928.9940630797773
1058.3840445269016
1042.5109461966604
1040.0979591836735
1041.03413729128
1059.503896103896
1040.6690166975882
1046.5146567717995
1047.3057513914657
1038.3903525046383
1043.0274582560296
1041.3840445269016
1042.0070500927643
1101.082745825603
1061.3465677179963
1067.447866419295
1057.812244897959
1043.6293135435992
1042.0107606679035
1034.6189239332095
1051.5536178107607
1053.3736549165121
1027.8337662337663
1037.6463821892394
1049.5202226345084
1045.4166975881262
1038.9102040816326
1059.1372912801485
1060.5447124304267
1052.2055658627087
1047.7020408163266
1034.5788497217068
1057.6909090909091
1051.038589981447
1042.2679035250464
1047.2100185528757
1046.717996289425
1081.2474953617811
1050.4641929499073
1043.9888682745825
1064.5254174397032
1057.7903525046381
1039.3573283858998
1049.1354359925788
1045.3465677179963
1038.9892393320965
1066.3929499072356
1045.5643784786641
1043.5421150278294
1052.3499072356215
1068.2615955473098
1032.5187384044527
1035.0638218923934
1032.4983302411874
1067.3228200371057
1036.5677179962895
1044.4037105751393
1044.0972170686457
1042.3376623376623
1043.1187384044526
1008.4274582560297
1055.0942486085344
1045.7884972170687
1042.365491651206
1070.2333951762523
1042.3354359925788
1042.0285714285715
1043.6096474953617
1108.2545454545455
1506.0664192949907
1066.722448979592
1041.0671614100186
1075.0749536178107
1043.8408163265306
1013.1777365491652
1043.2949907235623
1057.595918367347
1059.2326530612245
1045.86159554731
1104.4014842300558
1050.3591836734695
1035.1617810760667
Final mean = 1198.167350649351 and variance is 2925.7178393563013
