0.01	0.00664684053080977
0.02	0.00664684053080977
0.03	0.00664684053080977
0.04	0.00674434327272089
0.05	0.00674434327272089
0.06	0.00674434327272089
0.07	0.00698608213977214
0.08	0.00698608213977214
0.09	0.00698608213977214
0.1	0.00698608213977214
0.11	0.00743021276611244
0.12	0.00743021276611244
0.13	0.00743021276611244
0.14	0.0082034579393514
0.15	0.0082034579393514
0.16	0.0082034579393514
0.17	0.00907458496313651
0.18	0.00907458496313651
0.19	0.00907458496313651
0.2	0.00983197766911803
0.21	0.00983197766911803
0.22	0.00983197766911803
0.23	0.00983197766911803
0.24	0.0108211232025061
0.25	0.0108211232025061
0.26	0.0108211232025061
0.27	0.0117063444818662
0.28	0.0117063444818662
0.29	0.0117063444818662
0.3	0.0127205958258306
0.4	0.0167721275095506
0.5	0.0204200139129814
0.6	0.0241478963425128
0.7	0.0283083836983555
0.8	0.0309590181423359
0.9	0.0344888887298556
