0.01	0.000197278560447623
0.02	0.000197278560447623
0.03	0.000197278560447623
0.04	0.000493216354696554
0.05	0.000493216354696554
0.06	0.000493216354696554
0.07	0.00102564686824491
0.08	0.00102564686824491
0.09	0.00102564686824491
0.1	0.00102564686824491
0.11	0.00201277984052111
0.12	0.00201277984052111
0.13	0.00201277984052111
0.14	0.00345372304104531
0.15	0.00345372304104531
0.16	0.00345372304104531
0.17	0.00501355423839332
0.18	0.00501355423839332
0.19	0.00501355423839332
0.2	0.00653401535334725
0.21	0.00653401535334725
0.22	0.00653401535334725
0.23	0.00653401535334725
0.24	0.00852828002775112
0.25	0.00852828002775112
0.26	0.00852828002775112
0.27	0.0104035001706661
0.28	0.0104035001706661
0.29	0.0104035001706661
0.3	0.0127124529175355
0.4	0.0218102775999992
0.5	0.0308273671866228
0.6	0.0402599832839344
0.7	0.0506570860448223
0.8	0.0575022020316044
0.9	0.0664974665170334
