0.01	0.0484171834244795
0.02	0.0484171834244795
0.03	0.0484171834244795
0.04	0.0458913867846273
0.05	0.0458913867846273
0.06	0.0458913867846273
0.07	0.0436607082753161
0.08	0.0436607082753161
0.09	0.0436607082753161
0.1	0.0436607082753161
0.11	0.0412520093077123
0.12	0.0412520093077123
0.13	0.0412520093077123
0.14	0.0390994472662778
0.15	0.0390994472662778
0.16	0.0390994472662778
0.17	0.0367502705671643
0.18	0.0367502705671643
0.19	0.0367502705671643
0.2	0.0337496205147765
0.21	0.0337496205147765
0.22	0.0337496205147765
0.23	0.0337496205147765
0.24	0.0309253901009707
0.25	0.0309253901009707
0.26	0.0309253901009707
0.27	0.0283783914319866
0.28	0.0283783914319866
0.29	0.0283783914319866
0.3	0.0256726601360705
0.4	0.0181292255860098
0.5	0.0125000703459365
0.6	0.00811519693885232
0.7	0.00418455591242509
0.8	0.00240803737685224
0.9	0.000650696670568854
