Observation	Correct	FP	FN
0	2	0	0
1	2	0	0
2	2	0	0
3	2	0	0
4	2	0	0
5	2	0	0
6	2	0	0
7	2	0	0
8	2	0	0
9	2	0	0
10	2	0	0
11	2	0	0
12	2	0	0
13	2	0	0
14	2	0	0
15	2	0	0
16	2	0	0
17	2	1	0
18	2	0	0
19	2	1	0
20	2	0	0
21	2	0	0
22	2	0	0
23	2	0	0
24	2	0	0
25	2	0	0
26	2	0	0
27	1	0	1
28	1	0	1
29	2	1	0
30	2	0	0
31	1	0	1
32	2	0	0
33	2	0	0
34	1	0	1
35	2	0	0
36	2	1	0
37	2	0	0
38	2	1	0
39	2	1	0
40	1	0	1
41	2	0	0
42	2	1	0
43	2	0	0
44	2	1	0
45	1	0	1
46	2	0	0
47	2	0	0
48	2	1	0
49	1	0	1
50	1	0	1
51	1	0	1
52	2	1	0
53	2	0	0
54	2	0	0
55	2	1	0
56	1	0	1
57	1	0	1
58	2	0	0
59	2	1	0
60	2	1	0
61	2	1	0
62	1	0	1
63	1	0	1
64	2	0	0
65	2	1	0
66	2	1	0
67	2	1	0
68	2	1	0
69	1	0	1
70	2	1	0
71	0	0	2
72	2	0	0
73	0	0	2
74	0	0	2
75	0	0	2
76	0	0	2
77	2	1	0
78	1	0	1
79	0	0	2
80	2	0	0
81	0	0	2
82	2	0	0
83	0	0	2
84	0	0	2
85	1	0	1
86	0	0	2
87	2	1	0
88	0	0	2
89	2	1	0
90	0	0	2
91	0	0	2
92	2	1	0
93	0	0	2
94	0	0	2
95	2	1	0
96	0	0	2
97	2	0	0
98	2	2	0
99	0	0	2
