Observation	Correct	FP	FN
0	2	0	0
1	2	0	0
2	2	0	0
3	2	0	0
4	2	0	0
5	2	0	0
6	2	0	0
7	2	0	0
8	2	0	0
9	2	0	0
10	2	0	0
11	2	0	0
12	2	0	0
13	2	0	0
14	2	0	0
15	2	0	0
16	2	0	0
17	2	1	0
18	2	0	0
19	2	0	0
20	2	1	0
21	2	1	0
22	2	0	0
23	2	0	0
24	1	0	1
25	2	2	0
26	2	0	0
27	1	0	1
28	2	0	0
29	2	0	0
30	1	0	1
31	2	2	0
32	2	2	0
33	2	0	0
34	2	0	0
35	2	1	0
36	2	1	0
37	2	1	0
38	2	0	0
39	2	0	0
40	2	0	0
41	2	0	0
42	2	1	0
43	2	0	0
44	2	0	0
45	2	1	0
46	1	0	1
47	2	2	0
48	2	1	0
49	2	0	0
50	2	0	0
51	2	0	0
52	1	0	1
53	2	2	0
54	0	0	2
55	2	0	0
56	2	1	0
57	2	1	0
58	2	0	0
59	2	2	0
60	2	1	0
61	2	1	0
62	2	1	0
63	1	0	1
64	0	0	2
65	2	2	0
66	2	2	0
67	0	0	2
68	2	0	0
69	2	2	0
70	2	2	0
71	2	2	0
72	2	0	0
73	2	0	0
74	0	0	2
75	2	1	0
76	2	1	0
77	2	1	0
78	2	1	0
79	2	1	0
80	1	0	1
81	2	2	0
82	2	2	0
83	2	2	0
84	2	1	0
85	0	0	2
86	2	2	0
87	2	1	0
88	1	1	1
89	0	0	2
90	2	1	0
91	1	0	1
92	0	0	2
93	2	1	0
94	0	0	2
95	2	1	0
96	2	0	0
97	0	0	2
98	2	2	0
99	2	1	0
