Observation	Correct	FP	FN
0	2	1	0
1	2	1	0
2	2	1	0
3	2	1	0
4	2	1	0
5	2	1	0
6	2	1	0
7	2	1	0
8	2	1	0
9	2	1	0
10	2	1	0
11	2	1	0
12	2	1	0
13	2	1	0
14	2	1	0
15	2	2	0
16	2	2	0
17	2	1	0
18	2	2	0
19	2	1	0
20	2	1	0
21	2	2	0
22	2	1	0
23	2	2	0
24	2	1	0
25	2	2	0
26	2	1	0
27	2	2	0
28	2	1	0
29	2	1	0
30	2	2	0
31	2	1	0
32	1	0	1
33	2	0	0
34	2	0	0
35	2	2	0
36	2	1	0
37	2	2	0
38	1	1	1
39	2	0	0
40	2	2	0
41	1	0	1
42	2	2	0
43	2	1	0
44	2	2	0
45	2	1	0
46	2	1	0
47	1	0	1
48	2	2	0
49	1	1	1
50	2	2	0
51	1	0	1
52	2	2	0
53	2	1	0
54	1	0	1
55	2	0	0
56	2	2	0
57	1	1	1
58	1	0	1
59	2	2	0
60	2	2	0
61	2	1	0
62	2	0	0
63	2	2	0
64	1	0	1
65	2	2	0
66	2	2	0
67	2	0	0
68	1	0	1
69	2	2	0
70	1	0	1
71	2	2	0
72	2	2	0
73	2	1	0
74	2	2	0
75	2	2	0
76	1	0	1
77	2	2	0
78	2	0	0
79	2	2	0
80	1	1	1
81	2	0	0
82	2	1	0
83	2	2	0
84	1	0	1
85	2	2	0
86	1	1	1
87	2	2	0
88	1	0	1
89	1	0	1
90	2	2	0
91	2	2	0
92	0	0	2
93	1	0	1
94	0	0	2
95	2	2	0
96	2	1	0
97	2	1	0
98	2	2	0
99	0	0	2
