Observation	Correct	FP	FN
0	2	0	0
1	2	0	0
2	2	0	0
3	2	0	0
4	2	1	0
5	2	0	0
6	2	0	0
7	2	1	0
8	2	0	0
9	2	0	0
10	2	0	0
11	2	0	0
12	2	0	0
13	2	1	0
14	2	0	0
15	2	0	0
16	2	0	0
17	2	0	0
18	2	0	0
19	2	0	0
20	2	0	0
21	2	1	0
22	2	1	0
23	2	0	0
24	2	1	0
25	2	0	0
26	1	0	1
27	2	0	0
28	2	2	0
29	2	1	0
30	2	0	0
31	2	1	0
32	1	0	1
33	2	2	0
34	2	0	0
35	2	1	0
36	2	2	0
37	1	0	1
38	2	0	0
39	1	0	1
40	2	0	0
41	2	1	0
42	2	2	0
43	2	2	0
44	2	1	0
45	1	0	1
46	2	1	0
47	2	2	0
48	2	1	0
49	2	2	0
50	2	0	0
51	2	0	0
52	2	2	0
53	1	0	1
54	2	2	0
55	1	0	1
56	1	0	1
57	2	1	0
58	2	0	0
59	2	1	0
60	2	1	0
61	1	0	1
62	1	0	1
63	2	1	0
64	0	0	2
65	2	2	0
66	2	1	0
67	2	1	0
68	2	1	0
69	2	2	0
70	2	1	0
71	2	1	0
72	1	0	1
73	1	0	1
74	2	2	0
75	2	1	0
76	2	2	0
77	2	2	0
78	2	2	0
79	2	2	0
80	1	1	1
81	0	0	2
82	2	2	0
83	0	0	2
84	1	1	1
85	0	0	2
86	2	1	0
87	2	0	0
88	0	0	2
89	2	1	0
90	0	0	2
91	2	0	0
92	0	0	2
93	0	0	2
94	1	1	1
95	2	2	0
96	2	2	0
97	2	2	0
98	0	0	2
99	1	0	1
