Observation	Correct	FP	FN
0	4	0	0
1	4	0	0
2	4	0	0
3	4	0	0
4	4	0	0
5	4	0	0
6	4	0	0
7	4	0	0
8	3	0	1
9	4	0	0
10	4	0	0
11	4	0	0
12	3	0	1
13	3	0	1
14	4	0	0
15	3	0	1
16	4	0	0
17	4	0	0
18	4	0	0
19	4	0	0
20	3	0	1
21	3	0	1
22	4	0	0
23	4	0	0
24	4	0	0
25	4	0	0
26	3	0	1
27	3	0	1
28	3	0	1
29	4	0	0
30	3	0	1
31	4	0	0
32	4	0	0
33	3	0	1
34	3	0	1
35	4	0	0
36	4	0	0
37	4	0	0
38	4	0	0
39	3	0	1
40	3	0	1
41	4	0	0
42	3	0	1
43	4	0	0
44	4	0	0
45	4	0	0
46	3	0	1
47	4	0	0
48	4	0	0
49	3	0	1
50	3	0	1
51	3	0	1
52	4	0	0
53	3	0	1
54	3	0	1
55	3	0	1
56	3	0	1
57	4	0	0
58	3	0	1
59	4	0	0
60	4	0	0
61	4	0	0
62	4	0	0
63	3	0	1
64	3	0	1
65	4	0	0
66	4	0	0
67	4	0	0
68	4	0	0
69	4	0	0
70	3	0	1
71	3	0	1
72	3	0	1
73	4	0	0
74	3	0	1
75	4	0	0
76	3	0	1
77	3	0	1
78	3	0	1
79	3	0	1
80	3	0	1
81	4	0	0
82	4	0	0
83	3	0	1
84	3	0	1
85	3	0	1
86	3	0	1
87	3	0	1
88	3	0	1
89	4	0	0
90	4	0	0
91	3	0	1
92	3	0	1
93	3	0	1
94	3	0	1
95	3	0	1
96	4	0	0
97	4	0	0
98	4	0	0
99	4	0	0
