Observation	Correct	FP	FN
0	2	0	0
1	2	0	0
2	2	0	0
3	2	0	0
4	2	0	0
5	2	0	0
6	2	0	0
7	2	0	0
8	2	0	0
9	2	0	0
10	2	0	0
11	2	0	0
12	2	0	0
13	2	0	0
14	2	0	0
15	2	0	0
16	2	1	0
17	2	0	0
18	2	1	0
19	2	1	0
20	2	0	0
21	2	0	0
22	2	0	0
23	2	0	0
24	2	0	0
25	1	0	1
26	2	0	0
27	2	0	0
28	2	0	0
29	2	0	0
30	1	0	1
31	1	0	1
32	2	1	0
33	2	0	0
34	2	0	0
35	2	1	0
36	1	0	1
37	1	0	1
38	2	0	0
39	1	0	1
40	2	1	0
41	2	1	0
42	1	0	1
43	2	1	0
44	2	0	0
45	1	0	1
46	2	0	0
47	1	0	1
48	2	0	0
49	2	0	0
50	2	1	0
51	1	0	1
52	2	1	0
53	2	1	0
54	1	0	1
55	1	0	1
56	2	1	0
57	1	0	1
58	0	0	2
59	2	1	0
60	2	0	0
61	0	0	2
62	2	0	0
63	2	0	0
64	2	0	0
65	2	1	0
66	1	0	1
67	2	1	0
68	0	0	2
69	2	1	0
70	0	0	2
71	2	1	0
72	2	1	0
73	2	0	0
74	2	0	0
75	2	0	0
76	0	0	2
77	1	0	1
78	2	1	0
79	0	0	2
80	2	0	0
81	0	0	2
82	2	1	0
83	0	0	2
84	0	0	2
85	2	1	0
86	2	1	0
87	2	0	0
88	0	0	2
89	2	0	0
90	2	1	0
91	1	0	1
92	0	0	2
93	2	0	0
94	2	0	0
95	2	1	0
96	2	1	0
97	0	0	2
98	0	0	2
99	2	1	0
