Observation	Correct	FP	FN
0	2	0	0
1	2	0	0
2	2	0	0
3	2	0	0
4	2	0	0
5	2	0	0
6	2	0	0
7	2	0	0
8	2	0	0
9	2	0	0
10	2	0	0
11	2	0	0
12	2	0	0
13	2	1	0
14	2	0	0
15	2	1	0
16	2	0	0
17	2	1	0
18	2	0	0
19	2	1	0
20	2	0	0
21	2	0	0
22	2	1	0
23	2	1	0
24	2	0	0
25	2	1	0
26	2	0	0
27	2	0	0
28	2	0	0
29	2	0	0
30	2	1	0
31	1	0	1
32	2	1	0
33	2	1	0
34	2	0	0
35	2	0	0
36	2	1	0
37	2	0	0
38	2	1	0
39	2	0	0
40	2	0	0
41	2	0	0
42	2	0	0
43	2	0	0
44	1	0	1
45	2	0	0
46	2	0	0
47	2	0	0
48	2	0	0
49	1	0	1
50	2	1	0
51	2	0	0
52	2	1	0
53	2	1	0
54	2	1	0
55	2	1	0
56	2	1	0
57	2	1	0
58	2	0	0
59	2	1	0
60	2	0	0
61	2	0	0
62	2	0	0
63	1	0	1
64	2	0	0
65	2	1	0
66	1	0	1
67	1	0	1
68	2	1	0
69	1	0	1
70	2	0	0
71	1	0	1
72	1	0	1
73	2	1	0
74	2	1	0
75	2	0	0
76	2	1	0
77	2	1	0
78	2	1	0
79	0	0	2
80	2	0	0
81	0	0	2
82	1	0	1
83	2	0	0
84	2	1	0
85	2	1	0
86	2	1	0
87	2	0	0
88	2	0	0
89	2	1	0
90	1	0	1
91	2	1	0
92	2	1	0
93	2	1	0
94	1	0	1
95	0	0	2
96	2	1	0
97	0	0	2
98	2	1	0
99	1	0	1
