Observation	Correct	FP	FN
0	5	1	0
1	5	1	0
2	5	1	0
3	5	1	0
4	5	1	0
5	5	1	0
6	5	1	0
7	5	1	0
8	5	1	0
9	5	1	0
10	5	1	0
11	5	1	0
12	5	1	0
13	5	1	0
14	5	1	0
15	5	1	0
16	5	1	0
17	5	1	0
18	5	1	0
19	5	1	0
20	5	1	0
21	5	1	0
22	5	0	0
23	5	1	0
24	5	1	0
25	5	1	0
26	5	1	0
27	5	0	0
28	5	0	0
29	5	1	0
30	5	0	0
31	5	1	0
32	5	0	0
33	5	1	0
34	5	1	0
35	5	0	0
36	5	1	0
37	5	1	0
38	5	1	0
39	5	1	0
40	5	1	0
41	5	0	0
42	5	1	0
43	5	1	0
44	5	0	0
45	5	1	0
46	5	0	0
47	5	1	0
48	5	1	0
49	5	1	0
50	5	1	0
51	5	1	0
52	5	1	0
53	5	1	0
54	5	0	0
55	5	0	0
56	5	1	0
57	5	0	0
58	5	0	0
59	5	1	0
60	5	1	0
61	5	1	0
62	5	0	0
63	5	1	0
64	5	0	0
65	5	1	0
66	5	1	0
67	5	1	0
68	5	1	0
69	5	1	0
70	4	0	1
71	5	0	0
72	5	0	0
73	5	0	0
74	5	1	0
75	5	1	0
76	5	1	0
77	5	0	0
78	5	1	0
79	5	0	0
80	4	0	1
81	5	0	0
82	4	0	1
83	5	0	0
84	5	1	0
85	4	0	1
86	5	1	0
87	5	1	0
88	4	0	1
89	4	0	1
90	4	0	1
91	5	1	0
92	5	1	0
93	5	1	0
94	5	0	0
95	4	0	1
96	5	1	0
97	5	1	0
98	4	0	1
99	5	1	0
