Observation	Correct	FP	FN
0	2	0	0
1	2	0	0
2	2	0	0
3	2	0	0
4	2	0	0
5	2	0	0
6	2	1	0
7	2	0	0
8	2	0	0
9	2	0	0
10	2	0	0
11	2	0	0
12	2	1	0
13	2	1	0
14	2	0	0
15	2	0	0
16	2	1	0
17	2	0	0
18	2	0	0
19	2	1	0
20	2	0	0
21	2	0	0
22	2	0	0
23	2	0	0
24	2	1	0
25	2	0	0
26	2	0	0
27	2	1	0
28	2	0	0
29	2	0	0
30	1	0	1
31	2	0	0
32	2	1	0
33	2	0	0
34	2	0	0
35	1	0	1
36	2	1	0
37	2	1	0
38	2	0	0
39	2	0	0
40	2	0	0
41	2	0	0
42	1	0	1
43	2	0	0
44	2	0	0
45	2	0	0
46	2	0	0
47	2	0	0
48	1	0	1
49	2	1	0
50	2	1	0
51	2	1	0
52	2	1	0
53	1	0	1
54	2	1	0
55	1	0	1
56	2	1	0
57	2	1	0
58	2	1	0
59	1	0	1
60	1	0	1
61	2	1	0
62	2	1	0
63	1	0	1
64	1	0	1
65	1	0	1
66	1	0	1
67	2	1	0
68	1	0	1
69	2	0	0
70	2	1	0
71	1	0	1
72	2	0	0
73	1	0	1
74	1	0	1
75	2	0	0
76	1	0	1
77	2	1	0
78	2	0	0
79	1	0	1
80	2	0	0
81	2	1	0
82	2	1	0
83	1	0	1
84	1	0	1
85	0	0	2
86	2	1	0
87	1	0	1
88	0	0	2
89	2	0	0
90	2	0	0
91	1	0	1
92	2	1	0
93	1	0	1
94	2	1	0
95	0	0	2
96	0	0	2
97	2	0	0
98	2	1	0
99	1	0	1
