Observation	Correct	FP	FN
0	2	0	0
1	2	0	0
2	2	0	0
3	2	0	0
4	2	0	0
5	2	0	0
6	2	0	0
7	2	0	0
8	2	0	0
9	2	0	0
10	2	0	0
11	2	0	0
12	2	0	0
13	2	0	0
14	2	1	0
15	2	0	0
16	2	1	0
17	2	0	0
18	2	0	0
19	2	0	0
20	2	0	0
21	2	0	0
22	2	1	0
23	2	1	0
24	2	0	0
25	2	0	0
26	2	0	0
27	2	0	0
28	2	0	0
29	2	0	0
30	2	0	0
31	2	0	0
32	2	0	0
33	1	0	1
34	2	0	0
35	2	1	0
36	1	0	1
37	2	1	0
38	2	1	0
39	2	0	0
40	2	1	0
41	2	0	0
42	1	0	1
43	2	1	0
44	2	1	0
45	2	0	0
46	2	0	0
47	2	1	0
48	2	0	0
49	2	1	0
50	2	1	0
51	2	0	0
52	2	0	0
53	2	1	0
54	1	0	1
55	2	0	0
56	1	0	1
57	2	0	0
58	2	0	0
59	2	1	0
60	2	1	0
61	2	0	0
62	1	0	1
63	1	0	1
64	2	1	0
65	2	1	0
66	2	1	0
67	2	1	0
68	2	1	0
69	2	1	0
70	2	0	0
71	2	1	0
72	0	0	2
73	1	0	1
74	2	0	0
75	0	0	2
76	2	1	0
77	2	0	0
78	0	0	2
79	0	0	2
80	0	0	2
81	2	1	0
82	1	0	1
83	2	1	0
84	0	0	2
85	0	0	2
86	0	0	2
87	0	0	2
88	2	1	0
89	2	1	0
90	2	2	0
91	2	2	0
92	2	2	0
93	2	2	0
94	2	0	0
95	2	1	0
96	2	1	0
97	2	0	0
98	0	0	2
99	2	2	0
