Observation	Correct	FP	FN
0	2	0	0
1	2	0	0
2	2	0	0
3	2	0	0
4	2	0	0
5	2	0	0
6	2	0	0
7	2	0	0
8	2	0	0
9	2	0	0
10	2	0	0
11	2	0	0
12	2	1	0
13	2	0	0
14	2	0	0
15	2	0	0
16	2	0	0
17	2	0	0
18	2	0	0
19	2	0	0
20	2	0	0
21	2	0	0
22	2	1	0
23	2	1	0
24	2	1	0
25	2	0	0
26	2	0	0
27	2	0	0
28	2	0	0
29	2	1	0
30	2	0	0
31	2	0	0
32	1	0	1
33	1	0	1
34	2	0	0
35	2	0	0
36	2	0	0
37	2	0	0
38	2	1	0
39	2	1	0
40	2	1	0
41	2	0	0
42	2	1	0
43	2	1	0
44	1	0	1
45	2	1	0
46	2	0	0
47	2	1	0
48	2	1	0
49	2	0	0
50	1	0	1
51	2	0	0
52	1	0	1
53	2	0	0
54	1	0	1
55	1	0	1
56	2	1	0
57	2	1	0
58	2	1	0
59	2	1	0
60	2	1	0
61	1	0	1
62	2	1	0
63	2	0	0
64	2	1	0
65	2	1	0
66	2	1	0
67	1	0	1
68	2	0	0
69	2	1	0
70	1	0	1
71	2	1	0
72	2	0	0
73	1	0	1
74	2	0	0
75	1	0	1
76	2	0	0
77	1	0	1
78	2	1	0
79	0	0	2
80	2	0	0
81	1	0	1
82	2	0	0
83	2	0	0
84	2	1	0
85	2	0	0
86	2	0	0
87	1	0	1
88	0	0	2
89	2	0	0
90	2	0	0
91	0	0	2
92	2	1	0
93	0	0	2
94	2	1	0
95	0	0	2
96	2	1	0
97	0	0	2
98	2	2	0
99	1	0	1
