Observation	Correct	FP	FN
0	2	0	0
1	2	0	0
2	2	1	0
3	2	0	0
4	2	0	0
5	2	0	0
6	2	1	0
7	2	1	0
8	2	1	0
9	2	0	0
10	2	1	0
11	2	1	0
12	2	0	0
13	2	0	0
14	2	1	0
15	2	1	0
16	2	0	0
17	2	0	0
18	2	1	0
19	2	0	0
20	2	0	0
21	2	0	0
22	2	1	0
23	2	0	0
24	1	0	1
25	1	0	1
26	1	0	1
27	2	0	0
28	2	1	0
29	2	1	0
30	2	1	0
31	2	1	0
32	2	0	0
33	2	2	0
34	2	0	0
35	1	0	1
36	1	0	1
37	2	2	0
38	2	0	0
39	2	2	0
40	2	2	0
41	1	0	1
42	2	2	0
43	2	1	0
44	2	2	0
45	2	0	0
46	2	1	0
47	2	2	0
48	1	0	1
49	1	0	1
50	2	0	0
51	2	1	0
52	2	1	0
53	2	0	0
54	2	1	0
55	2	2	0
56	1	0	1
57	2	1	0
58	1	0	1
59	2	1	0
60	2	1	0
61	2	2	0
62	1	0	1
63	0	0	2
64	0	0	2
65	1	1	1
66	2	2	0
67	2	1	0
68	1	1	1
69	2	2	0
70	2	1	0
71	2	1	0
72	0	0	2
73	2	1	0
74	1	0	1
75	2	1	0
76	2	2	0
77	2	1	0
78	2	2	0
79	0	0	2
80	2	1	0
81	2	1	0
82	0	0	2
83	0	0	2
84	0	0	2
85	2	1	0
86	2	1	0
87	2	0	0
88	2	2	0
89	2	0	0
90	2	0	0
91	2	0	0
92	0	0	2
93	2	2	0
94	0	0	2
95	2	1	0
96	2	1	0
97	0	0	2
98	2	2	0
99	0	0	2
