Observation	Correct	FP	FN
0	2	0	0
1	2	0	0
2	2	0	0
3	2	0	0
4	2	0	0
5	2	0	0
6	2	0	0
7	2	0	0
8	2	0	0
9	2	0	0
10	2	0	0
11	2	0	0
12	2	0	0
13	2	0	0
14	2	0	0
15	2	0	0
16	2	0	0
17	2	0	0
18	2	0	0
19	2	0	0
20	2	0	0
21	2	0	0
22	2	0	0
23	2	0	0
24	2	1	0
25	2	0	0
26	1	0	1
27	2	0	0
28	2	1	0
29	2	0	0
30	2	1	0
31	2	0	0
32	2	1	0
33	1	0	1
34	2	0	0
35	2	1	0
36	1	0	1
37	2	0	0
38	1	0	1
39	1	0	1
40	1	0	1
41	2	0	0
42	2	1	0
43	1	0	1
44	2	1	0
45	2	1	0
46	1	0	1
47	2	1	0
48	1	0	1
49	2	0	0
50	2	1	0
51	2	1	0
52	1	0	1
53	2	0	0
54	2	1	0
55	2	1	0
56	2	0	0
57	2	1	0
58	0	0	2
59	2	1	0
60	1	0	1
61	2	0	0
62	2	0	0
63	1	0	1
64	2	1	0
65	2	1	0
66	2	0	0
67	2	0	0
68	1	0	1
69	0	0	2
70	2	0	0
71	2	0	0
72	0	0	2
73	1	0	1
74	0	0	2
75	2	1	0
76	2	0	0
77	2	0	0
78	0	0	2
79	0	0	2
80	0	0	2
81	2	1	0
82	1	0	1
83	2	0	0
84	0	0	2
85	0	0	2
86	0	0	2
87	0	0	2
88	2	1	0
89	1	0	1
90	2	1	0
91	2	1	0
92	2	1	0
93	0	0	2
94	2	1	0
95	0	0	2
96	2	0	0
97	1	0	1
98	2	1	0
99	2	0	0
