Observation	Correct	FP	FN
0	3	0	0
1	3	0	0
2	3	0	0
3	3	0	0
4	3	0	0
5	3	0	0
6	3	0	0
7	3	0	0
8	3	0	0
9	3	0	0
10	3	0	0
11	3	0	0
12	3	0	0
13	3	0	0
14	3	0	0
15	3	0	0
16	3	0	0
17	3	0	0
18	3	1	0
19	3	0	0
20	3	0	0
21	3	0	0
22	3	0	0
23	3	0	0
24	3	0	0
25	3	0	0
26	3	0	0
27	3	1	0
28	3	0	0
29	3	0	0
30	3	0	0
31	3	0	0
32	3	1	0
33	2	0	1
34	3	0	0
35	3	1	0
36	3	0	0
37	3	0	0
38	3	0	0
39	2	0	1
40	3	1	0
41	3	0	0
42	3	1	0
43	3	0	0
44	3	0	0
45	3	1	0
46	3	1	0
47	3	0	0
48	3	1	0
49	2	0	1
50	3	1	0
51	2	0	1
52	3	1	0
53	2	0	1
54	3	1	0
55	3	0	0
56	3	1	0
57	3	1	0
58	0	0	3
59	3	0	0
60	1	0	2
61	3	1	0
62	3	0	0
63	3	1	0
64	3	0	0
65	3	0	0
66	3	0	0
67	3	0	0
68	0	0	3
69	3	1	0
70	3	0	0
71	3	1	0
72	2	0	1
73	3	0	0
74	1	0	2
75	0	0	3
76	2	0	1
77	3	1	0
78	3	1	0
79	0	0	3
80	3	1	0
81	0	0	3
82	1	0	2
83	1	0	2
84	3	1	0
85	3	1	0
86	2	0	1
87	0	0	3
88	1	0	2
89	0	0	3
90	1	0	2
91	3	1	0
92	3	1	0
93	0	0	3
94	3	0	0
95	2	0	1
96	1	0	2
97	0	0	3
98	2	0	1
99	3	1	0
