Observation	Correct	FP	FN
0	2	0	0
1	2	0	0
2	2	0	0
3	2	0	0
4	2	0	0
5	2	0	0
6	2	0	0
7	2	0	0
8	2	0	0
9	2	1	0
10	2	0	0
11	2	0	0
12	2	0	0
13	2	0	0
14	2	0	0
15	2	0	0
16	2	1	0
17	2	0	0
18	2	0	0
19	2	1	0
20	2	1	0
21	2	1	0
22	2	1	0
23	2	0	0
24	2	0	0
25	2	0	0
26	2	0	0
27	2	0	0
28	2	0	0
29	2	0	0
30	2	0	0
31	2	0	0
32	2	1	0
33	2	0	0
34	2	1	0
35	2	1	0
36	2	1	0
37	1	0	1
38	2	0	0
39	2	0	0
40	1	0	1
41	2	1	0
42	1	0	1
43	2	0	0
44	2	1	0
45	2	0	0
46	2	2	0
47	1	0	1
48	1	0	1
49	1	0	1
50	2	1	0
51	2	1	0
52	2	1	0
53	1	0	1
54	2	0	0
55	2	0	0
56	2	1	0
57	2	1	0
58	2	2	0
59	1	0	1
60	2	2	0
61	1	0	1
62	1	0	1
63	1	0	1
64	2	0	0
65	1	0	1
66	2	1	0
67	1	0	1
68	2	1	0
69	1	0	1
70	1	0	1
71	2	2	0
72	1	0	1
73	2	2	0
74	1	0	1
75	1	0	1
76	2	2	0
77	1	0	1
78	2	1	0
79	2	0	0
80	2	1	0
81	0	0	2
82	1	0	1
83	1	0	1
84	0	0	2
85	2	1	0
86	1	0	1
87	0	0	2
88	2	0	0
89	0	0	2
90	0	0	2
91	1	0	1
92	2	2	0
93	2	2	0
94	0	0	2
95	2	2	0
96	1	0	1
97	0	0	2
98	2	1	0
99	2	2	0
