Observation	Correct	FP	FN
0	4	0	0
1	4	0	0
2	4	0	0
3	4	0	0
4	4	0	0
5	4	0	0
6	4	0	0
7	4	0	0
8	4	0	0
9	4	0	0
10	4	0	0
11	4	0	0
12	4	0	0
13	4	0	0
14	4	0	0
15	4	0	0
16	4	0	0
17	4	0	0
18	4	0	0
19	4	0	0
20	4	1	0
21	4	1	0
22	4	0	0
23	4	0	0
24	4	0	0
25	4	1	0
26	4	0	0
27	4	0	0
28	4	0	0
29	4	0	0
30	4	0	0
31	3	0	1
32	4	0	0
33	4	0	0
34	4	1	0
35	4	0	0
36	4	0	0
37	4	0	0
38	4	1	0
39	3	0	1
40	4	1	0
41	4	0	0
42	4	0	0
43	4	0	0
44	3	0	1
45	4	0	0
46	4	1	0
47	3	0	1
48	4	1	0
49	4	0	0
50	4	2	0
51	4	0	0
52	2	0	2
53	2	0	2
54	2	0	2
55	4	2	0
56	4	0	0
57	4	0	0
58	3	0	1
59	4	1	0
60	4	1	0
61	4	2	0
62	4	2	0
63	3	0	1
64	4	1	0
65	4	1	0
66	3	0	1
67	1	0	3
68	1	0	3
69	4	0	0
70	4	0	0
71	4	1	0
72	1	0	3
73	4	2	0
74	4	1	0
75	4	2	0
76	4	2	0
77	4	0	0
78	4	2	0
79	4	0	0
80	4	0	0
81	4	2	0
82	1	0	3
83	4	1	0
84	3	0	1
85	4	1	0
86	2	0	2
87	1	0	3
88	4	1	0
89	2	0	2
90	3	0	1
91	4	2	0
92	4	2	0
93	4	2	0
94	4	2	0
95	0	0	4
96	4	1	0
97	4	2	0
98	4	2	0
99	0	0	4
