Observation	Correct	FP	FN
0	5	0	0
1	4	0	1
2	4	0	1
3	5	0	0
4	5	0	0
5	4	0	1
6	4	0	1
7	5	0	0
8	4	0	1
9	5	0	0
10	5	0	0
11	4	0	1
12	5	0	0
13	4	0	1
14	5	0	0
15	5	0	0
16	4	0	1
17	5	1	0
18	4	0	1
19	5	0	0
20	5	0	0
21	5	1	0
22	5	0	0
23	5	0	0
24	5	0	0
25	5	1	0
26	4	0	1
27	4	0	1
28	5	1	0
29	4	0	1
30	4	0	1
31	4	0	1
32	5	0	0
33	4	0	1
34	4	0	1
35	5	0	0
36	4	0	1
37	5	0	0
38	5	1	0
39	5	0	0
40	4	0	1
41	5	0	0
42	4	0	1
43	5	0	0
44	4	0	1
45	5	1	0
46	5	0	0
47	4	0	1
48	5	1	0
49	4	0	1
50	4	0	1
51	4	0	1
52	5	1	0
53	5	1	0
54	4	0	1
55	4	0	1
56	5	1	0
57	4	0	1
58	4	0	1
59	4	0	1
60	4	0	1
61	4	0	1
62	5	1	0
63	4	0	1
64	4	0	1
65	4	0	1
66	5	1	0
67	5	1	0
68	5	0	0
69	4	0	1
70	4	0	1
71	5	1	0
72	4	0	1
73	4	0	1
74	5	1	0
75	4	0	1
76	4	0	1
77	5	1	0
78	4	0	1
79	5	1	0
80	4	0	1
81	4	0	1
82	4	0	1
83	5	0	0
84	5	1	0
85	5	1	0
86	4	0	1
87	5	1	0
88	5	2	0
89	5	0	0
90	5	1	0
91	5	1	0
92	4	0	1
93	5	1	0
94	4	0	1
95	4	0	1
96	5	2	0
97	5	2	0
98	4	0	1
99	4	0	1
