Observation	Correct	FP	FN
0	2	0	0
1	2	0	0
2	2	0	0
3	2	0	0
4	2	0	0
5	2	0	0
6	2	0	0
7	2	0	0
8	2	0	0
9	2	0	0
10	2	1	0
11	2	0	0
12	2	0	0
13	2	0	0
14	2	0	0
15	2	0	0
16	2	0	0
17	2	0	0
18	2	0	0
19	2	1	0
20	2	0	0
21	2	0	0
22	2	1	0
23	2	0	0
24	2	1	0
25	2	1	0
26	2	1	0
27	2	0	0
28	2	0	0
29	2	0	0
30	2	0	0
31	1	0	1
32	2	0	0
33	2	0	0
34	2	0	0
35	2	0	0
36	1	0	1
37	2	1	0
38	1	0	1
39	2	0	0
40	2	0	0
41	2	0	0
42	1	0	1
43	2	1	0
44	1	0	1
45	2	1	0
46	2	1	0
47	2	0	0
48	2	1	0
49	2	0	0
50	2	1	0
51	1	0	1
52	2	0	0
53	1	0	1
54	2	0	0
55	2	0	0
56	2	1	0
57	2	1	0
58	2	1	0
59	2	0	0
60	2	1	0
61	2	0	0
62	2	1	0
63	2	0	0
64	1	0	1
65	2	1	0
66	2	1	0
67	2	1	0
68	1	0	1
69	1	0	1
70	2	0	0
71	2	2	0
72	2	1	0
73	1	0	1
74	1	0	1
75	2	1	0
76	1	0	1
77	2	1	0
78	0	0	2
79	2	2	0
80	2	0	0
81	2	2	0
82	1	0	1
83	1	0	1
84	1	0	1
85	2	1	0
86	2	2	0
87	2	0	0
88	0	0	2
89	2	2	0
90	2	1	0
91	2	1	0
92	2	2	0
93	1	0	1
94	2	2	0
95	1	0	1
96	2	2	0
97	0	0	2
98	2	1	0
99	0	0	2
