Observation	Correct	FP	FN
0	2	1	0
1	2	1	0
2	2	1	0
3	2	0	0
4	2	2	0
5	2	0	0
6	2	1	0
7	2	0	0
8	2	1	0
9	2	1	0
10	2	2	0
11	2	0	0
12	2	1	0
13	2	1	0
14	2	0	0
15	2	0	0
16	2	1	0
17	2	2	0
18	2	2	0
19	2	2	0
20	2	1	0
21	2	2	0
22	2	2	0
23	2	0	0
24	2	2	0
25	2	3	0
26	2	1	0
27	2	3	0
28	2	3	0
29	2	0	0
30	2	3	0
31	1	0	1
32	2	0	0
33	2	0	0
34	2	2	0
35	2	1	0
36	2	2	0
37	2	3	0
38	2	0	0
39	2	0	0
40	2	0	0
41	1	0	1
42	1	0	1
43	2	0	0
44	2	2	0
45	2	3	0
46	2	2	0
47	2	2	0
48	1	0	1
49	2	2	0
50	1	0	1
51	2	1	0
52	2	0	0
53	2	0	0
54	1	0	1
55	2	3	0
56	1	1	1
57	2	2	0
58	2	2	0
59	2	0	0
60	2	3	0
61	0	0	2
62	2	1	0
63	1	2	1
64	2	3	0
65	2	3	0
66	1	1	1
67	2	2	0
68	2	0	0
69	2	0	0
70	1	1	1
71	1	0	1
72	2	2	0
73	2	3	0
74	2	3	0
75	2	0	0
76	0	0	2
77	2	2	0
78	0	0	2
79	0	0	2
80	2	1	0
81	0	0	2
82	2	2	0
83	0	0	2
84	2	2	0
85	0	0	2
86	2	0	0
87	1	2	1
88	2	0	0
89	2	2	0
90	2	3	0
91	0	0	2
92	0	0	2
93	2	3	0
94	2	3	0
95	2	0	0
96	2	3	0
97	2	2	0
98	0	0	2
99	0	0	2
