Observation	Correct	FP	FN
0	4	0	0
1	4	0	0
2	4	0	0
3	4	0	0
4	4	0	0
5	4	0	0
6	4	0	0
7	4	0	0
8	4	0	0
9	4	0	0
10	4	0	0
11	4	0	0
12	4	0	0
13	4	0	0
14	4	0	0
15	4	0	0
16	4	0	0
17	4	0	0
18	4	0	0
19	4	0	0
20	4	0	0
21	3	0	1
22	4	0	0
23	4	1	0
24	3	0	1
25	3	0	1
26	4	2	0
27	4	0	0
28	4	0	0
29	4	0	0
30	4	1	0
31	4	0	0
32	3	0	1
33	3	0	1
34	3	0	1
35	2	0	2
36	4	1	0
37	4	2	0
38	3	0	1
39	4	1	0
40	3	0	1
41	3	0	1
42	2	0	2
43	3	0	1
44	2	0	2
45	2	0	2
46	4	0	0
47	4	2	0
48	3	0	1
49	3	0	1
50	4	2	0
51	4	1	0
52	4	0	0
53	4	2	0
54	1	0	3
55	3	0	1
56	1	0	3
57	1	0	3
58	4	1	0
59	1	0	3
60	4	0	0
61	4	2	0
62	2	0	2
63	4	0	0
64	1	0	3
65	4	1	0
66	4	0	0
67	3	0	1
68	4	2	0
69	4	0	0
70	0	0	4
71	2	0	2
72	0	0	4
73	1	0	3
74	4	1	0
75	4	0	0
76	4	2	0
77	4	0	0
78	4	1	0
79	4	2	0
80	4	2	0
81	4	1	0
82	0	0	4
83	1	0	3
84	0	0	4
85	1	0	3
86	0	0	4
87	0	0	4
88	2	0	2
89	3	0	1
90	0	0	4
91	4	1	0
92	2	0	2
93	4	1	0
94	1	0	3
95	4	2	0
96	4	1	0
97	4	1	0
98	0	0	4
99	4	2	0
