Observation	Correct	FP	FN
0	2	0	0
1	2	0	0
2	2	0	0
3	2	0	0
4	2	0	0
5	2	0	0
6	2	0	0
7	2	1	0
8	2	0	0
9	2	0	0
10	2	0	0
11	2	0	0
12	2	1	0
13	2	0	0
14	2	0	0
15	2	0	0
16	2	1	0
17	2	1	0
18	2	0	0
19	2	0	0
20	2	1	0
21	2	0	0
22	2	0	0
23	2	0	0
24	2	1	0
25	2	0	0
26	2	0	0
27	2	1	0
28	2	1	0
29	2	0	0
30	2	1	0
31	2	1	0
32	2	1	0
33	2	1	0
34	1	0	1
35	2	1	0
36	2	0	0
37	2	1	0
38	2	0	0
39	2	0	0
40	2	0	0
41	2	0	0
42	1	0	1
43	1	0	1
44	1	0	1
45	2	0	0
46	2	1	0
47	1	0	1
48	2	0	0
49	2	1	0
50	1	0	1
51	2	1	0
52	2	0	0
53	2	0	0
54	2	0	0
55	2	0	0
56	2	0	0
57	1	0	1
58	1	0	1
59	2	1	0
60	2	0	0
61	2	1	0
62	2	0	0
63	2	1	0
64	2	0	0
65	2	0	0
66	1	0	1
67	2	0	0
68	2	1	0
69	2	1	0
70	2	1	0
71	2	1	0
72	1	0	1
73	2	1	0
74	2	0	0
75	1	0	1
76	2	1	0
77	1	0	1
78	2	1	0
79	1	0	1
80	2	1	0
81	2	1	0
82	2	1	0
83	0	0	2
84	2	1	0
85	1	0	1
86	1	0	1
87	2	1	0
88	0	0	2
89	0	0	2
90	2	1	0
91	2	1	0
92	0	0	2
93	0	0	2
94	0	0	2
95	0	0	2
96	2	1	0
97	2	1	0
98	2	0	0
99	2	1	0
