Observation	Correct	FP	FN
0	4	1	0
1	4	1	0
2	4	1	0
3	4	1	0
4	4	1	0
5	4	1	0
6	4	1	0
7	4	1	0
8	4	1	0
9	4	1	0
10	4	1	0
11	4	1	0
12	3	1	1
13	4	1	0
14	4	1	0
15	3	1	1
16	4	0	0
17	3	1	1
18	4	1	0
19	4	0	0
20	4	0	0
21	4	1	0
22	3	1	1
23	3	1	1
24	3	1	1
25	4	1	0
26	4	0	0
27	4	1	0
28	4	0	0
29	4	1	0
30	3	1	1
31	3	1	1
32	4	0	0
33	4	0	0
34	4	0	0
35	4	1	0
36	4	1	0
37	4	0	0
38	3	1	1
39	4	0	0
40	4	0	0
41	4	0	0
42	4	1	0
43	4	1	0
44	4	1	0
45	3	1	1
46	3	1	1
47	4	1	0
48	3	1	1
49	3	1	1
50	4	1	0
51	4	0	0
52	3	1	1
53	4	0	0
54	3	1	1
55	3	1	1
56	4	0	0
57	4	0	0
58	3	1	1
59	4	0	0
60	3	1	1
61	3	1	1
62	3	1	1
63	3	1	1
64	4	0	0
65	3	1	1
66	3	1	1
67	4	0	0
68	4	0	0
69	4	1	0
70	4	0	0
71	4	0	0
72	4	1	0
73	4	0	0
74	3	1	1
75	4	0	0
76	3	1	1
77	4	1	0
78	4	1	0
79	3	1	1
80	4	0	0
81	3	1	1
82	3	1	1
83	3	1	1
84	3	1	1
85	4	1	0
86	4	0	0
87	3	1	1
88	4	0	0
89	4	0	0
90	4	0	0
91	4	0	0
92	3	1	1
93	4	0	0
94	4	0	0
95	3	1	1
96	4	0	0
97	3	1	1
98	4	0	0
99	3	1	1
