Observation	Correct	FP	FN
0	3	0	0
1	3	0	0
2	3	0	0
3	3	0	0
4	3	0	0
5	3	0	0
6	3	0	0
7	3	0	0
8	3	0	0
9	3	0	0
10	3	0	0
11	3	0	0
12	3	0	0
13	3	0	0
14	3	0	0
15	3	0	0
16	3	0	0
17	3	0	0
18	3	1	0
19	3	0	0
20	3	0	0
21	3	0	0
22	3	0	0
23	3	0	0
24	3	1	0
25	3	1	0
26	3	0	0
27	3	1	0
28	3	1	0
29	3	0	0
30	3	1	0
31	3	0	0
32	3	1	0
33	3	0	0
34	2	0	1
35	2	0	1
36	3	0	0
37	3	0	0
38	3	1	0
39	3	0	0
40	3	1	0
41	3	1	0
42	2	0	1
43	3	0	0
44	2	0	1
45	3	0	0
46	3	1	0
47	3	0	0
48	3	0	0
49	3	1	0
50	3	1	0
51	2	0	1
52	3	0	0
53	3	1	0
54	3	0	0
55	3	0	0
56	2	0	1
57	2	0	1
58	3	0	0
59	2	0	1
60	3	1	0
61	3	1	0
62	3	0	0
63	3	0	0
64	3	0	0
65	2	0	1
66	2	0	1
67	3	1	0
68	3	1	0
69	3	1	0
70	2	0	1
71	3	1	0
72	3	1	0
73	3	0	0
74	3	1	0
75	2	0	1
76	3	0	0
77	3	0	0
78	3	1	0
79	3	0	0
80	3	0	0
81	1	0	2
82	3	0	0
83	3	1	0
84	3	1	0
85	0	0	3
86	2	0	1
87	1	0	2
88	1	0	2
89	3	1	0
90	3	1	0
91	1	0	2
92	3	0	0
93	3	1	0
94	3	1	0
95	0	0	3
96	2	0	1
97	0	0	3
98	0	0	3
99	0	0	3
