Observation	Correct	FP	FN
0	2	2	0
1	2	2	0
2	2	2	0
3	2	2	0
4	2	2	0
5	2	2	0
6	2	2	0
7	2	2	0
8	2	2	0
9	2	2	0
10	2	2	0
11	2	2	0
12	2	2	0
13	2	2	0
14	2	3	0
15	2	2	0
16	2	1	0
17	2	2	0
18	2	1	0
19	2	1	0
20	2	2	0
21	2	1	0
22	2	2	0
23	2	2	0
24	2	1	0
25	1	1	1
26	2	2	0
27	2	4	0
28	2	3	0
29	2	3	0
30	2	3	0
31	2	3	0
32	2	2	0
33	2	2	0
34	2	4	0
35	2	0	0
36	2	0	0
37	1	2	1
38	2	4	0
39	2	2	0
40	1	0	1
41	2	2	0
42	2	2	0
43	2	4	0
44	2	3	0
45	2	4	0
46	1	0	1
47	1	1	1
48	1	0	1
49	2	4	0
50	2	4	0
51	2	4	0
52	2	4	0
53	1	0	1
54	1	0	1
55	2	4	0
56	1	0	1
57	1	0	1
58	1	2	1
59	1	0	1
60	2	4	0
61	2	0	0
62	2	4	0
63	2	3	0
64	2	4	0
65	1	2	1
66	2	2	0
67	2	2	0
68	2	4	0
69	0	0	2
70	0	0	2
71	0	0	2
72	1	0	1
73	1	2	1
74	2	4	0
75	2	4	0
76	0	0	2
77	2	4	0
78	2	0	0
79	2	3	0
80	0	0	2
81	2	2	0
82	2	2	0
83	0	0	2
84	2	4	0
85	0	0	2
86	2	2	0
87	1	0	1
88	2	1	0
89	0	0	2
90	0	0	2
91	2	4	0
92	0	0	2
93	2	3	0
94	0	0	2
95	0	2	2
96	2	3	0
97	2	2	0
98	0	0	2
99	2	4	0
