Observation	Correct	FP	FN
0	2	0	0
1	2	0	0
2	2	0	0
3	2	0	0
4	2	0	0
5	2	0	0
6	2	0	0
7	2	0	0
8	2	0	0
9	2	0	0
10	2	0	0
11	2	0	0
12	2	0	0
13	2	0	0
14	2	0	0
15	2	0	0
16	2	0	0
17	2	0	0
18	2	0	0
19	2	0	0
20	2	0	0
21	2	0	0
22	2	0	0
23	2	0	0
24	2	0	0
25	2	1	0
26	2	0	0
27	2	0	0
28	1	0	1
29	2	0	0
30	2	0	0
31	2	1	0
32	1	0	1
33	2	1	0
34	2	0	0
35	2	0	0
36	1	0	1
37	1	0	1
38	2	1	0
39	2	0	0
40	1	0	1
41	2	1	0
42	1	0	1
43	2	1	0
44	2	1	0
45	2	0	0
46	2	0	0
47	2	0	0
48	2	0	0
49	2	0	0
50	1	0	1
51	1	0	1
52	2	1	0
53	1	0	1
54	2	0	0
55	1	0	1
56	1	0	1
57	2	0	0
58	2	1	0
59	2	1	0
60	2	1	0
61	2	1	0
62	2	1	0
63	1	0	1
64	2	1	0
65	2	1	0
66	2	1	0
67	0	0	2
68	1	0	1
69	2	1	0
70	0	0	2
71	0	0	2
72	0	0	2
73	2	1	0
74	2	1	0
75	0	0	2
76	0	0	2
77	0	0	2
78	2	1	0
79	0	0	2
80	2	1	0
81	1	0	1
82	2	1	0
83	0	0	2
84	2	1	0
85	2	1	0
86	2	0	0
87	0	0	2
88	2	0	0
89	2	0	0
90	0	0	2
91	2	1	0
92	0	0	2
93	0	0	2
94	1	0	1
95	2	1	0
96	2	1	0
97	2	1	0
98	0	0	2
99	0	0	2
