Observation	Correct	FP	FN
0	2	0	0
1	2	0	0
2	2	0	0
3	2	0	0
4	2	0	0
5	2	0	0
6	2	0	0
7	2	0	0
8	2	0	0
9	2	0	0
10	2	0	0
11	2	0	0
12	2	0	0
13	2	0	0
14	2	0	0
15	2	0	0
16	2	0	0
17	2	0	0
18	2	0	0
19	2	0	0
20	2	0	0
21	2	0	0
22	2	0	0
23	2	0	0
24	2	1	0
25	2	0	0
26	2	1	0
27	1	0	1
28	2	0	0
29	2	0	0
30	2	0	0
31	2	0	0
32	2	0	0
33	1	0	1
34	2	0	0
35	2	0	0
36	1	0	1
37	2	0	0
38	2	0	0
39	2	1	0
40	2	1	0
41	2	1	0
42	2	0	0
43	2	0	0
44	2	1	0
45	2	0	0
46	2	0	0
47	2	0	0
48	2	0	0
49	2	1	0
50	2	0	0
51	1	0	1
52	2	0	0
53	1	0	1
54	2	1	0
55	2	1	0
56	2	0	0
57	2	1	0
58	0	0	2
59	1	0	1
60	2	0	0
61	2	1	0
62	0	0	2
63	1	0	1
64	2	0	0
65	2	1	0
66	1	0	1
67	2	1	0
68	2	0	0
69	1	0	1
70	0	0	2
71	2	1	0
72	2	1	0
73	2	0	0
74	1	0	1
75	1	0	1
76	2	0	0
77	1	0	1
78	0	0	2
79	2	1	0
80	2	0	0
81	2	1	0
82	2	0	0
83	2	1	0
84	2	1	0
85	0	0	2
86	0	0	2
87	2	0	0
88	1	0	1
89	2	1	0
90	2	1	0
91	2	1	0
92	2	1	0
93	0	0	2
94	2	0	0
95	2	1	0
96	2	0	0
97	0	0	2
98	0	0	2
99	0	0	2
