Observation	Correct	FP	FN
0	5	0	0
1	5	0	0
2	5	0	0
3	5	0	0
4	5	0	0
5	5	0	0
6	5	0	0
7	4	0	1
8	4	0	1
9	5	0	0
10	5	0	0
11	5	0	0
12	5	0	0
13	5	0	0
14	5	0	0
15	5	0	0
16	5	0	0
17	4	0	1
18	5	0	0
19	5	0	0
20	5	0	0
21	4	0	1
22	5	0	0
23	4	0	1
24	5	0	0
25	4	0	1
26	5	0	0
27	5	0	0
28	4	0	1
29	5	0	0
30	4	0	1
31	4	0	1
32	5	0	0
33	5	0	0
34	5	0	0
35	4	0	1
36	5	0	0
37	4	0	1
38	5	0	0
39	5	0	0
40	4	0	1
41	5	0	0
42	5	0	0
43	4	0	1
44	5	1	0
45	4	0	1
46	4	0	1
47	5	0	0
48	5	0	0
49	4	0	1
50	4	0	1
51	5	0	0
52	5	0	0
53	5	0	0
54	5	0	0
55	5	1	0
56	4	0	1
57	5	1	0
58	4	0	1
59	4	0	1
60	5	0	0
61	5	0	0
62	4	0	1
63	4	0	1
64	4	0	1
65	5	1	0
66	5	0	0
67	5	0	0
68	4	0	1
69	4	0	1
70	5	0	0
71	5	1	0
72	4	0	1
73	5	1	0
74	5	1	0
75	5	0	0
76	4	0	1
77	5	0	0
78	5	0	0
79	5	1	0
80	5	1	0
81	5	0	0
82	5	0	0
83	4	0	1
84	5	0	0
85	5	1	0
86	5	1	0
87	4	0	1
88	5	1	0
89	4	0	1
90	5	1	0
91	5	0	0
92	5	1	0
93	4	0	1
94	4	0	1
95	4	0	1
96	4	0	1
97	5	1	0
98	4	0	1
99	4	0	1
