Observation	Correct	FP	FN
0	4	2	0
1	4	2	0
2	4	2	0
3	4	2	0
4	4	2	0
5	4	2	0
6	4	1	0
7	4	2	0
8	4	2	0
9	4	2	0
10	4	1	0
11	4	2	0
12	4	2	0
13	4	1	0
14	4	2	0
15	4	2	0
16	4	0	0
17	4	2	0
18	4	2	0
19	4	2	0
20	4	3	0
21	4	3	0
22	4	1	0
23	4	2	0
24	4	1	0
25	4	3	0
26	4	0	0
27	4	3	0
28	4	0	0
29	4	0	0
30	4	0	0
31	4	3	0
32	4	2	0
33	4	2	0
34	4	1	0
35	4	2	0
36	4	3	0
37	4	0	0
38	4	0	0
39	4	3	0
40	4	0	0
41	4	2	0
42	4	0	0
43	4	2	0
44	4	3	0
45	4	2	0
46	4	3	0
47	4	2	0
48	4	3	0
49	4	3	0
50	4	2	0
51	4	0	0
52	4	1	0
53	4	3	0
54	4	3	0
55	4	3	0
56	4	3	0
57	4	2	0
58	4	2	0
59	4	0	0
60	4	3	0
61	4	3	0
62	4	3	0
63	4	3	0
64	4	3	0
65	4	3	0
66	4	3	0
67	4	0	0
68	4	0	0
69	4	0	0
70	4	2	0
71	4	3	0
72	4	3	0
73	4	0	0
74	4	3	0
75	4	3	0
76	4	3	0
77	4	0	0
78	4	3	0
79	4	0	0
80	4	0	0
81	4	3	0
82	4	0	0
83	4	3	0
84	4	0	0
85	4	2	0
86	4	0	0
87	4	0	0
88	4	3	0
89	4	0	0
90	4	1	0
91	4	0	0
92	4	3	0
93	4	0	0
94	4	0	0
95	4	0	0
96	4	2	0
97	4	0	0
98	4	3	0
99	4	3	0
