Observation	Correct	FP	FN
0	4	1	0
1	4	1	0
2	4	1	0
3	4	1	0
4	4	1	0
5	4	1	0
6	4	1	0
7	4	1	0
8	4	1	0
9	4	1	0
10	4	1	0
11	4	1	0
12	4	1	0
13	4	1	0
14	4	1	0
15	4	1	0
16	4	1	0
17	4	1	0
18	4	1	0
19	4	1	0
20	4	1	0
21	4	1	0
22	4	1	0
23	4	1	0
24	4	1	0
25	4	1	0
26	4	1	0
27	4	1	0
28	4	1	0
29	4	1	0
30	4	1	0
31	4	1	0
32	4	1	0
33	4	1	0
34	4	1	0
35	4	1	0
36	4	1	0
37	4	1	0
38	4	1	0
39	4	1	0
40	4	1	0
41	3	1	1
42	4	1	0
43	4	1	0
44	4	1	0
45	4	1	0
46	4	1	0
47	4	1	0
48	3	1	1
49	4	1	0
50	3	1	1
51	4	1	0
52	4	1	0
53	4	1	0
54	4	1	0
55	4	1	0
56	3	1	1
57	4	1	0
58	3	1	1
59	4	1	0
60	4	1	0
61	3	1	1
62	4	1	0
63	4	1	0
64	3	1	1
65	4	1	0
66	4	1	0
67	4	1	0
68	4	1	0
69	4	1	0
70	4	1	0
71	3	1	1
72	4	1	0
73	4	1	0
74	3	1	1
75	3	1	1
76	3	1	1
77	4	1	0
78	3	1	1
79	4	0	0
80	4	1	0
81	4	1	0
82	4	1	0
83	4	1	0
84	3	1	1
85	4	0	0
86	4	0	0
87	4	1	0
88	3	1	1
89	4	0	0
90	4	0	0
91	4	0	0
92	3	1	1
93	4	1	0
94	3	1	1
95	3	1	1
96	3	1	1
97	4	0	0
98	4	1	0
99	3	1	1
