Observation	Correct	FP	FN
0	2	0	0
1	2	0	0
2	2	0	0
3	2	0	0
4	2	0	0
5	2	0	0
6	2	0	0
7	2	0	0
8	2	0	0
9	2	0	0
10	2	0	0
11	2	0	0
12	2	0	0
13	2	0	0
14	2	0	0
15	2	0	0
16	2	0	0
17	2	0	0
18	2	0	0
19	2	0	0
20	2	0	0
21	2	1	0
22	2	0	0
23	2	0	0
24	2	1	0
25	2	0	0
26	2	0	0
27	2	1	0
28	2	0	0
29	2	0	0
30	1	0	1
31	2	1	0
32	2	0	0
33	2	1	0
34	1	0	1
35	1	0	1
36	2	1	0
37	2	1	0
38	2	0	0
39	2	0	0
40	2	1	0
41	1	0	1
42	1	0	1
43	2	0	0
44	2	0	0
45	2	1	0
46	1	0	1
47	1	0	1
48	2	1	0
49	1	0	1
50	1	0	1
51	1	0	1
52	2	1	0
53	1	0	1
54	1	0	1
55	1	0	1
56	2	1	0
57	2	0	0
58	2	1	0
59	2	0	0
60	2	1	0
61	2	0	0
62	2	0	0
63	1	0	1
64	2	0	0
65	2	0	0
66	1	0	1
67	2	1	0
68	1	0	1
69	2	0	0
70	2	1	0
71	2	1	0
72	2	1	0
73	2	1	0
74	2	0	0
75	2	1	0
76	2	0	0
77	0	0	2
78	2	1	0
79	2	1	0
80	0	0	2
81	2	0	0
82	0	0	2
83	2	0	0
84	2	1	0
85	2	1	0
86	2	1	0
87	0	0	2
88	0	0	2
89	2	1	0
90	2	1	0
91	2	1	0
92	0	0	2
93	0	0	2
94	2	0	0
95	2	0	0
96	0	0	2
97	2	2	0
98	1	0	1
99	2	0	0
