Observation	Correct	FP	FN
0	2	0	0
1	2	0	0
2	2	0	0
3	2	0	0
4	2	0	0
5	2	0	0
6	2	0	0
7	2	0	0
8	2	0	0
9	2	0	0
10	2	0	0
11	2	0	0
12	2	0	0
13	2	0	0
14	2	0	0
15	2	1	0
16	2	0	0
17	2	0	0
18	2	0	0
19	2	1	0
20	2	0	0
21	2	1	0
22	2	1	0
23	2	1	0
24	2	0	0
25	2	0	0
26	2	1	0
27	2	0	0
28	2	1	0
29	2	0	0
30	1	0	1
31	2	1	0
32	2	0	0
33	2	1	0
34	2	0	0
35	2	1	0
36	2	0	0
37	2	0	0
38	2	0	0
39	2	0	0
40	2	0	0
41	1	0	1
42	2	1	0
43	2	1	0
44	2	1	0
45	1	0	1
46	2	0	0
47	2	1	0
48	2	1	0
49	2	1	0
50	1	0	1
51	1	0	1
52	2	1	0
53	1	0	1
54	1	0	1
55	2	1	0
56	2	0	0
57	2	1	0
58	2	1	0
59	1	0	1
60	1	0	1
61	2	0	0
62	2	0	0
63	1	0	1
64	2	0	0
65	2	0	0
66	2	0	0
67	2	0	0
68	1	0	1
69	1	0	1
70	1	0	1
71	2	1	0
72	2	1	0
73	2	1	0
74	2	1	0
75	2	0	0
76	1	0	1
77	2	0	0
78	2	1	0
79	0	0	2
80	2	0	0
81	0	0	2
82	2	0	0
83	2	1	0
84	2	1	0
85	2	0	0
86	2	1	0
87	2	1	0
88	2	1	0
89	0	0	2
90	2	1	0
91	2	1	0
92	1	0	1
93	2	0	0
94	2	0	0
95	2	1	0
96	2	0	0
97	2	1	0
98	1	0	1
99	0	0	2
