Observation	Correct	FP	FN
0	2	0	0
1	2	0	0
2	2	0	0
3	2	0	0
4	2	0	0
5	2	0	0
6	2	0	0
7	2	0	0
8	2	0	0
9	2	0	0
10	2	0	0
11	2	0	0
12	2	0	0
13	2	0	0
14	2	0	0
15	2	0	0
16	2	0	0
17	2	0	0
18	2	0	0
19	2	0	0
20	2	1	0
21	2	0	0
22	1	0	1
23	2	0	0
24	2	0	0
25	2	0	0
26	2	1	0
27	2	0	0
28	2	0	0
29	2	0	0
30	2	1	0
31	2	0	0
32	1	0	1
33	2	0	0
34	2	0	0
35	1	0	1
36	2	1	0
37	2	0	0
38	2	0	0
39	1	0	1
40	2	1	0
41	2	0	0
42	1	0	1
43	2	0	0
44	1	0	1
45	2	0	0
46	2	1	0
47	2	0	0
48	2	1	0
49	2	0	0
50	2	1	0
51	2	1	0
52	2	0	0
53	2	1	0
54	2	1	0
55	1	0	1
56	2	1	0
57	2	1	0
58	2	0	0
59	2	1	0
60	2	1	0
61	2	0	0
62	1	0	1
63	2	1	0
64	2	0	0
65	0	0	2
66	2	1	0
67	2	1	0
68	2	1	0
69	2	0	0
70	0	0	2
71	2	0	0
72	1	0	1
73	2	1	0
74	2	1	0
75	2	1	0
76	0	0	2
77	2	1	0
78	0	0	2
79	0	0	2
80	1	0	1
81	2	0	0
82	2	1	0
83	2	0	0
84	0	0	2
85	0	0	2
86	2	1	0
87	2	0	0
88	2	0	0
89	2	1	0
90	2	0	0
91	2	1	0
92	2	0	0
93	2	0	0
94	2	0	0
95	2	1	0
96	1	0	1
97	1	0	1
98	0	0	2
99	2	1	0
