Observation	Correct	FP	FN
0	2	0	0
1	2	0	0
2	2	0	0
3	2	0	0
4	2	0	0
5	2	0	0
6	2	0	0
7	2	0	0
8	2	0	0
9	2	0	0
10	2	0	0
11	2	0	0
12	2	0	0
13	2	0	0
14	2	0	0
15	2	1	0
16	2	0	0
17	2	0	0
18	2	1	0
19	2	0	0
20	2	0	0
21	2	0	0
22	2	0	0
23	2	0	0
24	2	0	0
25	2	0	0
26	2	1	0
27	1	0	1
28	2	0	0
29	2	1	0
30	2	1	0
31	2	1	0
32	2	0	0
33	2	1	0
34	1	0	1
35	2	0	0
36	2	1	0
37	2	1	0
38	2	1	0
39	2	0	0
40	2	1	0
41	2	0	0
42	2	1	0
43	2	0	0
44	1	0	1
45	2	0	0
46	2	1	0
47	2	0	0
48	2	1	0
49	2	0	0
50	2	0	0
51	1	0	1
52	2	1	0
53	2	1	0
54	1	0	1
55	2	0	0
56	1	0	1
57	2	0	0
58	2	1	0
59	1	0	1
60	2	1	0
61	1	0	1
62	2	1	0
63	2	0	0
64	1	0	1
65	0	0	2
66	1	0	1
67	1	0	1
68	0	0	2
69	0	0	2
70	0	0	2
71	2	1	0
72	2	0	0
73	1	0	1
74	2	0	0
75	2	0	0
76	0	0	2
77	0	0	2
78	0	0	2
79	2	1	0
80	2	0	0
81	0	0	2
82	2	1	0
83	0	0	2
84	2	1	0
85	0	0	2
86	0	0	2
87	2	0	0
88	2	1	0
89	2	1	0
90	0	0	2
91	2	1	0
92	0	0	2
93	2	1	0
94	0	0	2
95	2	1	0
96	2	0	0
97	2	0	0
98	2	1	0
99	2	1	0
