3.9716345422942334
4.1166524618858915
3.448074951373354
2.344342740146467
3.781794448272364
4.054073750434862
1.44620124175523
4.762574434159242
2.5702737454671594
3.348347611240098
4.525824686551023
2.5733635568881383
3.0091273983269655
4.130498482354997
4.2779423251996125
4.987323351233705
2.385786597003395
4.8271561752984855
4.742613410984197
3.669931509966547
4.724516816180527
1.936285984943934
3.112321047336224
1.825167899453039
2.989540686161134
0.42516446680254255
3.38273643878641
2.7332195210575354
2.2208757556282688
4.598870688064489
3.8622213078453655
4.2370029173143005
4.391186096643452
4.102981346214449
3.582719959531916
1.9752013784316047
0.8949655987740809
2.4998860642626473
0.7444427804476813
4.769421596798368
4.628848896783929
3.84076714674408
2.2093050724878913
1.3172098444672542
4.561982884843436
3.5623884872712535
2.785663492611632
4.423440549689283
5.010445199304465
3.643255762616396
4.237142544731386
2.1825632393120498
2.8415094952077062
4.365143996249954
3.9159628318776107
2.4023906587464383
4.179484471746174
4.397832789667572
4.645536301006173
2.90525407436908
1.3265742250663675
3.7713440617555998
2.7144111477665516
4.882643924519871
3.5242673042957224
1.540358800633306
3.894845129632949
4.936241257849212
4.739080617937981
4.691040641573235
2.859973040586927
4.834590306900389
3.700194241881276
1.8195920218272885
1.8352418756901117
0.9488677121719673
2.096445217073972
4.052703121994037
4.74636058617854
4.760472489523023
3.84027536967253
2.947055717609791
4.470256151416033
2.747942685359844
4.198547457181808
3.7107064893743704
4.738984341261378
4.769616859577474
2.302649175240098
3.428458284664415
1.8742804097790267
2.7903177176619725
2.4525536893790196
1.598572958558018
2.952902495197605
1.4730704324721287
4.2693822428333625
0.39779950048393325
2.133612200232434
2.4518245105262872
2.6698886203343206
4.872618463566621
3.847347270053429
1.9296296165853704
4.304756299361497
4.831980492060078
2.2749687761796658
3.447091586458341
4.629899966931437
3.7469211286978443
4.970562065276532
1.7548357810859117
1.084150497483501
3.689181001734946
0.9619022459826816
4.34277660806694
4.972994375354726
4.577822055588115
4.688045540636767
3.8843082427687676
3.144683144562789
3.6061251982397597
3.5728246220001876
4.175374825114347
4.339442321879122
1.219458691578364
3.77814432300579
3.329939028380652
1.6101969182068705
1.8278665620897423
1.9300216429549664
2.812535195183136
1.1494069749799962
3.866167627728978
3.3393133434802746
2.903941222839568
4.127529103099185
3.727985618791925
4.876612056214828
2.681574282050982
3.7479712852735183
4.610049115852034
4.187897262819524
4.500757723780648
2.7221875116653567
3.0259903470849565
4.453946763823476
3.139493662623387
2.2917558372607068
4.136267533301627
3.652994524901369
1.5401845713160558
3.432141625747799
0.8637938134018379
3.7058954368535066
3.087313487362662
3.982656589596122
3.2300416691453244
4.9425678376788476
2.011355335712875
4.880618474749532
4.723602881614718
3.7830203382036904
4.678736305265707
4.305044858753271
2.972043822804569
4.689563105609551
3.4785215757112296
3.502428111092533
4.972176769547545
2.3649729377815487
4.728703941530877
4.757057567272392
4.222339085925389
3.9060510687242047
2.3396286326583553
3.8522829342797085
0.6318002310140558
3.8683548514927892
0.5898885023470956
3.8708830404488035
4.822117781944237
4.937756842407613
3.918672534925163
3.8095623784403285
4.218086809303857
4.95344814356512
4.4288930056927125
4.288897854953325
4.156453316668509
4.471271592316495
4.261887690083203
3.6075175093722924
4.46229041000827
2.5897023038561997
1.7289884329308265
4.73835528641977
4.945596027255531
2.0661256566096946
1.2199149075076345
2.1088467692286645
4.335918918782592
4.271540884528993
4.82826121839327
2.5612636070214543
1.5436471768282192
4.2242962141000575
4.457580095735065
0.43413731989587984
4.617590311648995
3.601154083115171
4.404379255064666
4.478022571694464
1.1270351202284836
2.9654186147365738
2.0622586137866477
4.094610000531229
2.7131764767869457
3.9233705659472937
3.4352106886456335
1.4202601846008416
4.139406381997508
4.370744109556808
4.855620738862214
2.8423112310868492
2.175175312436955
4.353602219261555
2.8656386098876365
4.072886376279312
4.020787239288472
3.136621388944589
1.19591748181492
3.3091512352093706
4.0987577595377
3.5047370529923487
4.289897680761817
4.739790203767898
3.9242871746491224
2.427900457080248
1.833714330068842
4.862587284669382
1.460887950716327
4.5906999389355825
0.21468935211781387
2.942529992630748
3.9545782551558526
4.119907613415373
4.977329587144403
4.998947810123129
4.871596853386649
0.38674452955493416
3.778809599728235
4.425223842674941
3.1343789627530176
2.964812422595036
2.0823222965113413
2.6179521925308027
4.064837934094457
3.6753319073337334
4.020265421258863
1.7000751675082395
3.1782410888675106
3.4596540018195454
3.759189810767822
2.835512512745524
4.082444867265076
4.483851821229874
4.193350102879738
4.682498444448322
4.171710849659214
4.303418375566816
4.404345458863745
3.5750568944494243
4.399025251649976
3.5622441570395096
1.502311138414126
3.8697479448564445
4.480212146444091
4.962877351719748
1.9130410246659615
1.6084422225532324
2.605137338433489
4.076100103765868
3.435678659567428
4.074661314287169
4.970174968986304
3.2485440906494816
4.8259721270833085
3.402656832131005
4.0665945689692595
4.157506887269351
4.348912312922733
4.189451621721716
1.9740106238437938
1.4170232224742987
2.4850077758582216
3.1152054829655462
0.8101473562320665
1.416548412575668
4.7881018865237195
1.9651177495363927
1.8347841429271123
4.3253820519242305
3.866088650626987
3.329257783999076
0.9220910386475473
1.724307271085765
4.65360553301437
4.833406594208316
4.586519732780967
4.207890082229369
4.206539644088141
2.886272059213489
1.382706711089875
4.389350223751049
4.602645149696927
4.588988772000904
2.178805991250528
4.6090427862574925
4.359140247341114
2.60087956312849
2.9594532901806105
4.959419466003147
4.562469535928812
4.060195087316982
3.8356914705829075
2.620756144219171
4.652402086235875
4.465806216342621
2.300951421001502
1.6784581557130172
4.393903718764034
1.1381463903826161
1.039407024575522
4.7710970765691805
2.428642151699939
4.0785165003384
2.3602395886816216
4.098537577767029
4.09218080894976
4.57702593894337
4.186723250226977
4.98830453155556
3.5404411709937325
4.27422500492846
4.126281276116526
2.8715304213127197
4.114336369823194
0.8287567415515613
2.72234969300175
0.6531719955310841
0.8784012928248531
4.765390389637083
4.427350802723592
4.70365986582689
4.704753227554306
1.5518968453423672
2.263762066826725
1.8654270494274345
2.4735647363337465
2.460533064980137
3.4123135885792357
3.835107108912963
4.502100885224826
0.5871706865086417
4.463368548828893
3.9465157851167865
0.9234611681163113
3.11000603144641
2.9472660028592435
4.735164287727571
1.7641762950484958
1.9611380027782739
3.1164232511499623
4.990443463284182
3.13412411531621
2.1076912038463487
3.260374874996351
4.870034519472338
4.635160780056965
2.057025792490985
3.4108379151551365
2.5484342249470773
2.5416535812950567
2.8855261862607473
3.366056187127525
0.513071925909955
1.7410008778703758
4.6456638613329755
1.7859826211046943
3.3964216440444717
4.334463746890264
4.448119021410697
3.827759236401371
4.039865431522116
2.2676165884464226
1.7330507365052021
4.183076698874863
4.04444438835916
3.83373732743411
2.0475288674032663
2.551679394734666
2.599406275783433
3.1132846869561437
2.958034176438069
2.1873205464302465
4.295904442502225
4.24509724611782
1.303047256400663
4.042700900805197
3.9366723341815875
4.707401652794268
2.729079670428892
2.1277554580409603
3.573338970375271
3.255383327354285
2.7283724225775
3.3553181164487187
4.8672203136392005
4.347334312655434
1.3603773812693838
4.975477995079194
4.040659232470414
2.8828224766311323
4.583050193928372
2.4776548064511137
4.121327487492973
4.673239469963683
4.750576249934193
1.5984411963881584
2.97283229208312
1.4654817176155768
2.3755684341324113
3.7563687694119805
0.46811887776209377
4.798530981412953
2.389426361102817
3.715676742920762
4.043456581828991
2.2393755966813638
4.46675307139179
4.320765508189007
3.977316120700094
3.542782061962426
3.419474822172648
3.386959683796651
1.7751580828463116
2.2639838564208845
1.6544824150715463
4.86082125169407
3.0737919434266745
3.4625778376186105
1.80404934298491
3.7477270313857676
4.176445549076037
2.611691877837538
4.137790746603174
1.212904790250236
4.806857422627928
3.3428024826700735
2.7395940891143016
2.2516980406384515
4.942816250557117
4.944469420557115
4.235206338939065
4.818375198984876
0.5657053996397348
4.226404342921297
4.069415070700871
2.0657334108343104
4.855936095684366
3.407378809166978
4.292755342332608
4.6698063665394685
3.7941512062589036
4.889639876325796
3.966660614545405
1.5956124942354115
3.603924988180887
3.1801048334369133
3.751829142470696
4.674659641544696
4.797408223020902
4.3994079746608765
4.386229363517234
4.110727959854629
4.99617770961938
2.6433539003114666
4.134450230627108
4.226668717238071
4.3452653931853495
3.8321587297158444
2.135720832048811
4.304027784396706
1.8971053960591242
3.8931161212660026
1.5624340771713727
3.725072535739058
4.133429272866711
0.36557671488079724
4.894132510212054
3.4811523786770118
4.178058438359845
3.476055880720472
2.9049163508343363
4.117001032560242
4.296572659285906
4.557229091705387
1.4543990515828207
4.898273987283673
0.8312491160626396
1.6588518921777953
2.054304373327211
3.150021666573971
1.8916895723939036
1.625084862357274
3.7220211094526734
0.938274392144854
4.11093063342582
2.9822500319022804
4.238622638475887
3.79827469462155
1.931197477256943
2.3714461393009665
3.8757833536670425
4.228898060207609
1.7624682248260553
2.251629010286681
2.726307023780031
3.811480201863936
1.8017178578639366
4.020946368715131
4.081155075744175
1.618903330118399
0.35018033319663705
4.528633296730682
4.050920794004678
2.1888587318116084
1.4564109826797564
3.519261117208281
1.9050230290980237
4.939770343130558
3.7474325994840063
0.9994096070818768
3.9124782953695023
2.533786099900346
1.9293101167820643
1.8453984742945717
2.0488454930068785
3.98418175482676
3.7700418960665862
4.330615447933471
4.866158642394552
3.36710682849525
4.850606223557345
3.9479482158436454
2.9745260521368304
4.474282250771989
0.7047892227842983
4.69986522522525
4.552985453526342
1.9605028323577796
3.77157252381566
2.5553535230732454
2.7762557101332352
0.9632782604133502
1.6371469109525072
3.792086046402613
4.392383726105889
3.508743252384004
2.753525886977537
2.1934217983573627
1.4729430396395127
3.557565051711867
3.600711306112981
4.5203553645033185
3.897146688752398
3.1511830891869965
4.295252330614421
3.923475937094448
3.798069374760458
3.4398381476769266
3.6159782390444826
2.0994135047133278
1.1890973319942093
4.262524123798067
4.113521540052114
4.983236681419232
3.3534635631368883
4.925970421663841
4.290083764133223
4.90472616109737
3.9204501648241594
2.2984501821382506
4.801254556914731
2.458201482291777
2.7110379220434537
3.6639077245819887
4.156959017926031
2.9918924781649583
2.3652899033355723
5.006813704165393
3.6251365683477803
3.1986019051482177
3.6534064742307284
4.813472680276986
2.5040578971686434
1.5571043979811665
1.3713116376917016
0.6782246680550803
3.9251926763073035
3.670750298892852
3.7384807292684594
1.6003710399463207
2.3591695340412553
4.484679655848852
3.030809290501199
1.4383702577856223
4.717201909649435
3.8230300768993373
0.555915014479481
3.8710146970366837
4.280354719004765
3.1439391048709764
4.93352010251461
4.782573223588976
4.101981379185452
2.4612306880327584
4.150677180066871
1.2639915224810514
2.899552206574595
4.761542401086042
2.2131621433807678
2.3686792966308157
1.9452703318994433
4.712333778760842
3.2022413800800837
2.99357170893715
2.3333294527870776
1.9613730755456267
2.9436044954360057
2.9354918558245493
3.62996791980134
2.9545167812084743
2.0501244295229686
2.8312862404654098
4.3232529493208185
1.3673699747339847
3.56426262854236
2.233615409349324
3.287960806740618
2.9530357004347776
3.0934687439647583
4.667016751020541
1.723742836669169
3.087901097078276
2.3697960473675823
2.3025415370351916
4.408951528577389
4.515097292496107
2.4184696182461582
4.784308914464512
3.6398753943655526
4.555628397703709
1.8659469763765155
0.8064137352006293
3.809988087059511
4.880378469720248
3.9314591202483604
0.6437030021584997
3.2108148019482656
1.628022669594287
4.609219990577434
1.0544395611035173
2.466434410679729
3.963231546708245
3.5222311589519353
4.584483316810088
1.2271518102970147
2.7246746041024905
1.4442052283892919
2.330313249288807
4.490838871738176
4.007190988136495
1.1201729482261906
1.7714699995663685
1.5864826815775666
4.9003737891795085
1.6658703822100092
4.479023531151141
3.835369863065923
3.0761497897274066
2.7002011077428127
4.137921722679505
2.9631185983327284
1.2409486234564644
3.156434222700362
4.804369592683393
4.794028099929629
2.385148479407645
3.362226151316049
3.784471100458447
4.074405820942984
4.015313239196766
4.462789546639214
4.532623519223268
3.377076847683634
4.306202178599361
2.2821239838293654
4.210858901839345
3.061066856768137
4.664235935681241
4.609905325285271
3.9887045752580073
3.683258770661669
3.475861590533473
3.7230021704909446
3.591357518759991
4.424707822839387
0.6291855077593476
4.090797825549609
4.074483374374576
0.13504374904369046
0.8479072670760621
3.6328334894886702
0.5352219860100775
4.7716985695028935
1.0332992656039073
4.643659716548636
0.19295161373374786
0.527333378100015
3.7180038355824503
2.6029171993140063
1.081121635882862
4.00970117334634
3.478327536932938
2.556547947546634
1.7197480692696911
1.833183555849573
2.5353559158008
1.3750904110367
3.8150836958412486
3.9319823632849715
3.9828472660804466
1.7549062586622077
0.5124745588796609
1.0434081536685345
4.92853352855321
4.689182019663535
2.0829601512193507
4.285549695477818
2.6631656268347577
3.277484689372798
2.228403428586195
1.7693591887530828
4.7468292391154
2.173139678205433
2.1550868009257136
4.387709462125001
2.379331938967025
4.541555208310545
3.1532688650973815
4.118484996710093
3.6581154260213733
3.4625393089886725
0.9984553307976882
3.509788279420909
4.781977440185742
4.199972491371379
4.467250430153881
4.417109366109762
3.2505434575985754
1.5144616421385557
2.6081952305314324
4.575978868497803
3.531617030953854
4.5724847715832295
4.0171562833451455
3.262286704135983
2.7413890173165063
2.041625488694335
4.85502683380359
3.8152393232835085
3.802505091649463
4.550239982305017
3.752480063381844
3.1812792855498335
2.6399143119227024
4.690816579718628
4.492863543344882
2.0579883469966385
0.9922240818339308
4.177074637787445
4.236473542966099
4.185808372677861
2.7835823762737575
3.580343819338918
4.981484143941875
2.3889560991319843
4.161454531680103
2.3149936755552245
2.724905393860521
4.59520161876501
4.6445602881086945
4.563664286290816
3.072453722623817
3.2779074632734733
3.4920206201985473
3.97741905764379
2.022417597625555
4.694181902346039
4.699462462655654
2.8972137369310857
2.9176836088886513
2.599161377277166
3.520268358493507
2.6945555668075647
4.322436667801323
2.651261181631275
0.1893251352749486
4.3225811331057225
2.0500391890592495
4.276760707441177
2.975586428926716
2.647376356724807
3.2640367848628333
1.7261750539045517
2.6086289778299303
3.0526209901859054
2.8780147640320655
3.888298759839133
3.8533111704490883
3.9016645403113217
2.994879432643594
4.903097147250552
2.5624593527044612
3.3957733394778296
4.888092990357797
3.6984687504466582
4.374123364870196
4.992367089947851
2.975526139867457
4.416911951572561
3.1553995947584137
3.173273928578075
1.5653462334837307
4.57264532164461
4.730527499692113
3.927934814738816
1.8314267788206542
4.742687993157416
2.336099796207142
3.934168003546632
2.991278997186302
1.1163454265971324
4.111799382321922
1.827218733784809
2.728674105486139
3.3584760391912214
4.234112607076556
3.1104387563852156
1.9298408698243468
4.706578326645039
3.8010950995540487
2.6801487862211073
2.918758697648324
4.622947216461355
4.292625611721322
1.556757376066866
2.1169911701309627
3.6408480858302164
3.6570500714207728
2.952339011062853
1.8576147913291778
4.307385280943888
3.469872835617675
0.9915782220664456
3.6627639526398155
3.8083611626563236
4.398023138646401
2.985020110210569
4.997073925950877
1.1673110697136515
3.9448977218352272
4.1475817277174425
3.2918805461507845
4.812515875570184
4.355304345408145
4.160993928303796
2.3381390046165325
1.0571679734430823
4.008592683752036
4.3364277747049
4.927740230964175
3.697210590565131
1.6169623067784227
4.6824966656568705
3.834147345901076
3.2166508038118082
3.2039118331768233
4.364219206778006
4.087476069684851
2.8821197174569013
3.023889505460397
4.694297924810926
1.1770360061781127
2.8413004486446014
3.9543145083934985
1.1940840498476133
2.9283904957493845
1.4284981754160142
4.096705862711716
3.076352962086883
4.896232573090255
4.315088567074398
2.655759922317113
1.747936200499909
1.8012561174844988
4.783657058742124
4.285830307040212
4.080711770821222
4.980300183163008
3.5289636541181095
3.191093672716448
1.135119946235808
2.106222800065326
1.223646644772967
3.436449228438008
3.4497683419498117
4.693266958883071
3.8238083654046076
1.8139059293035638
3.2168254256362085
2.9720684667140818
3.768930816285207
3.3925269713275688
3.3650124325726485
1.7405686073975737
3.9615074093561695
3.645442255716622
4.432211327316632
4.301326953823388
4.9821576815171875
3.800325434751986
4.663380612089627
3.4087413435855782
1.8014799092899465
4.5945749687899164
2.1926871812868307
1.7373625169293085
4.339023413588754
2.898952311283032
4.4163997114935
3.120266205299524
2.8085125845806265
4.133344751351092
2.956994833230731
4.6841148407991255
4.3354297692071855
2.3629235844687932
2.8712000755973706
3.05169195224159
4.271079738436538
4.212296338373406
4.0560747122013305
1.6187317862235762
4.607042992472904
1.9064250629746549
0.7688176450968451
2.5388037444695963
3.988659594661038
3.6565284884419866
4.918596856721037
3.3990893713567245
4.18611542051549
4.244346079287417
4.429361878567063
3.3672379062216558
3.6552193867526657
4.976358074403686
4.308896041574575
2.949598905673018
4.118606180253054
2.0959274698890376
4.7864533297701
4.548013396266078
4.748739668575036
4.7981592256116965
2.2259201268803666
2.6308701934210013
3.9167843849698816
2.0854369096525374
2.5547029151009815
4.901193479160575
2.0011770135007807
3.3209596983883913
4.504556159225698
2.1120730428764003
2.4925014674953796
4.484695715794178
85.92975336797036
99.45031085033777
54.730668729440254
47.4897143441888
30.842173377722577
28.554186593655814
20.33150183182501
81.64776272089432
23.79981710184011
54.11014251150184
62.55236892634755
53.32296996896422
45.53194484127237
35.99254022688687
78.25131248199013
59.935389525921494
43.531006834898385
85.35386891590876
30.648843419210774
73.92636118697523
83.1776314306746
33.0688099088114
17.426073301473203
73.13218253629087
55.966111391867834
65.43863687946278
75.32009005920216
26.06726865665851
97.09722656804948
92.54970558282612
44.09657659059112
95.05366561768847
84.13363601425763
75.06920712561676
64.21438513076559
76.77256951532684
26.845351148502385
35.83734302564219
9.429474425674387
51.90692508325492
63.70654835003911
20.226634641765717
64.04101396640759
69.41897709923265
64.26292773532893
98.46948088954088
65.25514656645313
46.279862698216945
49.02793681487548
73.61836275372593
53.4845501446535
37.63711441177278
82.26501650165861
76.59237942966665
31.347513400087696
92.36052811493273
71.02610996493783
20.57023303837174
50.03531890200029
43.97851678062169
86.54860165590752
93.19698847205477
80.37259095599467
33.227746607124985
66.4967705546894
66.40435830094991
77.2544051314302
68.28326608248472
90.66028080883349
41.56189957718607
74.73498184863331
97.51834252927033
68.61483843389554
88.802821297896
45.643794632502896
96.82496068998633
39.982102509992
74.5789857252816
72.47302598397553
37.23914271594839
55.06862406055146
99.47136614259601
83.34615298313062
36.41931087297776
28.874376384899588
80.64035471838969
57.86821968793902
96.13968416820387
67.53278975025212
96.883780888728
89.92139656212663
40.847758178045524
85.51232140996744
80.30521834627913
66.94530414648254
43.66948483075079
82.59909134810356
32.86830975067455
30.53398172601874
60.75818969387575
42.1568794076599
97.59327825604636
69.32845856167194
73.57250808088536
78.0102482417003
60.47369809137597
95.44268089954207
50.24762146084597
87.38632736260827
45.50672485005808
75.47025221709173
42.539488747357346
90.21749148572714
81.45276457608072
67.068419942647
71.9527994495014
60.47683499300274
79.36611450744225
74.93029448142282
61.302175450115314
63.10604744588793
97.20615516925042
6.56758731192564
31.577022577477027
50.89120899836808
48.02958399747522
13.860989856055205
61.62627536261175
52.282256128551786
88.71293095651289
65.47731307216159
41.1594944363662
56.547978740278396
24.09505422432311
86.53879811843288
72.23290074965657
82.3867151043563
44.88451706665775
50.46658162501153
58.17739786046077
39.548665427702495
97.14495228916141
62.321871253347624
69.25559567933892
4.047454397066313
27.528082419011128
58.66972748829406
91.76024233534562
76.05610444260132
87.43927173081099
99.18453631252348
42.74906093367325
91.25037277622481
42.01006126870951
14.314549625256127
20.886118373580768
67.22020384862155
99.64015997428547
72.79386808697588
43.1037878357159
98.62397342500914
82.20819036973357
95.17287227448243
24.08910120651151
31.453487948300552
59.663047820606906
81.22335101354932
90.04441216034427
93.81405454771894
32.67228743668317
13.700937451659096
33.03439011050564
83.89466228169152
22.811645970909083
75.45870786758968
26.75245552942525
11.393628877562188
52.720111901656765
85.31965950442914
86.93365856433422
96.29030681877647
95.95492493193093
75.54973974742366
80.96577221976143
60.81607872625154
88.6414834732713
64.75467215298423
46.08718171704529
61.16999271082201
78.59940986205022
59.33001970833291
84.41426177546748
58.84561199719303
45.15475500998466
88.81814469200819
84.48441117774964
82.39866524938786
83.67161289799215
58.11722122443156
64.67428515921603
54.80641660743224
93.9379982202925
76.53672662592822
50.30190177654006
41.21593977712605
56.19137945936017
30.067739205662736
61.10941333793183
52.0230754912549
55.30716284939235
25.583285460483676
31.56856086317259
51.80091752042424
78.77704370348309
41.33567486140192
96.40677067323847
83.30428067170696
49.0091865644586
47.41348101180491
68.01856088393792
88.84280521397172
97.46921888351474
67.49034338925324
55.74922908174511
41.696764283753524
79.3021440102625
35.733194383876956
91.3007256291399
39.510153329588114
75.48262318859759
53.58421215299322
80.10929856146201
92.21668568567354
25.819765313894607
82.57561220475517
31.309584224877185
62.76658039329421
47.35644885880799
97.3990792760832
71.31206749473735
46.57031685135425
25.35568917233254
84.4792368180225
36.297052584490146
38.29705595656718
50.786952645623465
88.57269478064023
41.943017675944134
64.57517079132444
89.10023576894142
64.8485138385496
53.16636669760605
99.7590865823569
99.24879290518686
58.73862758970721
62.89699479515846
88.13084065503048
94.77256813088052
86.97918439891812
72.63866428746401
68.9196998992911
62.09206376330855
78.51275750532093
95.92678247290112
27.37204196416714
47.3714458571966
68.08813771597504
72.44213713446275
56.01476971802985
91.96622103259463
73.61156017479182
69.51495859157451
58.22232620058894
82.76209987174185
24.010333789721976
73.3143954878819
30.478832108860946
70.48579553251992
82.90940217367154
80.96800424158462
86.064913342915
79.55466235275026
76.96719076805734
73.16492449782984
79.91479080854647
89.81641003386483
83.16955983939712
46.02403272287435
71.33452950618077
88.21203596801645
28.163561960739234
33.15517325011817
69.81734448504707
54.4689416799261
89.49886520971049
19.118520659467347
90.86350431016142
22.18291678352311
18.901859287699857
66.01995511516243
31.563105125629296
47.622141675517526
73.50525675862885
74.64030176050287
72.83948719338868
51.53966428883597
75.68291857504616
85.37222238706937
87.60897469721225
91.08234197151798
58.488567795917504
73.25520773690538
86.92797113543831
64.42747041105898
29.351260531422927
72.75140535264948
5.4670906890024735
86.10262799646105
26.230598096405664
91.94433632106085
52.63872356768987
95.7720446301656
93.58524372148706
58.39875477089061
74.37939514848266
51.60203327107423
62.56650473724027
14.571797489037921
65.60144760482568
39.45453483104819
56.9702529208673
87.35360442965518
74.73735418504839
78.96167149915847
20.159091935822225
83.25283221546667
72.90871871885847
66.21522757035474
87.64860400726589
31.144521623472638
79.67048220554899
63.38395084606201
55.80295693653789
56.661906534918266
89.61269062298409
72.80089805802378
37.033071927384825
68.78385430437675
34.64621243977204
33.11587993805206
54.75613706837121
86.91320621422376
88.97237967380674
67.58861992178086
89.30905171054546
79.48332914812893
40.84676413122738
99.80975621756663
50.313705827101316
73.17376170244879
86.90094006061076
3.769073265945334
75.45284131559269
52.73858687692606
32.40870784228083
67.75501004044732
50.10823981065886
83.07579162302389
78.54626768312323
70.31508712520085
64.91605566796929
80.03366684815013
31.616807606187688
50.713391104361385
85.40405211229023
73.54829830533147
29.88323764558788
97.14481997914315
69.44499532988993
67.46644467786507
99.46130716806326
82.23927867478716
40.1060673129999
53.09725844125074
35.70889625420431
27.38153473197413
21.741664022594794
93.97321056565909
75.15447949739608
29.520433626794393
78.86964361155327
33.157030034217364
67.64790769886093
88.50620693322246
59.453953239777036
99.67012469646764
29.876270163992498
34.5358335215411
40.85843142609688
96.3424146987177
68.65742441111946
87.24645457764854
33.10290148903655
79.17491314627718
80.5582936183453
26.094929986376613
44.36222684164655
47.783205171011424
80.04271576506966
18.066472191926078
66.39746321286277
30.318797600796312
64.05501103308642
90.96403107222861
95.14810156301436
70.19579643850409
76.48389212253885
89.95897161287512
59.07492622728809
64.77959447285471
7.626972574855251
47.96560879005023
74.48559794463804
99.16156392049946
73.43242203130245
51.108481950240005
26.581185425539797
20.859764289692833
95.09239415917827
90.72410980677493
84.3680631508041
14.990392729388518
47.63473533437283
72.74830017908852
29.27973209672826
99.12477439085173
17.395661247807933
35.56803892942218
83.02620306568309
89.82662818362974
79.5735754482459
69.66845117926057
49.23901542962137
63.84171621092339
79.92288328376183
58.14740834362223
60.360519977295425
94.43713736990293
35.93945803766114
56.71342027464561
18.970167159720273
91.64903844711948
81.97096120886917
86.42127137410692
43.77161356998248
92.6517274566129
73.68462670320933
87.50263336292906
19.20547121306046
74.85695560543124
70.88333478098268
47.278343813878216
35.974823036949246
76.00636551009384
52.838658720738955
95.25783020301644
66.96507950066797
73.65138175378125
85.46944635842372
53.41025617386654
99.88438426588822
58.24718384789032
51.998942686689254
85.25936290229112
56.99826367204179
79.76594029883645
50.15321860012629
63.39104388865261
60.70618314977487
99.67945040552635
93.15953947982307
58.77622757803147
57.239153690868356
55.687440180340644
16.662450360763014
27.33308848342499
75.43096408724779
33.240117422787485
78.81056138365602
47.98178137010399
46.62346539536338
70.43106916506318
76.67841224517426
18.492685203371124
99.0321842208846
85.08161983629925
39.91065903720571
95.27755051990954
75.77560187776739
93.12895844663927
61.94448813885964
96.28550335490233
88.77017311463003
42.60774180100519
98.23888629748942
57.79734353051735
63.239634690947646
82.19730869992864
91.47050371465102
89.68029123245137
69.17086373720393
59.92015033197098
77.93936764212718
69.32171014200166
73.33068689060109
57.81896777590284
97.14835597344766
90.99113802734809
95.17097923745243
90.80165302474194
82.58639002508023
88.92260264976026
95.68804819219463
60.64516763782034
71.54778271673837
59.17821917987217
35.856408662783856
48.845509724281946
89.86789262401045
41.66002783441517
87.4445345942808
72.63364472370161
93.7840949916306
80.30662174429582
78.26018008744444
86.47996566202767
46.255215894894555
6.47338435326474
43.81891429545827
81.30024832870812
78.58871333858951
94.49222142602932
22.60192502583782
68.53392769105268
95.47398273676156
82.05436598619006
98.20554885487462
75.29742232884162
94.66379054530289
99.81373735907314
46.18915415993974
76.49375862523993
57.251949364182984
99.95006177250934
43.85433977570318
83.83466248651867
53.07532030307
76.94534590280016
50.53966835898206
79.17465153824921
71.2667152049656
99.82851049878178
32.54182525361436
97.59821418802558
7.328144102575408
55.87619139446817
84.62198880760167
95.00501907220557
64.26857588696078
55.03081014344709
40.09171290962966
91.95404027135822
81.57878871560818
98.36417430290211
85.32439172215244
97.15534053366135
55.152831402467335
93.6295916726147
78.4529069860923
73.08424515891467
47.44440441130055
75.10994278262973
58.87228297260339
51.61198013034249
48.915430274753355
68.29951777922795
80.3539767859102
49.76494940693111
48.83477906189993
96.3047999333319
36.578237726522396
27.78586735971082
81.89823362550808
14.856112451569224
92.22511052353205
98.06802933805746
99.0352339445639
75.08888143361305
70.41930407422099
52.58890255678638
61.92150959176596
94.93395870764195
73.09984909916706
83.78450909440674
38.44868870006343
58.698992478821964
71.67226262715442
20.01093851608078
98.734099447072
93.86471059620175
49.91645235510097
70.4539712295426
95.6446254576579
82.46534503208402
77.18304472266344
26.72872127092643
61.107013492973316
51.543962008063396
26.870605593705935
90.05414303859645
98.81773550031957
41.733920215055896
21.51439893971289
60.68331929420398
51.53855798644065
95.27447257130358
42.44756256363546
12.587162910003922
99.06531379712304
83.79859555116177
75.2522440253958
54.07680433779646
80.10026401098739
64.01695021345995
46.52240810167384
99.60126002126495
77.10903258927748
24.716812639884242
33.4227196455691
32.22484326367878
44.69072434455163
49.99999603617938
71.12349277333011
95.2959035008035
82.55408952502013
84.22293176507245
85.38172395939287
85.2626717238027
39.2148692280114
52.26032087358851
96.40152066391165
27.3002288320508
53.37371445369297
81.86427983767273
46.735023260789326
56.18217246709062
36.459419766096175
98.80122981769307
54.93129718896691
38.14744346735945
90.96224632120521
60.36311266083582
98.74313271459515
29.782776326966722
83.42906319971027
81.4590983266208
79.81964209443395
97.15302045772489
79.53781744389363
43.779007859611625
96.50435599454367
83.91094558679265
59.232310565594986
88.8373313246478
85.32389941591593
85.92719310089696
96.78236833382336
55.65070576723209
67.1886740708424
97.24495824296136
69.83109265119586
27.611637032094265
25.05889261443728
73.37446123301481
88.31417302039586
92.11183213875445
75.47517008622187
68.52956783820237
32.655701462801886
89.84297980055725
88.70923329419054
12.83577223401929
94.8269779143553
99.20898933920361
59.3862979191606
67.51034015748951
88.19443210995635
78.52546654161725
93.19621741778064
3.08115694079972
78.68949492705731
53.83386244124464
33.62985229360167
87.1478904425916
94.30737618340773
61.39837606789209
26.636902557359967
90.47053718588054
77.90902911426171
87.96936618300623
40.74942258319929
86.84474726145609
71.91223634273892
56.79160447975295
41.20921850558562
88.41976158657296
73.37647110811673
97.50037602178077
70.58760477071768
99.20182364943736
40.87357317230536
52.69195041630086
92.70026899193168
82.42132026608539
36.55679282404086
33.494627081273315
74.18837757237647
98.26503346151055
72.8272129808526
27.74323005272809
63.09201908637014
30.941759816566268
75.0410933622272
92.06232409298285
30.76285394872794
87.7969122180451
32.41669051122039
34.07663722855593
68.37347857091584
74.5389046765164
57.5589540939647
86.34105882965437
69.02428189152047
75.2400392796101
92.50917759402829
64.98282019718089
66.95590282295383
24.386429580150125
94.93105466767922
61.27327125707732
83.73625152083206
54.34622107859992
20.17726857226359
78.56719921288447
61.41619428228299
79.03603827805516
56.28377622568775
60.422952700750955
47.16718717566159
50.796147549470575
90.19513919012051
75.07794637175549
72.49775067325612
84.65287798120667
63.672198135195366
63.91202682000352
64.46733423786323
64.00095961185616
81.39848547046226
83.6134944727424
27.144032077255048
45.616065727252874
86.9765060530351
63.65663023996891
43.59560987580145
84.97278132435464
84.42146934595469
48.5663742396348
70.05686121302969
96.66928821240795
19.168100219397722
58.70397219615033
95.86443222730591
98.25410463695853
0.8684547713761553
40.33279212286452
43.67475646977904
82.04154327189782
83.25674388869918
92.11458854138574
21.94244293792794
18.044884935930572
15.747561983734107
46.47156058029009
63.51436401598508
88.18601349375106
72.25380573536013
98.28938461970259
86.87218311010437
70.50625410906348
16.979510455878046
47.213072061766816
98.87597530791524
57.35936031552377
29.406528429676882
54.190449557830014
70.1775518615372
95.32945751241324
77.15139410778858
86.92589223545193
59.70687013253931
79.06692243992504
38.86043162515284
76.36254047585267
63.29525656960788
64.31493191425388
69.02528892405543
81.10282812837544
83.56604258941734
58.17922350223889
99.05055660985545
73.39059915975152
50.18228241106494
96.11875050841644
37.07957861646322
99.9849801462679
50.689542038510034
91.41747094544803
70.12319226012085
61.38202311628898
97.40438864494622
50.443099795898455
96.0399109552121
44.60606058934265
97.17162486596075
10.293725489023672
55.932663044220675
100.15059370357581
93.033829485482
75.04156546928715
85.86537441887201
41.36720120328422
37.024313628859744
68.15225058539
44.21041679280566
89.42699698284032
74.66640875754202
64.37018386649095
40.88692540980785
38.30861938902638
53.25660824486021
29.818600643794436
58.59895650122035
93.53337821132439
85.69979491991883
31.863909078443534
69.02392489994746
46.48342760031698
95.5112549657297
48.13032042113368
85.20274712576348
43.73273026072627
75.85343027447036
96.53635118364485
52.726446262151576
55.095868557647066
74.58351262499204
74.35297266704451
95.44873849141139
76.9460636432695
38.229512863462304
83.58539947351075
56.942088041604634
88.29196304180006
98.57607789782706
36.56567725105447
69.36648458753018
42.7933687702514
58.62324997357638
72.55403655541306
53.00192074094456
48.10617413713542
31.305041708787254
28.73350772729754
49.32326205874121
61.63798993269414
49.717948125588755
62.69470266243246
72.92784582434047
43.57436729625008
60.14039434522987
56.86384433923686
94.87572778828493
80.715662398006
94.05332784382344
45.80734002368595
59.088694642061164
46.74556704769262
84.88252743747127
87.34968865178388
99.95330816397839
42.744007025868136
31.632601750715704
55.93897341329493
41.076980057861284
96.32407874863736
74.7470686265797
33.579853920912434
70.0807713527745
51.411072416018555
44.057693250483176
33.433944408880194
32.35009770527095
80.47738736077241
39.84969733804213
67.90979586584145
44.99620622334224
43.27502035049727
71.53281591855334
87.04103110448474
54.45626731059569
100.21102645487315
28.756484415324316
92.10864637104056
99.65854202453242
54.67367729210266
63.21376517399553
77.74402379320537
99.64643104543342
90.59803802102122
89.5319038155004
71.65383909756939
92.34033991527805
72.18509090306331
54.088028564399224
99.2523949945621
50.74481158658034
57.42104526546539
8.68981059468902
28.622429809741657
63.794869384734774
17.37252741515012
91.39170084997676
89.61808417277432
97.6457548349281
92.43298010684208
66.0509406434512
1.4397267563172034
60.95129858917562
47.41962762162933
69.63385873001772
19.9502107887724
67.64115677840933
93.01690745206575
78.14364466201259
90.21676750263072
64.03870556459351
33.81696536242456
67.26547161988029
38.748636592125145
98.98959671413145
88.59221336270579
98.00207635339136
76.0370336572775
88.56202215971224
89.12649228623272
59.05837748984071
73.30795785550634
74.79523245467156
63.72051579692714
55.43457021051521
44.256674965232904
100.02192639372147
36.957675879383075
89.41752519387154
52.02184822203186
11.942758020535157
55.568756258442555
53.19318047918603
15.784431423006872
42.184275394046274
97.49777016625322
75.96372547824807
68.5296053900157
76.99556186313691
22.40503919190327
42.14126938580071
6.715350478280551
43.698938612718536
49.909947117841995
86.05957117938883
76.03762429676027
43.04708695126995
96.77033103096872
70.16826642873761
72.82317333366416
47.11199404842875
77.19121598298219
77.13864486682917
39.01906657024598
95.30744983830944
89.29930973449262
37.15226211653565
72.77151877367989
40.63863948127019
34.492167904087474
90.78494160058608
86.283584360936
85.54777141041473
92.46798806828542
72.71177632969548
78.33783082116146
97.57116018128303
56.758288884101276
36.09499105764633
93.9889860263188
62.47357114802126
77.12645991886964
99.38895119709598
48.56810009481101
19.86666687849061
57.34514073443679
43.34915764695322
18.785351680905794
59.04254183666074
98.50200425516695
17.62129798724825
63.671006209649995
21.12156118738574
58.41251782253447
93.27774858605572
60.39099092148448
87.06923104691444
35.49176269515662
100.17386903298882
56.08272041045403
55.61439780064669
49.61484894676101
68.50216662324532
32.396822565717166
48.38509110062308
83.98447476345171
73.13168217272683
96.11123988877462
58.790858388023224
85.67399558689219
66.81546126649702
95.06027340815868
77.4519133553296
96.21423677793894
96.88123761143787
77.89819346028342
80.56087342380181
73.43684176234672
34.70653481209669
70.02494160213668
77.80182541168588
55.37020652794384
11.67871608496873
78.49545866222586
48.8248900776316
58.806848899989134
93.6632732651243
98.98585792854928
50.32554195436132
80.18738980438128
25.929995966439837
97.58442994197308
28.080947931441546
95.85135287633966
84.2350281235387
47.061963201278225
52.6715899377891
63.56805357936543
66.14133249170571
30.488331394598983
84.53013285128993
98.32004845713816
59.626002600262865
88.83393353615176
88.4669111659445
29.387744921511796
81.19291775827254
27.199154683091333
96.45692255226353
12.39294080082426
89.63402424061385
75.92598296994326
30.929208134216495
36.437163830096296
80.96410844865821
84.05999409856393
91.51680670760193
60.165678788283316
89.03840031493604
47.399501635873754
82.84317401251968
81.71652062856221
81.72679922653082
32.193888935387406
63.40820342386393
48.836596041415426
66.31436237976773
56.45094388059372
43.95702316126231
88.02989081159787
37.65502608357464
40.49900441153809
24.234301237018293
46.63179697440273
69.11227741965362
29.05425990521074
99.68091333437157
96.01168461321956
72.38475056813172
71.52797077063873
48.6642552040865
96.40399337556558
78.41925699542307
97.97190704362892
26.945162161021926
57.33585276063996
91.2968766056864
74.55058417309117
94.9006945039386
95.07404214312675
47.88050116193094
14.67331191676268
87.07008422096986
99.37907682272603
94.3637303654673
72.0417374292162
67.37446623380904
99.1105359108815
98.12765198627882
16.738016761320004
99.0228214969739
75.19410454687583
90.09183525013293
28.657336148643676
96.94118524525327
90.04318701301311
63.98251278355428
87.85749709535267
39.590479399694054
39.05553610502285
51.443510588674215
66.63345893859064
62.255852054799966
92.65666774233652
40.49601797688444
56.07971269182777
91.27809340919103
67.81763396379033
18.329725114788925
92.35781847287407
69.96921648571951
34.753692351785816
21.9428013949333
60.116202993560165
50.36258077338151
96.07246707694962
75.7647872237783
72.00137692078918
89.6868372686489
75.70809250248371
94.1326216530632
42.46737540877825
49.04876099920841
60.16147179870088
35.103960784823954
77.3328610773154
72.63798359959225
57.26642571170676
94.1863985405193
29.42563395668768
29.784025604290953
58.74616509971735
68.45494977533654
93.29475756712462
71.8697070615741
48.257176179741215
53.30888183383778
35.866840339234805
75.205683858142
48.582508318940164
90.3342795198908
78.49666185978198
99.84469148042776
51.588442864140085
61.12691545674758
73.29908521579264
26.58798755854839
79.33239641584014
62.17646384894772
6.834425392806758
62.57640298024866
36.40563583710338
35.07726540534376
61.93285932672858
99.65360248178482
97.05879168515179
76.48324969646573
33.654228434409774
63.58569623528952
62.192538676099325
92.6013837174882
58.28211596886985
70.77751754593156
6.260519843200548
55.70215507364936
67.97253042078752
65.64289066600125
45.958764415745264
75.79145172477577
34.127451473056915
43.395561654405114
97.52536616805904
93.51428280439947
32.7968626743394
82.72701930478978
93.35686994394142
91.38189539483851
61.91443385268457
22.117123107241778
98.55877180601236
32.64377643402818
71.80898273271141
58.806301376417224
38.11387143887863
98.4131272789559
89.79719021489359
47.335230984725065
74.1000798659412
98.80599006746277
74.71579573539688
88.95670914195597
34.404874723351746
54.68658067836198
94.07292546338624
55.47150530769867
81.02644680164315
38.13937751386678
33.562566958288045
90.94388519367155
92.51667160671738
31.60147899604202
95.41436245665437
43.56568875940954
99.67975017845667
89.61964691670858
96.76071804495113
28.614796698362657
52.8843934857558
54.229197972042584
73.30764789884994
61.68330858920273
79.22995461974025
78.58715578010728
20.072195627825757
96.78411621813457
88.18175840309924
53.76745567785526
73.74334743167194
88.82864738990374
33.363115759130274
44.01087618270516
67.52687569977093
89.2674638874094
23.83182336221889
61.81880630699791
80.02956293797145
30.615862912602406
92.7324177566294
76.58368690723564
98.05370740667558
10.094399613164624
99.20538242266925
28.129332475379776
12.459644244133893
29.3254068284081
23.52200756451302
87.90302272776297
9.522780854629652
83.48341233149924
79.212469788471
82.86198606521353
85.76591887106626
89.16288121162701
75.17727136673102
92.31361025966454
97.63561625328265
36.99307473499218
48.97514724341274
91.93155617614909
34.506924283909434
72.680382120626
38.29916194580282
81.52150635372902
27.476352462693495
33.09853432906216
92.24805570644467
99.91056836527343
79.74033849492074
97.4586060292052
70.52983839734937
57.114170170568656
97.10883637566744
83.83953373993454
70.95594497959017
92.23745432847332
86.7118368456283
67.17611707094751
77.0546081089696
99.24926752516562
97.55079501699579
66.52460756701336
90.6618370870831
99.96823572381963
67.1715577189234
95.22117254155867
84.66250001146022
64.44503589603197
71.07934173903057
43.745089620171896
93.89270649444308
40.31975714400532
97.82869038717976
73.76007876195615
16.82108069705935
16.50863780171432
83.94961524178913
99.99820993090992
87.55584093767813
91.42243829063524
76.74607053978247
50.55953518811368
42.33260640045989
80.32085598883441
61.73251359676451
81.04096769734842
99.1575517829685
46.351462989751994
41.766998130948636
45.25895058261244
35.03926767313817
99.34206002650758
32.00625535462558
86.09243207655415
90.04811758808596
52.290683546611504
93.13268447409985
60.94826390980898
73.25849014482762
64.99799315711414
41.917047088237155
78.5894378100742
99.60407340479264
94.02238935756526
67.73243831805463
71.8829226443944
93.32268844795347
36.17660687990004
61.13792253210508
92.16561462741886
83.64905227599434
26.348561446267986
58.261967428111234
76.94498827900007
53.90658333145126
99.11495218893137
56.60876428227359
59.97477523567795
84.445431523435
86.24824772396664
88.41455578222714
75.85915862034496
19.53279505959963
45.684962586601706
42.644320820371625
59.20914803464538
87.95724353186142
98.98540065119445
25.268410657714657
13.169555249762453
79.13086886305908
47.12996123785283
47.9933775363981
13.938822791686526
85.56031108528668
59.027986984927956
48.329419077762246
96.18728122988873
87.63639099061038
91.80763046539536
60.35787245784776
44.62889219245947
60.61067882773774
61.51892001535523
76.24663684451528
89.69860531674335
70.82523346245284
96.30389546024712
66.06182768777921
36.94773503755696
74.56398087554889
67.71706394440645
75.45081158598066
78.6670099997456
55.06976523882588
30.27215747951329
17.75968899725579
89.71232222928778
24.62247764889788
72.32614715376847
21.883725598565086
88.02982771436058
70.26869921951771
59.338867023359086
83.66342867294983
75.86041250132577
82.76713426066047
93.96894389966303
40.22960485273045
47.44435840546541
13.270269690860548
74.11002514060435
71.68038726530544
19.37121349768065
92.82247742251215
96.11911600025287
69.18487537283815
83.49754662737074
98.25060938280838
70.87157545577284
48.67804953519612
72.13827917112053
52.361743110702704
85.64885698326069
100.19485410917945
34.30990575252045
53.930775278214
71.87432551437486
93.65162374886579
8.639140629382398
69.7675045794675
76.74404783263981
38.05885943462578
87.26223446793091
68.09146404515566
96.62036962632351
92.78781841474357
60.19031614636199
95.01742223745696
97.04905645708594
49.25112073668011
44.40353403374256
61.79257024539633
96.01006778725751
21.483822214687724
97.27586824868911
77.15605324083721
91.40453597462728
83.75202608227234
83.75199531682419
46.115148839948446
32.1067899725774
91.82221156804894
70.22429289497695
73.82830644045686
71.83008939580927
60.09109798787657
36.979692414880276
96.58073485980798
99.19277901535911
94.9954947430441
82.63317706901591
53.2729376419937
94.99076731945084
73.64393383429822
51.265445682743305
95.71139784413117
89.88830926479335
63.958839939809415
81.88043346119241
26.590559435764433
32.22326251530106
46.10899084944832
100.01337114541299
65.66563502992013
66.4050228613578
32.38001113398058
58.015002919487486
41.36747571098031
78.91540089872672
29.53052427612399
31.56490110651842
69.06597062389355
85.16561299622303
49.7461938186866
3.758402663992399
53.295171769343256
94.38703360793761
99.37514322653192
45.7361384640722
91.32410442966697
100.03210984330744
55.775823118488
51.97584026534493
50.3425495637233
39.32862243558443
85.17237262899796
89.65924296401657
22.56042820070735
89.05446594042043
70.45365255672462
28.140216808994563
34.27754495564712
28.595276683115923
62.10708524633575
18.235568567987013
42.02557210533711
62.35475873233623
98.48097905851559
34.36277456258614
73.84685815766908
44.088747446779855
42.04631113064194
99.89657658218984
71.87597762329648
16.68361407547556
57.86906479097509
6.17851873134569
26.346921343186136
96.43032368641474
22.12773352118769
73.55910603293229
98.97971433645753
93.42963954551709
98.12890365714058
76.79806657737167
73.87003073858568
22.68692814254482
66.61111900786959
73.84131645867872
82.73822218036713
28.162008850492363
92.65086757318092
83.68358485990466
99.11824672677687
57.084630798016505
88.20431956802435
50.599750556114444
16.323296469587948
71.58627406828093
65.73608444563087
19.45536048578321
81.90637321363293
81.95712347426725
61.09189925263608
58.44625800872329
99.61548809767211
84.14839071185568
88.98318565852279
52.28095524217722
61.816029612269276
67.00096957403196
84.21851170380386
96.14624567322821
80.11780012347135
63.86316407002341
76.6060481149544
65.06822563293892
44.540375913161334
66.42017795935905
98.2919736738283
8.256905766404298
53.24323698745733
98.45471521898958
52.20766468100406
89.60698739348506
42.807754451798544
89.18604003726307
59.49752102837131
28.660235700917347
87.5658665784931
93.24182388049203
76.31532376330775
19.941904706561004
68.40974208357666
71.64960547404038
53.51333463633044
36.58965602855794
35.422526302246474
50.892077437801525
63.7835580838439
39.34645886491492
71.9645505051074
48.22627687166468
63.44498204101184
65.11564154064914
64.27642169524248
79.38173377335721
97.32016390906207
31.73153732961278
96.30281215979252
40.851857407321155
77.91179531128722
98.732308667752
68.81082224996466
56.552069561563066
65.39360229212157
48.77883966440462
65.78709766504974
61.76056705136339
63.03334529338371
64.64451227148932
81.15554142272924
92.5607874235436
77.42744925881313
90.2835041537365
9.97422165368608
86.9084155319116
66.78297259359393
78.99483790290282
89.72012589416723
40.42464794195654
92.58446020541119
28.02955277868926
93.86083424033679
84.3690946549862
99.84826118895572
50.877859720347054
88.9286695070955
62.23302202834325
46.79060696173064
29.884366476622738
90.51056693429878
37.07761498521197
85.3478367933186
90.45200333872992
82.5872820994975
97.65049732534783
95.08597023421973
72.22367684890882
46.78186918416689
61.894850150668496
80.1836679519316
60.40544657387802
45.61196086391461
12.89971253781303
58.27530758373804
23.415630902357506
99.7113945306249
33.43212284392179
96.71648481808667
74.39858384263115
65.46060021080574
66.92189625833505
70.78978660000705
72.22345813977827
16.228734757861485
41.35207163180735
95.36199735029717
63.21205037568564
78.8410747473117
69.5402799735365
21.18066886225286
32.42716142304821
88.11269682016464
88.89297932156896
85.80558721512843
40.83987326299834
97.09505653641716
34.77338097022862
95.9851778544416
48.223891902958826
79.3769830184886
82.60201026296282
32.671590992619564
18.132133157059027
68.6111835176634
91.73604572283068
83.16469172139507
42.88666797697159
40.44002838801176
26.78848626234078
38.97756392400793
78.71705728017575
60.87342160324422
67.94939352990247
73.809799733662
87.07684661181601
84.34002081938647
93.41917650396815
58.53972253450096
71.95161455266407
33.14989030461208
46.96802196526853
98.06815288746924
59.05777395996328
94.91264142844697
35.446323497438776
26.599551848273716
45.30371067246067
45.30005541501581
90.61331854109993
55.231481910860076
9.670794140641588
38.99809110090558
66.99992560319826
80.50577623282429
18.669876172805118
98.6408581800437
97.4536647305308
96.41595662373423
58.12737183362857
72.53501353230011
95.31955997377798
86.56235325586321
80.25881371589972
97.86970706740453
59.866761791825965
57.31947628637437
94.68207023187851
52.77302880006331
98.24996739166833
81.90323961771662
36.4533747013889
20.573290547506126
79.17148598513437
82.7076796682326
72.38626866933537
37.86365449642615
24.420682291398084
72.14329382116134
69.56932960958271
53.527497072203246
92.63499066969597
24.263898291282448
26.028351367491553
62.30019736878977
77.04374953803494
81.53767891015607
60.98100273239588
91.96558418226671
69.16136066973078
99.57704194478029
59.48091651827012
39.55245234708451
98.44125982610369
67.07468595445202
92.35543419661363
71.51098124032073
49.918857433831114
29.833815672723
75.17196615833888
83.36184294699606
68.68848643103253
24.821054896325236
54.16448871039819
61.64265845835834
87.70225875782631
91.25651110583695
64.45016288080542
75.42678741554452
67.16750321908778
98.05140578475574
52.740208944219006
36.954334039445015
81.36409779105873
83.77492543239154
23.25110140064921
56.94506952964146
78.76379390005927
78.39163561264866
73.82041760091852
98.4622869236298
92.35809498031168
93.29970045525222
53.41583340279151
66.3234403742716
63.963012964720974
58.36837669223325
24.32550232787543
85.50816680108775
80.39311430057519
65.43019044209714
93.30740463905762
30.34798821825289
93.46795375659754
30.253518438377785
73.32267463242195
61.50654432578425
97.63963315755745
77.18755050369309
46.1446088645585
89.72126699788124
64.01492114179891
45.63369168174397
79.32121356646803
73.5264471041521
52.822559800914014
64.60727541032459
33.90557815896987
93.31542292804122
89.73289211923543
63.51809677725593
98.36708939105634
45.34515161705942
79.56601537823273
99.90801084659431
23.00292967357704
86.84421188432275
69.71560140862651
64.25938590974837
62.82411812394136
80.32761023914227
60.700467000906215
99.34117202335305
60.39997976894394
50.91044398486631
68.87171045212916
66.97362251371656
12.18514746124016
56.253274431513496
64.39056869389675
20.830666667961243
26.38132494540403
82.34323695423694
41.04752786308111
42.10768768286301
46.197925111222155
11.462073856378906
35.77698860343929
65.46526969732533
61.89634349872696
26.26045632785729
77.82714903524909
88.26796006586072
43.84045659178917
66.06559035260474
72.9219490455853
75.02937174511496
62.09174452397366
45.33418316675368
87.90220346232567
71.23734820820756
79.7928437032619
19.36051377199295
35.466846648375544
67.81480805993037
77.57883356657791
66.81409428127084
55.94137716961132
61.255701603061475
37.97133261377201
42.05174491822695
90.28826162491913
67.02480298548157
68.60269868940186
93.9188201157803
92.98679712573407
55.103851407914334
75.80327980069156
99.01645980708204
85.38795670344271
57.180094384233946
88.48107734562855
85.42640443980063
79.95275590496084
89.6996782477555
99.11091355128971
85.258849935172
84.88719017831762
72.05522909998038
86.14438580481628
89.1492233334751
35.16393045088197
99.98487911694194
43.33246967504109
50.9186655276529
48.183810325848164
78.94394802985482
29.480296459172454
12.001304924469284
53.787925724241354
65.50777036909598
88.14576845083415
79.39030315989196
85.36661478973099
85.09249487809298
49.951062912759845
98.07479951860853
39.36526847214204
84.04415901537668
54.7503538757135
44.88210575824496
93.07415748383313
46.21778415080452
59.655562309513726
57.97174331525344
88.30748062224934
86.71606371213628
43.208152654002525
83.4965854508029
84.59488029216948
76.34913076609506
91.76227012507526
59.06878390616212
76.87151270892035
79.9537803839019
53.10255495179806
94.65546391991033
58.82042333695069
47.95132053901
75.28600056729498
23.990871388853773
85.70821735434149
36.894808215444165
79.99720041417162
87.49184535429325
77.78141523415717
81.87657199192653
90.00263148514273
95.92241183447209
28.9107367845106
97.52187300427848
55.67416054538143
64.30716900958598
94.10325392928387
86.8425127767356
64.45717992489257
42.83493217362734
60.727439094488176
88.67235858675535
91.8040993260888
87.63726294865428
66.25207958749448
73.72528557572645
70.5806360065387
42.01897434308039
85.39996664549976
69.87642598156978
91.8294347383174
89.692519384265
29.204695755548176
50.59853338258697
57.40830554797231
66.28771311951908
92.30408861775057
70.93221024923288
36.80005906141827
97.4645968775613
47.657441393075935
skipped
skipped
skipped
skipped
49.66093374473297
63.35887881694215
99.0248310571608
59.05858364570078
15.598194888955298
31.344249639362754
98.81348535762555
91.98574767509089
49.92764235172173
62.08175635553802
84.3272765191304
93.83260078843686
20.899186191650305
85.22373653828271
57.22594138774704
62.59898956266371
43.7435338153084
89.88910314098057
50.68069906887248
81.44154357324076
31.72237013059005
56.02667585547077
44.07459693269443
68.99585949376028
76.9070986718858
62.85137835773762
88.58238460496392
70.15847727866692
43.38783399884971
13.630852168101487
68.71042040316767
86.14957351159413
67.51279086279553
88.2383463810913
60.07421704199731
36.76341227449947
48.45787735428712
84.99599184613989
72.94182924400191
74.62420156919903
22.722419021880977
