1.717186078614425
4.210832284763896
4.451824994096477
2.564342762329358
0.455085405578327
1.108505699319255
2.1559843657141613
3.1256082099592772
3.7020915890266917
2.4359685370265183
2.6721117485420534
4.828423600706683
3.229914179900935
3.181222134770766
1.9333404420538924
0.3176965388534197
1.4252088654942554
3.7778861260231387
4.87840881941428
3.9255181176340153
4.56712685627516
4.687772515438931
2.1057741372267307
2.9836720127166014
3.5940246386185444
3.694731125469418
2.7570796914721187
4.977502920056383
3.4396234031387065
2.1258928474976044
4.646264232749496
3.370759690712657
4.565712030597744
1.5480493864091394
1.7811494701502608
4.512147467468476
2.4821941123134215
3.1023788589914805
2.625191872090845
0.9633167619879457
2.6045021888744753
4.916873199230943
4.248045637974683
4.616473270553336
3.281576531568166
2.952356154819698
4.597248840275326
3.7361352523349582
1.4975673449839284
4.837150671501195
2.047414333252322
4.830676542794178
2.2976654755277965
1.5081884717193645
3.914797544834872
2.9084694360596473
2.4454774449567567
1.5076882415778041
4.462781292263813
2.123101297068957
2.503097405209969
2.4298280761181297
3.3455508821967754
4.26679690860276
3.6400923369229976
2.3936139386319772
3.9257895739977977
2.018070862702549
2.7806476977785195
4.685689195197493
0.5672124885413427
1.9315467533899608
2.683683570022781
2.9982007086046027
4.294940778414849
4.039676310045648
4.905220957307597
4.138967472940261
3.5345497976080447
1.8820149691652581
4.7294005325774355
4.391233262927906
3.475413427435977
3.8386149070660798
3.7595004966605012
4.295117884342498
0.6294131816359326
1.3796605660623
1.076028353096324
3.3318513785334503
4.775956395776458
4.307388853664595
4.892592378419809
4.533502005556212
3.3496534778536975
4.004286349881144
4.809970356974461
0.5478726140342366
3.5652027362018326
4.999529284933507
4.640366058874213
3.5291056873584923
3.6660381153064883
2.249600585960196
2.633057239633939
4.7248781747463635
2.052040489312695
3.41614946587097
1.877291236029008
4.802132743799099
1.854043025167234
2.3212510105951
2.956655465477119
3.9660974750367024
0.9473469183408408
2.01986617113793
1.9953146730374869
4.840173776719355
4.113523726861141
3.1455905568845615
3.9582648359194734
3.9837839409729803
4.455483492666307
1.8082289490426067
1.5466338186476074
3.891048525963917
4.987520189490312
3.9896799906939338
1.5798151681697394
1.5705426649041123
4.570367582193598
3.498389518010179
4.781560396429626
2.2394833675803367
3.2130150476380837
4.549822031854947
2.379961117220467
4.4600412207883515
3.752394527603441
4.950107009984492
3.045235460189627
2.850923264385621
1.744740090029842
4.664486358181345
3.7253198451572995
4.5569708910066185
1.8164487834821341
1.7965667224113564
3.9377720707553503
3.682112699138202
2.074730239810309
3.8011259179159835
3.446507461994839
3.2922944165119366
4.2547961237540886
4.623147111836968
3.21446455059986
1.7624587519743502
1.5694059731329417
3.7394532914909084
3.579433612418151
3.9191586702019863
2.653864258630466
1.8023026577786372
4.184293538726832
3.0239151294624484
2.484245630095368
4.566451002209529
2.2273266179524076
2.1009462936083225
4.2042614380488414
1.7934240513712092
4.387449379294694
1.9520240795387918
2.2308405696626834
1.8116244508811379
2.507148387980755
0.8362537623898346
2.584153485496523
1.962052912966513
4.233111925487783
2.89876637586791
4.083907358433442
3.776212099499868
4.58866929636357
3.666457825350829
3.6595225326786505
3.304542804624662
0.3276565014927084
1.7145507203283044
4.770026497597909
3.8252651984248804
2.6554303595210094
2.744933720918348
2.429783036913846
4.230597677849768
3.899343063057243
0.8231144721931031
1.4915975374112542
1.4955061436502588
2.629865239171648
3.7296122095993534
3.4469687971074214
4.3838310693074405
4.646366452355096
1.7656557821297565
1.8281151954148067
1.5348312561961295
3.917623215841311
1.8388945749687666
3.6215894299165408
2.266967055973477
4.103096473805585
3.268663272044811
2.616298655434526
1.5962707097292947
2.8608142966446435
4.356735493564776
4.684024425933907
4.035639417009148
4.043223666913062
4.172700121023771
3.727123821570589
4.167821805978369
2.4130045925332593
2.3942422549660027
3.4102561650156447
2.1318329824247315
2.2167337432212633
3.886227458574211
3.7610297200658565
2.952845459937825
4.580773473959185
4.343915053360574
4.925527680442246
3.678765855693676
3.254338590406431
4.751844179246887
4.154088503269966
3.596573767956683
4.840630673706775
4.677761791591988
4.362545991971182
1.8243636787728439
3.415932745737826
3.2275591434604256
4.849213791677949
4.751964281328494
4.267580952248943
3.8892079537863733
3.822355981909242
2.2864883814018273
2.0288803315581525
0.6911913209332297
3.672783673559453
4.923887344901576
2.549014609458097
3.422514986463819
1.8806501063424557
4.619297424356936
1.501599478957443
4.423846552445072
1.260801684822379
4.041840468130463
4.625457431802366
3.489350830656056
3.5383977734171426
1.5921684124348783
4.59772806673613
1.9276559319223991
2.966689399301201
1.4498050799546254
4.550813901050258
0.38507087879741836
2.0610876363400967
3.3764078608209176
3.600160333516078
4.925214761937815
2.397111654431045
1.9942357897548086
3.9949874879244374
4.828528299300811
3.890106452635217
4.420730471429679
2.968398060146965
1.6862021937707425
4.987108952990936
1.2462104471161917
4.6978844995943705
2.924924855852594
1.5783048965477078
0.21877552865617153
4.183480513542851
4.05782935526818
2.4240236436288716
4.756414945671126
3.9433121013345955
2.684392841342377
2.124333317571456
1.643304155930031
1.5738692749545502
1.7878431299684758
4.658972119233062
4.504543870758953
0.05008562603626548
3.5209294683261843
2.360494616087788
1.498505263932362
3.1195761565699875
2.2211688616943306
4.366133463303595
2.419021349100712
4.8178669522227855
4.004229832900105
2.0053024650494757
1.6164967333157045
2.499536145493644
1.7765945854057492
4.747557879940558
4.788067612706858
3.3065066727766674
3.960407293634811
1.4236648806940326
4.185705418784593
4.61110839540866
1.3363530721709755
3.8171410019708736
3.0088703201644424
3.4626534306020704
1.3973899326900792
4.822890562791017
3.6679304779928916
4.8621545992950415
3.3034847366995135
2.3875193721285966
3.302909445691131
1.2140841988110607
4.8124211553367
2.1946125458842456
4.058239765280314
1.7833712562139625
4.391711507604309
2.6760135586207165
2.0856914824409434
0.27874941131563413
0.08668495593686851
3.7251202348617163
1.685061276624232
4.664157241811265
3.9411919170935237
4.889281723590999
2.0605431396990053
4.82643780488461
4.995707466092498
2.942037080077001
4.189963340167851
3.5297744036181604
1.5292893157013348
4.675090296510275
4.740483811640886
4.133480240767406
4.806675521987304
3.466519400751117
3.7384365794639285
4.615844603654263
2.828708226380586
4.05474456663477
3.8796935672811323
1.42622254506583
4.473956762140969
3.32259050103258
4.9869383597152295
2.9983116678006843
3.916428294246475
0.8263338919661474
4.149156757074544
2.254122167091189
4.279739115051256
4.625860149587766
4.029741160795908
4.781565712775472
1.349976347711518
0.5313095846274075
1.0717116754657676
4.157645471152021
4.661025404196609
4.897199246036504
3.612206836059717
4.868627421241528
4.571552716436508
2.409299013623111
4.458583548202136
3.040858988538321
2.865598889684117
3.4128177643232958
4.512463312195265
1.9704719011942162
4.836516518008344
2.8960324329198324
3.764649419426909
2.125090810701349
3.800797740538135
1.15382871794726
4.817152490768392
4.523471395410981
4.029328288319939
4.161289332156108
4.302077990125693
0.39258010749537847
4.311760910945893
3.782153188710989
4.44349168847899
4.2057905183589375
2.692144891879011
1.8593471713149778
4.665874662458333
2.676213030434344
3.744303154429693
2.8791310072161713
0.9759729381076053
2.786453382777359
4.826869177468858
1.8347589768699015
3.31046733326008
4.5364357189478195
3.264955772008428
2.7308142528367836
4.590687246845559
4.8528038480461815
3.994083779671194
3.0548589167410887
3.217478829200499
3.545134991309556
4.492865285432228
3.5368161355913057
4.8967074855456225
2.519545141818259
3.833216826672455
3.8012163650440183
3.2679716629986757
2.600844527734699
4.212235241876248
2.544178980769868
1.2223713383223762
3.064423951506633
2.7272856499581044
3.8187826963470455
4.576290762699508
4.682583096347288
3.4498582010711494
3.824795732283734
4.982997089591391
3.2603402206568384
1.8667813025526614
3.2743472114644945
4.696546547795368
1.9072383803256532
4.845973362925434
1.9063262906274572
3.9751787314545513
4.698868113460128
4.422779457761383
4.978761789243244
0.4126060266595901
3.3175543497873274
3.216721113741639
3.894219435891298
2.2834807705182616
1.7228888789762755
4.906418918719335
4.748999808774936
3.8661256956396493
2.4226428527100183
3.969915106200321
3.9766664520187756
1.9827083828495364
4.712207926826804
4.819513598267608
0.41958794485897444
1.1709349469445023
2.620135348301911
4.036576410104986
2.0497561851470945
4.513418098454457
1.4513359297303965
4.614512336450593
2.944912191961615
3.510858840063198
4.003736680130346
4.989663765063151
4.778109406384843
4.03561723419129
3.1519282227548375
1.7559669156850866
2.8770261037002767
4.4294560918603585
4.783598705579214
4.310305382937278
4.573769208254679
3.5465349521265717
1.3964393645208448
2.7958124399104043
4.254088061946865
3.4969592985732727
4.002522416822718
3.874140580035559
4.340300526652656
2.1958374248773938
4.560806658585328
0.7180818029464165
1.8440641168764045
4.866140003058655
4.762473421129692
3.51575812731408
4.3270794346602575
2.859374547364587
0.7374391002017457
3.930456384880366
3.6509139383663647
4.666007785747183
3.9275674120026753
3.267446436484465
3.1917781228496294
4.337716196436196
4.539248997076276
4.018950127436627
4.0509095341986985
4.667426268267698
1.80039891332266
4.761682154276272
2.794970390704934
4.480406675035294
5.004814788021168
4.362037766127116
0.5711991664174634
3.1453244377020724
2.0520689467436672
0.1550027615528555
2.3098339388082345
3.3937341332684072
3.3205920159180717
4.640507779828571
3.84478754825348
4.330098172073199
2.9049474121057495
3.7417326683408314
3.791312673387282
2.8812864956088604
4.8586419319073455
3.763768581809909
2.6557863368137453
3.3876957406450376
3.721763098319663
3.114757361136478
2.934575402106263
2.832522484083334
4.392326663193238
2.7649392571390923
2.498521061666636
2.989245230393217
1.7759625934919887
3.601484604993419
1.0381686965190313
4.384165380629374
4.603633351085813
3.1562609995803816
4.665055933628988
4.563397292288559
0.3007204554327099
1.7436881164964975
3.8135704591922273
2.8303270957566635
3.0675472264696846
4.134262727494688
4.90984011606337
3.5106616191187565
4.599956866755904
4.988484464362433
4.637391548240897
2.9586365014087725
0.40029112682093243
4.928408798547136
2.9566648884270714
3.576294269316083
4.864985176572408
3.3369751043841145
1.9184769147087108
4.795759212895486
3.1723728198160464
3.3339121922926567
4.110660164655464
3.6580792584681507
2.725422398731447
4.40264028665197
2.9694745565769676
2.775761157485519
4.992848095020789
3.536180307814496
3.687153891048912
4.70771481497768
2.6237695334133786
3.678868520335727
3.8903357575677084
4.268624010931439
4.7164178626785525
3.8716410079313803
4.195804660766075
3.234435272853825
4.040529413206567
4.08029477094699
3.3219981076796454
2.557877674641626
3.5318383726111002
3.3092253277519887
2.1026764142605523
4.667192528576421
3.9106089476126686
4.512616860633183
1.49681892859819
2.1951496248901177
3.204971270790913
2.8501115291692907
2.039826131107
2.9159231620595265
4.133088632619007
4.129493816103871
4.246306261481391
3.4510958325079772
4.48915881226422
4.680265575452761
0.5885476676069187
1.5302683692864072
4.060118947281885
4.490125140866786
3.0317191981259155
2.1050233766722317
4.966496047946501
2.4277193523318235
2.531836876563754
3.1624744560519487
1.98723989346616
4.099239261278604
4.118234452012059
2.3118660078787308
4.343074313241418
3.847802023564326
1.104948584295637
3.57167589143629
1.3923026310425817
4.585124687519997
0.17924245227847502
4.271726220035663
4.940972295033218
4.9448269542109315
3.900071632907792
4.542106344233991
1.0314075448296778
4.230993544970102
3.7873115554466326
3.655648951701593
2.3744562561026323
2.2409761748455237
4.872421684212183
2.917965605448898
2.9303025982575144
1.038109593393153
2.6484733458914653
2.3792188904012157
1.4597680852436419
2.608550006406607
4.876642007299098
4.7073319771060165
3.66498514719964
2.1695121729339393
2.435747119145395
1.7895528008630894
2.936347690514394
1.848423061054981
2.108384993429012
2.3039039384314695
1.2409777396509216
1.4969429493260316
4.873140099112657
3.583751916496787
3.688127098674518
4.7379950994599325
4.23956214921736
3.4876085389659193
2.443168057747574
2.8400073570464475
5.003182371916885
4.562254349801475
4.771719530259453
3.0880773355236624
3.9992289279228896
3.3400116882995796
2.737768376386569
3.8964594915745496
2.842633885276248
2.9981663641267655
2.5021910937325655
4.330059231104488
4.6999610896062505
2.3018828982912303
4.609624098767512
2.7092057621240766
1.699017067997898
2.731232933484297
2.19284271646631
3.9582168106005557
2.855181000633138
3.8484917896853026
3.256300571086694
3.257409361155717
1.5298130676445925
2.94112477958443
3.7750227156319403
2.319997475151028
5.001248127877273
4.773594156044111
0.5603406487694661
4.709893779612007
4.5109156893688525
2.6989125572480743
4.892726272725458
3.1691020662037253
4.3028220888406965
2.8321146111081084
2.145280368685723
4.197507926556705
3.322003475879763
4.67293251733283
4.950812452590213
4.109080499061638
2.8591760992174775
4.96873196559651
3.098058725804888
4.483921902376349
3.1882439758247063
3.0762556171554847
3.0404828853583012
3.6881542945547303
4.65173866420423
4.6972528213033105
2.5587596132097614
4.81559004619074
0.8913391606194329
4.035539971212223
1.678711036867439
4.54096772619066
4.323994045792439
1.9715591072762004
2.2217722988138946
4.698513503904056
1.6985622350564262
3.2165483421235144
0.8666058516093925
4.441241035577474
3.588720660775862
3.7500321801834646
2.527883506108588
4.523610742917202
4.2739963970559005
3.2939216039423465
2.229237660313505
2.358853954108505
3.0377655051253436
2.207501508161168
3.5150924783038575
3.8853186853158626
4.647902176742059
3.0572764738404605
2.782515311584317
2.683244159045061
2.380385742365302
3.0580938923103935
4.687558024278157
3.868345953266252
4.546550938148593
3.4402607196391406
4.605330127887876
4.651614017921401
1.9528908326888328
0.7929887441611572
2.9010511945822364
4.001025995982907
4.936503656459136
4.598217402816807
4.452346362274058
4.16126721885214
3.2234822948710233
3.6984209384351767
4.247373569034166
4.4512984175535815
1.7644915174669638
3.0861868761619307
1.0178303510441966
2.506671232353914
3.2618369748154437
3.456339355422225
2.925909954903776
4.193827635146087
4.366277740026808
0.5347802141878241
0.40309009792876793
2.6907111818083402
4.954474661154355
2.1580930637484093
0.9057674834632958
0.30122515263050864
4.649268425107579
2.710745580682519
3.738129896777256
4.968831246218497
3.852595845962763
1.792216611404398
1.638813911048682
2.0866055079966728
4.591490035065788
4.180471362832505
3.1454153888108696
4.869405070939826
3.918661453948814
0.6118203351471463
4.150700901539638
2.4686430612870787
3.6208464963852554
3.5931474264842196
0.5399376813556325
4.996802984367206
3.8239851187284133
4.5535508458623895
2.0811852053093514
3.1355600058343924
3.374356186700266
4.82179151897328
3.471632084718429
3.6540991331551327
2.194149076937117
1.3786902218191652
4.349611296200337
2.022544556859116
4.4759559921622705
1.3884090613374342
4.779124764982571
3.9291966294700886
3.972027040471631
3.807852113171133
2.4235859451376376
3.393248159401277
4.65820324101258
2.3105845983238984
3.6319463662457716
4.277882817801709
4.735923392419742
3.970273716408798
0.30437858198416917
4.618599248508349
4.981595341616832
3.728473555843808
2.3544287430335635
3.7872709520491252
3.4512762116267464
1.9143088684529106
3.5960629791693552
3.098376023343351
3.3588593288520734
4.138221428924423
3.9304825980751446
2.0281049308566144
2.555671091725873
3.3049513368746517
2.2563322109481603
3.9754569263668604
3.2448130544075706
1.7859371095717596
2.9280735525680623
4.992782037052017
1.8409177687859166
4.80332687496282
2.0889096931327993
4.89819054270778
0.7499454629835853
4.197499477139312
4.05357520655646
3.2351156442519837
3.6835123900222904
3.9043696273666626
1.1957650473426438
3.2689747324575853
3.4475396105651908
2.4380413460117927
3.688021421188129
2.579194084879362
4.766622320818777
4.408417247666819
0.9375026703246221
2.048209037885617
0.8925960535599431
3.520277916577307
2.0660335894769806
3.5449036799632334
3.9857414973078953
3.0626202868676113
4.765754324474077
4.778730401237016
2.0275172923554163
4.465540565748863
1.9503903585445426
0.4730738241603605
2.7273915809234026
4.763310380688807
4.302633974231365
4.5408465113502325
3.808185110974422
1.7888632616437168
3.4151386331851747
1.737907020839383
1.434903298735998
2.350783394087526
3.3044409361907974
3.959667418603211
3.0986277533778575
2.549856312581427
3.653326835557915
1.51099324925876
0.8504646419263675
2.3295410366806815
3.9604828081027215
3.3418973336707087
4.068765559272384
1.2412418209381029
3.422003618256221
3.09697421042143
3.2858515842705143
4.476447660993869
4.957699661905094
2.151983127585719
4.852701130642852
1.9132248676591774
2.855390396812314
4.064491958748173
1.3827636869349138
3.6463614136182647
3.7363871175324133
2.1282197833125625
3.5432962376310804
4.887893811461177
4.9785836321712535
1.8558878093207674
4.43154322598617
5.006288890432358
1.047223827981627
2.298957137357217
3.892967782741682
3.6144838843103826
4.517748689769202
3.467270944434528
1.2478331481412808
4.485807381470521
4.7327081018347235
4.488515537694744
0.7003631457858057
4.540928834141235
2.1855612359538674
4.722319871027092
3.071963902173647
2.110840482856619
4.952276709602812
4.64996041447272
2.629309750145514
4.152398148131389
2.15157502803653
3.536684865883982
3.909240196073227
2.6652941141177693
4.035588941719175
2.6892638803987476
1.6924549985408388
3.8138577274745447
4.732222554168684
2.8646620059827184
2.897196831060858
2.845168594878587
3.989227198302563
4.035683050484045
4.096727590918565
4.478469334053814
3.7851365242531445
3.188657235662178
4.400958158169911
1.220322135052837
1.3414975141821617
4.640718872841011
4.574170162347459
4.675742950429393
1.9374372100300208
2.659937399176345
4.005319739030951
1.6269416310334273
98.95750451044415
77.39946692459537
87.97520242866065
76.51029714498843
99.82381542512546
63.38604019226065
17.683443930242934
60.15886514887815
97.2792608277182
84.49135984989718
96.4932007623239
68.06537728539793
83.24431950503336
96.37776818925977
87.6024728571424
93.95041722204382
58.71962446336728
88.52655659555634
35.78938982592282
45.36899933122415
77.21672389028183
26.84392850648885
82.38806583559423
76.98164089982961
84.69143641551636
77.17292531131599
88.28922146255582
40.772491788290544
37.54324336686875
42.76088985922593
44.01162257020973
49.95941426875788
84.16317064161223
43.12140716178251
19.92555988649623
10.687832394019916
66.87033970127015
71.98726504092798
39.931055568079536
74.69092218098174
57.55243218960936
47.1988441572866
43.049417376664564
81.19088224447037
39.888121896925895
96.86754765873874
35.26231099847849
77.3799643168512
44.055137916156596
85.49684923443422
76.52338704209674
54.73314460512683
41.60513996845688
84.6750353596791
76.23269614027188
32.27724079567351
80.04481937301497
93.74109294935225
41.60336268420165
71.4752332489297
39.48784007629892
90.92907673915485
79.16559176480217
69.32263240384313
19.295334466439765
53.47947856860494
90.12562399343872
96.8652403257642
95.6246260315515
70.38856589265356
90.21973573858773
75.11199800431267
97.61815243559332
60.795994632345
71.1338906891204
83.52442823738976
31.190825952767398
56.41753398518012
75.0799519726102
88.31738659753498
67.799421088541
12.426398370392823
70.0453800457543
43.468919196715376
63.053229722105705
51.75962581839293
30.570970526535067
84.29781522952887
55.80869552933374
4.0745700775558475
80.00782102128194
72.01031050698145
69.02061205392408
78.45268122832253
30.742335471868692
43.78139447473173
59.115094293338466
93.91491722595042
81.7500189978808
95.76217137340156
62.01937260296848
56.255672123944116
94.50912588404967
58.127999996576044
74.14274680137515
87.48064323605455
89.5386371454375
84.25173169576301
77.236889663004
90.86027338997386
47.730062519261786
67.73042065822207
94.47494793350255
81.97308645617652
23.207367735483995
66.68977005506856
47.813613349407156
87.80511254777463
90.68350203959614
47.568184697709384
42.055846720828285
99.89337339590273
98.34388788721756
82.19530089444956
46.79195098855916
48.00562036554276
60.380123791698814
82.55404891699875
84.76958740668229
85.69379450165493
64.34482179194067
62.150556889888456
75.8523985152441
73.14665948936955
81.04656393505492
86.73127873335943
33.10116812792625
55.00703671080194
81.8240046789143
46.75382735804161
100.04716855542237
38.152025744025266
87.34888527891587
84.78489706676223
58.2841625302549
63.42229543809956
48.640987971455594
66.75844093218475
87.38914194517164
69.57162736441119
99.51536114884381
68.40938879018807
72.83794558016322
59.65635967719784
43.407401544930664
79.03587647041262
79.20303314502695
23.72482510187657
63.37528899814912
97.87140657292882
68.8898397676821
95.1110201006519
42.32949304023734
89.1457451901744
36.6968232916637
42.0815573102586
30.022373864941482
66.04190635698677
85.11961133183495
65.92851493113936
62.32506570946276
84.66702286095902
45.514455983614695
58.294096995765905
53.018400265273385
57.877317817458064
29.83395284427903
78.93551112990076
67.27885730600853
75.85084835606273
57.47586061242145
55.86014280017529
71.94105894032202
72.44551997359268
26.667424692301672
57.547318031376285
48.96124109443958
88.38769796163855
68.75514470013745
79.33631503281265
74.36875202388445
60.28810964180885
82.19950702342649
95.25198303362794
82.1418194257586
79.86868270381528
18.807570858867223
73.56095528300852
98.01020369822933
81.32835798712173
53.10791289581653
99.7813745824302
54.872652760480676
58.85644439040514
59.11945478601999
30.655731775658307
70.12695311244795
87.01007484009021
82.33563708285637
83.98032743803479
74.93059583622443
42.08264134021195
70.88169741732573
90.52442074408592
71.7640807989086
28.051025351651415
59.75600383024249
97.30005994205047
42.275269535502375
94.82395072044005
75.07715402915771
89.6310958284185
39.56166191926601
56.32507609422051
36.854672817590824
50.92959875403013
95.10742422727348
80.94029137784231
11.112916873400069
97.48266572625464
64.34538237764204
58.19291434232387
55.85640761805482
75.23133204505707
69.998415868204
63.516791045615435
58.44923801623576
77.57617899766662
37.23286473966667
89.56512586411843
56.96825117454363
63.25721156934981
18.83157574571561
47.215890221861265
75.58710364508863
91.04599139115464
65.71683010346194
68.83525791191947
61.57645141891188
78.86300609660881
86.75266910987824
54.206497447862034
10.65412816414857
76.11729782407713
98.19325358609038
51.61915549460448
24.12479636752184
55.49812033145962
83.2560287960931
86.46343888941415
86.48712637453806
78.03181357465905
76.60964013766846
47.35856317228781
60.91511882513668
23.33372699512274
69.73615966483857
59.92783860333191
78.07114822425352
90.10302861005015
92.44583487356847
73.1288188038405
91.0320954862916
98.06686641077347
55.30683076827781
19.30981062886742
49.26939897678283
81.09409514628646
92.41096151830342
93.19387696633832
98.72341707712846
30.725872918337895
72.64178791309124
18.106345167313727
38.58388748474674
97.84038209693598
84.00988891078069
16.88812008576462
78.6295542636011
41.14673333382204
65.97454266750808
96.12283416726486
98.03087730875238
79.11197150132854
79.36667870833303
68.64114237883108
98.2609262204317
74.37487423268463
46.58097257704556
85.11699341244021
6.849877033058986
91.68569097652126
92.9487281732001
81.60587812928802
96.37896842646049
92.70746248446086
82.12531438151757
65.52301425575342
62.609885243750085
69.52702340280354
93.21539485400382
91.62711091017837
27.103347515770846
38.782942546783175
61.13367042656359
85.20035959837153
96.04689331946615
94.75194267968635
26.280203675178182
95.55193066111917
68.98779249599235
30.415295893127087
90.19506236322292
70.20602113134224
63.77743599664226
52.69584254934273
72.40344055559295
30.1426613807275
54.0552291096781
64.58256436337736
92.2165025854009
97.1170261987334
86.75449853779861
51.88917030304064
97.54939068641141
61.15838453689787
100.27307361514472
83.81331923346774
70.07013668006837
57.12876986685822
89.20684473562687
97.69641588833119
68.98009384839487
57.06975973667902
13.616531913070155
28.6359269136365
95.6883039008205
68.34265361046944
84.54994949027224
34.32527615397582
98.25101664281004
90.84950533953143
86.76606274518367
85.53744604492296
75.64011733296499
21.59065594265807
51.63828451240734
11.435251461144349
35.17069765508383
17.177372638829198
36.08881380483762
45.76973535131378
72.93822195782322
99.91516690586543
79.35218086263814
29.032630431273915
90.0946579257955
20.068676928129157
82.73885256519458
83.44580502524121
91.86124741127398
55.27193907942294
36.98408645149319
88.37668975831308
16.696420749911628
23.26778842071263
78.57630272326563
71.53936665312462
62.375300762452056
64.33329194962874
72.42899310319646
55.503990238316725
59.454788402551074
91.0098038579458
98.29158178528587
79.38734168102854
73.03159840523526
53.70455356064268
60.41081353090139
35.06132466029338
74.55957906423004
49.29323201091572
38.18927020929584
45.50465283056117
76.08723126412526
16.958725186640205
87.3746027625283
83.7959543730672
13.931330542724133
67.08504975160913
93.05897174829563
31.483229873802188
100.20520594131372
98.74607864001561
90.36520474772428
54.376388727834644
87.29318216188847
17.17252634590169
77.04673427792261
19.564019070822958
73.52133473366214
75.40328459889555
40.318241132642044
38.47435665982121
92.13524358797159
76.7801317209035
69.60693169706046
54.511448630454744
66.88011180174132
21.728525535264723
87.41096022676248
51.70214578266764
34.854177120228144
100.01418647265422
75.06304859472668
91.21874182715428
71.91821129749904
99.29497145766152
69.15989695847045
43.331670597903795
77.03709479056448
85.32567794548403
100.03924167309097
92.34623410197997
88.78676891182728
38.9932073871061
82.43604806265287
46.762645475369396
61.2651074154038
85.5903482093995
51.87606113774261
5.016641539716089
86.99883980727137
42.75212771916411
92.38253323441046
12.420715530194768
33.47563284431373
45.53110271923317
74.56601701857434
61.677397067911095
58.08967880684833
62.62983532201721
53.9935737975021
92.32593664101825
94.6143529182891
83.78131501602967
50.54037182973742
51.56688694301335
86.45614160561445
79.00804727573147
93.33532208908379
64.39773217787751
6.943143304867927
90.22007570054787
67.75288230985691
90.9871881913833
78.59569589968136
93.33067333051163
78.5348991293938
59.352008328326235
73.94784813186783
66.14610288170498
80.89942414452474
77.39351599776909
28.073135615628733
89.07548268593045
65.23382346823487
43.89437931566141
60.302493913010714
57.40485833560463
53.013431471075364
15.098703831081158
86.39495328477503
49.34621384966378
91.84723526524058
49.20655592233717
76.9175250512839
72.851122128998
30.988219279808767
85.96222749859334
99.28292705316746
54.118426134812395
94.03998263965111
82.61159807935071
33.311267145771566
63.709594739351516
98.76495822689132
43.06528678811224
94.95094386607153
53.4622316593198
42.63971209434381
59.702598310078294
82.92505683240566
7.348775191648324
81.45754704799515
100.09073457317108
98.39661784854064
64.49530728546549
41.639841931353494
51.27603997435413
59.87841734375024
94.31240859955254
80.33821094510414
92.34589031635502
18.76267762640899
76.30665538750749
23.603968430739403
61.094385958078554
98.59783641997497
39.95470716478094
34.257265714818104
62.25323895094827
90.17441254820129
44.52313213741158
16.370982723950533
41.09727654829301
97.40175797186845
46.01196491051195
73.22905456265195
83.16837385176783
58.2064566175827
66.6699011921041
44.38171776347278
55.17363613049571
51.84153092762122
87.51029669946729
65.00280136852317
50.31144734142005
47.75923614722282
27.91410801319028
34.268096598038866
85.78093584443087
89.42323535634
81.2562021157929
52.02994483103551
68.64744377219509
92.36985428785475
43.11270413680061
50.50514506456536
63.36244011294145
98.5073439100794
95.46515842549437
79.19217937704936
50.222356993949106
63.162749024450534
77.44362431923054
28.5383172358792
68.84568120855961
86.59688264397904
95.38523001589728
77.00199179421804
87.79096920947372
23.049074115759396
72.65627115020501
99.91190969374831
34.80041025032414
74.72311377030185
77.29899647152592
76.87632306320997
81.87775193891711
68.2572293489746
44.63446527325427
25.204281332082534
74.54981143635374
10.534184276042426
64.3196019374465
47.89006517957028
35.82139607973741
88.50910907049968
74.11170666261135
95.23486220100747
60.86512315165481
73.5581320917505
99.40834247801354
69.17616420420227
92.59221334614725
31.80465786456143
61.643079988357485
57.8864783842919
53.50980142359179
41.57871872656351
43.81790437665051
85.69919341405355
71.22801118618436
93.40452913426972
98.89533610789837
56.86585791766361
65.10951737230015
41.752062848249444
87.52498747604197
37.11242219267173
97.54709164074372
66.55358744017177
98.81291006082003
90.43832783231069
69.6388240803206
86.99661718122782
70.58316251178964
97.07031297553232
42.31424452407686
56.679844954223384
76.33899084306674
82.31031995930599
48.23708509854127
92.81221583399905
4.276289963700155
93.54655101809412
80.61806513089904
85.47593658724696
71.87791314285502
85.27400997599467
97.04234496774134
92.75163548281017
10.032690684823978
5.445763497589281
28.77620610427936
50.35168094947624
87.99890467703591
45.81787030231806
87.01681684148606
67.98223015404152
19.856908656571715
66.7309020623018
91.30162841068503
45.63721658038397
73.20645654548181
18.20653944295644
85.26962360381576
51.82604231462121
37.68544357289521
39.05484196508209
98.22677640423682
65.87775696278229
47.35255784266016
62.53028225395848
66.69276740725144
99.46247667654532
88.94493697536929
66.50752495598557
95.35559176742713
77.26961379610768
41.69183370839863
96.31080883237507
70.61924106073904
43.49496191809286
43.84092328946049
74.18052153466277
4.744251864888311
81.67191172369378
66.85733447990093
90.20219933111214
38.935601818252685
36.864580127219085
30.307782168901955
59.801599716603874
78.97535698895946
20.931933454043055
6.592287448849937
87.8295237004553
93.70405876955454
92.36748697876658
39.12823742934726
72.89694445390101
88.75481095001808
46.98783433716643
36.962444545246356
34.80751118356772
78.57918598493676
58.026850657625396
94.14565255542075
56.20758101332703
34.328572874527254
39.16906117482298
68.61991031826122
71.94398141717559
92.92765972361991
57.62391364510343
95.48452420659531
17.671681243957785
93.27523511085761
46.66479771594842
43.21457805374885
77.38605674998588
88.22296381433016
40.64105851679855
85.29360519393877
74.44687148099662
81.29656452878808
59.611756896808316
77.27038129553667
45.30846813713707
98.79193945238097
72.5118677956228
35.30729506617284
87.01481381340632
46.681954241662375
77.58245246665611
75.25410903892457
65.05007828182752
76.72493651627927
99.79179003177377
24.57380188022243
93.66862956964329
21.79179318669483
64.80339282920205
91.18387115187721
85.96725689247575
42.24848456511992
100.15046268063482
39.98124487054122
99.67378069248974
97.82963514396015
24.545733759912775
46.73153363531842
29.54621668559909
30.617215357493222
83.02673195955595
94.7515650432951
52.57740762239892
95.65281691889886
57.232446854354656
89.82335462227104
72.36615235152274
54.758806660861545
93.25079053567895
61.889883707579074
92.63435423932971
80.84849193795768
23.98381240607058
99.7558680005976
53.475495004272396
44.75235672585534
46.107348677230064
21.975969597465593
91.60938549118903
93.9403408724054
82.39210749309431
58.86841707149624
98.31683955802681
94.81575418146122
79.94770077301195
61.32047107444235
33.50809351743846
72.9648397814936
36.131692638127966
62.61790552948877
73.83684209748682
73.3044208572359
99.83493390753544
72.71605821102695
67.65066026801196
77.62198221112662
90.66065610772682
48.15517027011467
86.66240642877509
36.17496243004256
56.71192424300836
44.20255421659402
94.24495216445618
52.92340518598397
62.264795325974085
78.42207942588082
99.5543409936208
89.16407446766861
45.7554242273607
3.0083426959849104
42.62401685111392
51.247146538425845
97.94835110215486
96.60423066672446
48.29391737059466
61.04187395495717
77.6576666392201
82.33289822017304
66.18862855741908
83.74814742622962
96.97369149445767
70.84545976143471
59.32250571342913
47.59060090250496
85.24535541421224
94.48044179429304
82.8470762321329
96.56482440340393
24.37872758320573
98.4472942078606
75.6555424939219
5.20213104089627
57.047734141380445
54.78825047473142
87.13908487934238
48.53675992921132
93.98155551729987
34.13767751928851
93.1835051591232
90.42217974395896
65.0367567394971
30.6256315413402
26.884517137350045
62.31827271994243
94.4487535815523
83.90188661418155
46.456214524627995
84.21906316717478
94.13333906411256
82.95791680741193
89.26057731914892
91.5411575689984
44.71496781429054
12.149880767040967
93.5224116550865
20.111435569947062
65.61512828874693
54.6508809615591
94.54400828507121
100.12399149746273
93.13723352573341
99.83627757381332
97.83263873092893
29.813779549329393
52.37923339762013
76.28322935641707
59.12263077365307
54.6775238714303
68.07019958993413
64.74368393744794
64.92773753190338
31.380290373988412
57.53313684024072
12.543495294954065
77.54558880141775
56.962476237142106
51.09925929332302
77.52419876883893
88.55441386363796
95.9548692314601
23.85851750057424
96.69565191150963
77.87157438042456
64.44219231458459
89.3194587943145
22.873973797080954
59.70276720801816
88.457781001673
45.18365400636389
37.329021961774245
85.24791501893293
80.71574384521398
75.95610053013685
70.98205758451294
63.11083889458155
82.03977777667633
51.09858959870775
77.34553208201339
86.49667261250579
40.00616436647248
91.2776931618106
49.29270864655513
55.94148178614542
71.7074010107388
100.07134184223199
52.074585737382925
28.325289142553668
72.16810750604007
57.705302087853575
85.99786824510466
80.5760979822754
99.52172500747598
79.64689430834605
99.21660347960358
83.5485290506198
68.53297838877447
70.20971412960859
50.4389058947871
85.6979572307778
85.9012562559952
47.80869464673555
81.6081320637239
28.673964761975178
55.68696780024595
53.57059375400554
68.84658714550496
88.85050098395931
66.44618117967448
62.11840870250374
74.10162855106478
71.76162772248524
61.86315636646425
87.53213830626187
97.172531307216
36.642366035643775
80.79820668610107
75.61184576945108
58.2352533312494
58.46802824492435
95.40971519269583
52.20796273134905
86.51312421140213
47.69397013369557
100.1055350387975
81.82168287742353
54.83955439570427
51.80994810134928
59.03008724136524
83.77297377338559
98.08300502131223
51.95271291988995
47.068069287092875
11.099605617409802
83.26967643570954
98.96079504035093
55.85918817152031
26.016457880394647
77.15336304435363
93.91485746549733
87.79923079668573
17.877998373564164
95.48456880799532
83.57512900904156
21.769277313650537
95.4794135926795
92.668373963576
54.65590291138061
78.32922934675379
20.539322667426546
94.20091505467084
96.14289592460379
63.76911399138469
87.23608137988634
53.346821937467254
79.35065228501581
65.02157188388327
50.16178841375981
62.1776551371041
99.67569847797766
42.8373094566634
97.0969689662198
33.321220836338455
79.25068605878347
68.29516226697683
62.82737045352752
93.97424398662889
64.59104729418353
92.8022133354653
97.2662354507149
39.477007714548414
52.651792797480546
63.28436771324227
91.30612742696232
64.8630131547944
92.89211092057396
98.9197914602025
26.811566379932128
93.5668246961906
65.93001639834155
83.1705932293983
67.46003567608764
81.87274229601903
92.19857911523125
68.76025308945725
20.017453431971955
93.89850266418874
53.65456038834936
16.518475693089027
49.60702518990956
41.73952764754789
83.6977745823187
33.31918811094962
31.55593378407168
43.84308588914166
67.1759031895445
99.75498791006319
78.34954286367832
50.296331905445975
98.58556290752172
59.20173324758759
67.70802962860408
41.03574593293251
78.00040080606199
78.01691684840871
74.28346537536434
82.99136070206858
96.13288882081936
45.568786749310924
10.506294348836988
90.66822685760349
78.33898124549818
88.69326652638718
66.66125082192774
74.69838895749805
45.303597283534245
37.677344780644226
92.48184463130308
78.62540615711346
41.566408412054905
98.0035305707732
36.44495789992236
44.27172924382632
65.75645733630036
19.55811195056212
25.036944262904154
62.12976443430903
89.27262268796052
43.1414698749316
74.84816984920295
76.09071627554985
35.45659569518741
33.520761979135685
57.27455139707279
88.81060051985264
45.072974088107784
55.04400319820197
38.855247966222784
43.879754445111246
74.79533506109095
36.66925259000132
99.62731012145153
87.2614101649505
67.14544151259574
70.1682215264505
94.80727873412826
98.75172971341716
87.61421859642127
22.281806110688283
38.93405455230037
47.05973973533007
22.793314818039985
79.63894035057463
65.4418718854042
40.89026281092242
52.09888791936612
90.25930905990518
94.69784531763234
94.34957425917598
84.15230297587658
93.1505525653063
90.5296730013479
98.76869685704472
95.93596596885367
87.63993317833662
85.51261200539795
61.75986118827712
73.2021648153449
52.96269122607552
53.99083301281154
57.29329177423472
54.495084429328145
41.83370606397177
86.38949309111504
84.9326542435764
38.612985535263796
91.46676183336365
45.225995096872154
73.49941381665411
24.36305459709577
61.88726518957753
97.58030327194707
75.73418895435428
63.95273506552295
52.517467329955075
57.98113228539987
94.07296194046098
78.03838320338605
86.60001836239881
72.74105074954011
51.0554745046499
80.2277320176226
87.85322865629006
50.07905439964967
82.96581403514665
100.10717524279612
73.67119425897786
93.62400939341029
78.76577782839925
59.15613173922915
73.96463046269052
86.24925350579048
79.79622712074675
99.23122517218026
8.230349929513316
90.09506494118824
70.48387921630334
71.52482103462944
2.9692893628349215
66.46151129498749
89.53761002958679
90.10824048524817
81.27391090089101
29.9112664310824
84.60331743893926
53.642301305983764
64.43752706216931
37.446660880126345
66.39856742342393
54.03269719153233
66.9287915988394
75.91426951811101
68.96716714336837
76.98170478573893
74.2129472866144
81.65720642328046
67.69032755302541
43.58557390878563
29.02789927210811
38.685660161819456
65.94494218023742
58.885353818487076
56.130201909777426
89.74970034002155
96.5298491142651
74.87159917543367
68.01873541363985
41.13131401750651
57.44646647503989
88.96133727276879
31.947924394393585
48.996410478832985
60.684784245288284
76.13081634080808
62.73360508471939
42.34946250953373
84.33103214434847
62.71933489333884
70.94727582765746
95.77148735054877
99.35139732350088
84.2914655924148
93.49667789085736
43.58795194517926
97.9260655573813
45.22679638086569
11.905891900815504
27.742999240566842
83.56383516180274
16.34394367117897
96.13673872998639
45.924805360801415
42.181827242953865
85.53175814970321
30.090971327452657
77.53667977955105
63.473630037520934
58.102222300942856
53.82097903434044
28.566229338227313
13.54972031223684
95.83817786018
52.30731093877598
70.10055727187876
97.77162710639547
61.656833231803304
76.5772836092717
96.27443476480038
80.77868175857043
60.8828995597033
84.3195386943369
11.243540697911012
60.67218665592855
82.65214392335812
70.80721704544409
86.77691614407334
36.66695025600431
66.31300229641553
56.582181855541684
54.980608944874845
85.13418223970079
83.2742756594288
49.16688311569627
95.14151054493794
94.93448203034687
85.9862902961138
84.69636118672689
46.995494531317284
59.90483141858291
83.59005654523979
77.99421166050513
85.03923499065897
83.1338810798904
50.56963845824041
85.60435558210872
91.51838615493205
33.56403536104994
93.00878918842892
63.15906089607768
47.0233803435264
100.18602060423227
90.81146645750795
79.93702684143753
83.97924456776997
91.11250236533688
83.78231245881378
78.33764106912238
68.4340614691045
95.7700422218713
61.49243541402082
76.95656767926553
49.78243227786171
60.844888772624174
30.09430565216584
25.244236984545722
53.12463147838987
51.82101768783315
99.07161204971915
57.27315423332496
58.293220316347124
64.31250452027514
64.82697039901282
99.20017629466535
92.66420104612033
45.478538513899984
74.25259948267097
93.9377179283652
70.49018268279691
72.96830046690432
29.918119125586543
89.232641572921
41.852303875973625
39.3818367434362
44.87076205478458
29.557931611373192
43.507320894844156
28.647481524970317
84.46321739009132
90.73706254763243
91.47328829217756
77.09528760858771
74.07504226545666
88.88577315489931
96.91270311402832
87.4839964451123
72.78200513700565
94.20153134458653
61.711516862360305
76.60006473186142
37.03038951640068
70.83736100019186
92.0472021374141
85.26762819281028
60.94367670915145
62.99096163691879
87.54336735541412
48.772648529093686
91.90644169959658
59.35036285670604
81.86901139803302
90.24922882341512
85.57173631043888
89.51824472767949
86.86861157011366
46.316251908216394
79.46477197279474
89.46369221035913
24.752567022639212
78.69813950040056
18.186765273077867
91.7639973632854
87.42898387164027
97.1249128916054
19.180402356409544
95.96254188945186
70.18878835983502
98.22303331877231
53.997320133181226
47.35817426699644
59.80843336085103
67.39670966117622
45.40133081628761
9.435104442252715
68.5228499382452
70.61336282487335
51.110660953824116
63.42803796356679
45.90294847444047
99.91156035721527
69.70644051788155
89.73865896443492
7.490306697772796
60.43538803190342
50.52119448586384
54.910901964381424
78.13237170656716
65.38484192686984
43.774802794301635
49.338456141725565
73.02592789623951
33.141630168762134
63.7610787775109
80.84517193403451
79.89964680560618
37.54802223030889
38.39804133401409
85.62996215049596
9.10005617248001
70.46956940482318
33.65101264499647
11.308853726581663
78.7636798318875
68.31128699143713
44.26663604387538
77.65388255110376
61.351378147127896
47.043327605560876
88.01676579988819
63.25465777619179
20.27957248448834
87.80109516262051
95.45343117271415
56.80160436851513
48.85619923653602
96.25294534949576
93.65951627284994
82.41746811211004
65.41956663918899
60.022620262795996
52.291056874924806
82.76881945186415
75.73546911093892
59.019470311973464
64.68674561437419
67.00171079714066
68.83582207475615
74.13498935511184
64.3587010830667
85.34706603633214
69.51123097112223
88.48534279894866
93.40477650579746
83.65897627065942
60.43452745902865
68.20028174035258
77.63867151159131
50.915482722313754
89.44870651971796
88.45234869108012
68.21624445679306
77.93414331910195
47.392051972405646
67.47626727598019
92.95107524468348
66.19218985437763
86.2437786262077
53.39719691828429
81.04923522060382
37.41844476327407
95.81001685155631
58.07113957020068
54.249811205060674
60.58158184598301
30.574247683292118
84.9319840001744
92.36617268174884
68.46002403663594
58.212211449409715
29.399765600277235
75.35302378840291
92.10041772875742
69.1315328506854
85.20082371211122
39.46550641708115
76.63683849364234
19.061491579358425
68.9151118645025
91.38313091344467
34.36400269975106
30.308683376668796
13.45626904298781
92.33865180398061
76.55178373257887
68.62632589112606
27.864485458644502
73.49091180908269
90.63822467430535
38.49354183990817
48.70987607157214
77.20921444832588
73.08362036970723
71.71605809943294
89.98965532604929
19.687779168760745
8.954835404788756
14.901890861974382
92.24685904803545
55.19756697751755
85.58220220242977
93.00932533568856
67.50109796622615
72.19795747244406
46.54161238277272
68.85051552728976
53.921823544557824
68.84249143351897
91.29245002142532
88.8778820360235
54.72329898678646
67.79011783765596
44.51625255366423
62.016116928054416
12.978586944018463
46.34203396799131
63.98113840061723
20.447520477203195
75.31392998821605
59.164908004742976
60.60396341690574
96.84249592971216
95.74246956601516
99.80114949741181
61.12005572158354
51.83417469347306
82.24955047440957
97.75045022559424
41.33334063308338
35.495265364091786
63.644305299462296
21.902141598683993
71.98145327239244
45.92491437580447
91.64166095756067
76.05877609885918
66.6287971066592
77.55435369933168
92.87659529644971
80.4227088759818
74.25224966996821
72.84329997735276
93.47882601336565
59.533347045833025
22.57456587416092
93.3679823432041
22.002112671984435
58.95604999002455
63.680262070155365
75.95051615025884
69.07620794660959
96.16923201562874
85.66993265070205
91.12042210130622
90.17755507255832
84.47713695641335
68.20361032323042
82.81026727404506
89.85889652575729
8.898662404516497
32.21264439945865
38.143804483538176
95.32540918757213
59.37639335757524
91.94460381310488
32.23057547211796
84.71762888623405
85.20242495482174
44.661780741580564
45.2419127143457
98.81395695245934
80.24177149624916
66.71448738414875
79.51321143408036
66.72368606036252
54.79513143977021
48.26590848606029
81.55481612743206
56.186115578134135
91.00966404630553
78.15336097050297
76.53779373836203
96.81397834838988
46.99145251134616
20.828073706684922
67.80903703023439
55.295091431068336
86.6327152662252
73.57613561517849
80.36912943462414
69.03039209527455
89.3165520594001
83.21358514590452
79.98331300573332
36.73186079100338
82.29673208899797
31.53621047591544
51.67706183260653
62.59314230102932
17.12336249673536
17.685769176525746
14.312206045784322
90.02269823072113
87.48825636117208
51.716767535792506
53.497185331014315
60.000788175841976
61.26469542057962
76.20398811460612
98.7040729421427
79.45773739320357
94.89106645634779
93.59595685578171
25.107280548043523
74.53605002626612
42.44620518174593
97.88373521535397
83.70092358386077
74.40192596156092
41.222609388883015
74.16166134032595
66.65666490622054
87.85174126182265
76.64357266066615
78.95651371401532
96.45256905659107
39.15441529489552
71.71704965424269
48.70432531972706
95.55113556262299
37.395517130276
93.98420742662846
86.45020984796105
56.80653735873719
20.80559150869981
57.219327398180496
64.70548875399639
91.13943483530421
74.50169998632461
50.730086916384
92.80755781058592
95.73488757676544
52.60220079489389
73.41454231730472
90.07467819096799
23.122304726471487
49.298785394406714
62.961152254107525
90.12883384140129
75.87125919955227
54.99788824925137
86.67069575944772
64.69400221154216
61.731716417555276
34.57833216825321
82.19036930252892
36.751861747234166
76.9426500439575
99.87390500184246
91.74108238904502
11.77551520455488
15.063542294413493
90.25821160818315
94.67569242442212
25.571560311792624
10.036423425209826
58.06361122950231
68.23546698062776
46.528104124506925
97.13891537868206
38.55074365910984
81.97427616855836
90.10745021022332
40.115201852027134
47.10352991941399
39.02894505962442
97.03167615571023
37.103235386369626
52.135402137361744
79.94836255575758
90.05501034377728
89.77188518799761
64.23609437371604
62.72683314081635
42.94142498848982
59.00877940013335
50.92256491296481
29.887580045170996
78.15387088888534
77.0731385642832
65.26458426802017
62.871179841426674
73.87073842520776
74.19126611601816
94.41211729546926
79.71484167360471
76.82841954770677
86.30004794947003
98.89455910520954
97.22416022084451
82.78428449139125
78.1005509898213
36.11417435657708
58.55424627207462
98.2604321197699
34.33026301982555
35.96437437727392
56.48526665841007
97.7415734993968
46.63175448340853
95.7755435230412
90.8646966861324
68.2175155134252
47.125269172817895
65.92935544116071
62.56001447808913
32.390987468684436
22.395104691899594
17.93739388317145
51.404558416489984
47.05900135899025
89.62090768898454
68.6799974607405
59.17495934302712
38.941459673418045
88.67369194861931
75.58150604205395
93.51237751031768
28.77872500007992
20.682216538443665
82.80342550410919
90.48842639169942
51.8847402377456
83.86245167540245
98.477398811154
9.336916593238989
82.42791990034436
20.044897293324677
19.077458366209196
82.45890333965943
46.366618181974594
98.63071448383084
63.64668315047727
98.31595942764075
93.6667472258383
43.33800696793291
56.84648129105983
32.62663712960485
44.38400215736646
16.056500994188063
57.62548381185964
72.07364676946042
85.8934206353153
84.26008965283651
91.1657367681467
86.32681684833643
76.8975043668016
73.18216464841487
81.349485481749
72.45380987104964
72.62344469476315
77.33509649165013
87.53447194643161
88.48449825091977
29.486528447258582
85.962089676991
71.38448976007977
7.426178513218055
67.88122970380365
77.86171303900824
75.6056725592766
58.25304852232648
35.6243381288378
74.68537927270256
95.74175933988363
18.097357864685737
85.25172578476983
93.99547383236495
3.296701569000791
70.60308502455446
62.551386972860044
78.49216516178838
88.24503210665472
46.24402782224833
94.73364086276761
47.83667816556085
84.36801827738059
82.11061566092071
41.246492394209284
66.66945666791514
95.03764594706365
78.50086012550035
43.14814630310273
76.64167206658101
96.29344435788379
97.20396369819842
91.27602639689863
84.90057885692154
47.71806790490524
58.822340417657365
92.1580021294195
77.00424878446883
97.12414559500439
53.79649289588668
26.594472911966832
33.92443939854587
40.179843809645384
92.81743115765205
80.5287591554306
76.63176369526686
91.68985066106222
95.24409901525098
93.04921899366545
44.65084427255875
34.25052819385101
94.17924183917401
89.32865727677483
38.958989020684996
80.98843853263908
51.503702938651735
89.50056572688766
29.742141288142175
87.1226252176199
24.424871625712946
84.74480997619479
27.689979975205592
58.731278295243854
87.39811682656769
75.10817641428645
61.85396165013519
66.92101654225263
97.77319728632715
22.458909882716554
32.39911768646403
54.6024508928663
72.4639581768477
48.792914467705344
24.524275017909567
36.75056989450071
86.17085775307312
83.7161765991802
99.4714570186789
86.15269841231952
98.90089999639942
53.10449451798521
95.20195026981325
76.3266518848236
71.70834155735608
85.16776421952795
99.31030586309737
93.91559023327582
34.65067668952772
78.57802824965297
61.517945334689145
51.677992601623494
100.00414326381716
77.51724455869814
44.54706529361292
47.8364530126668
31.657709679653085
81.30696555357197
23.314781672282365
87.74974658345216
49.03102924345475
80.08636061886895
94.00543520138764
73.6904491016287
86.46516435792978
47.54966754992733
20.251943401715653
63.32651847032023
48.63264382618438
77.91197000473886
42.33906117514513
61.65028895691253
56.64158415167101
49.51978107436678
87.38980213155976
83.32511322887734
79.93958883691465
7.5005877554734
43.158386454809815
93.00787528220309
76.02180073916333
85.3303677822574
74.54781712454584
71.50486659827664
38.794475463270835
63.578380674850564
42.471374405371705
83.53619332106594
32.714467563646046
98.22543248208267
71.6846464989024
68.6023052770974
67.29902996316852
58.51958107779791
18.098756536252665
62.63160836778263
94.62423711743737
36.061535663249735
78.54129787716215
51.1684959631624
89.9460548914615
80.64108330112263
28.326656672609605
70.14944273817441
94.6570937698772
41.896553566847835
33.60887950545003
69.84824712803209
59.707855703105416
76.5497943382793
46.64212082616076
18.43373903661427
94.10779165109068
42.59176202499886
83.30143768567667
48.117289006428166
97.1971811103377
98.62493455125015
78.25280813919235
57.87412820906552
61.450587559248866
92.7718642709558
53.012785783175694
61.609162770701545
75.061618379483
69.04053502716147
65.15764081478517
99.31171539617128
99.95302972726883
87.73524116783712
52.647806140894325
28.055463738124274
66.71420770147591
43.54854453186946
95.09305137720632
92.68073019907114
57.419705236528365
28.07039781263968
89.20963065312739
56.4992113433812
60.15279221285017
20.920872307192408
82.1331057180146
76.48267067116852
82.7616453135941
98.1000967351303
94.8459583254699
28.344015884886545
96.46312203952095
40.84746263800051
56.39785047890265
100.22569238724768
95.72453295022098
21.61285755139345
44.12796426445688
71.93321218675527
96.41000151536078
79.55371152452861
70.97205861845889
77.01373374828434
87.38105545065163
44.4311596686155
56.743998500608974
58.86697605285217
96.31534279115473
64.01436274662525
55.13829398421225
48.24380548196351
29.185478338602014
4.075502628615265
74.86262203282273
96.08945932343438
43.88908890134865
70.35117748036282
53.54342296213552
77.32313925951524
87.9448065987416
80.47208059225616
55.28327164009247
96.64436032557552
54.7768274447058
85.5494278826629
62.87918175554759
20.997083847668
28.15945172409907
63.682338882634006
56.835598338692215
69.83045863566664
83.3801190043824
82.2199435936621
23.0077157399597
62.14976781301256
92.73164417165472
80.5045632454052
26.351856523551163
18.46260720639203
2.2039059708159097
61.22382363889233
84.72174517632604
29.89927019628076
78.02217295311392
20.295081895371737
81.69443348441956
60.2088729371363
23.72657474513082
74.76287450035962
94.58429779378298
21.780740950458732
55.37370726960763
91.36039732537367
11.104089292143131
83.09430643891227
76.03747293381102
54.51717842847628
83.24070523092513
52.790149718863034
74.72645489082527
31.788944636618826
95.88530086789763
93.07790641828733
90.5594131561968
31.428100696505982
95.1791066805933
61.40143908046737
46.55725672858916
83.19955309773219
98.15704392568375
11.46225002197268
94.84005731376183
89.08472452967466
38.786130223921035
66.2684193426335
68.63073521440258
63.745203406015854
81.0787821582892
85.21026111792806
78.62437949742603
74.20941243672826
32.39161581915974
40.84797712564426
52.82426036192097
97.8891267054222
98.14063238380345
94.1462917415856
74.57476268801447
31.799527545230408
88.22736222395451
32.820030041986904
79.3620127922962
33.48780343093546
74.83531370922691
82.62702865414538
27.85514371122266
10.071668968369503
70.38781637759126
50.66084134733991
79.99177076602962
87.78247133966833
96.00485199912198
96.72661189225805
52.54353255661991
91.53071714873734
84.49401699569619
17.366598923484574
7.767018401156
38.54631559630737
55.04726600511286
43.496811036468564
90.12176878121849
75.84955119325295
73.45877358284473
98.51385896931527
72.48741812936053
70.74806712596657
79.44334870903367
78.5429113925925
94.64321904839144
56.40086623441783
84.91582030878864
35.7050276304788
81.26478833551371
66.65506976839283
37.084376339169026
13.217992318709294
89.1069170974495
59.99723142165241
67.62945539556277
74.82420839224936
62.25764436321952
25.139711255887875
77.97409495665906
90.75318181743145
81.31391950217724
48.17525077540327
65.43611873538917
71.06172005986038
95.4874000896841
11.88407227554896
40.66688140207218
86.41402444943839
58.50837837170793
42.03524294619649
40.16509812614905
86.39958763108363
