2.0714916886626935
1.1284246350605043
4.361307884354834
2.9552240588480614
4.612018752037044
2.8141237903594054
4.039460239682558
4.380432030669836
4.891263694750788
2.623071383578166
1.4576575754168857
4.678027730073765
3.7440140334649716
3.642315135599643
3.7675593071173243
4.942071133120803
1.3102124649129416
0.40785015570743965
1.7789468048393418
4.281990888869842
3.8726303694913318
2.214140339920764
4.447975515910279
1.1594893646553448
2.241238989141288
4.421329244033474
4.04295215348839
2.0094854770219945
3.3550013382648927
4.676195047734232
4.845044665313114
4.19779172425917
4.0100029658989635
2.641154853195088
1.7033883920212294
2.4940205104551945
3.3972783325625753
3.4410892382592735
1.5331707593426145
2.7617029483639537
0.9013092418825058
2.7914772336655904
0.39449386788830765
4.546169108441507
0.5110396723834414
1.2026257333845563
2.5612346030703024
1.4932668311566648
4.703007675266452
4.396209109210045
2.8629107875956756
4.914003363905219
3.193531912129081
1.6059818878655778
3.3470999048386463
2.702508009499275
4.199784486296974
4.409826689489662
4.12424953462315
3.148995484298525
3.4552061558063794
4.374401322982282
2.143576786845797
3.879782309252029
3.5019959078145404
4.00022209006507
4.389981555801146
1.3274137976113831
2.309964467307115
1.5487036456855658
4.830232164632844
4.474512902024689
4.284979894854313
4.867564770517997
4.499187803841362
3.8903656543477685
2.690341218550945
4.127604166282162
3.7081348875884697
4.742975515509504
1.5611312332678078
4.629599510808652
2.0722044154732946
4.2653676387691615
2.032517961941906
4.883437217752123
4.9147472958312255
2.9694175089790606
3.949809734115332
4.107111654490639
4.115034957125307
3.895461728523645
4.247339389035993
4.6063167961520515
1.7650117695295175
0.25464440231821583
3.7186863215664685
4.722227838120184
4.594468844965493
4.916484502704677
3.5412986686261076
4.664089627291614
1.4483387596555801
0.7004790658353599
4.45081585924489
0.939952458913472
0.8585625371065086
1.7389292816972695
4.9074087013593415
3.892216998140709
4.818822758628639
3.812466317400633
3.0293136170074377
4.030655377699481
2.9457513698739812
2.551644537236522
2.6661557587608185
4.623528929289165
4.069774246494402
3.1477279012576656
4.32220735160406
1.7026059014035773
3.337144864212368
3.6893760087895715
3.8094876134205213
4.537737311503517
4.885526281810645
4.912075176794958
4.701813684701678
4.3561030639180105
4.751961588460801
4.819398364072152
4.896354836713635
1.0808096776813831
4.297366535124425
2.360404736700096
4.906659886934394
1.6843138437825735
2.2548414019220773
4.250738276334783
3.7332440119578014
2.75230765051198
2.825412112666909
3.887505013190301
2.296952237096706
2.5465142650648347
4.707130169773354
4.772383679220601
3.4774758025905905
3.6734887344894265
3.1114975026740064
3.6265990053962316
2.3412409074694773
3.386313075985085
4.419721142809337
4.0168667795095905
4.2745406156642245
3.2356012069284157
0.9552749793936736
3.9993226245559765
4.60605194600838
2.8041981017141495
3.0053510886828074
2.476909110667814
1.9313371544611502
4.052222888481247
2.081971548768831
4.3963580511722595
4.560459038390463
4.961314369211304
3.010194642683614
4.362808868658828
4.334533159434927
2.185936228313576
3.8296918886437825
3.4221072747571615
1.3217619857513563
2.1074156738180045
3.790020942267562
2.090658892283104
1.1295090431227046
4.994937933331277
3.48374994252898
2.6612311095452776
3.70892657365323
1.4890174460892187
4.936721083723195
4.0953939859279185
3.658180080349761
1.817884824732931
4.706065371663495
4.405503697425621
3.0464809470274035
2.508274179256157
4.904846297580367
1.8539494554155418
0.7853909946852176
3.124631845624247
3.5340870924277428
4.523670301100011
4.289649886910442
4.3837465613969195
3.361204884167703
3.513097012643827
4.4274315533102975
4.609155392389286
1.4630561137310005
4.9853920404797565
4.678989899872822
3.9088146428534545
4.4600222212444525
2.6203397962008754
4.495366042462827
4.031254927053732
4.592711446890271
3.983712362988815
4.72442796646002
3.4663209607409993
2.975441753570192
0.9293906156565278
3.456897184721162
0.8741262590159248
2.382395606184828
4.371872702120365
4.660986326719765
4.889011849781991
3.482339328721111
4.061933809896984
4.378643734181529
3.113432071057791
3.381696341861654
2.756244498574266
4.5365560301384384
4.96405073828557
0.969444144656241
4.821682884356943
3.725815810617618
3.584524065499543
3.406996385104788
3.023367504467742
0.989517625279998
3.7844794570692097
4.6497959832617
1.1966463306867785
2.9208533567879935
2.023183570688775
3.31800620257193
4.93214760015608
3.5876320945674087
3.6802948991655238
3.93466641158007
1.7386925893799616
3.8543595962749357
4.425992632698155
3.210567891202362
4.1616655659328705
0.9596397477668608
4.785177239026863
2.670196554012
4.658233149680974
4.954022072386958
4.068274477842383
4.706238484285735
1.9859719752794476
3.882378369220984
3.4389959713495895
2.7188356690012294
3.7377807198489075
3.986823779896829
4.8515406011156035
3.145405379348753
2.840177968449617
1.8867230065533938
4.506177382062321
2.7705206607665214
4.6864591981166495
4.844902861841296
3.1218574691606342
4.762150081445575
3.5928059362582885
1.047627684992408
4.497864856566341
1.2035646872685997
1.8298522603194012
3.521457913277276
3.727759760913277
4.362151046374246
2.8071700630813923
2.510175844735303
3.8953183853102082
2.603981773875016
3.606784150660514
3.282188298226524
2.1933582131176066
3.035636624003641
1.7659963073481864
2.329658348653699
2.506160472349432
4.790485611817383
4.584277518464544
4.657550460540009
2.844652884621521
2.307859911461442
4.1556722560695025
3.6113914754750014
3.255414936713685
3.2101735487666203
4.74886691711446
3.4213701181604876
3.454752281246172
1.9645968560291382
3.638205257465359
3.9298898018088892
3.140943097714005
3.5709778982996916
2.346676146482824
4.363729233587398
2.6593123725030687
2.379242183509175
2.035084414317531
3.94215719954519
4.785259565581433
4.7899946416727985
3.3028720662267492
3.231928312621209
2.5090789681703916
3.636851834707205
4.252838949404488
3.5205611196566373
3.313902676794281
2.79775230976098
3.640731856012447
2.2629125962677676
4.912525290642504
4.229603923252942
3.459677551235444
2.296359202121728
2.900153835641824
1.8598059846413995
4.88255925910636
1.7270989810403994
1.9540053894709115
4.215156098076139
4.937752363261313
2.7501117127953085
4.425616168251998
4.576050256552192
3.3284894850819984
4.906015522370423
3.946061939277517
3.4403445387140783
4.5547460939626365
4.5192127432467215
4.956349440108533
1.4062566811514559
3.044725022047844
2.6361552037345812
2.709755778777552
1.9909090150220978
4.805095228546688
3.626200820095903
2.346192837026666
2.7125303615697463
2.3021626637322603
1.1366624366906604
2.1483380634180276
3.872146534882811
3.622266696260284
2.7824848331345047
2.7811075901101794
1.3266153731912664
3.2884845624157566
4.948836324925606
4.865333360789808
3.386789290837812
4.67955896583491
3.3323682591638666
2.489276409782528
0.6690198969228808
3.1512743871301634
4.062201577082738
4.774150093629445
4.399424731098602
2.4129994921496265
2.0208777147417365
4.793859629185171
4.0339841131147915
4.680777358087373
2.2685987297945562
4.340693544393386
2.5250020860156526
3.089915976865949
3.1700786126243963
4.136478755597594
1.3012502405250825
2.8316451442966235
4.962205148857475
3.533254751846638
4.4147424011175795
2.5371345855241265
3.8266237600439768
3.785197943796184
4.255537976134449
4.920069451153319
4.457372807586832
3.152477798883626
4.354094809823667
4.751564154850005
1.9336349505194355
4.789802783270315
4.080482452442425
0.21822003472785423
1.1122447626067304
4.8465099974730785
4.280163888838025
2.9979082070619536
4.831593840958487
4.299605595375742
4.39946225171382
2.562587052995938
3.212417964032869
4.824658835649134
4.451334259112333
2.5503166924859424
1.7989335897956742
1.5015462461441678
1.0922221689071325
4.704903643829402
1.8262881225931107
1.3012579228146064
4.441953942324762
2.8026923128996555
3.821036795138586
4.1589082554654695
4.340041027349315
2.011270626296932
2.375433043512823
1.1573447215398132
3.56927881872548
2.349680791984789
2.791652297521385
3.688952640083635
1.8707497574979988
2.9618175454062388
4.366356443215386
0.2905650100076944
1.4660002851332599
4.444388413507413
1.7049544732424686
4.28409904559704
3.4596564270494308
1.4864169903828026
4.335977842778189
4.464168790788408
3.9107257391924914
4.9347534542728
2.715282397966592
1.8955340720899876
0.6607682541867935
4.161760542677272
2.284503588690222
1.1161453024589554
3.9502525252362193
4.539163649312132
2.2446856131762485
4.263443358266222
3.644049264832284
3.409928958068894
3.735110126960865
3.7751603261088196
2.630896044655162
4.269811214242153
2.3342880093337617
4.239830420547234
1.1633804206866596
4.834707837970091
3.465561873089887
4.1844079528168185
4.121445898686813
2.617526181811215
3.437011676196623
1.6811532172945103
2.6665860863206543
1.5401041153001247
4.862817987156905
4.457956218136166
3.2264849930762525
3.6057231776668783
4.146982397044396
3.365143458846814
2.387142181644268
4.944625528058304
4.374673789587101
2.7419421494462366
1.1357149575068457
2.028585653660938
3.187557614558308
3.239324490560339
4.456293407342911
1.5472158079336071
3.1795875097396555
4.923158651120676
1.8180742154397276
3.880001995108991
4.499773016099839
3.1864755695197964
1.2250603230639072
0.7007601776956169
1.799217964298444
4.381352282463183
3.109291743906898
1.7916813040853787
4.015759744633429
3.026704669934813
2.4909578364840286
1.737193858246099
3.9089429542482375
3.7480119575519035
4.394995304329735
4.410615117200504
3.8767226488923856
4.476472566468897
4.639156952130437
4.7774085557231984
2.338542923006236
4.215455173901615
3.229696044826475
4.328841404142427
2.3877085141940735
3.3750697308758295
0.9767615019784056
4.434714603588401
2.735841086719926
2.6531718112806257
4.002903539689384
1.8124301380254548
3.1369066298882426
3.666392865730932
4.863977367302729
3.8161928781000785
3.0384286670359364
2.5945836229127504
2.2646059841465234
1.4937029618054949
4.196017802794727
3.0118168236104546
1.8686246906553494
2.7390938809300347
3.2432241703830984
3.091521402256083
1.6760898099356796
4.388090907377526
4.657742348706349
4.978354435540785
2.438903837338729
2.9850985874062466
4.580163471963465
4.810637115069605
1.6504868657110816
4.024920413457872
3.6000628851629393
1.5202279869319602
4.920795339495478
3.1476077538625096
3.3952000033557224
4.380525106392881
0.6543267984257721
3.336041465425325
1.8038003341358781
3.907832222793669
2.6731023522243404
0.8216612144934926
3.548020229662426
4.781016447089676
2.4858748869288947
2.2509799132677237
1.902437234047378
2.2979923950338157
1.3481005983751246
4.81410373788428
4.843706762669736
1.4753286045086886
1.6182261516628438
3.769295819675102
1.9706604331147033
4.429409385784987
3.5902457134538786
2.3777409446424183
3.832805683464035
0.6165313174852441
2.785408523151046
1.1165061066929487
3.343639797452176
3.5288717353823698
4.8937582631725745
2.817769530929732
4.405651871835866
3.434678101857889
4.756952631376771
2.048932408951419
3.965771426871092
3.1547615002202174
2.595695203398102
4.935381756495264
4.029063203499856
0.6020031669398312
4.3047732608580205
4.015894751931537
0.9544716044917971
4.90924949805484
3.861294202526397
3.1373126441282153
2.1524084442066393
4.8606031229509705
4.091234137202294
3.2823998888949792
0.19690082078188287
4.580769797327098
2.5452819985532233
2.2130284587956313
3.275639649328123
3.545116426941744
3.2537589124834048
4.730762673292022
3.4830934827105575
3.946646050943535
1.6245423610909306
4.740596687905484
4.13601163046191
1.988105033646483
4.839201815592646
2.043784647353057
3.6436191002635088
2.663572411331882
4.398367296747607
2.895385510976857
1.9397636590299907
3.9539856757150456
4.922173442834662
1.9409054168022994
4.001323470632545
3.0728338846401795
2.6246134732871313
3.5521235796320325
1.4592157888942416
4.856610513814219
4.699353580162041
2.33810523283323
4.87498363758672
2.066983005779679
2.2209481864145446
3.2866975877576095
2.033170076358315
4.441332412783258
2.371999025036906
2.194379020854945
4.083521379554139
4.650453386296136
4.9075026262230645
3.2397088042286675
3.4786611858288823
3.594796371650202
4.617531718726413
3.464535671566218
4.659917126220551
3.649403453417746
2.281681543925967
4.795947498373839
3.4889364523503303
2.0398840620242225
1.399422653205538
4.632680495170228
3.567792762578406
3.069360415259212
3.1970677355656982
3.7171838682890685
4.336048943054661
2.947221470749622
4.259058449502659
3.9193131182693195
3.17215998042583
4.120278958862677
2.3552182355026146
1.6970017692119048
4.513422587855844
2.665973487260434
4.877914175215703
4.70853479608411
2.773761747504542
2.2837123584428665
2.6797203389254802
1.3933730919766483
4.026889222671476
1.1705025977336732
3.7218734257790747
2.8977362315498834
2.318035212869033
4.548637075549166
2.7016618754115345
2.426502049138351
3.130534975053879
3.8461971235903936
4.788785247290198
2.3301033591865843
1.8999632217028448
4.401840104027636
2.642515344960264
2.0864192872771907
2.9715804709370435
3.4105471969985874
3.644138642804751
4.8326984752529905
1.6626627367417013
4.910460843758726
4.292865177407678
4.036519417225649
4.381806244951381
2.396796921907219
4.105461546627073
4.921750293469992
2.058794689897165
4.736063472171945
2.032145948519016
3.155703914031988
4.321884886563446
3.0321476118683512
4.324247134336629
4.483958699428403
3.391241906331718
3.7062150105046925
3.9025690267511224
2.7203438250773524
4.594297576989454
4.856101723911157
2.2157221088363936
0.3921723280302868
4.195282570781336
2.823111808444197
3.127122981052723
3.4102793309877333
2.884279173270676
4.934041551966855
2.9984975249937635
0.5475227216092341
3.9907900137301007
1.837243476880284
4.562456583841765
3.2653502210025303
2.5818996792315905
1.6787896345355928
3.9630213565855335
0.9399289444985282
2.324935400325323
4.667096631659902
3.8614130224886996
3.3842346289654226
4.366619356583012
3.001240943619568
2.7505101279970927
3.9544458606254986
3.1213473118826545
4.105855659436696
3.965496371907964
1.2023481090897818
3.9495930378407738
3.779249362178764
0.979571231284333
2.8188416637506095
1.3103293305800057
2.429325233272074
4.977506524420231
2.8184131335945275
4.761091156517835
4.4613976595929765
4.873045466185609
4.7906210755788665
0.6965286171301615
1.2473001825790846
0.8966874538387244
3.9614975424635586
2.727582800789618
4.092121244499292
4.4077164029686635
3.576255034595363
3.8739689730703177
2.2025150904697286
3.131750050975024
1.6659527835397911
2.5790268957477904
3.6181624981960323
1.6970465186029553
4.452909536128691
4.250570662569834
4.818289399375423
3.954481406143792
4.818213098543492
2.001895822143101
3.5677163937067697
3.3986037462279244
3.151551177850261
4.090641897661517
4.368370161877589
0.813288432011935
4.294348675361333
2.3594801931356812
2.64439384840317
0.893002632914164
1.0506493843325626
3.963536468731284
2.545887655173239
3.6657144394435344
2.476728421812431
2.450721337017272
4.638799717802501
4.938614792309839
3.671680187906434
3.1370461572037627
1.9571363324282252
3.5291050941687674
3.2608131005969483
3.9958494015536674
3.667671885076667
3.3788135338124783
4.11587712415138
1.6132176628090078
1.7832948013020495
1.431229267520369
2.7996897507050624
2.6985894100451153
0.8251579644430744
3.4336850178355234
2.764546134255854
4.6864143078560065
4.902953497699426
4.8067262032558595
2.7354107738998885
4.7884554062508125
4.729499225603995
1.2320138522397388
3.4834239108614296
4.469308515008255
4.068489124808769
4.791217533153144
4.370304965359937
3.5247513401877892
2.556603606699955
4.727275622910112
1.0608722110451847
1.8696222637730329
4.646389373510502
2.466594546576245
3.0285889617472783
2.1258708286625447
4.245545399055998
2.8974998255578037
2.7973057704683217
1.2965113365814516
3.4014043355655277
2.724515137698048
1.364544833812228
2.531498402265158
4.688931082064312
0.7879642788415375
3.768200309550953
4.420113351644697
4.302484203285925
4.778112638428353
2.300661890472883
3.021298603931705
3.9315222597055595
3.710544465410639
2.4782834642772142
3.553592842817372
2.6293748971828967
4.831873219106736
2.394129921476873
3.545926751009172
4.734480468096274
4.5887953963950565
3.815054035362659
1.6907715057645143
3.9576261662422985
4.645801701875381
4.480752552611668
4.852558834278895
3.896760549418186
2.087717130967794
4.819185096245296
4.667699396230217
3.257931996160672
3.5623429401823867
1.9083804638758561
3.1229543114111733
3.6181219200535293
2.5561909673651027
1.2032468763282531
2.8159585602265063
2.7228105903063713
4.5048546456014975
1.9210674943814574
4.232762007202611
3.555243911159721
2.442736819967729
4.872199612849377
1.9233820604281087
1.8629603565215214
4.414703155899887
4.027837863159428
3.4820377588392035
3.337402443281113
4.493726996468388
2.951071638636717
1.772934967373585
3.236512172493636
1.8252624641433222
2.4111960133822787
4.236099992369731
3.6303756878919162
1.0794703025448158
1.9441323181605317
2.511284512039153
4.827138697407928
3.1037567551847487
4.332424161785088
3.754531107395219
1.14593510416897
4.78934998444526
3.6370760172211316
3.971329026322761
4.682435733370257
4.716511501590741
4.975292159820761
2.9057564650934267
2.8443374010078215
1.6637524667778225
1.1333141854796631
3.795131729344179
4.460322656123219
1.077143146319881
4.60726914210463
4.695106580042229
4.403536770849702
3.0434531254082873
0.8396972006551733
3.2519826661750577
0.927110208809173
3.3841138933551833
2.6613471861978697
3.9909775430961583
1.572017129813489
2.9679650901087564
4.921764395048648
4.312809712349701
4.463536131902585
3.243173075932821
4.914107832151641
2.953166497033451
3.07029242938531
1.1900590983014323
2.5549487572079443
1.4623108289840867
3.3940380305420894
3.760277251162796
3.5996224810380073
4.716807946469046
1.1319857208519735
3.7467173568137473
4.6148405145275175
2.1625272063459318
3.403733423770735
3.5645247829582503
0.4415371936418804
1.5161699121531498
4.165092482469207
2.1377371786008523
3.4107269258863453
3.080695168346805
4.6125635196860735
4.316733430543003
2.6248606288446816
4.054375391566351
2.554720823827343
3.9115727413558234
3.0789117730847497
2.536815425477926
1.2989747700789487
4.799531527173299
3.229951998369942
4.580017694662387
3.172643125699754
4.920938085027448
4.619878836070865
2.5117183527545555
3.756374611568989
2.074481275226286
2.377090103656678
4.852052721313864
0.9127959886886989
3.9574774987675485
1.9911483410474868
74.37786367229822
29.163338401777033
17.586446924253224
42.68889391411376
92.4473542772354
28.42663817838639
47.08779586410257
64.1889629938598
58.78372836801096
45.45703685855262
49.112716835806175
86.26998133044417
61.16115310965107
55.75834729774963
69.73072100223271
83.49276277311351
41.87634503424512
26.48631686707
79.07442861866393
65.9962110855019
91.63200702689807
90.55768476097776
39.37990634952405
55.47888744959268
90.76386089199933
89.79366971896543
70.83264702317355
86.47474295943002
75.23217748361576
43.785661204930506
85.35631012041068
49.371328350514354
85.0464969508671
60.19174026334584
44.89005783611514
48.56314282489521
95.10753468049491
73.01506821847714
41.8218276584107
66.37036307422066
58.25435704403284
92.61364869987881
86.85418906341918
53.719539390495974
53.53832648157134
64.49367827581067
31.475285868007013
28.198516100729464
80.06814719946642
89.1810452583306
31.910464746249303
94.39989252088708
55.995341668337254
75.90948798813723
73.68865192618918
84.37600392130712
53.63758974431216
70.59573481582078
49.51922710234005
25.088233750264962
93.64023191332564
86.34706585360367
63.231283454094225
77.357644628083
93.03491175843794
34.595204222144986
24.534201073655915
56.62996913136477
78.34311928695564
70.96167190358152
63.1896307268714
84.52589481359512
61.55542866081358
95.83856738916108
86.29051458254663
14.42117950758845
53.49234753961968
61.02984690586576
90.54000282639514
52.38823956451797
51.348522998938314
88.08148594755181
63.01439094557345
83.20427538949066
61.58131156967433
62.43380859934542
59.611045156695425
88.10461304972458
39.83549433697363
47.10749261589778
97.09919612037285
77.98398940986183
88.19895243670534
68.75549400404836
72.52655367289258
80.41252923107346
39.15857178771438
56.79309783380013
64.36406241787164
25.39687395290862
84.75941305936696
13.759294376671157
36.01955651732238
93.88291854840841
45.76218526028614
62.92608298614882
68.59039000586905
84.47670709233817
38.14504587526008
56.57450717566641
85.46682493196124
95.40454891255352
29.583706496748164
43.397968003196596
66.80847025184366
46.62052084584772
51.29816332936028
57.65724657014208
73.82388554358903
94.62827486816742
74.20843539760307
88.18506402342209
86.42495074944328
99.1723615523543
96.39489620892348
71.53395699304093
52.100224729372144
23.737841921610546
98.50665961779487
84.04797659841721
93.73126082029107
98.26247598247667
73.85586731686905
73.00908531493074
83.62009058724382
36.9149966750862
67.04276632155111
95.68851419347324
89.87013940797088
57.375321193530304
93.28806449516127
95.34089923848404
94.26163541170732
40.419083302526886
33.3731042149434
67.32989508199864
83.57847248804072
44.06081603794269
89.12637775382281
90.65554696857122
99.84258397915765
94.95609977746578
50.39879209275757
87.3511764377125
6.837165321285883
47.333686192927644
37.52315385136263
92.31609862785221
66.74670448512255
73.13339911677512
53.40943296283331
34.48253704260481
48.61129649514172
52.09781536395725
58.15047069249354
45.08429445802711
68.78177341527176
38.189661331510386
54.556049296526204
75.14030558718325
73.14357988325304
56.3349876855528
71.31704193824203
82.51554986498232
39.34965241370643
98.16257486244207
38.650866243625146
52.29307252387693
71.16174266415504
46.60377418822942
82.22530215999343
93.46077982657464
98.04722554381954
93.05893328482941
93.12757962213588
70.78576983152504
66.87902343512853
71.5929641969287
63.26247505963566
83.40889792603646
19.5019491145558
86.17365534623742
63.902328727888225
43.423426601880685
64.42252614596839
81.44036093149663
68.6580613370993
93.73473083917109
89.36564737087615
88.1462268163418
90.62027867635133
62.31100265317961
41.873065924493815
98.79547024546521
59.195526893240874
76.52222983501512
28.741258992160578
70.5034987562078
91.02255451319559
16.206535231684608
81.68910121797151
62.08191728200927
39.93371837415645
78.51024653394958
78.55229288021701
75.0537853939183
44.91189657861277
55.02575133512994
77.38047843142215
61.995005446391424
42.05930465244981
89.71332543963295
67.66710894124414
86.64676696684292
98.18030410656874
37.839971825936665
95.568177304814
78.83300199415379
89.09027521221536
66.58500526241383
92.45644960236544
66.31365089796515
83.4771731512953
95.4506822039238
35.39421927018027
7.316438797311776
54.74791586768707
97.97746454924685
78.77169720436909
53.28356447054692
59.15361676315612
53.114526005910676
21.770059378613656
50.81890992625678
42.915747570808016
93.91729216293092
78.91197303436
14.909948111116055
64.80224775885254
90.46943490883139
42.14188653474738
74.25174884771795
31.12140198182119
70.21684204995897
67.84223914531078
55.30190159574322
79.90940221937092
66.22933562806543
98.92409066796819
67.24598320528531
30.5599456320684
99.13798757650076
97.31913588470799
97.16087589619411
45.00640208729844
45.671438386016476
37.90026808677583
99.80960525335553
68.30910825748133
26.55247369458106
65.53076584609634
73.68601119424535
43.45251127212539
32.18661437617613
71.42526972831331
34.52590115428164
63.13301816095323
70.63980079851453
77.42383060186124
28.52689455780597
54.72553344702382
89.62258651864603
79.25169991918081
73.87618375001317
97.0075822867532
95.62611874329895
97.83513992773433
30.803590375542708
88.15062747105053
32.40483046585911
89.0001255239311
59.38928459055086
43.0355861550404
68.19399077768936
94.42312925498399
45.426562682547505
58.09737547722151
86.25930394499797
90.90471329457408
80.00639284008878
91.6075244841973
70.5353181337817
37.90411708755542
57.56664205789621
24.21919963294107
87.31013964902311
53.53304894171036
77.82288690734879
37.42671071623893
41.673296377821444
64.96814966009194
68.71277090090898
42.45542187533371
94.52825588749036
43.6906192989145
77.41344469410065
47.53357077704119
14.482504510931541
88.4433888661175
54.303317109050084
93.10777978414326
75.1762916789406
31.65284064601369
58.26608125022535
94.66576248694018
61.83000584560842
73.2813168260253
68.7007257219374
32.45309622381005
78.50881269594956
97.7506031179638
83.67432883237974
30.394834346304823
83.1057811046646
40.49103723148371
60.35188604355149
38.53082965711966
82.79112727598316
52.498412829182236
74.73486975600329
58.098557638284035
80.74637719363905
34.170752579492266
26.304451955496194
18.521892923971123
96.6334543541878
92.33180887428466
83.72198344863266
48.601857967407234
91.61173641248892
52.02313200984888
50.3500136114277
96.16880163467881
58.759832968846645
77.71120851870752
80.72852712483284
95.87958181294161
35.70041894925058
19.347967006853956
51.28999730771139
91.70102816851362
57.39236287607913
95.96052107355976
62.720515121038225
8.818751754986428
36.11675429609132
30.72417953171329
69.081434834911
39.54047110721372
76.01251600717052
28.101779802209347
68.42369719835062
68.3881212612278
60.80964365840625
99.29920122841081
90.55338979485722
75.85950440836697
13.366027726020526
68.49722134389755
39.644046919338564
88.34990450333656
40.86199285006062
79.70364584840952
53.004279266823964
69.6599378575554
26.577000508631592
19.415359674543406
83.96970284665268
63.908444511662665
24.515082109542753
88.21175829794747
43.998654059443595
78.02307061928401
90.35781757003676
98.74028653292349
73.3817197428513
61.22074607456612
10.645664085281625
65.32138430410372
56.04069528707887
36.231357053884594
97.37689325734927
77.91452909857486
58.26351425454846
51.939043113810236
82.5161527485287
37.9331733282391
62.50541156140094
94.63055856406136
49.73457409785849
20.285945433812824
76.28913401492633
50.798365601991065
45.02714673189876
78.90801580713405
53.64886677622191
32.9801838947051
66.879077427275
51.583116924630524
73.71252781321125
45.75996902139068
74.41877276547221
99.70729872314723
26.763598172185194
52.436887490114444
67.94385791031063
77.05564377115735
81.92651839051852
63.592292630666435
22.27142823589583
95.6562599381895
65.72753632077175
45.09969877778437
61.642931023966696
80.61441182363758
85.04275346704988
64.68851568508393
55.29470444768559
95.92763198489057
20.94842426765724
74.68384370231087
85.56979381682736
41.86399025261383
37.602359992044484
85.63880130536218
69.90088961861393
76.55933496317556
93.74746374152723
97.3962181608997
79.3144028982969
67.05871549675422
74.91280871022613
69.23884266428712
74.0755435259458
65.51894608466684
91.07460592736837
18.97646341470867
84.76974958953565
84.81923540325434
79.4637885053068
67.43809617106697
89.74860590031498
93.02259588465436
83.36839405548808
37.812212770346754
91.58892005814306
80.06756978325546
88.1950558608292
76.61543658558136
43.522365258264614
55.721739066392516
65.30166337536662
86.49078669070313
82.74842676959123
78.27933750882745
78.32747243740442
68.78438346229994
66.60986536853024
50.75784299673383
85.9577147856303
58.785717592121884
64.71793774016454
65.98943668970662
60.607660216376516
85.12685397503121
92.53173520963259
94.52405992634344
75.44860975657134
58.44613428129363
53.03433932057137
58.26284206887584
35.24235223122254
85.79191681273271
67.9034323469578
90.4231175117375
95.03723898982825
74.69694270644689
45.7493661472109
68.60726660157934
58.99862618199079
38.343017425595
93.07123451366245
73.97946143196893
85.82645836847382
73.59863761526196
83.52497931928076
86.210759004873
59.26688296945751
51.28924326785759
78.31989199887529
70.58191166185169
33.217441860024294
33.17940581992898
29.85727107362756
73.40334711597777
93.78691905467689
34.026307771088305
34.63423957290202
98.11156637668346
93.90686992321459
95.00110940979195
63.65234018107788
39.85897763337611
87.37607864147154
33.03231247362653
94.32133839822028
12.473614050643743
94.19045055439828
98.18510054236965
95.30134756219327
76.71248258772076
91.6052459039382
89.17330874159164
95.51816106380352
84.95680193164768
64.37492640439558
85.07427886311886
47.10891327717288
28.392377870810225
47.76976788887594
96.26660559837498
17.686751820303165
64.38732152812197
82.86669686484396
50.90165780946991
83.72394558160208
86.9146693240284
73.45905623594227
44.65343609931994
72.83943280011648
80.17844931489951
32.00790817878593
97.1577131197176
90.94815779596762
93.68686635015993
73.06191872740293
76.49957624097067
17.287716519423356
63.259156339951
28.61302737644173
84.70788838917835
87.38890594710054
80.68102423269355
71.38628644059098
64.86028976482443
81.80549004270254
56.50040568768304
3.615981773978191
76.32032792136388
52.88286789993799
98.09437063149988
82.2774439110169
82.59021092100483
53.475861628731224
98.34138365801184
59.66896718289105
94.83451480817939
60.740433780380805
91.96736831015812
90.96142515182363
93.25019497241526
84.28673739361616
11.503847010116493
56.097967516791805
93.10572786131462
90.60146777608242
51.5320880940177
85.50629881570204
92.68738586270645
52.29843532076128
32.44377861795079
92.76060156892915
26.79199541826402
60.7073252054797
73.2794557073125
84.00263097981129
47.762599901328876
77.13305763432109
80.70675958736093
63.021743444074545
93.28167475796991
51.57057215107839
53.14575453971536
92.45836764104106
82.69427800968474
88.29291466321973
36.84603559344557
86.87834780731708
61.93065328590197
56.37212583087602
15.89257174981016
42.711963480120495
94.0510618673598
93.35307720714766
46.38523647397043
81.764340893931
100.02562204295674
92.94842048467619
60.59639390202965
23.189439193290944
31.02265264199916
20.696129175301223
75.38438192017885
92.93281517207446
93.95079413229908
23.46020792446237
27.643174082436374
39.18218238366917
52.15129753882288
65.27610551458875
77.63661047034728
96.76363343671787
87.36938001553304
48.33048699975532
71.84644708010637
70.98685639131726
88.93295997658674
98.62956238424682
70.1351706956795
97.17252736042909
37.780495889941164
67.02006290900145
71.69055902298906
71.53391510629744
96.61464819058716
90.93606099368661
68.80657882509064
62.17456457521405
55.51983172875503
85.33752097063943
95.03186186675394
70.62247722438504
28.817245018965387
76.71690676818774
29.322421039300878
58.96477205000498
80.76809042722277
92.89803598406037
68.70066843123841
82.43262511313799
96.03528709375666
87.60880359762118
45.27650390766429
64.66072949690924
41.60332457857027
61.84216898575746
63.2375320515477
97.32859604794255
25.592217994223404
74.00361298039311
28.156401146382354
66.00437230482126
83.52687247381684
97.40282509067306
92.7998053165461
80.69807745628259
67.81448647379639
63.572115731481034
80.97179776415146
60.99718026375513
95.42106162081296
97.68163604781249
75.84776042202475
31.886461064905316
32.19522002232089
54.62129139575674
21.235896084852754
27.38432839682133
83.92575579840184
52.384577961130496
63.45487288416833
51.223567443766306
54.72354644731296
95.5529062137762
45.40241075826375
73.55137488261418
56.19013247662593
94.74576081387258
8.142440506956646
21.39572591078825
69.80923012166534
27.508504718382817
56.768074034083156
60.23721122240385
14.083626256669916
79.17002030909599
82.53800725093937
70.96987989646124
71.77624261027476
92.7063944367584
49.648857688494545
78.66127182472665
68.40106776123058
44.244423501765326
13.73914733957504
86.33538290847552
50.82621113622106
93.42890825679471
68.33199445370352
47.439286128720425
17.937551171980196
74.18883955232687
92.07059173647434
78.3247003801922
24.615179846696694
76.51395163132698
94.10546666873262
45.52629511181613
13.279984775038866
37.80672127768662
79.38285703982557
69.60798053144454
43.10036945294801
86.41468170002581
35.44081043801512
71.55375191057934
99.91729964671313
91.97308160647478
74.74167438545145
67.54442147550914
76.12038248061954
81.14974846982436
87.36005929953869
87.53700945177431
86.17447716922283
89.31471976125889
19.511598371825347
94.02162375732766
43.66865312986731
99.71248166157649
45.064611987406884
45.85407355069959
84.7028109767552
83.10781373691633
92.31542428602597
49.49920777308734
49.499880103379354
61.229142074987436
94.95471314814098
26.523343785356726
60.45194499048397
31.710028717893447
10.022377044236247
68.30315989022824
84.00977368716667
38.31592200801033
52.41211115413398
80.11709896784848
75.07100176667082
58.49080183160472
46.730144777824556
58.98605216760988
97.608654044068
19.816264251831267
85.99912692185256
46.10296023190129
44.78074507666521
89.60642158938573
2.2457704818249002
69.28859131605098
78.17547166447022
66.280211408261
83.95008718867761
95.07508758672697
76.56909781058737
81.03800248721868
90.12684988821546
95.89465473115139
76.89621695586459
41.70698637158947
68.83085894383481
32.07827049921803
53.74009001038241
92.70602617351726
88.88223470610635
95.16342891724271
65.08669615006916
87.53343919389526
65.67316453974787
88.15800799730638
56.81745271501063
82.39324836829212
37.837727927003094
81.7599249418649
92.75901244866277
93.93735866187102
75.40501602493443
31.20309052078433
63.94651143367599
79.11656171619747
72.19724921395634
79.3411812946662
69.2450842175374
74.48652336065224
92.2278718237611
64.46468150725747
82.8505933059318
97.5810672810348
78.36074575651661
49.01086577692036
97.92034329512795
88.47357451262887
82.94401861182398
57.336918029669086
59.44134214751441
95.47526760337315
64.4244211796722
50.43679482012845
82.66352859557664
70.68114897610666
42.42721209191199
66.80930862880773
74.32419417378398
21.182890574267912
98.93384758824256
17.550296987116223
59.42566945486774
77.62438889707353
87.79308755065388
39.858143349361065
35.5931651882609
67.21215479348278
87.93123820400432
74.79126609361356
42.03527399311586
96.07141059062546
37.342411393267085
81.72215697959929
71.90819215079799
46.191882411961664
86.94595866159766
94.03811475894656
17.877685995653117
76.88413541726466
22.64542104885382
75.254395633411
38.40796553435165
59.62798190863019
84.58285981876249
23.450802267029545
40.54833572479975
85.76535558816893
89.98872683863911
98.46994745294514
92.31298315731163
99.39586674252017
17.522449537724604
64.05718814810488
83.27577028663583
81.83850715536703
51.06067080427291
30.711347489043003
76.39798978605823
55.47206081290873
45.84379737848421
82.47982306078023
81.86126141317558
57.44219094840513
67.69018701827119
55.35009583840732
88.33176623273137
39.92589319256361
77.63577844893601
88.8895419956103
43.6369568371476
36.68267831177681
32.39824695701428
59.718704840999045
78.99731402592077
32.52967500559431
29.02629463784088
66.23387073795841
96.76930878661409
77.85412863838387
85.57661478939777
44.833961023718544
84.40951673411593
59.34411040270021
60.623344028852685
89.61232327960838
80.19132412000005
84.62545684004992
71.24209959953377
99.20816884738052
24.00625341490873
85.54711716101963
69.46721585674142
69.62958128299047
84.02179319080061
81.97731949585508
55.26218015838121
91.16209286785494
91.75377670997595
65.19766849160075
65.01524790801939
75.91840141531877
89.53586235500755
20.21527492172146
87.79400530883478
33.66327390281644
91.98385566801606
34.265106997032284
76.5227798546563
21.60210997171148
96.35552323370788
40.315844027723166
80.5603930880959
47.707838558690774
74.58447482538612
99.83174356411227
77.67764460252602
34.4780123947845
85.31056291179816
68.66509716318191
11.545728836985843
32.561566910999815
90.41845198205978
84.91450065252488
68.5731723254029
73.97206322058503
88.94205362751212
20.648248718959657
95.61367092738445
88.94882747780184
39.07697869649291
56.82234224034898
63.46010741718779
54.79988415675536
53.23415135206042
51.96037130358563
67.07978226570776
91.157505012443
42.77544318178766
85.25007373946957
49.87971809416036
39.085526809637784
38.28670733220106
28.46797340731576
74.88998136617347
63.59462007150647
65.61838182390262
97.63084943524133
95.41317487708778
28.98818457679165
17.585897724153522
51.169966443428365
86.96988943139024
45.41966299623474
64.85877520554598
56.86760960399264
75.38874821168024
71.81984897099838
75.31395881545379
30.239088658122053
97.61822853983908
69.69578538553404
55.4658220112958
64.05333112908336
89.58271576806307
54.08410473147029
48.47910019661269
72.69731845401361
56.33696209531708
70.44773794794871
30.99155016665334
86.04500842104488
20.486965263433838
73.99640685983073
70.19339257542646
77.19532667581842
43.53480916008816
99.227509767561
17.436092395098786
48.463142939051096
68.0285536177415
69.18178745928628
48.02850126224401
82.43299634538258
17.977720405266407
67.89833443784192
58.74546403320379
15.619450350773194
71.7923729055233
44.31661539542722
97.54168823455439
72.80674029513838
83.97575030679197
88.79549508966137
56.01842667187192
85.2500613490351
98.39643687652207
61.23448300999368
68.08378536856354
62.438981590993855
69.53762605539893
80.45016968076807
26.728004638185677
67.26386964616859
22.89608581837615
34.11577775737945
64.71782064158806
51.639811230480404
97.17221525646356
80.55927142573545
86.98029025817702
88.73056668778267
24.140561569138914
87.28414817963333
71.77666100238774
33.84622038042392
94.12455327327244
10.06600237749203
62.945299594002044
8.296462628857023
52.535083654853466
51.75616137845688
60.22982765809406
23.057981014910055
70.50958993188733
99.27438696333301
88.2795186577701
64.77820333794386
46.24652437818547
86.18309980902414
58.491684492152956
74.97992254633924
94.63988703960645
69.41524150138787
68.7286719028964
95.61149506287155
98.78074033439411
43.091484849215426
49.78195595469523
67.65516389462293
60.13247120699131
50.28499649359419
72.50502954338869
22.44853545664685
89.26351559658362
59.04716043413167
32.51882312767977
93.5586297764261
4.074001992410101
94.3186723207171
39.06139653748623
76.51884744640431
62.01836478795323
65.63088346319208
98.81948222803581
89.96815180887373
92.97432917864779
31.02393231273987
70.22996371709733
73.92865973913261
97.73997797556358
99.00312935186456
81.53313095451206
67.48070075718906
48.606865329620014
56.929533053262105
23.599114688684853
80.26418357797128
99.99111986309654
68.66168813959881
82.73371997763077
91.26603649442606
48.23074560274259
90.58353662516362
56.239813933278604
21.541247450952444
78.94627313029476
31.436608756763516
83.46951440022477
73.00730983969486
58.67610912463948
40.313288851647535
79.58079508838732
91.25950015706964
74.08543248910375
53.413910463452396
91.32263117748285
85.48144914175111
80.29433152249743
26.939824638377544
80.17875892196336
39.168923262487624
53.507105902906325
69.67872247925224
23.514367326514115
79.84581634890998
13.310653058719675
74.81385759100095
39.85602011451587
68.25577582652235
95.714555698625
82.50547436907046
93.3372404277247
53.48014358732992
90.02105762932784
75.4652558600847
9.694735690567782
82.89162433713993
46.468864073293275
99.35994975384456
70.48304619020882
87.03457028248258
53.046418047515424
50.4149488218194
62.67850953322663
65.62204596340932
41.38540026339406
99.2005755311163
96.08533875104962
97.05320208239043
89.83086447714052
82.50045340256148
33.5486976369291
60.13473923225394
83.13109168187626
14.067959947860675
14.332248452721098
88.00212412251904
63.631372330842176
71.52093149876926
76.22375797251405
78.20555007029628
28.251506136316348
79.6769142039706
42.95111676643995
77.90015440917378
35.15598340765509
86.83995944187315
37.807409847110755
85.6742400659743
50.02523528243813
50.239376354906625
73.49407520541347
64.24949032324062
98.66157097929747
41.09415049408485
57.84896576558786
68.31590132318564
59.71590764759997
13.11767297374159
66.30070846624491
85.45355490497724
9.22546099841503
81.08162780760728
44.18929011037398
66.08419606313046
53.56082612894896
86.39309472527843
98.23167325554178
27.79130182011874
66.51000763688248
90.31725830616975
17.94330262607117
92.97070384070038
93.80700729512152
74.28972382249928
96.00033129948868
69.76336361046796
45.853236585159394
69.62317129404569
78.57499411700924
63.18091528854285
82.23898925176958
41.58901309994575
94.4564991006219
95.83706302624489
32.60670503179063
93.77307310625038
78.88649417131431
99.59780783591009
68.11037859709744
86.86172624296556
58.946237911434395
89.48279592112216
34.766940162118054
40.312081160381716
88.0738010867802
71.79141101150115
48.00432928082636
53.4132053149496
48.942783667346696
92.10414059117534
48.083119140974006
79.74020050443482
87.93077207758563
95.24141897141766
30.314303402605095
52.449861994995814
91.80651309764252
55.65877276012712
35.82518285279578
37.22904892201356
37.27961539873542
70.94775922492123
67.8532513297306
6.984840907695725
77.50654757462193
87.36260242798261
73.92150853095221
3.5927633723508237
47.29808090903644
63.16066353733414
52.99194252110079
71.07570304141329
58.689691707064526
95.14162867290615
98.63364361591208
64.30846096635818
74.88914338518707
54.6885588116553
82.39986753573874
29.365138504986213
93.4622820194155
64.71258695022101
26.08810609331231
33.91566015699376
85.99705835303887
60.507235838467096
78.0737867956202
81.30765448805593
57.9708625887279
44.731282885337876
97.35231055064448
37.005688358453035
73.74531847946757
58.47670185536307
72.05736646897768
20.788191030022325
39.79846432565073
84.56807888218273
97.61049541276125
67.25872346644418
50.73594571388359
42.71893157169846
79.84309948351452
79.6927944802415
98.18496947787298
80.5144535206619
36.97456444677782
19.86549153098737
63.14722468825126
60.96255440273809
90.58096468852868
60.766854554757984
80.97026283665609
52.314656179585675
52.560395301125205
25.987194132530316
78.13262762004948
59.75853062716977
98.3224873644977
96.63356838399673
6.923875255819489
30.181442715638173
20.927823753182157
77.11535482951066
93.99080071854378
79.77366278371518
67.32016850669413
76.37587057675573
26.820738162695104
40.61242617543879
40.43729656839269
60.753622502358866
29.950620959964173
66.62169316361538
74.76735421177487
69.95853246917694
94.79589269489963
65.51633295072415
41.28774240361036
96.46234118025454
77.34361400219616
60.91570199976306
90.69745724424207
37.52290466204335
39.7095406108958
99.34522517644658
87.57874110836472
95.76365991815193
63.22032568428177
44.11503490866898
62.0238761785395
23.72351554670978
78.22158844904637
57.997225265910544
39.81918792621817
94.3637156431033
90.82105036699703
58.57485824476038
87.77708244184983
45.7585168671026
66.68420170653319
70.11156380879605
56.6816560335702
93.3549811347256
95.51878126904012
77.41371165002926
22.391805192992262
94.15331102091524
74.96324995216908
65.06483878656536
87.3540934046835
88.55086974762877
55.009881388366175
39.34288656577629
82.3929315336433
95.73321351441814
94.53430768459609
97.29547143101934
78.83630309008376
39.76857937984141
71.75040244100235
60.11893267088847
60.46066629706259
37.45387463444679
90.50263312804077
84.94299808230514
63.55976993586066
95.07135921243653
33.322931303501484
89.83966943767184
82.8492555982284
95.77374036423919
24.339678035412565
78.38767957919809
65.81436159467178
30.996180884301353
94.73951093733099
55.83408257711827
77.8771521140163
89.66696548306174
62.1419163363639
38.83485520761897
34.03799075492243
45.184659741991915
50.95170777377552
77.08830970892315
98.233592189454
77.75808265589777
81.6103271163709
91.63866352512622
41.41815565937288
32.80484420527686
60.51516658721314
99.75569915043681
35.24911520624185
73.63024747804018
29.678885434560165
62.09987401532694
46.28598188274176
17.362247481846662
94.88865137240028
20.315380713204327
96.3497764912584
85.52141216012251
66.67732039770954
80.60153259038483
56.77858905258654
96.17883501292039
70.51178113379527
40.51702419255777
99.42690385113319
59.00536133183498
92.03778082302411
57.85409097057126
62.31242018124455
39.46560338880945
97.5397591741916
44.99502021638452
85.63185483769537
54.997380848672854
53.7794052548379
66.75327054800037
71.7185040042301
81.02608321037454
65.46733473915945
27.951245399451853
97.15519259650617
97.78824306178558
25.74608218709862
81.39287668438422
51.35020361023357
27.16949161289331
68.8466889467318
96.89357916396949
54.40612779509105
92.97345502095907
85.79169819126633
79.27434684888215
66.68141702601694
18.215598779938155
36.33337711797078
96.42663193578504
64.56930801677571
59.23924774481569
99.45610599180645
94.27715411742244
78.7557058357483
51.35999155788933
72.02811902202737
43.188070592118024
92.89847555299772
48.94319154078593
78.76882581242809
92.41130701373592
35.00545593163188
76.56776162641252
73.66871545606686
57.54902444613729
72.8689868108721
84.30100549458028
92.14678806667116
83.61376002553038
94.40377644599367
65.83952853419112
85.92680894828821
37.7566018736295
22.972475163387127
70.9794251975093
62.78811270343187
81.8879812997738
80.8685286951288
92.01584137270973
31.358922949667036
57.65968526131481
33.908861879057724
81.20827041277317
53.67648607835242
95.27449442555411
89.01855301091659
85.41911618305606
76.28772771889557
86.35046690635757
93.46698349776436
98.02292081193549
66.92043825674972
96.45137142876543
82.30937019275082
43.0817815298954
30.072854236212287
68.5883837771152
73.18103109040388
39.890834762410066
68.68904616705206
94.62108596339982
78.55358157090389
39.232022520975065
44.379219405381036
95.68946263255158
75.2196535180793
46.91498830375309
89.85556932519333
57.40532806151111
60.114153911859404
31.68155272329115
76.7048060388018
77.90653777689472
55.441785812299266
52.83767978406805
36.69356677755434
63.9695443825612
80.79210800077384
36.161530563749956
87.92315810161757
56.67182351514911
65.17844336506676
74.60990945393792
82.35065278753383
48.01746897312958
72.2336902842956
78.14782517664105
30.25549703782267
40.27216604960461
61.54738275773447
83.95927609512621
97.39697157154862
47.871185166224315
95.11272793178513
97.95041920465503
76.70506184725576
86.75758589378428
94.43895676338575
83.38968065990657
91.66413511098278
96.4537940662181
78.17987746672512
91.34390233659232
71.66387092630319
44.774098891440254
66.95789316889295
31.968629722399587
39.31987102808004
50.526612440976216
82.6530488866764
98.56486998231541
64.6344114362315
61.77949124361644
19.72628272212117
83.18187689656428
91.06667507743065
77.59187809306988
71.226975835232
85.99007518831097
54.18276634510087
94.67451926692577
23.517346271741307
88.31107042126419
67.46828651834139
94.56829935729762
55.88797743110389
65.69883008991157
93.85594512342531
92.11054978145802
91.48325514614785
28.526551907159245
79.79009279564696
84.50089060227347
63.01600851572348
68.47981102604133
71.07742741261508
87.57169634435967
42.63072309768533
75.22050224089135
67.31821635370062
94.2128914123532
67.63438910106028
40.884095339748725
57.607418618454005
43.302132924319125
69.78420335592868
36.998573820095835
98.44995371660976
98.10940194995003
98.55309301475177
46.09954200924867
78.9627248850077
34.511273313219604
59.501894569814596
75.95738508570894
62.984046227853604
92.94413752249855
61.89161834808268
55.658253089064374
10.939376866799916
67.63002554674274
92.20447849458732
74.01041447717033
86.40266916757369
67.0777726903202
55.660327327392515
89.6194886255078
80.35400247748913
24.93605716154458
55.144669958578056
95.54281118437596
86.06727817700933
94.64230635976021
96.23377101958646
89.37135885781284
55.696199763163115
39.113900566998915
88.11358209287334
85.28682798864662
66.1747082946618
53.634168049370324
79.90403782510295
59.90895939069455
34.0790789260919
92.59093886607107
80.75177647634258
89.71689163152223
74.03817948774969
96.28829623814605
42.62860847973524
79.04888313632833
80.24833788084392
90.4820753374171
14.08010198101855
84.13902859129267
29.29345323789145
97.49503212916812
51.29961578272436
77.71326614354412
24.646471388321295
91.50442023208359
98.75812602235399
41.50462475334029
65.27165064843965
76.75628575374434
94.91435397712155
58.43892438357469
67.81756602652109
34.93980132026436
46.55950585397097
88.75274243735046
56.35250902749576
53.36391867195246
97.05971831477424
49.465232154578594
89.71716709215927
55.98109359166621
63.68080200328269
75.54805831114521
78.58364762095394
71.92927483885792
60.15700490042971
58.77092619908054
68.75727180516563
58.862507408988044
99.33302784119763
82.22866313961514
43.13697439266394
86.36460923487631
94.94137460472027
43.942824850772716
29.300674854244157
35.253393055667665
97.47690388620649
99.7057505897216
83.10425697524288
8.31466967205872
90.3135209249571
88.46914321434282
71.99658076436994
89.04378909936719
61.14324362609194
79.44097852790705
99.70519751415546
78.00332380810075
80.92155942382425
81.26505461649901
70.70922185579762
86.34088740749631
52.43250823524278
73.23179809728103
50.355032968341135
49.54430129709381
59.48138128362364
40.394089666023476
88.64472810610904
65.13070571619468
66.74779628961218
26.799008175253192
84.04009222655874
88.98062898293685
37.70057989488252
60.64983748997688
42.34841709813248
73.40315645437994
42.881271859117305
97.83359685532604
59.993572430023235
27.493832961782246
55.00472536757052
35.591936439012805
93.27604111382972
83.03495152634422
92.10988306963245
76.10260465230019
46.195966180998646
45.570696363307995
52.66847611385353
24.78941202960078
98.06734092274544
58.049491449710416
52.16679331941032
64.11054846633908
84.27868583101345
53.355800748092605
79.20123805530854
35.817790478257336
54.333732302111564
71.32350835756905
93.40840187688828
23.62095859478633
98.14201738855625
42.844631073980025
18.70948573240367
98.87385244334493
85.73098181147688
63.39093973240391
84.03826011357752
29.783954081730233
78.45625687795626
69.802815993234
77.42953959875108
15.500030221678761
55.70269498544758
41.01564431692876
85.04726405834874
63.427066947322146
83.50469482217531
73.95846313390213
68.95958816110199
17.853825199229245
92.32976923766374
37.90371132857113
32.11899750390347
2.776633711320034
45.102264818460434
51.46368855905243
43.65478451643046
78.55179727741056
61.968592779786995
59.94544321360675
22.45449387047638
13.064966933722635
50.27776015712163
91.516874379949
63.888588340268264
48.96852545129535
90.20941110516824
31.66403311844771
21.02523394468589
94.43065772988298
77.18577203338562
21.77913399421546
60.93346323679997
81.49811299348042
89.85831963400413
88.68156319026394
48.42901414475219
98.93153998295928
58.4283184771922
37.51848919965239
91.37163118248245
58.779179927414205
53.986397734600004
99.41417024159054
81.56350599578124
76.17911172370974
34.29141170927232
73.25775191614247
89.43773491260579
83.46501912001438
65.84663046995016
93.80995007615508
26.304160260626592
57.809413616049945
57.36712685979426
67.48992473874209
88.93009229023332
33.509494436747765
96.17853058976836
70.54778821761928
87.71180676724023
50.990485010082416
73.8048864496167
78.58707682068498
35.25474566978888
76.69784468197912
21.391423312155798
82.05549102071778
94.71500183915217
67.92193014802784
94.87299059161543
76.33691075386739
15.98361170692433
79.28880420138715
87.07536763170435
56.14468526304274
52.87240664737345
51.64968990433084
80.34947004532356
98.81092430134726
54.9853244044396
75.87038758623233
50.01486124151654
84.03862465845536
34.32218505198704
95.37872327974749
58.73004429083576
89.49269641981321
53.281834464720646
52.664609322475236
14.619147960067414
57.433039322657834
74.28944314002192
80.23633306227879
69.94274833977535
99.22735660200038
84.25013290061008
74.24987509612419
97.5203802562882
35.346004204563954
93.3953212546383
89.7957529709711
96.33101174167874
37.18771968630304
95.19366694302143
69.15387820314055
87.05776641082424
83.91696963638644
82.20282297118817
26.25740410138762
59.91072252789234
85.31606272557048
77.96797044829208
61.533994840122006
83.5118354982836
93.40895789505072
37.02087938816581
72.83243538825072
44.415604986464224
63.3718078420978
86.67997665188174
19.895542865014104
79.37088081338351
89.78421096413688
92.63658072055395
16.110385652751784
44.94940362426425
78.03458604594273
33.18212061300437
73.87803465094618
54.917786875913585
89.2716230163734
48.1626581375989
62.72523923740715
98.95934540377556
93.72723671625134
92.5222858233169
69.7211002828715
77.26924084985791
78.55311070354766
87.58377491609981
75.8968977050546
94.61721873730379
99.02507301945744
91.50560015325206
71.68071037282299
68.44590727614745
66.6682127206362
79.24621603494732
15.766327620076318
81.29180881612773
65.04024910181109
68.80304338127979
64.75557778755861
72.43671605711977
1.7909378728327887
79.59817992896568
55.35384106804104
42.119999433291646
84.32392040782071
54.03995860084491
98.79173708460537
92.1343280663918
8.73956325486347
85.0436374824463
93.39432775080677
12.46662441110715
62.434531425996674
61.99161900477868
30.21911658268301
75.07557010217336
69.33711728916393
63.57438478968878
20.035579128831777
28.721412702100587
60.76507354291335
83.23417775314269
81.62060727981805
82.7224207820586
36.29988756737379
31.444727414575976
51.317333099961566
43.09617590495907
72.21449141779358
92.21421258984087
56.4153809429447
85.91514943810628
73.11155541755893
92.59296468464889
90.57390354865441
52.165145671810066
38.71449968313134
76.10389645968976
27.285275662169365
87.2683004998305
53.99677981023473
45.50336862374963
75.4708784139277
57.94087215812235
72.6473500976263
51.17239775643114
93.3588877897426
65.80019838900128
54.17604549209596
70.33074528923686
92.87529729939119
31.181532828358037
88.88657243057631
93.60233476852841
86.73981073329844
47.74733648591841
28.91641097895668
88.08031557778946
88.55960004440975
55.39554846492457
45.78839681219701
64.68600685685182
95.8253532693559
69.6503926103999
51.998217387859086
68.73299314259268
39.98506278138628
49.61572930079964
73.77114590668376
83.98454618177983
76.84671213200576
77.1442969094436
51.39030240437239
87.8295956283772
60.38791724519622
58.775435963015724
95.24659252560257
42.78158370387819
56.15675800163687
95.77157585521425
98.83449606872861
50.18395179415087
69.77826121720511
72.31875035810025
81.20305933497525
81.10976795465528
67.62809171015832
83.21329061228208
86.06518993761101
15.762492257158756
25.531285551023068
94.98667268789497
72.78208578220244
95.4126036667247
29.08133162650973
37.56613319094374
25.61233149782451
57.11859459241905
30.530204185321963
86.56656650336052
43.57665543033809
87.56366230076027
99.8661478822668
58.14655522878151
65.24418610641652
42.072010760146995
58.78588151151733
30.181731697519346
67.77328970576183
37.744535793887835
70.48172104811741
76.20919809161514
67.14537002780902
44.13303439528367
97.3506602287291
62.51388088744924
76.5688066398391
76.84853493648059
96.35010643555502
90.0853687246504
69.98010074133279
83.02760589197466
49.10511593016746
90.02615055932799
26.04701833578872
85.46589360496131
90.2170976801437
90.09182984436265
47.47289247246635
58.59699350835825
90.55623412825159
67.020445306525
90.56955983028104
84.78397579694298
25.673091773291926
