4.346964435158185
3.496884393087985
4.727089965586507
2.1249756963982094
1.7734323597314319
1.9124610684214587
3.8830635632153365
3.5747616883971336
4.326757765542024
2.8279511110509303
4.823413195121579
4.722005934390831
2.97309185140484
4.005984387867319
2.289010252890985
1.8658925151188648
0.9719278198818516
4.999167243456809
1.9795059918761466
0.9042018548342367
4.597870144243947
3.9575904022777273
3.147337534649432
2.6352909332662673
4.856319969129785
4.6301023134497585
4.370611009573637
4.431569753656795
2.673304212898367
2.3837156672943283
4.561679186612378
1.8326787344309172
3.761419528264732
2.515713368136035
4.689592056649391
4.48455375159124
2.705478123117059
3.816911434181883
0.606857312519589
4.975977756858777
4.139853418536755
3.0337553406984745
4.863421809225237
3.9545974489443347
3.6904736769710444
0.32725578211065826
3.2001236576114147
3.6934115550590874
1.5943868688364484
3.16011422516139
1.1612118469739359
3.668590152979696
2.542178510625678
2.981157547786906
2.7895290811201097
4.276107702222546
4.062873026113168
2.5661090364372714
3.203351412920889
1.3975002056259258
0.2911182945357981
3.467214879236568
1.3119636107494084
3.6958761789436165
4.144908013525234
2.948053785849981
3.488247059003995
3.6162540729051305
3.3014941088223466
3.702799788876862
4.064013945197436
2.416512708683923
3.734248328055627
4.617936798212868
3.043572245187602
3.295823019833068
3.294544126011603
3.9418016288309543
2.0086281933427395
1.9735467743711668
3.5935382062619254
4.54645417341339
1.8267452258340033
3.548383750268553
4.606332624875843
4.395803398315066
3.8657781954823305
2.6950073494956355
4.8487546899558795
2.79405111193069
1.6042004316874794
4.0857325795783135
3.2100727240224725
2.896322508976834
3.371754464286211
4.022792899365719
4.14194072581021
3.904434938466073
2.1593163845496637
3.5206520783225104
4.069123631275542
3.9463383905571154
0.8465370497060153
3.099834051998768
1.753036934035453
2.344948618450306
3.458111388067251
1.9790307678807797
2.0922882129009133
4.9260290518700165
3.9276360124349217
2.5942078869318608
4.15971028585306
4.602367803199946
4.992310305316282
3.911667908192399
4.935606538077366
2.4159694115760946
2.8240763061332776
3.173743850342052
4.732326234468328
4.1011041314637176
2.410659207568284
3.7802893444957433
3.93133931149472
0.7095908990564825
2.7741369302208385
1.916799047350199
0.24604807942917167
4.337909930183901
3.2962469853329663
3.192643059994143
3.1570467471014907
3.976089410999428
4.5307504883749745
1.401542624904513
3.5743641104295514
2.3548805417671113
3.223519806013642
1.3305930177683059
4.225084856298679
2.3611082664544782
2.4576808230017906
1.8970401388894276
3.973042533994263
4.133676097854366
4.080205369308166
4.734067707245092
4.988442155278369
0.4876436029486272
0.9727785315785162
4.857214464585253
2.2434591355832665
4.85050044351059
4.149455483807843
2.9810775523671134
3.413988935001319
4.683414778201796
3.0161105160669774
4.436331909976208
4.044524928526189
3.9545230785736845
3.5202489126835177
4.182664160684334
3.277380593524428
3.917830364892892
4.521371344567173
4.48281267624581
4.37659109830997
3.591992029612865
1.7145540020381056
3.296664349069198
4.330663785288817
4.571726249257809
2.1612079397281723
3.5982238929550685
1.7209227254411215
4.540258959156027
3.9831556750762767
4.01686747016104
3.194162157180901
2.39145905276692
0.650312041956845
4.290483990016604
4.264301374600059
4.650098569710391
2.6475220976103113
3.8517473726530485
3.0628226053022964
2.144995208499304
4.666084006269171
4.942357753212002
2.5913941035599546
3.5904164146244817
3.4849644718213577
4.234494496281706
2.207496482704602
2.270680490181317
3.962504926874145
4.018227698494182
1.4349515426578958
3.984957620743088
3.760269479701282
2.8132080989453048
4.619103448818217
4.157825604188731
2.6573019359013927
3.4402076665795422
1.982631385694622
3.9023915667463274
1.1069832102652155
3.1749106783853094
3.8225789888796786
2.9395612158566173
4.03843593119515
2.902280375024447
0.6159378695878924
2.0938744865408494
2.0113809391924162
3.911624032189782
2.5161040845704425
4.582243962450279
3.3669002508750707
4.301814665826907
2.6989511577127816
3.453649459616785
3.2072191129889775
4.901313378923165
3.4233999005437368
0.3818115443041138
4.267449021966814
1.3933376298932991
2.5716828838413854
4.380043435224439
2.7928730981658596
4.2905419365548765
1.2852167328963235
1.3240378545082272
4.879549784691257
0.7299264273642283
2.672076451277636
3.3772598414399004
4.561797294316532
2.1900931230664393
2.9998340489733524
0.49932286181837615
4.798499394519628
2.6822687759474255
4.6516729125297385
3.037436774428452
3.5258682852534515
2.21042925033252
2.188315067445345
2.9718349341895585
4.956577037675983
3.1817233146533574
4.6691615048207735
4.504988901294097
0.4426292937047716
3.9987602856014806
3.9434746986983003
1.5356747437198435
3.390437945649252
4.838243528448957
4.79169544344907
4.350984395533084
4.406362136990637
2.3855806636857606
2.32395279899464
2.4114235237080246
4.379916164876134
3.638641902454625
4.826010225158217
3.1313471507449404
4.18688274695496
3.600614625366144
2.31920115050875
2.4724954389541534
1.8086661274479399
2.532886843310721
1.9173127415827262
3.1318415200767022
0.44872904640417416
4.132836509327059
3.390437267343833
2.8729150951246156
4.081793488689679
1.3558787671513295
4.746154625247186
4.534814301439241
4.939039560384012
4.403583381547316
4.555415667299087
1.676664428186922
2.284341600739059
4.436556629529381
1.6780863770905505
2.8152136070832814
2.9554661071412003
3.3076554293818643
3.7377710506629693
4.5713396715497225
4.2644630056389685
3.5269123549491668
4.684733282637282
3.900698809219501
4.3927142787338855
3.331788727662217
3.5552034924917963
2.428338533481427
4.299109761681099
3.418518862254712
3.8141731244379606
4.198271483302537
3.308179869130327
2.4180282052936226
3.3916772421277908
1.4652550078690327
4.981680852657543
3.034830866925821
3.7104027321645585
2.53299961811164
3.2717074871297704
4.3497704904394325
4.240157366163355
2.63422362792142
4.476367354288156
4.481508549834621
2.2143471894763525
4.238544288280026
0.6987655991303939
2.886255967624279
3.0171444634021856
4.967770831498022
4.765867184841034
4.766387731629702
4.227388785555768
0.9733725941440177
4.142558275165046
0.5212988249002508
4.229156669036207
2.057250975391287
2.958778498327611
1.4326724481946975
2.1198317088820504
1.4056967567918948
1.6546913777675896
1.0747890403858786
3.9196921861370746
2.953858933079259
2.011519921205407
2.6419068757451716
4.344209771460558
3.1290398093561227
4.943970878358865
3.9513594104598324
4.611989015606048
3.8970582872664385
0.8735678233345017
4.05698539044057
3.871970040210442
0.5178029878199218
1.1515324489816086
2.9935456278530896
2.484460165942105
3.3656906500261936
3.0518467716013946
3.2360958480260105
2.5705649397469874
4.90550447263969
4.775472434294244
1.7999024123511138
4.506191997416964
3.7595631133294556
4.302012164076355
3.7722973621694553
3.1230501594761457
2.8545401183105534
2.6033522233870645
3.8118342174740554
1.7213260017906908
4.382336620022066
4.731826432611246
4.084710978306468
4.974032132437157
3.8709604275575966
2.631849782492552
1.3367205211794326
2.412280426221592
3.015763930000933
3.796117033365344
3.9349469382078173
4.755490798813443
2.023355622350394
4.036369944410566
1.9633580789952418
2.2266668513156094
4.472943152343206
4.297906464225752
4.808591363080285
1.2921899502240481
4.501922774842013
2.4616028295101042
3.9050032693198746
2.98274967517922
3.7249404586731423
3.5273553651351297
4.657091107144591
3.9047306445432204
4.038634382017963
3.6791609600158504
4.89754596143131
3.761983078059391
3.7027834195328673
4.946550915203775
2.744395280444125
4.933640740529322
4.407064593276544
3.0314407172993567
3.175165961931555
3.9504922738142607
2.9897187416616404
0.2072749513846446
4.417562767434902
4.635088636010054
2.7406101495612485
4.035737630083956
3.5868598078444003
3.4978350048182065
4.168215200798898
2.4085849245781836
2.9675139322582753
3.492789240110759
3.2584886087862523
4.199984675538735
4.577583008999676
4.001992437196458
2.4843186218435878
4.773348053320786
1.8991515668434638
2.9827225000429443
3.9437489707032976
4.3500089576505285
0.9028063819696084
4.757973223260478
3.9367299705998446
2.3973053159181363
3.5370119208974935
0.3369089165563915
4.918317951159464
0.445337205466022
4.0993482998774065
1.6870293429385583
3.308344188692301
2.5929948716837643
3.532499968920276
3.0925237737198703
4.742494012033508
4.9051539801540285
2.505750145169645
2.166649752381134
2.9716390496114786
3.4641994086283208
2.650972252126784
1.2251906024300536
1.1514128216791137
3.873884370964801
1.44343390315374
2.795036554161489
3.7014895696287025
2.4855610585237073
3.097904148767828
2.035362343667096
0.06074885927150249
0.8795105118975362
2.2067372954549924
4.496531038747136
1.9620307124856524
3.0836843336328963
3.837441767927763
3.4493377416018487
2.9636899357388966
3.470607956269442
4.591178701653457
4.215129314020037
3.5076482169724925
4.995328666550425
4.130220797343302
2.65655161755029
4.049806899125566
2.138949780111675
4.53916613959723
2.023857882085084
4.757046898724925
4.579034877423451
4.868091198544782
0.8274118008309139
3.216874576600302
0.446313172807353
4.451085183559452
4.756475232514681
2.6433557235163936
2.8137842302234675
4.734081701849252
2.7785992027077064
3.3004941160890167
4.6363279424392205
1.523666236204023
2.7635526743046737
2.7311663278751612
4.425234661013243
4.881841482093949
0.942312896346841
2.0432901606520235
4.096284290285968
4.640111588306639
2.240298849732458
3.038599201294295
3.7689751085702623
1.9039741786594226
4.5643624996348535
2.2466290143473033
4.1955428840165885
3.261067013721831
4.898387039739766
1.5473042329579103
2.820876657926309
2.430116511655195
4.645143214010363
1.9422096466310996
4.815732975989712
3.42242946601557
2.8120081640635757
1.875894643237601
1.3513691495467017
4.676050780325693
4.293018620011166
4.106625902677027
4.777419427776033
4.922654415570325
3.6914664058506492
4.031793403730667
3.701298773336022
4.241253291635749
2.685248122244146
2.337826604271166
3.6384673992353127
1.689568349975169
2.398731164125302
4.257774449743627
3.415067287005125
4.960394026285831
2.5363735923908277
1.5130583428650322
3.3913842025617233
2.348338730179424
3.7586577884776067
4.501232551849032
4.2827014494114355
3.38057507594942
4.684434668505771
4.269873747247723
4.206257793257702
4.785318709042812
4.410841292351519
3.409974944280123
1.4684058888644944
4.421209289219722
1.751258474970461
2.457257169293991
4.197597938911425
3.378463469995171
3.0360137948722157
2.8008757053747804
4.827807583554433
4.219665404285141
2.6295358655758156
3.916253940973451
3.891452027902159
2.1192221435903775
3.194626885889854
4.493705737933408
1.7536843817214967
1.4646026960732408
4.963629094166893
2.0590660706422663
4.743872808952817
1.7538717787860523
3.2617020185257477
2.558274748889547
4.740580123647264
4.3968735022155885
1.7255004461124475
4.117184788668956
4.155050096547017
3.666072579539977
2.1796410200526184
4.743381088955734
3.2904268478950613
3.5862035818594546
4.710669277685535
2.354226441189698
2.640106628713862
0.8157422181105695
4.645104012572639
3.4129191995408017
4.133386210336098
1.6371210443005535
4.326320806169718
4.3262370211054755
4.515928838576964
4.089469773151942
3.4990126466834455
1.7617985888356271
2.5602212292540107
2.909367821753782
4.168461913603054
1.5644288365062315
4.635768003427263
3.3897545096877186
3.072500648174896
2.70424395425553
2.685656466067751
4.680758746622738
1.7607062539361962
2.799697822974923
4.519703296212911
4.869395461442453
1.7784580012931754
2.7035062545246498
2.591402054294785
1.3874961736035842
4.046923771012288
4.6738178810691995
3.2736915618595734
2.4920977212274846
4.849909752366129
4.24953405345073
2.743797433745343
3.271951681116206
4.207688522315234
3.3143069924639366
4.540314104428947
1.919356966051182
2.5655595094723473
1.6063896906615716
4.452062519435114
2.379032777692155
4.301547849922342
3.5652876014247803
4.105351822230081
3.166186786405744
4.37904904234986
4.823571458668284
4.501655400421383
3.2208212272781793
4.940288308348338
1.8950753202693609
3.2968410775667967
2.4195823390615123
4.445434182537721
3.942833846359146
1.7415583693882732
3.15973605801442
3.4190879362753575
4.782185661283745
3.412362523865182
4.724401502216325
2.8993086946955993
4.302478068337537
4.430328323558484
4.808045024371525
4.284232029907888
2.023437510767269
4.633649560235123
3.7269336736912915
4.664372659949829
3.9709646266320795
4.751462152138472
4.385193472003964
3.0517679798962205
1.1511256628335964
2.5137218633643514
1.9475868887012597
4.602157992346326
3.0072437529451777
4.49572712133222
0.7217091026114131
4.489303326598928
4.733120437722425
4.390730077158104
4.183263461806125
3.5003447790315376
3.4363358412858105
4.403903293431785
3.8266583500577855
3.543469274160031
4.896945560520363
1.6460947521459208
3.2210336602794207
3.526968019361223
3.1988482143266634
2.4339617484325564
4.644521746690242
2.929074872679047
3.5754773843450436
3.79457416788061
3.2659715760004855
2.0935511166939107
1.3095285244065276
3.3512972749885503
4.0361207204816765
3.770398569198256
4.6972083288879105
0.6449089870262267
2.2499442932076015
3.90643019414327
2.0410585654957636
2.850428900360268
4.748745998664709
4.283928475815332
4.719545277335496
2.6965721281666535
4.096462700922677
3.465412343618638
4.900196745908255
4.984115431149955
1.91339659522836
4.168839554547713
3.655498489510595
4.588862638507541
4.086687539828773
3.4354393606148093
0.6417374169701476
1.6419533939518185
3.6127699000945497
2.494319079122546
4.956944651787201
1.729727935755953
4.7826399888124875
2.934443929566025
4.817546144077414
4.70452560166519
2.6801604490620328
4.486550784978188
2.8305114716225477
1.0894662219745248
4.208110837104827
4.625175100458463
3.7357649901317704
3.0164631101816473
3.001403167086442
4.821792108535832
3.930876712822124
3.8773639836285954
3.8166305016474977
3.9340904141107864
4.894469093164534
2.255218737642356
2.1848144722269223
3.9208117616756137
3.9860617067371664
3.9850285200977074
3.968659787056879
4.596052588044828
1.1082274393837035
4.138151339496
4.188325682005645
3.508101367079102
4.585318987618331
2.477202006267962
4.175761690227047
4.902064483036502
3.060103603205493
4.278874190194591
0.9389536109381929
4.8603000898502495
4.4218186143748195
4.49565490802183
2.235833463078003
3.1146701658083114
3.6616701147486177
4.1794224235248665
3.6164420703981643
0.8625687777750206
4.046655242416596
4.098445209496694
3.0120595097682967
3.4080008022254673
0.8378423744450592
1.9549424851488164
4.041974437957746
1.7538794396417448
3.1428479797051034
4.28526683407522
4.74294008559672
4.114428211124327
2.164690328098903
2.628008591114804
3.0530018804242003
4.279667774475725
3.68436630337094
3.013098795266562
3.2096296178718995
2.646919171724614
0.3186121959589992
3.6253295116525583
2.4762479581534818
1.0336057533695424
4.7186852755707855
4.600201064075544
4.786752364477702
3.435806959805682
2.7723737440458027
1.9164286212229182
4.7711105523613115
3.402984547460634
4.689538282879145
4.625682762863021
3.091657486371789
1.8279448235347653
0.9320645055644455
3.953654026585849
1.2631573056151728
4.300728825683077
4.7260417223804225
2.4638670588517892
2.429323985795798
3.2154252591189816
4.841390650887545
2.9089936109670997
4.679006226476498
3.5645710684873104
1.3852761188484566
2.1042029453622453
1.700821134180772
4.37349554219139
0.864668066869152
0.04894498151784592
4.73048403189637
3.1675910485075485
4.685054002348438
2.7454920244316043
3.9873377210258147
2.4321368361392355
0.9854514114513544
3.4161075976777315
3.1319334547421835
3.4854752997937832
4.729868185818053
1.8237706967726544
3.4940930918937045
4.1482862174289075
2.5766597479313966
2.3444991136068505
3.4865928847496677
2.280239251220119
2.8362283037216143
4.3612575818816985
4.944810059064506
3.616145095877497
3.006735577688439
3.4385002268446496
3.401883101109883
4.5231443918013206
4.8198851015809465
3.7376649083816296
3.559085834763944
2.7938540002640297
3.378340805125075
1.8348965646715631
0.4221448884283723
4.978193471287529
3.62402447221996
3.5038264107421306
3.810170957865735
3.897322100549485
4.777965488862696
4.1355712945148095
2.9964738694303956
4.8677561819530855
3.9742228911022655
4.9098263377356215
2.036747258098567
4.291899864314345
0.6898400699675513
3.767123436481526
4.2519715167690055
3.1051558631808063
2.088782282849828
4.0158841536929835
4.742204651701141
2.58374582357727
3.4868155301809893
1.4594920483827154
0.6541561911012747
2.1943534684128907
1.1001590563705714
4.909095904025285
4.765809971605785
3.3984781386988163
2.468570662008244
4.629399235070909
3.552634357909644
3.1951130353628385
0.7925396835538764
4.601783389694267
1.2306755755229115
3.140244267137018
2.5067400097279084
3.9259366109607825
1.4068833133388177
3.91646148835191
4.197779233096614
4.518919464979364
4.941919683974568
1.8541736681102132
0.15407588729164917
4.424045631944582
2.1250195093734203
0.9534178604786249
0.5761863171589224
4.325650972057404
2.186896621395414
3.76864042616476
1.5542218225619422
3.2380814758391794
2.613570243292107
3.2718951936779916
4.939100810682183
3.9697349154636954
2.9295127342981964
3.127347939492272
4.264719567896558
1.7652971337311543
4.335483387467284
4.360566718822159
1.3881620220547506
4.894881063430524
3.344135330452701
4.441023074145565
0.6508257985660905
3.3694475671372075
2.168573273866318
3.4884926332685287
0.9520897453290119
4.943592612369667
1.098741774093595
1.872279552700021
4.065309812601031
4.227569948399767
4.093772846277827
3.703904536117194
3.792174785488396
1.3729429005266756
4.926585529262048
1.6168170119127523
3.52813169456442
2.248137942396165
4.391577761847672
4.671719166990308
4.776288162451501
4.207347266338464
4.1288892420310415
3.7462529376365348
3.1936201084113423
4.184953637842902
1.3173152004909936
4.632516124054896
4.198841761470503
3.914901367224573
3.073419543933937
3.7112435157314727
3.326690739823949
2.4736524895540533
4.855335525744188
4.314781578380432
3.706831299860102
2.5974297244497024
4.771147639925693
2.5950766259975215
3.2947741052290573
3.659969440711293
1.5441639682581696
1.655191098672495
2.7872040178519737
3.1503376001858436
3.390858393286124
4.976426323014755
2.7975533243262833
3.4955999081990963
4.059971810529152
1.4336967383082473
0.15096759493084827
4.876256345499427
4.109759332297252
3.353417075690087
2.653310847396878
4.730584781736228
2.858739041313031
97.84846880994772
45.0665552481983
42.674637144864825
75.81875762589962
90.47587642208049
78.04533772416718
87.79133924250046
44.987708201302524
90.57828302463132
25.38962898673302
26.203995745570886
92.51041794248628
36.32221179318649
37.27847970093098
84.73467873602618
77.68676498036751
55.27581927858971
67.06179657964334
83.67444045195222
30.654764881504388
17.785924976678064
45.36501884377901
94.32082504403915
88.21592289207216
49.85372134780682
40.34374254714166
74.28549803177305
93.33151974866047
88.76134337141517
58.31569990470203
86.43771865354957
33.25890668863814
29.317037744949335
70.12828953072476
48.968564307697406
81.21404538626956
88.55111657019123
81.85407256759709
79.01039658820821
88.8404994375303
89.42268190921513
18.49169863373736
62.45356790269673
99.98435350746549
20.801657730908442
59.34054014051514
55.67012945028213
88.57592613233918
82.43251104851524
33.65953441797345
70.7858761101821
69.67424535116959
98.63102996111942
76.09704044683015
69.25804948543528
92.5404814790387
99.16974367572865
88.9219150018991
72.23428327324446
55.32866058458993
33.53206698189294
98.38179019959063
68.86173964743985
97.69224506645737
67.47746561238402
95.80881471686098
64.15900564701712
59.188334097278386
73.29386171218316
47.707056971191605
37.228685753888314
98.29592352614526
22.912053201950698
94.73151863589811
93.92165922879163
92.40339084933862
32.57919211252847
97.40015802444704
99.73399088021057
71.39486537592619
87.2297802268005
27.893906268964525
40.84164739924047
72.7180473161043
77.24622336277668
66.98925994523084
91.65547157714191
85.14910323253856
94.82649238597661
85.63530038940796
85.57936154772767
77.34064501396338
68.72558878247854
19.755260059613793
86.97822771129692
41.60261057960748
76.66083276358951
38.084736158332575
60.420027028158565
68.04883104212107
22.04203268507275
75.03111104683423
96.9581897599351
22.451586806089452
68.4184698718771
76.1950632406895
69.97057286093849
89.4151832742609
45.837537864529295
60.794965011010156
78.67729273632101
82.40687789297209
46.122084998580156
81.61268136298541
45.42591899355041
92.07880341036888
85.15973907427573
70.05539541378748
45.85387871459088
56.63702762715922
48.932154120328164
75.61652486211304
94.45651341600636
37.59485101587231
58.767719089223455
97.00464423352014
50.99776052095942
51.16172099667796
40.85149822421771
71.38333100276829
75.83640355844041
64.07397555437213
71.14119062502816
73.92735004536729
47.121813402515265
57.392499326033
98.15647922704173
53.54414585519677
92.18807159676717
48.52767610575801
96.22957549730604
71.05262339428846
97.26061332732854
95.45739267776294
98.46615983552394
41.523926360797994
92.93923022877554
77.79549345629228
71.8809495113319
94.73014558654002
34.07526418361044
97.59232933409208
84.10370159930649
74.4892298692262
51.35107009861616
56.59057573059489
32.18497172848092
77.10986175386543
94.00441456252567
36.36758805762867
75.08281638188781
61.33450950080144
16.184409948577017
75.9145289177563
66.03271811396336
96.63688062719486
98.43260649660262
44.437376459791764
78.9959762278938
48.36253349254037
49.216358227601425
92.55980140971474
81.22729266964451
65.61362503557501
60.994963018992735
22.963989224931456
44.531477054309256
72.23393598494302
59.8897402974898
60.66415458697868
11.19726212167673
39.42471124465803
73.72293021343435
92.7090640097761
95.6499860272445
79.87795323634926
94.34007328505199
83.25240685057578
29.08976454977699
71.99946346688571
82.43578204579211
97.93330461962687
86.03966904347999
45.29987667397285
43.66124834597771
4.605096950750916
73.40957544268358
86.93578698057826
92.93868137536636
72.54269851289213
88.03748650158678
42.72910877700371
17.920446713668944
41.98613028474571
98.66360002152868
13.80404262617813
59.913671721273126
79.1698052246317
93.31127832302263
67.6737490517958
68.13412732362018
82.44044034485309
70.26363331186745
93.12838041740879
79.72600774142951
22.251584840074216
84.11523727651783
88.99367583955355
88.65287728458206
88.57745093879886
58.20874734311125
66.99408644274469
97.07594288887236
45.41468924037517
30.716782677677127
47.51457822001043
96.98354189591308
81.56152078181069
89.34944411184114
43.598907629765826
27.440570408801875
78.8583207669814
14.479105018326248
50.81361554486342
87.88763336559511
92.45759861086374
30.1585937675787
25.866491883681586
9.753226763151014
69.47660325964617
52.15581359783843
72.97561359313312
98.54929495637188
56.34662608081528
91.61863302405769
86.81952334720297
83.47784532173878
88.59818843290208
90.30911559454269
56.005357250237026
75.21110155278058
84.18976945490292
92.55006409598414
82.57624288648204
31.18200664196877
70.4558636298695
73.40189121627235
25.8140252885198
67.179164626046
90.0496424386712
69.83400248775796
57.73974112428124
41.874134027425995
81.21083347535041
88.54507196990625
32.11539559098194
91.21594208020635
58.34999908512503
58.88406006406446
71.18414180019343
94.55476114189933
68.66403778817295
41.58741123257584
67.71615743046955
33.28402672465414
91.4640742151076
89.60854781450115
67.30295388848097
44.823470420813926
95.94595001136814
63.531118382151284
88.2486922141512
99.94696637245511
90.6103655198843
59.98482368147395
75.8104018338044
38.160509973347395
67.85023164271266
64.9592051558757
84.40927812487206
80.3031302657547
94.51185065417309
41.07605766309152
54.17776003943832
53.346491789495346
87.29367919161285
71.13091114096133
53.82839321424737
98.76082463752583
53.88343832179043
85.3377401319204
58.0602324262722
74.6864708136097
25.574207681639447
83.82806613574834
73.24636372707482
53.78511588417442
34.348149885289246
67.29617838859343
96.36841100890403
43.01160878805461
45.28343506300161
63.43355173557752
65.14134544257473
64.15891647490173
13.201326324539746
88.2532303666217
63.65081837965269
97.71882798182162
95.46130948308186
32.81332368735757
27.875935596761924
88.33480526105704
70.24350709598808
70.31492889609532
69.49737262183149
85.5597432938402
57.62015070666198
20.588707884730347
20.55132548163151
83.77212494549842
82.10732488091716
99.41211089732813
35.61087595452441
84.4635256409751
97.14134844280129
64.11272784863858
31.100875224305778
77.42499075198536
24.250934209647955
4.928177339352634
91.19410784819938
88.41241994760246
83.8917443538789
71.71157958946706
49.51920374938159
64.31488475512617
58.493280788533475
18.410473215582197
63.500785172704205
39.21493219681146
49.739093932626965
37.69951807096367
98.5644180248022
85.89790501917574
95.02250812852826
74.5420519651864
29.20678727170476
60.275469415989235
98.56617080978003
64.96116750081822
85.85858078137458
65.10177301881508
93.35715516639783
46.086034494165524
58.05691467398746
13.412515111958117
57.13762102777052
51.224838369810726
73.44944374357914
28.280793939779887
54.22801307920362
99.4371631226702
85.74580498088764
60.647175991344426
88.57075286683124
85.67273080530913
97.55246977218452
87.30125516084951
87.73398355826316
48.066672460039925
89.95575405493021
71.00032211274598
61.912358175766975
52.976846985132134
47.13214092695162
97.9366294077989
41.59450232474067
61.711462998204425
52.004685952476144
93.09178870700181
86.57835048930956
75.8445719051534
83.57781082575121
84.41315191151472
65.98914708683468
74.75887001343574
89.76806594947759
73.86597994528205
86.8292070453185
52.91999601253668
82.32734960674088
80.31752307065014
73.40687293880433
77.84420562134599
53.81349355084173
76.59637919107043
46.876044258463516
84.21282422468292
72.01695993544672
95.70049384828978
14.562762212765936
88.0582825947558
48.658774622113896
76.59617888953225
97.31010285414492
10.424777644143983
43.76332666053866
86.22032622512103
39.70423004372804
30.610558023176097
17.560258951665066
69.32902610480421
86.518023649668
60.676724177961454
78.56730017801993
37.513226087253024
99.1082510858843
17.257966688214083
48.49825310583705
94.52302780292264
95.89664285724183
93.8087348114643
20.237692937012785
90.97390776380176
80.90451097602867
56.39679016446169
49.94173212465126
92.84714266525154
60.40976216934239
70.08786552798897
22.310371675793615
74.66269786709893
86.41530703387537
44.572949232717576
92.2366919305233
93.72068127489405
64.72420772979267
85.4306309643177
29.3297522489074
97.70459505488289
68.64784758565303
91.5332262896718
59.806176279459606
60.23452729224095
60.78307884254071
81.65856882216028
51.690058270413175
87.63922215045707
91.96261089471756
49.43389230858898
86.66624298742319
67.23575420992134
78.79961276713212
52.2132485476771
33.57388055793831
75.98816263051465
7.817375540815545
62.688545891963365
66.19996821809744
83.33216623971819
29.518215363089435
90.35401709738923
62.151849313431036
85.01403975997266
8.012335900330081
65.92919109021547
75.70402711618138
93.38700316126636
93.5831165591943
92.53310054851214
72.72095190483222
46.53919732031676
54.72869288692067
3.287730142314423
81.85411769629299
79.57769145895132
62.52170599330912
95.94810952702113
75.62879267096719
81.39173765536681
96.0766584543178
68.4949812643819
53.38873220397041
84.30293236034663
88.6228067000311
16.123691040037475
52.0194682902687
93.09844021459769
55.281885318510426
36.04755707127406
78.88069727040867
97.05543544803314
3.3764704608198404
52.21943874411127
44.7201319884447
80.13741831148586
90.40541729188446
74.32668987824866
79.24100186856475
85.03654611457587
85.76020253117277
54.185486290750084
33.51252308871448
92.49242590386653
17.470419212757545
61.228571877116366
39.98114235359637
39.36745967969599
19.959080424305455
97.2417098514128
96.5164570654524
34.619496350489236
98.88101847365904
62.36849260736013
16.0470779071471
45.63318215969351
78.89293622314649
41.18641298723725
78.95861309488284
87.79966212168927
97.00446507797372
93.89595878737254
87.29411369583262
54.63404811845351
73.94323515015391
76.28381863468633
33.35843841750421
62.34286790584786
67.94316405851505
53.019404731034356
92.24207364615471
98.25635819115355
79.60862445549643
32.02311698302093
75.80642571090809
71.70924306571798
84.32822543359127
78.39043844600828
41.80336459172115
78.41042855677054
83.04465236741721
59.58865366223518
27.46566900129621
78.82998849853682
88.63189387788272
88.33146581071678
28.074259488320095
87.80621351065595
93.3114545342841
97.0438946558063
71.84733393114999
21.23302845376247
63.81626791032807
83.94114125773042
10.422126556537908
47.32682807793321
97.12341659463567
56.89623818200531
89.33089295331568
60.314796169898734
80.17866568159181
86.1349282780707
88.70027727295917
63.6038949419303
74.69509522063186
52.78454961381714
81.34961114480352
31.872378504884104
81.97655366555495
53.38843759645663
46.72042472182102
42.31262161293317
88.10346101198228
95.61237606725987
29.36435827323414
87.73028352608381
79.08244456882149
97.19920211777605
72.06626364349933
78.56116314651267
90.63770394717216
87.86051404322839
69.27180675609607
73.32236573462052
11.074713786931387
52.45739181639608
59.14596979194331
49.10962356613411
85.17123063441166
37.330519409201834
70.8096094293524
25.69229036770217
98.88273079497245
49.86041520033708
32.87901500552864
85.17671209332609
96.85501623728902
50.71764783080478
88.74250734487259
36.30742611332614
49.33758429437393
90.48293828272814
60.00098786774158
95.72826231358985
99.39718493198276
35.168532227155424
44.72916315447079
74.60179010487843
58.82106322728538
51.825239218224205
21.41521752050794
68.19880139712127
52.14704611736886
87.08401943274008
67.23838436827353
86.50349130755775
75.45333524827853
15.491577170347767
48.09950492051759
79.41496618782311
22.0689363189963
10.026284023442845
59.25806647975342
98.27151523473898
95.317866976924
53.54508645996274
40.443502377770265
84.58153351627
49.313444837710094
31.262768100748104
71.40635020715212
67.98732392086673
95.18305151035571
58.710563337663636
53.16485496754749
73.66898122878169
85.39307052125305
64.24810135921778
98.16649635497349
65.56305040309701
90.6850091892977
98.32583181884671
84.10260915093465
65.87712846409056
59.96534780260715
99.35652326909145
59.078698587847846
97.50005636979415
32.71195656128268
96.63703613086402
34.83780365076634
99.16443177957471
84.48515586701477
98.41677156606539
22.90894383430167
66.7352031670908
51.336219832432384
90.18646474730413
84.0352176566941
53.83201249083355
65.7157598662614
30.29310943140024
49.844404481275404
73.33588212788786
81.85431814404566
58.19612921532587
58.90961937500108
75.16094979344014
69.49215217383981
94.02750700803443
78.5737849389179
71.16101000977383
53.98030296862356
86.41762350285235
49.30848587972283
73.32138009929243
39.5282385921528
44.155424821746436
94.86535743268934
20.343110417296366
90.9508853497018
54.06681723447905
53.992853163088554
41.037725589161695
35.622206600481825
69.36819983615655
44.33584149120824
96.48047878119655
52.96764130135737
81.8706385420157
61.70539164476334
44.24006490446342
71.55656135758429
76.46489302502033
9.885630902657688
79.55261867883937
63.95154275258253
52.039481833039915
80.21117150179923
77.45257865900292
99.63093440726894
98.8962349211474
9.696878476245216
62.71472916058037
88.46380857858125
48.261022383521876
91.64523517745866
76.00232104611295
98.84400520877716
71.578334657631
71.02072470537273
44.58176330276016
99.79081181482545
64.895785699483
91.95254342246604
20.607241457058922
87.22954436624336
84.37063333159016
69.75021757695247
65.10449963015125
57.75002947337959
51.83183316058313
53.53546757773627
71.80554425313774
92.10415093411633
92.71879062836632
92.82850849202369
34.43293858586411
80.31220417371159
37.66455526484267
58.98007066368586
40.88684325459971
33.802277494089466
70.5265756161249
67.96527164624635
98.66368615049959
91.97750695616062
33.594730358385455
96.50095221763914
98.04847333416767
67.80919839474669
97.53788050517846
82.79843890202069
76.93888835778752
76.70285766396465
96.71220162565893
64.34370199980371
70.92217196723875
19.790529875910735
88.43116379588933
81.92416404762567
80.92932873555277
95.56282953875291
72.52771806442536
46.495333176213684
87.0625331932391
73.08705110768537
10.623277801057922
58.36380357128737
98.67788008646804
68.31419229018428
44.92770770489247
21.662264243075104
57.2605420487827
44.686482124584764
19.870686638823017
98.4871784191424
83.61583505352945
84.03819221177916
73.68283237272898
70.98790262647826
98.43100333472616
82.1796344552715
67.28766582131294
86.68893713557455
44.24480302415702
82.97175528690926
60.203002644437376
80.80605631919619
66.81008708788052
79.07704998381104
30.813495499496224
37.72222455957129
65.99603606638358
39.08668176290755
33.27905405674353
84.59281400272452
49.57861394856141
82.12829164784576
37.907388275972544
83.60305653240084
35.217025116032254
39.643462349356795
65.02610255213375
38.33094552594891
85.56431908763939
68.44141857118687
73.22506047029128
95.68767175182953
83.41315505690795
72.17138632055357
59.412129669718354
98.44387470190614
76.77235123955644
43.170887640558455
62.29588306336276
85.0556458603615
80.31342655127297
50.38488862406393
61.527867395078665
44.36777717674978
35.442880808936394
72.8239906574291
98.64011899312398
61.77159440102895
99.07875681717638
85.52346816391415
25.21506890635361
98.70318552082551
68.91452973367296
100.02822744287914
41.960957020598265
79.03401241853088
95.59220252948062
94.56582187489234
88.43838626549339
96.86532891779292
86.51691992276152
62.09769962930471
79.12501135835358
97.1052878626364
20.913447191746123
71.38283785883144
91.15547098567498
74.68780763114357
82.26650513415522
62.61849384953399
98.50117340355953
41.4087723196477
32.55696644219097
60.97314732352943
93.4068324111439
60.00718408994652
54.913420101764544
52.019231605529434
82.8196904969224
27.402539827786352
55.19385117322505
100.05162751779802
41.19986226794504
41.15820533605598
68.07364137564286
23.58894109442162
85.71542930880396
63.340647338505995
46.42725711640107
39.34711079472456
19.627179620764206
82.46856016319069
54.39825593729886
26.26088237297455
82.66849285511199
93.49237954739901
84.07886082966819
76.20226843030652
84.63588013247902
84.3453406125024
75.82706255355066
68.5714848586882
54.91823818739924
84.45700261031725
95.42225450573409
33.689219153238625
92.5696817878578
75.0035331693687
70.15768239136821
7.2644427297392165
47.77395313149675
81.84481911557424
66.89722763041637
51.096375680601206
36.411909676780795
91.99610934721144
64.5738700696606
19.286561718718882
80.42399830001834
69.72013447943998
86.2827430622696
70.40195708454493
70.31160432026805
63.67863538414023
54.58004539119025
87.18635541272558
70.49382841105948
86.1266938021353
91.6956267900252
89.60984905467139
56.95794564226996
97.66812971454144
86.33495338774472
86.76868357249995
86.77077047356076
81.68474182573104
30.96091234184611
84.18378730801108
65.76219916833601
48.50051412409096
94.66668665928847
65.55121766439493
88.3194156940389
61.06339339037627
85.962232019998
99.73010480555261
96.83156217309735
57.96623289730638
66.29408925409047
91.15230347222214
95.17984852988687
77.28822473756883
60.273148060109115
88.72115683199313
96.4809225653545
4.247219885971248
85.30893696380902
55.52632761499185
57.893309015881734
99.38326760979247
57.21680928202804
82.3620199740954
64.15456284831167
19.869289346377936
70.28473850718193
78.93674823230857
47.94636087642074
22.436339217067324
90.99987071502841
81.26628240144167
59.285918554388175
40.09307316636133
97.47204973932186
70.78433937962028
92.23407159171843
97.14176206024094
99.68746229899494
53.44178012989497
93.45371180106785
87.77598332228001
56.61019284669433
56.03705519592559
80.14140863309409
62.45176964927818
90.72476001936528
73.9218529445718
74.22471518007234
89.07166331901988
85.39395422630648
93.27527615257704
70.11219630127141
99.38360693855466
43.88414531201851
63.06218827929841
50.94463404347536
99.45486561872045
16.8045739471633
71.2124267515964
73.10574907108192
97.29615841863497
67.81429897380296
54.30953231177365
18.876331908635606
44.80557730794847
68.00985953293637
51.08482941885375
90.41551913515288
50.843422125438074
57.73938313692757
24.3774809212098
76.19951269143341
72.83116103058535
78.69779346602198
74.50921569291282
70.4135105054802
73.70241264373047
83.43721704072605
58.89364079434693
67.1371890711562
96.50910871663872
83.11292714759985
54.18499615748321
88.89645357870268
27.903221683132813
6.119165184538684
36.853776499275604
52.492643927714575
85.76023229591553
80.92099066249992
73.31418351197303
96.78389399098484
64.03467496330336
97.90406540685686
41.390008109871474
54.86688498139264
97.80765112447943
90.04433834762176
18.92667832417132
61.97089959711595
66.66459534696621
63.87097038192738
98.24948007872364
63.640241353462294
51.17284522091228
70.55595442851269
68.27869777606321
90.52096976039755
61.30584840816912
88.0727020108505
67.78412256128242
89.23926768966113
94.49660895573562
48.601444300660575
92.65394264508032
73.81978396727841
68.33069532260178
95.15617323578996
16.868095620521775
84.71453170277778
40.51441312034328
89.87980064640307
73.04535636121105
98.7718427481612
92.19667626287868
98.91878830773334
89.42057653321746
91.54645306140714
13.720844874107389
46.04975034994201
76.75671303735172
26.204441031050003
84.63953215871054
54.19288675318254
33.7532859163241
44.23732749289955
73.52994774166356
72.11174894026794
90.58989804179362
2.019634859173597
63.110701614539565
75.44753322569005
57.932491525317026
56.54876630706759
70.40197744016855
74.1429002849879
54.12150251479322
57.55285928491869
34.14626651915912
94.8411490688286
21.328713556442764
63.74367148189972
82.50193594214561
97.39560072124218
57.96390073863126
78.84363864828045
62.524661537014886
28.701313584738948
96.46916578963497
31.35687524961468
56.3718018100305
92.87238803716657
94.68206196352425
96.21217312976992
44.101911327015515
53.95468168558212
88.93810815960096
65.91724252528682
93.45156226336245
75.45027318555837
60.48019015141704
51.59109185271265
70.19567159347197
31.525419947194028
81.01008306077232
23.260350710606915
76.86257891805462
92.71776990281211
51.124626926238044
85.89373824950863
71.45119705114112
40.98600044811973
98.79430296793068
87.82201568115546
93.00096578895841
60.38443566117689
79.07294427511508
49.09901705879959
15.087444605805388
41.49859413809165
98.48405802924061
79.39782335336935
94.95069351442679
76.71230070833549
40.59306412282938
75.74445455235993
71.21281994444648
97.29002446725129
61.61983694703635
77.91648656624781
75.47599311293361
85.81424631507966
84.8541647958077
89.18396975675586
89.15353520098418
98.09591062035877
37.31365507996895
80.23041731335688
80.40802095619337
39.96132603785581
88.13860044282083
92.41774439104492
78.09886886260401
82.25048858270132
88.01965347733478
23.35859836039682
91.06123210072548
82.05030002210239
95.10333414122736
67.34727414376668
86.73687178084019
82.26421816232842
34.751989143316884
24.942244597978856
93.91830731547584
88.58100689890416
65.6262333876142
82.85908351417027
90.46430869362611
95.37364233521495
68.70909505126664
63.03654992405477
75.89436333727492
46.712676495850324
69.57469570436186
54.30911767272582
81.76362613039197
35.720942105595796
90.20753814976179
27.50977788876103
34.769838171876486
79.56444255269017
46.53718739335006
93.78476343232902
93.17847560144824
55.61696780303153
43.87027791991753
30.416402059697788
91.95879521409174
78.42856427806566
45.70595512812166
88.66120594190667
99.39387244683314
23.799708319354703
78.80487639999522
40.8321369694903
92.55324828819435
92.49944317699808
76.72712280567133
85.99335755901556
91.55962697246716
68.14487459100441
43.05154346785208
80.81282605468647
50.34403438536272
66.4371299330338
67.5713865367683
97.55788382296225
75.60756200630232
29.51124548001119
53.27912031633949
78.22675557787925
62.91975457845492
54.85566662480721
42.478102135928495
15.818063220395592
63.434851746954145
76.49299720562884
55.95663166126476
75.25292144946596
90.2477509901129
96.49487044952544
99.64149021150968
64.33571327263344
39.71864891795233
95.88796285739656
68.3147381541338
90.2711370203523
96.8170767685781
89.62922034426091
51.191470183055095
73.97877466876852
73.20053589761831
68.0567247422944
82.0800291147841
56.008089578860094
66.59297066893998
50.81358694979689
91.94737039575537
88.77158307113223
75.79067041977729
95.62712705890358
75.3296393399578
41.97196669569827
39.74558146617177
36.649914058854556
53.66699132918655
14.684471416949723
86.67602586902115
69.26010571641679
99.80132167826173
55.658605550045074
63.68302352742298
62.43543102983194
48.113926696160846
76.74804331814425
92.69174666238406
56.505042998706294
93.51828400528818
90.8854641481002
53.46688569330735
48.14692090797922
94.72318104359299
51.62825340109118
96.40470835196012
91.3792589917829
79.73769076041302
90.67202625283558
76.60936679018523
48.9397700186403
63.935059864426194
74.39620318753082
99.12823577968409
35.29144638837557
75.3461053064998
66.14034172317147
87.4479621566053
68.90709947667993
98.89813495316803
98.98489954041838
32.63116607562962
73.24479326723134
73.60274583570352
71.57544833494711
74.13107615318637
28.844335233429796
32.33159447928095
24.569676756071235
43.167643223413194
53.26165136540898
92.18914773425443
94.45863324258694
99.48738169345404
27.91608009717435
31.77253854504121
56.540048917470145
37.61143741400385
90.54625907150525
81.20215434995569
63.70870673034858
29.75373901895943
98.47819882167786
38.978036538138234
91.25638509544109
82.8129252287376
96.24135837979502
39.79420449452079
51.42528904401804
98.1931680043592
57.19964567277675
55.59405637223097
29.114978203760497
94.90969248370523
15.927446255807931
89.13649651385998
55.4610997386006
52.4207370341923
42.08490817500145
69.916311830101
68.96718921417487
41.63337339832039
50.25309961783491
99.97470297048459
75.46031766630179
88.87559386820773
29.697738882593384
91.46757850520976
44.81541475639147
49.95375262195636
94.3493803278475
78.44717312664356
62.2356578379942
85.5856278732154
83.10301028401597
48.5259167107315
87.36078343148245
72.02855407594528
85.63043028120215
75.25940140854469
93.96362702156372
39.85047553468153
43.567770863868965
68.52004146116148
18.313569518295843
49.72663759688085
65.26660482936211
84.56871191301872
92.10396115389092
59.194535169890294
55.07272163045307
35.71966740607705
45.57734342659195
94.83423302329102
20.285150768705652
87.3325030246165
55.43851169209446
87.84681306706453
34.87842317302344
50.84269532756068
48.032306302409054
49.40702608741285
96.12128901272914
76.2455500193207
51.77351602763923
80.35383886725396
49.464608676529636
62.757378747417164
83.7395507852601
97.7618641043147
91.23689002671752
51.679684398553746
86.73493749158281
10.29842886604517
65.57688079585519
62.63192266785335
19.436268599270146
22.42514007711035
38.627650196668505
86.24327799139938
94.47374350416445
91.44474098935105
20.201476664905268
10.027389965338914
89.32272286215668
96.85184395360766
96.78197197078158
52.866136183433106
62.73001860884381
87.91660848458831
67.67139968108074
69.82248160206649
84.38172893697269
36.612477411406786
85.95627576904336
65.25121018606752
50.564054317980435
82.58267374942902
48.7204497380945
64.2113098896911
59.89007084355732
85.57748741763305
96.22370094771802
80.05652259029009
84.93328685101555
50.98975470163833
97.3164868129046
75.74477016638474
84.41215351094517
9.410875539863767
57.78544433526052
95.20555439961929
72.11704162632448
72.33933096699971
24.184346146525
82.23288773825276
86.76884048633084
39.58650042843281
37.90166339470036
76.81618964088113
67.24300177142833
71.80974674522383
78.93480072365313
43.844861416888435
17.359875668186394
26.590995464043385
83.02015124086593
93.10355945038546
27.122765656188314
92.32200620064226
79.63243094279255
41.3252350835809
62.824003134578824
37.60892047583695
90.8122847091851
97.79077241586054
18.69030921718563
61.93408629845028
51.84022380439204
64.64551194079775
83.55279740845005
93.2002202667138
22.80728636526639
99.71201073938767
50.72250727197462
34.649634490951115
67.3475751014219
59.56326357569003
97.11902498993928
55.816939899699996
62.725822111961214
37.61311930152364
39.88108433211388
53.458911553317456
47.176820025743815
62.46396409518776
89.34002059420422
70.4334608391063
43.05810207682415
69.19788514057723
60.18940996704188
23.57590530730157
21.121227737194687
82.27749483118704
54.3610198028387
69.51472869645967
85.99688935849183
58.330630379008326
58.776116620169674
74.09979446006052
59.243661419933396
77.24293694471177
83.8972378837897
53.786539555427986
40.83572908950276
90.47962287358403
83.86303806184416
85.75268439461975
47.94154648166047
80.83032555963908
94.58396667528993
93.12253499409368
64.66773839038967
50.515163566008724
98.3708130598207
63.5700910435815
93.3099889640898
97.04621019031983
42.471602786299854
85.02503183072605
81.17810811935449
47.25415954221626
55.07041448449766
42.11639089294896
80.38538694991475
91.68770340881771
56.91874275504809
93.31043020372509
59.65909162362135
92.869292588917
95.98520572874253
89.69507015011845
94.52973601301196
66.28129179322771
93.13000109272299
85.13723757496314
85.06103940102567
62.42719674359727
58.336163608055365
35.31315409619042
41.571031137597494
20.803290901923855
88.98246772491386
94.3997586323638
86.29573646630118
17.199069886498364
64.47633803458383
94.36887839124374
67.5790844579449
97.5028584492701
80.15598560529035
60.38472275553294
47.66791002288417
56.165656323555616
58.11583931922419
99.12869080314711
49.24960030173282
89.4147818041054
77.57168852840366
92.59265985032287
74.16149709948334
47.91531718451158
71.28139122704277
98.03513412661852
97.22937954132559
58.26778344923607
76.33621135209918
79.83616024933339
67.61374141425921
47.93541375561806
48.87825746131707
88.25816726426395
83.8836345117086
64.07534638852118
84.5167421664366
96.9396460734063
56.893555977163835
95.42707126371533
93.01919940214847
24.64513715815758
89.87262608384042
48.828737548838696
65.50443677970412
91.43352014009011
65.18684592499392
99.87861132281965
78.69112413182664
80.80700263064534
99.77945600244642
69.92201636735251
27.823284069940936
83.18025438563721
71.88518117125665
81.85986143422254
67.41756172737408
42.25844948582241
75.20182131989318
91.84868525763608
30.68076862669204
99.26397283507725
71.84326190317401
87.50862098219862
82.50956796678973
70.0183436033283
49.727479917981064
82.18872885053283
54.71062220761234
87.84762008079836
96.5239471500245
92.94722187358038
66.73103434455889
41.361813991647445
96.51447042771402
63.43570028791959
80.1737151155363
97.74750165619133
93.48118662142099
95.39529584329598
57.294307709471106
19.256645622105463
75.09658154820164
83.78839222448795
85.80828793148117
52.63367989871082
78.81370507908561
92.09490176321445
72.42167896350308
84.52304928299974
76.01800637993333
29.995181840628877
90.92181247396843
71.47458464650063
54.933473919299374
34.23507856300436
91.67096332107353
58.26787197960239
59.67543083266846
75.66534069364175
42.28544354346025
25.080159911951153
58.71876474148237
65.59262953100023
21.133949846099014
87.46453916059735
37.66766730659723
43.44404129260438
56.91068408401699
88.69776548434135
55.21749641037048
72.00878696425613
48.698522482662035
88.41859373981455
78.13647193358089
33.58914183115508
29.81630453321398
8.259772189323396
79.37648528236258
54.90843446366931
94.01382701697091
63.37607483437527
68.68065279843067
28.666470342161766
63.67334873954076
99.27482137155897
51.06651701089877
66.65612661550834
99.93839310272578
93.88862149569815
19.680146221464415
74.23519415744035
43.81827697666605
68.57775826038832
57.369285122076334
74.60999965674496
28.807490582326906
61.69642143286138
50.2358890635629
81.51563997126962
35.83575365683053
94.38078367911865
83.2017446145068
34.21669566212248
52.28441465613411
91.63167912381999
52.09118281593289
59.340127828962096
99.88984327117971
89.55914025637988
76.1722685932164
96.02920657930916
58.752757667514125
48.80831385259911
95.0272145385258
40.41127699510317
31.404115617472815
80.85098285067092
85.61144978072754
69.23952014792715
68.17545504031705
91.0550964296507
68.52688953696494
75.5834263280247
10.650767019048976
83.62956654510108
63.59025607416065
84.23715035434117
65.66956305996155
43.51067153053704
89.75882352858149
11.340271783112673
92.94973203265508
80.54739765475239
80.2044661752469
87.23253190602992
93.19537537597385
33.31846823100057
91.97854590819605
49.68297231314267
15.991998564145431
56.075010539358054
47.37077845394562
66.66102613368213
29.516047273033745
53.34097920085045
95.6686796446219
70.7359811665695
67.2848570132037
58.9290681071545
93.07423783420617
41.82104818502642
19.693174070368872
82.46779541500936
76.38983796282555
45.33780356072916
68.73985535164846
42.70260531685332
80.85296984626625
97.08988760551892
94.39955592033
0.6684205943731742
87.62135904045354
64.20082305305938
81.67557674875805
88.6940840139469
78.41513403584733
88.445477416762
94.1679674994406
74.61916641637126
97.22368818356534
64.32267998127973
53.74815354405656
87.43093428387584
68.75721637012941
98.42532531128367
84.4495282273738
97.48897467651055
54.08123584996062
80.74234147301178
27.189702670178153
49.83198618632422
91.61275663534848
58.917887278805196
77.65073806685106
60.79125490545603
93.66435683794859
96.59538179189417
75.32262219199775
18.290534599862124
94.16586581917949
70.23750310293137
54.90052470523397
83.6185023598888
46.21275315511824
76.8198065702527
75.53365146760812
10.196811704334516
69.6443948787522
49.60860104760983
86.32065657986648
35.616424271763876
63.68916730984434
78.55542138482573
69.75603798457426
69.35778568953744
43.69912936796717
26.457614460576984
5.519019575991462
93.85529714690934
33.01860441286924
80.43906571876676
92.27704708993886
92.23524862607022
63.57032675636013
96.3319511471174
48.63790339239811
84.39250520652828
29.491266670030196
66.04675496234414
84.03187509168387
95.05972085134624
59.88816220487436
59.16094023041849
55.93172219595002
26.899649191159902
54.826545701650666
37.77317021708813
79.01972284931041
37.898977219659
67.75572232196382
87.56278145832076
76.64531164857439
79.56918879376342
84.27518036938366
74.27493767473504
84.83011444225895
90.27427185420024
19.13496783512013
53.67660696263782
41.36598203855862
82.43669133607199
57.07927681197482
92.06345324104963
85.71890273337678
81.72749370304632
76.00941629534933
75.10152437519274
63.35109269343917
81.88297275209499
80.10620027332678
44.78985308086079
83.98599355671715
4.4894548157555345
80.21737372615905
97.90513546476718
82.38437523471136
61.18622801875663
57.841097980497274
43.94233018429871
66.89668247822853
94.50950413357982
74.27097492768411
86.21762369728674
80.40929275901998
98.8193296529188
90.71644270370082
65.73737349215617
84.00794970444647
98.03141382802994
49.90753384742651
40.37296346331398
93.20406218354357
93.60510452230164
50.24115203358617
74.85067149995018
91.88853345155343
50.0278103747536
78.04390143270294
22.59761613839832
37.720366189202714
68.202979576127
60.82433000555164
34.051395005102115
76.03895396448337
82.42428190959474
29.349312819739172
90.28804509419399
28.304600503784762
36.47320681695443
81.28223912027154
85.68925306522448
83.55929954072819
87.0321847947404
63.956323118768694
76.40399183495683
37.53220163420739
68.79302266377253
68.69257174635176
71.6524135753088
99.4266209789932
26.16220481394028
77.4863833014735
3.496051849697746
55.973574241712384
30.92062853452969
82.4118567201887
94.50814824394266
26.225282011100642
74.32171712854846
83.10747097261653
87.72587136957637
36.77503210394843
92.66172838110674
57.357775881542835
97.0576537372517
62.45421617017734
98.34288367877771
71.1756775786866
81.28674297569991
38.02872671442828
88.3091872532097
84.31362827844318
96.56402194233289
93.73439957916915
24.8733904782181
94.65268678874102
70.19565667486657
52.070415066896686
64.71479959746705
92.73921136261349
75.18295052952634
92.20645694484381
54.75428756005305
84.40846483028777
60.61070854087841
33.31465023923347
86.89483138502443
96.39348154762554
82.87351321299545
95.90268139537612
54.38717781663976
85.02666929646911
16.855586121765814
78.50714172016288
93.2152450492661
52.036439860959554
78.89240790029886
91.45990084350963
88.58076853393213
40.231811899470976
95.33139862359015
79.14327218557234
85.49363553541383
64.81999026250008
23.24271385023749
85.01876338109099
23.259404702498426
80.43564040341239
50.58949899259902
88.59645224238048
40.55150214986432
66.10361979996738
25.180876601500152
98.65737510502318
86.38363079401185
96.43965941675883
82.19517489353406
69.87435865536328
82.26923594654966
93.41533944968221
90.36790046224249
84.63151118100393
63.81574047279065
89.46238661821361
65.66516651570413
98.79284629301954
35.07759203667221
47.8170232045366
81.8959511166025
51.07230031774975
75.63515467557062
72.47986397582495
96.8046678792577
92.27833617207689
58.38140631111712
26.863793986498376
73.80950081926127
98.88469559132614
85.59571397539109
78.03520518791089
39.66943040472245
90.00823351976666
61.71557123519509
41.630720504423
44.70508657792425
55.89230823237374
86.04159231062103
36.959126415160156
94.93130349326158
41.08176144489017
99.26541856270518
28.907010166995647
86.14538810489263
64.09332241599346
92.93520160958376
75.98897276956576
41.255230780788736
76.6767501543236
88.74377167050962
39.56384968371919
95.36179529689356
80.53586526518882
82.33398717044888
52.84265192416106
93.55848247821558
79.0531477259389
80.03400130381378
98.15744794019464
88.09444645051202
39.01715928785846
75.3496646636373
29.79304023410218
100.1759808200207
73.82497032654807
73.78106852028074
38.52976217163304
72.34744050392993
90.4175332395694
50.2659414568833
24.40147695764223
97.8620541546254
74.53311328248354
98.79193251363945
92.69822258666476
23.610454143214184
73.63257239732448
97.88626387315686
96.62784561228655
78.22694571872665
81.78607802378637
37.589763619962206
77.82626966408387
71.02347940229909
59.799939618747
20.618293592674977
95.92784798823399
45.817312879503646
68.16724606686677
26.2436519545513
89.58620633277675
12.803165903536128
74.7184079307103
23.06659096274719
84.93554369058724
88.16356179573238
90.16008135987832
86.67000463021176
90.80900983233362
66.28668175071302
13.44484998295839
80.86646177826802
94.47321575374019
47.541006851208095
25.55643105102351
84.13083970510763
58.48046857365168
68.14123511322806
79.85012244401663
49.11201671558048
88.91122028154031
42.410980513798904
76.86464552126367
96.7257035959555
99.63128768040356
89.03281788996571
