1.015186691589825
3.4149448731792935
8.125713018328511
6.130807926194155
8.762541670318432
6.099135594502048
2.8260578230084703
4.9181959751284285
8.413629008161212
skipped
skipped
4.662279870152837
skipped
7.380475848791989
9.102187107009229
6.049470691557603
8.195033004710709
8.800187412411521
3.9740564089372725
9.257893503425738
7.041559068814884
7.878944661462066
4.673906045555193
9.480887259354002
8.951780105773441
0.8313917449497408
5.879773398520407
skipped
9.93488900744512
5.047953121494445
skipped
8.122155255477256
7.40716343021897
8.377663503424866
9.069535745154539
1.5365427426537954
6.7575903460962
8.161557592921167
7.879244799877607
2.8231793397437834
7.717597484237912
9.129321391333205
3.6620865165930163
9.66462348847565
8.999468581809687
5.357815853684083
9.374736143113086
6.755008676052047
2.7508501879521314
3.6224179588763517
7.283392878154375
7.363972427687421
5.498101080807215
8.363839769522398
5.627054251284144
9.505079928683099
5.578685887510818
7.146173392664263
9.631947316450427
8.356817741685518
9.68623928643611
7.890365949643375
8.62313131850788
7.055126617522074
6.5265126031535505
skipped
9.024786420661854
3.49575262597716
5.827900114022878
9.616572957661868
3.2730257816679336
8.639213832423701
5.493094399688349
4.0795955071636225
9.108306342662774
9.151320797557418
7.115253929521415
5.764080211749577
3.3548000893958196
2.1357766181885713
3.0349862183236858
7.296485857281683
skipped
2.2546409244750945
7.40269286085434
8.916486441741034
7.850716833090039
1.476933151046655
skipped
9.254597229785809
1.7614772218196508
5.835628559502242
9.973725658083758
5.6213613014842085
7.857153520255642
8.682119855695626
4.5539438802447805
2.9805375653422397
skipped
2.8385362607303217
9.633920275077726
7.603620566180328
8.269302729951955
6.76787661717235
8.60830207958682
9.674719257243568
3.5835559870156057
4.685285474678303
1.8635009131033873
7.364696438866461
9.831196308817802
4.720964924411439
8.609218892964082
2.3600646357261836
2.926347846140234
skipped
8.197544448598723
8.994216980440251
skipped
4.834360689190639
0.2306471576444213
6.677015085992522
1.0266794799406753
skipped
6.816183671852103
2.876167391309194
7.726218600130244
3.1414829760155394
8.857319411076269
9.931546118002046
4.929709367477467
5.3730373060839725
9.36830605755472
8.272009496568918
4.558009242031601
5.629017377510433
skipped
skipped
6.386118177753797
4.137980069593309
4.77565445335684
5.971258728943004
skipped
skipped
4.892521567272926
4.012868107135688
7.3206009412486415
7.187051842686863
6.337137781549863
9.18641093857982
8.853182547768071
9.538677516337502
6.902570845507858
5.966148980571912
9.430198075095667
7.111326608718184
2.103261940081764
7.970738358375237
2.4719381225900916
1.691473287107653
skipped
5.310437272771914
9.844490861000649
skipped
1.9366366115885703
skipped
6.806202636408281
9.347874006446553
2.045933323970986
9.490514417414703
skipped
6.0362183710338275
2.1797682878405293
1.094684621659349
6.959103012580097
4.940461132249653
4.403350532616805
skipped
6.606897818870946
7.814868119004342
4.580214048729396
6.685134226800574
7.724972249620327
8.025293662360205
5.365431051009731
9.758132401482863
9.90130839708336
2.8230031274414573
8.914814955291506
skipped
8.348480599987143
2.3357367085125924
skipped
7.570283594078873
9.775953288451595
9.39195007949424
9.25250984237405
2.426200682245551
skipped
3.202635880845026
7.569869664200787
3.7834344680576257
skipped
9.067040001228852
5.576464366273359
8.115089251810204
9.895830374768186
8.223280171545193
6.169275093135519
skipped
8.604154659441702
1.8609526922468467
8.757121037878068
7.804603863250643
9.033921596385682
9.026634839840684
6.96344842371883
8.237100100540156
skipped
5.027388475976515
9.469605805065827
4.001957548429334
9.968922586040375
7.433411307361357
9.789921061940063
7.7868900747697944
6.371666956373315
7.165566423202987
5.6631160434996355
9.60020403379757
9.428885673899872
4.357820640581214
8.144754558409735
9.372684824010564
skipped
7.391896265441539
5.833068366010782
8.760780981365164
9.145477587588475
9.631935223018413
3.7972799467913076
8.193366191597594
5.235701091304195
4.173072160355894
5.388634848845644
8.14175952184884
7.445411750451207
8.486636478260381
9.989276289439427
2.657471782858645
9.05141182741443
2.5824670742198506
7.475492454492441
8.866874347334505
4.659629113117307
9.202122503260032
7.159060150696255
8.360541540934573
5.504123117556418
2.7322662522311325
6.688188071803067
4.01032771955597
1.3893836655109029
8.620482039965168
skipped
7.815715689171426
5.0410744708910915
8.626891149393545
3.2368832386969757
7.340330072619034
8.206261700019923
9.755836209206644
5.990341336592957
6.616753438684264
6.096002832483847
6.924464193491999
2.7872563568604134
6.594474718359172
2.121410229975867
6.302531198004384
skipped
6.762184076285022
8.957948101633729
9.648842818837457
8.917988892689692
6.888954701745292
7.651259080929648
9.091821983220044
7.8192229145817445
7.523681477983673
1.3925546535387976
3.1677394454676207
9.36846321559097
8.562073620693527
5.014353716963247
6.855214040427146
6.647106713906438
1.367668721412041
1.8931597554106967
5.9109727326159724
9.127868192623097
skipped
skipped
4.543524008393581
skipped
2.745887903388761
9.50605434362099
5.394222249944478
9.894535742425226
4.215002550277216
skipped
7.8339725707353365
5.718064127586235
8.215987434513401
2.2086777932259327
6.135696150556247
9.61672596037657
4.2816202661039515
6.414802781763791
8.20753753315112
7.89857405714684
5.006103891539034
3.5463764143431025
4.957794635184856
9.773414661941146
2.7086747672488114
2.9457740310091776
9.02087135845324
7.56761032961054
9.634605706311955
9.45711863122849
skipped
skipped
3.854833854819843
7.17996143436855
3.29815885235802
9.7354890153964
6.063458224444648
9.465456301350349
9.838863022924281
1.9524043495466616
8.910564333337001
skipped
5.851020598738816
7.469803525319898
3.2888059594948
2.2241697779258573
4.364801082807935
8.377126437837367
1.0317574043831392
6.472599260133696
6.224456613328134
8.076381405476706
7.946262097463141
0.6413478137049329
1.9111398537720314
7.867298283279616
8.969214561630874
5.026238503353782
1.7023791706161737
5.145303629843338
5.134498269508784
4.798163479845737
9.668297979856733
4.4297140013832825
7.4095157888862815
7.611776423418761
4.79874657251375
9.274392693702202
8.395346839464004
skipped
3.3794162649021593
8.685574835264887
9.419266899722368
9.589092644902488
7.280017590480293
9.784439821516674
9.940372333259766
8.32102795294368
6.895293456833081
8.615015438710719
8.882961461015972
4.315635421096904
4.396523109249518
1.4765242583621558
7.537056370288246
6.094823697195529
7.381416147492454
5.032346401552214
6.116481855869069
5.06604092514958
7.230407733435206
5.580536132197741
6.352037655959308
0.18119476117279487
6.452878345118619
8.149775778201821
4.641298414792703
4.592011274937618
5.51096065969744
6.996029156293485
6.418515255547743
6.399762484138248
8.792277965878778
9.621341639665152
skipped
8.904260498062616
2.9780620283036745
3.5888197459689914
9.721293971055033
6.555639175315943
6.135774486738859
2.383690376823675
9.376450606569877
8.262240674255079
5.3326958858333
5.392992281852932
skipped
skipped
8.830167216190715
2.3139093420065593
7.692082871427506
4.736192775655985
9.422118576760102
9.217628346899682
9.748440234540457
2.959511444111075
8.303935611959197
4.343707407217773
3.550459699064972
8.084962936281975
skipped
7.340574368677908
8.478607771829585
4.703620174578622
5.91286732193503
9.70561416258807
7.897071634299105
5.433848560401104
9.039649788611085
7.156998305086995
7.95927697402227
9.727731898605139
4.3178171726823935
skipped
9.549284361086183
2.548863868720848
3.4497598831631953
6.186983774323271
1.7234940993720445
9.796369691936336
3.9502126787298137
4.057905135326842
8.31942911746702
8.071129159873959
7.4832612288546425
9.798467553585947
6.96504200165659
9.184859936966097
9.383891456908481
2.010348472525919
9.858881624460302
0.8750339416919111
4.092183323202179
skipped
3.0765719933291216
7.476873629863001
9.689228459798647
8.878153888983736
5.3811648991122505
9.734154531646384
3.136069325028907
7.372264263950803
1.973955154673078
8.964974147187835
skipped
7.856779000330734
6.649601153019238
5.977965347700914
8.28395682585147
7.712807406120466
7.043041929348809
7.257483370501594
7.854421376105879
skipped
8.330898067395463
0.7702512036822446
skipped
skipped
8.598517083633526
9.497319695003922
9.707849728973956
8.740682583787079
skipped
3.156097821385571
skipped
9.53987397032382
skipped
5.051151674466959
8.724715728809988
5.544475787030421
5.392481162508508
5.369302902802924
9.14850815058555
4.6400649468935695
8.537503391735905
7.605903423807906
2.9595161425267604
6.135390044712318
skipped
2.4167598941042017
3.6470793343822083
9.882578541651633
skipped
4.894269211891421
9.972470857312304
skipped
5.5815063771381475
skipped
2.621273338246971
2.4017517978501357
7.82355395877109
skipped
4.848275063760405
5.052384948888651
8.982714657627042
7.338061172826659
6.680513485274248
skipped
2.664079505128127
7.160157660076915
skipped
6.264545477100763
9.360471194542301
skipped
9.35950220688893
5.3908797036638205
9.021665458516075
3.0515631777645678
6.756464518168073
8.929947244339616
1.781651204888596
1.113847697650723
4.902866909722846
7.711536481409033
skipped
7.009739476059019
3.4560573866966653
9.378184317555366
8.748113883297925
9.880231396939916
4.615719475160036
8.06607809367831
5.052225692037422
9.43237630918547
9.326594985388471
skipped
2.911024265117539
7.467188653252957
4.530883093381129
skipped
4.011207580459377
8.775492773544325
2.831427592651745
3.7547972918971126
4.958177570343586
7.22795723683398
6.968486421065378
5.707044139148955
8.476450312277851
9.162932475429773
9.045563221943416
8.43104602216614
6.009431450636873
3.1299160877834775
9.666121469473484
7.962319660046656
4.336861232020605
4.533031555110127
3.002393665971082
6.535133503453869
9.84185904426698
7.695837444121523
8.243727453451838
7.398121747354964
4.249845107091179
1.3273807269912368
8.13024305653201
8.713607403976969
skipped
6.720290513547476
9.308021653187879
3.6892513548939063
5.9687718962798355
9.27166811354659
2.517506215899522
6.902356952889976
3.955215330014997
3.6566796791969525
6.5436483354520965
7.6098031793174705
4.93487275429945
2.7681959755423744
skipped
3.8682010261304485
skipped
7.590493891749864
9.774769918339652
7.374443994289714
9.157586323728006
2.36611664326329
9.722230880145878
skipped
8.528077823356172
2.897399543845221
9.439477338358904
7.489491306734164
9.827480973316952
5.287757731836739
6.245988036165692
7.923933139159926
6.754704828292862
skipped
2.071219109583481
skipped
9.64183250312677
8.302033138920875
7.923705590581745
skipped
3.4290935478056026
8.677180633721813
8.356473511340818
7.08223545838516
6.998046832662116
8.111426353587152
8.014711177263244
skipped
9.546713543038718
8.436713206676885
8.105027842392508
1.9116948348243545
skipped
5.561972900116766
7.895046855082426
7.2593449215891965
8.233056036108344
5.867197720986866
7.2270494628175115
7.7962731870742
8.15751278663434
6.714070272769571
6.701645857203145
skipped
8.598867097770002
8.767923087540968
9.422914843189682
9.620773040878905
skipped
0.1528411545793675
9.5197866384948
8.00455296412865
0.8908543678319176
5.130543502256507
3.6385593519805592
8.165143191924104
9.72499682404557
5.214521887531546
8.897151611515563
8.763747530229107
2.8549502197477516
6.864901439511541
4.10560495939812
2.25937340685447
5.468767838327864
6.762636322679063
3.0289452128566383
4.476447191001608
9.65469098328975
8.947697011416984
6.481832449605787
7.996658656425816
7.915851038253909
7.0082719668787545
2.4584147867861565
7.4576014245324
8.617301425175155
9.074853594333796
6.3101767331209775
8.513565989842293
6.670888570093815
5.462616305484202
7.35020540860465
8.818706282648415
9.093828712426546
6.817703585833579
9.493528573658427
2.6576422369496986
9.305950075790266
9.557046305198892
8.413329233141406
5.346850174981959
skipped
7.6215479486903215
5.883408721677696
9.037425820575224
7.874896447847337
9.181295981180485
2.3987875303514206
skipped
7.736422515091278
7.832616396409212
9.938836766919032
9.593070110772448
8.052599228169091
skipped
6.945173812368916
9.4173383146717
5.53781698370566
6.724550518866174
3.645507138136542
9.449831332053853
9.791767215862865
1.508169697321958
6.7974147179575075
6.751047681704464
7.009975527331199
9.394024721496402
7.939297713968173
9.113681626521037
2.9722625014879966
9.626610676126964
skipped
7.657412322851959
7.981418060260319
7.9176400115087135
6.923296852094034
8.026598027349031
8.703307503293749
8.94333126495209
2.6375608169297893
6.890543105757098
4.723202219165369
7.343527290473443
5.501336379805923
4.339963713681916
7.341012478564109
9.44131954851659
3.338400806757766
4.081024543344479
9.886431230663437
7.53804229101021
9.773154315422104
4.675075630595391
7.967600316117913
skipped
4.719488707166465
2.543142917140975
6.918679552337
8.668778611353972
1.3038192150529329
4.811891719165681
7.732303140743268
9.581848364128046
7.478235269684758
3.7641140699940294
2.620270309520915
9.445666995304652
6.139030438640296
4.77170787549548
8.030964529931552
5.467521593546481
2.712551370422749
8.878207383740452
9.572319267566488
skipped
9.245479849755165
9.157009288010174
skipped
9.09037887452238
6.546773397798693
9.083678044871148
3.551218389254901
3.5818010225887074
6.2852263185450825
2.5953288759851856
6.638730337100929
8.318041139555245
6.8622477781080615
skipped
4.528115970813386
5.963260616702878
5.322997816319406
9.583447313138286
6.527872238409603
9.31845866357485
skipped
4.44508605471364
7.8584103952133715
7.107872449479482
3.2121018682790106
9.706781162548799
9.627376894960301
9.537857147907783
skipped
7.626794891285566
9.856124102722813
8.950845158297966
8.789165064701677
3.6940367682358204
8.201058369018488
3.854673503748419
4.795105386340586
9.898710302110999
7.314854196027674
skipped
6.465434151342575
skipped
5.044675832991875
9.742746237957777
8.646406797351931
5.368430912374577
9.15651723991233
9.804182851715705
skipped
2.9046271627866402
8.215713207357117
5.718605516656165
5.454941123071703
8.44394771481121
6.587231533366049
2.738164996612442
0.530952223152343
6.4900149219780845
2.971563267782784
4.769643723855942
7.460386039599447
7.662868403180647
6.682671309210118
9.594257491708795
skipped
5.049288958413964
9.234604582861238
6.246906892229431
8.897844483849974
7.736264289849727
skipped
skipped
9.539387197809974
8.886465108719737
7.752346223160819
6.713237311930428
skipped
7.640582079966751
skipped
skipped
5.544995658241786
2.41205442839879
9.125188954392565
4.062980722480536
8.032205677982688
2.701510464397859
8.185457442741008
2.8238601631126397
4.239905865500221
8.54559963345878
9.33304343116935
4.682617363070837
skipped
0.5806185253241195
7.531179406528345
6.4031596665561485
skipped
4.1255911105931045
5.928235744942481
8.223689316848114
9.090603657801099
9.615172349321279
4.229264245317324
9.616084723619599
7.518188986900713
skipped
9.183465504747138
7.628817441871617
7.331535875144058
4.100748666344688
1.090607392874647
9.85044363886942
5.2219164034503365
7.0228822817045975
skipped
4.26283197007988
3.0687189664062027
6.184883911417468
9.437571871569292
5.064335572876751
8.74548992407134
4.825191835874098
9.306136817345996
3.231519222722896
5.006417931130249
2.2980176990512406
2.9525326069643105
6.721503721917479
1.074242478800893
7.803929704636496
8.097512420515004
9.357194027783223
7.297047878063785
3.933234001732363
5.104065885783503
7.8110094144109645
9.783575420657318
skipped
5.211581949216859
3.594814360555073
2.99776642241945
5.5903984096073644
5.784625847950693
7.453910901248033
5.868192685079716
skipped
9.422245066500063
4.937408536308211
5.560919526520991
5.990509663267662
2.8269349856343333
8.576661976279516
6.565667588275662
4.5179587510851125
3.29102932279615
2.539120398022222
6.981408481572002
skipped
5.7330492498145675
9.304565502548376
skipped
9.806756852452807
9.42024374700583
7.6437744788207524
2.767858684849611
9.767437323552826
7.8660193208234235
5.531639140847956
9.312162226039685
8.044855182248662
8.043737604855632
3.441992474782885
3.940671452784655
skipped
7.897328323370871
8.519577563412714
5.416998458339922
9.011079831638378
9.731413829286904
4.905337354361419
9.169469205116734
skipped
skipped
1.6653096074473688
3.4148818194489463
skipped
skipped
3.4624899958909574
skipped
3.4650900847089354
7.465293232252468
2.5630820343306846
3.6657854308185573
8.878812262567319
5.043467806174444
9.387862759662905
3.6989444903736364
7.380236864509811
8.589684187231812
7.728566065338206
6.8203636136283405
5.314901606337043
8.229184259445043
8.099669415394068
8.837709951880587
4.318795532437138
0.3079672926042132
7.876811112620239
8.870896206572654
5.462190688266158
skipped
2.769380130295655
8.651776444719781
7.484817482352393
3.9395855700521243
9.11420060837053
1.8147025095000575
2.832571678700772
3.810712692552872
3.1764912617445713
4.469104725971402
6.896684879740718
6.9861959145141075
9.720395662690837
9.504006136224824
2.7267900628334427
4.4720811925388535
skipped
9.471755400226161
6.832511238504434
5.920048138580285
4.869123219545565
9.956347871405034
9.071905768201482
8.968415618539268
skipped
8.180966282814236
skipped
4.174093047410936
4.831539841220255
skipped
2.5148554855663066
4.288269541745954
skipped
8.176519286415664
5.758554393116957
9.745075578395271
9.740706223312761
9.129023608641731
skipped
6.085200812355347
8.12929659386442
7.0107712641054745
skipped
6.827135863854108
5.17014156641708
9.421286975019674
7.854629196309695
6.950404730049132
3.4714793293529316
7.158985505372901
8.655775963902494
1.6480936936463724
5.298679615503513
9.339025520197207
8.24833109357454
2.8817655436136613
5.6903141022918735
8.087648306141395
1.3220997234873586
9.068289229630599
8.619559024720026
2.8726972211995094
5.258834505431632
8.468142405442244
9.82915285923351
8.67044277976102
8.304017576919259
7.864478708383725
skipped
6.001203598603147
7.308378022696521
5.768390477014781
skipped
9.625290808959766
skipped
6.896797333555544
5.502320591444872
8.573839575617708
9.656791653186508
8.868700854575268
9.821637929711537
3.6459732318537004
6.884241770252784
6.107467140253787
8.139743285836568
7.491228779271163
5.6741795382188815
2.242922252185894
2.18527630880998
5.4210489140677325
8.792476153053046
9.317598090726678
9.567153209699509
3.596443331460248
4.66732893203058
4.929276280266132
9.687793113333706
4.5200297707268975
7.700951478696543
6.814202626508613
7.362066330935919
5.581655890437415
7.281473692153922
2.2751247961853127
8.152499866389164
5.7137901357981695
9.296413643913459
skipped
8.717083651069872
9.01540535001054
4.998222231364863
skipped
9.93683903507191
2.0744619190988707
9.466669474921689
6.9154091960331225
skipped
9.349154787142185
6.244443674343697
5.012573728075603
5.7202127433140735
8.541383589554021
9.148175934365328
9.556683936526538
skipped
3.820569321347739
skipped
3.1298448060183808
3.13609517046006
skipped
9.955790818687516
1.9704803366347372
0.18587264360615433
4.10511769818245
skipped
9.070267461244182
8.962168159152144
4.2420653151822
7.062105506499053
1.5648353958996437
2.1137081090399215
9.563718552705819
8.595306504653864
6.619572630513905
8.09495663708402
skipped
skipped
7.346875321976007
7.709064523170284
7.8273656640816105
7.540275411322054
7.748580298935552
8.34640400309112
4.271652884614594
3.982568265262018
8.20815158465585
3.741084811646772
2.7117326868911533
9.08574968830144
3.2611483595058424
4.050072819438001
skipped
9.949224211088792
6.76005178347219
3.156165186673663
6.301553117607928
4.051314107642682
8.53087422016242
7.835933426765394
2.5251806210569523
2.9089056375675417
skipped
skipped
7.620718129827854
1.3135593653214677
8.561074259448313
7.452875725225173
9.260076729489953
7.743348073769113
skipped
9.20477477472985
4.968075968317372
7.894131488710202
7.6229724157848375
4.853312271211525
4.524456431612791
9.718419850886452
6.974560332439236
8.614614784711673
2.694459558533042
6.6618193028227894
9.833576995882034
7.564422051490271
9.848568996447927
2.93976081206417
3.8584672480088846
9.068089904316526
8.295644537605344
9.803482500878044
9.24906264621255
7.9858514521314605
6.849221798678707
2.916846530414418
5.780438289880544
7.644260902384063
6.587824019048582
skipped
9.307770057857294
7.478693263530166
4.545143052007247
5.51901691754937
8.74369596122447
6.8549975420369265
skipped
9.902541331534806
skipped
6.958585281258849
8.053601224349123
6.376699912667096
8.211088472637725
3.1031899970530397
9.357264197244723
6.9346846265434365
6.298956642192509
9.42382077809412
9.193285957070552
9.71493507388831
9.44987025306229
7.755707486034028
9.358434729857287
9.890472042381479
skipped
4.6205355198630205
7.972372838633189
9.292220851015195
8.440250997548734
5.342883914044014
skipped
2.3572721368003084
7.638821890262634
7.737636676125793
3.4262687569776027
8.151243105492018
9.732874699707633
9.911997518445823
6.734996000733418
2.5066893422632512
8.159022747096394
5.572375982598832
6.721992660695659
7.865357919039143
7.732053825159837
8.129323253038894
5.0682305850948834
8.082553250458826
skipped
8.546849553373743
3.8034938555559825
5.711512594716693
5.665542064333409
2.7946785138115975
8.504710403910334
9.614493821494046
5.435286334677734
7.383243991530663
9.190835387696433
6.656078848058312
1.3872627339581214
9.14152465586791
2.0671328516682697
3.370023321741119
5.769917883478776
3.057062477036568
2.8611962170846046
9.66746204770756
8.850967542837251
9.403925689041236
9.402945820563373
8.066015314202149
8.908261345022478
3.893209455818879
6.236877912520968
2.2991624259045635
6.448978179836434
2.124793838936086
5.620748833085863
5.927060714979942
3.3200484851216645
1.1828504740714263
7.334977975591233
1.6438033592082189
2.1380461928287766
8.8186674735195
9.434826340984236
3.4006399408633494
skipped
4.460435886131573
5.006674755099392
skipped
4.609301191218357
9.653750165916877
6.7671370043873935
6.316394469690993
skipped
skipped
5.281823793449088
9.637862821829374
skipped
7.216303846649283
6.82892768138091
2.9251112607566703
7.534523255495003
4.422391151691287
3.9910970715794245
4.185417970086514
8.362405899019171
8.455982481946558
skipped
9.632841145708902
skipped
6.734254458457339
6.73097174886456
7.463965495121015
8.865505944004791
9.643216669461413
6.384211080133842
8.872102722757731
8.35791841211537
7.156416070074895
4.387494142297436
9.580400094825567
3.9003769255653262
2.6044236487263595
0.7220837654908028
skipped
6.841142756243776
3.0732791452805555
4.105264295615565
7.831953425504319
9.198789454333994
2.441487652465922
7.661390009071424
9.285760883694836
1.7085993728281041
5.611275017359028
0.9661271507756595
4.4739258330091705
4.920639432628718
4.138586890038715
9.714902304511103
6.047130883841869
7.256026192099711
4.878513375406194
5.60188519779287
8.459023031661335
skipped
9.660721563880433
2.4206019648453005
7.16665107037675
skipped
6.285162574614242
skipped
6.009890385611005
8.979996639226265
6.811726908643118
8.542096431382838
9.637054342862484
6.844547697795598
6.768578989060039
5.437901210681826
5.035536416753435
8.457667724043782
6.843594142394867
7.843347189216279
8.216757105198619
9.111331552583524
7.463729693740454
6.42064746099232
9.403423287252455
6.6685207559119215
skipped
8.35078870665775
9.624389931421327
7.42404359950708
5.637195880995562
5.656791530510939
3.6187148687367565
7.31072921738702
4.710440857864756
6.5070935367084255
9.371066416287096
6.208004412253449
5.262085140609445
9.696466850116755
7.063227650926724
5.8799288444594096
skipped
3.822291316255488
8.94799400348498
9.603677889694849
9.375060444726833
7.170381009674694
7.702641882644138
3.5986723154482574
3.0187198244238522
6.1916641828979655
3.353682631865474
7.860407625102895
skipped
8.185739971074984
6.920121629581509
8.47183601240056
1.3507783999895417
8.810297792740828
9.126713187686432
5.278698634037549
9.1173641885498
9.692410438794235
4.762001889776969
8.775417898126548
6.028493357963318
skipped
2.9259809297536137
1.201494692604105
3.5887116345248296
6.152089441408474
4.0172326404034395
9.904744491253716
5.520888854500574
7.6875152597814
skipped
7.161602522174469
4.353469098987371
2.863379450470523
7.327561907814125
6.847137297751699
2.5041974160503853
7.4717350449693996
skipped
8.028034320177564
7.399385979591822
9.235971797193464
skipped
2.142292708256396
4.587149816747876
7.538053349249863
9.374667661029898
5.900201876429511
1.6500501544144606
7.6684581562160945
7.769966091248614
4.862966800800136
8.639714102200012
skipped
6.533069096930423
2.77739238043331
8.687478197738152
8.311303095232873
6.580646953448281
9.769630291200004
2.3438493168337144
9.554976944513859
7.830912931893689
8.50523544477912
4.527598204428613
6.104194058997649
7.100292842430771
7.4266243052636085
4.002330011371984
5.103263175780222
9.257662045375941
4.539388768012441
5.058873397546741
9.27287688433374
6.186882364421944
6.994735724528652
4.565227723956152
9.192229124779878
6.480239036485146
2.8421291780640874
9.05079111376601
skipped
8.257079269316618
8.582560061972263
7.5571009524924495
8.07934855552361
skipped
8.001368427441937
8.998789723532465
skipped
8.793126876619818
5.6220293182476855
8.433584110455167
9.384382734682921
skipped
5.671265427077151
9.305445759063803
1.2516471803494895
7.677609336644585
2.6781618154427016
9.339656790331786
6.9515537220170325
9.89858266796432
3.044719566553844
8.21788647039868
4.145165894625242
9.177419970169607
7.473728758222808
6.595712121618444
6.563471896115854
3.9118660265525373
3.5574045584691376
6.653283330162789
3.5210224387896307
skipped
7.540250537222251
4.594072143906295
4.140830838505785
7.421804204825645
7.75453199296712
9.144774947399451
6.3780358897954965
3.550741378781571
9.719385561016685
6.795760900956898
6.750643460806671
9.094865476079034
6.844717177304077
8.093620912499585
2.6814753584637705
7.336508218147722
7.842061980642095
8.069762407387477
4.612061519572764
4.889589644038373
9.428515870219286
8.215313615176992
5.525020421962662
5.371387084355997
9.466450320905567
4.678838409519648
4.974315296483396
9.850549623256283
6.070550191766133
6.4547156775654315
9.982135899967565
8.086171758955173
9.076429448765833
7.713575293461371
5.495086300940961
7.466560097644047
7.7078147856113395
8.473211718378305
9.901378411484918
5.798198873137329
5.557339174999244
7.5972058561310005
5.299050029056254
8.408446493024226
8.28710772954791
9.0107658471587
8.129856464538292
6.98842532793497
3.8896372716941676
8.256808671500552
6.463505337351487
6.431874883419537
7.284183098625761
5.863658491069968
7.043104729479153
7.786621514753466
7.385198221347292
9.866958593370223
9.606068179254473
7.003617729552994
5.817899915310227
3.9720080395287733
8.340983598408172
8.880245759474054
5.497164901534635
9.938565619566344
9.548530762621361
9.16489026424758
2.8144000357230814
2.3421679733286136
7.614954668345762
skipped
3.060572233611432
2.219463788488183
8.070718297305957
3.0878247783635118
skipped
6.51230219266876
7.904215568125815
8.857941076902314
8.355246435327246
6.955468239186319
7.715059673702876
3.7750703567772326
8.825155886326021
3.0936531556985774
7.166072241399525
5.3546147769966135
5.365700997966428
1.865133896274673
7.444528854809935
4.667943096244906
4.2283342462156694
5.511078530529267
5.075578738997546
4.383761449914937
9.374738165428584
7.776414520065986
9.186555633375376
9.906730862763123
6.242841769798142
6.7699335388955495
6.801584986795304
3.035951018298416
9.153009616460716
8.971753404030167
7.263373507854606
9.281682626950426
7.771954329400086
7.436580406895164
6.290749156013277
9.062590879135325
skipped
skipped
6.646383674500836
9.782045324620988
3.824237305476862
9.384743817857407
9.817067757354891
9.675284440041823
skipped
8.577235687119785
5.52164767545537
5.215433405887118
6.4121266000635
6.305390308677496
8.207147049125362
skipped
7.10284520290447
1.5570229188755464
skipped
6.3299677614987795
2.5993491742447303
8.2185709554784
9.095264463043275
9.488824626735088
9.934584321716548
skipped
7.476776013947947
0.2245518034863066
skipped
6.855351879706823
skipped
7.677602601696641
1.9232637607038507
5.491538928921215
7.087395928946212
4.148602588135302
9.796281781419921
4.425003745778964
8.221726650313357
3.989913235362759
3.5512130623894453
9.778771608985105
4.5830209390091765
2.5740972960884654
3.7253677857800267
9.308258858309431
2.685919498972205
8.821907244194607
9.818072919482697
4.519318024887273
5.172785719425079
2.2691626727543395
6.7759987078274415
8.8468945355192
7.465373858555282
9.54783908607927
8.383914718392896
4.796831169881733
1.349920137009894
5.699249412483596
5.0341877306390215
8.339601413133492
8.514090802947281
2.271406455249506
7.215481113844828
3.574739324005496
6.858970387518469
8.805893631470116
6.380193955817504
3.8347216627863947
8.464166544955692
6.728383715196333
5.552030806675968
9.91499368756564
8.126916225642468
9.511139334544762
1.9806882587098111
8.334855311260004
6.7978133495457165
8.2601241190364
9.371290163865936
4.88479796697046
5.109042001178071
6.886564529291083
6.982219581502569
9.95825048645475
9.035095844560377
skipped
1.0334648126945927
1.933760537959624
4.58358139409465
8.309735601914058
8.398227450582135
8.953721926930667
9.86224588726749
2.164735442268711
6.553636831500672
2.0691866986653316
6.805086353395043
9.719988137701302
9.231227723470232
skipped
skipped
8.099771788824457
8.027533866337484
2.7380564232328393
skipped
8.348686814294362
3.6723027213434083
7.802656731826064
6.797730386393196
6.592379922525641
skipped
9.322886319393207
4.853362414356323
9.439387864372865
8.520225146621087
skipped
7.236336574457398
7.4310459544913146
5.7852141965589885
8.576433874476267
0.8131412646205283
7.855776043760324
9.792637830068244
8.182442773523174
9.105480160333062
6.682957896390412
1.6571449467548163
7.539827597110919
9.660507998805167
9.600769998634345
1.4331472654204631
8.433049154928915
4.585114711398638
3.000151362626035
6.379596003389296
8.161490112471336
9.806882709125727
3.2932350212147803
5.9985016891540415
7.294475015383008
7.44706746054299
skipped
9.17558853914966
8.530692007142335
2.413602022987398
9.86038562171282
8.325908461947943
9.209675735532697
5.911308277352004
8.126320178742958
9.349195539989472
9.951851105157004
9.204107878415066
7.76347720727586
7.16772724379654
9.792763515083879
8.597690797305773
9.58296980044039
8.239016179172431
8.173672449769231
2.251058627407333
8.089921431965278
5.99281657457177
6.837474446696129
8.257505646259514
skipped
skipped
skipped
8.046936510685017
3.1774798959210804
8.414310098586968
2.5354496734299854
8.090562461098404
9.038986826406878
8.711782787101653
9.621000675975623
skipped
9.864230494437598
6.764734522621456
skipped
skipped
9.943847036378171
skipped
4.79163273791596
8.898367401530136
9.487407514428986
8.844297878447613
4.642142080267383
9.786629954231826
9.599557121119105
9.900640022167615
3.9501168991892164
7.9473838927709215
skipped
6.784973688858761
9.52138934000123
3.2189332635240664
7.911789305213632
8.038450701236693
skipped
2.7703159548868506
8.930625586951425
8.620627617272683
6.761582996431877
9.06449142168819
3.5331226121481043
8.507214901533908
4.030907403335609
skipped
7.247085418978895
1.1616687015407299
8.10865752531397
9.922635298100198
7.979106448675129
4.938325149881266
8.61118244806397
9.06606455075045
6.689069941653811
4.343128877377678
1.1800531352548413
skipped
4.354031167971055
9.332450099816551
9.931211689120628
6.971353272615562
1.8229835936816738
skipped
3.2220977985601897
2.834854162924305
8.800200655220996
4.867174196142869
5.700274814266533
skipped
5.765723434376406
7.552230616966701
5.83383106481648
1.625694161422737
8.163498051582346
1.3866027713742624
8.346603919095562
4.44589013996663
3.1278477188943232
skipped
8.475144863026506
6.66272977558504
8.962134693822556
8.571204116126637
7.950121879939706
7.716763424372714
9.982412614562772
3.4614417463103835
2.917664415905051
7.843982570231922
6.812301461634454
skipped
4.831244638561988
skipped
2.4138023042732595
9.873191953673894
6.6123711213096605
6.290416416918554
6.421257395077256
skipped
3.4608222502949597
5.815012560919561
5.155669944922003
4.568616885869939
9.617496917630275
8.885891285964165
4.748070423142358
7.4285700347054355
5.538747528908287
5.851074263717459
skipped
9.937972618628807
9.218829229464568
9.8358829724156
9.447069962661413
8.176046337201678
6.945918541582659
8.524359970992252
9.048416697913156
7.485396552747112
6.511726628251127
7.043812636429326
9.477325546278067
9.31000356150171
9.736386357807062
2.541308805143194
5.545930186017172
6.940563768794428
9.056697526976167
4.135523009602499
skipped
5.684063515710485
8.447004307734634
8.99358506646074
6.231964417481722
5.758883780602066
8.829173058376174
6.7259057083078435
6.80018352074398
3.51188664987522
5.784781254564469
9.374674569502375
8.792886063422914
5.178619187417161
5.914692948990229
skipped
7.716882413013566
8.922569444630298
4.70420665813778
9.199795325121299
9.214704143443932
6.722415012872355
1.7230754287800956
skipped
7.790296606844829
8.62279619224195
5.9910638902642654
3.768990564983861
9.405339890302738
2.3428075466492073
skipped
4.300266629606371
6.150067277457265
2.720545181303577
8.152069642231117
6.766887875218996
4.168364918499375
skipped
5.3931104490975255
9.085355213371445
6.6886888052402815
1.5273475289485101
8.173218183639106
skipped
5.933763238245887
9.375724628558846
5.509433199567622
1.4368826108314994
9.563308181921625
6.231752911066203
8.885937685189955
5.589907450336062
8.205523541534212
4.547970857126279
7.421284325473276
9.723318963172916
7.714503314341183
8.149274986441384
8.293266684291108
skipped
2.7856224778156102
4.486190985828642
5.0359814089268715
7.96809221273001
9.131661331531008
skipped
3.4592968814019875
skipped
7.250449799149997
4.17999944944655
5.566189795417453
skipped
6.368590515162141
7.348252608070075
7.240802221372223
skipped
7.618835021774
9.440845021403243
8.926220915982551
9.82439583891255
1.9205071512940444
skipped
2.346682463848173
3.9260275204397557
3.6332112272714334
skipped
2.8861023355523936
3.9682463717449723
1.9114059336326843
7.158986312219098
4.637367315669292
8.455479376450313
62.43652825631497
52.30258388810432
19.186424050264034
54.287483213669745
92.05486096136109
skipped
99.41877632654989
70.86337915129099
70.12453530367229
78.22317823029981
79.65916808770402
52.111994960811906
91.51696689020682
44.55722819531119
70.67486684020417
76.2621087494506
69.302053478984
40.98038524560257
83.48120112344114
61.8237625807445
66.90799810181014
56.594842060739644
92.07903481057599
80.25224222998555
83.00198372206472
51.5287661631892
90.06342242030814
70.47320174446124
43.53531432535395
85.80248345170236
76.17292142343933
79.72787421822368
18.23884810824962
57.03826100879894
46.74154033590684
87.36627563422978
49.117544350881374
91.68882260416012
60.00477271548207
44.11026407061735
71.42643891489536
46.95944466695901
47.33696585450225
93.1915194877317
45.52133894867717
89.88398632232987
72.70609746242798
27.451066854322868
85.33189778745712
12.342086752317853
80.51483067514972
36.64010007256079
63.28937375796279
31.841821555486263
52.627313439260746
32.18207327386869
84.56251635313868
20.796043495588382
60.37954277814457
86.50332972041738
60.19977550206576
95.39029120827404
26.70644344413451
93.98357476910061
82.72326812610798
68.00822924380306
88.84374397357526
85.01266883364255
91.80177183925893
89.70757216009584
20.439873901951746
56.929332182060435
92.56534805326379
96.93625728374693
96.91284640807442
81.92847041664362
50.444248415803834
38.258317503992615
69.42395235248075
54.88442490096417
48.42082552734157
12.076291561378921
58.87852396914938
40.671642556668246
92.58572291881332
59.47524462886298
51.97047275970679
68.15722405796934
54.533281642450596
81.04911302401504
76.88861449898017
13.451155319125148
29.349379958867416
96.03869808927648
27.13090312008172
72.23910622638972
16.158394993395646
52.92781066854468
84.06402479289738
98.18599834883564
70.75576025539557
90.51619987188114
95.18864512443331
55.36223291180705
50.40701997276946
74.66097903126338
25.616644844811262
61.73213929006022
88.74240016857269
94.51458745781616
98.04987176021488
75.84045911449513
91.29178181213544
16.20975630354612
16.24306870570108
95.1127704399359
95.76282656827185
35.93298484866581
73.43840832249158
85.80247881704554
74.37494069713469
61.91843085504128
21.847415522491755
34.11346434009282
79.06191076686086
48.77487684597118
60.863726679753334
15.810534536156077
21.301599565475957
66.95341924222328
94.09361602066699
90.7576716272555
67.78474946941391
56.754688664676706
86.96170911950128
74.01501864488101
87.1526666119623
90.212144474111
97.57918813200389
96.09422665078768
19.266240624370603
68.73244344493818
99.07967797371613
82.73411168461571
94.51781752366489
60.73551302873975
61.25905180013233
79.33340776442614
93.72386690145278
90.38780940883966
86.81067103158466
47.315946406112886
11.289786244028722
71.9855406150864
75.52512141909439
67.2296494293415
66.93609559525797
99.52547086523188
38.768349468500354
68.46193709295159
59.48261609189549
82.73747675834942
34.977849238016304
50.485754086422325
90.84452216227577
86.16930031451152
68.69638831235989
82.40566034380474
51.51334321629432
75.95026159643318
86.47739723499176
43.111204748170564
87.69020225343313
71.78343574647916
73.22797292343343
36.59757504464212
53.513669879386825
51.01839434834683
50.91976316584792
86.92840777310963
62.66762388841094
53.18808656892428
82.59319089794353
8.180461168723046
60.90871696804104
46.85215992931104
48.44678651717872
27.88501267566445
68.95605910592995
70.87048537545537
41.815235164384305
82.26705015288667
7.89603061288521
87.04562590686147
89.81328920887168
59.711766857518086
35.3739513316379
47.90832040304406
95.85346988927596
92.36383310834553
16.596320963222052
76.62856418028383
54.39398867073692
24.48556419645883
90.75973372311992
74.79593969535367
57.87512852622161
92.67311003708284
95.78349326702939
47.534648673926725
34.85439791420849
96.32039695767843
31.592559734746928
43.01628174671368
13.857977735047056
75.28950569704382
77.52051459441704
88.10059717713183
78.01946323251457
35.819888078236225
23.00623294263486
42.93141822730413
67.58230376043011
40.613688568647135
54.91948131674744
54.63637649873489
47.16654745224274
95.54425822608087
27.631568580458026
20.405841390909142
70.82915876098834
48.933545224801094
skipped
83.7462084746928
57.09838401425832
83.06640880387093
60.65879934324277
42.717580109417895
75.93001560908168
91.21858027599276
67.63441226515197
64.19087087379447
73.3041113845466
26.777223423160212
52.40860582904761
50.53185949147317
98.93668901606569
46.27159487184198
83.92312231778345
39.25585746972936
73.22084226474837
32.75446109739479
95.4114069234191
62.10045670163202
34.281141870085875
70.08791655186414
14.561794200008372
82.32328871030766
43.26469564957292
51.406151738511646
86.15583373493614
79.71125556067324
55.26943883747074
82.00450345233416
55.25251348211339
97.37748822785733
77.50012003500224
90.8012435142211
68.495661425032
55.304860714452495
80.91176703454734
63.79618941984664
58.43484098501608
72.03639435047313
95.26417208589872
70.69161452923294
66.34937071728432
61.392586544127525
53.34198030981685
27.153486571616405
96.12446387615037
8.375183551379383
42.47778541827746
25.83603601788309
85.05979846609706
83.26549894252429
98.68016541260349
68.62962998672326
52.57773507213327
68.89285777952117
skipped
63.14709329599528
83.0010582169382
84.23030705019607
87.45713825711671
70.13385447415554
90.38725062533784
75.95921833285685
88.46139944435305
42.78342251634948
96.23331386456373
69.22683102345086
58.24767762028207
73.85392335278515
34.29616124773083
81.30494775630116
71.79442047046176
19.95663752841872
64.5782957329188
32.39497074106981
47.741303257347255
94.09316089980803
72.29425998811865
2.9863710792814464
85.81997205043153
85.43597818435916
13.860809782375119
42.11718365606178
72.18442871377681
77.58626444735148
75.13461146554033
7.28748673346142
98.66561397368321
52.88726764479045
27.81476307302883
47.71978781149238
18.40034361115868
55.56629248280608
94.99702793095176
77.99068792334471
96.28088116271809
68.71658291374904
45.59294015526259
32.96731416753324
88.43183702027522
72.38743930270452
37.97683223221914
38.973383891656084
64.6522716414711
81.72732289004679
86.24330503507397
51.220219441936244
67.1420548243621
12.434349055332259
68.60909420224615
75.91148829061505
95.3774684564452
22.143113694739778
64.34005424442594
92.40981926240359
43.868780190805424
23.161738116274712
38.80924866087398
61.49292510390987
97.33517282230221
82.56437490621546
77.44420446359514
94.92946905538777
58.27025664911061
66.08585434553727
80.70149150107996
87.78423954288914
55.37721217630916
41.29087539964896
75.4014865157578
84.61198365817933
91.77520133038927
88.35349009620683
85.62399569641426
79.90984903157936
14.90837045285617
50.80754985050581
35.65570644844192
75.23237820316287
68.87924449061943
76.77517581304423
59.81028403613894
63.7137335519162
76.81253567301482
95.07491952533621
50.79317146048622
41.73743208936169
26.596497141928147
66.74265448464377
29.26196898596521
15.992358493121298
56.730697721675476
60.79655248730516
52.57652799333714
73.94019158302106
89.51981957075621
6.927734336381415
85.37985219682898
95.20783807974026
91.30028526170017
36.232112879556894
25.19036697023385
58.816186284440406
38.4838716016438
91.12066208087019
79.03964412619081
90.1855827794133
79.98694617391702
60.99624262425755
74.78927662940853
74.38228120917522
61.98553230711597
69.21211497373898
92.993168592615
88.3660639829334
82.52460279552896
76.84552889336598
81.01632436241464
45.682822205460425
99.32684751320761
23.625350323753786
91.59112987151461
73.33198494636393
86.04078826672513
71.04900269200995
40.50356296765271
94.34597655516522
66.49229494035635
87.29564562281473
96.55366717198366
51.0410291119358
69.14199531525946
82.14962184892137
96.25759153771604
80.57698458444564
30.249507987592224
91.19907771021062
45.38858716653656
20.452760914381045
12.268611235582119
97.71986104411495
82.0978135835443
51.394330492377144
56.6510787796031
95.87593891074822
58.676140051540756
88.92557461110137
20.840012672357908
17.0769878923043
92.61968430389686
76.15233527960642
68.53489826575725
48.76231778048798
81.87060406469878
87.23328531429422
96.31404327039425
81.23458849742202
98.88364533809595
32.542241321132245
68.39544572920865
39.65425421418937
77.88125861944688
77.7359374945202
77.82363163261164
67.99033641644195
72.11526427597072
37.7374514896526
81.34951679668471
84.21745127351669
54.859392905524594
61.189467921001494
73.17228827433745
26.008815641495165
86.47236232061985
46.392106022879595
78.5701945223418
94.16899918792313
96.74288801246003
66.80149274627851
55.919686566382715
88.70243976570542
69.58101656405286
91.43090541767087
64.37694495172123
69.20318330043892
21.188027614061365
32.388559871845494
12.016675878987515
19.745532847693138
94.2573594931331
95.96419204744026
12.429180072161438
72.36553690124383
85.240141392246
67.01064268468963
64.72657259397701
75.44077121645451
26.15547352801096
22.792051897131305
93.48647471258043
69.79140304163867
11.11626929869343
84.48309574827728
68.25755292414904
28.84934919980457
61.84401075631587
42.554184994435154
61.561928838826574
90.0644479206414
77.47297198179287
32.628888559234476
88.22027572344875
43.09607823511543
53.45862416402567
41.30947529525694
79.09742351862153
92.65151853913929
46.40397577387258
54.627698602788
57.776467182869006
61.50682237413078
46.1879905473412
41.639673828328945
81.01237170281196
60.42829237406911
68.06273501432533
71.81757997496835
49.69738246609153
97.63972910745733
24.55251569701437
95.3438565149265
43.311897008658654
90.34715795174252
41.60795799711955
87.39214224660331
98.27853406615264
90.60165719249986
52.51531920632873
45.8514883340208
92.30118578233119
66.38289125629072
46.12973340913127
39.554147424254
79.91872559581249
63.231709115483156
86.64938236006306
62.847548121984154
54.279320626001
91.4995893458637
86.34218682180985
91.61734285313595
91.41486964056003
54.03879640105443
87.01550763147756
55.90195314442544
53.779117835953464
54.690957922736686
14.612858416101878
69.08366435947377
58.37044625007841
43.63932491004227
54.02988738745167
44.941870743685115
95.42266952064917
99.1578462662698
73.777111141932
47.582266588630155
54.00535388583731
32.50993480132359
97.87321563149717
64.64247240680893
84.92935043582489
68.33410640280614
100.00772305261653
40.36013990542649
64.94568604321552
56.12044113106225
68.38152186173637
46.27219570855469
78.97784406577748
76.58523170122015
89.15033295792848
88.39371940773087
87.88813976738821
61.12180155892646
96.94697288342054
64.49448710398104
83.508006103731
80.20670249566416
47.60604201673176
60.221676626946454
26.135898421827633
63.42304991912383
78.3395513232357
72.37094673760808
93.7615363779147
34.436236700378814
43.049662953126024
57.537190946782964
59.865979204632325
29.530794336568782
69.41341550681899
38.712933886002
55.191976387341
72.23793279146999
98.83559392165513
66.02328370819514
skipped
72.25162202727586
59.84064153258032
44.437343059007006
65.05067798378542
51.995107985448165
94.55231270183234
51.01136696088913
89.18197446978904
skipped
47.421315278530315
82.44384003617046
62.21917473323901
91.82676623149769
92.83446333595069
93.42965931872881
89.15950237800293
14.622754402125146
22.95703075862469
90.213406400983
53.14310300946291
59.83731236351681
33.930928773859314
77.02859846848457
93.191775878028
63.13747126161128
84.45882013713599
92.0146527499154
11.157520653017132
85.745638858641
56.17545699838042
83.37968756947811
74.53877830131928
91.93247719096743
81.33599875968666
77.90838299728648
18.933636177445063
97.54530211212577
97.87866886766959
40.367124096976525
95.54606297482812
85.49121595656361
97.90694278112026
28.5563296199437
95.62677865987472
97.59729358909908
52.97935538429141
55.81203514151827
20.381452149315436
76.12281866678815
93.99492098535019
96.53727918311168
47.30417141422399
15.811351826305035
88.66039551852138
98.47903612924173
74.44454984280495
49.82541021819108
17.585590181978628
52.081914672399826
97.1298631192232
84.45110369384615
85.7265876307827
76.78103972382205
41.218352992338865
91.80458104434449
68.45681292403391
88.74795825896932
92.24914055366192
56.6211022281908
96.76219581062448
91.51792696655653
24.411484396369595
90.83707107156481
67.05476692868645
43.84769026087554
53.52895173883232
76.72787016407598
89.98361043349225
65.98584391970726
72.94471939881645
98.53664872140611
69.44082201780374
56.43674553014793
48.50617210202815
63.01560434862971
44.772737706110206
90.95487605100419
62.26164138860748
81.41923225406326
69.59298852465477
61.55854774407137
34.56165233561865
87.42839620805817
87.7415324109969
63.02131169592421
63.499707434325686
80.22364589223318
65.5825981012539
76.37067572317288
66.27324104669749
39.40972240179206
60.82635837384778
51.732287253415066
64.84141464392904
39.299198381905654
68.1294688786041
27.436189101154593
59.41029261871455
57.76379529502962
88.5601408285287
55.33872251500729
83.65944590557935
57.99559989907019
42.690652635033594
53.16191813814267
78.05326444000588
77.77854993438007
45.027297443866495
54.728512877613255
30.977169464929712
51.038160986206634
40.286646837770135
35.60301444064736
96.57708296381547
98.48772906109821
55.43213300881974
58.43502669572733
54.3136535165334
68.64066303282469
38.08882928549519
70.95234695632278
48.26392610488037
22.855937518151656
82.39917754882312
73.97686847148677
65.43527176419175
31.733776715980405
95.23376191476531
59.01750486304107
20.12070560683437
60.33054165918931
99.52152966502192
90.48334237982186
76.60807215155799
31.86927171754625
66.0649946783636
95.5014597329491
25.313622166159618
93.86626594388053
39.01053042727246
60.78180399034134
47.95920565098582
98.273292032806
76.06330057451365
72.2159368063461
90.61863225993602
96.97281479551457
66.67333610534418
90.07935871693026
78.7970107237392
48.22294898587874
62.354098650009114
33.71511456991586
55.85612939293867
62.398499314310826
19.436217585391788
29.672173741116552
69.4400982294222
89.83797511341344
skipped
74.73016150730379
68.35654622604034
39.73970031271555
27.26222945368887
53.92723289250987
35.878650507913065
61.05751988586051
67.91451454703447
94.0179125246845
60.73926003116068
64.27934261771485
76.90187905969296
46.7047439165359
86.08584938190523
61.014756795906095
64.16540286113373
82.06855947440688
55.95818345815093
63.5098201339626
85.17209481617114
62.71874220903044
20.047058779376137
36.86623425220677
74.5658211275829
52.79676151957015
69.39309347216098
62.086046887331555
87.78724581327388
skipped
43.36753746004721
51.058426037832966
87.76120868168535
40.315999410454666
76.06223382601047
65.00040692560943
89.68575533944025
56.63409684591358
90.99912172757874
60.80206154470176
73.28162767555938
74.9902151718523
18.205503158706243
86.16002358560772
54.860250394191915
76.54064832070755
94.16452942300022
90.97017942896474
83.85771597997059
55.08782399440376
70.11785747718262
67.27857812558813
99.02835045489539
89.72529851569583
36.15053929475505
80.1697761642628
98.5910617031638
31.640634477881115
86.84514678858787
46.873701259146856
36.91426232328343
98.74602260404399
93.48745029807891
67.72879380968574
94.73347932117716
96.64070134770076
49.767465790033654
77.35175586450437
15.43574138807539
71.62381015154502
60.690444940189366
69.41640772925649
43.80325232886176
15.132817752953134
84.389395548592
79.0467479897743
23.443406341489805
67.85445699311522
82.85212464670475
27.936535630832
65.8676872259096
43.035000254631186
70.43837530758798
91.60252101430589
93.64276550075668
78.75837529479277
60.97737577885824
39.76038330259216
92.9561470034001
54.499762564299765
76.65873985408142
31.703223753641048
68.10675298216216
90.97961014816649
49.66624947423245
55.82106048508765
60.42542001420362
76.64246056587369
38.60408347579622
91.16740321498493
91.73440221971215
78.7171465838292
87.72939850486028
73.9344170429907
62.11968942959953
76.06206807840509
75.6858934421831
39.053871805667015
94.63562550347918
78.27174283619075
44.31677412040388
76.3156950173339
32.19481950105246
97.3529621566624
87.27519246549839
83.96414706994324
53.490304336948725
70.22930165928175
74.09615754905674
83.23477859317651
90.3917173908732
88.58756102432596
77.53553170671451
87.24028443788629
12.173994025409984
50.443062214071944
59.92647083404967
48.77436621928458
73.4248424457284
53.616148267750596
54.80210802663152
42.18329693228654
68.99770783624771
31.201212104522586
29.53939397157292
82.33888069773326
43.147453177316656
94.67247785377415
17.69350299290696
83.97399860433892
46.87639132849493
57.13275800713863
79.5502223343503
33.932647058854045
67.97260873500568
27.57432815903041
82.93919312285972
76.66896929087876
56.73736349793632
57.99403261032123
57.76566623299788
94.62991762247464
95.81476721593945
73.47412479893379
97.20982051417428
94.09941058334937
75.47379310310998
97.7223405353973
79.1650719939666
97.70897142155485
24.91769252557184
84.11404208660761
79.52134428683618
skipped
87.45301372088167
50.88233377448096
47.91364260289496
93.83075861078899
67.20890451148342
50.44999589606466
88.19372104360335
96.87097467503331
68.71019911464758
93.05389831949236
74.08116018838031
96.30375621897058
80.07603379069337
20.145360127660677
49.663284869736835
30.044256157227807
88.4242735169991
91.11285313567512
56.91060969280929
52.04525377176735
47.19453436879638
97.89951779395261
skipped
48.49841390744307
90.23116893358184
69.35090759555352
83.10581614812993
90.86162539272222
95.88684552699436
57.4499725885752
23.372528927344767
84.401673901929
68.07400530249086
98.72032106163063
47.98402128780819
67.169898848605
81.8392694981538
93.60426759235742
72.51836090067741
68.0447963983272
87.22486146188497
46.9014566824566
69.43472491277294
44.56657979071634
69.17169414687909
76.1503663174907
98.11928659842576
30.38106819851457
68.05351131975847
46.71249315032642
35.41277063996476
17.646451035484514
64.2158889665768
79.17613170322787
81.01603664337134
89.90289732808162
26.250845747619866
70.04328886921475
69.30558403717437
63.32505212256281
55.38202924543735
12.478311005631474
65.5173713332048
18.0138566475443
