4.2842170319939905
4.6097873832766165
2.968871567176307
2.9853194468144197
4.2699356935509565
4.076479754853223
1.2701424831407708
2.567623995064085
3.352735246570907
2.5372362134159574
4.953117465855631
3.0463652783962103
2.2541579882356806
3.61318019232122
4.569789360600704
4.617206879012256
4.078501284898889
3.214251434517074
4.403000286290485
1.8862649729787626
2.53803518926186
0.7445898043750803
4.366189518470853
4.513162991405061
3.8776072304058387
2.6782930302497907
2.8470268406873465
4.578653100785721
4.235612859063908
3.520729910807503
3.952144946211159
3.4105626146738017
4.383010568552607
1.1527778458022626
1.4047636274638753
4.237414934459479
0.55108777926829
1.722887875914567
2.004366511067147
4.452446901920624
4.2291219327323315
4.867908946384259
3.371307047871639
2.491797601349945
4.967602926252589
4.4972018739219894
3.929270135351071
4.1435031562812075
3.601833489655415
1.9225023064214202
3.839297561021368
1.7975049199977224
2.4483438189057654
3.678261005835943
2.795323738560453
1.9205698655266505
2.460547175024095
4.246298814655929
4.995429831666789
1.9922502255482393
2.1824844246703696
4.878969382007552
2.901946188775741
3.2456567800953615
0.6499369381576421
4.8549410091196785
4.388815240725393
3.987444411181658
1.7237320946474548
1.8073963662769175
3.9501896953247315
0.9935134750927714
1.7304269798404548
3.3384729688700077
3.066547083058432
3.609920911909016
2.662313706950026
4.385209888695175
4.564435217446535
4.754147695071333
4.151828461375342
4.856752723758741
4.913612137113406
3.150857580784052
3.481017475519963
3.644395596665003
4.159090638445189
4.41456094319295
3.264564915142722
3.4874790986193056
4.516535090044908
3.101368591251682
4.658322558876529
4.368386578989141
3.954061262800923
3.7469205799306398
2.3315212343722544
3.7737470357128493
4.991737295163939
2.2929077251793446
4.131512894625347
1.1921865235422788
2.5596644160798276
4.1444905390393325
4.658700442882647
4.733800226254145
1.6731600382125806
1.9047752167392304
3.882634114962502
3.9203635411910978
1.379581432563766
4.140714451252085
3.587737205774354
4.383737752625336
3.529350004174176
4.054349070227642
2.6802685808567817
2.359296897253108
2.0077028476096546
2.3692297598599614
1.5025616911085682
3.5171875296536266
0.4608486732888746
4.999685438751217
3.4812887846316345
3.0441898409480146
4.943996032715804
2.2173320282835403
1.4346745420428757
4.94383007707252
1.8555518981946735
3.6279785095172072
2.8096767510263803
3.20286999816867
2.5707737656550913
4.824017575181039
2.556145519551774
2.504022623232376
2.701094003101609
4.619464240328348
4.999084695060486
4.07269555391064
2.6699053627689406
3.8290976053613477
3.808741328005117
4.580359004030417
2.9778457647256995
4.868503850610643
2.4300013907399647
4.504619218950795
1.9295152812697465
4.172745522912329
4.298311839399634
3.1989575527088845
1.2922412367789071
3.5474576516819534
4.376232530946618
1.8082212255055288
2.3735040242824486
4.72439257308806
4.3787882806110066
3.251706001274148
3.6612059540124853
3.0070344108700624
0.8914145436335039
4.044504890915761
4.213493729988375
4.6747555378399195
3.4394954899564665
2.3523617302662982
2.2069454610886545
1.4375536763500205
4.065632472967506
4.46044793071245
3.6147837747498333
1.2178905593024172
1.869380639929304
3.740517273299934
2.9859153486778953
1.7113730302694463
4.100398326530691
3.5857700570196758
3.2623708144158523
2.145342286101841
0.9481855335601763
3.8313120663742204
3.647152634624104
4.572076608261343
4.7667951700062146
2.008813507676407
2.424735904136494
3.8407316311420643
3.1459365827120926
1.847505298650626
4.494481086700507
4.7193462776597315
4.093266393669033
4.53807167835274
2.9233372661938843
2.0403412010430912
1.0347594131654705
3.2504767790203233
3.968510042431051
3.553064043030363
2.3924671122440384
4.228908607883906
4.2804306429402565
2.239551265276768
4.536128490703105
4.166047286457612
3.595911285805843
3.8228690677862818
4.494704843970333
2.857953532133096
3.318458348331573
4.644365516088096
2.081235673681915
3.070067441138464
1.6597129503075683
2.899271748584837
3.1116602316468898
2.3238601750680874
1.3136770738521508
2.84858310416984
4.456965926860234
4.908512254234928
3.6440327580329352
4.7371646820235735
3.8322047886848774
4.262698558819232
3.2258333870609945
3.4011558690217965
4.17872657435534
1.1687899458930522
3.3101215474486123
3.3400503045990813
4.583917507220707
4.775318990110341
4.5091837739721
4.641406652963665
2.100760822461878
2.811938313813625
3.899447336756224
3.6947646697847936
2.5219236715358937
3.753720041148957
4.466134956257796
0.6077623800393398
2.6496127083761674
1.709986432999368
4.093177659310254
3.736772767623774
1.1392052755565407
4.309542805839647
3.6127100984623737
2.4428780965891272
3.3308669782556506
4.552754915967589
3.854657922696552
1.949509957260295
4.957494510358657
4.139882301407097
3.473239788693621
3.650437862706909
4.439353387521628
4.6837554380191815
2.2985348975640343
2.615897295361093
1.1066509616306786
4.789004073813377
2.7682416089579833
3.6170674124998934
3.333701838018912
3.787365136835342
4.904541013923448
1.4868398012758985
3.95533170801748
3.767229325801492
4.763803461267515
2.1267234569509554
4.685899377834372
4.232864104105467
3.827150809334403
2.030902222854681
3.968241292876489
2.946743055376013
4.026122861747383
4.173658685579392
3.8058125036635904
2.8831885369107564
1.502619872637522
4.326601030339394
2.5401382162949417
3.6415287099545637
1.8897587708816639
4.167279597170279
3.8368041952496434
1.8609236727710334
4.900293993124321
2.332433628363288
2.6606964915798477
4.420860601208059
0.45250245345339457
4.5282078866309305
3.875447429216968
2.0716870187080603
3.741919592429862
2.6135018865149204
2.276477582123333
1.9225469534412287
3.3409832845126255
3.9871292160726615
0.9067439446056931
3.240364198316227
3.8520301151809244
4.824566636931197
2.7842470967439814
2.5460241108405315
3.4856313877734815
4.576989078384824
2.3771048027151243
3.394738026876504
2.8061095490560666
2.839964155676232
3.8507910602792492
2.5311527544292205
4.2766508610208165
4.216326027977465
4.7463301896114265
3.280065689733427
3.1578802338686596
3.070032605374529
2.2759314970330102
1.848431994407794
3.168255270340627
2.7538304979699
4.706695571493253
2.9147788696858057
4.183217751873908
4.556775628338725
2.531607904408364
4.937566900291774
4.293329129570631
0.887009285615188
3.5829892819959683
2.382503712091303
3.504622956340821
4.735620664236648
3.9793480735201876
4.937217878670362
1.3549979170759743
4.722899624215217
3.078833216454135
4.445247842825696
4.682188812224575
2.6495122361407164
2.5259427318575414
3.9349753357544857
3.2639879648332086
4.10792831193103
4.054592849557843
2.7016840165875387
4.1138208271887855
4.607858242406923
4.087334449201338
4.622273476131355
4.623268079743489
3.035654320158684
1.5320868388201727
3.5277258775338156
3.863375650946516
2.8878418386310787
1.8011384359595042
2.872481203353951
4.540042938631792
3.9778201260905153
2.4637087804416202
3.2238059723226913
4.842395771097199
1.6481605403626882
4.106020639693932
1.309794723208646
3.539118471065586
3.8950779352923797
4.338200886877602
4.269267855737514
4.950859951226729
2.244185250391509
0.7469056415662104
3.659365142582783
3.6026153157372653
1.9291805110146294
4.059529054579033
1.6676833971850409
4.493177750518534
1.0631418789071458
4.123947968250739
2.6600293627437632
1.4797672671681956
4.531639323795624
4.707566149208325
4.29630230075166
3.226380295630658
2.463980643608553
4.478754789824325
2.8857330141619206
3.991759358582393
4.553333495863246
3.5883588992922837
3.8718224850925664
4.546901664563671
3.907358127921414
3.901220278382271
3.828130072529456
4.893174428866345
1.0843872172816078
3.149947702697056
3.341582554019923
1.5327924727436106
4.298165536061167
2.710209321139484
4.916461827506804
4.539010322799684
4.4202391072858624
2.2569995052145155
2.2457498897705284
4.298323902722734
2.5988481160342114
4.565118455336329
3.9382616654696254
4.846035028389805
1.7308376194668755
2.7428161181901904
4.452318449803637
4.861345236807217
4.19536887342162
5.008487980869329
4.505418322198084
4.804329543479849
3.7636552417387565
4.022615281883649
1.4553110445618473
4.199436433630415
3.290865628705115
3.889058153968927
3.0324685813599475
2.435785342626651
2.5307366217051865
3.1796847154617933
3.2855500467345644
3.859304290840451
2.8008854486313215
3.1279774002007237
3.046162244846407
1.1877481269664258
3.275195556772383
4.576897735511032
3.7895281650824337
1.0191511027479956
4.772954149146498
3.6834486364267183
1.7647330317259342
3.207816178093235
4.717257156435882
3.821523709496422
4.991016175818338
4.609602158010264
2.884058410501455
2.9984389977641355
3.4166328393879377
3.008314364765999
4.14605634793857
2.948409938039363
3.976635262273572
3.5231449118646383
2.9803627006507734
4.358232135151158
4.14781999485726
4.930111986790286
2.0445766122483797
4.605336432096963
2.0933923094909965
1.645600851889245
2.673568388860191
1.7043050534950213
2.8122787374533513
2.9824830505726023
1.8969564969620045
4.981803947363401
3.506913817325557
4.857312255762293
0.6285329618532646
4.252850393212952
2.025935110499754
2.319940369711806
4.886356712198452
3.0889664447582743
4.21866002322539
4.362031617072749
2.302726040059623
2.6906109086204237
4.578986985123817
3.5970616482373607
4.625583444287205
4.840017077486102
3.91586212068231
4.546416602562748
4.8719576855942135
4.751695709641327
3.9223057529507304
2.9555237499423708
4.972288462698074
3.7852876851182238
3.997637082898035
2.844106244136402
2.4064252725298307
2.056912307950057
4.366644299595956
4.05723533573239
3.731947153160378
4.578166436584695
2.168027422294889
2.7769136231507336
3.820596575019072
3.4754254476483295
2.976631536604219
4.011328368957344
4.451710431323529
1.8055204122181878
2.8099844681323036
2.579559791884916
1.04332575837631
3.7234176315392506
1.8809505011031884
3.848510895281598
2.7365983125305946
2.2144732799566382
3.77135108059729
4.737531235709524
4.347430291454408
2.4672627421334306
1.1355672461415172
2.552147727627211
4.485888265049227
3.4629361726649095
4.074567565079352
3.7096522809286694
1.5781169152995196
4.7330672610518505
4.984274782826088
2.523956930942844
4.521055367095311
0.5565289227892489
3.4798118162421323
4.292811306444076
3.020199988252682
1.246197475736455
3.800170505043968
1.2245258813357238
4.716094187489449
4.347390406644214
1.7146277958507845
4.307123316111427
1.1116784471603063
4.850277425730608
4.723595102243827
3.4139149491155285
1.8740492794228196
4.66136821699667
0.592543136210386
1.7477915967617366
4.874833156013749
3.4517863122453436
3.1680498301322517
4.644981670000992
3.607560146369697
3.8592350843166012
3.053878270764216
3.5249002429101166
4.472848744141005
3.735697190215582
4.777384423232517
0.23873012145110062
2.7187570598761375
4.079569645670723
3.646055735218972
4.202651794542271
4.162959943685241
2.2350892835630485
1.861655055164257
2.1335524647310877
4.639213317213392
2.1458042083640256
2.6840077317968922
2.5992085289139135
2.916500760570368
1.115901401588302
2.7583308033302147
2.2988865735503836
4.865812906951665
1.935654366985598
4.295103644522245
1.6819236520223315
3.40505594060287
4.037033665460287
2.4109245374860686
4.883541228716288
4.547966276649898
1.1566954716058166
3.418988408912513
2.8966063859829783
3.417934852229794
3.427523140824537
4.93107053119432
4.549907844541462
3.8049738156380557
4.524065333014162
3.971244852401235
4.510598349472089
3.182808871347226
4.958816974996851
4.726757603597271
0.8666755357675641
4.217707041272258
3.5907704471464514
1.9544846893166437
3.4474907650962674
4.166018457420275
4.97487928116199
0.776376340835324
4.832135386745403
4.9778515453347305
3.883423943896574
4.620832661809546
4.073019625204597
1.7701798878024726
4.300163707148497
4.627266658727896
4.337800965316835
3.914780171439605
1.568083070874494
3.9980265763260405
2.9459499204169446
4.924440082062197
2.0919905993049888
2.801181226761298
2.4028521691245937
2.828464175178911
4.237040588113854
1.9886898887463995
4.170713591989408
3.937151472391779
3.0888290798986784
4.082421008361564
3.6552030212526354
4.789873625113184
4.27109155296292
4.661407997278316
4.012398984612392
1.9178572798355773
3.8821738766474443
1.1329056622465017
2.1374367969102193
3.030501618888144
1.6722085491498242
3.7277680758702685
3.0630529986987245
1.8555561949330108
3.400095428443982
3.574122738474329
2.612669325355334
3.2782758783818657
4.9325314639065345
0.5223887087107197
2.013144731589209
4.744034950879997
4.366867417879173
3.8420105033451035
3.5639684781107213
2.252383069358614
4.825210078876753
4.018687003116127
3.566696973012351
3.960425878990495
4.986258382272861
4.640010336151985
4.792970420797902
4.4875635977946216
3.033086237010169
2.3726233948386253
2.99496098646001
3.928800835272512
3.631115816898486
3.450704670376317
3.0605684225470333
3.22946840811236
4.754887290060854
4.820704503735942
4.563746853455989
3.1493657667491877
4.826886165671169
2.587277640950576
3.941550854412708
2.70305781697051
2.821539165127663
3.561225333274714
3.94349591508604
2.3099455508311277
2.6619037775835652
1.090330939730693
3.3296994604361037
1.7781220490784624
4.44370121378876
3.1803581444840123
3.6112920334293297
4.182228039317231
4.601828762040595
4.2139627589770505
4.19539010215884
3.9848841112757043
2.6985753364390628
4.367266994711503
3.4680391299343873
4.136900091023023
1.5189303027590522
0.8707036881201335
4.550732248710631
2.9477031978546187
3.4692452164625753
2.5678360722193547
4.610059997910384
4.117306959920756
4.961622856748501
2.3808418593926652
3.6641782837315366
3.454918093931942
4.672102786385702
3.5716962006917954
3.4595161209909784
4.825236162789918
3.723355448310035
3.747017053451485
3.7826947744293773
4.2593495670426895
4.51502400579394
1.739067228836954
4.657973604295857
4.713450072726181
4.27778674377214
4.766665744718583
3.1809734001608247
4.911776557836894
1.0838090243384526
4.3700181116808965
2.869806614938251
2.5703070849676264
4.0557660854858755
2.961955586516131
3.7295546278951823
1.373134338197327
1.6814515570122355
4.206359044802345
3.8332474807938195
4.846232517569102
3.2413534535973825
4.028346789862153
3.033259755016044
3.207534825921432
1.272239641317476
2.6640776048874595
4.701282910390696
4.587036014282868
2.124103472691821
4.102415207066414
1.5069813763617672
1.689323809268051
2.1041929207359065
3.989129240193911
2.101988280375127
4.241207968536145
1.682161047590151
3.410807745617264
0.9540865289612463
1.469695265093679
4.860500016631461
0.6498010481018464
4.761655968997177
4.2394768678009225
0.7179622921562522
4.83613435586419
1.1450200319947719
2.264576101484621
3.4877769085568575
4.566345772189802
2.6533151560505064
3.216259486858982
4.635231099188598
1.6697762561502427
3.7815279825288157
1.9225572964931594
4.515948808312502
3.29386279117846
3.2811463381217285
4.75670606338015
2.797328250435035
4.33866961832214
4.829228288302702
2.421407391686745
2.131638067198943
4.712176346542662
0.9760069954710237
4.171738737435539
3.739824558552907
1.2063351646761056
3.9207586665212735
3.813176373078426
4.621470772078223
4.621026862855036
4.174162418892988
2.477538007404224
4.130185575531186
4.173100368842966
4.912970297404793
1.9528064389140474
5.000798711161923
4.768093696365921
1.7585457962803748
1.581195111444557
4.85050246112867
2.904541386365896
3.555898221746006
2.584465755403394
4.287299316211533
4.073480460769967
3.721540824504298
4.1457569829802745
4.811511345825286
4.019450573056151
0.8269948167286167
4.30486970529966
1.91044458740766
4.552442386341305
2.224429527613855
1.2551743597267646
1.0910024509906064
3.181482192473602
3.638113037025551
4.723109354646615
0.9899771509842955
4.525609201499355
4.657109418272651
2.233224007363569
1.6219553989589446
3.52121934636322
4.86098019200588
1.325035891192008
4.247279448016248
2.4326185585929054
4.6874232480812
3.5319606856308794
2.625286618912507
1.3908363745615107
4.676822503916475
4.478201217208165
4.821955004676529
3.8514692795032373
2.566565382589408
2.7464619938885297
2.9105488766538317
4.464000893314336
4.952924359946601
4.321398383511339
1.4551390455084916
1.4207479696622993
3.417967135366541
2.5690647219299776
4.817188345426402
3.4595753820309696
4.934342344343575
0.3789015903230516
3.973294817949063
3.6679855094770026
4.988399541874717
2.396133781139731
3.860474724436619
4.380565194147212
2.1461369288343333
4.536912673622209
2.009624403834843
2.603297816535054
4.9381788071997885
2.6832944971163273
4.901626502893671
1.7679972444406826
2.151512081649864
1.4158306997412955
2.964205690735171
4.465014250213465
4.909317654384548
4.424451202398345
4.3994628121409605
4.198440621609562
2.057288269456581
4.325954124194009
4.656074010388789
4.106878510484714
3.941620123729298
3.177442447600988
2.0905589118506387
1.861426778217838
0.39548366722594236
3.4128816447130714
3.460467179771643
1.999695361695527
4.844735087874437
3.316478292683039
4.526199414146794
4.867780028162297
4.022380024548493
3.6489086009571015
3.339681432492921
4.948344874000137
3.416572003358054
4.968598569022409
2.533459759814439
2.7746257684646976
1.7267061560276507
1.312761090358574
3.7611146245184965
4.3132975747040545
0.5193170354951239
3.7764505460687614
2.869735199840648
4.94548365162318
4.477437931836204
3.0053705764402348
0.5115839046794284
3.221673373924746
2.2179428763216777
3.2239940144559966
2.9265107761330698
2.3857237899466783
4.927218640534564
3.572274853699619
4.535818688352388
3.1344698061569667
1.653908441979332
3.7020237960546427
3.358777852463749
1.9390033287266382
2.3275908051624596
3.504496792648976
4.037237688399267
2.127284797067588
3.444474442307283
2.6546982927358966
4.616364365935855
4.354594892459576
1.268935301702247
3.280390867067105
2.4759810458692257
4.940958567678526
3.0440593932064597
3.030015499157302
1.336598210780065
3.6576173498141857
1.6728838617148962
2.915439476730794
4.614188710129844
4.896654240975457
4.788117983477231
3.239914305895485
4.387162881823001
1.6667153462128368
4.949611970526631
2.3865388496680686
2.3168656680017525
2.5912584215604495
4.62975678263862
2.8638763745887306
2.8155256027682127
3.0136132654953958
4.389962575731486
3.5744847693464825
0.5638641530920334
4.816083950356818
1.1157516244101362
3.3689291427226395
4.604861093360464
2.0511086000917573
4.934213685187327
0.9711475832001654
4.230289484755616
2.0723933976957487
4.474599987581764
4.8307762480630805
4.9647717298940695
3.227449033186866
3.9365408491793437
1.9612463397790187
73.76739653374217
97.8832439959926
45.35318351087255
82.81773864330422
73.96177204625324
45.77726457215876
66.59063460021473
96.55035973375267
89.83709293447964
82.26369762113046
98.90660754751963
84.95090397668505
56.29454173949204
90.73731799611336
28.133796519530538
77.5322313191336
72.1189271680456
96.40619647502558
40.723954443625054
48.2923367563951
91.53845347470619
36.753944565083444
71.1868514399515
94.78959261554111
100.14514880898452
83.44669430750363
62.422333865209765
35.700949768122996
88.74195761176291
88.10213787508462
82.15399665128038
59.299335393495426
81.89878165310887
44.838484631303615
87.75023636442626
97.78487676239612
72.26610020683835
70.53841778948443
61.41281156269208
98.78288380880873
76.29880631218705
70.91381907854549
56.71540035689322
87.64606394915093
95.46048976345148
75.15581951952241
74.14498785658053
71.13103640702407
93.64823478362688
73.8020990238235
92.21091375332365
90.51598966658887
96.14545342855469
75.89226785115638
38.406564069083245
91.09509494725808
86.065438874134
98.39919492025689
80.64493634939245
48.88722527437281
89.4785796351219
52.31377478933335
98.73859015158845
85.90346647591261
64.1745218592722
23.469687727106226
72.62972092659156
69.1092522776903
45.64213071104313
71.39014372084412
92.89254670349852
79.89724859800552
83.35631661566016
80.68316747717739
16.691410288518604
67.58184762464492
54.26526481438646
75.14687885913523
85.00313499160802
80.6241383069471
87.91161453922619
74.64475061334203
51.6426694819024
59.38808755517229
10.903972957633561
41.440552300265324
33.836048812810006
99.68217842071051
56.3472614577224
66.25340122039046
48.53853038258973
72.24062027668315
34.299466187000085
60.63106145096691
40.20685506288322
67.29801545016744
80.97839656281214
80.3226236505612
40.002230798269046
46.31369931833424
55.67888605182535
50.9503547455462
97.71017939483463
98.39622895371882
45.41022240778355
90.37714014741283
78.18325508557098
38.32725340058746
48.602163745108065
77.08926841948407
83.84439846304222
62.23663702591805
53.4512981716748
82.6943352729241
94.88315206352681
47.4275012785571
87.88841124897955
92.33120715807621
14.13962954008873
85.44056380707558
85.62206031103813
89.37944129743858
54.83431198385794
40.219125117999155
64.23917918246592
49.95769292067229
91.57956293406905
54.63182601935947
47.04751248624771
38.96763556692214
91.94659839638828
94.33867351941427
25.00227176039736
96.34349372856013
57.15281087596135
56.14432668109264
71.95303240253943
2.1927212993108047
89.71593220038903
49.558559796423395
67.5325920291284
87.07187113915622
33.64539938718917
34.78846775433663
64.20449364721077
95.2953183722058
26.464416529040733
56.52493290729495
90.37883135092117
79.01540902310354
93.11004517056006
29.554780788918876
93.76381061459473
57.96738832262353
78.68328384132724
55.167382787969736
82.17508513060406
98.14898937546766
98.89076065180446
97.67600710910753
29.999838169714668
84.01635727003648
63.97824701873118
18.736109884142888
94.27500111576457
63.230038942437346
75.52351312881227
49.72511145801347
83.03611807279805
63.03292382673689
98.20305973357404
31.57653525290724
52.01735474509896
52.831706568998285
92.82510735888262
96.22121746934094
97.66064582579362
56.64516769428871
86.9742431145086
42.551830907737305
2.6684939125070173
57.11417857790711
55.82490030915067
96.57128522689594
93.25596553345359
79.98934700217539
93.3428832958026
100.0062626165856
80.14197307086714
16.59233743319162
98.17042294151771
61.911254638841676
80.30026629148125
62.87118728964094
92.5118399492811
98.06991115060292
17.721439890499372
72.39004663266799
85.53722580899915
99.74883456074991
94.36646001972674
96.49316705485666
61.634341407065065
28.597794543424413
63.26083777963788
91.9682871314703
74.56036806900914
99.8282629654844
31.255211957855362
46.847182746375644
77.95333245933169
69.40911763830331
88.56020216895186
83.84200089453488
29.800497663436385
63.20487026987752
64.25528282582333
86.52275284582723
36.7782988161412
65.24283115746151
86.26417097412485
65.03084154169291
78.13545106544049
87.46491223326738
90.97206840427884
81.0872359920459
55.852866742754195
68.65484278113315
78.26351416056106
71.1224433979964
59.18692047555435
55.71755688380599
56.757681524202845
41.53382803050481
49.57132399687262
51.512782374662756
69.18390928806987
76.34582971266514
99.62031545796077
70.2413868571176
37.98867272020848
97.87774346459634
92.17431697533372
64.02132237439527
38.12192868495392
33.45974899587824
59.6137487155955
69.57094688635321
89.74108082159538
15.386314003654315
68.19893720514597
98.96214747315487
75.26326880514043
76.0890714126463
6.299355129794467
37.868673625085435
72.06983487653808
54.574828616097264
41.82748151628898
79.2500485795219
28.17945037223226
20.86154127728421
76.3736822425232
53.89627473749799
36.515271737401406
59.29882038541902
55.3447916085624
95.07535125404091
56.148107616587275
51.89936630552013
57.164541575011185
28.4062557515526
45.3651735858404
85.44843350278653
31.040539190333828
58.503736736560995
65.36128800250724
64.67174290279455
30.060040594229942
96.30173868770704
99.44307283057762
50.508250931819
88.36704378877522
78.93610446057494
68.79624959213471
60.10956936370436
86.82351807044681
39.118181083201826
82.4087931262168
27.705757635629368
38.233959966604836
86.97599844983647
88.93436797430054
87.32171964690046
50.99226342250424
97.96804474626036
36.86181690206111
51.00981202440224
79.13968284952793
24.39426030666004
70.60235140095266
80.37652782026284
80.4550630658065
97.92526227867664
71.92574562898244
70.76016938277982
58.298372753494846
73.06818985856695
94.0409216622452
78.46052426778053
84.42735905925545
64.84063480510464
61.933319885621835
92.32459829560284
73.87372051972503
41.79780866238107
97.01201072197969
91.46285786504212
90.8827455336381
80.93897845815881
79.0346318516997
91.72758865758578
80.33770318492775
77.15370355708353
43.7189942003846
44.19571921485218
45.25100317332254
37.94051234653125
65.28625224254476
40.15202522444038
45.92262134985738
76.65382486709119
61.540502585543955
42.127354819900425
93.7300312318065
76.03826608438281
50.40442928240361
97.44068706547871
92.05458038778953
60.280048386928726
69.78219416534947
51.965325447732
79.5173806038828
74.26283875072365
77.75026458375443
37.65157538352991
64.52069464117304
70.71046343925497
49.88391272773947
74.63571317713351
90.9452978080004
75.46732081294428
91.72313288872783
43.610876503472234
73.40744806939078
37.7868641217376
62.046107375496696
95.81886879793198
18.773070379403823
63.10871763429998
71.67826877762091
39.73825181114822
74.39380832046317
87.29735092320189
81.3862768732602
91.11478647812874
12.869586663062742
97.59682751094383
35.70567875791405
30.915400779096938
90.78580234105263
73.52865227993945
94.74585113254669
35.31792691683479
90.68948646858418
14.332756161638656
81.80957046080093
68.13613366986662
47.57880867806842
74.36507253806803
96.2111427228728
66.21413351668517
45.16212274954625
79.02335329463996
80.39935375461233
62.35789523054166
61.764547235639355
58.78701815388829
73.21728133599352
23.635227445434023
96.6458127760947
85.7345793467027
82.83977652645956
55.09038088708351
72.09603685994774
58.5294359667871
46.82219396111347
50.85239416254601
83.31224946415266
88.9087063221573
55.98781212875777
74.75861008651796
45.43155600153292
93.70230362541334
91.43936164226312
97.07589569714345
72.25485064723155
78.95097444199715
53.108001243837805
86.63705349478407
92.90751801937192
98.40263772671882
35.86895598108764
38.793927525960605
69.26303265942904
89.61938290595793
65.79668288649918
78.91791358674581
97.02434280877938
8.143392926052707
28.965500578327333
58.023888226388756
15.721191819303455
82.35066050129502
99.41350422630548
91.28063516125195
75.77357801423283
68.02333464263793
44.696492502440925
85.04899326028415
32.24026492649094
67.55719022020813
48.59862529592074
45.19590397727276
70.30283378904308
66.89686126484709
48.96231916238527
58.7511426619137
91.18916162746928
3.968925257904511
69.97156332593855
93.68694438830123
55.490926784411194
97.25023465576788
86.80223729976773
76.99309774864872
57.68056884817583
91.72853414239079
96.75343252588279
82.80863006026642
44.22171628781081
93.5261157490051
54.54642875627744
82.30196858878811
69.40098036098298
68.03542673179248
83.40746428993786
85.06673406370498
85.30283709763053
83.52253322654938
90.82471589620015
37.13549986418718
55.25271500749027
64.48871850615961
95.82361903911831
99.89036155382728
80.51830632074312
28.81041176407883
81.38168292003003
99.33864557495362
90.73849822008971
71.24159349477827
93.62771808236602
79.40930098083876
39.87201697254303
45.3377503473335
70.85246788971878
48.49195262508454
74.22236474418925
34.36830329091996
45.94987303654261
92.29080192762417
81.22550514448466
41.60625673794446
95.89591841975871
81.30604876984253
76.35692343247706
97.20694080287164
62.56652390139004
92.67051629861699
91.12114600827056
52.34994616187584
55.8107527276309
91.23221786329319
68.64778686864038
98.66567345694583
70.38168278807217
76.86658854773673
95.63639099106841
37.433488800667554
75.99252220478282
92.29422817491846
65.11025562538745
93.98685556417351
51.68846399849223
38.36272833512569
97.53179421250924
88.63170392971963
93.36687608220309
70.55868498752379
82.08511647578912
40.88190901732372
88.6132583911353
50.66330403194643
98.46767534937428
88.16124696407124
20.387255935001487
63.282094537919484
34.21744782696192
82.50535197271573
64.05723132671473
86.85614970946696
66.30090207357243
80.65012668666249
75.09177369963079
73.14046279584079
64.24987693828818
95.4620249525989
96.80908147664547
65.88666939358359
79.55347376985573
74.93161968393433
64.22037410157225
50.49506705843954
97.51385970976716
74.82842612915552
36.89453840819258
75.54103073322685
86.74962663253183
89.39469758411612
36.92238130702229
68.00276536829844
77.67383903506462
50.23158753211831
47.1431564817612
97.4015375451169
90.37239933925511
42.05660934341808
83.40082408965115
32.11233530148233
60.636089395895475
60.017321483628315
90.06241369680976
24.482405613223506
99.45330972919622
31.409707784160656
81.4230967011015
59.37844991942331
96.65239602809267
99.31709341732723
53.70654792010504
73.6164782992216
19.79291282941919
69.95678960729157
83.02692258470184
83.6669967128976
87.93436869776494
64.24606672500316
75.2113390914638
96.8546709473136
34.343868932848984
93.0178367908561
76.05856948904382
78.00376688353641
97.93692423417356
49.087971809829504
91.86681205340705
72.73144827790126
80.25396169538423
71.31429361693355
87.44707458870896
50.32315314730315
63.051684241665754
20.82753191591153
54.42637826520305
64.13065955150964
65.35988868452257
58.614323750383484
64.16424302903181
93.38688083131393
97.32023958115487
10.46742373989809
95.89766397437918
74.85999187491537
50.658152753913775
72.48461623781121
40.62152242434298
96.38660268746708
42.900605687303305
84.28373555545751
71.0092982128691
32.85485630843922
52.35577212955982
76.1008209299744
66.47220851356872
85.89810693150822
92.84055950399646
78.73230743708974
71.38413397664631
55.158872361923386
9.505467319669359
75.22700449168404
99.58437213878896
99.04206244501867
58.43939833002162
71.58997223460054
88.03666178015439
91.35140323354007
60.68786183965346
99.42557020844582
81.49343768929226
50.15441382420943
95.27617191473591
30.547670479107158
45.79256152719594
94.63879569392857
88.05435091059215
67.63381574562993
58.53339635917423
43.09564488808969
98.65161120084372
43.121293802062894
85.24796470104761
37.271412184489265
92.01195752686438
67.00485603101573
54.47078675336248
54.29582764495619
67.87428740183388
52.69837535535249
48.459293691582815
85.50077940058759
43.94823312959987
32.033453438703546
38.356757060975255
89.02438327471816
63.98530494589121
87.18054859816515
68.2939709470829
93.50156475363198
54.696487257834264
64.72311177393459
90.0605094367617
53.61982684294086
52.65098431742478
88.6417350629752
94.75386088446004
52.447612556424225
88.4551257105144
69.40514525548832
98.50829596871516
55.28651555676752
61.875900501920185
20.60353586520973
59.220477941666935
37.38006780210968
48.85421438070176
83.99982855139349
88.87377696490204
78.51736643755808
58.685079731144384
25.190108244831773
91.93651414067472
83.8550830820079
98.949397804889
73.17634747214346
88.85772328583856
67.32661460836381
41.795446552962446
28.648201389859878
98.31457440898903
64.10468285407784
78.42576291406485
57.07684996185441
67.7710350296325
18.554599320541577
43.51301928101775
95.1302170579838
89.20682026903161
90.657316253724
92.14983417708385
36.6564940153903
92.02230049724021
23.091088169310538
74.24373548248755
17.369276196815587
95.2086435051189
50.02941827530659
33.961723990880046
82.88394349185467
35.120913632922786
71.29453734888398
89.96771335543232
93.54417826614586
78.65696208964793
20.306963244421368
71.70646444048829
96.16059815608745
82.81057868556415
86.7792518158236
73.14717127934463
81.42254777971144
96.37950660443792
99.33618009837873
97.03223781942393
65.39320818489182
98.1091840775442
98.56494896236363
40.238236181189066
72.09913101439173
54.45201627372984
69.85578616081351
89.11105708061808
83.93070430515684
96.11220906854105
84.27539457996389
98.44677633637042
36.11632701609176
49.18679737586834
78.25213724933121
38.51521229036876
93.30312437120234
32.19552250839291
12.78052522765769
65.36989322802418
33.69277116570807
44.32614483162631
95.02840873549773
86.22260643148513
29.490540718951465
47.330213699011956
94.4807180067421
76.11964270382721
49.16217446361985
87.02639430281893
75.89347566047616
96.39171155341818
47.12838493767458
52.71115568265353
67.38150833704806
23.456947923179165
89.1057839887201
71.77451210746455
68.58519045832142
87.07382301088889
35.727593598417464
15.991367807646467
95.57317336365585
44.21092509371609
52.42966263805878
89.22375322107725
69.48482691433291
70.45934381530121
7.407221542764744
83.58611964303391
80.16729979327303
60.20477013504883
49.968048908592024
49.90505171839465
68.13030402750283
26.22743775740485
59.84785366116821
90.02781248005775
94.72182464336065
81.9423018751437
26.601582675496687
53.24508372178141
50.32215733815201
56.88729802802451
80.03335017980832
89.19040596413119
98.68008273791692
40.829962230664144
72.76093840976253
86.6520755664266
86.11829836247584
48.52983310721189
58.40266856668716
86.37064475472552
55.56624058971234
23.53846584898508
54.780516871563954
29.077632967803027
44.394786595662424
64.66607335962514
50.53346772066251
64.03709438401468
43.82300733275924
57.28385170985132
71.8893360172703
86.9997861387606
92.6954208005718
82.55525343543411
21.734749781754108
61.77354268237087
76.59528372122648
64.87676832252471
81.18419339552797
62.497148940475135
75.38379562523326
31.587711570077577
78.63608941783693
83.83109771495212
94.38223317475861
57.51920081720515
35.90027767995095
97.4422082875997
93.2363399824695
79.78550780350739
59.11617517711329
72.70596605468697
91.58171972564818
22.655004969613252
91.53757561811868
94.31979461030656
48.17633987536845
31.675588178446244
45.42059753525775
26.466138045142507
39.796489854104415
98.64355898972106
48.49647702469076
75.65177377125646
87.33552338387322
90.59188837391527
63.61413064153525
67.31246434402435
25.136063409782825
65.4172726193316
53.40617883246238
15.337117233038645
30.524223587665325
44.910535938123026
54.53306001132367
95.94018247836024
86.91396204004951
73.41675643482455
87.50511222792043
87.99767824185008
88.61749240638842
91.44847196520573
34.799285327072056
91.58766013984409
99.203315151511
64.01511643583872
52.85139051912387
41.147423424174804
65.51749574850865
88.13783180872913
66.07175451043318
72.69807729443221
67.22281012190115
66.75686830464468
97.74453099380102
95.30130626606326
79.5279198891572
70.7231377174975
78.54798133967397
26.07251718162796
48.66588095307048
97.09757163043929
82.12587304352414
33.09254159255936
89.2015547065584
44.52464585655055
47.703273595826005
42.26791517538708
88.9974198804707
84.76095437770356
54.581278365722014
53.86817775428655
76.55581201694528
93.21530206502322
29.927991737458658
40.938167018611765
86.89670026646861
45.96935815004723
54.769411763349034
66.11723691210076
8.542702212528733
99.37432613414906
93.26388082245694
53.49049153672691
52.86837312305598
99.61459291177651
61.156589274222036
59.383984002069816
52.01697953813829
55.23028682853387
94.97334786576847
46.54623958933363
90.4236824877837
79.91539422030414
88.78801889095615
57.5772866830019
96.02835296857069
35.67551893365746
81.72764486253529
52.721962431890404
99.8258746303926
77.91061660109582
62.89253202060171
33.203612087619305
83.77073783243121
78.73092422560742
12.055024121627909
44.43689365590425
48.18673833261982
58.640627615143416
44.3514017786808
56.068357292063695
64.81049176753073
32.11426503527702
52.36068515444281
60.46969731604852
98.20376353924786
73.96464337376648
73.05981118953974
78.71501293744707
76.19672798108643
55.65124985854894
52.48820794896746
94.80222741417452
84.30058724337549
89.47719864227413
54.428130183130186
23.951445478932
34.8831484939266
52.987404111907914
82.3275940021438
79.90238485549801
95.68585161425523
68.79147822142944
60.8583415184526
55.18788468533833
71.21037886392465
95.35372350680163
71.1496894908919
45.10238364347457
94.38549640806549
56.80814816615056
83.26432185123858
96.37377485073145
74.66520351283407
38.45833410030917
40.684495320296264
75.28756422826059
76.78197706297338
78.96257358664968
41.392777879010964
90.81820497303981
97.35109509849462
41.624752968093325
85.62761377371577
10.714158178558991
65.43709664273234
87.5009586909124
33.066369069281386
92.01855557945775
23.591487857008442
36.65223646547747
47.57713857869068
85.59984461470387
69.41711967917331
26.820730289416435
79.97490066858168
82.97480520354692
98.18420943165539
60.84371903811958
88.57274634443792
64.92819649599525
55.04307031746037
75.65302643286506
45.429084010745186
96.07726655722195
93.49871617630431
71.43873199064738
81.36571072005738
81.00175727201317
85.11567716516953
34.273622990748564
62.53144202050994
98.5287689498223
60.598662732543
57.691968700822564
82.08955547888844
71.06649968340287
96.81445453019137
85.70464517248175
81.17194444845215
56.049654995570585
51.612265563753525
46.68353345010802
53.27713814647968
88.1891316143997
77.06732403772268
34.00223938963478
83.3297764480277
77.58667129354285
58.612496366479164
31.931693317123525
96.96509943172721
87.85463614178924
67.31978606514136
61.060586874625834
25.59550486032281
88.33923083275879
28.69461998551697
89.69508167360587
86.53261627029141
62.8937084880228
79.37256192258266
69.2058016401613
80.70071103025896
98.46762658919708
27.90418770487791
98.44856469344722
57.907612460241126
97.23723911851675
28.549322628314002
91.20037698056208
48.53405068936757
62.886604225541156
98.90169209669887
70.81806743893102
89.27506811701898
77.66418133202589
97.76409040641148
24.072606816250417
87.72592485841015
88.2158395509678
67.01218801219088
71.9471117116566
62.61105100019371
39.67683013746535
52.366907958257194
80.40139486594495
85.20747643361325
58.75345622430177
64.64248916850148
87.9613437153604
40.32057004124002
23.59159631615106
95.38083284579052
62.52677961118447
45.480887578954224
61.46237541158117
73.81570407959019
83.27319011310361
86.37864458922391
11.586342921134753
43.8610514059942
56.29443982848827
57.613976170590774
92.21979593582194
98.52559576887073
60.5958277436936
79.1787680109942
85.30616938107028
39.488620193907515
95.62266023212828
77.90092014361012
18.237243120611417
98.33587452428924
92.50736496496003
42.947695658399596
93.52063257187297
44.74226832516325
84.98468804013417
92.93365643138677
99.16617554998172
28.089884970479492
96.79096024984204
97.4725327272155
82.60571220122645
64.56165665010879
59.19838545382768
63.308644196725005
95.68073261494023
73.75984886903926
41.440371658027594
64.65590645090036
70.46327898482662
24.70678828156933
46.07463219249599
32.4135531765992
60.37649989867921
95.70190291141884
69.90072033474874
86.31690518084827
67.52856992658631
69.74997639154894
27.79500255443277
94.01466221943335
86.79372969303867
97.47673508993486
65.91385249193034
50.08829332780464
62.92359568333645
27.74569861685693
54.21343487734923
66.66935371301395
86.37755033136244
75.23213018274467
59.79692739795335
94.42328026372897
64.07985033448861
81.56901852998898
62.938324731325096
90.42557529212807
97.02676378022302
80.53489430561378
84.20852087877363
62.24567380468969
91.48988943620922
88.66959445914077
99.0770511922721
80.5701105839374
66.09223803180043
74.57434000301426
17.40989072416709
96.52436472022869
21.018121003948632
98.64006428119725
63.21018409477751
58.54779245200226
24.7175699615536
87.9260452239638
35.39927250394032
90.42882790018406
91.79541288134268
45.24927075460909
96.37444729613769
45.85269980536365
35.31469087906645
83.35702089757477
25.11651236785884
49.70828866127221
62.06550114046245
86.9528112858488
99.27935352910583
91.91708478036712
15.350237659374026
83.42200381894389
65.00038126627813
44.9891870636502
56.507459627515615
91.4960670558062
44.41511891205607
77.35326942823293
72.04177437544418
62.37825648772191
84.42590379303337
93.36677829499816
80.10647644355814
71.17764505745053
81.23925866361694
90.51135111118778
71.71322850103145
92.69480750687318
94.3643419754038
53.3754660914166
81.81235533121004
75.62258802751867
100.00938948231521
68.82048994776086
92.98685612111488
28.327889092720035
77.56831046966686
29.386672467523105
49.42058737051489
44.98009202956821
58.56015024401571
78.24530638365754
87.12320827186372
96.99493541550068
80.9612693011334
74.11365746483884
25.508989932270104
67.60691687930039
78.77292002666205
48.2907056318981
81.9465775892646
90.27989961446774
97.38129898980257
15.900874796238448
30.59845508539019
44.10596706519881
72.34380437166976
42.175130808101066
89.27947715626588
94.37649336441797
40.34355880391947
95.59829585175058
73.66414410542889
78.06460014037185
88.51913716778816
66.17356976351871
92.3389380558138
57.6242593332365
97.8647884789303
90.43612972454315
25.57389812158482
37.448289856487804
52.406446183274404
92.45191853054244
33.50215669161096
23.112685874922924
94.08363623892606
26.2842498033906
33.854703151380676
97.63943022238523
93.04704813775697
56.96374700051231
96.42437547902773
64.14539122202387
41.036720747578805
94.28556427687856
60.66114969233054
29.594161552060225
70.44288185797404
7.077537952595695
75.94750892870127
84.40402580905723
29.13214988338045
85.10799308119141
93.54480604074283
85.03590501637741
70.67948620478047
93.20166557609227
92.63444770697436
74.37716065003563
64.44671660004008
96.9574999223288
82.28402436127637
90.30484314377472
85.12451943330113
47.93069493989879
49.051778306132306
58.57144786851598
76.64576009012984
69.33772803466536
69.19675532371367
92.89134462785219
85.41986440526674
17.4830774018048
81.13202467330463
44.69194753724131
32.12130081450303
35.09840281328975
51.839780726001116
88.50787092911793
81.48727240724537
90.39765014784793
93.06634923542424
90.71384180634473
78.43962565480228
50.42184814598053
79.08834955194759
94.92811410509213
45.3670739782791
98.54843472172371
98.70093560658216
94.93187549531461
48.46262084165807
67.24423969612513
82.54526714228373
55.537731662391806
76.76096563531733
91.91726722508119
89.34367945597745
38.6800478354422
36.70543861905734
89.62455662834552
71.1990859018261
11.103532887430998
35.89755576288513
83.99801180697622
82.37796468624101
33.832446977725276
65.05055256589262
33.89192988273863
83.36667281397816
73.25884193957798
78.14394040790512
89.53194933503987
62.18543932319572
38.7332835772877
82.33664531913756
82.60400087827549
66.35537275026984
75.08763430425863
88.48923415405848
69.30571741907077
90.92574566168292
51.94093337002278
81.82872484552618
65.70217598002836
62.72084392623454
68.26818888356401
99.55765691751952
59.25739429445758
96.51758384912068
59.76614979563265
98.74198807069445
78.45632962819641
54.434503987819234
44.38858562845077
40.626423567420595
53.486665900299734
47.28348585841809
51.4649363975827
58.17725682553541
48.841397069630425
86.8398798813278
84.18738927403605
49.27531443025244
63.37456614566626
67.86624549329642
66.88039917714586
80.62419989888879
85.23210962434048
36.953318308131266
58.158623909117715
51.76576551364759
84.57684313272458
23.040305538011356
54.375230419042104
5.094892243749256
76.10923176974386
96.88656575373638
79.47250172339362
68.79204809311882
93.92264291797096
87.45807244169022
78.07180585555788
35.65112488467863
79.53390230966221
77.5622607517914
54.62666114501732
17.83000238517445
95.24305009873315
74.07564131817983
58.73346824771875
77.5829521517256
72.68731341468093
40.369239309804264
53.34506119799348
68.21614194534192
84.20135938312713
97.96006603259264
88.09088474043314
47.723787508387275
38.47737657723703
61.97730926347143
49.06328173186241
74.88600703257578
41.55100765319
52.84434040827554
73.35006814124557
77.98380182812882
72.97115356791791
90.55873344840552
24.101353679924102
67.30245183992002
79.70588768761621
70.49845177495195
50.15054179999028
86.96164206726323
75.06386325802848
45.76095604857011
70.86164371063036
85.40831082318824
61.296657997657796
20.827823727486
93.28872111265245
43.34082846805779
72.71472160854661
94.48331885049822
67.79690586396573
91.08516048884258
43.834954305720515
82.8501521124561
26.660063961541244
84.72217421188795
68.60060758786038
94.53845179611393
44.025575198689445
42.80150061299011
93.57548394273041
77.67758892830491
81.95652967102325
75.97727745721657
66.68248138074715
95.17180730451958
87.5410902851987
76.79709105776715
65.38801366956208
87.39051803475236
80.56102282967409
52.77782726025386
77.15142840920412
64.70108664367608
62.94804927924475
77.92889906235604
78.01123433284597
99.53553442965146
53.00183156320129
82.28558223938863
62.70722490862826
69.49493639021702
31.797966807767853
68.55193113347966
34.15951723529536
88.44965985901167
40.3314838325964
83.6283319187533
82.37502350960098
87.28128404828175
77.68110839616406
40.073459310958114
99.70045166262855
98.7703872786666
93.9335313038209
54.43587858532825
88.39901788220257
30.638375637302307
59.851922788446124
32.41183487622408
36.295780435584625
98.01998666279096
18.439782018100463
96.12165943441369
93.70016278232686
58.23781982639316
60.13368649870154
42.10500630722564
98.15601285761643
83.26594459838036
65.67282877827338
19.003415955800428
99.17121036329792
81.21746585736625
18.43154169392178
75.34663592620934
89.5020823893496
31.982485868413644
80.48225985198751
61.31580004325155
89.12356073411283
49.71165204230043
94.40468828697895
22.22024734513166
22.236062133658653
61.83391441139806
75.29980593753278
70.42586090909822
56.20679619018712
71.01776626423026
86.15073035778174
74.26011214181814
49.16867669610106
82.53545432155175
62.8683268984819
89.621993081473
88.47089545788145
70.71231020772223
62.718208042699835
74.30288613011886
59.279161096077345
63.45451766221723
79.42623893918301
18.805437156573518
31.218861281251414
65.14165420273451
43.71456790519722
77.26611063201075
97.7186243699848
90.29675929469919
87.10751089850682
19.22048640895599
28.15418036823878
47.35493109830392
88.12220334521606
62.659874927362345
73.26961881343712
78.17777994703823
95.8020230013895
62.409813631488355
91.11613684938881
89.26983793587173
58.567904200349545
76.94477504083054
79.58023644169155
52.300790763624484
90.146688249936
41.34741828086463
74.49452793092537
41.792374878316735
34.92855145732936
92.96878604249996
88.99664124523889
69.31773490991127
50.68583394894581
41.025825559698916
81.55013806085674
72.50887206406297
82.55236938246968
90.00971250221781
21.09784854312889
99.30657987272502
20.022787594948866
73.61308271078961
78.05674043845549
33.82799117415817
74.73556509035959
95.39992443098812
55.2680217856919
40.11760622614579
57.485411649166714
96.91697723933356
28.714045834567546
75.40863702390324
64.79552772732853
90.84830082942713
74.4672854299585
70.41048736458445
47.52982287902158
14.151366932478425
62.317597022157614
74.04102695281448
92.10303747335308
78.22041234595018
88.4041890659104
20.127946803204434
83.31809226891212
42.49222986585418
61.03843089440564
32.02612007421979
89.56076289473874
56.74411589850654
58.29779750060832
96.03097431271084
81.65246110814961
99.66089219130355
59.02332269789613
39.85759293291037
91.76462577157248
42.301023741336834
84.72588708313424
44.202619028208105
63.68461866497276
76.12797417396256
71.06163453427368
25.38912523898549
59.568220989135945
54.57172928548446
56.14106835258759
57.272260648938385
75.98698029157086
66.77802572338929
74.24483174548688
93.53449403880016
73.5488033829167
33.52809493628512
55.09559482024701
65.98871959212737
54.25129160733297
24.32600010170492
54.91703921530361
84.69333424644705
33.489951735251495
66.90739459509416
29.359071100888244
64.29501937930128
49.41124043996188
48.16178431417254
50.012540283589196
10.851770278376577
31.79397376303491
72.44793803833598
87.72872230612863
66.20343247542772
57.12364608101052
90.31928822209295
54.66141083408072
94.61813674918488
99.27502967599642
61.804240108259165
61.78305271144489
89.98142643165428
63.76508571371208
35.08662949205785
82.75063293267324
65.3304925295206
88.97504222342067
20.15542180933539
80.05078578317975
36.02091719187071
16.81220777280294
86.01555997170833
90.74121270735536
95.59165265012838
67.18268402152462
66.88332722879662
45.24428517786862
70.66899997422269
29.464287099979295
75.29218527254072
99.18322940719811
53.049998164572706
84.94762913662964
65.57898789954018
68.25142683251894
99.89998331390461
99.33631338558823
90.13217968828681
43.75009522549285
55.32298181113032
71.46397459351626
85.49498635524792
34.27432513842053
74.38416342144816
67.19579836793855
70.96563319194995
89.36822886470799
35.735969757833644
90.86483731182972
56.00334805469795
12.560501256483164
43.73820090832743
66.53709945967427
84.19424502022879
96.09723625580726
78.26106849313716
75.37641389791072
93.42825603598457
98.47986703680716
97.25607217284015
85.88497662062184
85.68986005541221
59.93056043539834
53.3906662201604
73.8708142583865
92.69525280950657
77.02577268424987
11.392972213239345
90.21942282300935
67.07119709531179
45.54436915486603
90.04345257604895
85.48787476896047
84.78414945495798
92.24561978587892
71.44579539799834
39.657378324589644
84.6533334921434
76.91685815212972
86.6507302268024
41.34723332579904
93.44547840180182
50.90459155615605
51.10428474943953
69.62824206378451
92.6768797096402
92.3921708860037
98.08953521753347
75.15522546149907
75.86620050218394
58.109096592563354
97.09039944227091
91.95788633252018
58.80986196623803
81.71239031496677
50.790721655414295
33.48976699151795
55.27423982473148
96.591035005423
95.49386975419222
63.9905742099931
28.86251807217433
89.53459796669814
57.50033549579294
77.94616485792726
17.10743494851556
46.623888760529084
60.18915142796251
88.58308541611436
14.009105602375719
67.89765013463067
45.27644210349518
95.6361888201721
82.39136377101761
44.447482904822465
87.19816137271569
77.06642794875526
91.80555267992494
100.11668377261098
60.95283449629422
58.87791407876284
59.20642209319947
38.32531105988879
47.37995390910617
49.52018314200079
61.14919157461015
72.96716903073968
51.73130715445262
89.91195187080186
95.10573970132297
52.04412092010302
77.98727719457403
72.2335910949039
65.7046592519566
90.81750323408806
52.819158456193726
95.03299196215478
80.41454454134745
74.04623350026017
93.22831077246093
41.51352969489007
26.712615915221747
83.70888134764424
4.612281838077627
95.56935156992729
58.188564928666
24.954792336036395
66.5461248833409
92.38431680230893
94.58361597770276
64.88472256543344
96.72566148366724
65.20607525183358
83.60368424815893
65.22009781293502
7.765085173169407
91.39816151321176
98.37875449337956
62.77603563908376
55.49368406192192
43.068028988192125
11.247761061596774
18.49732511417984
100.1164130859197
82.06977547529085
95.7640152707823
88.8466781997945
38.665098432760786
31.03025827554367
98.26716632743172
50.73573582794906
100.04251621880746
93.65534101770214
50.64722785265103
96.2342764639537
83.91030324036406
98.30596192699595
87.54783648487746
89.16129142132112
83.22486349588507
87.15206369008304
24.085097147271977
61.2826789353845
59.13423926766615
68.49487551128317
93.8654649366214
19.422079435828486
99.38739466965106
59.474147788986414
48.453977559697975
71.5537249575246
82.21183045247375
73.76199312473729
88.50832666426027
43.87295282486345
93.24622194156899
98.69905177338636
84.86930605539432
80.29902182043558
70.54243639558047
32.583448692524954
92.23264128957544
43.50071859006246
33.36395990523733
73.33828309976424
7.022354327517974
90.91208349624115
97.63485557376427
73.17669376673173
84.7428046229113
64.81581210265604
66.78543429579696
80.42946277471601
50.25539325069075
29.35683904027779
51.639081635517
63.64600046375532
44.728893921955994
88.56022822459028
72.40517761848085
100.08493307223509
84.45772191318294
71.50078767745886
53.2758246546292
54.205744763369715
35.87524122032737
46.9828612896773
47.55639735784856
80.91643964145446
84.5806595351343
75.42975395129153
84.34028174584998
3.4530674817756353
12.069122098957417
75.15544672985705
81.29077439749783
36.48511864677426
57.2162143685014
35.61101480989929
32.815930221776085
93.31229156455382
77.17645131944039
40.733799327799126
15.522745692304422
18.49713867760693
62.335819679493696
38.25288011895567
68.27495150609778
91.30124026375441
17.772746513883625
96.03526334249416
31.995078558543184
75.00006595587023
96.69638792884618
86.06038819189607
68.45430872873672
94.26954032569876
81.5632959549322
2.548477144952962
50.04960958390428
13.057271788667387
43.73897101988991
59.15253052801754
66.48998618503425
68.37332679002336
51.72049473950842
89.55774204886232
81.72880725922047
82.46709113249078
72.3922664469075
88.57268308945508
18.57973042216639
80.214933550366
81.9963521505769
71.57513797372418
88.01803980522055
54.336888595561746
22.002844538696934
85.2935829251093
61.50783920543418
95.3498381747108
43.442423499397854
94.11138627102844
34.14421508976526
39.026685913660074
30.278087038251222
51.528874904552715
85.77281997127534
78.9939844382599
23.777583623012607
69.86495678714844
91.71241507231206
25.622522966446702
53.3255628664547
64.09980254027599
80.81271594343424
88.1434505483377
24.959755425185573
6.859630432398982
52.553163263717565
94.18689774312325
93.223417844685
31.62610232917246
59.89049900944309
46.078312499227856
95.42619598041988
65.64171474229698
84.45979798400477
9.494250344131489
67.38630123659367
20.740040193929133
90.08287379886376
67.34530066861372
71.10363667119404
31.624603931894267
25.94858969238389
61.09762351989465
54.517878246958276
100.07036509231548
63.21795237351397
48.92488564331639
78.35912573183556
83.43405247595375
99.91148708342902
80.08227902435601
99.90196510373757
69.89561038377984
86.71300488534952
97.84015077137609
62.58139543873314
19.89109894006061
68.19918161804225
35.41893580948068
73.04890720099006
80.19113657555496
85.79285409201384
97.16376885776174
92.54703316966437
68.40631915598892
28.15217661194883
72.21940664545922
98.00718375039838
77.75686306895689
86.69839555937075
83.5870043889852
96.18748609770599
88.25018142223223
37.69858837015415
77.67759529753266
24.424103146538894
44.20354684996694
59.63989508436572
47.85295244273612
97.69098006127234
22.60640926162098
63.810486396990775
71.69559866990183
97.67243459200171
63.36601107452827
85.04635220689198
26.676155481744775
32.75417468593739
94.50814879805932
94.9051831759924
66.62007039201539
87.13692615266598
98.7261984754148
94.68236285471589
70.98637883732027
77.51758630292902
76.72248196834543
90.58568544902211
75.15738940199697
87.25632201402344
86.12156814617268
92.97780469475362
78.93044021743118
64.36134478168229
62.07355672603945
69.7217152816086
45.46952273232177
73.43292879140823
73.97309283822945
91.89905160610499
50.99490364087424
95.19701437500521
70.366090491858
71.49729904285618
89.40533412238877
95.98383939770274
55.62705865387313
31.21964200551087
79.03548746264528
20.12602791357382
84.94984055194004
76.52846572197046
93.02519905617659
80.75528459097826
17.269992666929078
30.362303847482295
59.58975230768708
78.44300602397021
45.17245596341873
81.05940418022726
72.55841900672891
64.102744518008
49.17509901295398
50.522598999673534
73.07537061543817
68.06266017217823
64.46210456746415
