80
16.0218398126783
18.4077600242342
18.5458328192104
20.1793510947656
18.1180409095376
19.4954470815386
17.2908136281411
18.7584686434484
19.2721103984521
16.6430471977594
16.6429289576095
17.4202544485753
17.943454101207
17.507264807039
18.2700197950928
17.0208639482809
18.5893476741358
19.2387870947196
16.6239839052513
19.5068938989171
18.3358082461494
18.8384860448759
18.1406573039626
17.8645261808749
21.120495686776
20.8220947238148
21.3740494384559
19.3590026275039
17.7278567666176
17.9579188616664
19.1314680669968
20.1336519888254
18.7956104666217
18.5055879881145
20.6178289990765
18.5485383980539
20.021286148277
21.5115801423623
19.8250942965741
21.5380073773081
18.6278496382613
18.8051832064114
20.4791849348009
16.1701065648451
22.1418164388863
19.3186558536977
19.2469922722766
22.02924349325
22.0409718823972
20.1045959131418
22.220486352121
19.6684061190079
21.6691901399533
19.0843260225724
22.9319958931624
22.7961015296136
22.3391612659163
23.1708962236564
19.5702134980932
21.0591464602232
21.5312550340578
20.4388072505161
21.3384715219157
19.2724785466745
20.6069496545271
21.1962719694311
19.4492568349627
24.8701905424387
24.2797204510769
21.7217362775165
21.765628321265
22.4452687441006
19.8029453105912
22.4156908127453
21.0565868223349
21.1319255082504
19.255637074282
22.6991823588196
19.5460159356102
24.9550290823993
23.5617261115099
22.4773236992618
21.5589664699981
23.0578673090361
22.3260440779938
22.6021310156598
21.8614908309214
22.9925427411653
20.9055398815892
23.3970643696444
23.8106041146282
22.9147805155041
23.5240642261033
22.5562664341673
22.9041415609629
22.2729331914845
23.474809407798
21.8137213312844
19.5463563514104
22.4392335413311
24.4865344576397
22.4558762236648
20.7525093135149
20.8149426079445
24.9059114290904
23.0348629943816
20.0044550307533
19.0336036104984
23.7218992181537
22.7037744177167
18.3533015315408
18.9098012032344
21.9483505165268
21.934022943521
21.6221664884058
20.1116062025142
23.2042496098472
22.0953625876121
21.7751798431671
22.6455579454875
23.7368249426783
24.2759112703042
22.6711105652376
20.6951580405266
19.5359164581393
23.230855216041
22.2163782252815
21.7358519064163
22.7699940859775
23.0144973175859
23.8372610578675
23.5741823769211
22.4778066071192
21.2919510169832
22.8457901385865
21.4519905525023
20.5348096896019
24.2110852811361
21.7171145412757
23.0676311735023
24.9260522019861
21.0546953987965
22.9605818044196
25.3293526755262
22.8938127456592
24.2198886420814
23.3265527843555
23.5240932250862
23.0248338348229
21.5441310411864
23.6977160807462
21.5946765582044
21.0563168011506
18.8578158108801
22.5882807609728
22.6095004923261
22.2830252501281
23.5584358346916
22.7353253618178
21.9344004137358
23.7204553243561
20.5165536697316
21.9043255872707
23.5403414745945
24.7314045021477
22.4740346742085
23.1470452448978
21.9520527591162
22.8839991009472
20.7724431359068
22.9991732881267
21.0090764435236
19.1309220116973
19.829490130261
25.0209294539869
21.0044162466967
19.3595885107518
17.8736755051929
21.274597606475
21.6670136591962
20.8546095236773
21.0128813548197
21.8179864130932
25.7943155823268
20.109915205322
22.27805014125
23.4143256698603
17.4782177275254
19.286000238023
20.5473179149428
23.7599085439038
22.2331490785333
20.1338474657148
24.5840609198237
23.5950194371082
22.3935322711532
24.5833247901021
18.353007633666
25.47963610677
19.838380558978
20.8075406980696
21.5468943476683
25.0307823987523
26.1307610722911
20.8243110449191
23.6045752269231
25.8764358283699
24.5379246249836
26.2302567312047
24.0594425309745
23.4200092590668
26.0919684897298
25.0101449773881
23.6216296808366
24.1627995529408
23.7821936801403
22.9488164282252
22.637078182908
20.3422560475898
22.5049132844376
22.2953281016063
21.9058244177959
19.7155191648556
23.481773883765
24.3785981125594
14.6310619946838
20.9350248052147
24.9764447593834
22.1703716068878
22.0161500063879
26.0995364575358
29.3845816845789
23.3617576313119
24.5169838495983
23.0992927330774
19.4301294454615
20.2776292321666
22.1308135154105
26.4232378406648
20.5547892607537
24.6976205457775
25.5612465642748
19.8500390757327
20.073581436719
28.1884270137276
18.2889770624296
17.822031677586
21.3798552390465
22.0545990895671
20.8322201501322
22.5823598813808
22.4023821421916
22.4608422143972
21.2365854078057
25.2224255768733
22.5803072522032
25.5880511467221
22.8140313421971
24.2023550340679
18.8813882035012
22.3995788772636
26.3039029698045
19.1751156992196
25.4915222294725
19.8680863312412
22.4450296416288
18.860853499394
22.8649988171891
23.7793240619194
21.4109729224915
22.6164643642356
19.4553236382096
22.2591334016888
20.5321721451485
19.6739482957805
16.5480486100846
14.0761095843563
15.8299385722014
11.4878696895924
14.0536775567392
13.7023705022489
10.6020384684749
11.91258848299
10.567658737522
13.3634402415339
12.9064229867111
13.6089073938488
15.6000414498394
12.0307714138308
14.9842159437196
14.9949450315668
16.2660873849727
16.19616999096
13.4798703911815
15.5702088005669
14.9169963368849
13.7707393562179
20.3520541192502
16.3694566801158
19.3503490585488
12.7861749961902
9.18902617861308
5.84564456553954
0.763404936386345
0
0
0
0
0
0
0
0
0
0
0
0
0
0
0
0
0
0
0
0
0
0
0
0
0
0
0
0
0
0
0
0
0
0
0
0
0
0
0
0
0
0
0
0
0
0
0
0
0
0
0
0
0
0
0
0
0
0
0
0
0
0
0
0
0
0
0
0
0
0
0
0
0
0
0
0
0
0
0
0
0
0
0
0
0
0
0
0
0
0
0
0
0
0
0
0
0
0
0
0
0
0
0
0
0
0
0
0
0
0
0
0
0
0
0
0
0
0
0
0
0
0
0
0
0
0
0
0
0
0
0
0
0
0
0
0
0
0
0
0
0
0
0
0
0
0
0
0
0
0
0
0
0
0
0
0
0
0
0
0
0
0
0
0
0
0
0
0
0
0
0
0
0
0
0
0
0
0
0
0
0
0
0
0
0
0
0
0
0
0
0
0
0
0
0
0
0
0
0
0
0
0
0
0
0
0
0
0
0
0
0
0
0
0
0
0
0
0
0
0
0
0
0
0
0
0
0
0
0
0
0
0
0
0
0
0
0
0
0
0
0
0
0
0
0
0
0
0
0
0
0
0
0
0
0
0
0
0
0
0
0
0
0
0
0
0
0
0
0
0
0
0
0
0
0
0
0
0
0
0
0
0
0
0
0
0
0
0
0
0
0
0
0
0
0
0
0
0
0
0
0
0
0
0
0
0
0
0
0
0
0
0
0
0
0
0
0
0
0
0
0
0
0
0
0
0
0
0
0
0
0
0
0
0
0
0
0
0
0
0
0
0
0
0
0
0
0
0
0
0
0
0
0
0
0
0
0
0
0
0
0
0
0
0
0
0
0
0
0
0
0
0
0
0
0
0
0
0
0
0
0
0
0
0
0
0
0
0
0
0
0
0
0
0
0
0
0
0
0
0
0
0
0
0
0
0
0
0
0
0
0
0
0
0
0
0
0
0
0
0
0
0
0
0
0
0
0
0
0
0
0
0
0
0
0
0
0
0
0
0
0
0
0
0
0
0
0
0
0
0
0
0
0
0
0
0
0
0
0
0
0
0
0
0
0
0
0
0
0
0
0
0
0
0
0
0
0
0
0
0
0
0
0
0
0
0
0
0
0
0
0
0
0
0
0
0
0
0
0
0
0
0
0
0
0
0
0
0
0
0
0
0
0
0
0
0
0
0
0
0
0
0
0
0
0
0
0
0
0
0
0
0
0
0
0
0
0
0
0
0
0
0
0
0
0
0
0
0
0
0
0
0
0
0
0
0
0
0
0
0
0
0
0
0
0
0
0
0
0
0
0
0
0
0
0
0
0
0
0
0
0
0
0
0
0
0
0
0
0
0
0
0
0
0
0
0
0
0
0
0
0
0
0
0
0
0
0
0
0
0
0
0
0
0
0
0
0
0
0
0
0
0
0
0
0
0
0
0
0
0
0
0
0
0
0
0
0
0
0
0
0
0
0
0
0
0
0
0
0
0
0
0
0
0
0
0
0
0
0
0
0
0
0
0
0
0
0
0
0
0
0
0
0
0
0
0
0
0
0
0
0
0
0
0
0
0
0
0
0
0
0
0
0
0
0
0
New mean is 7.63441448916123
Old mean is 9.90696498179783
Size of final array  is 1
