0.01	0.00768996014085821
0.02	0.00768996014085821
0.03	0.00768996014085821
0.04	0.00950840401512787
0.05	0.00950840401512787
0.06	0.00950840401512787
0.07	0.0114318076740801
0.08	0.0114318076740801
0.09	0.0114318076740801
0.1	0.0114318076740801
0.11	0.013860518352914
0.12	0.013860518352914
0.13	0.013860518352914
0.14	0.0166798358921072
0.15	0.0166798358921072
0.16	0.0166798358921072
0.17	0.0193550030358774
0.18	0.0193550030358774
0.19	0.0193550030358774
0.2	0.0223648329372094
0.21	0.0223648329372094
0.22	0.0223648329372094
0.23	0.0223648329372094
0.24	0.025499413416229
0.25	0.025499413416229
0.26	0.025499413416229
0.27	0.0288309226595939
0.28	0.0288309226595939
0.29	0.0288309226595939
0.3	0.0323937304340044
0.4	0.0439500896392842
0.5	0.0565549501709484
0.6	0.0704025363875072
0.7	0.0866497785240019
0.8	0.0985266503133142
0.9	0.120040913476762
