0.01	0.00275633367855786
0.02	0.00275633367855786
0.03	0.00275633367855786
0.04	0.00675305887438159
0.05	0.00675305887438159
0.06	0.00675305887438159
0.07	0.0107500563170638
0.08	0.0107500563170638
0.09	0.0107500563170638
0.1	0.0107500563170638
0.11	0.0154576617302849
0.12	0.0154576617302849
0.13	0.0154576617302849
0.14	0.0209537230410453
0.15	0.0209537230410453
0.16	0.0209537230410453
0.17	0.0262930817974484
0.18	0.0262930817974484
0.19	0.0262930817974484
0.2	0.0324592122037409
0.21	0.0324592122037409
0.22	0.0324592122037409
0.23	0.0324592122037409
0.24	0.0383314296340504
0.25	0.0383314296340504
0.26	0.0383314296340504
0.27	0.0445373584383826
0.28	0.0445373584383826
0.29	0.0445373584383826
0.3	0.0517675710277717
0.4	0.0741724823244086
0.5	0.0982683120685125
0.6	0.125535573835116
0.7	0.156109841950334
0.8	0.177226611480423
0.9	0.214509277540656
