0.01	0.241251829093771
0.02	0.241251829093771
0.03	0.241251829093771
0.04	0.214198473398801
0.05	0.214198473398801
0.06	0.214198473398801
0.07	0.192499290952481
0.08	0.192499290952481
0.09	0.192499290952481
0.1	0.192499290952481
0.11	0.175346497496689
0.12	0.175346497496689
0.13	0.175346497496689
0.14	0.160162439392262
0.15	0.160162439392262
0.16	0.160162439392262
0.17	0.147006176078975
0.18	0.147006176078975
0.19	0.147006176078975
0.2	0.134103951223438
0.21	0.134103951223438
0.22	0.134103951223438
0.23	0.134103951223438
0.24	0.121929327108845
0.25	0.121929327108845
0.26	0.121929327108845
0.27	0.11160673788868
0.28	0.11160673788868
0.29	0.11160673788868
0.3	0.101558486907724
0.4	0.0758063909403405
0.5	0.0545276294010546
0.6	0.0378396063876712
0.7	0.0241058157549448
0.8	0.0157741791091357
0.9	0.007186129741435
