Latitude,Longitude
52.38389311,4.89081471
52.36693382,4.89417434
52.38382826,4.90134421
52.3702584,4.91517105
52.35820582,4.88556269
52.3726411,4.90077932
52.3624344,4.88303566
52.37333606,4.90925411
52.36514124,4.91274505
52.3754524,4.90794225
52.36904701,4.90807507
52.36810447,4.89112989
52.36561883,4.90748307
52.36617094,4.87526607
52.36983531,4.91396258
52.37821403,4.8907096
52.36612732,4.90461147
52.35803612,4.8964504
52.35795587,4.88544431
52.36534713,4.91192591
52.37444346,4.88240416
52.36051907,4.90292586
52.35819592,4.90102364
52.37627356,4.90862819
52.38051362,4.88707635
52.36568219,4.90943052
52.3595031,4.90905615
52.35668852,4.89267314
52.3782777,4.90980433
52.36822937,4.88481119
52.37526059,4.91499565
52.36060047,4.89360594
52.36621825,4.89810892
52.37387641,4.87805744
52.37689525,4.90018062
52.37661222,4.89719498
52.38150152,4.88617339
52.37334822,4.90766001
52.37178522,4.91399208
52.36681939,4.89620125
52.37789835,4.8972124
52.36370129,4.89155756
52.36167719,4.8897495
52.37750227,4.87836277
52.3651642,4.89163176
52.37605722,4.90107266
52.3576981,4.89782575
52.37711092,4.88488725
52.35894175,4.89719454
52.36650939,4.91137325
52.3768614,4.90442165
52.35650128,4.89570685
52.37859741,4.87962218
52.35854622,4.90852542
52.36311129,4.90242866
52.35798727,4.90351988
52.36607637,4.90898605
52.36752089,4.87982564
52.36357958,4.90632493
52.37198051,4.89389025
52.37281208,4.91349977
52.36898814,4.9025367
52.37665784,4.88066389
52.36676553,4.88415139
52.35914927,4.89804937
52.36986338,4.89427925
52.37343853,4.87389164
52.38105318,4.90197289
52.37294651,4.91042409
52.36421685,4.91059368
52.36557443,4.9076495
52.38266171,4.89908641
52.37752406,4.89106135
52.36640216,4.91770051
52.36580105,4.90446706
52.3603823,4.87823052
52.37289775,4.87889746
52.37124299,4.91802567
52.37452285,4.89710165
52.38243491,4.9065803
52.36938935,4.89146908
52.37329809,4.878481
52.36532358,4.88052859
52.37564581,4.91107355
52.36999138,4.90151484
52.3725558,4.8878304
52.36481131,4.87652412
52.37507482,4.88679353
52.36690617,4.89575618
52.36982079,4.89453808
52.37103537,4.91721631
52.37464214,4.90128866
52.36165505,4.91114433
52.35830771,4.89025763
52.36632036,4.90003211
52.38319975,4.90332826
52.3617005,4.89837796
52.37582992,4.88605063
52.37181441,4.87852704
52.37438055,4.89777375
52.38137288,4.88101544
52.37601719,4.89905631
52.37377674,4.88384314
52.37152765,4.90132293
52.37143818,4.90737134
52.35915711,4.88221524
52.36255615,4.9036854
52.37129257,4.87861693
52.38274148,4.88868224
52.35868546,4.90836459
52.37839562,4.89740792
52.36712933,4.87720083
52.36579333,4.88030658
52.36195322,4.8961147
52.3781657,4.89128287
52.3606921,4.87849614
52.35645496,4.89753358
52.36316063,4.89033603
52.37924092,4.8975512
52.37213862,4.87277367
52.37620706,4.90934004
52.37935934,4.88729986
52.36125536,4.90236327
52.35962762,4.89269819
52.38128434,4.9088296
52.36201082,4.9124842
52.36945623,4.88877632
52.37458221,4.9140991
52.36377101,4.8807971
52.35795782,4.89445729
52.38044321,4.90214636
52.36212549,4.87858452
52.38210067,4.90486167
52.37826713,4.89848728
52.36296283,4.87539065
52.3689365,4.91088586
52.37281309,4.91012495
52.37004993,4.89264281
52.37236561,4.89701045
52.37654058,4.91559668
52.37154505,4.90272263
52.35676574,4.89179306
52.36222233,4.87597617
52.37157419,4.90840205
52.37323968,4.9105453
52.36369741,4.9109115
52.38274294,4.89782858
52.37447669,4.91720941
52.37023209,4.89553708
52.36526443,4.88920621
52.36517765,4.8925326
52.36094698,4.90072308
52.3730811,4.88785467
52.37254857,4.89029825
52.36343516,4.90832036
52.36870788,4.88610436
52.37856787,4.89382636
52.38218821,4.89295323
52.37517851,4.89223533
52.35798975,4.90605884
52.37878529,4.88843137
52.35744262,4.88889727
52.38144287,4.90580805
52.37293334,4.88104243
52.37900212,4.87768692
52.3788226,4.89528301
52.3707086,4.87400483
52.36349134,4.89720808
52.36427763,4.87741261
52.38324151,4.89748137
52.37562313,4.8901609
52.37079223,4.87677866
52.37228333,4.90913742
52.36935714,4.90832501
52.36145792,4.90539241
52.37189452,4.90463812
52.37280715,4.89803812
52.36693628,4.91824435
52.35781774,4.88376242
52.3785585,4.88857448
52.38238329,4.89410742
52.36888294,4.91092265
52.36474577,4.90125959
52.37316764,4.87937619
52.37449251,4.8859294
52.37731077,4.9097245
52.36369476,4.90950827
52.37656335,4.88084058
52.37281199,4.87662962
52.37087534,4.89500138
52.3565149,4.9026983
52.36671224,4.87721872
52.36593499,4.8810884
52.37125753,4.87850648
52.36481537,4.87538002
52.35980753,4.9097901
52.37064837,4.90791925
52.38107277,4.90046998
52.36375999,4.8822169
52.35989435,4.88221658
52.36622624,4.88385728
52.36696715,4.88238986
52.37979591,4.90028082
52.38289323,4.89891477
52.37043967,4.88723757
52.36556428,4.88885289
52.36144377,4.8975892
52.35934505,4.88156199
52.35897482,4.90264871
52.37781988,4.91346732
52.37226568,4.89326314
52.36984026,4.88775275
52.37095976,4.88599449
52.36867838,4.8956974
52.36098418,4.89550215
52.36486622,4.8889639
52.36731716,4.87811333
52.37788119,4.88274913
52.37617832,4.89939209
52.37150822,4.89428547
52.37410411,4.8852232
52.35972974,4.88911275
52.35922088,4.89732975
52.36476751,4.87360367
52.36163591,4.89565643
52.37766495,4.90337851
52.36104154,4.89554701
52.37089842,4.89466273
52.36246482,4.87622092
52.37855877,4.90668435
52.36228364,4.9029765
52.37071642,4.90964857
52.36241506,4.89532461
52.36060165,4.91106389
52.37079768,4.88685186
52.37555243,4.87928612
52.36132537,4.88838308
52.35697944,4.88566351
52.36055595,4.90112794
52.35982019,4.89904862
52.36142163,4.90999976
52.37836869,4.88976254
52.36054097,4.89803189
52.36403153,4.88566752
52.36211991,4.87744697
52.36898266,4.90419118
52.36948686,4.90551497
52.36798612,4.89091103
52.37441931,4.87425405
52.37241906,4.9028481
52.36846121,4.87978616
52.38360561,4.89471452
52.36991281,4.89251795
52.36603863,4.88305278
52.36774289,4.89029807
52.37211716,4.90531224
52.36889898,4.87515705
52.38402288,4.89969974
52.3638261,4.8966434
52.35656989,4.8913868
52.37357413,4.88824502
52.36660917,4.88155307
52.37599134,4.91017465
52.37241584,4.88344396
52.36363752,4.89048983
52.37448071,4.91759914
52.3697401,4.87208309
52.36465489,4.89509039
52.36749262,4.89029578
52.36216986,4.87686918
52.36858073,4.8867802
52.37468834,4.89021669
52.3808788,4.90128399
52.37892002,4.89058069
52.37772565,4.87839537
52.3775446,4.88394034
52.36521548,4.88459206
52.37538624,4.8763039
52.37780401,4.88890702
52.37365163,4.89365609
52.37090368,4.87689049
52.3762117,4.89116813
52.37712281,4.88973757
52.3729708,4.91179325
52.37025175,4.88538121
52.36153037,4.89384731
52.36154667,4.90830419
52.358373,4.88315997
52.36752727,4.90471204
52.35602382,4.89415379
52.3649946,4.90639736
52.37304759,4.87551
52.36799753,4.88678608
52.36675127,4.88281989
52.37394136,4.88221725
52.36019226,4.89282586
52.38087365,4.9056486
52.36612538,4.90386759
52.37662797,4.90284998
52.36776569,4.90995285
52.36978246,4.87456455
52.3673955,4.90281321
52.37946786,4.88321677
52.36345014,4.90670199
52.36085187,4.88328883
52.36054371,4.90446557
52.36277585,4.90763048
52.3774268,4.90256451
52.38224858,4.90112238
52.36951819,4.90372196
52.36817349,4.90462486
52.37228122,4.87519802
52.37496077,4.90128754
52.37817859,4.88345154
52.35766079,4.90394258
52.36417136,4.8966797
52.37099825,4.9153643
52.37168973,4.91325812
52.38275454,4.8841919
52.37946297,4.91292544
52.3741862,4.90148145
52.35629508,4.89871265
52.36749634,4.91666024
52.36903651,4.9026071
52.3725907,4.9131837
52.37963418,4.89699706
52.36870178,4.88925743
52.3749706,4.87849188
52.38240824,4.90216466
52.36921929,4.89677278
52.36188974,4.90823491
52.36617995,4.88788755
52.38354577,4.88878301
52.3834136,4.90448236
52.37252351,4.89178161
52.377391,4.88665353
52.38133413,4.90781717
52.36425817,4.89109608
52.36564372,4.90027218
52.36626135,4.88999873
52.38087717,4.89721917
52.36811433,4.89192965
52.36399662,4.87416925
52.37303224,4.89594005
52.37433413,4.89819213
52.36402183,4.90758709
52.38264028,4.89552225
52.37990637,4.88394625
52.38067642,4.88529986
52.3616932,4.88315319
52.36680607,4.87380255
52.35629036,4.89554109
52.37013056,4.90184712
52.3822072,4.88805668
52.37259162,4.89270168
52.36408099,4.89457732
52.37647562,4.8938071
52.37254089,4.88818479
52.36395556,4.91511749
52.3606634,4.90682457
52.38140188,4.90746261
52.36711961,4.87700787
52.36870094,4.9088761
52.35924965,4.88950026
52.37668735,4.87613015
52.36928316,4.87467353
52.38252392,4.88606448
52.371449,4.875075
52.35964085,4.88898802
52.37613541,4.88227893
52.35786431,4.8885823
52.36876962,4.90241205
52.37057304,4.89390565
52.37757823,4.89327131
52.37341521,4.9097508
52.38127633,4.89842987
52.38371461,4.88873558
52.38318085,4.90241132
52.3761942,4.87668062
52.37474712,4.91704237
52.3617447,4.88291291
52.36300263,4.91506662
52.36886493,4.89205449
52.36838633,4.89472737
52.38367033,4.89283594
52.37098223,4.91249724
52.36537077,4.91187178
52.37943051,4.90805516
52.37230804,4.88743669
52.36658384,4.90476119
52.37379296,4.88827506
52.38126258,4.89690014
52.37818724,4.88240087
52.38406694,4.89140123
52.38217482,4.90329695
52.38272483,4.90606096
52.38072639,4.90913094
52.36255313,4.88250175
52.37975741,4.89276017
52.37916592,4.89829647
52.37728979,4.90069546
52.37689908,4.88543207
52.36893692,4.90078965
52.36461941,4.90117076
52.36503945,4.87363041
52.36850222,4.91637268
52.36122165,4.88848995
52.36880075,4.91349619
52.376586,4.91166984
52.36780322,4.88803029
52.36058614,4.90273156
52.38187019,4.89765147
52.37832638,4.89384693
52.35999476,4.90782994
52.36417621,4.87383442
52.36050143,4.88138817
52.37435551,4.91583469
52.3573026,4.9009812
52.36267178,4.8998504
52.37318167,4.91337838
52.36987612,4.87469897
52.36220953,4.89152387
52.37771885,4.87746361
52.37134789,4.87232176
52.36456096,4.87474182
52.36743725,4.88299666
52.37663528,4.8812444
52.36714238,4.90189289
52.37397673,4.8765667
52.3639049,4.90537532
52.37513126,4.88433162
52.36940189,4.90572011
52.3775013,4.89086102
52.37838344,4.9095961
52.3808692,4.88872195
52.37031749,4.89946632
52.37611602,4.90491675
52.36415808,4.90839333
52.37075379,4.91307827
52.36626327,4.91556243
52.3699463,4.87359672
52.36830982,4.91705509
52.37269509,4.89313643
52.36732904,4.8985709
52.37664728,4.91546634
52.37268017,4.91576583
52.37115673,4.88355053
52.36072752,4.88988267
52.37435296,4.90369904
52.35843089,4.90002729
52.37084168,4.89628882
52.37960697,4.9018335
52.37313473,4.8937204
52.38170457,4.90651143
52.3795363,4.90375298
52.35941337,4.88881466
52.37196523,4.88194344
52.36978644,4.87837935
52.37761687,4.90103657
52.36740294,4.90195455
52.37663822,4.88798344
52.36125963,4.8899601
52.37021855,4.87201749
52.37328601,4.9164636
52.36331554,4.90647553
52.36921538,4.88756224
52.35813427,4.90022823
52.3655768,4.89057316
52.36720739,4.90733477
52.38117647,4.91021233
52.36889399,4.88599304
52.38163913,4.90710065
52.36570352,4.91615521
52.37680329,4.88313242
52.35872532,4.89409401
52.36633582,4.88390571
52.36991198,4.91757875
52.36172464,4.89337163
52.37127626,4.90618716
52.36854306,4.88313376
52.36724317,4.89297626
52.3766142,4.87858866
52.35877987,4.90184141
52.36840881,4.89581466
52.37806571,4.8833032
52.38332702,4.89086618
52.3629435,4.88983033
52.37044323,4.89224893
52.37507968,4.87391769
52.36333651,4.88635002
52.36847665,4.89527695
52.38363004,4.88713419
52.37667844,4.91488462
52.36662487,4.89659287
52.37287674,4.89598815
52.38263574,4.90552999
52.37758017,4.91325456
52.36699658,4.90799798
52.36781728,4.87482454
52.37060774,4.8805257
52.3807307,4.89107689
52.37159561,4.87439999
52.36610958,4.87816717
52.38178875,4.8895558
52.37343997,4.88712614
52.38085514,4.88439613
52.3655094,4.90504185
52.36237247,4.90735483
52.37418049,4.91313036
52.37017532,4.90222854
52.36247901,4.89075173
52.36695848,4.91720109
52.36887466,4.91720021
52.38062957,4.88264417
52.37982861,4.8860102
52.37477106,4.90595863
52.36993854,4.91467662
52.37073133,4.87629381
52.37524193,4.89828267
52.3708536,4.87450769
52.37635032,4.89419432
52.36859184,4.87166689
52.37737113,4.87937702
52.37165126,4.90516067
52.37420126,4.91504212
52.36954152,4.89464002
52.36406445,4.90370234
52.37032143,4.88331847
52.38021493,4.89406958
52.36490933,4.8876231
52.35845927,4.88786502
52.36954481,4.88404712
52.3796494,4.89074813
52.35871884,4.88368935
52.37242447,4.88841471
52.37245101,4.88690315
52.38206672,4.89654971
52.36403361,4.91373414
52.38260303,4.89827805
52.36520519,4.90823056
52.37589267,4.88961393
52.37330074,4.88636403
52.36542398,4.90262782
52.35934585,4.88458557
52.3825567,4.89350848
52.38318055,4.89713265
52.36941114,4.91108652
52.3659387,4.88855795
52.37870707,4.88689637
52.38055208,4.90860251
52.36392006,4.87989554
52.36601498,4.90179443
52.3727352,4.91583579
52.36267573,4.88057125
52.36954896,4.88758737
52.37778888,4.91192489
52.35931847,4.90765092
52.36782411,4.90458545
52.36273506,4.89562671
52.36136397,4.88510918
52.36377575,4.91313598
52.38004394,4.8823141
52.36711226,4.91726338
52.36234288,4.88702287
52.37762826,4.89449409
52.3619129,4.90825569
52.36209053,4.91095019
52.36475428,4.90362518
52.3665133,4.91229659
52.36106898,4.896353
52.38238491,4.90446374
52.36770281,4.8732118
52.36242143,4.8985102
52.36684786,4.87816365
52.36478448,4.87485378
52.38315631,4.88641515
52.38076364,4.89246815
52.36684775,4.88357275
52.35958796,4.90092565
52.37558421,4.8843252
52.38185937,4.88850421
52.37946806,4.88362447
52.3645117,4.88807449
52.36229331,4.89862358
52.37812823,4.8968205
52.37466305,4.91345413
52.37569037,4.88280783
52.36398135,4.90402942
52.37749918,4.8860541
52.36120698,4.87671176
52.37345273,4.89742231
52.37206576,4.90297572
52.36189802,4.90392584
52.37439363,4.87878582
52.36782443,4.87314127
52.38115736,4.90114857
52.360424,4.89283318
52.3659645,4.89759032
52.36534404,4.91161717
52.36152074,4.8996851
52.35683989,4.88676712
52.378167,4.87714327
52.38368613,4.89257429
52.3574367,4.89173499
52.36574419,4.91214161
52.36181609,4.90695742
52.35908332,4.89685426
52.36496869,4.89910438
52.37548502,4.89624079
52.3606071,4.89567809
52.3658186,4.89747179
52.36090386,4.91214102
52.38166075,4.90420186
52.37930273,4.90756911
52.38305183,4.88458927
52.37335124,4.87701981
52.37121857,4.90258732
52.37538703,4.887471
52.36753708,4.89983876
52.3837747,4.889222
52.36318791,4.91006024
52.37806703,4.88624009
52.37279834,4.87992655
52.36274258,4.89700187
52.35925382,4.88291523
52.36408854,4.90953998
52.35999284,4.90294558
52.37458981,4.8775287
52.37494364,4.88809072
52.38186298,4.90046599
52.36749217,4.91286509
52.36827081,4.9022736
52.38183353,4.90126472
52.38067659,4.88720124
52.38051537,4.88809626
52.37036698,4.87351044
52.36828335,4.87973871
52.37309579,4.8781578
52.36418525,4.87724857
52.36295841,4.90017152
52.36765378,4.87874223
52.35846325,4.90098608
52.3787067,4.88178423
52.37449202,4.89818241
52.36887696,4.91464828
52.36140685,4.87913961
52.38067519,4.91029902
52.37830756,4.91003859
52.37995791,4.88162681
52.38340375,4.88773578
52.38141855,4.89017926
52.36674896,4.8894195
52.367657,4.87890737
52.37092973,4.91322835
52.38415123,4.895084
52.36448544,4.88386161
52.37227834,4.88957353
52.37933539,4.90549421
52.37485454,4.91356981
52.36470328,4.89908734
52.36542669,4.89147994
52.38043479,4.88548367
52.36828039,4.89601745
52.35905222,4.88559438
52.38158624,4.90389243
52.37698808,4.87594018
52.36772329,4.90117914
52.35712133,4.898546
52.3601147,4.87866751
52.36797061,4.91235628
52.38232446,4.89484597
52.36634523,4.91532662
52.3714556,4.89292467
52.36900516,4.87941743
52.37093826,4.89311414
52.36068204,4.87898874
52.36387622,4.87767005
52.37156777,4.91521463
52.36387204,4.91370951
52.37237859,4.88486565
52.36994503,4.8861447
52.36983001,4.89092885
52.37027072,4.91248311
52.35888617,4.90498212
52.36636839,4.90894864
52.36713911,4.90625914
52.36710959,4.88437964
52.36265546,4.90157781
52.36249818,4.91432927
52.3827113,4.89805097
52.37114667,4.8977607
52.37154507,4.91751098
52.38035416,4.89387305
52.38209638,4.88943624
52.37410855,4.89703949
52.36769825,4.88985522
52.36885307,4.90898913
52.36425588,4.90715328
52.36036713,4.90198999
52.36096792,4.88586401
52.37276473,4.9156596
52.36022063,4.89203627
52.37639046,4.89202342
52.36359569,4.90638618
52.36649709,4.91226116
52.36730021,4.90619125
52.37605217,4.91202881
52.37712006,4.8771378
52.36368366,4.88411329
52.37450498,4.90885352
52.36907854,4.915565
52.35741396,4.89566645
52.36653747,4.90644891
52.36107866,4.88708364
52.37484603,4.90638586
52.36816476,4.88958936
52.3802936,4.88787739
52.36018308,4.88620881
52.36876818,4.91191931
52.35676302,4.89676752
52.35853359,4.89175644
52.35820729,4.89957425
52.36242297,4.90326444
52.36584668,4.8918868
52.37051508,4.87428621
52.36092171,4.90417969
52.35914636,4.90141132
52.35902696,4.88867129
52.35996019,4.88678207
52.36210055,4.88848168
52.36323529,4.8984097
52.38249772,4.89472918
52.38158485,4.89773175
52.37828926,4.87897459
52.37310765,4.91694732
52.37290453,4.89257479
52.37252158,4.90668894
52.38197323,4.88599559
52.36000162,4.88767
52.36578839,4.89668165
52.35815172,4.90568948
52.36194484,4.89132595
52.37484738,4.90909012
52.37654748,4.91392305
52.37230966,4.87428493
52.38088829,4.90434564
52.35775645,4.89386396
52.36675354,4.88897934
52.36851804,4.91622852
52.3784763,4.90815542
52.37553302,4.90621865
52.35663823,4.89827311
52.36933443,4.8928361
52.37716166,4.90946084
52.36500526,4.8765778
52.36237355,4.88213491
52.37560435,4.88689043
52.37410447,4.88259589
52.36018488,4.8806728
52.38078128,4.88787865
52.38196898,4.90481209
52.37291356,4.91257129
52.35763911,4.90290367
52.3733,4.90985918
52.36871516,4.87473041
52.37626605,4.88797296
52.35798713,4.88917981
52.36580685,4.87479454
52.38123952,4.89188863
52.36596006,4.9129759
52.36027709,4.90826869
52.37940544,4.89114978
52.36466105,4.88233276
52.36377814,4.91287982
52.37832992,4.8940063
52.37025802,4.88097659
52.36655179,4.89698559
52.38282218,4.90046441
52.37626506,4.8926105
52.3684351,4.90890352
52.36182973,4.90360499
52.36386875,4.89965802
52.37985788,4.89389962
52.36927642,4.89152194
52.3635027,4.90680409
52.37121407,4.9148071
52.36877533,4.87992405
52.36084215,4.90054164
52.37149687,4.88712021
52.36214134,4.87975393
52.37090933,4.90047373
52.36624907,4.91189277
52.36140848,4.90390146
52.35657024,4.89942222
52.37561797,4.90784956
52.36511371,4.89990518
52.38008769,4.89727967
52.3645335,4.91201149
52.37969431,4.91114786
52.35689114,4.90134884
52.35874596,4.90317898
52.35669128,4.90266861
52.37856544,4.91168378
52.3770272,4.88299753
52.38099319,4.91065588
52.36498502,4.90303509
52.38347104,4.88689635
52.36036738,4.90995206
52.37582964,4.91176652
52.37540809,4.87580351
52.36467748,4.91205875
52.37066987,4.89116722
52.37179145,4.88327954
52.37841021,4.90770603
52.38276526,4.89530087
52.37474732,4.87406606
52.36027565,4.87848384
52.37784157,4.87703671
52.3667349,4.87725768
52.3667485,4.89319207
52.37420198,4.88786581
52.35939646,4.90219544
52.3612886,4.89250948
52.37343702,4.91403169
52.35918403,4.90033966
52.36484039,4.87947214
52.36701545,4.91109808
52.36499032,4.88259638
52.38078755,4.88620431
52.37183034,4.88864124
52.37737784,4.8931368
52.3603042,4.90116339
52.36981992,4.87825945
52.378372,4.90865048
52.37388384,4.88910391
52.36117159,4.90393422
52.37139166,4.90570006
52.38378877,4.89721066
52.36848846,4.91209056
52.37833905,4.88153499
52.35754775,4.90454863
52.37225023,4.90746315
52.36447846,4.90106087
52.37356871,4.90101098
52.37451174,4.87331862
52.36367983,4.88299592
52.3755263,4.9044649
52.3721078,4.87589504
52.36803854,4.8729458
52.36011109,4.88395833
52.36097357,4.88911253
52.37424764,4.88440681
52.37933328,4.88569505
52.36597356,4.90350754
52.36558603,4.89331643
52.37277874,4.89586039
52.37937542,4.89643889
52.3826643,4.89817325
52.36452076,4.87773657
52.36372562,4.90043699
52.38357969,4.90201327
52.36767235,4.90843832
52.36044903,4.89995516
52.37976329,4.90705104
52.37973344,4.88893336
52.36410634,4.87698857
52.35808626,4.88280474
52.38395673,4.89512279
52.36539582,4.88251324
52.36370736,4.91554823
52.36584291,4.9065907
52.36015938,4.90545408
52.35989355,4.8992257
52.36667469,4.90680467
52.36687794,4.87857179
52.36956008,4.87448207
52.36167746,4.88987433
52.37099784,4.88545114
52.35702119,4.8870208
52.36252411,4.88634177
52.36528721,4.89657128
52.35759538,4.89351764
52.36568856,4.88180106
52.37342367,4.90140471
52.36768951,4.89412408
52.36823671,4.89846884
52.35885051,4.89425032
52.36216618,4.9101459
52.36280959,4.87660066
52.36631111,4.90626913
52.35685785,4.88893856
52.36982648,4.87573583
52.37906472,4.91166744
52.36606009,4.87604024
52.36840503,4.9180443
52.38228474,4.89525902
52.37103213,4.87720822
52.37077507,4.90763652
52.38213639,4.90142534
52.3575873,4.90474058
52.36137441,4.8829879
52.37286782,4.87585465
52.3608062,4.89002775
52.35725578,4.90334806
52.3649416,4.91189176
52.37981929,4.89192387
52.38055101,4.88374273
52.36774169,4.91500141
52.37337393,4.87224177
52.37736569,4.91251946
52.36978302,4.91073838
52.3771556,4.89147856
52.37579379,4.90062185
52.37663359,4.87652367
52.36217713,4.90042874
52.36089132,4.88077291
52.37678148,4.89983902
52.37829682,4.90495709
52.38178458,4.90477776
52.3795043,4.88063768
52.3630552,4.90026876
52.37687292,4.89378196
52.36783074,4.90734651
52.38027854,4.90342881
52.37229045,4.88988179
52.36612324,4.88454603
52.3818258,4.88431814
52.36763835,4.91360957
52.36300315,4.89861418
52.36331351,4.87889984
52.36460659,4.89649329
52.35833632,4.89127597
52.3794646,4.90987629
52.35818289,4.88574513
52.36558717,4.89622722
52.38014299,4.90005684
52.37284499,4.88666517
52.37552323,4.88733796
52.35663343,4.89175937
52.38048169,4.87904735
52.37118875,4.87451014
52.37550485,4.89369012
52.37821817,4.88551286
52.3808265,4.88399683
52.35698513,4.88620231
52.37082758,4.87508119
52.36485609,4.88843117
52.37269517,4.90900021
52.37837417,4.88629579
52.36578183,4.91327015
52.36370974,4.90334794
52.36954404,4.90629629
52.37136707,4.8805784
52.37232848,4.87479756
52.37029662,4.91316238
52.36391919,4.90561306
52.37535382,4.88025774
52.37218507,4.88069774
52.35781447,4.90158844
52.38297047,4.90288271
52.36050919,4.88773027
52.36269187,4.9061147
52.37353068,4.87598486
52.37339758,4.88106789
52.37372073,4.87841093
52.38301251,4.90317089
52.37481403,4.87814441
52.36330337,4.88501949
52.36612205,4.8929247
52.37296643,4.88243743
52.36751284,4.88877976
52.37651831,4.88615429
52.37382743,4.91576697
52.36279114,4.90873613
52.37108221,4.90041442
52.37860841,4.87858413
52.37008955,4.90221655
52.3665921,4.88324324
52.37063333,4.89168561
52.36380715,4.91383641
52.37903514,4.89895878
52.37725107,4.89319544
52.35757593,4.90122048
52.37624308,4.89732065
52.36309823,4.90248327
52.36246263,4.89150929
52.36095039,4.89224589
52.36865017,4.87406048
52.38072862,4.88667364
52.37312547,4.88085925
52.36978045,4.89059616
52.35794569,4.89183934
52.37007203,4.88974523
52.35822927,4.900461
52.37532891,4.88070509
52.36383472,4.90712773
52.36811049,4.8789929
52.37242582,4.88360118
52.37032695,4.89169029
52.35703588,4.88557147
