53.09524741,6.62572609
52.42046564,5.71058568
52.11183026,5.34201973
52.42248188,5.65191101
52.10885871,4.61592131
52.39766177,5.24396753
52.97506347,4.39201526
52.49406755,6.36341355
52.18612641,2.58547731
51.36732032,5.7520719
53.15901816,5.73361495
51.79379815,4.56920972
52.88902637,6.34823465
53.22984197,4.05232325
53.06273424,6.61332226
53.24140061,5.04925683
51.34680297,4.4939901
51.53850114,5.41910632
52.25004348,2.64096045
53.12973464,4.71735659
52.08320161,4.26357629
52.11320559,2.66945822
52.98180984,6.4152091
52.29637508,2.71578827
53.45864698,5.35141127
52.25592815,2.67037697
51.55941563,3.556361
53.54945487,4.92087294
52.63245423,7.01261171
51.36446216,6.51874376
52.49472502,6.95553146
51.1443163,5.14032278
52.13136106,3.46051883
52.87975146,5.69675404
52.54290897,2.76010352
51.64598195,3.54620815
51.11012575,5.35676372
53.5364458,5.423281
53.70526936,4.4034953
51.66860492,5.07856359
50.98159956,5.4597704
52.32880748,5.60694704
52.80292721,4.80090353
52.0124218,5.60645037
51.50737235,5.40535421
53.31230166,3.62732722
53.48245632,4.4704595
53.34179502,5.49655297
52.10111884,4.03600679
52.60733223,2.64405469
51.79835761,4.84985907