6.62572609	53.09524741	3.8	0	0	54.635
5.71058568	52.42046564	1.2	0	0	83.91
5.34201973	52.11183026	50.5	0	0	133.182
5.65191101	52.42248188	-5	0	0	83.243
4.61592131	52.10885871	-2.6	0	0	213.306
5.24396753	52.39766177	-3.6	0	0	82.516
4.39201526	52.97506347	-24	0	0	333.433
6.36341355	52.49406755	7.9	0	0	81.542
2.58547731	52.18612641	-35	0	0	263.492
5.7520719	51.36732032	24.1	0	0	151.847
5.73361495	53.15901816	-2.8	0	0	32.415
4.56920972	51.79379815	-3	0	0	199.292
6.34823465	52.88902637	23.2	0	0	58.958
4.05232325	53.22984197	-25	0	0	329.676
6.61332226	53.06273424	5	0	0	55.68
5.04925683	53.24140061	-13.2	0	0	6.042
4.4939901	51.34680297	27.3	0	0	193.768
5.41910632	51.53850114	10.5	0	0	158.576
2.64096045	52.25004348	-43.9	0	0	265.909
4.71735659	53.12973464	-10	0	0	352.005
4.26357629	52.08320161	6.7	0	0	233.679
2.66945822	52.11320559	-31.6	0	0	260.202
6.4152091	52.98180984	15.6	0	0	55.829
2.71578827	52.29637508	-39	0	0	267.689
5.35141127	53.45864698	-10.2	0	0	14.004
2.67037697	52.25592815	-51.3	0	0	266.078
3.556361	51.55941563		0	0	226.023
4.92087294	53.54945487	-20	0	0	0.742
7.01261171	52.63245423	17.4	0	0	77.662
6.51874376	51.36446216	37.1	0	0	134.451
6.95553146	52.49472502	18	0	0	83.524
5.14032278	51.1443163	28.1	0	0	172.847
3.46051883	52.13136106	-22.6	0	0	255.354
5.69675404	52.87975146	-1	0	0	43.362
2.76010352	52.54290897	-42.4	0	0	278.407
3.54620815	51.64598195	-3.5	0	0	229.438
5.35676372	51.11012575	63.5	0	0	167.038
5.423281	53.5364458	-20.1	0	0	15.05
4.4034953	53.70526936	-36	0	0	347.71
5.07856359	51.66860492	4.9	0	0	170.789
5.4597704	50.98159956	76.6	0	0	165.627
5.60694704	52.32880748	2.9	0	0	95.158
4.80090353	52.80292721	-2	0	0	352.498
5.60645037	52.0124218	7	0	0	129.09
5.40535421	51.50737235	16	0	0	159.771
3.62732722	53.31230166	-25	0	0	321.397
4.4704595	53.48245632	-23.1	0	0	347.206
5.49655297	53.34179502	-16.5	0	0	20.254
4.03600679	52.10111884	-20	0	0	243.253
2.64405469	52.60733223	-38.4	0	0	280.706
4.84985907	51.79835761		0	0	182.805
4.47426021	53.59205174	-26.1	0	0	348.45
3.88161344	51.20097762	1	0	0	208.601
5.88951528	52.86578138	-3.2	0	0	50.224
4.18902027	52.3559093	-18	0	0	268.379
5.48908667	52.98572424	-2.9	0	0	30.093
6.48192328	52.19499379	11	0	0	99.604
4.01570551	53.51819587	-26.4	0	0	335.57
5.00253955	52.44090718	-3.4	0	0	42.776
3.88853219	52.15922696	-16.7	0	0	251.494
6.3919034	52.70330005	6.7	0	0	69.311
5.16522398	52.10872653	1.2	0	0	147.583
2.82281169	52.90963106	-32.9	0	0	294.038
6.64478009	53.18705814	-1.4	0	0	51.644
6.49826996	52.29547166	13	0	0	93.728
6.21888287	51.89963187	51.4	0	0	119.555
4.72913153	51.41626056	14.7	0	0	186.196
2.93586244	51.78348273	-23.8	0	0	244.798
4.82617814	53.61845035	-24.7	0	0	358.122
6.77037795	53.06976589	-1	0	0	57.628
4.69543298	52.80948151	3	0	0	344.637
5.82033856	52.47528743	-4	0	0	79.084
2.60490738	52.7417329	-37.8	0	0	285.846
4.81132171	52.93679881	0	0	0	354.903
3.70563069	52.0775829	-22.1	0	0	248.591
7.21895624	52.2130225	54.2	0	0	95.391
4.93664052	52.68797656	-2.6	0	0	4.523
3.25369664	52.27109233	-27	0	0	265.008
3.3794081	52.14926601	-30.4	0	0	257.205
5.49788561	52.92624002	-1.5	0	0	33.092
6.85961024	52.26692431	38	0	0	94.139
4.28383762	51.53904178	7	0	0	204.625
4.74387935	51.58401129	1.3	0	0	186.819
3.58967818	53.17044797	-26.8	0	0	315.893
5.96623966	52.24128111	12	0	0	100.714
4.60044721	52.39947708	15.7	0	0	279.356
5.66522155	51.36423105	26.6	0	0	154.398
5.05270487	52.73206653	-2.7	0	0	14.765
4.75960479	53.04129896		0	0	353.076
3.28148433	52.35408582	-23.5	0	0	269.701
3.36342311	51.86590706	-22.8	0	0	242.406
4.25179048	52.18360566	-16.1	0	0	244.891
6.04231282	52.65449064	-2	0	0	67.39
6.34648683	52.11692875	22.3	0	0	105.334
4.80704328	53.45267935	-23.9	0	0	357.224
4.73831165	52.7453319	-1.7	0	0	345.799
4.94050377	50.93711428	41.6	0	0	178.858
3.02532586	52.95613179	-31.2	0	0	298.065
3.97430141	52.69153955	-25.9	0	0	300.203
5.86923262	51.24405312	28.4	0	0	151.478
3.20379937	51.62265977	-14.2	0	0	234.996
4.60548729	52.51169842	9	0	0	308.817
2.63852315	52.18912825	-40.6	0	0	263.421
5.2128879	50.9535562	26.6	0	0	171.955
5.6829049	51.75046054	8	0	0	141.682
6.54947403	52.58606953	5.6	0	0	77.253
4.58386383	51.68586548	2.3	0	0	195.759
5.95619487	52.10972478	83.9	0	0	111.427
5.77813667	53.48435388	-3.7	0	0	25.185
5.54582055	51.63963155	8.3	0	0	151.01
6.38855925	53.46534954	-2	0	0	38.834
6.12397973	52.47535092	3.8	0	0	81.527
4.16330714	52.26344764	-19	0	0	256.867
5.4502179	52.03072607	14.8	0	0	134.721
5.90792047	52.45526726		0	0	81.76
6.8437455	51.90375206	54.2	0	0	110.536
4.59971868	51.16223301	9.9	0	0	188.723
6.49577034	52.20424858	10.9	0	0	98.987
3.20711576	52.63209329	-25.3	0	0	284.966
3.52432942	51.9655109	-21.5	0	0	244.84
5.28016461	53.44141303	-6.8	0	0	12.077
5.16657456	52.31019726	-3	0	0	109.79
4.67900387	51.27871552	15.3	0	0	187.064
6.72448281	53.2451446	-3	0	0	50.922
6.23838388	53.53594228	-4.7	0	0	34.234
5.51989602	51.05455085	80.1	0	0	163.36
3.09304323	53.22267018	-24.4	0	0	308.752
2.7392094	52.34736762	-36.8	0	0	269.86
3.91869317	51.28980975		0	0	209.57
6.54396886	52.9008143	18.8	0	0	61.411
4.33759932	51.94392769	-3.8	0	0	218.965
4.52040073	51.70407505	2	0	0	199.238
4.69858226	52.33996758	-6	0	0	255.938
4.99805751	50.95184768	33	0	0	177.383
4.85591519	51.10125222	11	0	0	181.113
4.44329738	52.33532288	-12.5	0	0	262.974
6.26593293	51.32359827	43	0	0	140.483
2.97048699	53.0692693	-28.2	0	0	301.711
4.17447602	53.13094614	-25.7	0	0	330.455
5.26791411	53.14208421	-2	0	0	16.144
4.53447061	53.09048638	-20	0	0	343.273
6.30779707	51.43795654	30.4	0	0	136.37
5.15095083	52.24588084	9.6	0	0	128.385
3.69896945	52.92296095	-23.1	0	0	307.767
3.36187113	51.51655032	-2.6	0	0	228.518
6.14849283	52.24270877	6	0	0	98.95
3.70482863	53.1447257	-25.7	0	0	317.546
4.32637902	52.73138368	-22	0	0	316.466
4.24431193	52.36903537	-19.6	0	0	270.088
6.19395548	51.20809746	65.8	0	0	144.832
6.37157071	52.00052164	16.8	0	0	111.631
5.30206983	51.96849297	2	0	0	147.989
5.58071183	51.39017269	25.5	0	0	156.375
3.80071123	51.701134	2.2	0	0	225.612
2.94892999	52.18124354	-30.7	0	0	261.754
4.10706008	52.08492196	-17.6	0	0	239.729
5.84860969	52.63185192	-1.2	0	0	65.357
4.53373195	53.01472224	-22.9	0	0	341.371
5.96989514	51.95197199	10.6	0	0	121.965
3.36972458	53.2869444	-23.8	0	0	315.452
7.22082195	52.35255633	31	0	0	89.791
2.78566003	52.91301222	-35.5	0	0	293.815
4.76168655	53.58569624	-23.7	0	0	356.27
3.10372664	52.61715627	-27	0	0	283.466
3.60307035	52.56337883	-20.3	0	0	284.299
5.59986583	53.42320205	-3.3	0	0	21.704
5.2141964	53.65392025	-27.1	0	0	8.377
4.69941913	51.81920869	1	0	0	192.389
4.76938412	53.14583289	-1.6	0	0	354.445
2.85584466	51.7898509	-29.8	0	0	245.959
4.28155663	51.32346508		0	0	200.149
6.24665242	52.74889165	0	0	0	64.72
6.33354269	51.29190527	76	0	0	139.933
3.50122857	51.47009301	-0.1	0	0	224.235
3.92980337	51.22567441	2	0	0	207.928
5.5860603	52.98164258	-1.5	0	0	34.142
6.14676219	51.17976757	78.1	0	0	146.462
4.64944338	53.10740138	-17.6	0	0	348.688
6.40157435	53.16450736	-2	0	0	48.331
5.22539994	53.11899	-2	0	0	14.817
5.42395238	52.17651738	5.8	0	0	120.697
6.25873938	52.48589966	4.9	0	0	81.539
6.00465476	53.35364469	-2	0	0	33.819
6.70917133	52.68181956	10.5	0	0	73.515
6.38323535	52.32032792	13	0	0	92.552
3.69028782	51.37792257	-0.1	0	0	217.333
4.40020149	53.4424152	-24.5	0	0	344.639
3.94498314	51.84459596	0	0	0	228.367
6.13651552	51.98589653	7.9	0	0	116.297
5.43850215	52.14705294	2	0	0	123.647
4.28703758	52.4298233	-17.6	0	0	279.367
5.85194189	52.34316841	30.6	0	0	92.271
3.36957782	52.65236917	-32.1	0	0	287.508
3.27289279	52.18484391	-22.6	0	0	260.064
3.32429807	52.71709766	-30.5	0	0	290.578
5.10736083	53.23089074	-8.8	0	0	8.394
5.19823599	53.70337132	-28	0	0	7.663
6.09484595	51.19610055	64.5	0	0	147.23
3.67070208	52.13932518	-22.5	0	0	253.364
3.7810912	52.04087431	-22.4	0	0	244.689
4.73113829	52.31565546	-4	0	0	241.499
3.97471432	53.65481163	-37.6	0	0	337.046
4.36690966	52.48391869	-18.6	0	0	289.652
4.08470354	52.31717427	-19	0	0	264.206
3.94999274	53.36037526	-24.3	0	0	330.423
6.81595299	52.71138751	12.2	0	0	72.959
4.90691811	51.63698696	3.8	0	0	179.43
4.45342032	51.30864761	8.8	0	0	194.593
5.99696191	52.37252053	28.3	0	0	89.367
2.84571762	51.71089923	-20.2	0	0	243.201
4.49467299	51.24143622	5	0	0	192.531
3.48317987	53.19723268	-24.2	0	0	314.641
3.16297037	52.89772694	-27.9	0	0	297.333
5.42020714	52.10527422	3.8	0	0	129.281
2.8201392	52.83931006	-29.2	0	0	291.24
5.73267859	53.66640547	-25.8	0	0	20.907
4.6477462	52.96954312	-1.6	0	0	346.043
4.80720583	51.2894276	22.4	0	0	182.914
6.10732629	51.77812728	72.6	0	0	127.995
3.74019104	51.3746118	-3.4	0	0	216.068
3.91163131	52.48708158	-21.1	0	0	281.417
4.05969638	52.75972404	-19.3	0	0	307.818
4.30914449	51.78076483	-1.9	0	0	211.658
3.36110187	52.49586631	-31.2	0	0	278.259
4.97554104	50.96768853	51.8	0	0	177.933
3.16882095	51.89189145	-30.4	0	0	246.39
6.46123762	52.85703667	8.1	0	0	62.269
3.88053981	53.33107249	-26.1	0	0	327.878
6.58843223	51.92341671	27	0	0	112.598
4.05772116	52.82610051	-24.3	0	0	312.2
3.43868238	53.24640557	-32.7	0	0	315.44
3.88882335	51.71771563	-2	0	0	223.887
4.07265548	52.52492736	-21.5	0	0	287.477
6.2532552	53.2895618	-3	0	0	41.21
6.31702306	51.27793912	54	0	0	140.62
4.95393899	51.01842646	15	0	0	178.433
5.24629484	53.80156845	-29	0	0	8.241
5.55505172	53.32855456	-14.2	0	0	22.317
3.54320464	51.4622492	1	0	0	223.099
5.41717899	52.13356827	3	0	0	126.314
5.70703559	52.98574539	-5	0	0	38.327
3.41039203	52.68379071	-25.9	0	0	289.732
6.00989361	52.99909721	-3	0	0	46.615
3.96712556	52.72630792	-25.6	0	0	302.619
6.51180285	52.38030314	8.2	0	0	88.774
2.61990459	52.33350487	-42.2	0	0	269.388
6.98118445	52.48506134	18.2	0	0	84.015
6.41807026	51.84583753	14	0	0	118.674
4.10336319	51.37760626	-1.8	0	0	206.532
6.35838937	52.33241028	9.6	0	0	91.843
4.01341862	51.23044936	4.5	0	0	205.914
2.66626518	52.10063745	-32	0	0	259.711
6.49663983	52.65278399	7	0	0	73.198
4.23782141	53.27332397	-26.1	0	0	336.519
5.65923291	52.03735001	19	0	0	125.105
4.94826023	53.80097953	-35	0	0	1.256
5.12757743	53.69255893	-30.4	0	0	5.941
5.59770182	51.29326029	28.6	0	0	157.768
4.8754537	52.33606544	7.1	0	0	199.43
2.99460948	52.03990661	-31.7	0	0	254.919
5.10856354	53.14523616	-4.5	0	0	9.376
6.75777109	51.84724622	52.3	0	0	113.831
6.91053737	53.14680648	-3.7	0	0	56.714
4.20306438	51.10214366	0.1	0	0	198.948
3.42455241	52.19058577	-21.7	0	0	259.292
5.57993938	51.98372587	8.2	0	0	132.355
5.14292671	52.54382872	-22	0	0	40.912
4.69531677	51.45399432	7.7	0	0	187.742
3.26406985	52.45982206	-27.9	0	0	275.793
2.92777543	51.99259349	-38.5	0	0	253.397
4.33581993	52.58893258	-16.9	0	0	302.923
3.60809942	51.38717413		0	0	219.455
6.02018366	52.34940728	5.5	0	0	91.289
5.79109656	53.305424	-1	0	0	29.702
2.83814149	52.31199389	-37.5	0	0	268.162
6.66006999	52.40466073	8.2	0	0	87.47
3.42592455	53.38442107	-25.6	0	0	319.421
5.598898	53.02400076	-1	0	0	32.838
3.22135773	52.86736355	-25.1	0	0	296.732
3.25240419	51.73969776	-18.2	0	0	238.678
2.76956532	52.3236577	-37.8	0	0	268.788
3.80961258	52.92600513	-29	0	0	310.591
4.89953343	52.77520575	-1.5	0	0	0.374
2.54686948	52.41494878	-36.4	0	0	272.718
2.85003822	52.58265241	-41.5	0	0	280.488
5.8735636	52.74859588	-4	0	0	57.15
6.70722092	51.95943454	36.4	0	0	109.566
6.00829971	51.89969376	10	0	0	124.113
3.81885229	53.52489674	-29.6	0	0	331.108
3.35533861	51.73647946	-27.3	0	0	236.815
4.26000836	53.01465871	-32.3	0	0	329.4
2.85432806	52.49848138	-41.8	0	0	276.694
4.24944306	51.35754794		0	0	201.747
4.11069393	51.84518984	-4	0	0	222.852
2.97018102	52.54940874	-23.9	0	0	279.449
6.32994454	52.93551208	18.5	0	0	56.429
5.21866797	53.02325608	-5.4	0	0	16.582
6.46715492	51.89572539	16.6	0	0	115.563
5.25298423	51.11893935	48.1	0	0	169.819
3.86492404	51.26649142	1	0	0	210.391
5.81528037	52.57351203	7.3	0	0	69.699
2.83885631	52.23220711	-38.8	0	0	264.551
3.94762785	51.71099411	-1	0	0	221.855
2.58559525	52.23100047	-38	0	0	265.285
3.48983104	52.95164864	-30.2	0	0	304.856
4.86775367	52.12383418	-2.9	0	0	183.908
6.81527879	52.83289699	16	0	0	67.599
5.50585285	52.75659621	-27	0	0	43.612
4.68154147	53.50289517	-24.5	0	0	353.6
5.46017715	52.24517758	-2.4	0	0	109.674
4.90320068	51.12881159	19.2	0	0	179.767
3.71617715	51.38591546	-4.1	0	0	216.946
2.85206744	52.07463535	-30.7	0	0	257.521
6.31746423	51.87280391	12	0	0	119.103
6.52235748	51.87628975	20.4	0	0	115.664
6.32195505	51.41995716	28.5	0	0	136.62
5.11140436	51.28345044	22.9	0	0	172.904
5.95091854	51.6950554	8.8	0	0	135.692
5.5910564	53.1080931	1.3	0	0	29.45
2.70872338	52.59392699	-36.7	0	0	280.403
3.10031548	51.68567906	-25.5	0	0	238.916
4.58726088	52.81365529	-14.2	0	0	337.251
5.33996997	52.84477491	-17.9	0	0	29.472
7.0989119	52.75996538	15	0	0	72.904
5.34142961	53.38909617	-0.5	0	0	14.628
5.81774509	51.34634215	28.3	0	0	150.54
4.56193844	52.04092117	-3	0	0	211.937
5.9660703	52.87380601	-2	0	0	51.813
3.51513659	53.51529011	-32	0	0	324.559
4.37737952	53.09112327	-24.7	0	0	336.699
3.58787755	52.25447045	-19.9	0	0	262.277
2.7695117	52.50252973	-46.8	0	0	276.672
4.59699717	51.39754336	18	0	0	190.832
3.87403138	52.25657029	-18.4	0	0	260.087
6.19675762	53.06352876	2	0	0	48.157
6.14146071	52.08691156	8.9	0	0	109.868
3.15329858	52.612471	-33.5	0	0	283.556
4.02123532	51.22497249	2.6	0	0	205.608
5.19072453	51.58339749	10.1	0	0	166.855
3.51600611	52.59623983	-28.4	0	0	285.608
5.5668231	53.75156217	-25.7	0	0	16.021
3.59336749	52.15112709	-22.2	0	0	255.141
3.12626327	52.01362786	-23.1	0	0	252.497
4.19449143	53.05781541	-27.1	0	0	328.591
6.49204934	53.19709223	-2.9	0	0	48.799
4.76061619	52.27467153		0	0	220.774
6.45011644	53.40583337	-0.1	0	0	41.557
3.60454223	53.12335098	-24	0	0	314.462
4.152701	53.50157726	-25.6	0	0	338.715
6.7172928	52.96945608	16.6	0	0	60.806
4.2024499	51.42766771		0	0	204.667
5.54999856	53.38005364	-13.4	0	0	21.114
6.74691288	52.01240011	35.5	0	0	106.762
5.49773714	52.74231985	-26.6	0	0	44.315
6.20151293	52.47415978	0.4	0	0	82.049
6.25839571	53.12726227	3	0	0	46.925
5.70222152	53.63794798	-23.8	0	0	20.64
5.67182186	53.56523481	-23.4	0	0	21.067
3.39761111	51.90088888	-21.9	0	0	243.544
6.02523001	51.28327324	24.7	0	0	146.831
4.21142072	51.06054687	2	0	0	198.193
4.57772361	50.98273204	7.8	0	0	188.2
5.48226389	53.58682952	-23.5	0	0	15.968
6.52975714	52.36200203	9	0	0	89.824
3.98907622	52.10181072	-21	0	0	244.546
6.82780259	52.01455579	41.2	0	0	105.945
3.51493579	53.11801119	-27	0	0	312.375
3.15231826	51.6984672	-14.7	0	0	238.621
5.38078222	52.33758526	-5.9	0	0	96.086
2.79816982	51.85318285	-22.7	0	0	248.955
3.26411774	51.9727175	-24.2	0	0	248.974
3.11213518	52.4180379	-24.2	0	0	273.223
6.10971142	52.10158113	16.2	0	0	109.377
4.09902633	53.52325513	-27.3	0	0	337.727
3.17305339	52.06254395	-32.7	0	0	254.425
5.74035291	52.08669768	27.2	0	0	118.373
4.8430834	53.3091217	-13.7	0	0	358.102
4.41449324	53.49503382	-25.6	0	0	345.747
4.52578357	53.49849051	-25.7	0	0	348.985
2.8273065	52.83245256	-29.6	0	0	291.025
4.79562457	52.06113473	-3	0	0	191.202
4.62127462	52.15740615	-5.5	0	0	218.336
5.21160817	52.88171138	-21.7	0	0	20.457
4.36061121	53.2011973	-28.2	0	0	338.954
6.70614585	52.0040876	29.9	0	0	107.534
4.38767922	51.88475469	2.3	0	0	212.891
3.78362513	51.21547484	0.9	0	0	211.206
6.18315126	52.96428285	3.1	0	0	52.234
4.124837	52.78141957	-24.2	0	0	311.601
3.58420515	52.62265357	-23.5	0	0	288.071
5.98691206	53.57077091	-19	0	0	28.272
4.39111951	52.11307518	-2	0	0	230.401
4.5930325	51.1479816	7.8	0	0	188.818
4.8694852	51.69810557	2.8	0	0	181.357
4.225831	52.75788424	-21	0	0	313.881
5.19177538	52.58186161	-20	0	0	40.367
6.84402173	51.8609427	45	0	0	112.281
5.1254603	53.25688533	-7.5	0	0	8.83
4.61513844	51.78591958	-3	0	0	196.523
3.41322413	53.48302614	-29	0	0	321.832
3.51092702	51.48276804	23.3	0	0	224.434
6.54542485	53.23079683	3	0	0	48.566
4.13044522	51.71161031	-0.7	0	0	215.837
6.20623741	52.69826101		0	0	67.121
4.46813383	52.19239055	0.3	0	0	235.927
3.78689088	52.35383694	-22.5	0	0	269.053
6.63243491	52.66184797	8.4	0	0	73.89
6.49805891	52.9641054	13.5	0	0	57.941
7.13780585	52.12994332	54.8	0	0	99.038
5.87457121	52.45577884	0.7	0	0	81.461
6.58472128	53.0596512	11.4	0	0	55.365
3.90264961	52.20202554	-17	0	0	254.909
4.68112641	53.47868272	-24.1	0	0	353.445
4.01949356	52.86118727	-24.3	0	0	313.068
3.04285768	53.01187686	-30.6	0	0	300.484
5.81517837	52.19340568	53.5	0	0	107.075
3.80483932	51.19162217	4.4	0	0	210.214
5.11322878	53.11988873	-4.1	0	0	9.9
5.52311177	53.33979391	-17	0	0	21.109
6.21394448	52.77623017	6.7	0	0	62.612
4.27775784	52.76516985	-22	0	0	316.708
6.29231967	52.44850722	2	0	0	84.198
3.11592725	52.7584381	-31.5	0	0	290.451
3.14874879	52.97118368	-26.6	0	0	300.266
7.12268746	52.8595114	10.4	0	0	69.228
5.12854873	52.46197163	-2	0	0	57.102
3.92658322	53.03831155	-24	0	0	319.087
5.52017294	52.77301998	-27.8	0	0	43.073
5.26859479	51.61369149	4	0	0	162.946
2.96110953	52.98128499	-29.5	0	0	298.29
3.1946372	51.45499628	-5.3	0	0	229.568
6.07570784	53.2167354	0.2	0	0	39.672
3.68183891	51.28689576	0	0	0	215.169
3.36673047	53.23060073	-21.2	0	0	313.562
5.33813796	52.40440165	-0.4	0	0	82.618
4.54249702	51.34922972	26.7	0	0	192.181
6.24559629	51.38289305	30	0	0	139.289
4.81603346	52.77663314	2	0	0	353.283
4.72344957	52.55030951	-1.9	0	0	329.913
5.97267678	53.29244055	0.1	0	0	34.79
2.71258912	51.90360841	-28.3	0	0	251.66
4.54092055	52.29418517	-0.9	0	0	250.788
4.12975286	53.19984946	-26.1	0	0	331.143
3.9753967	52.1271988	-20	0	0	247.021
3.90392311	52.60824253	-22.9	0	0	291.915
4.82294644	52.63497741	-3.2	0	0	350.601
4.35656027	53.50284387	-26.2	0	0	344.222
5.2392754	51.906633		0	0	155.371
6.01970635	52.73937715	-3.4	0	0	61.188
6.11695651	53.5281418	-4.6	0	0	31.96
3.93760282	53.14600514	-23.3	0	0	323.621
3.47902994	52.87447388	-30.4	0	0	300.955
4.38715083	52.50667245	-17.1	0	0	293.98
3.05319364	51.69469568	-25.3	0	0	239.929
3.57906286	52.86341718	-28.5	0	0	302.206
4.91557611	51.53558064	12.1	0	0	179.129
3.83609391	52.02027317	-21	0	0	242.092
5.29202866	51.93586648	1.1	0	0	150.568
6.71135357	52.50980094	17.1	0	0	82.095
6.60860086	51.48273616	19.2	0	0	129.351
4.9949506	51.14507561	16.4	0	0	177.075
4.61055069	51.97992236	-6.2	0	0	204.207
5.09388719	52.19194303	-2.5	0	0	145.629
3.63352627	51.52942442	-1.8	0	0	223.263
6.26744067	52.78020545	12.3	0	0	63.277
2.75570341	52.7780858	-37.2	0	0	288.264
3.39734534	53.30425985	-25.4	0	0	316.506
5.99977139	51.60881078	15	0	0	137.787
7.09548999	52.20965222	45.8	0	0	95.932
5.44229058	51.58924563	8	0	0	156.444
6.70725267	51.85002101	33.2	0	0	114.336
3.03822239	52.62134969	-34.7	0	0	283.26
5.2419707	53.58913129	-20.2	0	0	9.583
5.5732684	53.27643246		0	0	24.061
3.43398012	52.36900752	-25.2	0	0	270.501
6.02797997	52.40719841	26.1	0	0	86.489
5.33834634	53.69045294	-28.6	0	0	11.236
6.01364087	51.70672746	13	0	0	133.519
3.82936159	52.53319566	-21.6	0	0	284.508
4.14140143	51.95742781		0	0	228.54
5.69860428	51.86390912	6.1	0	0	135.425
2.67184763	52.13627524	-37.3	0	0	261.127
3.75322749	53.01045685	-28.1	0	0	313.222
6.77713894	52.16152704	32.7	0	0	99.525
6.13824428	53.24373364	-1.1	0	0	40.21
3.43035977	51.34945247	0.9	0	0	222.127
6.75949684	52.94574852	23.9	0	0	62.288
3.20352222	51.6049975	-17.1	0	0	234.37
3.86808431	52.03738495	-20.2	0	0	242.538
5.53587258	51.22796288	36	0	0	160.617
2.88824858	52.25580338	-32.8	0	0	265.467
4.26315394	53.4667287	-23	0	0	341.088
4.51059555	52.95429173	-22	0	0	338.384
5.75464976	51.38094457	24.3	0	0	151.453
3.95847918	51.38830029		0	0	210.863
5.55633853	52.6119931	-6.4	0	0	58.75
5.22010394	52.11313848	16.1	0	0	142.133
5.65777181	51.72744655	15.9	0	0	143.583
5.66815377	51.01872069	89.1	0	0	160.175
5.73372392	51.48912806	20	0	0	149.262
6.27773428	52.35030301	5	0	0	90.804
4.35657626	52.31309114	-15.2	0	0	260.365
5.43585828	53.25972361	-11.4	0	0	19.957
4.20126351	52.32796187	-18.1	0	0	264.582
5.90345767	51.46634821	35.7	0	0	145.073
6.76044417	52.38792942	19.2	0	0	88.37
3.17393103	51.96201551	-29.1	0	0	249.543
3.60216908	52.46986171	-23	0	0	277.714
3.59106573	52.37937495	-22.5	0	0	271.176
3.76797511	51.61478536	-3.6	0	0	223.022
4.11007289	52.37576644	-19.7	0	0	270.974
4.17194748	52.65918953	-23.5	0	0	303.575
7.15786266	52.70509774	16.2	0	0	75.428
5.76997042	53.54999287	-20	0	0	23.72
4.26072389	52.85630327	-28.4	0	0	321.855
3.70287943	51.50036035	-1	0	0	220.672
5.41209577	52.64951273	-26	0	0	48.198
3.53363117	52.82159291	-24	0	0	299.164
4.33734824	51.94076057	-2.2	0	0	218.772
6.29115724	51.85291375	13	0	0	120.555
4.64166548	51.73924165	-2.1	0	0	193.977
5.47636967	53.68500555	-28.7	0	0	14.657
4.19562945	52.01371657	2	0	0	230.539
6.29036966	51.49328055	27	0	0	134.998
6.12823155	52.61184397	-1.5	0	0	71.672
4.66145513	53.73381736	-34.5	0	0	354.211
5.60054652	53.13974019	-1	0	0	28.74
6.71885115	52.66845857	8	0	0	74.234
7.01222014	51.87821586	70.3	0	0	109.895
5.44038579	51.97397966	3.7	0	0	139.624
6.11402607	53.53139477	-5.8	0	0	31.825
6.3994642	52.77619603	7.9	0	0	65.46
3.07655744	52.2435508	-25.9	0	0	264.221
5.00511878	51.25708929	17.5	0	0	176.462
3.85937412	53.52609654	-29	0	0	332.046
4.42146459	53.10216008	-24.2	0	0	338.79
5.40812302	53.04643963	-0.4	0	0	24.479
4.21163503	51.42378957	-0.3	0	0	204.29
3.55034873	52.42823763	-24.3	0	0	274.577
4.47750818	51.98999404	-4.1	0	0	214.128
3.81736798	51.48920039	-0.7	0	0	217.455
2.97323877	52.61729203	-35.7	0	0	282.684
6.6476775	51.73942423	22.4	0	0	119.649
4.16941011	51.76513041	-0.9	0	0	216.689
4.66543608	51.05199392	19	0	0	186.254
5.30697274	52.26368858	-2.5	0	0	112.774
2.96359433	51.56670262	-18.6	0	0	236.736
3.3076981	52.18331569	-25	0	0	259.737
4.45870092	51.13942193	19.8	0	0	192.553
3.78314424	53.499727	-30.5	0	0	329.758
5.1589706	52.53689708	-23.1	0	0	43.86
5.35546473	51.91574292	2.9	0	0	147.955
7.10655943	52.25200625	36.8	0	0	94.121
3.67271334	53.22894563	-29.3	0	0	319.767
6.92660151	52.71615053	20.1	0	0	73.553
6.04245971	52.949801	4.4	0	0	49.755
4.83698272	51.43675001	16	0	0	182.225
5.03724368	51.31075011	30.3	0	0	175.208
5.5399452	51.78734543	5	0	0	145.535
7.15330596	52.10697002	67.5	0	0	99.884
4.88986452	51.87319107	-2.3	0	0	180.377
6.54709497	52.26029702	10.4	0	0	95.558
5.74754823	51.81483943	7.2	0	0	136.345
4.40918348	53.33482224	-28.7	0	0	343.272
3.35459019	53.31272633	-24.2	0	0	315.978
4.65288051	53.60564906	-26.8	0	0	353.364
5.60939937	52.56236388	-5.7	0	0	65.891
5.70118769	53.29549518	-1.8	0	0	27.436
5.60328702	51.34655718	22.8	0	0	156.587
4.77403975	52.64612394	2	0	0	345.088
4.88759964	52.46264389	-1.9	0	0	357.144
4.64984836	52.43547623	2.2	0	0	293.656
3.77826222	52.93006505	-24.9	0	0	310.007
6.61065154	52.30283908	8	0	0	92.999
6.23705434	52.64973656	1.7	0	0	70.575
4.00350328	52.50049193	-25.2	0	0	283.83
5.8579288	53.31869735	-2	0	0	31.129
7.22602894	52.22402181	57.7	0	0	94.933
4.79275378	53.51553974	-22.6	0	0	356.956
3.36461273	52.22922401	-23.5	0	0	262.04
6.08508949	51.55437566	12.5	0	0	137.584
6.18615878	51.60389598	29.8	0	0	133.436
4.25687428	52.36174822	-16.7	0	0	269.008
5.25901117	53.13574185	-2	0	0	15.904
4.03143403	51.81914032	1	0	0	224.259
4.95542926	52.72782137	-1	0	0	5.827
3.34146422	51.83771681	-27.3	0	0	241.454
6.95337334	51.91406783	70.9	0	0	109.041
7.13451163	52.43623241	24.2	0	0	86.347
4.49803349	53.6441149	-33	0	0	349.534
6.9275507	52.06378071	47.2	0	0	103.021
3.84897776	51.94893008	-14.9	0	0	237.133
3.66548945	52.7788882	-27.6	0	0	299.16
3.06326978	53.10226146	-26.8	0	0	304.151
5.3204608	51.86547649	2	0	0	152.475
4.0827275	53.0805497	-25.4	0	0	325.613
6.25810913	52.04640876	7.1	0	0	110.652
3.33544826	52.1630432	-28.1	0	0	258.372
6.73834777	52.31820966	14.9	0	0	91.914
3.30587691	52.36031472	-31.3	0	0	270.045
4.12378033	52.38577945	-19.5	0	0	272.198
5.97089413	51.9106504	10.6	0	0	124.416
4.74986006	52.95598188	2	0	0	351.502
6.03021135	53.01946657	0.6	0	0	46.205
5.34391332	51.61825348	6	0	0	159.647
5.85828347	51.91863774	8	0	0	127
5.89843563	52.15454903	78.2	0	0	108.955
4.02135065	51.88763487	-0.1	0	0	228.37
5.58703439	53.42368751	-5	0	0	21.337
5.41388939	52.76746932	-25.2	0	0	38.232
4.13135155	53.11827841	-26	0	0	328.582
6.00514585	52.22241277	9	0	0	101.844
5.31612923	51.42556756	26.4	0	0	164.459
5.40055757	53.40540883	0.3	0	0	16.212
2.9239357	53.14196435	-32	0	0	303.68
3.7223353	51.66284547		0	0	226.042
3.30043433	52.26952575	-23.2	0	0	264.734
3.4259942	51.91837363	-20.3	0	0	243.963
5.98804265	52.05919917	65.5	0	0	114.481
5.89257081	51.26820309	27	0	0	150.381
6.14871642	52.20346821	5	0	0	101.772
6.45298091	53.31754185	-0.3	0	0	44.186
6.4444214	51.4763815	36.4	0	0	132.48
6.31938305	53.11890968	3	0	0	48.465
3.06204428	53.25185289	-26.5	0	0	309.236
4.18443488	51.59721538	-1.9	0	0	209.802
4.91020505	51.68473986	1	0	0	179.221
2.61231111	52.09607139	-42.4	0	0	259.81
3.93590909	53.24150991	-24.4	0	0	326.736
5.5406822	51.33423913	25.1	0	0	158.695
5.48158953	52.06417415	4	0	0	130.193
4.08953091	52.66012618	-21.9	0	0	300.916
5.09450786	52.48945448		0	0	45.47
6.9066078	51.91047963	56.5	0	0	109.63
4.5913238	51.15810684	5.4	0	0	188.938
6.28904047	52.33598376	6.1	0	0	91.751
4.63109378	52.39407812	3.7	0	0	278.525
5.61108925	53.28385978	-1	0	0	25.051
6.54475845	52.81183457	16.9	0	0	65.564
7.16325905	52.50981693	19.3	0	0	83.336
4.61589753	52.32150552	-3.6	0	0	254.176
5.70111299	51.52066893	16.7	0	0	149.364
5.61534092	51.63865104	11.1	0	0	148.499
6.58677977	52.64584793	8	0	0	74.343
3.63635068	51.74235441	-5.4	0	0	231.45
5.07059295	51.93384859	-2	0	0	166.075
5.6781444	51.55377098	18.2	0	0	149.111
6.01673289	51.59576051	16	0	0	137.826
2.97329095	52.99334474	-33.8	0	0	298.901
7.03398576	52.74513839	15	0	0	73.069
2.90657376	52.99384665	-29.5	0	0	298.141
5.63627189	52.63662963	-4.7	0	0	59.142
5.5573675	53.64666754	-24.2	0	0	17.072
6.2038586	53.0846547	2.9	0	0	47.448
5.64549762	53.10034515	-0.2	0	0	31.594
6.74460492	52.27734927	17.3	0	0	93.964
3.61736895	51.79369012	-18.4	0	0	234.219
5.118664	51.24141547	25.3	0	0	172.932
3.28411695	53.25393724	-24	0	0	312.864
6.79231995	52.32043103	12.2	0	0	91.708
5.7555385	52.21728217	38	0	0	105.865
3.27339562	52.01247008	-33.7	0	0	250.851
6.96865687	52.95492959	4.2	0	0	64.242
3.27046406	53.24017641	-23.7	0	0	312.178
5.44481867	53.6119036	-23.2	0	0	14.701
4.76244393	51.51502723	5.2	0	0	185.517
3.66442766	53.1252676	-26.3	0	0	315.873
4.8722177	52.77665565	-1	0	0	358.044
5.81333806	53.20716318	0.4	0	0	33.197
4.36336293	52.18522564		0	0	240.59
2.78518942	51.82270439	-31.8	0	0	247.936
6.80073985	53.2189999	3.8	0	0	52.867
6.60224993	51.81345742	23.8	0	0	117.286
3.60817224	52.73433932	-27.6	0	0	295.463
5.31812668	52.96030982	-20.7	0	0	23.326
4.72480845	53.7701648	-35	0	0	355.886
6.43684879	52.39902892	8.8	0	0	87.636
4.28596954	51.85236514	-3	0	0	216.087
4.56116177	52.88908102	-18.5	0	0	338.791
5.86126191	53.21311854	-2.1	0	0	34.342
5.02626799	52.0015841	-1.2	0	0	167.648
6.39295529	52.07389466	17.5	0	0	107.305
4.89044988	53.55357745	-20	0	0	359.864
4.0718211	51.92666867	-1	0	0	229.045
2.88865504	51.76858594	-32.7	0	0	244.792
5.11897536	51.73908735	1	0	0	167.611
3.40720167	52.91065906	-27	0	0	301.493
6.23798543	52.77022429	8.4	0	0	63.358
3.64172301	53.40583512	-25.5	0	0	324.358
4.4152335	53.73615239	-37.8	0	0	348.266
6.33801654	52.67669176	4.4	0	0	70.184
6.3115795	52.22367136	10.3	0	0	99.041
4.64244913	52.25225943	-5.9	0	0	232.74
3.67971515	51.68290271		0	0	227.896
6.53411724	51.696271	15	0	0	123.111
5.38571991	53.72416697	-29.4	0	0	12.092
5.02714356	50.96457889	31.1	0	0	176.615
3.64464	51.40483801	-3	0	0	219.136
4.58186298	52.60889368	-7.9	0	0	321.489
4.75950628	52.9757573		0	0	352.318
6.77332361	51.53258333	28.6	0	0	125.148
3.58634963	51.85199414	-19.8	0	0	237.707
4.63858066	53.54114244	-24.9	0	0	352.582
6.17500142	53.02918649	6.3	0	0	49.139
5.22392857	53.01459336	-7.9	0	0	17.052
3.78397116	51.56988272		0	0	220.981
4.46444871	53.52903294	-22.2	0	0	347.549
4.42699695	52.03144012	-7.3	0	0	220.449
6.56673672	52.24645674	9.7	0	0	96.243
4.59402402	52.86951076	-13	0	0	340.009
5.0729886	51.88358604	0	0	0	167.286
4.33616494	52.34777809	-17.2	0	0	266.461
5.03503838	53.75860388	-32	0	0	3.409
4.09115568	52.20564479	-20	0	0	251.817
3.34027637	51.78462505	-25.6	0	0	239.116
4.50297072	52.73511971	-16.5	0	0	326.991
4.76882841	51.58966365	4.9	0	0	185.743
6.67520986	53.28574027	-3	0	0	48.888
5.29206237	51.35696052	29	0	0	166.246
5.98909462	53.10837746	-3	0	0	41.466
6.71176123	52.855002	15.3	0	0	65.555
4.15579886	51.57869882	-2.4	0	0	210.209
2.87464592	51.85262539	-32.7	0	0	248.157
4.12531712	52.29695834	-19.1	0	0	261.454
4.56245937	53.75130396	-36.7	0	0	351.895
6.02062374	53.38817705	-1.1	0	0	33.265
4.79451133	51.37196042	17.1	0	0	183.602
5.3305572	51.67849091	5	0	0	158.657
4.49802225	52.64432124	-18.2	0	0	318.749
4.44086021	52.20049042	0.5	0	0	238.767
5.39530711	53.19882212	-6.3	0	0	19.856
2.86129666	52.66445609	-35.7	0	0	284.179
3.15639078	52.77014549	-30.3	0	0	291.417
4.94307058	51.09649779	15.7	0	0	178.647
5.89931439	53.55627989	-19.7	0	0	26.619
5.74330515	52.23173727	33.7	0	0	104.613
3.98378124	53.67744697	-40	0	0	337.613
6.79681983	52.92250124	14	0	0	63.667
4.69807453	51.09300918	8	0	0	185.537
4.45953686	53.35346782	-28.1	0	0	345.198
3.1792853	53.0024224	-27.7	0	0	301.972
6.70548148	51.88563011	48	0	0	112.842
4.87092839	51.07998172	10.4	0	0	180.676
5.03933112	52.20284292	0.1	0	0	152.159
4.32842307	52.8043149	-22	0	0	321.803
5.0650689	52.81550562	-6	0	0	12.982
6.90748843	51.79480752	65.2	0	0	114.157
5.79181192	53.22106831	-1	0	0	32.149
3.92193116	51.21301574		0	0	207.867
5.41834025	53.72279822	-27	0	0	12.882
5.3936775	52.70913734	-24.3	0	0	41.618
6.28099672	52.03872857	11.9	0	0	110.773
4.19418087	51.34290151	0.1	0	0	203.129
4.87083576	51.33308911	30	0	0	180.84
5.25513174	52.42602696	-5.9	0	0	75.6
4.24916167	52.84389551	-27.8	0	0	320.624
4.39841947	51.87378003	-1.9	0	0	211.762
3.36003706	51.60756196	-10.7	0	0	231.712
5.21561223	53.08990329	-2	0	0	14.963
5.57684319	51.68040099	11.9	0	0	148.429
7.14273243	52.26191875	38.5	0	0	93.617
3.44626137	53.49543012	-30.1	0	0	322.76
6.97901424	52.77518423	18.7	0	0	71.442
3.67813754	51.97779211	-19.3	0	0	242.747
5.44043021	53.1201897	-0.1	0	0	23.539
5.05519072	51.04026886	41.7	0	0	175.673
5.19054561	52.50132211	-25	0	0	53.826
2.7051112	52.77017014	-39	0	0	287.592
7.00327233	52.24383902	36.9	0	0	94.765
3.81876818	52.25086135	-17	0	0	260.147
6.60268924	51.97210231	36.1	0	0	110.139
5.53459078	51.3360482	24.5	0	0	158.846
4.73260321	51.22280894	20.7	0	0	185.072
4.5362094	52.24001214	-3.3	0	0	239.465
4.15858311	53.56583408	-29.9	0	0	339.937
6.69093641	52.83890908	16.5	0	0	66.032
6.34156735	51.61633192	24	0	0	129.675
5.61071539	52.48468704	-5.6	0	0	75.016
3.35763376	51.69431066	-23.3	0	0	235.06
5.979474	51.8695437	12	0	0	126.515
6.85485685	52.34419157	20.1	0	0	90.47
4.01445476	52.29728088	-20.7	0	0	262.631
5.8517635	53.33894458	-2	0	0	30.426
4.63147475	51.60007902	-1	0	0	192.012
5.45099406	52.64766954	-27.6	0	0	50.423
4.97425584	53.22440139	-3.1	0	0	3.173
4.15693226	51.01384829	7.3	0	0	198.934
6.01899522	51.48950257	25	0	0	141.359
5.35580352	52.83698572	-17.6	0	0	30.753
6.55208859	53.30439959	-2	0	0	46.317
4.69285383	52.25587852	-5.1	0	0	227.329
3.13478351	52.58541018	-30.4	0	0	282.046
4.51676064	52.74157524	-18	0	0	328.371
5.63567366	51.39120774	22	0	0	154.679
5.80507363	51.85184611	6.3	0	0	132.491
4.99692083	52.61254909	-4	0	0	14.301
4.10538882	51.18347108	8	0	0	202.691
4.12754264	51.79947801		0	0	219.876
6.66101584	52.40290519	9	0	0	87.563
3.11270486	52.6779819	-31.4	0	0	286.549
3.13558573	53.00637065	-29.7	0	0	301.512
5.38500326	51.65319415	4.4	0	0	157.001
3.99674785	52.31989328	-21.3	0	0	265.117
6.44702165	53.39037371	-1.5	0	0	41.936
6.99869432	52.2518799	38.3	0	0	94.424
2.66438955	52.67857691	-38.9	0	0	283.684
5.60578931	51.38223705	29.9	0	0	155.776
4.43853113	52.47666943	-17	0	0	291.102
6.69369678	51.82661417	29	0	0	115.486
7.15244871	52.25655844	43.4	0	0	93.815
5.12126748	52.36853572		0	0	90.608
3.6819463	53.55282878	-32.5	0	0	328.769
3.03811562	51.65988936	-27.5	0	0	238.874
4.47632997	53.71672556	-36	0	0	349.575
5.31457923	52.21965334	-0.4	0	0	120.245
3.87015461	52.37517831	-19.5	0	0	270.86
4.1759292	53.02995829	-27.1	0	0	326.835
6.613959	52.58137652	5.2	0	0	77.916
6.48437595	53.44390855	-0.9	0	0	41.123
3.2976351	52.83125225	-32.3	0	0	296.048
4.64328373	53.66155875	-32.8	0	0	353.408
3.48168315	52.31443256	-27.6	0	0	266.864
3.70168425	53.27710828	-25	0	0	321.981
4.07175938	52.08603873	-19.9	0	0	240.927
6.57098777	51.37964705	34.6	0	0	133.092
6.11875596	51.51939807	15	0	0	137.96
3.77233611	53.20659022	-24	0	0	321.373
4.06059479	51.52800098		0	0	211.745
4.60834573	53.54534031	-25.9	0	0	351.75
5.54488448	51.55442681	11	0	0	153.605
5.53367278	53.40514667	-6.6	0	0	20.164
6.41128797	52.65704925	9.6	0	0	72.13
4.26656339	52.52474885	-18.5	0	0	292.216
4.06174831	53.04040819	-23.9	0	0	323.333
7.13233011	52.05635904	78	0	0	102.011
4.54794247	52.32852946	8.9	0	0	259.018
4.50276941	52.7828651	-20	0	0	330.133
6.98699775	52.26657941	42.7	0	0	93.805
3.50678924	52.76680216	-26.7	0	0	295.722
5.41184732	51.61743108	8	0	0	156.886
4.1051912	52.99862868	-26	0	0	323.004
3.82915129	52.44181593	-19.1	0	0	276.705
4.55071974	50.95977611	9.6	0	0	188.749
5.14433328	53.53476657	-19.5	0	0	7.246
6.1940368	51.20910778	65.7	0	0	144.807
4.3810108	53.15586914	-29.3	0	0	338.601
5.13393369	51.0867456	31.2	0	0	173.333
4.29768042	52.96225832	-24.3	0	0	328.769
3.90553899	53.39472274	-25	0	0	330.155
4.34243296	52.27917032	-16.9	0	0	255.136
3.66701975	52.34894695	-25.3	0	0	268.862
3.20935563	53.20532728	-26.2	0	0	309.991
4.82688508	53.6789085	-33.6	0	0	358.23
5.79334981	52.14682306	33.4	0	0	111.758
4.50724768	51.44153836	13.2	0	0	194.604
4.68557372	51.13550542	8.5	0	0	186.081
3.69594777	51.90253239	-22	0	0	238.043
3.07699954	52.75465196	-24.8	0	0	289.899
5.78680925	53.57611976	-20.9	0	0	23.646
6.163053	52.46518119		0	0	82.497
6.43824058	52.64507248	9.7	0	0	73.077
5.57531085	51.66502026	12.6	0	0	149.04
4.67083812	53.70478902	-34	0	0	354.318
2.97443791	52.40307408	-28	0	0	272.366
2.8118633	52.04996056	-29	0	0	256.742
6.25974052	51.28725488	51.1	0	0	141.553
2.59107741	52.67799598	-39.4	0	0	283.295
2.83700876	52.16428871	-39.9	0	0	261.53
4.56043174	52.40644454	8.4	0	0	280.189
3.80657005	51.36849533	-2.6	0	0	214.291
5.63145006	52.19076935	20	0	0	111.429
3.17706357	51.41464562	-8	0	0	228.653
4.92077219	52.09856143		0	0	176.686
4.94070007	52.82749468	-4.6	0	0	3.443
5.76785218	51.41799205	28	0	0	150.165
5.5886748	52.29875776	5.1	0	0	99.297
5.39501122	52.38341891	-6	0	0	87.324
4.6972173	51.74071428	1.9	0	0	191.022
7.08044575	52.16043765	47.3	0	0	98.049
3.68397833	51.15739387	3	0	0	212.196
3.89898921	51.0960385	4	0	0	206.228
6.30079451	53.42211577	-2.8	0	0	38.314
4.31975611	53.58362227	-30.5	0	0	344.293
3.46658324	51.44957043	-4	0	0	224.313
6.8233303	52.70160769	10	0	0	73.458
6.08855592	53.26436935	2.1	0	0	38.416
4.37897365	53.77673796	-38.2	0	0	347.772
6.0817405	52.79765484	12.3	0	0	58.867
6.97620677	51.74302861	59.2	0	0	115.288
5.51966705	53.72696064	-24.2	0	0	15.218
3.07460565	52.56674324	-31.4	0	0	280.769
4.58979402	53.2823484	-24.3	0	0	348.685
5.02931836	51.12987798	18.9	0	0	176.117
6.66962477	52.19620967	17.9	0	0	98.404
2.9628412	52.76296433	-27.1	0	0	289.255
6.03039037	52.44644619	38.4	0	0	83.269
6.08886669	53.0593105	6.1	0	0	45.907
4.16970618	52.96917266	-23.8	0	0	323.991
5.31740808	51.98106113	3	0	0	146.194
3.535243	52.66367728	-27.5	0	0	290.064
5.69104458	52.47094963	-5	0	0	77.96
4.18818394	52.52979992	-20.2	0	0	290.603
4.59599595	51.51265408	9	0	0	192.255
3.66873023	52.8604122	-24.1	0	0	303.843
5.33512335	51.48347255	20.9	0	0	162.815
5.56468487	51.92645417	4.5	0	0	136.942
7.05446698	52.58654668	15	0	0	79.804
4.16028782	51.2382844	-1.8	0	0	202.162
3.27701308	52.25715802	-24.4	0	0	264.121
5.15369885	53.09360506	-3	0	0	12.109
6.61047383	51.98145014	32	0	0	109.605
5.78375736	51.87149911	8.6	0	0	132.079
4.11766286	52.26222608	-18.9	0	0	257.507
3.52814627	51.86733533	-20.3	0	0	239.615
6.33174028	52.03499015	12.6	0	0	110.276
5.85130434	51.52515649	31	0	0	144.731
5.9992842	52.82444327	1.9	0	0	55.453
4.09771364	51.43286942	-1	0	0	208.011
6.30815172	52.19231184	8	0	0	101.07
3.90836474	52.52195889	-25.1	0	0	284.55
5.73896795	52.37820661	1	0	0	88.777
4.40387913	52.73914624	-19.7	0	0	321.199
4.19350903	53.20423722	-27	0	0	333.312
3.59135897	52.24138415	-20	0	0	261.336
3.02257864	51.69335211	-19.3	0	0	240.305
4.10786521	51.29430951	1	0	0	204.643
3.41512133	52.83578216	-28.2	0	0	297.968
6.00462225	51.79750704	8.6	0	0	129.593
3.61937392	53.44942278	-27.2	0	0	325.021
3.16726193	51.81857118	-34.4	0	0	243.225
6.84032278	52.34756689	16	0	0	90.322
4.73309888	53.49581438	-24	0	0	355.105
5.72633881	53.21195368	0.4	0	0	30.512
4.60605193	53.58179015	-25.3	0	0	351.938
6.05818663	51.21366232	35.1	0	0	147.661
4.86923968	52.62951394	-5.2	0	0	356.527
4.6511893	53.39646682	-22.6	0	0	351.933
6.60308677	52.63956708	8.9	0	0	74.798
5.4462818	51.28386173	28.5	0	0	162.375
7.12025851	52.08241984	58.3	0	0	101.042
2.59667315	52.48300468	-42	0	0	275.511
5.48112659	51.23934278	34.7	0	0	162.004
7.2317171	52.53938051	34	0	0	82.299
6.36767343	51.69044193	48.3	0	0	126.3
5.89824431	51.15555504	25.4	0	0	152.533
5.24743078	53.19892635	-3	0	0	14.278
4.95322044	51.10881476	13.7	0	0	178.345
4.02696485	53.25712147	-26.3	0	0	329.734
2.76407535	52.55745351	-37.9	0	0	279.05
3.93616175	52.09093649	-21.3	0	0	244.95
5.4553612	52.10136914	2.9	0	0	127.862
5.32659284	53.74066728	-28	0	0	10.542
5.51764007	51.64399002	7	0	0	151.937
4.35129678	52.60505038	-16	0	0	305.555
5.37775581	53.13465663	-4.6	0	0	20.72
3.84939588	53.21750016	-23.7	0	0	323.68
4.07442806	51.40723913		0	0	208.069
4.03558389	52.09438379	-20.2	0	0	242.689
3.37068172	52.76569008	-36.9	0	0	293.717
3.19122683	52.05630744	-27.9	0	0	253.94
3.01955785	52.43132719	-34	0	0	273.8
6.2346269	51.62216545	32.9	0	0	131.68
3.99060405	53.5893617	-36.7	0	0	336.288
3.26936682	51.96135337	-22.7	0	0	248.35
3.70600922	53.42882302	-27	0	0	326.351
4.36636379	51.93001063	8	0	0	216.603
3.8533084	51.8146728		0	0	229.458
5.78664814	53.58867447	-21	0	0	23.42
4.33015883	53.66998914	-37.1	0	0	345.571
2.85673556	52.63989911	-37	0	0	283.07
5.02841267	51.59991884	12.4	0	0	173.867
4.42817502	52.81673076	-21	0	0	327.756
3.87558918	52.94631558	-25.8	0	0	313.374
3.95839889	53.14227073	-24.8	0	0	324.081
5.98211941	51.17975302	22.1	0	0	150.108
5.33311138	53.23359547	-7	0	0	16.875
5.42952413	53.1972984		0	0	21.131
6.26583478	52.89383776	6.2	0	0	57.269
7.09053328	52.53052484	15.7	0	0	82.298
4.79353378	53.16290238	-0.6	0	0	355.604
4.79448893	53.61863277	-25.7	0	0	357.261
5.3935589	52.62495888	-26	0	0	49.786
4.94140476	52.41825148	-2.8	0	0	30.41
6.01301322	53.22748808	-0.9	0	0	37.808
5.26458755	52.3515334	0.2	0	0	94.588
4.24729227	52.37466173	-19.3	0	0	270.901
5.66481734	52.86044174	-1.4	0	0	43.323
6.13259944	51.26216061	66	0	0	144.892
5.30988625	51.38034574	25	0	0	165.335
5.19949065	52.9548526	-16.9	0	0	17.4
4.74655876	52.78279501	-2	0	0	347.712
3.93105644	52.89432446	-25.8	0	0	312.233
4.31467407	53.25166191	-27.3	0	0	338.525
5.12694546	53.74991702	-30.7	0	0	5.672
4.85489924	52.43614523	2	0	0	339.579
5.97770253	51.86384366	10.9	0	0	126.871
5.10787552	51.07579413	23.5	0	0	174.104
5.68902449	51.80060985	4.2	0	0	139.109
4.8570444	52.22632365	-5.1	0	0	189.219
5.69171355	51.64047247	23	0	0	145.787
