4.89081471	52.38389311	3.2	0	0	349.006
4.89417434	52.36693382	10	0	0	190.473
4.90134421	52.38382826	0.3	0	0	15.479
4.91517105	52.3702584	2.2	0	0	89.792
4.88556269	52.35820582	2.7	0	0	206.034
4.90077932	52.3726411	5.8	0	0	54.702
4.88303566	52.3624344	2.6	0	0	223.597
4.90925411	52.37333606	1.8	0	0	70.052
4.91274505	52.36514124	2.1	0	0	115.298
4.90794225	52.3754524	1.6	0	0	56.115
4.90807507	52.36904701	6.5	0	0	98.43
4.89112989	52.36810447	13.2	0	0	229.428
4.90748307	52.36561883	4.5	0	0	121.434
4.87526607	52.36617094	4.5	0	0	251.598
4.91396258	52.36983531	4.9	0	0	91.891
4.8907096	52.37821403	6.3	0	0	341.209
4.90461147	52.36612732	2.7	0	0	125.334
4.8964504	52.35803612	9.6	0	0	176.32
4.88544431	52.35795587	2.1	0	0	205.845
4.91192591	52.36534713	5.7	0	0	115.439
4.88240416	52.37444346	10.8	0	0	298.486
4.90292586	52.36051907	3.8	0	0	153.96
4.90102364	52.35819592	4.8	0	0	163.431
4.90862819	52.37627356	3.3	0	0	53.598
4.88707635	52.38051362	5.9	0	0	334.377
4.90943052	52.36568219	9.8	0	0	117.495
4.90905615	52.3595031	2.1	0	0	141.628
4.89267314	52.35668852	5.1	0	0	186.427
4.90980433	52.3782777	3.6	0	0	47.936
4.88481119	52.36822937	11	0	0	252.566
4.91499565	52.37526059	2.7	0	0	67.368
4.89360594	52.36060047	9.9	0	0	185.665
4.89810892	52.36621825	5.9	0	0	155.808
4.87805744	52.37387641	4.7	0	0	289.319
4.90018062	52.37689525	2.8	0	0	24.614
4.89719498	52.37661222	5.9	0	0	10.949
4.88617339	52.38150152	3.3	0	0	334.059
4.90766001	52.37334822	2.1	0	0	67.666
4.91399208	52.37178522	4.4	0	0	82.216
4.89620125	52.36681939	14.4	0	0	169.476
4.8972124	52.37789835	4.4	0	0	9.227
4.89155756	52.36370129	16.3	0	0	198.697
4.8897495	52.36167719	9.2	0	0	201.183
4.87836277	52.37750227	3.3	0	0	305.39
4.89163176	52.3651642	10.5	0	0	203.144
4.90107266	52.37605722	17	0	0	31.677
4.89782575	52.3576981	9.9	0	0	172.611
4.88488725	52.37711092	5.1	0	0	317.694
4.89719454	52.35894175	6.6	0	0	173.735
4.91137325	52.36650939	1.8	0	0	110.528
4.90442165	52.3768614	3.9	0	0	40.364
4.89570685	52.35650128	4	0	0	178.625
4.87962218	52.37859741	2.8	0	0	311.456
4.90852542	52.35854622	1.3	0	0	145.042
4.90242866	52.36311129	3.3	0	0	148.031
4.90351988	52.35798727	3.7	0	0	157.357
4.90898605	52.36607637	1.2	0	0	116.127
4.87982564	52.36752089	5.9	0	0	253.957
4.90632493	52.36357958	2.4	0	0	134.244
4.89389025	52.37198051	12.1	0	0	336.155
4.91349977	52.37281208	3.2	0	0	76.932
4.9025367	52.36898814	3.6	0	0	105.258
4.88066389	52.37665784	9.5	0	0	306.043
4.88415139	52.36676553	12.7	0	0	242.85
4.89804937	52.35914927	3.1	0	0	170.965
4.89427925	52.36986338	6.8	0	0	237.003
4.87389164	52.37343853	5.4	0	0	283.942
4.90197289	52.38105318	1.7	0	0	20.971
4.91042409	52.37294651	0.5	0	0	73.654
4.91059368	52.36421685	7.8	0	0	122.487
4.9076495	52.36557443	8	0	0	121.336
4.89908641	52.38266171	1.6	0	0	10.878
4.89106135	52.37752406	11.8	0	0	341.067
4.91770051	52.36640216	1.6	0	0	105.484
4.90446706	52.36580105	3.8	0	0	127.862
4.87823052	52.3603823	2.9	0	0	226.452
4.87889746	52.37289775	3.6	0	0	285.116
4.91802567	52.37124299	4.7	0	0	85.781
4.89710165	52.37452285	14.7	0	0	15.328
4.9065803	52.38243491	1	0	0	29.686
4.89146908	52.36938935	14.4	0	0	249.903
4.878481	52.37329809	9.3	0	0	286.84
4.88052859	52.36532358	7.4	0	0	241.314
4.91107355	52.37564581	1.6	0	0	60.78
4.90151484	52.36999138	4.3	0	0	93.31
4.8878304	52.3725558	11	0	0	297.584
4.87652412	52.36481131	9.5	0	0	244.612
4.88679353	52.37507482	14.8	0	0	313.546
4.89575618	52.36690617	10.8	0	0	173.806
4.89453808	52.36982079	10.3	0	0	224.239
4.91721631	52.37103537	5.2	0	0	86.507
4.90128866	52.37464214	10.1	0	0	40.169
4.91114433	52.36165505	4.1	0	0	131.261
4.89025763	52.35830771	4.1	0	0	194.135
4.90003211	52.36632036	4	0	0	142.674
4.90332826	52.38319975	9	0	0	20.987
4.89837796	52.3617005	6.5	0	0	167.036
4.88605063	52.37582992	13.5	0	0	315.249
4.87852704	52.37181441	8.2	0	0	278.949
4.89777375	52.37438055	13.9	0	0	20.905
4.88101544	52.38137288	2	0	0	322.252
4.89905631	52.37601719	13.6	0	0	22.253
4.88384314	52.37377674	8.4	0	0	297.255
4.90132293	52.37152765	6.3	0	0	70.753
4.90737134	52.37143818	11.5	0	0	80.677
4.88221524	52.35915711	0.6	0	0	215.578
4.9036854	52.36255615	2.9	0	0	145.82
4.87861693	52.37129257	8.6	0	0	276.089
4.88868224	52.38274148	5.5	0	0	342.461
4.90836459	52.35868546	3.2	0	0	145.045
4.89740792	52.37839562	3.2	0	0	9.49
4.87720083	52.36712933	6.6	0	0	254.294
4.88030658	52.36579333	5.8	0	0	244.023
4.8961147	52.36195322	5.7	0	0	175.997
4.89128287	52.3781657	12.4	0	0	343.39
4.87849614	52.3606921	3.2	0	0	226.915
4.89753358	52.35645496	1.6	0	0	174.006
4.89033603	52.36316063	8.1	0	0	202.696
4.8975512	52.37924092	3.5	0	0	9.157
4.87277367	52.37213862	9.5	0	0	278.014
4.90934004	52.37620706	-1.5	0	0	55.293
4.88729986	52.37935934	5.8	0	0	332.289
4.90236327	52.36125536	4.7	0	0	153.877
4.89269819	52.35962762	3.2	0	0	188.107
4.9088296	52.38128434	3.4	0	0	36.993
4.9124842	52.36201082	2.6	0	0	127.804
4.88877632	52.36945623	5.7	0	0	258.99
4.9140991	52.37458221	3.4	0	0	69.296
4.8807971	52.36377101	5.4	0	0	233.71
4.89445729	52.35795782	11.1	0	0	182.028
4.90214636	52.38044321	1.6	0	0	22.611
4.87858452	52.36212549	3.9	0	0	231.383
4.90486167	52.38210067	2	0	0	26.466
4.89848728	52.37826713	2.6	0	0	14.126
4.87539065	52.36296283	0.8	0	0	239.019
4.91088586	52.3689365	2.5	0	0	97.586
4.91012495	52.37281309	2.1	0	0	74.117
4.89264281	52.37004993	2.2	0	0	263.864
4.89701045	52.37236561	13	0	0	27.62
4.91559668	52.37654058	5.6	0	0	63.101
4.90272263	52.37154505	11.5	0	0	73.92
4.89179306	52.35676574	9.1	0	0	188.713
4.87597617	52.36222233	4.2	0	0	235.71
4.90840205	52.37157419	12.5	0	0	80.451
4.9105453	52.37323968	1.6	0	0	72.14
4.9109115	52.36369741	8	0	0	124.134
4.89782858	52.38274294	1.6	0	0	7.387
4.91720941	52.37447669	4.4	0	0	72.421
4.89553708	52.37023209	11.3	0	0	85.842
4.88920621	52.36526443	4.2	0	0	216.326
4.8925326	52.36517765	9.3	0	0	197.714
4.90072308	52.36094698	3.3	0	0	159.896
4.88785467	52.3730811	7.9	0	0	302.693
4.89029825	52.37254857	2.9	0	0	308.122
4.90832036	52.36343516	5.3	0	0	130.169
4.88610436	52.36870788	13.6	0	0	254.762
4.89382636	52.37856787	11.2	0	0	354.4
4.89295323	52.38218821	6.2	0	0	353.558
4.89223533	52.37517851	3.7	0	0	340.164
4.90605884	52.35798975	4.8	0	0	151.451
4.88843137	52.37878529	5.1	0	0	334.366
4.88889727	52.35744262	8.2	0	0	196.69
4.90580805	52.38144287	3	0	0	30.048
4.88104243	52.37293334	4.5	0	0	287.496
4.87768692	52.37900212	1.8	0	0	309.472
4.89528301	52.3788226	11.3	0	0	0.468
4.87400483	52.3707086	3.3	0	0	272.193
4.89720808	52.36349134	11.5	0	0	169.504
4.87741261	52.36427763	5.7	0	0	241.296
4.89748137	52.38324151	1.6	0	0	6.187
4.8901609	52.37562313	10.6	0	0	330.522
4.87677866	52.37079223	6	0	0	272.947
4.90913742	52.37228333	3.8	0	0	76.367
4.90832501	52.36935714	5.4	0	0	96.095
4.90539241	52.36145792	4.2	0	0	144.512
4.90463812	52.37189452	5.6	0	0	73.805
4.89803812	52.37280715	11.5	0	0	34.066
4.91824435	52.36693628	1.9	0	0	103.093
4.88376242	52.35781774	1.9	0	0	209.33
4.88857448	52.3785585	6.5	0	0	334.246
4.89410742	52.38238329	3.2	0	0	356.955
4.91092265	52.36888294	3	0	0	97.882
4.90125959	52.36474577	7	0	0	145.782
4.87937619	52.37316764	3.2	0	0	287.029
4.8859294	52.37449251	8.4	0	0	307.175
4.9097245	52.37731077	6.5	0	0	51.391
4.90950827	52.36369476	13	0	0	126.67
4.88084058	52.37656335	8.6	0	0	305.974
4.87662962	52.37281199	6.6	0	0	282.927
4.89500138	52.37087534	7.3	0	0	351.238
4.9026983	52.3565149	2.4	0	0	161.444
4.87721872	52.36671224	5.1	0	0	252.279
4.8810884	52.36593499	12.1	0	0	243.535
4.87850648	52.37125753	8.6	0	0	275.854
4.87538002	52.36481537	2.6	0	0	245.925
4.9097901	52.35980753	1.9	0	0	139.369
4.90791925	52.37064837	7.8	0	0	86.814
4.90046998	52.38107277	1.7	0	0	16.599
4.8822169	52.36375999	3.4	0	0	230.778
4.88221658	52.35989435	11	0	0	217.465
4.88385728	52.36622624	12.2	0	0	239.991
4.88238986	52.36696715	6.6	0	0	247.399
4.90028082	52.37979591	3	0	0	18.044
4.89891477	52.38289323	1.6	0	0	10.226
4.88723757	52.37043967	12	0	0	272.652
4.88885289	52.36556428	12.2	0	0	219.66
4.8975892	52.36144377	8.4	0	0	170.432
4.88156199	52.35934505	3.6	0	0	217.395
4.90264871	52.35897482	2.9	0	0	157.881
4.91346732	52.37781988	2.7	0	0	55.751
4.89326314	52.37226568	5.4	0	0	330.435
4.88775275	52.36984026	9	0	0	265.263
4.88599449	52.37095976	6.2	0	0	277.571
4.8956974	52.36867838	7.3	0	0	168.124
4.89550215	52.36098418	9.7	0	0	178.733
4.8889639	52.36486622	6.9	0	0	215.306
4.87811333	52.36731716	2.3	0	0	254.452
4.88274913	52.37788119	7.4	0	0	315.32
4.89939209	52.37617832	13	0	0	23.388
4.89428547	52.37150822	10.1	0	0	337.372
4.8852232	52.37410411	3.9	0	0	302.641
4.88911275	52.35972974	2.4	0	0	199.426
4.89732975	52.35922088	1.9	0	0	173.153
4.87360367	52.36476751	3.1	0	0	247.53
4.89565643	52.36163591	10.9	0	0	178.009
4.90337851	52.37766495	6.4	0	0	33.933
4.89554701	52.36104154	9.5	0	0	178.554
4.89466273	52.37089842	6.7	0	0	335.688
4.87622092	52.36246482	3.3	0	0	236.187
4.90668435	52.37855877	1.8	0	0	40.117
4.9029765	52.36228364	2.5	0	0	148.986
4.90964857	52.37071642	1.9	0	0	86.753
4.89532461	52.36241506	7.8	0	0	179.297
4.91106389	52.36060165	0.5	0	0	134.72
4.88685186	52.37079768	12.1	0	0	276.542
4.87928612	52.37555243	3.3	0	0	298.835
4.88838308	52.36132537	8.5	0	0	204.988
4.88566351	52.35697944	4.7	0	0	203.68
4.90112794	52.36055595	5.1	0	0	159.354
4.89904862	52.35982019	2.2	0	0	167.157
4.90999976	52.36142163	13.2	0	0	134.152
4.88976254	52.37836869	11.6	0	0	337.966
4.89803189	52.36054097	6.2	0	0	169.753
4.88566752	52.36403153	1.7	0	0	223.172
4.87744697	52.36211991	6.2	0	0	233.204
4.90419118	52.36898266	5.2	0	0	102.612
4.90551497	52.36948686	10.1	0	0	96.577
4.89091103	52.36798612	11.1	0	0	229.378
4.87425405	52.37441931	3.1	0	0	288.231
4.9028481	52.37241906	14.1	0	0	64.829
4.87978616	52.36846121	3.4	0	0	259.424
4.89471452	52.38360561	1.9	0	0	358.816
4.89251795	52.36991281	1.5	0	0	259.398
4.88305278	52.36603863	5.9	0	0	240.553
4.89029807	52.36774289	13.2	0	0	230.253
4.90531224	52.37211716	9.1	0	0	72.929
4.87515705	52.36889898	2.4	0	0	263.857
4.89969974	52.38402288	0.3	0	0	11.328
4.8966434	52.3638261	5.7	0	0	171.974
4.8913868	52.35656989	7.4	0	0	189.605
4.88824502	52.37357413	6.9	0	0	308.473
4.88155307	52.36660917	7.7	0	0	246.552
4.91017465	52.37599134	-0.4	0	0	57.767
4.88344396	52.37241584	11.6	0	0	287.09
4.89048983	52.36363752	3.8	0	0	203.474
4.91759914	52.37448071	6.6	0	0	72.693
4.87208309	52.3697401	6.4	0	0	268.077
4.89509039	52.36465489	17.4	0	0	180.488
4.89029578	52.36749262	9.4	0	0	227.532
4.87686918	52.36216986	7.6	0	0	234.25
4.8867802	52.36858073	6.3	0	0	252.298
4.89021669	52.37468834	10.7	0	0	325.949
4.90128399	52.3808788	1.8	0	0	19.296
4.89058069	52.37892002	9.1	0	0	342.167
4.87839537	52.37772565	4.1	0	0	306.263
4.88394034	52.3775446	10.8	0	0	316.92
4.88459206	52.36521548	5.7	0	0	232.253
4.8763039	52.37538624	6.7	0	0	294.185
4.88890702	52.37780401	11.7	0	0	333.268
4.89365609	52.37365163	9.2	0	0	344.964
4.87689049	52.37090368	5.9	0	0	273.535
4.89116813	52.3762117	6.4	0	0	337.843
4.88973757	52.37712281	10.3	0	0	334.362
4.91179325	52.3729708	1.6	0	0	74.808
4.88538121	52.37025175	10.2	0	0	270.35
4.89384731	52.36153037	9.8	0	0	185.305
4.90830419	52.36154667	2.8	0	0	137.217
4.88315997	52.358373	0.8	0	0	211.769
4.90471204	52.36752727	3.1	0	0	114.762
4.89415379	52.35602382	6.2	0	0	182.499
4.90639736	52.3649946	5.3	0	0	127.284
4.87551	52.37304759	3.8	0	0	283.284
4.88678608	52.36799753	6.4	0	0	246.57
4.88281989	52.36675127	4.7	0	0	245.326
4.88221725	52.37394136	11.4	0	0	295.235
4.89282586	52.36019226	10.8	0	0	188.121
4.9056486	52.38087365	1.6	0	0	30.974
4.90386759	52.36612538	3.1	0	0	127.594
4.90284998	52.37662797	3	0	0	36.179
4.90995285	52.36776569	3.3	0	0	105.178
4.87456455	52.36978246	2.8	0	0	268.036
4.90281321	52.3673955	4.1	0	0	121.135
4.88321677	52.37946786	7.9	0	0	321.746
4.90670199	52.36345014	3.2	0	0	133.845
4.88328883	52.36085187	2.2	0	0	217.768
4.90446557	52.36054371	3.5	0	0	149.584
4.90763048	52.36277585	2.2	0	0	134.348
4.90256451	52.3774268	2.9	0	0	32.052
4.90112238	52.38224858	1.7	0	0	16.807
4.90372196	52.36951819	6.5	0	0	97.604
4.90462486	52.36817349	3	0	0	109.474
4.87519802	52.37228122	5.4	0	0	279.623
4.90128754	52.37496077	15.5	0	0	38.214
4.88345154	52.37817859	6.3	0	0	318.072
4.90394258	52.35766079	3	0	0	156.885
4.8966797	52.36417136	6.6	0	0	171.316
4.9153643	52.37099825	3.6	0	0	86.361
4.91325812	52.37168973	4.5	0	0	82.391
4.8841919	52.38275454	10.8	0	0	331.885
4.91292544	52.37946297	3.9	0	0	49.529
4.90148145	52.3741862	7.5	0	0	44.149
4.89871265	52.35629508	4.2	0	0	171.16
4.91666024	52.36749634	1.9	0	0	101.699
4.9026071	52.36903651	3.2	0	0	104.551
4.9131837	52.3725907	3.1	0	0	77.809
4.89699706	52.37963418	5.6	0	0	6.761
4.88925743	52.36870178	2.9	0	0	247.244
4.87849188	52.3749706	7.2	0	0	295.041
4.90216466	52.38240824	1.6	0	0	19.304
4.89677278	52.36921929	1.8	0	0	135.479
4.90823491	52.36188974	2.8	0	0	136.214
4.88788755	52.36617995	1.7	0	0	227.767
4.88878301	52.38354577	2.5	0	0	343.703
4.90448236	52.3834136	8.6	0	0	23.305
4.89178161	52.37252351	9.3	0	0	318.146
4.88665353	52.377391	13.6	0	0	324.082
4.90781717	52.38133413	3.4	0	0	34.776
4.89109608	52.36425817	9.7	0	0	202.654
4.90027218	52.36564372	7.6	0	0	145.717
4.88999873	52.36626135	7.2	0	0	218.598
4.89721917	52.38087717	3	0	0	6.698
4.89192965	52.36811433	15.5	0	0	223.257
4.87416925	52.36399662	2.4	0	0	244.133
4.89594005	52.37303224	12	0	0	9.502
4.89819213	52.37433413	12.7	0	0	24.146
4.90758709	52.36402183	8.9	0	0	129.237
4.89552225	52.38264028	0.6	0	0	0.997
4.88394625	52.37990637	3.2	0	0	324.746
4.88529986	52.38067642	10.3	0	0	330.066
4.88315319	52.3616932	9.3	0	0	220.727
4.87380255	52.36680607	3.2	0	0	255.361
4.89554109	52.35629036	2.6	0	0	179.062
4.90184712	52.37013056	6.7	0	0	91.193
4.88805668	52.3822072	5.1	0	0	340.101
4.89270168	52.37259162	5.6	0	0	327.637
4.89457732	52.36408099	13.3	0	0	183.364
4.8938071	52.37647562	2.3	0	0	352.441
4.88818479	52.37254089	6.8	0	0	298.61
4.91511749	52.36395556	4	0	0	117.192
4.90682457	52.3606634	5.4	0	0	143.304
4.90746261	52.38140188	3.6	0	0	33.856
4.87700787	52.36711961	3.8	0	0	254.406
4.9088761	52.36870094	2.3	0	0	100.253
4.88950026	52.35924965	2.8	0	0	197.518
4.87613015	52.37668735	5.6	0	0	299.117
4.87467353	52.36928316	2.3	0	0	265.746
4.88606448	52.38252392	13	0	0	335.704
4.875075	52.371449	2.6	0	0	275.749
4.88898802	52.35964085	2.7	0	0	199.641
4.88227893	52.37613541	9	0	0	306.959
4.8885823	52.35786431	5.9	0	0	198.037
4.90241205	52.36876962	5.5	0	0	108.102
4.89390565	52.37057304	11.3	0	0	294.876
4.89327131	52.37757823	14.2	0	0	351.063
4.9097508	52.37341521	1	0	0	70.228
4.89842987	52.38127633	2	0	0	10.205
4.88873558	52.38371461	3.1	0	0	343.783
4.90241132	52.38318085	3.2	0	0	18.829
4.87668062	52.3761942	9.1	0	0	297.917
4.91704237	52.37474712	2.8	0	0	71.249
4.88291291	52.3617447	7.2	0	0	221.461
4.91506662	52.36300263	2.4	0	0	120.688
4.89205449	52.36886493	2	0	0	234.604
4.89472737	52.36838633	5.2	0	0	188.365
4.89283594	52.38367033	4	0	0	353.961
4.91249724	52.37098223	3.6	0	0	85.849
4.91187178	52.36537077	5.9	0	0	115.402
4.90805516	52.37943051	2.9	0	0	40.486
4.88743669	52.37230804	12.8	0	0	293.909
4.90476119	52.36658384	3.5	0	0	121.797
4.88827506	52.37379296	12.9	0	0	310.369
4.89690014	52.38126258	3.3	0	0	5.467
4.88240087	52.37818724	4	0	0	315.649
4.89140123	52.38406694	3.2	0	0	350.576
4.90329695	52.38217482	1.1	0	0	22.533
4.90606096	52.38272483	1.1	0	0	27.991
4.90913094	52.38072639	3.4	0	0	39.037
4.88250175	52.36255313	2.8	0	0	225.271
4.89276017	52.37975741	10.9	0	0	351.243
4.89829647	52.37916592	4.2	0	0	12.045
4.90069546	52.37728979	2.1	0	0	25.501
4.88543207	52.37689908	8.5	0	0	318.356
4.90078965	52.36893692	2.4	0	0	110.431
4.90117076	52.36461941	5.9	0	0	146.775
4.87363041	52.36503945	1.5	0	0	248.523
4.91637268	52.36850222	6.3	0	0	97.531
4.88848995	52.36122165	7	0	0	204.391
4.91349619	52.36880075	1.4	0	0	97.199
4.91166984	52.376586	1.5	0	0	57.688
4.88803029	52.36780322	15.4	0	0	241.035
4.90273156	52.36058614	6	0	0	154.374
4.89765147	52.38187019	2	0	0	7.411
4.89384693	52.37832638	13.2	0	0	354.322
4.90782994	52.35999476	-0.6	0	0	142.889
4.87383442	52.36417621	4	0	0	245.134
4.88138817	52.36050143	3.5	0	0	220.904
4.91583469	52.37435551	3.9	0	0	71.827
4.9009812	52.3573026	6.4	0	0	164.627
4.8998504	52.36267178	7.4	0	0	159.241
4.91337838	52.37318167	3	0	0	75.056
4.87469897	52.36987612	1.5	0	0	268.452
4.89152387	52.36220953	4.9	0	0	195.533
4.87746361	52.37771885	7.9	0	0	304.775
4.87232176	52.37134789	5.7	0	0	274.649
4.87474182	52.36456096	4.5	0	0	245.619
4.88299666	52.36743725	6.2	0	0	249.505
4.8812444	52.37663528	10.5	0	0	307.066
4.90189289	52.36714238	1.9	0	0	126.811
4.8765667	52.37397673	2.4	0	0	288.331
4.90537532	52.3639049	3.4	0	0	135.353
4.88433162	52.37513126	8.7	0	0	306.617
4.90572011	52.36940189	6.7	0	0	97.195
4.89086102	52.3775013	9.8	0	0	340.157
4.9095961	52.37838344	3.6	0	0	47.156
4.88872195	52.3808692	4.4	0	0	339.73
4.89946632	52.37031749	7.6	0	0	87.777
4.90491675	52.37611602	3.5	0	0	45.245
4.90839333	52.36415808	3.5	0	0	126.869
4.91307827	52.37075379	4.4	0	0	87.176
4.91556243	52.36626327	7.6	0	0	107.601
4.87359672	52.3699463	2.2	0	0	268.837
4.91705509	52.36830982	6.5	0	0	98.108
4.89313643	52.37269509	3.1	0	0	333.425
4.8985709	52.36732904	5.5	0	0	144.253
4.91546634	52.37664728	6.2	0	0	62.563
4.91576583	52.37268017	2.6	0	0	78.904
4.88355053	52.37115673	7.7	0	0	277.562
4.88988267	52.36072752	7.5	0	0	198.787
4.90369904	52.37435296	3.6	0	0	51.535
4.90002729	52.35843089	3.6	0	0	165.865
4.89628882	52.37084168	14.1	0	0	47.552
4.9018335	52.37960697	1.9	0	0	23.425
4.8937204	52.37313473	2.6	0	0	343.157
4.90651143	52.38170457	4.8	0	0	31.075
4.90375298	52.3795363	1.5	0	0	29.346
4.88881466	52.35941337	5.7	0	0	199.757
4.88194344	52.37196523	6.7	0	0	282.231
4.87837935	52.36978644	11	0	0	267.609
4.90103657	52.37761687	3.2	0	0	25.829
4.90195455	52.36740294	1.8	0	0	124.166
4.88798344	52.37663822	12.2	0	0	325.672
4.8899601	52.36125963	12.1	0	0	199.55
4.87201749	52.37021855	5.9	0	0	270.021
4.9164636	52.37328601	1.7	0	0	76.705
4.90647553	52.36331554	4	0	0	134.978
4.88756224	52.36921538	3.1	0	0	257.847
4.90022823	52.35813427	4.7	0	0	165.651
4.89057316	52.3655768	10.4	0	0	211.166
4.90733477	52.36720739	2.1	0	0	112.041
4.91021233	52.38117647	2.9	0	0	39.955
4.88599304	52.36889399	11.9	0	0	256.728
4.90710065	52.38163913	4	0	0	32.521
4.91615521	52.36570352	9.5	0	0	109.389
4.88313242	52.37680329	9.7	0	0	311.882
4.89409401	52.35872532	8.7	0	0	183.267
4.88390571	52.36633582	11.6	0	0	240.572
4.91757875	52.36991198	3.3	0	0	91.263
4.89337163	52.36172464	8	0	0	187.361
4.90618716	52.37127626	6.3	0	0	81.037
4.88313376	52.36854306	9.9	0	0	257.18
4.89297626	52.36724317	2.5	0	0	204.237
4.87858866	52.3766142	9.3	0	0	302.306
4.90184141	52.35877987	3	0	0	160.384
4.89581466	52.36840881	5.9	0	0	167.672
4.8833032	52.37806571	7.2	0	0	317.306
4.89086618	52.38332702	2.4	0	0	348.676
4.88983033	52.3629435	4.8	0	0	204.142
4.89224893	52.37044323	3.9	0	0	277.277
4.87391769	52.37507968	5.9	0	0	290.56
4.88635002	52.36333651	4.7	0	0	218.053
4.89527695	52.36847665	9.4	0	0	177.807
4.88713419	52.38363004	3.1	0	0	339.921
4.91488462	52.37667844	5.6	0	0	61.761
4.89659287	52.36662487	9.6	0	0	166.379
4.89598815	52.37287674	12.3	0	0	10.658
4.90552999	52.38263574	1.7	0	0	26.986
4.91325456	52.37758017	3.2	0	0	56.292
4.90799798	52.36699658	1.6	0	0	112.334
4.87482454	52.36781728	2.7	0	0	259.079
4.8805257	52.37060774	4.8	0	0	272.517
4.89107689	52.3807307	6.8	0	0	346.64
4.87439999	52.37159561	2.7	0	0	276.219
4.87816717	52.36610958	3.9	0	0	248.425
4.8895558	52.38178875	3.5	0	0	343.511
4.88712614	52.37343997	3.9	0	0	303.296
4.88439613	52.38085514	8.9	0	0	328.285
4.90504185	52.3655094	3.5	0	0	127.972
4.90735483	52.36237247	2.8	0	0	136.501
4.91313036	52.37418049	3	0	0	70.116
4.90222854	52.37017532	7.1	0	0	90.534
4.89075173	52.36247901	2.1	0	0	199.217
4.91720109	52.36695848	0.6	0	0	103.602
4.91720021	52.36887466	6.6	0	0	95.684
4.88264417	52.38062957	7.4	0	0	323.72
4.8860102	52.37982861	12.5	0	0	329.822
4.90595863	52.37477106	4.1	0	0	55.333
4.91467662	52.36993854	6.1	0	0	91.325
4.87629381	52.37073133	3	0	0	272.569
4.89828267	52.37524193	13.8	0	0	20.723
4.87450769	52.3708536	1.9	0	0	272.903
4.89419432	52.37635032	5.4	0	0	354.466
4.87166689	52.36859184	4.8	0	0	263.553
4.87937702	52.37737113	7.3	0	0	306.59
4.90516067	52.37165126	8	0	0	76.755
4.91504212	52.37420126	5.3	0	0	71.808
4.89464002	52.36954152	11.5	0	0	205.551
4.90370234	52.36406445	5.7	0	0	139.727
4.88331847	52.37032143	11.4	0	0	270.842
4.89406958	52.38021493	4.2	0	0	356.164
4.8876231	52.36490933	14	0	0	220.966
4.88786502	52.35845927	9.1	0	0	200.775
4.88404712	52.36954481	6.7	0	0	264.361
4.89074813	52.3796494	14.4	0	0	344.04
4.88368935	52.35871884	1.3	0	0	211.374
4.88841471	52.37242447	6.2	0	0	298.181
4.88690315	52.37245101	14.3	0	0	293.896
4.89654971	52.38206672	0.4	0	0	4.071
4.91373414	52.36403361	2.1	0	0	118.597
4.89827805	52.38260303	1.7	0	0	8.713
4.90823056	52.36520519	10.2	0	0	122.132
4.88961393	52.37589267	9.6	0	0	329.153
4.88636403	52.37330074	6.1	0	0	299.857
4.90262782	52.36542398	1	0	0	136.448
4.88458557	52.35934585	2.5	0	0	210.735
4.89350848	52.3825567	6.4	0	0	355.308
4.89713265	52.38318055	1.6	0	0	5.285
4.91108652	52.36941114	3.4	0	0	94.726
4.88855795	52.3659387	10.4	0	0	223.342
4.88689637	52.37870707	8.3	0	0	329.264
4.90860251	52.38055208	3.4	0	0	38.426
4.87989554	52.36392006	11.3	0	0	235.982
4.90179443	52.36601498	3	0	0	136.072
4.91583579	52.3727352	4	0	0	78.7
4.88057125	52.36267573	0.2	0	0	229.776
4.88758737	52.36954896	5.6	0	0	261.806
4.91192489	52.37778888	3.2	0	0	53.482
4.90765092	52.35931847	2.4	0	0	145.023
4.90458545	52.36782411	3.1	0	0	112.58
4.89562671	52.36273506	6.5	0	0	177.855
4.88510918	52.36136397	6.9	0	0	214.76
4.91313598	52.36377575	0.6	0	0	120.405
4.8823141	52.38004394	3.9	0	0	321.4
4.91726338	52.36711226	1.7	0	0	102.946
4.88702287	52.36234288	3.8	0	0	212.285
4.89449409	52.37762826	9.8	0	0	356.824
4.90825569	52.3619129	3.2	0	0	136.089
4.91095019	52.36209053	2.5	0	0	130.129
4.90362518	52.36475428	2.6	0	0	136.6
4.91229659	52.3665133	3	0	0	109.488
4.896353	52.36106898	6.6	0	0	175.476
4.90446374	52.38238491	1.6	0	0	24.997
4.8732118	52.36770281	3.2	0	0	259.392
4.8985102	52.36242143	8.5	0	0	165.326
4.87816365	52.36684786	1.3	0	0	252.035
4.87485378	52.36478448	4.8	0	0	246.361
4.88641515	52.38315631	7.3	0	0	337.567
4.89246815	52.38076364	4.8	0	0	351.12
4.88357275	52.36684775	13.6	0	0	244.563
4.90092565	52.35958796	2.8	0	0	161.693
4.8843252	52.37558421	13.3	0	0	309.046
4.88850421	52.38185937	5.2	0	0	340.744
4.88362447	52.37946806	9.7	0	0	322.709
4.88807449	52.3645117	16.6	0	0	217.213
4.89862358	52.36229331	9.4	0	0	165.084
4.8968205	52.37812823	4.5	0	0	7.266
4.91345413	52.37466305	2.9	0	0	68.273
4.88280783	52.37569037	10.5	0	0	305.966
4.90402942	52.36398135	5.3	0	0	139.041
4.8860541	52.37749918	15.8	0	0	322.626
4.87671176	52.36120698	1.9	0	0	231.369
4.89742231	52.37345273	5.5	0	0	23.034
4.90297572	52.37206576	16.7	0	0	68.786
4.90392584	52.36189802	1.5	0	0	147.258
4.87878582	52.37439363	2.9	0	0	292.678
4.87314127	52.36782443	3.3	0	0	259.927
4.90114857	52.38115736	1.8	0	0	18.451
4.89283318	52.360424	7.1	0	0	188.285
4.89759032	52.3659645	3.7	0	0	160.815
4.91161717	52.36534404	5.3	0	0	115.869
4.8996851	52.36152074	8	0	0	162.398
4.88676712	52.35683989	1.3	0	0	200.986
4.87714327	52.378167	17.6	0	0	305.858
4.89257429	52.38368613	5	0	0	353.297
4.89173499	52.3574367	3	0	0	189.317
4.91214161	52.36574419	5.1	0	0	113.331
4.90695742	52.36181609	4.8	0	0	139.397
4.89685426	52.35908332	4.3	0	0	174.715
4.89910438	52.36496869	12.9	0	0	155.387
4.89624079	52.37548502	4.7	0	0	7.086
4.89567809	52.3606071	4.4	0	0	178.143
4.89747179	52.3658186	3.4	0	0	162.259
4.91214102	52.36090386	2.8	0	0	131.932
4.90420186	52.38166075	1.2	0	0	25.724
4.90756911	52.37930273	2.6	0	0	39.794
4.88458927	52.38305183	4	0	0	333.297
4.87701981	52.37335124	7.8	0	0	285.808
4.90258732	52.37121857	10.1	0	0	77.514
4.887471	52.37538703	10.8	0	0	317.742
4.89983876	52.36753708	2.9	0	0	133.203
4.889222	52.3837747	4.5	0	0	345.016
4.91006024	52.36318791	4.3	0	0	127.693
4.88624009	52.37806703	9.6	0	0	325.235
4.87992655	52.37279834	7.1	0	0	285.518
4.89700187	52.36274258	11.1	0	0	171.477
4.88291523	52.35925382	0.8	0	0	214.32
4.90953998	52.36408854	7.7	0	0	124.917
4.90294558	52.35999284	3.5	0	0	155.079
4.8775287	52.37458981	10.2	0	0	292.112
4.88809072	52.37494364	11.5	0	0	317.579
4.90046599	52.38186298	1.7	0	0	15.517
4.91286509	52.36749217	3.2	0	0	104.14
4.9022736	52.36827081	2.9	0	0	114.143
4.90126472	52.38183353	1.7	0	0	17.761
4.88720124	52.38067659	4.1	0	0	335.068
4.88809626	52.38051537	4	0	0	337.262
4.87351044	52.37036698	2.4	0	0	270.664
4.87973871	52.36828335	3.9	0	0	258.414
4.8781578	52.37309579	9	0	0	285.507
4.87724857	52.36418525	3.9	0	0	241.146
4.90017152	52.36295841	6	0	0	157.167
4.87874223	52.36765378	3.1	0	0	255.677
4.90098608	52.35846325	4	0	0	163.177
4.88178423	52.3787067	9.8	0	0	316.107
4.89818241	52.37449202	14	0	0	23.285
4.91464828	52.36887696	2.9	0	0	96.414
4.87913961	52.36140685	2.7	0	0	228.018
4.91029902	52.38067519	3.1	0	0	41.443
4.91003859	52.37830756	3.8	0	0	48.283
4.88162681	52.37995791	5.1	0	0	319.689
4.88773578	52.38340375	4.4	0	0	341.018
4.89017926	52.38141855	11.1	0	0	344.794
4.8894195	52.36674896	9.8	0	0	225.356
4.87890737	52.367657	3.8	0	0	255.555
4.91322835	52.37092973	3.9	0	0	86.288
4.895084	52.38415123	2.6	0	0	359.789
4.88386161	52.36448544	13.1	0	0	230.31
4.88957353	52.37227834	3.6	0	0	301.129
4.90549421	52.37933539	1.7	0	0	34.651
4.91356981	52.37485454	2.9	0	0	67.557
4.89908734	52.36470328	5.1	0	0	156.531
4.89147994	52.36542669	9.8	0	0	205.185
4.88548367	52.38043479	2.7	0	0	329.953
4.89601745	52.36828039	4.7	0	0	164.996
4.88559438	52.35905222	1.3	0	0	207.643
4.90389243	52.38158624	1.2	0	0	25.096
4.87594018	52.37698808	12.5	0	0	299.989
4.90117914	52.36772329	4.6	0	0	124.177
4.898546	52.35712133	2.4	0	0	171.046
4.87866751	52.3601147	3.9	0	0	224.934
4.91235628	52.36797061	6.1	0	0	102.068
4.89484597	52.38232446	4.6	0	0	359.07
4.91532662	52.36634523	5.3	0	0	107.448
4.89292467	52.3714556	1.5	0	0	312.156
4.87941743	52.36900516	6.5	0	0	262.832
4.89311414	52.37093826	4.7	0	0	299.953
4.87898874	52.36068204	4.1	0	0	226.027
4.87767005	52.36387622	7.6	0	0	239.324
4.91521463	52.37156777	3.9	0	0	83.688
4.91370951	52.36387204	1.1	0	0	119.255
4.88486565	52.37237859	9.3	0	0	288.98
4.8861447	52.36994503	12.1	0	0	267.191
4.89092885	52.36983001	11.2	0	0	261.526
4.91248311	52.37027072	4.4	0	0	89.695
4.90498212	52.35888617	5.1	0	0	152.119
4.90894864	52.36636839	4.3	0	0	114.566
4.90625914	52.36713911	1.2	0	0	114.428
4.88437964	52.36710959	7.9	0	0	244.758
4.90157781	52.36265546	5.5	0	0	152.627
4.91432927	52.36249818	3.3	0	0	123.402
4.89805097	52.3827113	1.7	0	0	8.016
4.8977607	52.37114667	14.4	0	0	59.54
4.91751098	52.37154507	6.2	0	0	84.425
4.89387305	52.38035416	5.6	0	0	355.542
4.88943624	52.38209638	3.8	0	0	343.592
4.89703949	52.37410855	15.6	0	0	16.358
4.88985522	52.36769825	8.8	0	0	232.188
4.90898913	52.36885307	2.2	0	0	99.167
4.90715328	52.36425588	5.9	0	0	129.154
4.90198999	52.36036713	9.7	0	0	157.07
4.88586401	52.36096792	3.9	0	0	211.567
4.9156596	52.37276473	3.3	0	0	78.476
4.89203627	52.36022063	6.4	0	0	190.832
4.89202342	52.37639046	11.8	0	0	342.731
4.90638618	52.36359569	2.1	0	0	134.018
4.91226116	52.36649709	2.9	0	0	109.604
4.90619125	52.36730021	2.9	0	0	113.416
4.91202881	52.37605217	1.9	0	0	60.441
4.8771378	52.37712006	4.6	0	0	302.105
4.88411329	52.36368366	14	0	0	225.944
4.90885352	52.37450498	2.1	0	0	62.821
4.915565	52.36907854	3.5	0	0	95.209
4.89566645	52.35741396	4.1	0	0	178.638
4.90644891	52.36653747	3.3	0	0	118.098
4.88708364	52.36107866	1.6	0	0	208.384
4.90638586	52.37484603	3.2	0	0	55.934
4.88958936	52.36816476	13.1	0	0	238.948
4.88787739	52.3802936	5.3	0	0	336.175
4.88620881	52.36018308	1.6	0	0	208.607
4.91191931	52.36876818	2.1	0	0	98.049
4.89676752	52.35676302	2.5	0	0	175.846
4.89175644	52.35853359	4.1	0	0	190.112
4.89957425	52.35820729	3.4	0	0	167.369
4.90326444	52.36242297	3.6	0	0	147.605
4.8918868	52.36584668	8.9	0	0	204.635
4.87428621	52.37051508	2.1	0	0	271.353
4.90417969	52.36092171	3.4	0	0	149.368
4.90141132	52.35914636	5.5	0	0	160.993
4.88867129	52.35902696	7.2	0	0	199.525
4.88678207	52.35996019	1.7	0	0	206.536
4.88848168	52.36210055	9.5	0	0	206.709
4.8984097	52.36323529	5.8	0	0	164.167
4.89472918	52.38249772	2	0	0	358.751
4.89773175	52.38158485	2.5	0	0	7.838
4.87897459	52.37828926	2.3	0	0	309.244
4.91694732	52.37310765	2.5	0	0	77.721
4.89257479	52.37290453	3.3	0	0	329.511
4.90668894	52.37252158	8.7	0	0	71.845
4.88599559	52.38197323	3.5	0	0	334.538
4.88767	52.36000162	3.7	0	0	204.147
4.89668165	52.36578839	7	0	0	168.207
4.90568948	52.35815172	5.3	0	0	151.957
4.89132595	52.36194484	1.9	0	0	195.837
4.90909012	52.37484738	1.9	0	0	61.408
4.91392305	52.37654748	1.2	0	0	61.051
4.87428493	52.37230966	4.6	0	0	279.335
4.90434564	52.38088829	1.4	0	0	27.695
4.89386396	52.35775645	11.5	0	0	183.657
4.88897934	52.36675354	3.1	0	0	227.505
4.91622852	52.36851804	6.2	0	0	97.512
4.90815542	52.3784763	2.9	0	0	43.821
4.90621865	52.37553302	2.3	0	0	51.753
4.89827311	52.35663823	2.6	0	0	172.048
4.8928361	52.36933443	7.8	0	0	238.244
4.90946084	52.37716166	5.8	0	0	51.474
4.8765778	52.36500526	6.5	0	0	245.351
4.88213491	52.36237355	1.2	0	0	225.426
4.88689043	52.37560435	13.4	0	0	316.841
4.88259589	52.37410447	8.3	0	0	296.874
4.8806728	52.36018488	2.6	0	0	221.431
4.88787865	52.38078128	4.2	0	0	337.163
4.90481209	52.38196898	1.5	0	0	26.604
4.91257129	52.37291356	2.3	0	0	75.746
4.90290367	52.35763911	4.1	0	0	159.411
4.90985918	52.3733	0.8	0	0	71.018
4.87473041	52.36871516	3.1	0	0	263.151
4.88797296	52.37626605	8.5	0	0	324.023
4.88917981	52.35798713	14.7	0	0	196.65
4.87479454	52.36580685	4.5	0	0	250.493
4.89188863	52.38123952	8.6	0	0	349.709
4.9129759	52.36596006	2.1	0	0	111.367
4.90826869	52.36027709	2.2	0	0	141.164
4.89114978	52.37940544	12.3	0	0	345.056
4.88233276	52.36466105	9.8	0	0	234.677
4.91287982	52.36377814	1.3	0	0	120.756
4.8940063	52.37832992	14	0	0	355.006
4.88097659	52.37025802	2.9	0	0	270.285
4.89698559	52.36655179	4.8	0	0	163.147
4.90046441	52.38282218	1.3	0	0	14.383
4.8926105	52.37626506	6.3	0	0	345.529
4.90890352	52.3684351	4.1	0	0	101.981
4.90360499	52.36182973	3.3	0	0	148.433
4.89965802	52.36386875	7.9	0	0	156.635
4.89389962	52.37985788	4	0	0	355.409
4.89152194	52.36927642	14.2	0	0	247.125
4.90680409	52.3635027	3.9	0	0	133.37
4.9148071	52.37121407	3.2	0	0	85.233
4.87992405	52.36877533	6.5	0	0	261.209
4.90054164	52.36084215	6.2	0	0	160.705
4.88712021	52.37149687	8.6	0	0	284.617
4.87975393	52.36214134	7.9	0	0	229.38
4.90047373	52.37090933	4.5	0	0	77.912
4.91189277	52.36624907	2.7	0	0	111.221
4.90390146	52.36140848	4.3	0	0	148.801
4.89942222	52.35657024	2.7	0	0	169.219
4.90784956	52.37561797	1.7	0	0	55.09
4.89990518	52.36511371	5.2	0	0	150.447
4.89727967	52.38008769	6.3	0	0	7.439
4.91201149	52.3645335	4.3	0	0	118.914
4.91114786	52.37969431	4.2	0	0	45.819
4.90134884	52.35689114	4.5	0	0	164.182
4.90317898	52.35874596	5.7	0	0	156.899
4.90266861	52.35669128	1.4	0	0	161.287
4.91168378	52.37856544	5.8	0	0	50.365
4.88299753	52.3770272	8.1	0	0	312.518
4.91065588	52.38099319	2.4	0	0	41.254
4.90303509	52.36498502	2.1	0	0	137.434
4.88689635	52.38347104	5.1	0	0	339.149
4.90995206	52.36036738	1.1	0	0	137.484
4.91176652	52.37582964	2	0	0	61.008
4.87580351	52.37540809	3.6	0	0	293.719
4.91205875	52.36467748	4.2	0	0	118.229
4.89116722	52.37066987	14.3	0	0	280.535
4.88327954	52.37179145	3.2	0	0	282.253
4.90770603	52.37841021	2.2	0	0	43.044
4.89530087	52.38276526	0.7	0	0	0.371
4.87406606	52.37474732	6.2	0	0	289.387
4.87848384	52.36027565	4.2	0	0	225.712
4.87703671	52.37784157	7.1	0	0	304.571
4.87725768	52.3667349	5.4	0	0	252.351
4.89319207	52.3667485	4.4	0	0	199.186
4.88786581	52.37420198	17.9	0	0	311.805
4.90219544	52.35939646	5.1	0	0	158.362
4.89250948	52.3612886	4	0	0	190.307
4.91403169	52.37343702	3.5	0	0	74.366
4.90033966	52.35918403	3.3	0	0	164.023
4.87947214	52.36484039	10.4	0	0	240.719
4.91109808	52.36701545	5.3	0	0	108.206
4.88259638	52.36499032	13.3	0	0	235.76
4.88620431	52.38078755	6.9	0	0	332.637
4.88864124	52.37183034	1.9	0	0	292.06
4.8931368	52.37737784	14.6	0	0	350.178
4.90116339	52.3603042	2.5	0	0	159.725
4.87825945	52.36981992	10.6	0	0	267.811
4.90865048	52.378372	3.1	0	0	45.256
4.88910391	52.37388384	10.5	0	0	314.737
4.90393422	52.36117159	3.7	0	0	149.377
4.90570006	52.37139166	12.2	0	0	79.632
4.89721066	52.38378877	1.8	0	0	5.249
4.91209056	52.36848846	5.4	0	0	99.484
4.88153499	52.37833905	5.5	0	0	314.31
4.90454863	52.35754775	2.3	0	0	155.664
4.90746315	52.37225023	10	0	0	74.831
4.90106087	52.36447846	4.6	0	0	147.903
4.90101098	52.37356871	9.7	0	0	46.772
4.87331862	52.37451174	2.1	0	0	287.86
4.88299592	52.36367983	3.1	0	0	228.677
4.9044649	52.3755263	3.5	0	0	46.901
4.87589504	52.3721078	1.9	0	0	279.142
4.8729458	52.36803854	3.3	0	0	260.893
4.88395833	52.36011109	2	0	0	214.118
4.88911253	52.36097357	8.4	0	0	201.807
4.88440681	52.37424764	3.5	0	0	301.541
4.88569505	52.37933328	9.8	0	0	327.618
4.90350754	52.36597356	3.8	0	0	129.794
4.89331643	52.36558603	8.6	0	0	193.723
4.89586039	52.37277874	13	0	0	9.367
4.89643889	52.37937542	8.1	0	0	4.842
4.89817325	52.3826643	1.7	0	0	8.383
4.87773657	52.36452076	5.8	0	0	241.857
4.90043699	52.36372562	8.1	0	0	153.629
4.90201327	52.38357969	1.3	0	0	17.362
4.90843832	52.36767235	4.4	0	0	107.421
4.89995516	52.36044903	4.4	0	0	163.335
4.90705104	52.37976329	2.6	0	0	37.224
4.88893336	52.37973344	8.1	0	0	338.206
4.87698857	52.36410634	4.1	0	0	241.18
4.88280474	52.35808626	0.6	0	0	211.903
4.89512279	52.38395673	2.2	0	0	359.885
4.88251324	52.36539582	11.8	0	0	238.05
4.91554823	52.36370736	3.4	0	0	117.601
4.9065907	52.36584291	5.2	0	0	122.081
4.90545408	52.36015938	2.8	0	0	148.008
4.8992257	52.35989355	2.2	0	0	166.5
4.90680467	52.36667469	0.8	0	0	116.486
4.87857179	52.36687794	1.1	0	0	251.775
4.87448207	52.36956008	2.5	0	0	267.037
4.88987433	52.36167746	8.8	0	0	200.737
4.88545114	52.37099784	5.5	0	0	277.514
4.8870208	52.35702119	1	0	0	200.662
4.88634177	52.36252411	5.9	0	0	215.022
4.89657128	52.36528721	7.9	0	0	170.136
4.89351764	52.35759538	5.6	0	0	184.566
4.88180106	52.36568856	10.6	0	0	240.989
4.90140471	52.37342367	7.7	0	0	49.884
4.89412408	52.36768951	3.6	0	0	194.16
4.89846884	52.36823671	7.4	0	0	134.476
4.89425032	52.35885051	10.8	0	0	182.823
4.9101459	52.36216618	1.6	0	0	131.346
4.87660066	52.36280959	3.6	0	0	236.853
4.90626913	52.36631111	5	0	0	119.94
4.88893856	52.35685785	2.4	0	0	195.898
4.87573583	52.36982648	2.5	0	0	268.129
4.91166744	52.37906472	6.6	0	0	48.694
4.87604024	52.36606009	2.8	0	0	250.421
4.9180443	52.36840503	5.3	0	0	97.377
4.89525902	52.38228474	2.6	0	0	0.264
4.87720822	52.37103213	5.4	0	0	274.265
4.90763652	52.37077507	9.4	0	0	85.793
4.90142534	52.38213639	1.7	0	0	17.766
4.90474058	52.3575873	5	0	0	155.157
4.8829879	52.36137441	5.3	0	0	220.076
4.87585465	52.37286782	2.9	0	0	282.684
4.89002775	52.3608062	7.1	0	0	198.449
4.90334806	52.35725578	4.7	0	0	158.918
4.91189176	52.3649416	4.2	0	0	117.309
4.89192387	52.37981929	12.5	0	0	348.349
4.88374273	52.38055101	10.5	0	0	325.991
4.91500141	52.36774169	0.9	0	0	101.539
4.87224177	52.37337393	5.2	0	0	282.724
4.91251946	52.37736569	5.7	0	0	55.975
4.91073838	52.36978302	3	0	0	92.6
4.89147856	52.3771556	11.6	0	0	342.02
4.90062185	52.37579379	14.9	0	0	30.832
4.87652367	52.37663359	2.1	0	0	299.423
4.90042874	52.36217713	11.6	0	0	158.216
4.88077291	52.36089132	8.7	0	0	223.316
4.89983902	52.37678148	3	0	0	23.475
4.90495709	52.37829682	1.2	0	0	36.481
4.90477776	52.38178458	1.6	0	0	26.886
4.88063768	52.3795043	4.4	0	0	316.324
4.90026876	52.3630552	4.2	0	0	156.49
4.89378196	52.37687292	9.4	0	0	352.757
4.90734651	52.36783074	1.5	0	0	107.778
4.90342881	52.38027854	1.6	0	0	26.615
4.88988179	52.37229045	8.4	0	0	302.737
4.88454603	52.36612324	7.5	0	0	237.752
4.88431814	52.3818258	6.8	0	0	330.3
4.91360957	52.36763835	3.2	0	0	102.885
4.89861418	52.36300315	3.5	0	0	163.734
4.87889984	52.36331351	4.1	0	0	235.213
4.89649329	52.36460659	9.3	0	0	171.79
4.89127597	52.35833632	3.2	0	0	191.315
4.90987629	52.3794646	3.9	0	0	44.147
4.88574513	52.35818289	2.1	0	0	205.56
4.89622722	52.36558717	8.8	0	0	172.044
4.90005684	52.38014299	2.9	0	0	16.731
4.88666517	52.37284499	12.3	0	0	296.865
4.88733796	52.37552323	9.8	0	0	317.995
4.89175937	52.35663343	10.6	0	0	188.714
4.87904735	52.38048169	4.5	0	0	316.216
4.87451014	52.37118875	3.4	0	0	274.42
4.89369012	52.37550485	10	0	0	350.32
4.88551286	52.37821817	6.5	0	0	323.629
4.88399683	52.3808265	10	0	0	327.275
4.88620231	52.35698513	0.7	0	0	202.483
4.87508119	52.37082758	3.3	0	0	272.864
4.88843117	52.36485609	7.5	0	0	217.508
4.90900021	52.37269517	4.1	0	0	73.632
4.88629579	52.37837417	6.7	0	0	326.423
4.91327015	52.36578183	1	0	0	111.851
4.90334794	52.36370974	2.2	0	0	142.483
4.90629629	52.36954404	4.2	0	0	95.641
4.8805784	52.37136707	6.5	0	0	277.371
4.87479756	52.37232848	6.6	0	0	279.649
4.91316238	52.37029662	5.4	0	0	89.571
4.90561306	52.36391919	3.4	0	0	134.628
4.88025774	52.37535382	8.2	0	0	299.448
4.88069774	52.37218507	11.6	0	0	282.572
4.90158844	52.35781447	8	0	0	162.453
4.90288271	52.38297047	4.6	0	0	20.263
4.88773027	52.36050919	1.4	0	0	205.077
4.9061147	52.36269187	5.9	0	0	138.378
4.87598486	52.37353068	4.8	0	0	285.811
4.88106789	52.37339758	4.5	0	0	290.291
4.87841093	52.37372073	5.1	0	0	288.918
4.90317089	52.38301251	5.4	0	0	20.893
4.87814441	52.37481403	7.7	0	0	293.873
4.88501949	52.36330337	11	0	0	221.879
4.8929247	52.36612205	12.4	0	0	198.5
4.88243743	52.37296643	5.8	0	0	289.494
4.88877976	52.36751284	17	0	0	235.282
4.88615429	52.37651831	11.7	0	0	318.879
4.91576697	52.37382743	3.1	0	0	73.969
4.90873613	52.36279114	3.1	0	0	131.86
4.90041442	52.37108221	5.5	0	0	74.861
4.87858413	52.37860841	4.7	0	0	309.664
4.90221655	52.37008955	7.3	0	0	91.676
4.88324324	52.3665921	8.4	0	0	243.546
4.89168561	52.37063333	14.5	0	0	281.114
4.91383641	52.36380715	1.9	0	0	119.337
4.89895878	52.37903514	3.7	0	0	14.702
4.89319544	52.37725107	15.2	0	0	350.288
4.90122048	52.35757593	11.6	0	0	163.698
4.89732065	52.37624308	1.7	0	0	12.3
4.90248327	52.36309823	3.3	0	0	147.885
4.89150929	52.36246263	6.5	0	0	196.075
4.89224589	52.36095039	6.1	0	0	190.901
4.87406048	52.36865017	4.7	0	0	263.082
4.88667364	52.38072862	3.1	0	0	333.748
4.88085925	52.37312547	2.4	0	0	288.428
4.89059616	52.36978045	9.7	0	0	261.139
4.89183934	52.35794569	3.3	0	0	189.407
4.88974523	52.37007203	8.9	0	0	267.517
4.900461	52.35822927	4.6	0	0	164.907
4.88070509	52.37532891	10.1	0	0	300.08
4.90712773	52.36383472	11.5	0	0	131.142
4.8789929	52.36811049	1.8	0	0	257.973
4.88360118	52.37242582	14	0	0	287.383
4.89169029	52.37032695	15.1	0	0	273.001
4.88557147	52.35703588	4.8	0	0	203.975
