Latitude,Longitude,elevation
52.38389311,4.89081471,3.2
52.36693382,4.89417434,10
52.38382826,4.90134421,0.3
52.3702584,4.91517105,2.2
52.35820582,4.88556269,2.7
52.3726411,4.90077932,5.8
52.3624344,4.88303566,2.6
52.37333606,4.90925411,1.8
52.36514124,4.91274505,2.1
52.3754524,4.90794225,1.6
52.36904701,4.90807507,6.5
52.36810447,4.89112989,13.2
52.36561883,4.90748307,4.5
52.36617094,4.87526607,4.5
52.36983531,4.91396258,4.9
52.37821403,4.8907096,6.3
52.36612732,4.90461147,2.7
52.35803612,4.8964504,9.6
52.35795587,4.88544431,2.1
52.36534713,4.91192591,5.7
52.37444346,4.88240416,10.8
52.36051907,4.90292586,3.8
52.35819592,4.90102364,4.8
52.37627356,4.90862819,3.3
52.38051362,4.88707635,5.9
52.36568219,4.90943052,9.8
52.3595031,4.90905615,2.1
52.35668852,4.89267314,5.1
52.3782777,4.90980433,3.6
52.36822937,4.88481119,11
52.37526059,4.91499565,2.7
52.36060047,4.89360594,9.9
52.36621825,4.89810892,5.9
52.37387641,4.87805744,4.7
52.37689525,4.90018062,2.8
52.37661222,4.89719498,5.9
52.38150152,4.88617339,3.3
52.37334822,4.90766001,2.1
52.37178522,4.91399208,4.4
52.36681939,4.89620125,14.4
52.37789835,4.8972124,4.4
52.36370129,4.89155756,16.3
52.36167719,4.8897495,9.2
52.37750227,4.87836277,3.3
52.3651642,4.89163176,10.5
52.37605722,4.90107266,17
52.3576981,4.89782575,9.9
52.37711092,4.88488725,5.1
52.35894175,4.89719454,6.6
52.36650939,4.91137325,1.8
52.3768614,4.90442165,3.9
52.35650128,4.89570685,4
52.37859741,4.87962218,2.8
52.35854622,4.90852542,1.3
52.36311129,4.90242866,3.3
52.35798727,4.90351988,3.7
52.36607637,4.90898605,1.2
52.36752089,4.87982564,5.9
52.36357958,4.90632493,2.4
52.37198051,4.89389025,12.1
52.37281208,4.91349977,3.2
52.36898814,4.9025367,3.6
52.37665784,4.88066389,9.5
52.36676553,4.88415139,12.7
52.35914927,4.89804937,3.1
52.36986338,4.89427925,6.8
52.37343853,4.87389164,5.4
52.38105318,4.90197289,1.7
52.37294651,4.91042409,0.5
52.36421685,4.91059368,7.8
52.36557443,4.9076495,8
52.38266171,4.89908641,1.6
52.37752406,4.89106135,11.8
52.36640216,4.91770051,1.6
52.36580105,4.90446706,3.8
52.3603823,4.87823052,2.9
52.37289775,4.87889746,3.6
52.37124299,4.91802567,4.7
52.37452285,4.89710165,14.7
52.38243491,4.9065803,1
52.36938935,4.89146908,14.4
52.37329809,4.878481,9.3
52.36532358,4.88052859,7.4
52.37564581,4.91107355,1.6
52.36999138,4.90151484,4.3
52.3725558,4.8878304,11
52.36481131,4.87652412,9.5
52.37507482,4.88679353,14.8
52.36690617,4.89575618,10.8
52.36982079,4.89453808,10.3
52.37103537,4.91721631,5.2
52.37464214,4.90128866,10.1
52.36165505,4.91114433,4.1
52.35830771,4.89025763,4.1
52.36632036,4.90003211,4
52.38319975,4.90332826,9
52.3617005,4.89837796,6.5
52.37582992,4.88605063,13.5
52.37181441,4.87852704,8.2
52.37438055,4.89777375,13.9
52.38137288,4.88101544,2
52.37601719,4.89905631,13.6
52.37377674,4.88384314,8.4
52.37152765,4.90132293,6.3
52.37143818,4.90737134,11.5
52.35915711,4.88221524,0.6
52.36255615,4.9036854,2.9
52.37129257,4.87861693,8.6
52.38274148,4.88868224,5.5
52.35868546,4.90836459,3.2
52.37839562,4.89740792,3.2
52.36712933,4.87720083,6.6
52.36579333,4.88030658,5.8
52.36195322,4.8961147,5.7
52.3781657,4.89128287,12.4
52.3606921,4.87849614,3.2
52.35645496,4.89753358,1.6
52.36316063,4.89033603,8.1
52.37924092,4.8975512,3.5
52.37213862,4.87277367,9.5
52.37620706,4.90934004,-1.5
52.37935934,4.88729986,5.8
52.36125536,4.90236327,4.7
52.35962762,4.89269819,3.2
52.38128434,4.9088296,3.4
52.36201082,4.9124842,2.6
52.36945623,4.88877632,5.7
52.37458221,4.9140991,3.4
52.36377101,4.8807971,5.4
52.35795782,4.89445729,11.1
52.38044321,4.90214636,1.6
52.36212549,4.87858452,3.9
52.38210067,4.90486167,2
52.37826713,4.89848728,2.6
52.36296283,4.87539065,0.8
52.3689365,4.91088586,2.5
52.37281309,4.91012495,2.1
52.37004993,4.89264281,2.2
52.37236561,4.89701045,13
52.37654058,4.91559668,5.6
52.37154505,4.90272263,11.5
52.35676574,4.89179306,9.1
52.36222233,4.87597617,4.2
52.37157419,4.90840205,12.5
52.37323968,4.9105453,1.6
52.36369741,4.9109115,8
52.38274294,4.89782858,1.6
52.37447669,4.91720941,4.4
52.37023209,4.89553708,11.3
52.36526443,4.88920621,4.2
52.36517765,4.8925326,9.3
52.36094698,4.90072308,3.3
52.3730811,4.88785467,7.9
52.37254857,4.89029825,2.9
52.36343516,4.90832036,5.3
52.36870788,4.88610436,13.6
52.37856787,4.89382636,11.2
52.38218821,4.89295323,6.2
52.37517851,4.89223533,3.7
52.35798975,4.90605884,4.8
52.37878529,4.88843137,5.1
52.35744262,4.88889727,8.2
52.38144287,4.90580805,3
52.37293334,4.88104243,4.5
52.37900212,4.87768692,1.8
52.3788226,4.89528301,11.3
52.3707086,4.87400483,3.3
52.36349134,4.89720808,11.5
52.36427763,4.87741261,5.7
52.38324151,4.89748137,1.6
52.37562313,4.8901609,10.6
52.37079223,4.87677866,6
52.37228333,4.90913742,3.8
52.36935714,4.90832501,5.4
52.36145792,4.90539241,4.2
52.37189452,4.90463812,5.6
52.37280715,4.89803812,11.5
52.36693628,4.91824435,1.9
52.35781774,4.88376242,1.9
52.3785585,4.88857448,6.5
52.38238329,4.89410742,3.2
52.36888294,4.91092265,3
52.36474577,4.90125959,7
52.37316764,4.87937619,3.2
52.37449251,4.8859294,8.4
52.37731077,4.9097245,6.5
52.36369476,4.90950827,13
52.37656335,4.88084058,8.6
52.37281199,4.87662962,6.6
52.37087534,4.89500138,7.3
52.3565149,4.9026983,2.4
52.36671224,4.87721872,5.1
52.36593499,4.8810884,12.1
52.37125753,4.87850648,8.6
52.36481537,4.87538002,2.6
52.35980753,4.9097901,1.9
52.37064837,4.90791925,7.8
52.38107277,4.90046998,1.7
52.36375999,4.8822169,3.4
52.35989435,4.88221658,11
52.36622624,4.88385728,12.2
52.36696715,4.88238986,6.6
52.37979591,4.90028082,3
52.38289323,4.89891477,1.6
52.37043967,4.88723757,12
52.36556428,4.88885289,12.2
52.36144377,4.8975892,8.4
52.35934505,4.88156199,3.6
52.35897482,4.90264871,2.9
52.37781988,4.91346732,2.7
52.37226568,4.89326314,5.4
52.36984026,4.88775275,9
52.37095976,4.88599449,6.2
52.36867838,4.8956974,7.3
52.36098418,4.89550215,9.7
52.36486622,4.8889639,6.9
52.36731716,4.87811333,2.3
52.37788119,4.88274913,7.4
52.37617832,4.89939209,13
52.37150822,4.89428547,10.1
52.37410411,4.8852232,3.9
52.35972974,4.88911275,2.4
52.35922088,4.89732975,1.9
52.36476751,4.87360367,3.1
52.36163591,4.89565643,10.9
52.37766495,4.90337851,6.4
52.36104154,4.89554701,9.5
52.37089842,4.89466273,6.7
52.36246482,4.87622092,3.3
52.37855877,4.90668435,1.8
52.36228364,4.9029765,2.5
52.37071642,4.90964857,1.9
52.36241506,4.89532461,7.8
52.36060165,4.91106389,0.5
52.37079768,4.88685186,12.1
52.37555243,4.87928612,3.3
52.36132537,4.88838308,8.5
52.35697944,4.88566351,4.7
52.36055595,4.90112794,5.1
52.35982019,4.89904862,2.2
52.36142163,4.90999976,13.2
52.37836869,4.88976254,11.6
52.36054097,4.89803189,6.2
52.36403153,4.88566752,1.7
52.36211991,4.87744697,6.2
52.36898266,4.90419118,5.2
52.36948686,4.90551497,10.1
52.36798612,4.89091103,11.1
52.37441931,4.87425405,3.1
52.37241906,4.9028481,14.1
52.36846121,4.87978616,3.4
52.38360561,4.89471452,1.9
52.36991281,4.89251795,1.5
52.36603863,4.88305278,5.9
52.36774289,4.89029807,13.2
52.37211716,4.90531224,9.1
52.36889898,4.87515705,2.4
52.38402288,4.89969974,0.3
52.3638261,4.8966434,5.7
52.35656989,4.8913868,7.4
52.37357413,4.88824502,6.9
52.36660917,4.88155307,7.7
52.37599134,4.91017465,-0.4
52.37241584,4.88344396,11.6
52.36363752,4.89048983,3.8
52.37448071,4.91759914,6.6
52.3697401,4.87208309,6.4
52.36465489,4.89509039,17.4
52.36749262,4.89029578,9.4
52.36216986,4.87686918,7.6
52.36858073,4.8867802,6.3
52.37468834,4.89021669,10.7
52.3808788,4.90128399,1.8
52.37892002,4.89058069,9.1
52.37772565,4.87839537,4.1
52.3775446,4.88394034,10.8
52.36521548,4.88459206,5.7
52.37538624,4.8763039,6.7
52.37780401,4.88890702,11.7
52.37365163,4.89365609,9.2
52.37090368,4.87689049,5.9
52.3762117,4.89116813,6.4
52.37712281,4.88973757,10.3
52.3729708,4.91179325,1.6
52.37025175,4.88538121,10.2
52.36153037,4.89384731,9.8
52.36154667,4.90830419,2.8
52.358373,4.88315997,0.8
52.36752727,4.90471204,3.1
52.35602382,4.89415379,6.2
52.3649946,4.90639736,5.3
52.37304759,4.87551,3.8
52.36799753,4.88678608,6.4
52.36675127,4.88281989,4.7
52.37394136,4.88221725,11.4
52.36019226,4.89282586,10.8
52.38087365,4.9056486,1.6
52.36612538,4.90386759,3.1
52.37662797,4.90284998,3
52.36776569,4.90995285,3.3
52.36978246,4.87456455,2.8
52.3673955,4.90281321,4.1
52.37946786,4.88321677,7.9
52.36345014,4.90670199,3.2
52.36085187,4.88328883,2.2
52.36054371,4.90446557,3.5
52.36277585,4.90763048,2.2
52.3774268,4.90256451,2.9
52.38224858,4.90112238,1.7
52.36951819,4.90372196,6.5
52.36817349,4.90462486,3
52.37228122,4.87519802,5.4
52.37496077,4.90128754,15.5
52.37817859,4.88345154,6.3
52.35766079,4.90394258,3
52.36417136,4.8966797,6.6
52.37099825,4.9153643,3.6
52.37168973,4.91325812,4.5
52.38275454,4.8841919,10.8
52.37946297,4.91292544,3.9
52.3741862,4.90148145,7.5
52.35629508,4.89871265,4.2
52.36749634,4.91666024,1.9
52.36903651,4.9026071,3.2
52.3725907,4.9131837,3.1
52.37963418,4.89699706,5.6
52.36870178,4.88925743,2.9
52.3749706,4.87849188,7.2
52.38240824,4.90216466,1.6
52.36921929,4.89677278,1.8
52.36188974,4.90823491,2.8
52.36617995,4.88788755,1.7
52.38354577,4.88878301,2.5
52.3834136,4.90448236,8.6
52.37252351,4.89178161,9.3
52.377391,4.88665353,13.6
52.38133413,4.90781717,3.4
52.36425817,4.89109608,9.7
52.36564372,4.90027218,7.6
52.36626135,4.88999873,7.2
52.38087717,4.89721917,3
52.36811433,4.89192965,15.5
52.36399662,4.87416925,2.4
52.37303224,4.89594005,12
52.37433413,4.89819213,12.7
52.36402183,4.90758709,8.9
52.38264028,4.89552225,0.6
52.37990637,4.88394625,3.2
52.38067642,4.88529986,10.3
52.3616932,4.88315319,9.3
52.36680607,4.87380255,3.2
52.35629036,4.89554109,2.6
52.37013056,4.90184712,6.7
52.3822072,4.88805668,5.1
52.37259162,4.89270168,5.6
52.36408099,4.89457732,13.3
52.37647562,4.8938071,2.3
52.37254089,4.88818479,6.8
52.36395556,4.91511749,4
52.3606634,4.90682457,5.4
52.38140188,4.90746261,3.6
52.36711961,4.87700787,3.8
52.36870094,4.9088761,2.3
52.35924965,4.88950026,2.8
52.37668735,4.87613015,5.6
52.36928316,4.87467353,2.3
52.38252392,4.88606448,13
52.371449,4.875075,2.6
52.35964085,4.88898802,2.7
52.37613541,4.88227893,9
52.35786431,4.8885823,5.9
52.36876962,4.90241205,5.5
52.37057304,4.89390565,11.3
52.37757823,4.89327131,14.2
52.37341521,4.9097508,1
52.38127633,4.89842987,2
52.38371461,4.88873558,3.1
52.38318085,4.90241132,3.2
52.3761942,4.87668062,9.1
52.37474712,4.91704237,2.8
52.3617447,4.88291291,7.2
52.36300263,4.91506662,2.4
52.36886493,4.89205449,2
52.36838633,4.89472737,5.2
52.38367033,4.89283594,4
52.37098223,4.91249724,3.6
52.36537077,4.91187178,5.9
52.37943051,4.90805516,2.9
52.37230804,4.88743669,12.8
52.36658384,4.90476119,3.5
52.37379296,4.88827506,12.9
52.38126258,4.89690014,3.3
52.37818724,4.88240087,4
52.38406694,4.89140123,3.2
52.38217482,4.90329695,1.1
52.38272483,4.90606096,1.1
52.38072639,4.90913094,3.4
52.36255313,4.88250175,2.8
52.37975741,4.89276017,10.9
52.37916592,4.89829647,4.2
52.37728979,4.90069546,2.1
52.37689908,4.88543207,8.5
52.36893692,4.90078965,2.4
52.36461941,4.90117076,5.9
52.36503945,4.87363041,1.5
52.36850222,4.91637268,6.3
52.36122165,4.88848995,7
52.36880075,4.91349619,1.4
52.376586,4.91166984,1.5
52.36780322,4.88803029,15.4
52.36058614,4.90273156,6
52.38187019,4.89765147,2
52.37832638,4.89384693,13.2
52.35999476,4.90782994,-0.6
52.36417621,4.87383442,4
52.36050143,4.88138817,3.5
52.37435551,4.91583469,3.9
52.3573026,4.9009812,6.4
52.36267178,4.8998504,7.4
52.37318167,4.91337838,3
52.36987612,4.87469897,1.5
52.36220953,4.89152387,4.9
52.37771885,4.87746361,7.9
52.37134789,4.87232176,5.7
52.36456096,4.87474182,4.5
52.36743725,4.88299666,6.2
52.37663528,4.8812444,10.5
52.36714238,4.90189289,1.9
52.37397673,4.8765667,2.4
52.3639049,4.90537532,3.4
52.37513126,4.88433162,8.7
52.36940189,4.90572011,6.7
52.3775013,4.89086102,9.8
52.37838344,4.9095961,3.6
52.3808692,4.88872195,4.4
52.37031749,4.89946632,7.6
52.37611602,4.90491675,3.5
52.36415808,4.90839333,3.5
52.37075379,4.91307827,4.4
52.36626327,4.91556243,7.6
52.3699463,4.87359672,2.2
52.36830982,4.91705509,6.5
52.37269509,4.89313643,3.1
52.36732904,4.8985709,5.5
52.37664728,4.91546634,6.2
52.37268017,4.91576583,2.6
52.37115673,4.88355053,7.7
52.36072752,4.88988267,7.5
52.37435296,4.90369904,3.6
52.35843089,4.90002729,3.6
52.37084168,4.89628882,14.1
52.37960697,4.9018335,1.9
52.37313473,4.8937204,2.6
52.38170457,4.90651143,4.8
52.3795363,4.90375298,1.5
52.35941337,4.88881466,5.7
52.37196523,4.88194344,6.7
52.36978644,4.87837935,11
52.37761687,4.90103657,3.2
52.36740294,4.90195455,1.8
52.37663822,4.88798344,12.2
52.36125963,4.8899601,12.1
52.37021855,4.87201749,5.9
52.37328601,4.9164636,1.7
52.36331554,4.90647553,4
52.36921538,4.88756224,3.1
52.35813427,4.90022823,4.7
52.3655768,4.89057316,10.4
52.36720739,4.90733477,2.1
52.38117647,4.91021233,2.9
52.36889399,4.88599304,11.9
52.38163913,4.90710065,4
52.36570352,4.91615521,9.5
52.37680329,4.88313242,9.7
52.35872532,4.89409401,8.7
52.36633582,4.88390571,11.6
52.36991198,4.91757875,3.3
52.36172464,4.89337163,8
52.37127626,4.90618716,6.3
52.36854306,4.88313376,9.9
52.36724317,4.89297626,2.5
52.3766142,4.87858866,9.3
52.35877987,4.90184141,3
52.36840881,4.89581466,5.9
52.37806571,4.8833032,7.2
52.38332702,4.89086618,2.4
52.3629435,4.88983033,4.8
52.37044323,4.89224893,3.9
52.37507968,4.87391769,5.9
52.36333651,4.88635002,4.7
52.36847665,4.89527695,9.4
52.38363004,4.88713419,3.1
52.37667844,4.91488462,5.6
52.36662487,4.89659287,9.6
52.37287674,4.89598815,12.3
52.38263574,4.90552999,1.7
52.37758017,4.91325456,3.2
52.36699658,4.90799798,1.6
52.36781728,4.87482454,2.7
52.37060774,4.8805257,4.8
52.3807307,4.89107689,6.8
52.37159561,4.87439999,2.7
52.36610958,4.87816717,3.9
52.38178875,4.8895558,3.5
52.37343997,4.88712614,3.9
52.38085514,4.88439613,8.9
52.3655094,4.90504185,3.5
52.36237247,4.90735483,2.8
52.37418049,4.91313036,3
52.37017532,4.90222854,7.1
52.36247901,4.89075173,2.1
52.36695848,4.91720109,0.6
52.36887466,4.91720021,6.6
52.38062957,4.88264417,7.4
52.37982861,4.8860102,12.5
52.37477106,4.90595863,4.1
52.36993854,4.91467662,6.1
52.37073133,4.87629381,3
52.37524193,4.89828267,13.8
52.3708536,4.87450769,1.9
52.37635032,4.89419432,5.4
52.36859184,4.87166689,4.8
52.37737113,4.87937702,7.3
52.37165126,4.90516067,8
52.37420126,4.91504212,5.3
52.36954152,4.89464002,11.5
52.36406445,4.90370234,5.7
52.37032143,4.88331847,11.4
52.38021493,4.89406958,4.2
52.36490933,4.8876231,14
52.35845927,4.88786502,9.1
52.36954481,4.88404712,6.7
52.3796494,4.89074813,14.4
52.35871884,4.88368935,1.3
52.37242447,4.88841471,6.2
52.37245101,4.88690315,14.3
52.38206672,4.89654971,0.4
52.36403361,4.91373414,2.1
52.38260303,4.89827805,1.7
52.36520519,4.90823056,10.2
52.37589267,4.88961393,9.6
52.37330074,4.88636403,6.1
52.36542398,4.90262782,1
52.35934585,4.88458557,2.5
52.3825567,4.89350848,6.4
52.38318055,4.89713265,1.6
52.36941114,4.91108652,3.4
52.3659387,4.88855795,10.4
52.37870707,4.88689637,8.3
52.38055208,4.90860251,3.4
52.36392006,4.87989554,11.3
52.36601498,4.90179443,3
52.3727352,4.91583579,4
52.36267573,4.88057125,0.2
52.36954896,4.88758737,5.6
52.37778888,4.91192489,3.2
52.35931847,4.90765092,2.4
52.36782411,4.90458545,3.1
52.36273506,4.89562671,6.5
52.36136397,4.88510918,6.9
52.36377575,4.91313598,0.6
52.38004394,4.8823141,3.9
52.36711226,4.91726338,1.7
52.36234288,4.88702287,3.8
52.37762826,4.89449409,9.8
52.3619129,4.90825569,3.2
52.36209053,4.91095019,2.5
52.36475428,4.90362518,2.6
52.3665133,4.91229659,3
52.36106898,4.896353,6.6
52.38238491,4.90446374,1.6
52.36770281,4.8732118,3.2
52.36242143,4.8985102,8.5
52.36684786,4.87816365,1.3
52.36478448,4.87485378,4.8
52.38315631,4.88641515,7.3
52.38076364,4.89246815,4.8
52.36684775,4.88357275,13.6
52.35958796,4.90092565,2.8
52.37558421,4.8843252,13.3
52.38185937,4.88850421,5.2
52.37946806,4.88362447,9.7
52.3645117,4.88807449,16.6
52.36229331,4.89862358,9.4
52.37812823,4.8968205,4.5
52.37466305,4.91345413,2.9
52.37569037,4.88280783,10.5
52.36398135,4.90402942,5.3
52.37749918,4.8860541,15.8
52.36120698,4.87671176,1.9
52.37345273,4.89742231,5.5
52.37206576,4.90297572,16.7
52.36189802,4.90392584,1.5
52.37439363,4.87878582,2.9
52.36782443,4.87314127,3.3
52.38115736,4.90114857,1.8
52.360424,4.89283318,7.1
52.3659645,4.89759032,3.7
52.36534404,4.91161717,5.3
52.36152074,4.8996851,8
52.35683989,4.88676712,1.3
52.378167,4.87714327,17.6
52.38368613,4.89257429,5
52.3574367,4.89173499,3
52.36574419,4.91214161,5.1
52.36181609,4.90695742,4.8
52.35908332,4.89685426,4.3
52.36496869,4.89910438,12.9
52.37548502,4.89624079,4.7
52.3606071,4.89567809,4.4
52.3658186,4.89747179,3.4
52.36090386,4.91214102,2.8
52.38166075,4.90420186,1.2
52.37930273,4.90756911,2.6
52.38305183,4.88458927,4
52.37335124,4.87701981,7.8
52.37121857,4.90258732,10.1
52.37538703,4.887471,10.8
52.36753708,4.89983876,2.9
52.3837747,4.889222,4.5
52.36318791,4.91006024,4.3
52.37806703,4.88624009,9.6
52.37279834,4.87992655,7.1
52.36274258,4.89700187,11.1
52.35925382,4.88291523,0.8
52.36408854,4.90953998,7.7
52.35999284,4.90294558,3.5
52.37458981,4.8775287,10.2
52.37494364,4.88809072,11.5
52.38186298,4.90046599,1.7
52.36749217,4.91286509,3.2
52.36827081,4.9022736,2.9
52.38183353,4.90126472,1.7
52.38067659,4.88720124,4.1
52.38051537,4.88809626,4
52.37036698,4.87351044,2.4
52.36828335,4.87973871,3.9
52.37309579,4.8781578,9
52.36418525,4.87724857,3.9
52.36295841,4.90017152,6
52.36765378,4.87874223,3.1
52.35846325,4.90098608,4
52.3787067,4.88178423,9.8
52.37449202,4.89818241,14
52.36887696,4.91464828,2.9
52.36140685,4.87913961,2.7
52.38067519,4.91029902,3.1
52.37830756,4.91003859,3.8
52.37995791,4.88162681,5.1
52.38340375,4.88773578,4.4
52.38141855,4.89017926,11.1
52.36674896,4.8894195,9.8
52.367657,4.87890737,3.8
52.37092973,4.91322835,3.9
52.38415123,4.895084,2.6
52.36448544,4.88386161,13.1
52.37227834,4.88957353,3.6
52.37933539,4.90549421,1.7
52.37485454,4.91356981,2.9
52.36470328,4.89908734,5.1
52.36542669,4.89147994,9.8
52.38043479,4.88548367,2.7
52.36828039,4.89601745,4.7
52.35905222,4.88559438,1.3
52.38158624,4.90389243,1.2
52.37698808,4.87594018,12.5
52.36772329,4.90117914,4.6
52.35712133,4.898546,2.4
52.3601147,4.87866751,3.9
52.36797061,4.91235628,6.1
52.38232446,4.89484597,4.6
52.36634523,4.91532662,5.3
52.3714556,4.89292467,1.5
52.36900516,4.87941743,6.5
52.37093826,4.89311414,4.7
52.36068204,4.87898874,4.1
52.36387622,4.87767005,7.6
52.37156777,4.91521463,3.9
52.36387204,4.91370951,1.1
52.37237859,4.88486565,9.3
52.36994503,4.8861447,12.1
52.36983001,4.89092885,11.2
52.37027072,4.91248311,4.4
52.35888617,4.90498212,5.1
52.36636839,4.90894864,4.3
52.36713911,4.90625914,1.2
52.36710959,4.88437964,7.9
52.36265546,4.90157781,5.5
52.36249818,4.91432927,3.3
52.3827113,4.89805097,1.7
52.37114667,4.8977607,14.4
52.37154507,4.91751098,6.2
52.38035416,4.89387305,5.6
52.38209638,4.88943624,3.8
52.37410855,4.89703949,15.6
52.36769825,4.88985522,8.8
52.36885307,4.90898913,2.2
52.36425588,4.90715328,5.9
52.36036713,4.90198999,9.7
52.36096792,4.88586401,3.9
52.37276473,4.9156596,3.3
52.36022063,4.89203627,6.4
52.37639046,4.89202342,11.8
52.36359569,4.90638618,2.1
52.36649709,4.91226116,2.9
52.36730021,4.90619125,2.9
52.37605217,4.91202881,1.9
52.37712006,4.8771378,4.6
52.36368366,4.88411329,14
52.37450498,4.90885352,2.1
52.36907854,4.915565,3.5
52.35741396,4.89566645,4.1
52.36653747,4.90644891,3.3
52.36107866,4.88708364,1.6
52.37484603,4.90638586,3.2
52.36816476,4.88958936,13.1
52.3802936,4.88787739,5.3
52.36018308,4.88620881,1.6
52.36876818,4.91191931,2.1
52.35676302,4.89676752,2.5
52.35853359,4.89175644,4.1
52.35820729,4.89957425,3.4
52.36242297,4.90326444,3.6
52.36584668,4.8918868,8.9
52.37051508,4.87428621,2.1
52.36092171,4.90417969,3.4
52.35914636,4.90141132,5.5
52.35902696,4.88867129,7.2
52.35996019,4.88678207,1.7
52.36210055,4.88848168,9.5
52.36323529,4.8984097,5.8
52.38249772,4.89472918,2
52.38158485,4.89773175,2.5
52.37828926,4.87897459,2.3
52.37310765,4.91694732,2.5
52.37290453,4.89257479,3.3
52.37252158,4.90668894,8.7
52.38197323,4.88599559,3.5
52.36000162,4.88767,3.7
52.36578839,4.89668165,7
52.35815172,4.90568948,5.3
52.36194484,4.89132595,1.9
52.37484738,4.90909012,1.9
52.37654748,4.91392305,1.2
52.37230966,4.87428493,4.6
52.38088829,4.90434564,1.4
52.35775645,4.89386396,11.5
52.36675354,4.88897934,3.1
52.36851804,4.91622852,6.2
52.3784763,4.90815542,2.9
52.37553302,4.90621865,2.3
52.35663823,4.89827311,2.6
52.36933443,4.8928361,7.8
52.37716166,4.90946084,5.8
52.36500526,4.8765778,6.5
52.36237355,4.88213491,1.2
52.37560435,4.88689043,13.4
52.37410447,4.88259589,8.3
52.36018488,4.8806728,2.6
52.38078128,4.88787865,4.2
52.38196898,4.90481209,1.5
52.37291356,4.91257129,2.3
52.35763911,4.90290367,4.1
52.3733,4.90985918,0.8
52.36871516,4.87473041,3.1
52.37626605,4.88797296,8.5
52.35798713,4.88917981,14.7
52.36580685,4.87479454,4.5
52.38123952,4.89188863,8.6
52.36596006,4.9129759,2.1
52.36027709,4.90826869,2.2
52.37940544,4.89114978,12.3
52.36466105,4.88233276,9.8
52.36377814,4.91287982,1.3
52.37832992,4.8940063,14
52.37025802,4.88097659,2.9
52.36655179,4.89698559,4.8
52.38282218,4.90046441,1.3
52.37626506,4.8926105,6.3
52.3684351,4.90890352,4.1
52.36182973,4.90360499,3.3
52.36386875,4.89965802,7.9
52.37985788,4.89389962,4
52.36927642,4.89152194,14.2
52.3635027,4.90680409,3.9
52.37121407,4.9148071,3.2
52.36877533,4.87992405,6.5
52.36084215,4.90054164,6.2
52.37149687,4.88712021,8.6
52.36214134,4.87975393,7.9
52.37090933,4.90047373,4.5
52.36624907,4.91189277,2.7
52.36140848,4.90390146,4.3
52.35657024,4.89942222,2.7
52.37561797,4.90784956,1.7
52.36511371,4.89990518,5.2
52.38008769,4.89727967,6.3
52.3645335,4.91201149,4.3
52.37969431,4.91114786,4.2
52.35689114,4.90134884,4.5
52.35874596,4.90317898,5.7
52.35669128,4.90266861,1.4
52.37856544,4.91168378,5.8
52.3770272,4.88299753,8.1
52.38099319,4.91065588,2.4
52.36498502,4.90303509,2.1
52.38347104,4.88689635,5.1
52.36036738,4.90995206,1.1
52.37582964,4.91176652,2
52.37540809,4.87580351,3.6
52.36467748,4.91205875,4.2
52.37066987,4.89116722,14.3
52.37179145,4.88327954,3.2
52.37841021,4.90770603,2.2
52.38276526,4.89530087,0.7
52.37474732,4.87406606,6.2
52.36027565,4.87848384,4.2
52.37784157,4.87703671,7.1
52.3667349,4.87725768,5.4
52.3667485,4.89319207,4.4
52.37420198,4.88786581,17.9
52.35939646,4.90219544,5.1
52.3612886,4.89250948,4
52.37343702,4.91403169,3.5
52.35918403,4.90033966,3.3
52.36484039,4.87947214,10.4
52.36701545,4.91109808,5.3
52.36499032,4.88259638,13.3
52.38078755,4.88620431,6.9
52.37183034,4.88864124,1.9
52.37737784,4.8931368,14.6
52.3603042,4.90116339,2.5
52.36981992,4.87825945,10.6
52.378372,4.90865048,3.1
52.37388384,4.88910391,10.5
52.36117159,4.90393422,3.7
52.37139166,4.90570006,12.2
52.38378877,4.89721066,1.8
52.36848846,4.91209056,5.4
52.37833905,4.88153499,5.5
52.35754775,4.90454863,2.3
52.37225023,4.90746315,10
52.36447846,4.90106087,4.6
52.37356871,4.90101098,9.7
52.37451174,4.87331862,2.1
52.36367983,4.88299592,3.1
52.3755263,4.9044649,3.5
52.3721078,4.87589504,1.9
52.36803854,4.8729458,3.3
52.36011109,4.88395833,2
52.36097357,4.88911253,8.4
52.37424764,4.88440681,3.5
52.37933328,4.88569505,9.8
52.36597356,4.90350754,3.8
52.36558603,4.89331643,8.6
52.37277874,4.89586039,13
52.37937542,4.89643889,8.1
52.3826643,4.89817325,1.7
52.36452076,4.87773657,5.8
52.36372562,4.90043699,8.1
52.38357969,4.90201327,1.3
52.36767235,4.90843832,4.4
52.36044903,4.89995516,4.4
52.37976329,4.90705104,2.6
52.37973344,4.88893336,8.1
52.36410634,4.87698857,4.1
52.35808626,4.88280474,0.6
52.38395673,4.89512279,2.2
52.36539582,4.88251324,11.8
52.36370736,4.91554823,3.4
52.36584291,4.9065907,5.2
52.36015938,4.90545408,2.8
52.35989355,4.8992257,2.2
52.36667469,4.90680467,0.8
52.36687794,4.87857179,1.1
52.36956008,4.87448207,2.5
52.36167746,4.88987433,8.8
52.37099784,4.88545114,5.5
52.35702119,4.8870208,1
52.36252411,4.88634177,5.9
52.36528721,4.89657128,7.9
52.35759538,4.89351764,5.6
52.36568856,4.88180106,10.6
52.37342367,4.90140471,7.7
52.36768951,4.89412408,3.6
52.36823671,4.89846884,7.4
52.35885051,4.89425032,10.8
52.36216618,4.9101459,1.6
52.36280959,4.87660066,3.6
52.36631111,4.90626913,5
52.35685785,4.88893856,2.4
52.36982648,4.87573583,2.5
52.37906472,4.91166744,6.6
52.36606009,4.87604024,2.8
52.36840503,4.9180443,5.3
52.38228474,4.89525902,2.6
52.37103213,4.87720822,5.4
52.37077507,4.90763652,9.4
52.38213639,4.90142534,1.7
52.3575873,4.90474058,5
52.36137441,4.8829879,5.3
52.37286782,4.87585465,2.9
52.3608062,4.89002775,7.1
52.35725578,4.90334806,4.7
52.3649416,4.91189176,4.2
52.37981929,4.89192387,12.5
52.38055101,4.88374273,10.5
52.36774169,4.91500141,0.9
52.37337393,4.87224177,5.2
52.37736569,4.91251946,5.7
52.36978302,4.91073838,3
52.3771556,4.89147856,11.6
52.37579379,4.90062185,14.9
52.37663359,4.87652367,2.1
52.36217713,4.90042874,11.6
52.36089132,4.88077291,8.7
52.37678148,4.89983902,3
52.37829682,4.90495709,1.2
52.38178458,4.90477776,1.6
52.3795043,4.88063768,4.4
52.3630552,4.90026876,4.2
52.37687292,4.89378196,9.4
52.36783074,4.90734651,1.5
52.38027854,4.90342881,1.6
52.37229045,4.88988179,8.4
52.36612324,4.88454603,7.5
52.3818258,4.88431814,6.8
52.36763835,4.91360957,3.2
52.36300315,4.89861418,3.5
52.36331351,4.87889984,4.1
52.36460659,4.89649329,9.3
52.35833632,4.89127597,3.2
52.3794646,4.90987629,3.9
52.35818289,4.88574513,2.1
52.36558717,4.89622722,8.8
52.38014299,4.90005684,2.9
52.37284499,4.88666517,12.3
52.37552323,4.88733796,9.8
52.35663343,4.89175937,10.6
52.38048169,4.87904735,4.5
52.37118875,4.87451014,3.4
52.37550485,4.89369012,10
52.37821817,4.88551286,6.5
52.3808265,4.88399683,10
52.35698513,4.88620231,0.7
52.37082758,4.87508119,3.3
52.36485609,4.88843117,7.5
52.37269517,4.90900021,4.1
52.37837417,4.88629579,6.7
52.36578183,4.91327015,1
52.36370974,4.90334794,2.2
52.36954404,4.90629629,4.2
52.37136707,4.8805784,6.5
52.37232848,4.87479756,6.6
52.37029662,4.91316238,5.4
52.36391919,4.90561306,3.4
52.37535382,4.88025774,8.2
52.37218507,4.88069774,11.6
52.35781447,4.90158844,8
52.38297047,4.90288271,4.6
52.36050919,4.88773027,1.4
52.36269187,4.9061147,5.9
52.37353068,4.87598486,4.8
52.37339758,4.88106789,4.5
52.37372073,4.87841093,5.1
52.38301251,4.90317089,5.4
52.37481403,4.87814441,7.7
52.36330337,4.88501949,11
52.36612205,4.8929247,12.4
52.37296643,4.88243743,5.8
52.36751284,4.88877976,17
52.37651831,4.88615429,11.7
52.37382743,4.91576697,3.1
52.36279114,4.90873613,3.1
52.37108221,4.90041442,5.5
52.37860841,4.87858413,4.7
52.37008955,4.90221655,7.3
52.3665921,4.88324324,8.4
52.37063333,4.89168561,14.5
52.36380715,4.91383641,1.9
52.37903514,4.89895878,3.7
52.37725107,4.89319544,15.2
52.35757593,4.90122048,11.6
52.37624308,4.89732065,1.7
52.36309823,4.90248327,3.3
52.36246263,4.89150929,6.5
52.36095039,4.89224589,6.1
52.36865017,4.87406048,4.7
52.38072862,4.88667364,3.1
52.37312547,4.88085925,2.4
52.36978045,4.89059616,9.7
52.35794569,4.89183934,3.3
52.37007203,4.88974523,8.9
52.35822927,4.900461,4.6
52.37532891,4.88070509,10.1
52.36383472,4.90712773,11.5
52.36811049,4.8789929,1.8
52.37242582,4.88360118,14
52.37032695,4.89169029,15.1
52.35703588,4.88557147,4.8
