Latitude,Longitude
37.99001155,23.78898731
37.95944135,23.76138809
37.94711712,23.66746429
38.03216394,23.70542958
37.96090657,23.812009
37.95232463,23.77382516
37.91915136,23.73939164
37.97659474,23.64281982
37.96315451,23.76431546
37.9866689,23.65633589
38.03596242,23.78587486
37.96636112,23.67479963
37.95431462,23.68355462
38.00323289,23.67014789
38.05271185,23.71008645
38.00126172,23.80454821
37.93047953,23.78785703
38.0406707,23.77143256
37.93870974,23.79007805
37.95964475,23.68006098
38.03872835,23.68307252
37.94730232,23.74064493
37.95853616,23.74154498
38.00923912,23.64439346
37.9477915,23.78236599
37.93961538,23.77582358
37.9817818,23.67465791
37.93768837,23.6968593
38.00713315,23.74045657
38.00960812,23.69161425
37.994573,23.74511889
37.99370785,23.66399623
38.02256366,23.80414243
37.97195746,23.7574272
37.9355307,23.66324799
38.03362873,23.66829009
38.0143831,23.68943123
38.04401566,23.72497549
38.01287647,23.71727827
37.99808168,23.77685766
38.01506443,23.78056441
37.97816929,23.65533654
38.01851649,23.71477925
38.04234981,23.74563466
37.97255898,23.70383679
37.97794947,23.68116244
37.94445024,23.73001219
38.00253354,23.80027036
37.99683092,23.64554983
38.01825391,23.78973955
37.94784063,23.69528098
37.98135596,23.65872805
38.00231199,23.76254197
37.93895313,23.79807135
38.05009125,23.75265667
37.99655013,23.79452722
38.04618285,23.71570963
37.93578953,23.78351518
37.97522888,23.76754274
38.0542709,23.74567236
38.01698212,23.75673527
37.93118198,23.71543965
37.94956035,23.78673102
37.94243872,23.68009542
38.02649449,23.65531079
37.95180746,23.68700187
37.96331353,23.75778578
37.98787832,23.74157206
37.94253082,23.73036481
38.03973523,23.68521372
37.96728401,23.68720451
37.9291411,23.71586684
37.99937433,23.79723416
37.95518092,23.70457911
37.97255517,23.70791403
38.0506216,23.74268688
38.0513866,23.71652986
37.9290039,23.77199862
37.98812322,23.77244633
37.99179936,23.69091944
37.95088858,23.78944419
37.97872035,23.7608192
38.00186345,23.6833174
38.00838113,23.76190142
37.91365916,23.72439814
38.03035427,23.70513982
37.97009344,23.78740279
38.04234565,23.75595491
37.95131481,23.80618857
37.9853493,23.78202519
37.95890058,23.73819401
37.93135313,23.7003464
37.9757495,23.81471377
38.01926766,23.69042578
37.94994006,23.66173292
38.04470991,23.71862958
37.99723587,23.78606588
38.04815833,23.69560452
38.02392888,23.72324784
38.02393191,23.68338726
37.97553953,23.7359842
37.98508758,23.78905845
37.97430428,23.71647557
38.02953044,23.77620161
37.98890062,23.64343938
37.92051826,23.68824805
37.91449442,23.73780144
37.98042186,23.79364554
37.9823489,23.66662421
37.93709705,23.73719859
37.97392368,23.65761672
37.9542774,23.71651581
37.99625914,23.72336243
37.94553143,23.74050728
37.97495137,23.65767712
37.99929476,23.69199224
37.92002981,23.73475394
37.96103351,23.69829325
38.04251474,23.71963782
37.99909096,23.75126016
37.98386099,23.67077112
37.97544835,23.75215036
37.93548035,23.66708383
38.03368543,23.71143361
37.98774508,23.71939155
37.94504915,23.74339434
37.99365909,23.80351361
37.99862831,23.81482487
38.0445833,23.7235722
37.98462605,23.64335679
38.0117464,23.6747452
37.99365768,23.74435449
37.99641941,23.64076892
38.03378945,23.68795399
37.99153154,23.7556544
38.03958611,23.73655798
37.96561996,23.70055807
37.93845243,23.72752999
37.99783628,23.65914714
38.00952704,23.79366694
37.9924998,23.67481024
37.93827915,23.77737971
37.93393879,23.66927121
38.02272245,23.65622823
37.96673438,23.66602629
37.92012124,23.7524339
38.00739914,23.74770352
37.94352787,23.70320219
37.99757292,23.64821863
38.00414207,23.64962594
37.97707846,23.65211328
37.95685369,23.66205617
37.99838941,23.68821414
37.98135724,23.70606736
38.01138161,23.72473907
37.93914236,23.77747759
38.03559531,23.72798606
37.96365451,23.73286696
38.04929035,23.69150868
37.99048149,23.76547359
37.95075824,23.75969902
38.00578951,23.79842949
38.01514799,23.65039893
37.98208697,23.82004405
38.00104661,23.6844532
37.94696994,23.76593968
38.0374371,23.72452722
38.0314251,23.76030843
37.92760829,23.75012281
38.0243411,23.72346125
37.96721499,23.69767247
37.99172505,23.69562814
38.05411058,23.71533793
38.01734204,23.6962225
37.93475958,23.77862949
37.97149641,23.80978827
38.00625825,23.80333506
37.92694255,23.69123881
38.01213756,23.81206852
38.04753278,23.73523042
37.97836616,23.72556451
37.96875935,23.75432488
38.00350701,23.66576302
37.94259532,23.6880388
37.95643935,23.66373734
37.93834518,23.67724778
37.98000693,23.70118224
38.00461338,23.70467751
37.94765687,23.72245271
38.01113409,23.72621022
37.97724323,23.78936388
38.0524012,23.72721479
38.00643559,23.7720795
37.98220182,23.71909752
38.01395017,23.74361449
38.02805719,23.68316909
37.9459623,23.76555635
38.03043321,23.66073796
38.00225291,23.69300657
37.98769018,23.71556188
37.95350871,23.72460825
37.99512596,23.81462537
37.94734715,23.76552177
37.98816906,23.77212734
38.01645514,23.6797259
38.02716751,23.77194686
37.94903922,23.77387295
37.93383447,23.77679731
37.97042436,23.68568181
37.96355321,23.72390297
38.03716287,23.67840954
37.96385088,23.72478198
37.98780949,23.74108522
37.94563027,23.78340148
37.95890352,23.68003511
37.9920768,23.75203013
38.01913167,23.8056734
38.01126417,23.79228992
37.97681695,23.64738466
37.97334322,23.81791575
38.00223495,23.68317716
37.97912884,23.79991342
37.97689265,23.81340714
37.99273387,23.78298898
37.96433027,23.75588909
37.95134313,23.79920867
37.98648095,23.80500381
37.96883196,23.7019741
38.00943527,23.75258174
37.94181913,23.79051712
37.99779336,23.65875976
38.0442459,23.75313279
37.95481503,23.72983265
38.01304608,23.74253605
37.97265996,23.78939476
38.01473774,23.67956912
38.00119975,23.64649792
37.95503791,23.79389753
38.02501193,23.66703751
37.95035245,23.75554302
37.99797407,23.66634009
37.92207952,23.6910931
37.93090386,23.72369985
37.94494009,23.65768218
37.96981179,23.74898414
37.98913008,23.73010799
38.02556447,23.73818935
37.96708553,23.73941801
38.04061483,23.77673657
38.04118014,23.70343339
37.93819351,23.7980114
37.94592781,23.72554529
37.95830069,23.68803032
37.93116629,23.71062987
37.9221066,23.7163267
37.98651431,23.72219981
37.9547354,23.7171018
38.02832524,23.67662693
37.93942142,23.72412973
37.97641572,23.67264789
37.9506539,23.72359531
37.94179093,23.71206476
37.99247572,23.7732999
38.05092063,23.74668596
37.96646125,23.6768917
37.99821465,23.75443154
37.95554348,23.71850305
37.93713319,23.77183121
37.9542012,23.7673519
37.96421346,23.6966029
37.9272299,23.71443802
37.98223525,23.81961333
38.01077281,23.79918254
38.01890085,23.78063811
37.94768925,23.71373155
38.01146492,23.73879838
37.92772072,23.77095584
37.93233054,23.75205053
38.00024871,23.7689023
38.03682332,23.75304431
38.03647611,23.77813045
37.96218746,23.75455993
37.99626803,23.74885741
38.03752572,23.78660347
38.02741073,23.70281901
37.9965972,23.81501022
37.98013475,23.74318153
37.9287903,23.75818509
38.03589795,23.77905828
38.05584406,23.72742537
37.95287497,23.79237356
37.98068988,23.66680829
37.92987342,23.72715387
37.96653135,23.72355286
37.98655884,23.76583528
37.98151059,23.7683061
38.0210402,23.80731328
38.00454717,23.69785802
38.00600497,23.66810987
37.96739786,23.8061437
38.05015533,23.70359524
38.04004088,23.71604065
37.93923101,23.68634866
37.96841407,23.70097255
38.00066266,23.81388869
38.01814517,23.65914752
37.98104971,23.76288768
38.05390868,23.7138838
38.03747508,23.76072573
38.04902547,23.71231429
37.97644342,23.81344571
38.03830578,23.71335529
37.9485223,23.66840892
38.01506319,23.68636656
37.9692833,23.78591235
37.939098,23.79399914
37.97426026,23.77365693
37.96267276,23.73732726
37.94636532,23.75256555
38.04448257,23.70778306
38.02923458,23.78241682
38.00498453,23.71592499
37.92006353,23.73444329
37.96259668,23.73303315
38.02730534,23.77982608
38.0377525,23.70793983
37.98608582,23.64450419
37.94999082,23.76198175
37.99948554,23.79231821
37.98494889,23.76221608
37.99867843,23.65279256
38.01096619,23.79733992
38.03107565,23.75495395
38.0489035,23.74170087
37.91960571,23.75165849
38.01344969,23.7489918
38.01181207,23.65403078
37.94128422,23.67761004
37.93212948,23.73587677
37.92641599,23.68201521
37.96443003,23.81404584
37.91534228,23.70164897
38.0167968,23.69984272
37.92203513,23.74436292
38.03513104,23.67353639
37.9808179,23.68598996
37.93855351,23.74910573
37.94281243,23.78421678
38.00769521,23.79114682
38.00135459,23.76671842
38.01355417,23.67845761
37.97756231,23.68209743
37.98612786,23.75767622
37.95900453,23.78826309
38.02495123,23.72805354
37.99394796,23.71681519
37.99730963,23.74815124
37.97437825,23.80475828
38.01091412,23.64947607
37.93712244,23.72199944
37.93826765,23.70568664
38.03302491,23.69669662
38.03352067,23.75755987
38.02126321,23.68764733
38.04402592,23.71882701
37.95743412,23.70592481
37.99647503,23.69127163
37.94514714,23.69075678
37.94158109,23.76617253
38.01055152,23.727427
37.96856147,23.64656802
37.97508351,23.761727
38.01046564,23.81086201
38.00238829,23.77203365
37.95981005,23.65694085
38.03093594,23.66381625
38.02813073,23.66240812
37.95492281,23.67127796
37.9860109,23.71420178
37.95619412,23.77810367
38.00833066,23.70473472
37.9818812,23.76706433
37.95824625,23.7884857
37.9695563,23.78367003
38.00217105,23.66516933
37.91730627,23.73551116
37.97486097,23.75760002
38.02807159,23.73886075
38.02523574,23.73255588
37.92919977,23.77906874
37.97719984,23.73386182
38.05122379,23.7273078
38.01721929,23.70993099
37.97014475,23.73216977
38.03446423,23.75170965
37.92687616,23.71628603
38.04274334,23.74365829
37.97111978,23.72734386
37.97250462,23.65773363
37.95801302,23.80511142
37.95288586,23.68866572
38.03508247,23.71482226
37.97524049,23.80468946
38.00910124,23.70580179
37.99886029,23.64718322
38.0351245,23.71703821
37.98155323,23.6772908
38.00642093,23.72190301
37.94891623,23.72115651
37.9834298,23.73630205
37.98175963,23.69232861
37.94174989,23.78119756
37.98566913,23.76719818
38.04672597,23.70557764
37.9872799,23.67566642
37.9571721,23.76284318
37.9504069,23.65606232
38.00810385,23.79288553
37.97814955,23.66486005
37.99518461,23.77499658
37.9698835,23.78858458
37.95687315,23.7887617
37.95965999,23.67184671
37.98257401,23.7125424
38.01210441,23.73653772
38.02096552,23.66108769
38.04987946,23.70626796
37.93191874,23.78387738
37.96140801,23.65800716
37.95078246,23.80285856
37.97186388,23.71932906
37.96561402,23.73538716
37.97239909,23.65765123
37.95329706,23.69154596
37.97721432,23.68477119
37.96238873,23.69762456
37.96747818,23.65414756
37.95162905,23.67862586
37.94729751,23.72355253
37.96587804,23.76429536
37.96631721,23.71719454
37.96642199,23.79175424
38.01681653,23.7553453
37.92670481,23.71427784
38.0184132,23.79927233
37.97236513,23.69779289
38.00811524,23.70914391
37.97498957,23.73901128
37.93878456,23.78860473
38.03820015,23.73939623
37.9338764,23.69403508
37.97664292,23.76516796
37.97551068,23.7454791
38.01026504,23.66059554
38.00457899,23.71463364
38.04044802,23.70733481
38.00254761,23.75736633
38.05155664,23.69995025
37.98739791,23.64537962
37.97163385,23.81476559
37.98148073,23.81401523
37.99708622,23.73995752
37.99132711,23.67201982
37.9616199,23.68734265
37.94768611,23.72002629
38.02220017,23.74644194
38.02852537,23.6605567
37.94039319,23.72966362
37.99313,23.67037681
37.92144176,23.74766149
37.97881626,23.6903807
37.97791508,23.64274093
38.02083497,23.73860003
37.96270804,23.73338102
37.98709621,23.81659187
37.97898567,23.8067237
37.95774042,23.65290969
38.01581972,23.68752189
37.97084019,23.6610261
37.98120614,23.76494346
37.95148,23.80891244
37.94039927,23.74345167
37.96111045,23.7825134
38.01072997,23.73406094
37.98865146,23.74569966
37.97086986,23.68158116
38.0154335,23.79115683
38.03525817,23.78570525
37.96061159,23.80273782
38.05343695,23.74792534
37.93865979,23.67018854
38.02896018,23.78391163
38.00536503,23.70101783
37.99557562,23.78343843
37.94492302,23.78909231
37.92049763,23.7316367
37.95419779,23.71856854
37.96011672,23.77637203
38.03030864,23.68601686
38.01178874,23.75007489
38.02784195,23.68947712
38.02049938,23.68472163
37.93244894,23.68607307
37.97311702,23.74090168
37.94853078,23.71613641
37.95579971,23.64596237
37.93048622,23.78361328
38.01375531,23.68206383
37.92954058,23.78298982
37.99988477,23.67298774
38.00617876,23.75803271
37.98002561,23.6738095
37.93413582,23.67878554
37.9307625,23.74957629
37.99146596,23.71381788
37.98900227,23.75189834
37.98980868,23.81566638
37.931619,23.67420715
37.97140985,23.64506509
37.95517454,23.74596023
38.01467997,23.78561981
37.97065261,23.69530311
37.98550158,23.80193083
38.04563155,23.72606229
38.00214189,23.80811804
37.94449245,23.69202225
38.01517832,23.75042025
37.98343231,23.73265879
37.95861529,23.71414496
38.00080223,23.70094242
38.04425529,23.70178619
37.95410661,23.76698734
38.05089781,23.74385399
37.92151878,23.68517223
38.03103789,23.7171104
37.94935578,23.78834156
37.95533536,23.75467014
37.93900546,23.76349962
38.04516613,23.74669811
37.91606348,23.72802167
37.91624806,23.74767199
37.99280434,23.72741201
37.9452273,23.7171457
37.95465146,23.74464427
37.94168886,23.72259902
37.92464904,23.76877416
37.95031044,23.77529527
38.01021993,23.70440549
37.94531544,23.74925973
37.97708509,23.79301983
38.02961295,23.77903954
37.94432375,23.72141409
37.99019455,23.73971566
37.96774865,23.74999472
38.00927599,23.75515424
37.98547246,23.65543571
37.92981579,23.72994724
38.02240133,23.68088412
38.01882936,23.77343781
38.00184305,23.64582685
38.02297073,23.73121411
38.01288534,23.67250875
37.9806225,23.70794694
37.9708979,23.67930907
38.03868677,23.7409489
37.94666489,23.74622372
37.96231777,23.6948661
37.99946278,23.72631747
37.92313019,23.71472713
38.01012093,23.77348417
37.9410028,23.72276997
37.97192821,23.70809658
37.98641839,23.75954588
38.04956184,23.76432137
37.91817635,23.70808737
38.02361241,23.75168246
37.99947353,23.80388418
38.01775548,23.73823985
37.92549823,23.76945849
38.01934765,23.74362006
37.9347168,23.78775478
38.05474977,23.71775786
38.01277967,23.74910397
38.02930586,23.72712002
37.94436744,23.65777942
38.00032167,23.68026993
37.93821595,23.78149153
38.0403712,23.74808521
37.98962289,23.6843235
38.0399245,23.69015134
38.040277,23.69851656
38.03964466,23.72900773
37.98157776,23.80423827
37.93421148,23.72456508
37.9803317,23.66721764
37.99420913,23.77347158
37.94354222,23.69467528
38.02285753,23.76006977
37.95252722,23.77665051
38.02639352,23.78214976
38.04782949,23.71464011
37.94669153,23.73319361
37.97183521,23.80400035
37.96992037,23.76669007
37.92399909,23.7414474
37.96955197,23.78980548
37.91950347,23.72538239
37.98926272,23.75529101
38.02813975,23.6684313
37.94124579,23.68312348
37.98541951,23.77723833
37.92027338,23.73489893
37.94364175,23.74942269
37.94637367,23.79573728
38.0100809,23.70498136
37.937332,23.72022557
38.04514861,23.71633328
37.97180477,23.77565113
37.92848086,23.71881915
37.96488224,23.78230106
38.00812969,23.64702453
37.99889611,23.80598336
37.93528227,23.7950688
37.93762046,23.75941561
37.97931125,23.75638543
38.00708506,23.64310579
38.03988706,23.70492765
37.97945001,23.76184088
37.96655738,23.64562471
37.97020868,23.77722302
37.99410044,23.73536243
38.03129502,23.74861486
37.9885019,23.7374174
37.93404969,23.7385897
37.98921003,23.7495285
38.00166067,23.74515326
37.99025414,23.80248609
37.9270444,23.73030265
38.03189032,23.74621961
37.96907372,23.68275395
37.96478257,23.80230489
37.94206613,23.70772424
38.03487441,23.73467851
38.01956671,23.67984952
38.03850855,23.77467701
38.03731103,23.77246236
37.94993022,23.65115744
37.92686352,23.77859792
37.94524853,23.72604804
37.93514323,23.76352192
37.99730948,23.80184324
37.97877924,23.79914813
37.980917,23.71254622
37.9611754,23.68515599
37.93648657,23.78617154
37.9190501,23.70868638
37.97749712,23.71374596
37.99795828,23.66980363
37.96035632,23.73365677
37.98482083,23.75572173
38.01851372,23.69046559
38.00900553,23.70256273
37.93413339,23.7222157
37.94880688,23.7410412
37.98076105,23.69301204
37.97491504,23.70290254
38.00025641,23.72360598
38.03815214,23.75083393
37.98279403,23.74373219
38.00674172,23.75314005
38.01575536,23.79176912
38.02493099,23.73571582
37.94069972,23.72363582
37.95844678,23.72728674
38.02972293,23.78655768
38.00209053,23.65010783
38.03175546,23.74243244
38.01784915,23.6722405
37.98669858,23.769427
37.98274871,23.75261044
37.98613852,23.81390262
38.0001926,23.71956634
38.00364856,23.70773298
37.95937965,23.77614754
38.00984154,23.80211416
37.9947187,23.76292165
37.97448386,23.76551374
38.01678317,23.76280064
38.05495415,23.72526814
37.94999296,23.76672644
37.99841649,23.68231996
38.03442665,23.77531643
37.98353452,23.70039153
37.95132884,23.75174315
37.91827859,23.72899573
37.96320146,23.68887442
37.98094925,23.70970545
38.01765079,23.76462053
37.99107604,23.69235488
37.97982023,23.68827742
37.9801316,23.68202782
37.99732188,23.76927177
38.04900174,23.74959557
38.01071441,23.68104968
37.96943331,23.67925704
38.01194424,23.75590007
37.98293515,23.72482604
37.99486285,23.6443601
37.98487818,23.67720367
38.01669231,23.77295385
37.97936958,23.80705023
37.9665262,23.79615939
38.03362881,23.79252524
37.96379409,23.81490446
37.98028017,23.77797191
37.92398187,23.7359697
38.00412353,23.7311902
38.00769769,23.75531357
37.94516751,23.71858394
38.01676536,23.73861159
37.93194003,23.78924508
37.95112119,23.80769907
37.91600791,23.7366174
37.91476334,23.74424152
38.02582452,23.7570065
38.0123271,23.79595474
37.98885906,23.76213505
38.00927312,23.64903054
38.00389441,23.75576934
37.94726204,23.74335643
38.04941612,23.70563865
37.95739307,23.70320728
37.93841428,23.70073733
37.91813358,23.72579728
38.01430765,23.80228978
37.95086463,23.67140275
37.93542396,23.71369428
37.98776391,23.69623317
37.99247306,23.66208793
37.98967338,23.75702058
37.95063911,23.65622584
37.92268025,23.73682492
37.98648227,23.64342794
37.95916115,23.76223759
37.91362876,23.71513284
37.97185557,23.75536617
38.01763617,23.76384998
38.03463231,23.73777264
37.95064554,23.65073433
37.95555327,23.67291873
37.96207272,23.72200073
37.97810919,23.67934784
37.97861379,23.76835215
38.0270787,23.77547661
37.95343623,23.67986544
38.01063217,23.80490954
37.97666796,23.66275981
37.96815317,23.65303464
38.01923145,23.66208851
38.01126151,23.81399387
38.0288652,23.73168641
38.00773385,23.79424318
37.98871048,23.79346436
38.00227004,23.73778998
37.91945076,23.76194951
38.01559989,23.80623148
38.00894439,23.80143796
37.98638553,23.78049277
37.9300711,23.70750247
38.03828746,23.77654728
38.03250248,23.7766814
37.92503554,23.77348719
37.92961181,23.69541863
37.93603956,23.68844888
38.03376532,23.72162207
38.02363586,23.72258587
37.97107,23.65523211
38.03212378,23.74463648
37.93800243,23.73775213
37.9828859,23.7085106
37.92387741,23.72380456
37.9645767,23.77514471
37.98556315,23.76461484
37.94891304,23.68974628
37.94365874,23.67363401
38.03432482,23.7134599
38.04814512,23.69465024
37.97704969,23.74441138
38.03738151,23.7901212
38.0033769,23.81586408
37.98413643,23.68295182
38.0538023,23.71947106
37.99958545,23.67595405
38.00429438,23.72446482
37.99824939,23.65149836
37.94660287,23.71188105
38.02958948,23.70972882
38.04129613,23.70038944
37.99882002,23.67396743
37.96397015,23.68181156
37.97457018,23.69940411
37.98912926,23.72589222
37.95324089,23.75944168
37.95726606,23.74766952
37.993729,23.66433701
38.04669692,23.70063502
37.95762647,23.75961965
37.99352197,23.81890666
37.93756254,23.77920624
37.97586427,23.6539596
37.99795584,23.77721159
37.98296468,23.75999102
37.95054058,23.75940345
37.96403581,23.76685445
38.04030645,23.76704696
37.96171707,23.71666137
38.01103577,23.79515367
37.95716385,23.66237334
37.98238557,23.74888666
37.97006844,23.68336737
37.99843205,23.69452195
37.98765086,23.7974889
37.94112846,23.70495131
37.96782043,23.81652639
38.01176266,23.69376916
37.92577319,23.77743462
37.95270051,23.66183616
37.9807142,23.78239069
38.03329098,23.77653075
38.04385564,23.76666419
37.94077889,23.69607069
37.97365897,23.66648525
37.96051672,23.7337821
37.97314895,23.77813643
38.03580386,23.75439717
38.01527475,23.69252019
37.98930909,23.67641378
38.0138398,23.69579594
37.96431253,23.76722775
37.92717556,23.75785814
38.03330653,23.75193726
37.97518366,23.73998905
38.00501818,23.68393625
38.01587842,23.78365323
37.97331688,23.78563401
37.98120997,23.66278881
37.98794704,23.72521901
37.94320789,23.71209344
37.9970131,23.75635315
37.99854323,23.64857035
37.95182754,23.66280222
37.97126204,23.66506063
37.9542034,23.73564157
38.00555559,23.74891509
38.00578192,23.77006046
37.97960252,23.78370366
37.94098973,23.7020273
37.9719422,23.7367605
38.04145549,23.67751235
37.96011305,23.67369993
37.98877068,23.71887162
37.94608916,23.65781284
38.05553127,23.74184488
37.9265122,23.69549362
37.97871162,23.67094088
38.01692004,23.69338727
37.93398027,23.6768252
37.97417003,23.68745807
38.04864584,23.74998239
37.93364524,23.78591374
37.9572279,23.78367009
37.93287977,23.69586203
37.97124739,23.65010823
38.00537398,23.75665438
37.98613585,23.77435347
37.97868486,23.80517761
37.99537417,23.71318347
37.95521857,23.65218894
37.96420577,23.72871642
38.00718837,23.76395537
37.91994015,23.70948761
37.94535819,23.69047062
37.91560389,23.74020072
38.00545502,23.76967427
37.98533317,23.81547217
37.9492123,23.75653052
37.96439867,23.80626135
38.04291192,23.67859889
38.01260066,23.67595158
37.96769811,23.77583258
38.0276774,23.76835774
37.9826205,23.81568735
37.99760593,23.77740434
38.01409938,23.68234306
38.03153432,23.73860072
37.99828627,23.76868178
37.95141382,23.64939296
38.01320086,23.80100296
37.92970197,23.69057239
37.96119018,23.81270132
37.96957178,23.65213278
37.91478849,23.70344718
38.01526222,23.81053331
37.92611175,23.77411635
38.04768085,23.70105228
38.00990206,23.72902884
38.03471708,23.68197457
37.93647541,23.74648818
38.04447121,23.71899648
38.0244545,23.75677281
38.01820028,23.7357062
37.96474157,23.74157188
37.99787555,23.70400289
37.99316586,23.75612301
38.004842,23.64197705
37.97052631,23.74946804
38.04425988,23.69109716
37.95819702,23.69783971
38.04785728,23.7339124
37.96805674,23.72386893
37.99467165,23.67554039
37.97936883,23.64532672
38.018623,23.66373876
37.97833928,23.74061187
38.01037418,23.80255614
38.01055964,23.78812883
37.97995517,23.75657384
38.05148185,23.72295612
37.98618866,23.78116863
38.00913382,23.65459543
38.00168732,23.69992987
38.02816637,23.72900506
37.97758222,23.6528865
37.9318233,23.75307745
38.04374096,23.74988148
37.94908766,23.77928836
37.99536477,23.7088605
37.9477964,23.65607925
37.9821003,23.69670453
38.00679414,23.71379169
37.96628077,23.66480513
37.93626432,23.72847315
37.99497972,23.68276606
37.97338537,23.67622391
37.96044464,23.73460073
37.93911357,23.68394866
37.97316026,23.6422876
38.00832354,23.74656776
37.95106462,23.77577403
37.98836106,23.68407612
38.0086494,23.79427758
38.04317756,23.73009665
38.03712765,23.70241325
38.006954,23.77140848
38.04936391,23.70803752
37.97031775,23.80556035
38.02257579,23.66574013
37.95128668,23.70069691
37.98817374,23.79217785
38.0204815,23.66686082
37.98835825,23.71377395
37.93562523,23.67302365
37.99127171,23.76025588
37.94255399,23.6884351
38.03960277,23.73631651
37.98777994,23.76141201
38.02508128,23.74393491
37.97949006,23.76073287
38.03062924,23.77936959
38.00913686,23.69212621
37.99746854,23.71034028
37.9430342,23.68885531
37.93234239,23.71135075
37.96574428,23.76277966
37.94618438,23.66399161
37.92552221,23.76434655
37.9365893,23.7456588
38.0058591,23.74540246
37.97907774,23.81635865
38.00492579,23.80505911
37.94064538,23.68997936
37.99726526,23.71626504
37.9494113,23.80401527
38.00808804,23.69184982
38.00543827,23.80096952
37.93584306,23.70373553
37.99864209,23.73260916
37.94495546,23.68724397
37.950358,23.67100356
37.99388484,23.64974859
38.01244716,23.71283892
37.96062567,23.73073048
38.02594408,23.68431437
37.96213164,23.74569834
37.97699714,23.79268819
37.9139162,23.72387559
37.9960014,23.71707992
37.98813389,23.68319501
37.9652627,23.71755476
38.01638214,23.68784554
38.4789029,22.76203267
39.42509631,23.66865147
38.01512707,24.9965896
37.95867768,25.25347016
37.70322942,25.00964789
36.86143453,24.3551577
39.04525346,24.2447021
39.13265218,23.1978126
39.00599752,24.47905787
36.7324467,24.39541326
37.42276528,24.52528021
37.3221184,24.91250388
37.68796046,25.19037153
36.80648032,23.0173589
38.01033576,21.90504864
36.80349709,24.15692628
38.00487596,23.88146614
38.60308819,24.7089596
37.91681927,22.90870342
37.8155018,24.12518308
38.19938315,23.86045547
37.83543604,25.06186087
38.59739572,24.60931043
38.15155958,22.69242292
39.16519003,22.85407097
37.84138227,23.27470739
38.01896809,25.35071536
37.21761827,23.24456889
37.38467201,23.05775633
37.73041709,23.54471155
37.330039,23.93313348
37.30632142,22.40837561
37.10091469,24.33656107
37.18704349,23.50160968
36.8549475,23.39474005
39.19718812,22.82412491
37.10939016,25.18294089
38.96464991,24.37499279
38.91524427,22.40619598
38.57984367,25.12191091
38.02801675,25.44353481
37.35605637,22.49110388
38.01116223,24.36214431
37.17093026,22.76497506
39.25089124,23.46486446
37.80628895,23.92105321
37.2569184,25.14644411
37.80321404,22.17831062
38.31088208,25.41438582
37.81220756,22.40312297
38.5227927,24.61291797
37.68810275,22.05921029
37.19155111,24.13921614
36.78718757,23.39663346
38.41580084,23.81737684
38.16441524,24.81374519
37.94018367,22.95258368
37.18993643,23.34841576
36.66415751,23.20535855
38.03046616,23.55287303
37.75299783,25.44202546
37.04040614,23.01472654
38.19323496,25.49028264
39.09509251,22.82730972
37.77123435,24.27805765
38.22836889,24.27879848
39.32742337,23.31248201
38.6546186,24.64818336
38.94820142,24.44236358
37.8059806,23.70103445
38.29474116,24.77524749
37.39942782,24.39091467
38.80471475,25.14107147
38.24984053,23.3967979
37.74888324,25.13233479
37.16489995,22.93773393
38.69515041,25.26101314
38.99307748,22.67968461
37.90956049,25.02139651
38.87582133,22.34596393
37.28628359,24.09944848
38.44642842,23.28805157
38.12964298,24.301358
38.08204684,24.68706614
37.9893019,24.40932784
37.85922927,22.55636313
37.04669435,24.14979666
38.7261679,22.57565668
37.63916594,23.31623017
38.47754826,22.88944202
38.11675733,24.16619887
36.99534425,24.05441534
37.87342304,23.1309253
38.31089555,24.75670111
37.75844141,22.09754109
38.18770098,22.87230614
37.17751088,23.18161995
38.36943079,23.07319528
38.12722693,22.35583768
37.12679284,23.06881722
39.01736619,24.7638681
38.68433667,24.22673892
37.91888344,23.34910518
38.832254,24.16039832
38.24680322,23.98492402
39.26610176,23.09814318
37.40012383,24.6078463
37.33596532,23.88682266
38.04068916,24.414822
36.60324219,23.42028919
38.11430858,25.540863
38.51751833,22.09616889
37.72380302,23.01928821
38.78901059,23.50713914
38.51760238,22.12995667
38.74842513,24.26715715
38.5741026,23.24663246
38.86516401,23.12934115
37.86458281,22.7967454
38.41490494,22.61301603
37.38790788,24.05969179
37.26855479,23.85417607
37.77198274,24.10351791
39.04336926,23.77283395
36.77455338,23.46857435
37.65423604,24.21516029
37.2706951,22.62264509
38.58736243,24.91431659
38.79690983,25.20294221
38.25332492,22.53235283
39.29110722,23.8579657
37.63725889,23.73935685
36.63098352,23.82397807
37.12253646,22.76682114
36.75334062,22.922056
37.53259166,25.22895056
39.35477213,23.83272004
37.57698459,24.91311831
37.95769727,23.2327579
39.20320866,24.65189057
38.99831102,24.78439119
37.46387849,25.0820665
37.82163787,23.85994698
38.85165775,25.12979033
38.51569629,24.46162075
37.64700757,24.55254852
38.05229703,24.93394532
38.63742447,23.18035869
39.14159058,24.35606231
38.89409339,24.9326787
37.48470602,23.99149834
38.60366869,22.68273646
39.32869984,24.04667169
36.76798527,22.75005759
37.7146434,22.49276502
36.99892995,23.83665951
37.81508739,23.81485459
37.38104055,24.88571713
38.08828384,24.91265958
37.05558957,23.81330931
37.82782413,21.96267122
37.86408741,24.17023854
38.4010615,22.85876325
38.35663093,22.40770366
38.23896746,23.32038123
37.91428037,24.46741281
36.76347946,24.48635023
38.00978089,23.16610029
39.02071547,23.00751926
38.74560418,24.80689538
37.93686373,22.33893582
37.87807925,25.30752544
37.1174233,23.35100142
39.15841241,23.71828852
36.91252071,22.98694587
37.50116746,25.29216549
38.59534977,23.71894662
37.86857217,24.71186742
37.30650639,22.51067316
38.04428283,22.30317049
37.57056204,23.86470893
37.27026451,24.88153426
37.26861651,22.63585119
38.4439623,23.95211975
38.39861095,25.18525305
37.32668389,24.25676892
38.50758445,24.52778256
37.62384994,23.43197157
36.89841669,23.55111352
37.5255838,22.69848007
37.90521537,23.77520375
37.69148745,24.43159919
38.27697284,24.62269997
38.37446103,23.79417796
37.91955658,23.01386509
38.36716865,22.46829832
37.1876475,24.04252147
36.90161562,22.5201078
37.83023976,22.32368199
37.4011831,24.34118679
36.74143408,24.50962853
38.2652164,23.54170812
38.65553788,23.38360588
38.49000877,25.41207959
36.8780087,23.54623001
37.28525468,22.80191361
36.85110739,24.41558193
37.84061017,22.12285272
37.5296156,22.65569023
38.82758327,23.92989687
38.19935536,22.64074933
38.03448176,24.46263663
38.37486084,25.35649216
37.8523972,23.02571193
37.00593713,25.02542324
38.91092214,23.12919269
38.43587299,22.20695298
37.91180762,24.68907615
36.87849401,23.66630596
38.29651542,24.171414
38.44388729,22.76888979
36.78632358,23.41004928
37.14680286,24.85931475
38.84521621,22.84360276
37.68517349,24.86273429
38.73315898,24.32397643
38.3514624,22.55031746
37.99775726,23.51041425
39.14942047,22.76978749
39.29049344,24.06976903
38.05587784,22.41136589
38.82860368,24.59220999
36.83086492,23.29377183
37.99691241,23.9057098
37.45989155,23.37480981
38.40025082,23.93901507
38.5088524,25.163215
38.16039156,22.8922505
39.11793652,22.87615341
38.7088287,24.96465508
39.23569405,23.27961462
37.96093484,23.01052603
37.90793765,23.77214455
38.69825461,24.03528997
38.37281725,24.90670754
37.87209818,25.4273437
37.77931565,23.65994448
37.71092933,24.58313785
38.2717558,22.06637163
37.2384148,22.41586356
38.2672258,24.34302598
38.59612482,24.19507079
37.79670316,24.36091179
38.66223506,24.18893142
38.90994644,23.42548854
38.53146391,23.19296286
38.64091675,23.25234516
37.71429025,22.62508003
39.17765698,23.4226585
37.3950995,24.47003513
37.54151521,24.81921365
36.79693458,23.38756839
38.87358545,22.47809202
38.08772425,25.38760589
38.78139606,22.59444649
38.70313709,25.30894989
39.00149004,24.75342265
37.28173852,23.01859953
39.12121665,23.50569281
37.08046193,24.63198754
37.82881172,24.01562963
39.08309855,24.37051534
37.38731066,22.24808494
37.8032647,25.37258797
37.40477782,23.90399837
38.08413688,25.13734877
37.98758626,22.73461563
36.69175324,24.05453485
37.21130663,23.32035954
36.61552383,23.6957584
39.18118753,24.60466078
37.58649996,23.25266341
37.07401996,23.59011073
37.57135959,22.09163859
38.32989299,23.29210441
39.27596691,23.8153998
36.88751941,24.84840225
36.7831698,24.01602331
39.3043487,23.43398156
36.92418856,22.98722919
36.97369372,22.9647089
36.97054353,24.04075464
37.12655632,22.30455365
38.6911207,25.17108869
37.82498027,22.64907074
38.89850934,23.65311736
37.0156524,22.95755626
37.43467875,24.70261438
38.18621834,23.3067918
37.00499411,23.99549058
38.83466743,22.8403621
37.06387715,24.44886388
39.2850363,23.4334565
37.19036672,24.04564835
38.70409832,25.15683184
38.44556037,22.49174165
38.50770075,23.5054877
38.19349742,25.02739668
37.03736905,23.95696004
39.0310046,22.70399144
38.467448,25.28476525
38.49246345,23.35089602
38.81819263,23.47493499
38.08834395,22.17674735
36.68905761,23.82797221
38.01200566,24.3464797
37.7614594,22.25484824
38.39109442,24.94818436
38.62700811,23.06888939
37.13787137,23.1300558
38.11256763,25.17925747
37.91502904,24.7930868
38.06183717,23.87643899
37.92994088,23.60611827
38.0659437,23.78242597
36.7247513,24.32008098
37.40326154,24.75896823
38.0589953,24.39691636
37.2149324,23.41669498
38.91272569,24.29077152
37.64722077,25.38879424
38.75451621,22.62851535
36.66344348,23.79655589
37.14784972,25.16636843
36.98262569,23.20161316
38.19484714,25.3957655
39.03624049,23.26702291
38.41573204,24.68191005
38.98441672,24.6952127
39.36242725,24.03603624
37.43176442,22.71727497
38.95411574,24.71881346
38.3444133,23.13842591
37.39535194,22.20232291
38.87196291,23.38512106
37.77469767,23.56424536
37.12487264,25.17979065
39.10007886,24.62373283
37.69506758,23.44723547
38.98158163,23.85279003
36.62788449,23.21720288
38.40620192,22.84895758
38.36450724,21.9746113
37.7180346,24.64750903
37.28158572,23.35487022
37.27037478,24.13160402
36.7420347,22.95025041
36.84999449,22.96084506
39.06337159,23.15481506
38.89636419,24.21022423
38.11402338,23.40449766
37.18519506,25.2168081
37.69670834,24.34571271
38.57110845,22.26688586
36.83281259,24.25244378
38.52056937,25.38411705
39.07235377,23.99909905
38.09685888,25.35859765
37.56975471,22.67048666
39.35953471,23.91515652
38.21185127,22.13297976
38.91280864,22.67044968
38.15990981,24.01050358
37.8636029,24.22770441
38.41475844,21.98830763
38.75644277,23.63971813
37.21887597,24.43304244
37.42315223,23.79042866
38.6267993,24.90026967
38.57613472,22.72440914
37.24653149,23.16992979
38.17432736,25.4795177
38.96548738,22.9717578
37.73166249,24.55493747
37.52892505,24.41636405
38.47244681,22.87611649
37.31028518,22.31120845
37.3728826,24.29881767
37.67412575,24.70770297
37.66256994,25.40827108
37.3718083,22.70514212
38.91715526,24.92475464
36.66388772,24.02557972
37.59957146,22.66908303
38.98243042,24.06862881
39.0692023,24.49939634
37.92126501,22.40728238
39.18218664,23.46920028
37.29913434,24.3015215
37.12005308,22.69389189
38.89020863,23.01970994
38.51098806,23.77821445
37.71088663,22.41625406
38.4797152,24.59127436
38.70348242,23.01865383
38.71756377,24.28952323
37.96092184,24.35607437
37.39567115,25.13141012
37.63862162,24.53866623
36.95332421,23.11859799
36.90138637,23.69640938
37.73754595,24.48409319
38.25111444,22.22246029
37.93235481,23.88702881
37.63811063,23.038056
36.63924963,24.30809348
37.09590001,23.3778894
37.87122802,22.66576813
37.90569494,21.99704762
37.30726599,22.61977524
38.48583282,22.8039118
38.12119261,25.34221651
37.50420914,22.02734103
38.20802901,25.06446514
38.0338955,22.70882529
38.44922281,24.02060792
37.37461939,22.77632799
38.82016153,23.50062396
37.16628874,23.01336177
38.43545349,23.19309067
38.69838713,24.92949849
38.67184346,24.16104806
37.46250995,25.05508392
39.00180329,23.59707514
38.15782263,24.83196372
37.54058502,22.13404637
38.6311149,24.99391035
38.28697175,22.34355018
37.55290424,23.16864664
38.05508106,23.43716489
37.56677241,23.97475384
38.02638801,25.33381276
36.97806331,23.9772684
38.76840555,25.17358685
38.56329406,24.75885803
38.20527483,22.9550874
37.70833122,23.85898946
38.18749898,24.32061136
36.88509719,23.58608138
36.8019597,22.83672769
37.44163565,23.85864645
37.96269375,22.76480526
37.48483757,24.80859171
38.40792214,24.35343692
38.41180798,23.07708653
37.19150961,22.55433995
38.49800289,25.00003749
38.40381798,23.9407214
37.61365387,23.1092051
37.84947837,25.01241533
37.45976781,24.3702323
37.0822493,25.06410096
36.82224255,23.1691317
38.79511348,23.42532774
38.24483588,25.18757317
37.6313168,23.50212822
37.99831269,22.49865693
37.71191201,23.97308353
38.7581639,22.50619858
38.25716592,22.65123526
38.10606476,24.07018438
36.82899655,24.47259509
37.21876509,24.90019067
36.72277496,23.05018042
37.58080695,22.65045219
38.09130051,24.78423927
38.65238212,22.10417908
38.8505189,22.90934411
36.8252057,24.11832332
36.77249233,23.93802904
37.40419097,25.0750784
38.15385249,23.0785159
37.74081804,24.21388103
38.52634414,25.36142679
37.4164321,22.67268334
37.71247345,23.49015022
38.4358755,23.26447535
37.07389775,24.08341127
37.34232782,22.63330696
36.75909807,24.63730785
38.00182743,22.82971583
38.12054793,23.2098837
38.69991318,24.00017294
38.19336225,22.73207379
37.05336217,24.4599964
38.10793679,24.65593373
38.19284248,24.52767087
39.4029299,23.47820816
37.22284728,22.28626225
37.42808517,23.19731722
37.01639143,24.7794594
37.70151896,22.143136
38.9159942,22.96421972
37.19349625,23.2662481
39.05437129,24.58025424
38.47606695,22.15864142
38.40930667,23.98896353
38.10779512,24.69177596
38.30969304,23.55423743
38.37546955,22.45610153
38.56192746,24.47916319
39.17156119,23.35599517
37.82744564,24.24684769
37.62863526,22.57127868
38.6933048,24.87558049
38.4464327,24.82553209
36.79434709,24.65726597
36.76952954,23.61555597
37.5188649,24.82059851
39.28050929,22.93827691
38.10241163,23.23481633
37.53675929,24.66447225
37.525087,25.04609605
37.91665778,24.29354129
37.50137718,22.30889407
39.21952319,24.68116584
37.80313748,23.10127445
38.50281116,24.68280132
38.13834765,25.42068216
37.7882972,23.74606019
37.10097914,24.36023819
39.14296134,23.67950127
37.53853132,24.15331182
38.34520344,25.13270389
38.03645299,23.61903304
38.65400058,24.42197082
38.6247656,22.26596891
38.35661926,23.30421477
37.29766456,24.52468363
38.22402449,25.09322232
37.16102843,22.52034934
38.35546837,23.81960839
37.65799952,22.72693099
37.8536498,25.37403153
36.96847551,24.424526
37.04324158,23.87538563
36.71754734,23.88439027
37.71076314,23.67669193
37.621583,22.52650152
38.35410079,22.80606565
37.09621487,22.88026152
39.06196879,24.73333839
37.60923861,24.75404812
37.44147535,22.30522652
38.30630846,24.09752809
38.48730692,24.75680657
38.41499883,24.53521869
37.50756302,22.89894237
38.41922784,22.57648958
37.23159194,23.08639017
37.24343941,23.34051592
38.99992518,24.99878486
38.09860081,22.2033671
37.33811352,24.08645818
39.07518715,22.61502205
37.55579803,24.77707334
37.44499271,24.55527029
37.94743768,24.3067331
37.38904777,24.95123061
38.71575983,23.77392202
38.40134811,23.58583047
39.06401338,24.30273016
36.79955865,24.46160333
38.0040035,22.78976949
38.57734492,23.27475311
39.00549428,23.97476289
37.48617963,25.00038773
39.03565171,23.3035258
38.58071923,22.97257499
37.48411004,24.64862465
37.58022807,24.80993502
39.00989963,23.08785386
37.87385595,25.18391424
38.61826485,25.20128991
37.47977114,25.30115435
37.24525587,23.87962935
37.27057511,22.726222
36.92872596,23.69098225
38.44041482,24.06132335
37.62095786,22.85390489
37.94801129,25.51057782
38.4253968,25.2747738
37.51008852,23.43941135
38.49828117,22.64921449
38.98407421,24.64664396
38.71144671,24.40044457
37.07639085,24.87757003
39.19112389,24.07754808
37.53004722,22.50354619
38.51104077,23.2689312
37.79463377,22.42846055
39.33237806,24.17447289
38.55970249,22.17112433
39.00150755,23.69610806
37.64250401,22.92272364
38.99914946,24.61422899
37.31057836,23.47396649
37.36698696,25.31094538
38.38573486,22.75592694
38.44173185,22.91966789
38.80492728,24.26717607
37.64792874,22.13523352
37.08484199,23.85252984
39.22563926,23.06567305
39.30646493,23.4946139
37.91017772,22.93029861
38.73369835,24.06109381
37.98881515,21.95928943
37.20201824,22.63621066
38.50264904,23.46656489
37.49324699,24.99139894
37.1268358,23.04210304
37.08227895,25.11653566
37.76727937,25.24662827
37.80944727,23.97564086
38.51194659,25.21282465
38.56799875,24.98410926
36.62461479,23.2414103
37.71457429,23.07447311
36.99328161,23.94725314
37.7888708,22.36827312
38.72536093,22.68424062
36.92410345,22.56846059
37.80083771,23.53279461
37.948774,22.27060697
39.28883009,24.05880999
37.29123068,23.72676365
37.98020185,22.89333241
37.54665555,24.84356477
36.67108614,23.96663529
37.46057214,22.08303212
38.72321882,23.53457769
37.20609281,23.23117423
37.58010772,23.91000299
38.76546624,23.51226365
37.27139038,24.96787259
38.07105733,24.16860172
36.93966431,23.20472787
37.51342501,24.61316263
36.81530383,24.46061123
37.77200966,22.34154127
38.27101178,22.2465631
38.17625092,25.44041573
38.13805486,23.28374066
37.04748285,23.84184975
38.70592944,23.13836511
38.96286876,23.83089572
37.65594264,23.54321547
38.13684206,23.61426471
37.23277441,25.10889865
37.86148529,23.99784833
38.25948607,23.1760652
37.01022954,23.06381693
36.69880167,23.29807732
37.52581918,24.95586682
38.74181073,24.76690895
39.01759522,22.87284074
38.55666282,24.56791031
36.78076338,23.4729369
37.32456757,23.29264959
37.91063117,22.19562203
37.35107021,25.04287112
38.68948172,22.17616329
38.7060644,22.32059883
36.96553767,23.31317242
38.24074297,23.25360443
36.78202484,24.36013193
38.52338258,22.08663118
37.15796946,23.00458414
39.30487781,24.42201828
36.84315584,24.37983124
38.62188553,22.28441801
38.76724105,22.32310547
37.47210188,22.63539969
37.33987956,23.18658004
36.81418685,24.44430501
38.53341663,22.10873868
38.42581145,25.11431669
36.97132387,25.00216646
38.70925908,22.85557143
37.34338414,23.58947993
38.43684439,24.87848545
39.14312503,24.78391446
36.97176791,22.94359043
38.9146686,23.91768653
38.05369005,24.1021208
38.21599466,23.63430982
37.6373458,22.29962174
38.65274052,23.6638794
37.57771809,24.08297644
37.29504909,23.35277714
37.36990278,24.76133112
37.81858694,23.49880056
37.82945199,24.31105586
37.47587549,23.3030282
38.51251776,23.76486688
37.6587698,22.42972323
38.19983556,23.72904733
38.9221308,24.63415129
39.09938886,22.69040933
38.1968543,24.84386718
38.51613276,24.17630586
38.81711515,23.67305847
38.06381246,23.50166702
38.91524153,22.52388322
38.12022993,24.67318496
37.85273653,23.5941236
38.094696,24.6164569
37.73252229,23.23036541
36.90629679,23.74521719
37.81351837,22.65164164
37.47335134,24.62831452
37.41971455,22.87219461
38.46352943,23.75988244
36.88977482,24.47717393
38.01448962,23.50549384
37.3495723,23.63588841
37.38385017,24.9311693
38.92948703,23.87414964
36.73335192,23.73028132
38.16249741,25.31178278
38.20688425,25.11547573
37.67072799,24.65151354
37.99808166,21.95640445
37.6397911,24.34327811
38.33420845,22.77537613
37.51900285,24.35256659
38.56856717,23.40813274
37.0989224,22.80801113
37.31474658,22.24972708
37.83300518,22.34294804
36.81157448,23.88355974
38.57990868,22.89837484
39.20644991,23.34242361
39.21474954,24.55179686
37.47634316,25.2867725
36.77583799,23.97061142
37.78413183,22.8564658
38.8319905,23.66881516
38.8442569,24.01936155
38.10763638,22.84675262
37.86633143,25.23246964
37.37300583,23.42258872
37.46006289,24.38011305
37.31311397,25.10561205
36.83560824,23.72800753
37.41029775,24.03454412
37.60063902,25.22876889
37.70689519,25.36911818
38.03365364,22.20911111
38.8663017,23.75720864
38.96311561,24.01942993
38.39312075,24.24636731
39.25096831,23.73163686
37.86858509,23.11818579
38.00670365,23.03256326
37.53732153,23.46424956
37.42708031,24.97588166
37.7206271,25.20068501
38.52816631,22.53444657
37.64102693,24.11398301
38.82767197,22.70309527
38.02017869,21.95570931
38.98481056,22.53461191
38.86849393,23.04838631
38.37807145,24.63367572
38.56742073,25.01497475
37.16427414,22.53791054
37.1491479,24.35396362
38.76421835,22.27219572
38.80488714,24.54574447
39.07329972,23.40800747
37.84152492,22.46093978
38.52554358,24.69950628
37.89641396,25.29560426
38.25858378,22.60332526
38.79866777,22.41756996
37.95208481,22.70491114
38.34922424,24.2148935
38.27405352,24.95549413
37.28352339,23.29381433
38.1061329,23.17193478
38.28474772,23.8844979
38.416137,23.89860041
38.78713091,24.53029858
38.66403644,22.35834511
38.44506821,23.15698893
37.6682403,24.78310601
37.60453852,24.21088702
37.47277294,24.73002434
38.73027488,24.40337986
38.65797009,24.73937741
37.61835489,22.40336101
38.33281317,24.13117939
37.61976485,25.37242365
38.11947346,24.08374979
37.23804689,22.89544127
38.59430537,24.52960936
38.12457672,22.8765957
36.95822873,23.79795731
38.48830719,24.58167748
37.8869964,24.23811323
37.04654979,23.47386036
36.92701483,24.65909246
37.27321749,22.8741405
39.07865972,24.74380095
38.52013631,23.72902174
38.45667603,24.6658273
37.58961516,22.37626869
38.83580426,24.0045635
36.95126345,22.97607462
37.07688388,23.54535726
38.17043636,24.20900298
38.73810596,23.45137417
38.50851407,24.19465901
39.16195897,22.75105412
37.65007486,25.20591539
38.52813539,22.1843191
38.64150258,24.02134226
38.18703151,24.81979
38.77676513,24.50378965
37.15734705,23.65720712
38.75056334,22.94833318
37.66143638,22.87984712
37.96735899,25.550625
37.86921827,25.07361063
36.88986452,23.37834156
38.11658318,24.9737049
37.47660996,24.68156076
38.65898089,22.66618294
38.46024949,23.28412495
37.3799564,22.25126059
39.2340013,23.25907174
38.15399025,23.90370409
37.02802496,24.90031453
38.14431245,23.46604654
38.85209123,22.3677184
36.97387032,22.68965637
37.71119885,22.11069671
37.9722121,22.29474142
38.40795914,23.42477786
37.161131,22.23117226
37.96031073,23.62353293
37.46771988,23.09457666
37.77438357,23.82057603
38.61587091,23.03250209
38.66383472,23.48175392
36.94627846,23.41289429
37.77988945,23.47919973
39.21477341,23.04492641
38.99910019,23.16842946
38.33762925,25.36860374
37.30358169,25.12238759
37.50447709,22.13809131
36.67599641,23.49465165
37.44304401,22.69621283
38.4763,24.87550306
37.61460765,22.15308273
37.75906159,24.19232446
38.37570669,24.02267523
38.30837695,23.01216704
37.46975842,24.04049447
38.18995746,24.73672823
38.03522305,23.60876287
37.47792962,23.02425557
36.80895614,23.71882472
38.68898242,23.20970878
37.91323522,22.0458895
38.89846994,23.32450747
36.82824173,24.07043722
38.65152045,24.95567432
39.07106314,24.6200112
39.04146446,24.23775581
37.39863246,23.25394
38.80456593,23.83877035
38.1945592,25.49303764
38.65772213,25.22740719
37.75325546,24.06885102
39.10992712,23.86906306
38.07459982,24.68240153
37.06956962,22.86360753
37.34601907,23.6489669
39.12650701,22.92983626
37.81824124,22.4818094
37.33658737,23.33435283
37.31408738,23.90244157
37.31211629,22.27407487
38.16389562,24.81989347
37.47038733,23.23168442
38.51623477,24.26636202
36.91488845,22.7427504
39.29540847,23.17090461
38.44867302,23.94488581
37.28175802,22.45661107
38.29378504,23.87902678
38.80872288,23.18744356
38.70558868,22.7810502
38.0541236,23.97577379
38.11733292,23.7954893
37.95119677,23.81733183
39.11140874,22.74785603
38.25261323,23.20309225
36.86010403,22.69323033
38.08816397,25.21379105
39.01295242,24.08379176
37.29745268,23.72992362
38.35302733,22.36961839
37.68718695,24.04679954
37.47599151,24.59495836
38.41334467,23.59226356
37.72867304,24.10659633
36.6049729,23.50574921
37.68326473,23.07781082
38.09909029,23.10614475
37.95935222,25.09804078
38.08838937,23.53023267
36.8236872,24.27616091
38.80846298,23.31580568
37.44324976,23.93833445
37.72648271,24.55943799
36.74483349,23.58594144
38.90652375,24.27048217
38.93459336,24.67143151
37.90220253,22.76244621
38.74238956,23.75717263
38.54542781,23.49933349
39.03766772,24.24702017
37.51585481,24.08649086
38.16041744,22.81449268
37.85523428,23.33285382
37.6789947,22.1291677
38.55954068,22.87270764
37.19906088,22.43798575
37.99497457,23.23009349
37.65463085,24.5909452
38.51457503,23.7973976
37.06361879,24.47654173
37.33378931,23.86035406
38.15665641,24.65472547
39.04638482,23.44634029
39.26345212,23.37012657
39.34315107,23.53377794
37.69444308,25.45655639
37.60750922,22.42150576
38.26798126,22.92219796
39.15799818,24.51905746
38.48823491,22.64360754
36.76804086,22.85302447
37.43687466,22.28756663
37.8812929,22.05856515
38.58672928,25.17324246
38.50449756,23.39743416
36.95649802,22.44722084
38.40659068,22.21854176
39.33597027,23.22461914
38.53541434,22.98093381
38.05643466,23.14836795
39.17862656,23.92711854
37.84463853,24.73146634
36.87861353,23.36564161
39.07730972,24.01345633
37.09057565,22.65904918
38.48520017,22.17525017
37.62020066,24.75961766
37.70311618,24.61066855
37.28570576,22.50872552
36.8935396,23.59059105
38.97206829,24.53319947
37.3637678,22.54994277
38.15790729,22.14869063
37.27120202,22.78032851
39.06376053,22.85650273
37.97671123,22.04915104
38.39698092,22.86870431
37.03546388,24.31268614
37.80243387,22.46007887
38.75477834,23.71735703
38.89668177,24.69016685
38.33123363,23.16335607
38.67645935,24.94910093
37.56902601,23.67547887
37.03129871,23.01742876
37.00676881,22.47103185
38.73536306,23.20006417
36.76296297,23.9992738
36.92519678,24.54529778
37.72180463,24.0026694
37.14560906,22.26008673
37.88269481,22.72918187
37.76118533,24.05367269
38.85739375,24.41680601
38.13858429,23.10198661
37.93450966,23.99433025
38.60715215,22.90572936
37.21893865,22.3722834
37.3620528,24.72237216
37.7042058,22.45942574
38.79556064,24.23174237
36.67456322,23.99634912
37.08838303,25.12051589
38.56018377,22.29322078
37.39888645,22.53218734
38.12287772,25.02162904
37.30410078,23.78714879
39.19170886,22.72536216
37.90583174,24.45440001
37.75511724,22.24925386
38.88631472,23.43363939
36.83784849,24.43959024
38.40460946,22.8832447
38.67223437,22.70178703
38.74566054,23.8578441
37.07826079,23.82153079
37.05386873,22.71078867
37.4666294,24.57633976
37.17840724,24.32017586
38.2896807,24.21315219
39.41405179,23.66399577
37.46690683,24.66039765
38.69125522,25.19519792
38.04388862,24.69234612
36.82029576,24.43903886
38.84617676,24.21615781
37.26148346,24.68353452
37.45832115,22.08458999
39.41215651,23.71752794
36.87850433,23.87923046
37.06765443,24.04061773
38.39695734,24.43787476
37.99301342,23.40796133
38.1291282,23.32920019
36.82964899,23.19418253
38.38183946,24.18906785
37.30727297,22.17260561
37.75086092,24.1162405
38.50106242,22.15413212
37.66210714,23.47682759
37.41131523,25.38485838
37.51997627,22.01889796
37.12755184,24.1549663
37.54272525,24.61220774
39.31294013,23.35834948
39.24924461,24.14464996
38.68788231,22.7894965
36.86836962,23.73555544
38.97616537,23.17271987
38.25611661,24.8340561
38.7946468,23.83189036
36.87350312,23.5061328
38.83421888,23.57390587
37.84000364,25.08242581
38.98734843,22.80538119
38.50366165,24.07971878
38.72674729,24.22961794
38.22491399,23.28031502
37.49639343,22.68036358
38.85028692,22.4978367
38.78475587,25.17250276
37.78504001,24.507449
37.14067808,22.29781129
39.06835361,24.37146836
38.46967567,24.94965625
38.21648759,23.0592024
38.19529452,25.52522354
37.06697858,23.27865632
39.00625601,23.14363174
38.55895653,24.59756254
37.41989304,22.66427084
37.88155176,23.56306946
37.19584197,24.96390354
37.15810139,23.96493593
38.41368314,23.53458922
37.59717483,21.99146789
36.69782937,23.84761456
36.87767479,23.70635579
39.18985758,22.89153987
37.38286353,24.83537999
37.95788922,23.53452346
38.42548545,22.41888654
38.72217554,23.35229649
39.12535424,22.76589475
37.40648875,22.43226082
39.09921909,23.13761647
37.14312932,24.10968152
37.7766863,24.53918741
37.53096449,24.41464972
37.76121224,25.04629044
38.5632922,24.73632576
37.5693762,23.64867477
38.95950798,24.22392274
39.29551165,24.26586804
38.40906663,23.56085704
38.38390345,24.47536663
38.42549932,22.37981036
37.24025889,22.88772387
37.32679291,23.59343703
37.85804834,22.36663756
38.25292041,23.5256989
39.30107671,23.66280417
37.61582273,24.89692095
38.42265747,24.04581412
37.48050325,22.55987402
37.58378537,24.79613033
38.71138378,23.12420001
37.27548043,23.39798744
37.47197493,24.35749458
37.99978662,22.94970866
38.35552205,23.87444921
36.68358368,23.89903479
37.20179686,24.22963924
37.04626131,24.27728266
39.14954803,23.10431719
37.4097545,22.90236728
37.67133436,23.13473922
37.86668622,22.92792448
36.84530735,22.66276317
38.78391906,24.60658306
38.49215827,23.30495228
38.03541337,24.97653609
38.39474505,22.37305359
39.03005902,22.98990158
38.39499958,24.41738982
38.00751904,23.92492764
38.70754976,23.75666579
37.86663234,22.23679553
38.13063738,24.56542573
37.59555836,24.51651943
38.04488754,24.26555157
36.95110065,22.76560361
38.88145349,23.52172245
37.74098474,25.31551661
37.49088057,22.28258124
39.12581572,22.6969897
38.97225572,22.91252833
38.49900498,25.30206635
37.82950672,25.18340127
37.87638,22.09122931
38.06802334,25.45436534
38.32938655,22.36159525
38.15333159,23.34481158
37.60619917,24.4950589
37.39547504,22.91873562
37.25544748,24.56922721
38.71973251,24.02075055
38.0309848,24.37525511
37.77630126,22.17482785
38.37361111,22.45621886
38.86861916,24.57772081
38.66992984,22.80530439
37.40157286,24.10951213
37.27995281,22.31968665
38.05742296,22.31947942
37.88959714,23.32952607
38.41593353,24.91608261
38.22091433,23.60266853
36.8358701,24.29567147
39.05903766,24.57493931
37.77522371,25.4504394
37.41361112,25.18103954
37.015046,24.97074975
37.71611651,22.60392002
38.39525603,24.31320013
37.82609133,22.29335788
36.88205908,23.42129873
37.02042987,24.37921752
38.61298211,22.47880239
38.23852089,23.43572124
37.14163024,23.15833196
38.3862384,24.97494319
37.89914347,25.47131328
37.99929465,22.48258919
39.00160273,24.82274846
38.89330909,23.4979236
37.33271538,24.33903761
37.76675039,23.2448135
38.67799868,23.31789315
38.77636106,23.3089697
37.69936182,25.03305183
37.58838485,24.02318164
39.18574396,22.80318772
38.12356361,23.63169131
37.65562985,24.63029086
38.03492248,23.32501918
37.52478052,25.06106355
37.08237621,23.66662435
38.69073007,22.38630396
38.3234528,22.43971956
37.18088704,24.73927352
38.94442698,22.84055385
39.11686696,23.88862122
38.00081396,24.24969111
38.70814056,23.35251006
38.07681221,25.4975761
37.64923706,23.24521409
39.15735652,23.39004647
37.23047762,22.28347363
37.14925611,24.21340662
36.88174744,24.52494478
36.96993119,22.87255771
39.07273354,23.23768197
37.65247879,24.17528913
36.88506877,22.92931333
37.58771345,24.62216881
37.43278222,23.30043296
38.54949296,23.60107437
38.61073929,24.14551117
38.7485161,23.62841383
37.1395882,23.1029317
38.81668538,24.40418787
37.82766219,25.43207918
39.00782205,24.12133657
38.1150387,22.40566183
38.26528045,22.63002299
38.85032629,22.66713531
38.15637355,23.29198822
39.20945406,23.18032512
38.62253495,22.98024107
38.44785329,25.330773
37.30347512,25.26720401
37.52692754,24.85642046
37.67854237,22.17430672
38.20203862,24.93213322
37.69126117,22.09811228
36.98793898,24.58845601
37.62089082,25.06419692
37.49584467,25.102195
36.73562066,23.65640055
39.21804242,24.12839723
37.69569613,25.24720636
36.63868095,23.2363696
37.85162364,23.35192659
37.5694405,22.32743298
36.90527799,23.68407608
37.62515809,24.51058275
38.36957408,23.69382536
38.14941038,23.30846169
37.43515481,23.38533654
37.19082128,24.96677837
38.57546625,22.12949606
38.39880623,23.1504535
38.12791857,23.63732004
37.74207469,22.97281165
38.74146456,22.68286473
38.57601457,23.29832057
39.29288102,23.13180614
36.96534681,23.61416457
37.03289179,24.73114874
37.11307177,24.52099125
37.68140296,24.25691977
38.25122446,24.51540059
37.10687922,23.76736422
36.71070443,22.97282411
39.10607022,23.46442259
38.26867797,24.45955318
37.951404,24.62684501
38.69268648,24.9154643
37.7632355,24.61778844
38.18300719,23.45846398
37.99174998,22.81201416
37.95779501,22.37267895
37.28303967,22.13836161
37.64170072,24.40254806
38.9279013,24.5299115
37.534176,24.65600087
37.23965866,25.13414253
38.50281865,25.39846504
38.30825851,25.49368252
39.32159635,23.74994704
37.08111342,24.9162662
38.62341235,22.8641397
38.66063569,22.98570423
38.84219567,23.38693805
37.86415385,22.69972137
37.24787569,25.26838646
38.25541926,24.11144647
38.71504876,25.07756779
36.85941349,23.48437298
38.43664836,24.97618397
37.01709168,24.68124782
38.38586088,24.59474185
38.32052581,24.89919407
36.74064799,23.99037713
37.13421885,24.57213771
38.98644786,24.64426959
37.21205741,24.89733182
37.37140409,22.2973942
37.9019501,24.06386264
37.76386817,23.84422242
37.40955943,22.27414017
39.38415088,23.95431459
37.15354969,24.18021377
38.5158889,24.72138946
37.16373211,24.18676309
37.09718481,22.30683361
37.6101687,24.94056525
37.83895214,24.2903157
38.23294475,23.62420006
37.09410127,24.2468333
38.79513071,25.12125145
37.65568706,21.95226407
39.01047093,23.2580019
38.60169192,23.4864371
37.85216056,24.51609661
37.44244502,23.5451997
37.08481905,24.54559627
38.0812049,22.81567714
37.89017377,25.2290379
38.20400746,25.31514232
37.48564283,22.10147082
37.13139536,23.7103858
37.37442939,23.80670651
38.32261409,23.90354803
39.23150377,23.52653075
39.16376499,24.37814113
39.19190113,24.02287208
38.18139912,24.86223433
37.24964693,25.01085379
39.1479488,23.51155609
38.03207361,24.34106375
38.29309668,23.28789545
38.60630252,23.67411334
38.55889616,22.71279442
38.02511309,22.46794946
36.67713722,24.07280143
37.27648302,23.89468146
37.38149609,22.6750124
38.76929718,24.70426946
37.90974076,24.82103534
38.11702106,24.46173788
37.39160253,23.74277861
37.55787379,24.10066613
37.30721593,23.1460456
37.30504446,24.31925175
38.60884058,25.05361239
37.85772417,23.56340376
37.99473666,22.57688734
37.64805622,24.59789911
36.9579841,23.48335172
38.50220335,22.91784693
36.63431795,23.99611035
38.46766329,25.38497113
38.43785915,22.24841873
37.72887661,22.27854027
37.87345632,22.56949737
38.60397438,24.46183755
38.70871652,22.55955667
37.63445861,22.41534396
36.66730253,23.28558929
39.24430092,24.44253632
37.013312,23.44509336
38.50529222,25.42102625
37.18655358,23.37596202
37.41442307,23.39079236
37.62585775,24.5411639
38.34348332,24.68143906
37.52609759,25.36517231
37.09812908,23.47165651
37.62791922,22.01982032
37.78195278,23.75069364
37.40776072,24.13396658
38.25036885,23.05915831
38.10032463,23.33657053
37.53406898,25.03211778
38.3770606,25.08032092
36.64292547,23.65410742
37.75650451,22.45468239
37.94999259,24.29551557
37.65695466,22.03778337
38.18625468,24.72915924
38.97326806,23.25893146
37.89045953,23.86440075
38.71055813,22.72796502
38.47223187,25.16082691
37.02097707,23.89414517
37.66598843,25.00381396
37.79918376,24.06610706
37.41672524,24.94309609
36.76992976,24.37966642
37.41401813,24.07875278
38.56400394,22.75929352
38.23268161,24.34730366
37.6071098,24.01895011
38.96744268,22.78985
38.24366914,22.58958704
38.44337857,22.6366836
38.46234453,25.32162033
37.71915897,24.10659301
38.15491622,22.67515495
37.71563342,23.18089523
37.98506959,24.44806283
37.87541055,23.71802082
39.19485959,23.39853935
37.33389015,24.69930581
37.29099207,24.10077298
37.31365984,24.21317309
37.47731827,22.07421846
36.98659154,24.93667092
37.32164883,23.51949451
38.98301111,23.289338
38.71569515,24.73401269
37.19508115,24.93500015
38.21784897,23.73710713
37.92973807,25.11129961
37.96651774,24.28264973
38.53696068,24.54852273
37.79295131,25.54000909
37.5867872,24.97278736
38.57572495,22.2060939
37.31967065,23.0032383
37.93067298,22.4544986
38.07974756,22.12138348
38.9937046,23.58280914
37.12356414,23.64003042
38.62191759,22.46247327
37.82215515,23.77431011
38.19814395,23.52168291
38.99740969,23.03400473
39.04443735,23.20737605
37.65711337,24.54073179
39.22245929,23.49546776
37.63779553,24.96408579
36.83796563,24.01246279
38.70076325,24.99672239
37.37513986,23.14368102
37.47177682,23.40542657
37.17450626,24.54447225
36.94587644,22.75478961
38.25106744,23.54439161
38.3842936,23.62076783
39.24440371,23.39189544
36.8036575,23.14496097
37.67148939,22.41810506
37.38451593,23.82407716
38.53451291,24.3011747
39.0598883,23.73595606
37.90111906,25.38391381
37.86261316,25.41300505
38.58100892,22.17514332
38.02737253,22.05716482
39.00732218,24.78680723
38.10200551,24.53481425
38.08728117,24.9077046
38.85737541,23.74918516
38.90455081,23.76399762
38.46394736,23.34222367
37.34355651,22.53094031
37.5718638,25.01027225
37.70935956,25.04498267
38.62719282,23.62131906
38.89600975,24.51174242
38.41091032,23.01955265
38.0637531,25.44386052
38.36984527,25.47553443
37.75021222,23.52377815
37.1170103,24.95718294
37.29087779,23.81575159
37.6104846,25.31694472
37.77312186,24.39536771
38.56302009,25.26967913
38.4824353,23.23271039
38.23065315,25.26486903
37.3695533,22.90036943
39.36640084,23.6236879
38.17785068,25.0054909
37.68820804,25.25298427
37.02573764,23.75662795
36.92215644,23.63715907
38.67527361,23.52583156
37.71692323,24.37458273
39.30546868,23.45850647
36.97672141,22.90579745
38.5740342,24.39679304
38.0933983,23.50472013
36.96678494,24.56342004
37.24378094,22.26057206
38.11661727,23.90784063
38.94782937,24.68282771
38.92227826,23.21599251
37.78039085,23.91807762
39.20227622,22.74431878
37.14484626,22.65098515
37.23266319,24.10806631
37.02112889,24.05197488
37.98819473,23.77873296
38.54751655,25.42349866
37.38936703,23.12771626
36.92600642,23.70274249
38.15919698,21.97743333
37.84806535,22.07552304
39.03632268,24.9198305
39.11826849,23.36368315
38.90803011,24.31516962
39.04150432,22.51154026
37.41011101,24.80957682
38.43571452,22.09052522
36.85053111,24.57863459
37.32976686,23.90253913
38.28913378,22.0221069
37.05781061,23.47456705
38.17035362,22.64064067
38.02783104,25.32199051
37.54438161,25.02721697
38.47261584,23.03527108
38.32144226,25.41218643
37.85936316,25.22684811
38.81282009,23.77520894
38.11466432,24.69361995
38.69357395,23.85130108
38.91526025,24.59411975
37.77178421,23.47285058
38.09522725,22.10702787
37.78356445,21.95456503
37.0706872,23.60181206
37.37906679,24.0803906
38.0314442,25.3547894
37.38018498,23.49206685
38.35554967,23.93913684
37.39739268,23.2508302
38.59633655,23.80774419
37.48231118,25.17943876
38.12951188,25.37942542
36.77713847,24.72736891
38.49826073,24.64927781
37.75135206,25.12488049
37.2046467,23.02345673
39.18024126,22.86859338
37.87501077,25.14324106
38.2716001,22.63066452
37.23938145,22.86973751
38.99761627,23.75304711
39.00866766,24.79616306
36.99923342,23.30493628
37.47433464,24.64536382
36.9594316,23.01396609
37.14383153,24.38960447
37.64318177,23.93917007
38.75780867,23.64527095
38.48615947,23.37408613
38.11162997,25.19282098
37.17264095,24.12103755
37.3946392,24.91986282
37.6769402,24.6103778
36.73501069,24.18740837
38.60857529,22.80793715
38.77796288,23.90736571
37.87968966,23.21174944
37.67413708,25.19605341
37.36676584,24.52833205
37.01925254,23.22410136
36.88019879,23.74023112
38.96801936,23.28716603
38.3918543,24.2046763
39.38176604,23.63187644
38.92087585,23.03156282
37.02516945,24.33085286
38.34715795,23.50231625
37.69634441,23.53407203
37.6261331,23.80606651
38.20413427,22.99742247
38.10765691,25.55402448
36.87906502,22.57853254
37.74872822,23.22539461
37.09120149,24.93250201
37.64289162,23.11169515
38.04285333,22.57054459
38.72440387,23.16752181
39.15535148,24.61874164
38.13987806,24.25953352
39.26554224,24.35497573
37.06341008,24.79126171
38.6482185,23.49356115
37.58048442,25.26353626
38.31492364,22.43334223
37.26914561,24.46267946
37.00655968,24.16356901
37.19306698,23.91338944
37.41324932,23.36116454
39.1128025,22.96163867
37.57276301,22.56642173
38.20715674,25.03677396
37.51749556,24.94483489
37.35647246,24.21947451
37.56447185,24.53724959
37.37713073,22.36599243
38.42495818,23.97033241
37.0603672,23.03567419
38.14787002,25.33699391
38.53149606,22.43913675
36.5701023,23.55909335
38.64269839,25.35727599
39.38547046,23.48862555
38.60487568,24.42328329
39.14670158,22.78730008
38.47247884,25.20685036
38.75439464,24.63965715
39.02756071,23.812917
38.84103784,22.91660842
37.45045971,22.90729995
38.57825207,24.49115034
38.25759217,23.10071464
37.94333414,22.41886602
36.96665983,24.93103661
36.83626608,23.89623952
36.88493484,23.82527964
38.8779795,22.72443251
37.25095587,23.82737873
39.11691984,24.74463001
37.60829956,22.09507906
38.70105155,24.0498818
37.15322289,23.23576908
37.38071261,23.33289177
37.67565427,22.30329861
38.33221809,23.15478113
38.0179498,22.23935544
38.64425463,23.23237204
38.83529872,22.98340473
36.90865421,24.88464226
36.91331804,24.69108203
39.28515164,24.33022523
38.33969144,24.68286215
37.92029808,25.10179151
38.41218294,22.4410478
37.48153228,25.23404208
38.96927959,22.97325254
37.50071637,22.25323686
38.36758413,22.80734273
37.63033331,25.43491815
37.68513693,24.33753778
37.53069428,23.5643431
38.17090431,24.01677139
36.87292311,22.75698504
38.36315872,24.25214829
38.17050792,25.16784755
39.19114816,24.04260162
38.40953907,23.64472817
38.43850234,24.51732993
37.02903492,24.93310965
37.50435158,25.08386401
38.37795298,22.44859387
36.63245151,23.92947876
37.047095,24.65727291
38.93076786,24.1484401
37.16568921,24.92532058
36.67338981,24.17791828
39.31796309,23.43508195
37.74435866,25.20714468
37.94239066,22.96892759
38.91685771,23.27339363
38.56650899,22.09534601
38.2018957,22.73202759
38.286117,23.18905666
36.74918848,23.73753753
38.28916498,24.117072
37.28237106,22.59362364
38.01621785,23.16432988
38.47889848,24.29366985
38.52654206,24.23694173
38.82497506,23.13226465
38.54610171,22.07979732
37.6368458,22.14836817
37.92008997,22.77004277
38.87871847,24.91864922
38.31032173,22.97490567
38.11097606,24.59867747
38.92146905,22.3424817
36.97122831,23.1321937
37.80310275,25.24453144
38.41029068,23.48766131
38.38685577,22.04517417
37.20454229,22.79933138
38.20085648,25.10411068
38.02614722,22.97085076
37.88215738,25.28355524
36.90856294,22.78865626
38.52463538,24.77371189
36.80689595,23.96749631
38.44530301,24.7017107
39.35352647,24.04993422
37.00551096,24.83116639
39.18714371,23.49242218
38.88602559,22.77499532
36.79304892,23.5360921
38.82349676,22.88355541
39.16591042,24.53068425
38.80395016,22.2620916
37.62805311,24.73180299
37.59794222,25.15388003
39.13815412,24.11957205
38.46388245,22.60010449
39.27926777,23.86833102
38.47765429,23.52409554
37.4835997,24.29408549
38.12623702,24.71502284
37.02739107,24.02237226
36.85319298,24.36619152
38.07507742,22.48019881
39.22378162,22.96429822
37.92330776,22.57961084
38.73161353,22.59759942
38.70894368,25.02698736
37.88695077,25.30071237
38.49420397,22.12601408
38.44008672,22.46909025
38.75761493,25.25549337
37.35431442,23.39339067
38.20497904,21.91462533
38.44968027,22.12227718
36.67759934,23.50720373
37.3735354,22.08362914
37.50538662,25.35085998
37.97250097,23.44430616
37.02643899,23.62421986
36.91941386,22.6221083
38.21106718,24.68320739
37.58325386,22.30700238
37.68876608,22.82224889
37.76695508,24.66871564
38.61924657,24.5266916
38.81724707,23.33255253
38.68007468,24.87994569
37.19169702,24.58542932
37.51163431,22.13225316
36.79173238,22.76739789
38.83502165,24.26883757
38.12520587,23.30915738
38.32173868,22.19518642
39.00521969,24.65579459
38.00766908,23.29246071
37.84799458,25.20149856
37.62889029,23.68801375
38.07461442,25.47682618
38.34024075,25.11386546
38.42225066,24.98621544
38.44577293,25.23849767
39.05514898,24.15848243
37.83252498,22.43231291
39.28354284,23.63051914
37.99104091,24.03597544
37.38913961,24.98417255
37.56516585,23.3297216
38.23480764,24.53568507
38.161446,22.80867702
37.95845216,22.11211193
37.66988366,23.97679963
37.81171431,22.47181989
38.04293571,22.14028785
38.45833662,25.11922463
38.29209788,24.8845458
37.37019126,23.67253094
37.46762524,23.64420851
38.9307145,24.99858906
36.96139612,22.6606598
38.25529923,24.29671716
39.04287724,23.17467938
38.94468284,24.5319827
37.93254806,23.64480045
39.24069087,23.85754193
38.51140862,24.69019396
36.91839168,24.77487495
36.64998627,23.70931432
37.00202738,24.3854637
37.3238196,22.6946355
37.83155352,22.59990819
37.96911975,25.31141958
38.52604246,24.23599035
37.73856459,23.9851844
37.62040091,22.46570502
36.73985674,22.91067631
36.87777525,24.28736242
37.23000918,22.50522367
38.55567352,25.40023032
37.8545342,22.18545662
37.53182812,23.55113481
37.99630769,21.9954933
38.58828362,23.20936127
37.33581128,22.62749043
38.01067512,22.36252551
38.74858984,23.40301422
38.19609317,23.59703698
38.2311941,23.57249634
36.90604758,24.6320989
37.88300967,23.1600871
38.87358235,22.62943914
36.81694338,23.77330513
36.98701272,24.8493841
38.43140316,22.20243106
37.93774638,23.57105859
37.29607789,22.43374211
38.52033897,24.17040624
38.08398677,24.95551857
39.2376002,24.29289721
37.13220116,22.79387626
38.12570082,25.06820183
37.5401677,24.93723752
37.06586672,23.28680376
37.38958439,24.52995394
37.74116253,23.31166344
38.69754144,24.90610748
37.46288908,22.4428233
36.84668782,24.3253961
37.9077816,24.41091136
36.75916468,23.53017734
37.13036058,24.1212926
37.54208686,25.47147493
38.09177543,24.04736348
37.56467394,22.59163347
39.23073063,24.16704585
38.64480602,25.05859124
37.25323137,24.96296644
37.0496987,24.23173408
38.04093255,24.29731074
36.83117577,23.11213251
39.00446956,23.21073827
38.26811745,23.05969697
39.26578703,23.27450159
37.36761008,25.30357506
37.12898608,22.48239052
38.62878958,24.90231875
37.13887279,22.97090612
37.21461326,25.00111982
36.61410284,24.14502771
37.10873466,23.53029502
36.89860291,23.6750491
36.89149732,24.81755695
37.95502347,25.10184935
38.43001307,24.82576968
38.65399772,25.02622816
38.39207713,22.99519377
37.64878449,25.0533836
38.53379018,22.63987595
37.46642976,23.77359196
38.71777296,23.01456197
37.43094864,23.62973278
38.35894293,25.25956563
37.32117723,24.9137573
37.82093026,22.86306343
36.87231593,23.73224577
38.47556737,24.91587752
37.79996556,23.95670594
38.09581746,23.75530719
38.80180725,24.93800793
37.88547085,24.34211455
37.0182221,22.44897129
38.00241038,23.94372703
38.96092862,24.44612602
36.74436739,24.63494149
37.51887145,25.07881994
36.93996774,23.37847058
38.1173295,24.20386754
38.67216095,22.98352452
38.91947594,24.78209752
38.09578049,23.06543689
39.39794313,23.60873579
37.01391028,22.78871688
37.27969032,24.35311529
36.80987708,23.58518017
37.25346011,24.86778503
38.36919597,22.50585226
36.81122055,24.62540807
38.16761626,23.57772196
37.32160266,24.72371029
38.66583778,22.33119947
37.14650026,24.36540989
37.48404842,25.09575148
37.24314829,22.18785663
38.30546269,23.66961372
37.95721279,25.27679787
37.05469733,22.6501366
37.39002205,24.18426966
38.84008836,23.06393918
39.02149949,24.6462884
37.24167419,23.13111635
37.39267799,22.85930679
38.70563021,22.53509067
39.21414825,23.79738775
36.98549317,24.24896169
37.56241211,25.00963638
39.34656615,23.18363978
38.57955788,24.32523238
37.22104391,22.92833542
37.820349,23.94373295
39.00186974,22.46404732
37.89784058,22.07984595
36.95224641,23.91256071
37.16744398,22.96296278
36.88157296,23.21145149
37.50371574,23.75142861
38.30914641,24.64617168
37.41816898,24.6972753
38.83011097,24.64753537
38.17378441,23.83930398
36.6240974,23.61552748
38.09613361,22.26056444
39.04530081,22.70017676
37.14242605,24.92968326
37.46734181,22.29739686
38.62583464,24.88931081
36.71053036,23.17531176
38.83055949,22.56425887
38.74473072,24.82221375
38.18208504,25.13651746
37.97775292,24.89588865
38.47589621,22.62073578
38.98966088,23.47171096
38.98007396,24.24292767
38.53708428,24.58782359
37.93437247,24.24306048
37.93609661,23.9358975
38.28161172,22.45250036
37.29968895,25.1605514
36.78181929,23.44530678
36.93213805,23.00913608
37.58358986,22.19818072
39.08072201,23.31304543
37.54779302,22.83902893
37.9212895,24.60356306
38.52511612,23.744758
38.14263015,25.28231267
38.14532396,25.1606768
37.77765072,24.10928468
37.13229401,22.92347213
36.8663542,24.20132356
38.05043021,24.37659859
38.06152339,22.17395716
38.7889605,22.24829545
37.15108668,23.12701962
38.87141843,22.94066435
38.86607292,24.99895417
37.77145351,24.64516351
37.74995091,24.65185139
38.14904666,25.3346366
38.45850222,22.94912284
36.97846391,22.55612395
38.47841763,24.22861407
38.25454816,24.0270611
37.90667439,23.63754409
38.32582749,23.79082679
37.53214426,22.7609257
38.20454746,24.81551022
37.2652287,22.57694535
38.92284293,25.13137395
36.82442154,23.05121581
37.98927308,24.17147146
37.06347926,23.75611708
38.21754516,24.34316965
38.74912793,23.29071663
38.03903307,22.34904551
36.87194358,23.86670139
38.11472205,24.03226307
39.20103515,23.87031938
38.00417757,22.65667049
38.69612933,24.09037838
37.47456207,22.29268188
38.68382196,22.68798417
38.153737,22.73701318
38.79279815,24.99696232
38.07300477,22.88380175
37.09148201,22.79346097
37.60135641,24.88576828
37.40917036,24.07633559
37.89090547,23.75256356
37.86324603,24.0937242
37.47354372,24.7092164
36.90604941,23.32001897
39.00779222,24.33973621
38.55213453,25.31676118
38.44943171,22.92627319
38.19218592,21.9278336
37.22730275,23.64070722
37.94127904,23.38516164
36.89039451,23.10107571
38.24578936,23.18333485
38.55545764,23.21937773
37.08902514,22.78808143
37.48884269,22.07831314
37.25033572,24.95505894
36.54498114,23.66001602
37.43834024,23.72667649
39.13778436,23.28921459
38.01100909,23.72003418
38.91427963,22.91081586
38.51797916,24.59579408
38.84821699,23.51035986
39.04054442,23.73187601
37.09763301,24.21599108
37.70551971,22.0335602
37.69172583,23.35199768
38.20822134,24.54809802
36.88646417,24.91225762
37.59465327,24.98160939
