39.84349658,116.36744229
39.87983938,116.47704638
39.89619166,116.4577464
39.92373674,116.4073652
39.84714549,116.40758727
39.90274911,116.44556071
39.92560662,116.43271944
39.86829226,116.35393438
39.85494904,116.46875695
39.84784872,116.36583709
39.86792055,116.46724051
39.88298305,116.37429348
39.90124506,116.46644079
39.87347974,116.43256318
39.85327545,116.41474419
39.9319475,116.39264957
39.95410099,116.3443769
39.85389237,116.40086079
39.87785113,116.43016551
39.88780798,116.35328386
39.85499588,116.4530557
39.93733337,116.40590734
39.85778541,116.448407
39.86021158,116.41912214
39.95916468,116.41418256
39.94809169,116.42117518
39.95540689,116.34597492
39.87414764,116.42645388
39.85708992,116.4356823
39.94706617,116.42194808
39.87496848,116.39420666
39.96191124,116.35398076
39.87747953,116.34359522
39.92557445,116.4235652
39.89220753,116.47029648
39.8861321,116.46178983
39.88821199,116.39585328
39.94266127,116.46357082
39.93667859,116.39808222
39.88118718,116.38119836
39.94947208,116.37602367
39.9295817,116.46783451
39.85859765,116.4452719
39.90519534,116.44761651
39.94523326,116.40143064
39.96172968,116.41042705
39.87331838,116.49215946
39.91854456,116.33254624
39.84116841,116.43815098
39.86137348,116.35908508
39.96159833,116.46420133
39.86657144,116.47811924
39.84696908,116.3745809
39.87636102,116.41237222
39.84125989,116.43853234
39.88772343,116.44724848
39.89182525,116.46870646
39.97404461,116.3879589
39.86364885,116.45653793
39.96760674,116.37871675
39.83882165,116.36865537
39.92290199,116.40915296
39.8665319,116.33565174
39.93190553,116.3450433
39.84078031,116.37448576
39.84937359,116.46231938
39.88046896,116.46540656
39.85446169,116.34389411
39.96606645,116.36171474
39.94873461,116.38703837
39.88600513,116.47300782
39.92325942,116.42384394
39.93377302,116.47697674
39.88887463,116.3678779
39.87515672,116.40663615
39.91922814,116.37908031
39.89255916,116.34374493
39.97484871,116.42326587
39.85457256,116.45547678
39.85571351,116.43838669
39.87564814,116.46819799
39.96096276,116.38944133
39.88597497,116.33631094
39.83889798,116.42287049
39.92514197,116.4348793
39.87157717,116.45094975
39.88309666,116.35008048
39.89156232,116.37441683
39.87792076,116.42035165
39.96553252,116.44552276
39.90528606,116.44776528
39.86990497,116.42104061
39.92982784,116.45184465
39.87251719,116.37410319
39.92381411,116.34699213
39.92156676,116.412163
39.92158595,116.33540548
39.95198436,116.36171906
39.91580186,116.44464861
39.88238323,116.4559587
39.90963535,116.46054623
39.89977227,116.43073648
39.94163877,116.4049761
39.91629603,116.31685488
39.92871693,116.3907525
39.89683892,116.3743334
39.94019806,116.33496612
39.90930481,116.37699226
39.88042798,116.46044586
39.84137008,116.38063097
39.93755994,116.36406951
39.95334763,116.41663644
39.8759868,116.39540931
39.85244609,116.42409748
39.93438365,116.40358569
39.8572281,116.42825161
39.92199996,116.45650947
39.93340438,116.32889916
39.92377073,116.46001534
39.93993025,116.36661127
39.93159348,116.3353651
39.9506704,116.35538912
39.85988149,116.48049923
39.83727087,116.40120383
39.95279348,116.46365426
39.86757434,116.42227217
39.88503357,116.41150706
39.95720007,116.39535679
39.91811575,116.31862517
39.89986389,116.33321501
39.87130892,116.33152461
39.89125139,116.37701245
39.91658625,116.37994847
39.89148542,116.37790545
39.92791037,116.38376527
39.88971731,116.47836402
39.83432839,116.41970777
39.85953811,116.4558218
39.93426117,116.33515259
39.87195378,116.35392551
39.86289593,116.39633359
39.86944694,116.40573133
39.91361018,116.45544586
39.92938435,116.32883034
39.84715768,116.42564139
39.92152404,116.41533901
39.94030641,116.36537799
39.96886498,116.42851752
39.86672317,116.43231198
39.91824946,116.42094967
39.931906,116.35937074
39.9452407,116.47323777
39.91899939,116.48794902
39.92975977,116.33299229
39.89216083,116.49893717
39.89294306,116.47326534
39.86006374,116.36403312
39.90757168,116.48594949
39.90898826,116.3740972
39.87449142,116.33483755
39.90740555,116.46499305
39.9031551,116.39556425
39.90812131,116.34519157
39.91634284,116.32142609
39.94169135,116.39677088
39.89945375,116.40924961
39.85751904,116.42040467
39.89640898,116.34945413
39.90649162,116.39702252
39.91320415,116.37225412
39.94311512,116.3363241
39.87312415,116.4688281
39.85912385,116.34591111
39.94077803,116.46963965
39.93653014,116.3831041
39.96859932,116.37342206
39.90606192,116.48156963
39.90262378,116.39222914
39.95724744,116.4640832
39.84462103,116.39037092
39.89441046,116.40166932
39.86872082,116.44366106
39.96017499,116.45872974
39.87831857,116.41067858
39.86137314,116.4516724
39.86026861,116.34716924
39.93454684,116.39073295
39.87169428,116.33714235
39.93077712,116.4875079
39.87166868,116.42048086
39.93820246,116.44925894
39.94078086,116.43218179
39.86676074,116.37500733
39.86058793,116.46769649
39.94981998,116.3473274
39.92522063,116.37219667
39.8606373,116.39130637
39.89770436,116.37866973
39.95569222,116.37465325
39.95250252,116.38564494
39.88457862,116.44464683
39.92752883,116.4210192
39.93778348,116.41667914
39.87260656,116.40687901
39.86690997,116.39543822
39.84925189,116.37476963
39.89340021,116.35483667
39.93259181,116.47004061
39.87604054,116.33316149
39.93847732,116.3415858
39.95610164,116.35653067
39.96170313,116.41665205
39.94605919,116.33429216
39.90479959,116.47591864
39.91339278,116.33419435
39.90419057,116.48151395
39.88675363,116.4962102
39.91970951,116.38409666
39.91513968,116.47248624
39.91652132,116.45873177
39.85886873,116.47629314
39.97077667,116.43690216
39.89863011,116.39137623
39.87066302,116.45265598
39.94733943,116.36414273
39.96594361,116.43054253
39.87509917,116.45522547
39.89156405,116.4946568
39.90112262,116.40825701
39.92455629,116.37510836
39.89226569,116.46008482
39.95319676,116.35059229
39.92272393,116.36661209
39.8729872,116.32733245
39.93926754,116.36835393
39.85967397,116.4256798
39.90476697,116.43256735
39.91381076,116.36930675
39.89206329,116.33317811
39.95470465,116.37318249
39.93253388,116.3437687
39.86292949,116.35098675
39.94219393,116.40354538
39.95213257,116.46534723
39.9128926,116.41108076
39.84246725,116.35954955
39.97166238,116.41450105
39.85854108,116.4270843
39.87761786,116.44029787
39.93646689,116.3832809
39.91280787,116.33423846
39.90159051,116.35276975
39.83231956,116.39822076
39.94738953,116.40865985
39.91150627,116.46440215
39.8442973,116.3888869
39.86224149,116.42716486
39.86579982,116.36390126
39.96026574,116.42833383
39.84302127,116.38839493
39.84861098,116.44340941
39.92652842,116.33277495
39.89335167,116.34366632
39.95107589,116.45830242
39.96496047,116.36019839
39.91702555,116.47704114
39.96992276,116.38103257
39.96454848,116.44763158
39.88691936,116.32833863
39.96690182,116.428522
39.84080632,116.42311601
39.88597073,116.46672069
39.89417203,116.38867492
39.95075228,116.34160224
39.8802135,116.47666916
39.94182836,116.37152685
39.89967265,116.41685859
39.88672563,116.38641196
39.89990813,116.41911406
39.85339564,116.40486427
39.93872498,116.33997632
39.91037216,116.36273896
39.87276371,116.43183657
39.85456213,116.43151311
39.95562932,116.47238007
39.93421315,116.47905555
39.92168773,116.3562767
39.87210357,116.37076159
39.95806358,116.36991904
39.83782245,116.39608479
39.93093531,116.35934328
39.89849382,116.48135051
39.87329689,116.46802729
39.8883576,116.43393004
39.85353797,116.36511779
39.86075167,116.42331548
39.89150541,116.45058131
39.90092231,116.34552061
39.9228053,116.38867634
39.94731269,116.34775295
39.87868146,116.34554657
39.94953358,116.43927996
39.95795138,116.41041127
39.90035643,116.45077858
39.9222663,116.38505071
39.90942624,116.31919885
39.90795855,116.47632911
39.87232879,116.40201107
39.89304863,116.34614915
39.91203351,116.46001575
39.96634973,116.39868825
39.91131021,116.44130295
39.84243864,116.441185
39.90536957,116.39700079
39.92817277,116.49320128
39.94533017,116.33025091
39.88967622,116.38123952
39.91916672,116.42779627
39.85633763,116.44895732
39.83889228,116.41070861
39.89729745,116.46854817
39.96154547,116.432367
39.92780045,116.48566532
39.91408119,116.4903312
39.91785117,116.4808883
39.92275931,116.47824563
39.93361926,116.36731445
39.90384748,116.45952122
39.95140359,116.36815431
39.86019837,116.40912079
39.87288526,116.40968892
39.89041887,116.47355683
39.86279082,116.37812992
39.88304145,116.47756034
39.90880256,116.45556621
39.91534565,116.48773869
39.92020586,116.37994031
39.9423136,116.42064642
39.91352557,116.3546629
39.95744696,116.39063156
39.88341135,116.35437618
39.93354329,116.42502299
39.96664843,116.43300106
39.89659835,116.38231591
39.84267101,116.35823938
39.87206186,116.40447374
39.8979477,116.41761509
39.93102245,116.493272
39.87998044,116.37060957
39.88229373,116.31870599
39.90174028,116.46121006
39.896122,116.31652754
39.92388988,116.37026767
39.95200142,116.41245149
39.94751677,116.37501686
39.96144892,116.38685419
39.87426673,116.32300884
39.87457251,116.48112007
39.94089811,116.43936007
39.94735752,116.41841579
39.90195992,116.33643752
39.85020143,116.42984498
39.88186946,116.44494344
39.94493957,116.4304318
39.93765685,116.3897224
39.86231318,116.42365487
39.88511833,116.35828209
39.95920546,116.35469546
39.91585349,116.44393204
39.95413192,116.35287136
39.89489901,116.37572316
39.88024384,116.33761498
39.90526926,116.38657012
39.88358857,116.4793072
39.87514718,116.47287212
39.93349309,116.39558244
39.85722372,116.41690633
39.90422939,116.47100316
39.92911932,116.4442189
39.91402813,116.43450423
39.84048237,116.44399555
39.87953853,116.35295386
39.94519414,116.40381303
39.91889461,116.39541593
39.84043317,116.37853575
39.87039545,116.47258854
39.90180512,116.47894224
39.8701611,116.42024129
39.87896661,116.46158529
39.87283177,116.40080105
39.86311446,116.3934861
39.88205427,116.46891999
39.95333441,116.45912314
39.97045336,116.38117069
39.92847902,116.48321496
39.84396991,116.391631
39.95211821,116.40845891
39.9071996,116.35261661
39.90555579,116.4087296
39.86459952,116.42342975
39.932156,116.44564227
39.96425504,116.40048735
39.88758708,116.35769409
39.94032653,116.42869198
39.90972038,116.48758443
39.86641666,116.40329434
39.84826632,116.35053121
39.88028942,116.48626818
39.84810073,116.35678013
39.94907821,116.38546717
39.95062836,116.45318771
39.93562732,116.44139058
39.86307842,116.42881796
39.93353968,116.39563393
39.85565307,116.40904022
39.88977616,116.48063608
39.93704372,116.3313151
39.95166792,116.41353742
39.94512693,116.41992995
39.88748225,116.37302952
39.89958134,116.37899584
39.89070906,116.4048328
39.89650708,116.4174839
39.84004713,116.41873477
39.90041548,116.48975108
39.95251865,116.3813235
39.96835981,116.39609002
39.92243862,116.36732146
39.95056038,116.40461432
39.84371087,116.39885963
39.83389938,116.39822958
39.84099077,116.41055298
39.86152585,116.39431848
39.9503901,116.38103103
39.91607151,116.45120187
39.83268191,116.42128433
39.90027234,116.43036682
39.93777273,116.39429529
39.87477523,116.46138473
39.92997038,116.31981262
39.95370193,116.43346227
39.90039966,116.38073579
39.94617425,116.44256014
39.91106183,116.31685359
39.94227625,116.36876507
39.91299428,116.39664881
39.87973375,116.38637705
39.90504847,116.38062384
39.90716382,116.35053949
39.96418275,116.4074704
39.96735847,116.44927952
39.93823786,116.34594119
39.88752408,116.48447355
39.89387938,116.39744526
39.9024978,116.40452368
39.95578719,116.40843281
39.92137617,116.44027839
39.91374843,116.39473333
39.95410251,116.47184761
39.93119281,116.37698426
39.84198347,116.44763971
39.94706351,116.37837507
39.92506303,116.38943757
39.91964237,116.36744761
39.84762516,116.45729538
39.84585135,116.3871578
39.92747212,116.39905743
39.91367574,116.39843158
39.91004775,116.40325426
39.93147313,116.32885106
39.9364944,116.4519499
39.85179759,116.44389409
39.92011594,116.32420527
39.90755257,116.36237114
39.91662702,116.43038047
39.88041035,116.47645073
39.84145875,116.43621028
39.87992326,116.37825899
39.86466638,116.47423949
39.84582773,116.42337653
39.88936531,116.3679695
39.87016014,116.38240656
39.89886351,116.34877571
39.91240204,116.33426104
39.95448016,116.34099699
39.84129621,116.38406351
39.89114295,116.32610617
39.8830537,116.35305502
39.85557532,116.46722189
39.90054346,116.44859602
39.92469965,116.42462265
39.88452167,116.48211744
39.92781146,116.47232141
39.88660661,116.4250534
39.95051341,116.36350164
39.96829475,116.43590075
39.88356986,116.41254866
39.96650308,116.42170293
39.91069496,116.31448091
39.91952239,116.37624777
39.89551361,116.48663896
39.93877234,116.45327736
39.88481443,116.47858232
39.84836841,116.43488092
39.8726008,116.39974255
39.84112051,116.39627951
39.88493745,116.44187254
39.96632148,116.36164307
39.95549099,116.3584348
39.88064693,116.38500625
39.94841012,116.41108427
39.86227311,116.36336464
39.96270643,116.35848
39.88751674,116.44483071
39.95056176,116.37010225
39.94293587,116.39901301
39.93499381,116.34645836
39.8870591,116.47890963
39.898718,116.37244219
39.85303351,116.40340597
39.88298285,116.33007979
39.9551102,116.34251163
39.93868153,116.44573725
39.86556449,116.47672781
39.88827142,116.35883384
39.85427942,116.44736224
39.85680629,116.39474528
39.90079287,116.36645569
39.85211698,116.38400289
39.90624627,116.39011913
39.88495092,116.44427881
39.93314699,116.34674037
39.86547014,116.38549363
39.90879782,116.48055943
39.94084478,116.41497225
39.91827759,116.4564074
39.87328834,116.37302366
39.96080676,116.41608523
39.91011478,116.47264473
39.95457703,116.43234687
39.95121089,116.34532003
39.91073073,116.42856331
39.9301284,116.41516488
39.8486817,116.45960934
39.96186352,116.36268281
39.90036528,116.32441154
39.86646706,116.43357244
39.91718601,116.41355467
39.96715008,116.37722319
39.85301778,116.36235095
39.90438189,116.363535
39.93078954,116.3330596
39.93508413,116.3751295
39.90606733,116.40797341
39.91956583,116.43846638
39.83651883,116.43662442
39.90777324,116.36887249
39.84995971,116.42980091
39.86709568,116.35678731
39.91188614,116.41026621
39.89028169,116.4266739
39.85481348,116.44772529
39.85234497,116.41122074
39.88461262,116.38028603
39.96015591,116.44216228
39.91265624,116.41764739
39.89071745,116.39291388
39.86910438,116.32880513
39.94507122,116.44907356
39.93819769,116.43163855
39.91479406,116.37284265
39.9517403,116.40895039
39.94340323,116.36693149
39.90290361,116.38466266
39.94730814,116.44457189
39.95439456,116.3637465
39.90753032,116.4026976
39.84756726,116.41874457
39.93405806,116.45360497
39.90821119,116.45785036
39.85254133,116.42429147
39.94087963,116.32766142
39.87461704,116.42821372
39.93578955,116.49185273
39.94239646,116.37891215
39.92554936,116.46316151
39.9179956,116.49131761
39.8502962,116.44966217
39.95045507,116.37674438
39.85248704,116.40030134
39.94792977,116.40759907
39.8436597,116.39093289
39.89875404,116.4719286
39.8654283,116.36566422
39.957604,116.42850451
39.91156831,116.38458315
39.95073422,116.47729751
39.8782496,116.41064315
39.93299624,116.42427942
39.87004685,116.47764071
39.84336901,116.39550241
39.8869738,116.49147034
39.96079864,116.45928348
39.92148773,116.33970475
39.9598163,116.42059323
39.90327287,116.33740952
39.89885439,116.42309008
39.85918702,116.43033086
39.91538192,116.49827127
39.92524671,116.48409393
39.84451535,116.36984874
39.86032678,116.37249887
39.87093768,116.34055212
39.88893384,116.40694756
39.90452526,116.32149668
39.90229142,116.37433831
39.8405944,116.42877883
39.93834666,116.42473329
39.95030781,116.40539298
39.8829485,116.37183209
39.86736365,116.37449284
39.85428974,116.47495463
39.88262953,116.39861065
39.94227711,116.39721331
39.91413175,116.41305037
39.83659162,116.3923928
39.8612512,116.469161
39.96016687,116.4284834
39.95018055,116.42562124
39.87868093,116.4207235
39.90806578,116.40761258
39.96122882,116.42957128
39.88920278,116.45224963
39.84810021,116.41536171
39.96736793,116.36783648
39.91616309,116.3738444
39.92262709,116.39439338
39.86670383,116.45799023
39.89333117,116.37267474
39.87674595,116.40674568
39.90931137,116.37679426
39.92180621,116.39575797
39.85848215,116.3763936
39.96107748,116.45844475
39.89488698,116.32112751
39.96261829,116.39876349
39.88702018,116.42877505
39.84373994,116.42886857
39.89105778,116.33372589
39.91440467,116.38306669
39.87426652,116.39968787
39.85607175,116.38381562
39.92167697,116.46499686
39.96175805,116.37354805
39.95338371,116.38292076
39.94903415,116.40544458
39.83380853,116.41047545
39.85274388,116.35617264
39.84307772,116.42919214
39.85270881,116.43403578
39.86978714,116.46934821
39.86925759,116.45885242
39.90649426,116.41516904
39.85003442,116.45891985
39.9749654,116.40957838
39.91729874,116.4831467
39.91569698,116.31816641
39.95867523,116.41304771
39.95449666,116.34745829
39.9343455,116.47453928
39.86208966,116.41512529
39.88256674,116.3447332
39.95941582,116.34715771
39.93369643,116.46762007
39.9280482,116.40906863
39.88858275,116.42146389
39.93522323,116.40270802
39.91290639,116.43488605
39.95618392,116.34864749
39.8495277,116.361688
39.90053963,116.37947145
39.90671646,116.47184544
39.95595457,116.34955076
39.96419868,116.40507061
39.91089713,116.39875483
39.86380571,116.46751622
39.90798835,116.40915636
39.86248214,116.34805142
39.89787455,116.41177779
39.90322108,116.36124906
39.86483325,116.40745357
39.85431108,116.39676017
39.86720309,116.34823009
39.83831349,116.3734201
39.87457581,116.46323713
39.85032422,116.46452794
39.83804406,116.38204416
39.88162237,116.49190779
39.90970663,116.41814283
39.91298553,116.32814491
39.85446347,116.454318
39.94413787,116.46143304
39.93426454,116.43175108
39.90484215,116.31756503
39.91013443,116.46771064
39.88794132,116.31643305
39.87568922,116.36130141
39.95490144,116.4531249
39.95840448,116.37856694
39.85150914,116.3500417
39.86412351,116.432863
39.89496976,116.34262855
39.93626759,116.36841222
39.90386912,116.43657575
39.96085836,116.41849362
39.89640263,116.3877366
39.9217022,116.39563529
39.93719789,116.46213152
39.85925384,116.42643412
39.83768957,116.39320752
39.9420247,116.43587764
39.90497302,116.42827233
39.87302553,116.34167032
39.90937944,116.46081865
39.8408707,116.37785815
39.9432442,116.40557955
39.91134197,116.34948596
39.87866997,116.39600434
39.89324662,116.37474312
39.89253278,116.45843735
39.94762889,116.34582277
39.92413497,116.43349818
39.8785027,116.37741697
39.84035508,116.45008183
39.92774388,116.48074569
39.9311397,116.38551785
39.85976071,116.45659535
39.86504129,116.48295064
39.86123606,116.41789674
39.87419484,116.4647114
39.92132416,116.42129974
39.9570634,116.38116435
39.86711567,116.45144933
39.84426004,116.37083195
39.9173759,116.33354412
39.86464885,116.46982501
39.9039779,116.45431025
39.85061956,116.37494924
39.91155786,116.3523885
39.91560078,116.49491734
39.91935455,116.31732772
39.87569701,116.42239346
39.84486365,116.4554366
39.96627577,116.40205442
39.85557308,116.39281646
39.95193613,116.39269384
39.9438947,116.41400223
39.88490348,116.45528097
39.90677051,116.33201075
39.92146186,116.47055253
39.87218284,116.47600195
39.84970412,116.46149995
39.91419583,116.35723549
39.96482084,116.36922486
39.90423216,116.41093626
39.86967532,116.3362437
39.91267008,116.31542255
39.93006864,116.37596811
39.85597424,116.39729713
39.87023432,116.46262625
39.88406775,116.3434627
39.89303764,116.32717293
39.91751777,116.41314137
39.85180385,116.44264362
39.93297377,116.47359084
39.84761935,116.37032622
39.96017363,116.41134733
39.95859444,116.4102733
39.93898303,116.41811943
39.84622207,116.45998124
39.96763413,116.39502495
39.87461383,116.37926118
39.94147562,116.38276523
39.86844104,116.4581174
39.91713547,116.46302519
39.95215025,116.45578093
39.91078504,116.3303421
39.88872118,116.46834103
39.92775191,116.36267433
39.90755047,116.37074574
39.90353394,116.37115697
39.88187303,116.46671619
39.90064768,116.47417319
39.93199731,116.36182441
39.90181603,116.37083263
39.92795469,116.4962075
39.88354682,116.43474395
39.8700902,116.34209686
39.89355003,116.38576386
39.84074676,116.40423039
39.96240451,116.4293065
39.89844315,116.36821969
39.94520364,116.44986388
39.86326464,116.40520704
39.94371423,116.37067273
39.90796667,116.31940276
39.94594278,116.42086159
39.96714405,116.40191113
39.92241155,116.31780747
39.94641569,116.39127765
39.84681314,116.42263527
39.85785527,116.35027563
39.88655073,116.37414684
39.91977929,116.340912
39.87246185,116.44968551
39.9370654,116.42336841
39.96288961,116.43449043
39.91139547,116.31629565
39.86419684,116.44255273
39.95923757,116.400413
39.85753194,116.46705488
39.89924894,116.44198083
39.90478935,116.41945058
39.92256416,116.41497011
39.95197055,116.34816049
39.92363903,116.3705979
39.90585643,116.46876508
39.92528275,116.45397187
39.91486194,116.40315553
39.906829,116.41589066
39.96944204,116.41161522
39.89294504,116.46235634
39.86603437,116.34511875
39.88082203,116.39093455
39.94934742,116.3622717
39.86880909,116.42407338
39.91431228,116.40571344
39.88830052,116.42805712
39.87866335,116.49021028
39.92789136,116.37922725
39.90457178,116.48468033
39.95319694,116.43619568
39.94471576,116.44992474
39.94173518,116.41388658
39.94347405,116.32959482
39.88734027,116.32705154
39.87749781,116.43208015
39.90382725,116.3499198
39.88964538,116.45628811
39.86725789,116.47923024
39.93485727,116.45745588
39.94047149,116.40163451
39.8955005,116.45090581
39.9263424,116.43125813
39.96578032,116.40273808
39.86490422,116.42651299
39.9472519,116.41749776
39.91477329,116.49867812
39.85219816,116.40566566
39.94949188,116.45661275
39.85898141,116.37516725
39.87731122,116.41244286
39.92785992,116.45297231
39.91218334,116.34407766
39.91880658,116.35429345
39.94272347,116.3935319
39.91156161,116.36189091
39.83776643,116.41962751
39.86533939,116.42698551
39.91080451,116.38389283
39.89380208,116.42679629
39.8773383,116.49124414
39.86943833,116.39614043
39.90496008,116.49862596
39.91476422,116.43039095
39.87858604,116.47340129
39.94097884,116.45408833
39.96867322,116.40836589
39.89580394,116.49839456
39.93395706,116.45253168
39.8954867,116.35824891
39.92219944,116.39767799
39.8654388,116.38669259
39.89850395,116.49838999
39.97044192,116.42228606
39.84403909,116.40067623
39.96716198,116.36337463
39.86141749,116.41216168
39.87375501,116.37427925
39.86501569,116.4374724
39.90825107,116.39482291
39.95638967,116.37260097
39.85474732,116.43998876
39.97067713,116.38913021
39.84975985,116.36109666
39.93662215,116.48931153
39.87027854,116.38367759
39.88232535,116.4825156
39.91600519,116.45412197
39.92039813,116.45411487
39.9072079,116.46434897
39.8961239,116.48039988
39.8773784,116.48329406
39.91944517,116.45694293
39.92702277,116.39404911
39.87823141,116.34724346
39.91186023,116.40021207
39.94664799,116.34181778
39.96215379,116.4068891
39.93447426,116.34310884
39.91524491,116.42776918
39.94241396,116.46594757
39.88939024,116.42855984
39.9268781,116.34944453
39.97108941,116.43536032
39.90874534,116.49405347
39.84130048,116.417064
39.88854044,116.47101234
39.85147733,116.3865423
39.92694149,116.47234225
39.88748322,116.37217173
39.93085076,116.42228556
39.88890925,116.39292142
39.93324249,116.43614694
39.90491173,116.4734347
39.8934192,116.47443572
39.89978728,116.43007093
39.89928389,116.45688723
39.97333522,116.42739214
39.89949658,116.41791445
39.97446905,116.40199485
39.8756663,116.45821369
39.95080133,116.47744519
39.92962275,116.44009207
39.91099979,116.36373888
39.93125768,116.36143437
39.90621975,116.36124003
39.85063243,116.43935142
39.90495566,116.34869753
39.94760454,116.40965797
39.92260874,116.38530965
39.91633983,116.48235138
39.93716065,116.45935897
39.84212963,116.44835247
39.86612798,116.39031808
39.92717283,116.33882861
39.85584316,116.41152525
39.86724578,116.36264421
39.91685884,116.48355733
39.90723338,116.34358932
39.93072469,116.4713629
39.86461372,116.44613555
39.87033161,116.38790216
39.9619034,116.35616664
39.93541521,116.40900127
39.94208759,116.35294929
39.9533165,116.37468804
39.95821096,116.46680288
39.93133599,116.37415221
39.93180575,116.42745967
39.90854929,116.42600887
39.85813034,116.42784106
39.9590653,116.35539643
39.88852581,116.49719481
39.85383847,116.40400118
39.91641316,116.42258105
39.93053484,116.45328344
39.86679462,116.42305172
39.85731588,116.35723544
39.92678507,116.454088
39.87582984,116.47785342
39.84888614,116.40116975
39.87443452,116.41862147
39.95429108,116.43170704
39.85135696,116.43559675
39.92641441,116.38416089
39.92160168,116.32390588
39.90222693,116.39458215
39.93394541,116.35193526
39.847676,116.45908489
39.93429085,116.44665118
39.88532115,116.38640884
39.86426232,116.38187498
39.92421385,116.47337485
39.8863028,116.34664598
39.92515213,116.49415334
39.95871039,116.36129419
39.89262346,116.37850206
39.87891998,116.37632562
39.90461198,116.47687304
39.91730363,116.36673185
39.95565087,116.34361073
39.86414538,116.36146421
39.93890235,116.40889118
39.9150434,116.3899508
39.97495825,116.41088928
39.87747377,116.33894648
39.94208183,116.36242467
39.88109614,116.42828447
39.90140902,116.48912694
38.89446432,115.69371621
39.20893435,115.52240526
39.5288241,117.10384276
39.45111856,116.36874072
39.31327265,117.22942666
40.30370348,115.86981405
39.72210597,116.48673552
39.25999374,115.77723379
39.81945606,115.62465937
40.25663468,118.05771762
40.83267602,115.64487452
40.85475047,117.20075186
38.91411894,116.83058195
40.14207816,116.38648309
41.1279237,116.399468
38.88287905,115.56492134
38.70710688,115.36540997
38.89849005,115.43360891
40.49253247,117.82179888
40.18934537,115.00611377
38.72681582,116.56536403
40.53891224,117.1002982
39.18964606,117.72660825
40.48961355,115.22209191
39.08283678,117.62088844
38.85194809,116.99490707
40.38400583,115.86077467
40.58776479,115.80116482
39.41580719,115.88906294
41.21526692,117.09224881
39.40224852,116.43023103
41.06626313,115.75515673
39.34436176,115.84783191
39.46377136,117.29798403
38.87967209,116.1930785
40.59215501,117.32726889
39.29369159,116.65199908
40.58027668,114.86124782
40.14493633,115.482084
40.40885143,115.06828602
39.45319225,115.89671421
40.48018099,115.88063638
40.02773481,115.80025327
39.8065122,117.13215103
40.77892509,117.88844365
39.58161189,117.68906274
39.94331948,116.0221798
39.06353096,115.96162554
40.84861085,117.75876653
38.55523434,117.06289364
39.62910399,115.65073665
39.69899113,116.90384106
39.88117208,116.16619236
40.53208422,116.65847668
39.35063716,116.64264796
41.00224926,117.31063045
40.24297972,115.53514246
40.1787856,115.47117656
40.66719334,115.65785198
39.7126585,116.68359167
38.6501611,116.30719929
40.57276273,116.60537334
39.95151311,114.77299463
39.52399211,115.05874102
40.34404744,115.04906276
40.18219329,115.76801506
39.76326316,114.85268902
39.71879204,118.0276706
38.86402634,115.74976462
39.79265696,115.14252148
39.34801305,116.53390318
40.54799441,116.43579672
38.60463949,116.36107436
41.19724194,115.92622986
39.98198764,117.63945059
38.64928579,116.74470382
40.56173784,115.02590785
40.84585496,117.71992224
39.71149474,114.94454926
39.95758958,117.01484532
39.857359,115.33285887
38.90402134,115.18965177
39.78946156,116.44420399
38.9302348,115.47255072
40.9364073,116.99237507
39.1037887,115.43581066
41.00627907,116.66818168
39.06133482,115.69976362
39.4745788,115.27398186
41.13521977,116.56362976
39.74151921,116.88132877
38.54026373,115.8083121
39.76190252,115.24301708
40.12391649,115.72409608
39.10950934,115.5570931
39.70885248,114.70479741
38.75118864,115.63906091
41.01491171,116.01753869
39.20649094,115.75949459
40.9406751,116.64951953
41.02643757,116.5455101
40.94469144,117.66560701
39.73155425,116.626457
38.99407103,117.17371746
40.12380883,117.76839255
40.81615442,117.2728352
40.17703918,115.88923896
38.59374759,116.20116553
40.27824329,118.0159297
40.23307297,117.64970049
40.22157239,114.72640133
39.62747423,116.69614041
39.91429825,117.75571343
40.56803065,115.6563627
38.76012382,115.86392808
40.90830522,115.44160957
38.99015776,115.7168382
39.43796196,116.65791882
41.31742043,116.57441894
39.07826024,116.65948925
40.14408433,114.65246601
38.82480345,116.74784688
40.96766201,115.64532764
39.88049741,115.29372554
40.79200089,117.43508693
40.07241568,115.52596568
39.24971812,115.42634549
40.13712609,115.37146091
40.8782003,116.19735716
38.65382763,116.24763213
39.76870205,117.06194944
38.87730946,116.34788823
41.30637707,116.72235929
39.48854031,118.18970486
38.49069331,116.51181172
39.87692061,118.21094943
40.19202109,115.91082691
40.9395347,117.72707777
40.98539839,116.79337292
41.07168736,116.83683537
41.16126631,117.18397329
40.66608058,117.49771268
39.12857456,116.0974741
40.93700683,116.09395278
38.79356691,116.80777217
40.80264249,115.7128964
39.33755675,115.77195114
39.06556187,116.83908331
40.93060095,117.20093419
38.93476938,117.38321004
39.4501521,117.73384702
40.76837716,117.00284764
39.26436584,116.50150254
39.44711921,118.17666578
39.41583744,116.4770611
39.91067907,114.99905791
39.28076898,117.63615005
40.60661527,115.72809194
40.28023451,116.09614904
39.4207897,117.28672781
39.36915358,115.7063404
41.17562181,116.11461514
39.5918893,114.72238857
40.97973594,117.21164789
39.95202694,116.92094602
40.3381879,118.12634309
40.07579508,115.2070528
39.95166931,117.05864002
41.1672634,115.96584345
40.37281311,116.0378033
40.10644827,116.60962305
39.20691692,117.28981869
38.70397938,116.52593821
39.55660259,116.15136349
39.04928314,115.18275472
40.42827045,117.88659699
39.87412532,117.07846806
40.08153737,116.9570343
39.07995387,117.41254098
40.36620065,115.80533355
40.24081811,115.5353171
39.90230956,116.74444355
39.15856842,117.92672026
40.63654958,115.39663465
39.30658016,115.37522036
39.78424637,114.61175953
39.68656267,114.59793499
40.46894351,116.35281101
39.63794917,114.64947653
38.50180335,115.99585912
40.21623542,114.89771694
41.19746831,116.3367387
40.33789204,117.33257764
40.3709031,116.60613155
38.84804803,115.19886763
39.60006761,118.04004553
40.81612709,115.04887384
40.75556366,116.88886983
39.03974124,116.43493841
41.29994616,116.20787381
39.12645351,117.7697347
40.88526357,115.06915123
41.00820165,115.80520152
40.70345823,117.53123365
39.2160903,114.93728219
39.29648378,116.38629436
40.50738975,116.29367205
39.01368916,116.86552384
39.51089287,114.9293795
39.02842381,117.70467209
41.15623307,115.97358646
40.22403038,115.51249175
39.25048015,116.4193535
40.98659671,116.21793633
41.20930334,116.93763066
38.9012725,115.32551354
39.78537554,115.5616643
38.78003113,115.41058963
39.57087938,115.83758716
38.83053984,116.17588089
38.50000308,116.06780273
40.16105366,116.53277455
40.5507215,115.56321558
39.64930424,115.28203263
40.41076366,116.19725356
40.67862565,116.11312232
39.21580788,116.13066657
40.24439688,117.5523351
38.68378837,116.02375064
39.93069252,117.04793827
38.62915921,116.98724488
41.0344415,115.73283218
39.85460783,117.99195421
39.72604089,118.00895326
39.74591383,117.23153003
39.75766367,118.03939109
40.19536134,114.64683792
40.7236371,117.59276025
40.23743444,117.95955907
39.72755815,116.69161392
39.99173356,115.53366557
40.76025132,116.00683811
39.9680274,116.53563492
40.3451565,114.9761681
39.87102158,115.45081212
38.85243225,117.10638689
39.50639959,116.35464259
40.51964127,117.83350576
40.2403156,115.02381663
38.98985417,115.40202625
40.59915961,115.34365965
40.56032793,116.99971053
40.55474516,117.26418987
40.89026461,116.95141605
40.9375985,116.31742668
41.20267615,115.92537867
39.70725323,117.54420466
39.84178186,117.46461744
38.58825407,116.28450532
40.90543374,115.15042145
39.91381269,116.23562308
40.84273774,115.24973107
39.98130355,115.22587287
38.97290335,116.48111085
39.88732315,114.62871737
39.24841226,115.8110145
38.85831786,117.15721149
38.84594325,115.46230615
39.43174877,115.25539378
39.00359232,115.94321862
40.11959635,116.01569664
39.55383434,114.90118655
39.30186905,115.43011916
39.42097581,114.67399075
39.91920236,116.4521596
40.56727855,116.02381017
40.43306981,115.0257635
39.38260537,116.19039455
40.05513846,117.64239705
39.59975998,117.90805595
41.11611297,117.33487747
40.26900481,116.39982111
40.49442162,116.22974132
40.33922457,115.4063261
39.43772054,116.87020396
40.34269667,115.84936539
38.7149136,116.01715439
39.659183,115.28756045
40.84561072,115.09590983
39.60085514,115.76602703
40.44376317,116.62851348
39.57154591,116.26047972
39.72680848,116.7378717
38.73596639,116.92105315
40.75599725,115.1867383
38.7607804,116.38358327
39.980939,115.90338062
39.88937858,117.17714349
39.39837352,117.81854438
39.69633554,117.35635698
39.77173416,114.62084038
39.40518215,115.52311117
39.24421413,116.18834869
39.79435048,116.10188946
40.16937341,116.72672611
40.50488693,116.85896028
39.93740429,117.94474762
39.81742659,115.85956169
39.34920394,116.3497195
40.01147961,117.23057875
39.55593042,115.72106985
39.15495018,115.65643764
39.74006794,116.36154265
39.63391342,116.8826992
39.69746486,117.595704
39.8339875,114.52537331
40.94203013,115.80758455
40.68589728,116.29134248
39.13767,115.38160265
39.63475785,116.00815856
41.1913652,117.13893161
39.14905024,116.33431718
40.6456593,117.53560512
40.70136041,117.06933648
40.09239957,115.23605306
40.82642013,117.05832337
41.21408194,116.46205554
39.53894424,116.87489037
39.28372376,116.29151475
40.70414762,115.55180361
39.49512852,116.7715174
39.51554214,115.9757378
39.26852654,117.70125074
40.09548562,117.85390266
39.99642801,116.6286392
40.28308161,116.27874448
40.26687213,117.70183482
40.88730964,115.70927779
40.50399612,114.9061242
39.36592693,116.66476042
40.66164171,116.64335545
40.00835971,114.52676226
40.99195122,115.84400312
39.80538664,117.30278068
39.42017435,116.76300179
38.71066416,116.43853866
40.92293508,116.95556642
39.10602268,116.57496401
40.04158608,116.77862122
38.62851783,117.15205221
40.27759974,116.91791307
38.54115737,116.0276219
40.54485434,117.08597498
40.54572885,114.93733351
40.18390155,116.1142534
39.17456776,117.32115178
40.40874961,118.10175684
39.65428674,114.64763538
40.5475188,115.2649269
38.77721009,116.70715764
41.28565186,116.06074739
39.64745631,117.246161
40.02475208,115.41254741
40.85380525,116.27458977
39.37263308,116.33363938
41.1179439,116.48179371
39.64592572,116.44153956
40.57116552,115.70554386
39.46166261,117.28581306
39.14715094,116.8458466
40.80558221,117.13720674
40.1734569,115.43282167
40.36208429,116.15973307
40.94373527,116.07668091
39.79490971,115.48417811
39.01126759,115.99257003
40.30723282,116.82216902
40.78609959,116.93155159
40.98074569,117.32422219
39.55051294,114.59243998
41.13482029,117.38132678
39.5899694,118.14549569
40.35966754,115.25706008
39.60293957,115.13739102
39.92696965,114.95688305
39.2175019,115.95508107
40.42668453,114.74474512
38.61716587,115.91544975
38.84142946,116.04856898
40.24096474,117.34996674
40.18166159,118.10249124
39.7901327,114.78516748
39.82982748,116.29295062
40.50190041,115.9773137
40.07705891,115.17835862
39.47007458,117.3065832
41.02819336,117.08060851
39.712946,116.73155371
39.56967476,116.43046414
40.76065103,115.45165813
39.45890656,114.75249965
41.22410098,115.83023908
39.43520155,114.84827809
40.38235357,116.28567643
38.84692449,117.07958443
39.88836136,115.53332358
40.63028843,118.0441981
40.91237472,115.70138529
38.73544248,115.65133321
39.16674978,117.33323631
40.04220977,116.62503643
38.99063594,115.74567554
38.56403189,116.54190553
38.74281053,117.42750981
39.63389669,115.34313805
39.14433886,117.27381039
40.50693879,115.82921218
41.12408924,116.40843313
40.09321494,114.97498706
38.74556718,116.32994635
39.09438288,116.00424795
39.51783175,116.46053557
38.87153603,116.10705089
40.37667346,117.78419591
39.67414466,115.66412237
39.95731505,116.31185136
38.45944615,116.3195924
40.05954773,116.8838962
39.9823016,117.06661265
38.97418186,116.01893577
38.78080977,116.58556331
39.56460076,114.63802145
38.85453768,117.25266
40.83986165,115.52925336
39.19150816,115.99581319
40.04063414,116.51020164
40.64847578,114.87193447
40.22678333,115.50674244
41.12553328,116.32729168
39.64421271,117.42802499
39.83581842,116.8050833
39.74512413,115.60582003
40.20906609,115.64371757
39.53382682,117.85375631
39.71859291,115.96438281
39.45077609,117.24985929
39.44038101,116.29989953
39.77234534,115.30015719
39.85339033,116.64821546
40.55668725,115.91915715
40.26190988,115.42713246
40.23659788,115.44112968
40.3976629,117.59093354
40.46477204,115.9786365
39.86060736,116.06244172
40.04254226,115.15285039
39.52848967,115.63739899
40.70444788,114.85596726
39.70304317,114.60125626
39.90608658,115.9751034
40.99176306,116.63861928
40.23821391,117.6007843
39.09932373,116.84171986
41.2797861,116.97109881
39.63396456,118.23402488
39.10186871,116.22424802
38.9754343,115.18743975
38.57510507,116.3336642
38.83597279,117.28361442
41.10955244,115.71570925
38.54037477,116.87222685
39.1543808,115.82752345
39.47867273,117.70439968
40.24536343,115.95560912
39.59023021,115.68166311
40.67306602,115.09772263
39.61645053,115.79923531
40.16679943,116.41179161
38.52552177,116.90064979
40.5918691,117.20586737
39.29744487,116.66730083
39.50073463,117.25891721
40.01733221,117.42680941
41.10271333,115.7380699
39.48597638,116.69514114
40.22801283,114.64193554
38.73289744,117.43966858
38.87766057,117.04639349
39.46271514,115.55819001
39.20935291,115.50806137
38.66398374,116.57662804
40.14939125,116.6769942
39.76481088,116.26638252
40.37163575,115.48807252
41.2417094,116.25698475
38.98085574,115.59271992
40.59355661,117.6134585
41.20612229,116.0945847
38.74345845,115.37520649
39.4713786,116.97494323
40.04581063,118.1286529
41.12254666,117.18677543
40.84653483,116.80063681
39.29598659,116.24356489
40.83923774,117.73634183
40.0812302,115.08533876
41.11400604,117.29359773
38.91683761,117.73153423
39.11847764,116.15101766
40.24635712,115.73222305
40.64200499,116.93409279
40.24511112,116.42967552
40.72645434,117.83454569
38.66343908,116.48048662
40.43322765,116.17555014
40.69173614,115.12847498
39.08134346,116.17903688
40.39188564,115.88767339
40.78939622,116.08475814
39.29942949,116.44793689
38.50386698,116.00089279
41.29793599,115.92767381
38.96389272,116.0419077
39.45090249,118.13719518
39.73669595,117.70449194
39.45416865,115.71217256
39.58049619,116.19015617
39.72665382,118.00404103
40.29785323,117.08399642
39.66311696,116.09829705
40.61316143,117.51876917
40.07811925,114.92119252
40.02232115,117.40115012
40.15689883,118.07426311
39.10473522,116.0103465
39.76019661,117.8049893
40.18330965,115.90574261
40.35317545,116.15682504
38.58063461,116.95765487
39.53243241,114.65259105
39.60532082,117.12181563
39.78265451,115.28771017
39.94761922,116.84501571
40.45986988,116.18604529
39.56868962,116.32318011
40.34041541,117.32632769
41.02297482,115.91963614
40.67967529,117.15260752
38.75390127,116.88918025
38.91192476,117.28798817
39.18475131,116.40000319
38.50457728,116.84363632
39.49398776,117.70024312
40.41577088,117.6211384
40.2845856,117.25154552
39.11500085,117.28657907
40.81360476,116.87067746
38.67333039,117.09462543
39.76593388,117.68635986
39.95980315,118.00196785
38.95218634,117.54067836
39.84609509,116.03162979
39.53655719,117.29663479
40.39381791,114.81489413
40.42325149,117.42414153
39.19805298,116.10371154
39.76308814,117.09597976
39.00051303,117.45311259
38.71631092,116.44238651
40.14451745,116.68435655
40.7748996,117.08648758
39.33859359,116.62963044
40.216877,117.40765936
40.85255236,116.87492347
40.94286992,115.3870443
40.19762915,115.28900195
40.48280759,117.93421515
40.09311907,114.92527505
39.18866948,117.75632482
38.88160936,116.88438084
38.67910379,117.09959102
40.77174683,117.41706775
39.79120776,117.4461271
40.3031114,116.57480292
38.88873884,116.16543408
39.09920146,116.3382351
40.53469298,117.20970611
39.78625209,115.13421681
38.73057144,116.00791416
39.17481697,116.84652894
39.69702926,115.7314957
39.89786187,117.9146489
39.40782037,115.78636785
39.06207523,114.98687899
40.50182699,117.49652821
39.39577003,116.8923677
40.00664506,115.42159196
39.90543458,115.36689903
39.398701,114.79100493
39.67303597,115.12228605
39.34802025,115.36104007
40.36718413,117.70777808
39.59877947,115.86152385
40.55646023,117.99230727
39.72196905,115.80314982
40.72969272,115.26753278
38.82566152,117.22004132
39.31300456,117.51383192
39.24366742,115.30745784
40.36212142,115.54843243
39.41577227,118.03714665
39.5015217,115.46189859
39.90151743,117.73695188
38.60011882,116.92775195
40.01124446,114.74635516
39.2635358,116.89383179
40.70035151,117.7746046
39.88834774,116.85267969
39.50423089,117.28477311
40.38425816,116.31489553
39.62808651,117.89573755
40.08335039,117.84268389
38.82784022,116.884608
40.56680477,117.58524699
40.87574678,117.33703094
41.27160206,116.4159359
38.94836823,115.57746944
38.93223545,116.43446545
39.81196573,114.63294506
40.17115143,115.22578208
38.84620527,117.54831486
40.46265892,116.5666673
39.26785228,117.31428262
40.7481847,116.07333463
39.64529485,116.2782887
39.648425,117.55938131
38.52095742,116.35441986
40.04371358,116.65769191
40.39829347,114.88917485
38.98517043,117.14579719
38.97314182,116.10673178
40.71837145,117.49000741
40.55647046,116.84172434
40.52362261,118.00614993
40.65400649,115.92989901
40.36814473,115.36093745
39.09053599,116.89803755
39.48230755,116.66282547
39.18638669,117.41513135
39.31804078,115.1113805
39.49737602,115.11653236
39.1772709,117.7206378
38.99975188,116.42914149
38.87255045,116.58376657
39.06907584,115.03722468
40.68308033,116.82264815
40.90522475,117.70798263
39.89641238,116.7156333
41.17043716,115.65241126
40.0142344,117.00339457
40.15685055,118.09246778
39.25651025,116.59355976
40.16626308,117.97957971
40.51013296,117.89571983
40.12881091,117.06319345
40.54608942,117.21716354
39.87924836,117.91594322
39.87336858,115.9112708
40.40240114,114.71069348
40.11992481,115.26087146
40.87120738,115.95623828
39.73407567,117.26119836
39.87690237,114.6601321
41.0155021,116.57288507
41.30424881,116.87383385
39.10451173,115.27086699
40.63020271,116.9347501
40.92180745,116.72589112
41.0427957,116.47369777
40.28114672,115.46413863
40.39274429,115.34871386
41.32476629,116.23874616
40.17616762,115.54503695
39.95494258,115.04337668
40.5293038,117.00698457
39.64615756,116.65591155
39.47813695,114.62120555
39.28726915,116.57352601
40.13410291,116.57700144
40.62877947,117.91201246
39.34806637,116.40035081
38.85525041,116.19089177
40.57361509,115.75057992
39.81001549,117.18546124
40.69131206,115.23694178
39.21301674,115.15586828
41.08498595,116.60248142
40.25573625,116.97854449
38.63210739,116.74832957
40.29564546,115.92560438
40.66268934,117.40238815
40.41094259,115.43727953
40.79976175,115.71901508
40.05006281,115.50824972
40.44118474,117.6854168
39.14779542,117.76086096
40.72555279,115.28333648
40.47428679,115.19348276
38.5002491,116.38433982
39.47528094,116.04538238
40.34041211,115.35518465
40.06953045,116.35365518
38.82095671,115.41876306
40.23744313,117.04488597
38.62234699,117.13634156
38.60270013,115.99121646
40.50991455,115.483674
40.32251764,117.10142901
38.57896029,116.74261888
40.02742619,118.06553378
39.48910326,114.80436154
39.53752783,116.69463008
39.59019463,114.82232496
39.98003683,117.84731142
38.87613296,115.39650991
40.16765622,116.57137204
39.8943552,116.63049564
40.96919597,115.34149962
39.59576607,115.43603798
39.77905896,117.41290283
40.71721909,117.47426925
40.26146613,117.31821275
38.69112664,116.89260011
38.72958706,117.34499604
40.64551292,117.51685701
38.71225744,116.01713733
39.16423151,117.66454352
40.17373015,115.06623814
39.31542383,115.14491448
40.38923914,114.99150932
38.8725032,116.31785844
39.01895333,115.00490072
40.98084863,115.38854492
38.9258436,115.86226531
40.0248991,116.86383369
38.50021171,116.46645983
39.84542119,115.74223386
39.7719052,116.63135618
39.50711398,115.348133
38.95356738,117.64414418
39.36339838,115.67392247
40.28638654,115.10167043
40.52622726,116.88459604
40.85961515,115.98739926
40.38909497,115.87805726
40.70163603,116.95533545
39.24133845,116.15953293
40.42201063,116.62983433
41.21826119,115.79740584
39.92441545,115.82259625
39.38043775,116.59147961
40.01490796,116.09329466
40.61540037,117.34365068
39.609473,116.15680491
39.04882314,115.41208726
39.03060651,116.70201495
39.66773694,116.5633062
40.73422684,114.86069447
39.6883389,116.18487666
38.53010842,116.81781645
39.57504672,114.88911832
40.58378361,115.16249102
38.70988996,115.43937814
39.19160799,115.37275789
40.52610994,115.00335578
40.81372482,115.52898326
39.58971837,115.27017993
39.92495712,118.07367092
40.8859962,116.29810154
39.94337119,117.86900717
40.67194191,115.78580322
39.59572861,116.57891001
39.73947758,116.08721329
40.19715703,117.35553997
39.90768182,117.45215115
40.0383914,114.58186005
40.12887494,115.8428699
39.01294643,116.3327649
40.89385749,117.69553943
39.06516852,115.11775096
40.710458,116.82059054
39.74262529,115.9139468
39.65893251,115.9931798
39.19960062,115.49863271
38.86016592,117.25833784
41.01512405,117.14091286
38.78685012,116.07688131
40.72812511,115.99285654
39.78957203,115.21070599
41.18791229,115.88533716
39.89145602,116.48730066
39.88982007,116.20880351
38.94594982,117.24805905
38.66288029,115.5180581
39.66930192,117.9935919
40.46246184,114.98762713
40.7459056,115.6466978
39.90383148,116.81982332
39.53410989,115.61144155
39.50593752,117.23746631
40.11334166,116.30734125
39.18367624,117.37051446
39.28135991,115.24216349
40.33626975,115.07262209
39.1076281,116.55484563
39.53535915,114.91285535
38.91462642,117.20505486
39.94650337,117.87959039
40.30689431,118.08445247
38.87263813,117.5798049
40.09384406,114.97403154
39.83547306,116.05516017
40.22378544,117.62252268
40.61438619,116.53931895
39.72675732,118.15187995
40.37623663,117.73651093
40.71285636,115.96762833
41.27266897,116.42599544
40.38025846,117.63074566
39.65352798,117.64174695
40.36300172,116.92534852
39.54817242,115.32165933
39.36914664,114.86832825
40.0747562,115.82123109
40.83015369,116.76669473
41.04181001,116.25102397
40.5381802,117.09403675
40.86053896,115.67881629
39.6232598,118.0547067
40.0403227,117.44359296
39.84313954,114.54909103
40.16653998,116.70557576
40.08575575,117.06918512
40.18844684,115.75444848
40.45186166,115.0675692
41.0400749,116.0591921
39.99931307,115.26824381
39.54738508,117.56818171
39.8230648,114.8672903
40.22199626,114.61139705
39.90271146,115.79877496
39.8942155,117.67537593
39.70359617,116.37123154
38.58299252,116.18168557
39.70792281,115.63557196
39.2039329,116.91735465
40.13637131,117.58932169
39.58460983,116.50273583
40.19446008,114.98680096
39.34185546,114.96484318
40.07487121,116.07781996
40.04720684,117.46847136
39.01818003,117.73037525
40.93156781,117.47414499
40.82520225,115.31270305
39.17772383,115.02048193
40.80351478,116.83221354
40.66914842,117.2450752
39.16750659,117.52800226
38.78265502,117.58883698
39.93430373,115.47097658
40.38902173,117.67082534
39.58394769,116.75357774
38.53054771,116.06476125
38.93325465,116.70497655
40.76897422,117.58885588
40.4094949,117.34633442
40.28684086,118.2187211
40.90890301,115.15452998
40.42171902,117.92130673
38.83031385,117.49884581
39.28612092,116.60223761
39.87759768,114.93572001
38.85606534,116.87482678
38.98751849,115.64153481
41.04397692,115.76264883
40.75738852,115.0411534
40.66645545,117.06363822
40.92407962,117.10144028
40.8054881,116.63119828
39.05745568,117.8261983
39.27571374,115.37930846
38.85977732,116.45648604
40.30476004,115.3096733
40.43324633,117.65519338
39.27119566,116.4176893
40.4361957,117.19040867
38.88486186,117.61106136
39.40583804,114.82124762
40.22845862,117.10180265
38.86228926,116.04923249
40.09635378,118.12433243
39.56594172,117.08631328
38.71325981,116.14172732
39.15011423,116.71618414
41.10167893,115.66488404
39.74333999,116.17676199
40.58465857,115.48629999
40.32206503,114.97231723
39.02676538,115.74807386
40.04235248,115.3852203
40.30611521,115.06517764
39.52487102,116.83962009
40.37423661,116.82288009
39.78713559,117.56845228
39.56817213,117.79546218
40.56567898,116.52602468
39.25665303,116.35357448
41.29393143,116.30602588
40.92644078,115.41733335
39.06041472,117.40134636
40.78765258,116.13120357
40.60430888,114.79015382
40.42701995,116.55194345
39.3684294,115.65476748
40.52308345,117.95675815
39.66118998,118.17488993
40.36507419,117.044114
39.46614358,117.07562408
39.77057305,116.18443639
40.67318241,117.0028071
39.98171917,115.64604506
39.61385398,118.09213929
40.81308728,117.75326147
39.16526262,117.8978491
40.89956325,116.39789011
39.1042825,117.52799642
39.26808886,116.02964037
39.30462253,117.56466322
39.65755813,118.16678595
39.85578386,115.4662639
39.47254489,116.5373349
40.42594797,117.76808936
38.59630972,115.6252636
39.34666474,117.83124096
38.92700171,115.55888593
39.71551826,116.41244693
41.21386226,115.71519502
41.22418938,116.73934895
39.66462303,115.27457901
38.6058378,116.71973081
40.31141517,116.18747958
39.67808141,115.89840049
39.46878644,115.0032338
39.38810531,116.01022814
40.39358573,117.33699165
39.06364438,116.04231236
40.68114742,117.26000131
39.08128042,116.95456697
39.61420922,118.16049447
39.26533484,118.07624861
38.99279131,115.23994527
39.53509987,117.07184593
38.69700267,115.52657364
39.83810858,116.71949169
39.65698354,117.70462197
41.14821656,116.40085437
40.56672164,116.24941644
40.44993854,117.76973498
40.40587096,116.18064558
40.43034068,116.60755279
40.44892299,117.77962063
39.79382186,116.27473836
40.64558308,117.04944903
40.37872728,118.18491539
38.47999346,116.3040964
41.03628959,117.3041758
40.03740434,115.57288674
38.54448614,117.01503035
40.32327695,114.77876471
39.46656392,115.11249142
39.31328835,118.09440038
40.96819999,115.6885892
40.51461582,117.64965819
40.09525679,117.85186411
39.71625726,116.36597981
40.20360155,114.90211182
41.09813141,117.33000632
41.02804032,116.45943754
40.79658951,116.34811286
40.34089315,117.53307974
39.76461145,116.28274709
40.13078989,115.14755794
40.18157145,114.93623984
39.91951998,117.37901208
38.51600446,116.26402946
40.4073362,117.61512946
40.22192601,118.00790184
39.16142898,117.57306662
40.59143748,116.85565921
40.73089089,116.78391274
39.25363882,117.22177069
39.03427856,117.85950011
39.80912344,118.25264674
39.82609528,116.68443934
40.53231275,117.7426541
39.82243458,115.23740543
39.66328221,115.37265779
39.36039523,115.00635367
40.7593114,115.68713445
39.43677698,117.89556594
41.01132821,116.86855666
38.96587098,115.59414865
39.65146995,117.89709604
38.98750634,116.73893143
39.33389374,116.72799889
38.52992906,116.53319601
39.32253659,114.96656184
40.94498609,115.4319748
40.71731626,117.71852293
41.07974142,116.37411366
38.7314067,115.90993325
39.96711629,117.10383593
38.90975699,117.3762597
40.12117142,117.45297515
38.77460117,115.32670092
39.44091333,116.21126121
39.22827814,117.64138893
41.16832055,115.96302014
39.69154555,114.58192415
39.12282231,116.95760898
39.11100592,116.57389661
39.67405531,116.6825297
40.38760999,115.07235589
39.6171718,117.59923779
40.69909207,116.7393698
40.52208165,117.71146935
40.6729284,115.61249967
41.30696472,116.54575929
38.74725783,117.46359471
39.04192042,116.71896024
40.73202856,115.48355693
39.88540205,116.68696971
40.88525529,117.04612002
38.94179624,115.11439105
39.36116177,116.12339707
39.57455174,115.19704342
39.72802958,115.76681162
40.6385382,117.00146602
39.67296279,116.62397501
40.35350551,117.2620842
40.76634904,115.28357775
41.08966181,116.28972888
39.37074088,117.82578647
40.65175509,115.79381508
38.71863348,117.35015155
39.05118792,116.48243828
39.97358109,115.2891589
40.43952806,117.17073151
39.95621021,117.68431191
38.6929669,116.1540682
38.82853804,116.94150556
40.30061531,116.17980553
38.77375828,117.52510424
39.60249321,114.71141251
40.79777738,115.75206763
39.03805347,115.6838336
40.71616446,116.59240628
38.79241525,115.86044186
39.54006319,114.6757232
40.15135738,117.18466571
40.28564072,116.33493354
39.26126127,114.78149338
38.76056368,117.5495979
39.54457966,117.44392772
39.67935063,115.15555521
41.03570453,117.06095707
40.05153329,116.48169092
39.35892966,116.05324091
38.98060716,117.73882058
40.01801522,116.61730109
39.70766401,117.28489681
39.11924566,116.27867895
40.07187119,118.19525016
40.39967665,117.67147091
38.90742156,117.75223046
39.82336741,117.04977969
40.87278795,116.59319732
39.82161076,117.91433869
39.96906347,114.74326527
39.80260892,115.93109301
41.14456586,116.38163336
40.87043057,116.74607435
39.34130427,117.7718768
39.26171294,114.78711825
40.68192141,117.54702946
40.78684111,117.10266621
39.03601819,116.93615403
39.00093567,117.67960054
40.94109666,115.29841488
40.72672818,117.85516505
41.29929439,115.9801967
39.5555878,118.03533843
39.31619619,115.62886727
39.52859753,114.77420363
39.10016781,117.86141599
38.99183522,114.98195919
39.35432237,117.69497303
38.97524866,116.57964476
39.34042464,117.20774024
40.07421494,115.18742352
39.8839477,117.43651077
39.20726604,115.45055816
40.38251726,115.27754795
39.36219239,115.53310031
40.07277487,117.49056227
40.54444013,116.54630893
38.81325901,116.80869768
40.08107447,117.171401
40.84913255,116.22019881
40.37143409,116.28969699
40.48304195,115.87983648
40.90785443,117.56324328
38.9799873,116.38777699
39.32172086,117.96572492
39.072385,117.47283634
41.08287532,115.95400115
40.83621186,117.27203317
38.56390046,116.72796431
39.52974938,118.12043797
40.5778032,117.55280531
40.11374361,116.81043446
38.80969096,116.81478337
40.57243153,116.80609368
38.84736585,117.40816403
41.04365384,117.27539281
41.23643365,116.31482483
40.57463447,118.08632313
41.09763568,115.33420622
40.89898276,115.98507232
40.56510613,115.79271143
40.06711627,117.72515327
39.9699732,116.51324847
39.69156914,115.53266923
40.38672747,115.26949865
40.87008259,115.68765888
39.35387315,115.44247085
40.77842624,116.82971442
40.95577583,115.72022705
38.61669651,116.57698323
39.68268005,117.53436043
39.03421696,117.47245855
39.34445125,115.80368778
40.24699158,116.55508504
40.40962209,117.34370247
39.57162305,118.03860583
40.76236358,116.64826273
40.22769643,117.67040526
41.11167129,115.68657914
38.59965385,116.03902321
38.8069573,117.35466075
39.37893327,115.40226146
41.01468628,116.34338618
40.00611261,115.38273949
39.79578768,117.09516575
40.41122935,116.84063491
40.61040157,117.13623844
38.85847431,116.9836416
40.34029935,115.33764376
38.85060897,117.60807063
38.87515032,115.28568924
40.24533132,116.86914852
38.84247627,116.41898851
40.38878608,116.33780052
40.00838199,115.14684962
39.75439139,116.86758661
40.54682269,115.1082948
40.60172217,116.46139419
39.59134427,117.0052811
39.78082609,114.64331894
40.96038832,117.1085209
39.05700156,115.06250988
40.2082064,117.18613328
40.38980638,116.40433114
40.43580337,117.05978977
39.04487422,116.27023818
40.17956663,114.83918488
40.242442,115.30033993
40.22125526,118.21615184
38.68542424,116.15790541
41.1062861,117.23027939
41.20160812,116.6205809
39.03543928,116.78566292
39.85426689,117.73301384
40.59747823,117.88856207
39.85138305,114.74635435
41.1692242,116.92884667
40.11855839,116.00195959
40.40244077,118.06737183
40.97473017,116.99888543
39.91072053,117.79331603
39.93438454,117.61982692
40.59908936,115.44262785
39.75441696,117.9714178
40.03199694,117.44964819
39.16333059,115.96489035
40.77565957,117.443269
40.83801329,116.20722081
39.518216,115.6056973
39.56494131,116.82150424
40.18448157,117.08550532
40.12894308,115.1595257
40.08337608,115.60036581
41.17069121,116.3499994
40.66277188,117.60530495
40.49677161,117.10286817
39.12527259,116.45479912
40.23806733,117.90242202
39.91273018,114.77669034
40.89182858,116.85672547
40.02605793,116.9439178
40.33321786,117.41431844
40.47703591,114.9582419
40.32206222,115.21831804
40.1065489,117.10688557
40.02261548,114.84030518
40.79208176,116.18654214
41.00331913,116.85592065
38.74897907,115.49314087
40.74051597,115.73059318
39.34358717,115.66939703
40.36042194,115.49449691
38.72257496,116.82391846
39.10311801,117.60487029
40.29188955,115.817606
39.01295279,114.96990273
38.68368751,116.90114911
38.95272151,116.46408132
39.88711443,115.50793144
38.67194982,117.2606748
39.661578,117.12642538
40.18047672,117.05850278
40.92254348,117.20472767
40.9278489,115.22148779
40.62520022,117.22434929
40.13621352,117.7276432
40.40446441,115.61774026
40.3042534,117.97824954
39.48857399,117.80730148
40.26275471,117.22320257
38.8118745,116.55553452
39.30128811,117.50003791
41.16474427,115.73443921
40.09754314,117.31508486
40.91730897,117.64210233
39.80588835,116.3622804
40.26165447,117.38101122
39.25033295,117.61720826
39.75224096,114.56760859
39.74405172,117.95356778
38.95847254,117.15222846
40.35842765,116.44069931
40.44390315,117.49094652
39.98534336,114.73860897
41.00786149,116.18116782
39.4137548,115.25574808
39.29547534,115.43516529
38.858608,115.72120692
40.6009503,116.28198574
40.79783177,115.34694579
40.6670002,115.60038427
38.95299256,115.63485972
41.136539,117.28955663
40.42205657,117.61076935
40.55960619,115.19380611
39.24567686,117.05179813
38.95526295,116.62648177
41.20636024,115.66287218
40.87334309,115.76061224
38.83978641,115.37911085
40.25309048,116.65155539
40.75461467,117.22675928
40.70028393,115.82761102
40.84985018,117.70103489
38.88684858,116.93067856
39.195741,117.78320488
40.36930448,116.76563915
38.74564446,117.19759243
40.73029005,114.92244801
40.72699521,117.28258489
41.27110314,115.86796502
39.85239334,115.73960697
40.75217494,115.78257313
39.34467487,114.89013577
40.22078789,117.36834116
41.05008625,116.80746175
39.95208088,118.28649214
38.68563235,117.04530307
41.19679381,117.11381377
39.60565335,118.09181288
38.8188305,117.20105162
40.79825031,115.97674266
40.66129869,117.79347121
39.81478952,118.28568352
38.84082824,115.66198592
40.23754103,115.52585
40.17260115,116.67212657
39.44728697,116.26395118
39.45814422,116.74846144
40.19359209,116.53279781
40.15359201,118.20848107
39.74705974,117.56937889
39.1891991,115.08162701
40.50269876,115.01326767
39.82293081,116.56951337
39.234025,116.44662487
39.64538154,114.59881053
39.27120857,116.03913383
39.7777522,114.563265
39.46147924,116.6070194
39.65760529,116.60368381
38.76507363,116.43009034
40.92228144,116.23698497
39.61588684,116.27503737
40.51687498,117.65927971
41.20044513,115.80749434
40.87812533,117.13178617
39.98317371,117.8371607
39.44568883,115.53843706
39.77877539,114.87548845
39.47356729,116.54294143
39.21418333,115.69861822
40.69574717,117.15823991
40.6244635,115.31709482
39.63130646,116.25615663
38.92148933,116.63107064
39.00142309,117.80147939
40.31510616,117.08261441
39.36909351,117.8948406
39.04805839,117.67256999
38.49025033,116.65421571
38.74473363,116.05430298
39.26614232,117.13903609
39.68464204,118.03052509
40.42591561,117.23121843
39.11141123,115.43607858
40.71516857,117.95688637
40.06920228,117.33078884
40.0143838,116.74781302
38.82044347,116.06391766
39.59935824,117.26852111
38.60944327,116.56865329
40.43333795,115.17793105
39.6517264,114.58588866
38.63161862,115.59485196
40.35407438,116.8853248
39.78592993,117.30389796
41.27001491,116.45483864
38.62290962,116.10656909
39.62027069,117.73965689
38.92290326,115.5768661
39.3574533,115.38065888
38.62643158,116.4895485
40.7698694,117.79587542
39.71398755,115.11628602
39.56071681,115.93073342
38.97653529,115.20426434
40.97562459,115.31026821
41.07122177,117.17102619
39.27845484,116.08674323
39.54325507,114.62236133
40.79193467,117.04496767
40.96454333,116.6896381
39.24177477,115.42257964
40.13265674,117.8624905
40.40881432,116.29654083
40.41716243,117.8036713
40.44850988,117.93564102
39.94778818,115.14382001
40.87044032,117.03570774
40.51675091,117.89868117
40.65599102,116.32096575
40.82584554,115.51869787
39.42192809,114.71050277
39.85677147,115.36052008
41.29237023,116.2762938
39.9365396,114.59026753
40.46135383,115.62671196
41.18832649,116.67181282
40.03740745,114.62406485
40.52423538,115.0119937
39.5550241,117.67313501
39.77020972,116.2459264
39.22364173,115.9436152
40.73312553,116.5032319
41.18533876,116.03780422
39.53622871,117.57824622
38.67020593,117.34682512
41.12520055,117.11398227
40.85525712,117.19271458
38.93353299,117.07540711
38.85522123,115.82716657
39.53588877,115.32512783
40.58701105,117.3951468
40.6624344,115.71914601
40.82069498,115.01910203
40.35776032,118.20141576
38.53197349,116.07199971
39.9026287,114.94612856
41.2118559,115.60935196
39.9351387,114.96116512
38.81390345,115.60461433
40.45526907,116.78225141
39.73723985,114.61251639
41.19922823,116.44595699
41.22888887,116.9193818
38.6091862,117.12372873
40.21849404,116.97761343
40.62240099,117.45196538
39.65950542,118.09822722
41.01289972,117.27926227
40.88489707,116.97887729
41.02626563,115.28299967
39.25853529,115.70690868
39.33084772,117.76775115
41.22994917,116.05843547
38.6875809,116.18007231
39.84535884,117.40730918
38.7180657,117.13220954
39.15592872,117.26668734
39.86731975,117.30235096
41.16310831,115.8593536
38.70685679,115.67835409
39.95543561,115.87192225
40.70763063,116.68393295
39.35079728,117.50022893
38.81996624,116.00768392
39.66243012,118.09891086
40.80098483,116.37908823
39.80260805,117.05359542
40.36038181,117.32436771
39.80079196,116.78842016
39.55833353,118.12071742
38.86224186,115.51189453
40.99819998,117.25959034
41.10237264,115.67908407
40.09621564,118.05037202
38.83220679,115.33321711
39.92524122,117.3013919
40.64195973,115.07519983
41.07151458,116.92748361
39.28315966,116.82204945
39.84072945,114.78426037
38.77580137,116.86883146
40.4754577,117.16524771
40.00907126,117.51132135
39.46564602,116.55721062
39.46260236,114.86068268
40.68946665,116.36153313
38.47048765,116.54189938
39.89835764,117.7072294
40.47208933,115.08409942
39.65223966,116.23080718
39.62444316,117.99807024
40.72933301,116.81204281
39.0456289,115.90248139
40.02836672,117.52073764
40.4389372,116.88939693
39.23924091,116.29582982
38.96407798,117.38305199
40.83632029,117.32737658
39.61504622,114.92844574
39.69191022,116.88370407
38.96804996,116.50959772
39.01036919,116.05929521
39.59238712,116.34283466
39.12045264,117.58563576
39.92870402,115.2844028
39.08236345,116.66094383
39.78427313,114.60780839
41.04580712,115.64467458
40.37932771,116.09859966
38.60949586,115.77918833
39.06483087,116.80698464
39.98082205,116.90927412
39.10969931,114.92929987
40.82430502,117.17979332
39.35334626,118.01137795
38.73116701,115.56573246
39.50011179,115.59426734
39.16324851,114.98047071
41.33394953,116.14713831
40.96992848,115.26282755
41.18484292,115.7560772
39.97176215,117.26995286
39.36289269,116.48146503
40.71865836,115.89197617
38.65702937,116.81267311
40.39036091,115.30682304
40.11144912,116.73447979
41.33156889,116.41598812
39.56960527,116.01323917
40.21385212,115.01809383
39.47185851,114.63270462
39.49101732,117.36787228
40.16023283,118.22744214
39.64046005,116.40090689
40.18154475,117.76517326
40.71472602,115.79397792
41.04321906,117.1591827
38.96715539,115.80524141
40.79190035,115.96066695
38.83684261,117.6488852
39.16295076,115.5227661
39.95650786,116.95635392
39.42757357,115.15356622
39.34327128,115.0875638
40.68217683,115.96706517
40.64723449,117.77798026
41.24655463,116.29136034
39.99898366,115.57575505
40.43495567,116.360762
39.43331205,116.75404429
39.49888402,117.55051137
39.2766668,116.82507719
39.02588041,116.46456012
39.02028204,117.82063801
39.06143363,115.49295097
40.62256444,116.93647971
38.7296569,115.68359073
39.89575911,117.68320284
39.95833856,116.35136705
39.76596209,116.62070579
39.24063289,116.88926422
40.50874529,117.62923832
40.6553694,117.97631355
39.13973973,116.1216541
40.64834892,118.03307922
38.83883804,115.54848973
40.94854024,115.53289362
40.18728792,116.09319965
39.6726548,116.830452
40.95561296,116.69361637
39.24280689,115.8152645
40.86136555,115.96237659
40.54629127,115.85102149
40.08382556,117.39913745
40.5930826,116.88542687
40.19123994,117.01117966
39.89123447,115.89674062
40.2319656,116.27541322
39.3849047,115.59475016
39.23102034,118.06703711
40.31673452,118.03524649
39.49985965,117.91330234
39.93084668,115.8875318
40.45757773,115.63522597
40.99701316,115.83634745
40.84300393,115.62977385
40.63148091,115.08882732
41.22642655,116.7392115
40.40236326,117.15595673
40.6725807,117.83702144
39.91235815,117.71138247
38.59229748,117.03562628
39.02448554,115.3621871
38.99655573,115.493923
39.79486898,115.8058565
38.98342194,115.81082917
40.43689154,114.74404467
40.68994838,115.8557191
40.339808,117.08654013
38.97112382,115.91765621
40.14460867,114.79471551
39.18120288,117.32928985
40.88410227,117.3654219
39.7969061,115.6287144
40.90805307,117.48131384
40.36205161,116.62833771
40.62905729,116.88783108
40.03528029,117.2764372
40.16667613,116.8126804
39.97302574,115.28042178
39.43018654,114.98968415
40.47218728,117.76329166
39.61843271,116.26443002
39.70087786,116.1942209
39.20104777,117.96827865
40.86785726,115.73142012
39.91543141,116.61961098
39.49840856,116.58411327
40.76304224,115.58106272
40.68752266,116.5276624
40.71689434,117.4599292
39.37507579,117.24111209
39.81759334,115.70002865
40.86516702,114.98873032
40.3663482,115.77614832
40.93460553,116.23492464
40.22041407,116.43551878
39.68731671,116.52866084
40.3148362,117.73510289
39.36302152,115.16408658
40.46235882,115.50646164
39.31740719,116.90091325
39.18168349,115.74875826
40.70594505,115.18842511
39.27073784,115.02283666
40.10635467,118.02292811
39.45567137,114.87703201
38.56448523,115.9423119
39.3174302,115.82109393
40.82486265,115.56419393
41.27997001,116.37344885
38.82512634,115.33972175
39.0809279,115.95864678
39.8586606,116.96983024
39.19734553,115.36113606
39.66506329,114.96131523
39.94027332,115.18374128
39.72237783,116.63229677
39.68725604,117.51472141
39.56923779,114.86145589
39.90950206,118.06760148
38.72379782,117.25960856
40.68549176,115.75215917
39.39732305,115.09362045
40.48197574,117.88402192
40.07233913,116.94726927
39.86057121,115.71344778
39.48459853,115.71538194
39.9150027,118.20466487
40.08990182,116.89905492
39.03821216,117.27659739
40.40729923,115.73563933
38.99204464,115.69611559
38.94344844,115.23649976
39.17447344,116.20249812
40.95650843,116.84446674
38.52105297,116.53872947
39.65424278,115.57515049
40.94629444,116.53341634
39.34313626,117.47118588
40.80829829,115.17737532
39.25730839,115.00573989
38.54653585,116.50277601
39.16782918,116.41388896
39.662109,116.71443569
39.75068692,117.17253956
40.42691581,117.08843544
41.1903509,116.27705261
40.4548258,117.62275019
39.10685027,116.91744723
41.1506479,115.6401312
40.24841527,118.21310832
40.93955056,116.22443771
40.72517297,114.8749844
40.6099538,116.27987778
39.43320852,115.57667781
40.64071024,115.17384425
40.16550299,115.76132837
39.8418829,116.12727863
39.99776256,115.69016883
40.59885915,116.47831711
38.94419761,115.8850856
40.3525023,115.35251394
41.10129056,116.48350107
39.91674964,116.81022827
39.48555358,118.16331406
40.25128105,115.38036302
40.62586635,117.13090469
39.54666658,114.98581228
40.34066279,115.45588275
40.69622011,117.89107323
38.81791069,116.65363111
40.11444915,116.89311028
41.01224357,117.47931576
39.01577165,116.2405454
40.8469809,116.80154176
39.56374903,118.09247495
40.92568551,115.27368442
39.78479025,117.71271995
40.76694628,117.22788091
40.52878954,116.97355764
40.66060359,115.01583657
39.75965042,115.57432778
40.0204568,117.99492723
39.47900629,116.49819242
40.50325447,117.76854253
39.46502259,116.86669073
39.84361385,116.2554556
40.83349526,117.70915067
39.70247319,115.74255191
39.03207432,115.3613231
39.9650182,117.42379646
39.09232335,116.00641615
39.15985406,116.35707167
40.03158442,115.8641551
38.78691599,117.19378202
40.67554924,116.40497147
40.44047934,117.62521814
39.92365874,115.30111837
39.48806766,114.72081275
39.12414563,116.04969017
39.36873986,114.98088228
39.21659292,117.44832099
39.41202056,117.74207143
39.11534572,115.70851781
39.4895969,116.18104258
40.93051145,116.81558171
40.22740385,116.56101737
38.66595827,116.67190145
39.87972008,116.65434512
40.46112054,115.34023535
39.30424411,115.56387144
38.57761388,116.99675271
40.74635874,116.82787271
40.83497839,116.11559591
38.70045227,117.17137353
40.58134508,117.73829648
38.99539011,116.44298238
40.1246592,117.25162383
40.00714931,116.42329135
39.16570676,117.74993522
39.3966626,116.92227809
40.53848232,115.24928707
39.59195072,115.2352515
39.04553746,116.58114961
40.05264238,117.29798031
39.77548035,115.87698576
39.96249304,117.34517135
38.81376506,117.34760145
39.04232953,116.20249926
40.08058927,116.7097205
40.19584811,117.46814103
39.63826716,117.37189092
38.71623288,116.68549548
39.42844422,116.30330741
40.23798707,117.11652028
40.93442706,117.68953009
40.68707538,116.50435354
40.29002681,118.16615816
39.69810047,116.37829265
39.90636822,117.97647517
39.28534292,116.07261709
40.45493464,116.11153157
38.64849115,115.63032352
39.12407321,115.32398722
40.10530743,116.34621111
39.33207534,116.15518983
40.1750171,117.15910753
39.0901734,114.90876211
38.53578643,116.1281403
39.03923943,116.63961016
40.52045833,115.29434578
38.87956035,117.11383117
39.12230303,116.31657134
39.65485845,117.5495897
39.49509138,116.56037641
40.06174067,114.99657504
39.59084322,116.08969317
40.77452361,117.09063928
39.48526994,117.66611568
40.04858153,117.99674104
39.33938171,117.83507898
39.28090599,117.69095936
39.33358411,117.57724471
40.3037489,117.77463722
39.57090501,116.15548884
41.05040476,115.53290861
40.29926015,116.07690321
41.10598655,117.37716947
40.58874726,116.78262098
40.86930655,116.77117829
40.3426502,114.84739571
39.96844349,116.18577673
40.37671164,117.58957248
40.14167286,117.24474276
39.64512118,117.09446467
40.82182885,115.00163733
40.36803154,116.54354948
40.76615262,115.11942439
39.9174518,117.77966964
40.88644328,115.42360084
39.81351166,117.26189581
39.77458493,115.88365754
40.35972804,114.82621294
39.85273,116.45259584
40.79019538,117.26858106
40.69684723,117.37979576
40.14763152,116.83475942
40.82419084,115.1069774
38.73593373,116.73863989
39.55889591,115.18161041
39.86263728,115.59737619
40.68048658,117.04986267
40.18883136,115.13536381
40.75334837,117.67485563
39.71051038,115.50879057
40.46450761,115.47889597
39.90063722,115.16661575
39.1942054,115.23743955
39.22222789,116.47349704
39.12432864,115.06761058
39.79290802,115.64419924
38.65124843,115.54027937
40.64705387,116.98181642
39.97766676,116.78804218
40.1793077,118.018045
40.48467335,116.72332886
39.59394941,114.684182
39.17095256,116.50495072
39.26103985,114.77683396
39.59085849,116.66543895
39.16954206,117.53846748
39.07579996,117.02146426
39.82644829,115.28369493
39.21668475,116.81635076
39.06000504,116.14845751
39.4132023,116.98416069
40.81122506,117.58574705
38.6957819,116.90378937
40.72677333,117.41208565
41.12949926,115.73731569
39.37751216,116.21729536
38.75828333,115.98405816
40.10356329,116.8941003
41.02473618,116.86565369
39.84143012,117.81118427
40.00386233,117.30322123
38.96326315,115.55947394
41.24992963,116.84090818
38.88065436,117.064841
40.04505787,116.79268045
38.81449254,116.74294419
39.0080893,115.54184281
40.94621588,116.71511808
39.97455283,114.69896971
39.87789291,116.50433727
40.75822692,117.25358062
40.69628695,114.96463216
39.24652021,116.91817508
38.84089165,116.21511332
39.89138569,116.17600785
38.78839774,115.62285939
39.92135959,116.07813878
40.33057199,115.98654655
39.80518626,114.92841257
40.66415366,116.20454757
38.69688876,116.05130109
40.61002657,115.9919862
38.75985384,115.55866779
39.61964099,117.71740983
40.17036219,117.59638218
39.7209077,116.23812419
38.69501243,116.86076108
39.68146412,116.69265269
39.08086993,117.22014393
39.64690948,116.18848985
41.05296958,115.40871007
40.4962656,115.79557024
40.05322186,117.98792332
40.25656303,115.74860121
39.58415588,115.94410502
39.52379004,117.783137
39.61902078,116.51211349
39.50734589,115.82255352
40.17338015,116.09853344
40.84959138,115.18973124
40.1507492,115.09889379
39.71045914,115.6952457
40.48534079,116.93315545
39.80118169,117.06973649
39.48871197,118.1315356
40.61370073,117.85523656
40.12899629,116.94380533
41.13169334,117.30957098
39.0572016,117.77773436
38.82331297,117.02313648
40.02478644,117.18655124
39.20062657,116.53655196
41.11906276,117.15546672
40.75374796,117.69118012
41.15134372,115.89815373
39.73672487,116.91166383
39.96211017,116.11493773
40.3026469,115.89343189
39.91670699,115.88112473
38.79907956,116.56879224
40.18741693,116.85689131
41.18774663,116.84985287
40.8684278,116.45064397
40.58674573,116.82002683
40.47463819,114.93036867
40.52386437,117.36456433
40.07152815,116.18269463
39.57249315,117.69437493
39.07328758,115.91575827
41.13141134,116.79359738
39.86488573,115.27739962
39.78163013,114.60050163
39.43033833,117.28391525
39.53799011,117.51523487
39.29987658,115.99114515
39.6177392,114.82474489
39.83741848,117.544017
40.17063977,117.44558724
39.68210421,116.50168963
39.09319139,116.71118457
40.74384529,117.18987713
39.35430528,115.89132217
39.73714367,117.90566012
39.64564195,117.9312126
40.12658689,115.70425886
40.41847673,114.87684972
41.00109693,117.42188457
38.85778494,116.88790383
39.79627295,115.89108599
39.50430472,117.39629489
39.42150301,116.21487496
39.74878497,118.01902822
39.44816812,118.18928871
40.18704784,118.00638785
40.60017935,115.54558943
40.14139396,115.6412352
39.38773135,118.03385932
39.12909297,116.02444184
40.6059632,116.13279341
40.41601423,117.08697158
39.91407965,115.21911592
40.48162582,116.5401031
40.18955934,115.14327478
39.99483663,118.04810119
40.10390425,116.39116254
38.91814967,117.69011881
40.42562363,116.89113671
38.90954871,117.48890215
41.19650484,116.18432087
39.04585871,116.14278583
40.07020962,115.01298404
40.06303197,117.02222671
39.58707795,117.45769337
40.1615881,116.32031774
41.0088528,115.97172337
39.28008383,115.95338328
40.83899805,115.84168666
38.84774484,117.63366884
39.87192209,114.69572969
41.15938743,116.59199429
41.00415315,116.51128466
38.63542618,116.48498676
41.2152799,116.03046628
38.72377236,116.71981993
40.53893708,116.42165928
39.58966606,116.93811063
40.10081997,116.58711809
39.06905366,116.02078902
40.08251786,115.58033978
40.53006392,117.40428728
39.55152679,115.58114633
40.54480386,117.37407679
40.08282936,116.35730567
39.41024411,115.47750913
41.05645027,117.33982827
38.99520483,117.8439043
39.76353976,117.70198686
39.51163708,117.46838596
39.12710693,116.25653601
40.92494231,115.98466625
39.40809022,115.22774806
39.20978998,115.77482201
39.73546605,116.70875943
40.3287136,115.57816274
40.25656912,116.06009557
40.3257349,117.77644029
39.37410317,116.93330345
39.67936296,115.08235796
40.29242946,118.05229658
39.12856442,115.25005692
39.55423727,118.10270061
39.37927255,116.87530022
39.21099543,115.6188848
39.91426241,117.96867362
41.3318136,116.42330194
39.18002942,116.40877252
41.07806195,116.23919717
39.97882312,115.93046647
39.93027692,114.5767244
38.85993125,115.19736809
40.17981423,117.87386602
41.16622403,116.29110292
40.74543747,116.56116562
38.794726,116.87666779
40.56745561,114.86693766
39.20417324,117.7507917
39.63160298,118.11687662
40.04762362,116.82983299
41.13959551,116.59903284
38.59077913,116.04337351
39.28061042,117.72901166
