Latitude,Longitude,elevation
39.84349658,116.36744229,43.1
39.87983938,116.47704638,43
39.89619166,116.4577464,45.9
39.92373674,116.4073652,55.1
39.84714549,116.40758727,42.1
39.90274911,116.44556071,44.3
39.92560662,116.43271944,50.1
39.86829226,116.35393438,49.1
39.85494904,116.46875695,37
39.84784872,116.36583709,41.7
39.86792055,116.46724051,41.9
39.88298305,116.37429348,49.5
39.90124506,116.46644079,38.4
39.87347974,116.43256318,45.8
39.85327545,116.41474419,46
39.9319475,116.39264957,51.1
39.95410099,116.3443769,52.9
39.85389237,116.40086079,47
39.87785113,116.43016551,42.9
39.88780798,116.35328386,59.5
39.85499588,116.4530557,40
39.93733337,116.40590734,53.6
39.85778541,116.448407,39.9
39.86021158,116.41912214,55
39.95916468,116.41418256,51.3
39.94809169,116.42117518,47.8
39.95540689,116.34597492,54.6
39.87414764,116.42645388,44.7
39.85708992,116.4356823,42.4
39.94706617,116.42194808,53.8
39.87496848,116.39420666,47.6
39.96191124,116.35398076,55.8
39.87747953,116.34359522,49.9
39.92557445,116.4235652,50.9
39.89220753,116.47029648,41.3
39.8861321,116.46178983,44.9
39.88821199,116.39585328,48.6
39.94266127,116.46357082,45.8
39.93667859,116.39808222,54
39.88118718,116.38119836,48.8
39.94947208,116.37602367,51.9
39.9295817,116.46783451,47
39.85859765,116.4452719,41
39.90519534,116.44761651,49.9
39.94523326,116.40143064,51.1
39.96172968,116.41042705,53.5
39.87331838,116.49215946,38.7
39.91854456,116.33254624,55.6
39.84116841,116.43815098,39.7
39.86137348,116.35908508,45
39.96159833,116.46420133,43
39.86657144,116.47811924,37.9
39.84696908,116.3745809,48.3
39.87636102,116.41237222,46.4
39.84125989,116.43853234,39.1
39.88772343,116.44724848,44.1
39.89182525,116.46870646,40.4
39.97404461,116.3879589,51
39.86364885,116.45653793,39.2
39.96760674,116.37871675,57.4
39.83882165,116.36865537,43.7
39.92290199,116.40915296,50.1
39.8665319,116.33565174,45.2
39.93190553,116.3450433,56.3
39.84078031,116.37448576,42.3
39.84937359,116.46231938,37.4
39.88046896,116.46540656,42.2
39.85446169,116.34389411,44
39.96606645,116.36171474,54
39.94873461,116.38703837,51.1
39.88600513,116.47300782,41.4
39.92325942,116.42384394,51.6
39.93377302,116.47697674,41.7
39.88887463,116.3678779,52
39.87515672,116.40663615,45.2
39.91922814,116.37908031,52.8
39.89255916,116.34374493,51.4
39.97484871,116.42326587,47.3
39.85457256,116.45547678,40.4
39.85571351,116.43838669,41.7
39.87564814,116.46819799,40.9
39.96096276,116.38944133,50.5
39.88597497,116.33631094,50
39.83889798,116.42287049,38.6
39.92514197,116.4348793,48.4
39.87157717,116.45094975,46.2
39.88309666,116.35008048,53.1
39.89156232,116.37441683,53.8
39.87792076,116.42035165,44.9
39.96553252,116.44552276,44
39.90528606,116.44776528,50.4
39.86990497,116.42104061,44.4
39.92982784,116.45184465,47
39.87251719,116.37410319,44
39.92381411,116.34699213,60.7
39.92156676,116.412163,52.5
39.92158595,116.33540548,66.7
39.95198436,116.36171906,54.2
39.91580186,116.44464861,48
39.88238323,116.4559587,47.6
39.90963535,116.46054623,43.3
39.89977227,116.43073648,41.9
39.94163877,116.4049761,52.8
39.91629603,116.31685488,49.3
39.92871693,116.3907525,52.7
39.89683892,116.3743334,50.6
39.94019806,116.33496612,53.1
39.90930481,116.37699226,46.6
39.88042798,116.46044586,50
39.84137008,116.38063097,43.6
39.93755994,116.36406951,55.2
39.95334763,116.41663644,51.3
39.8759868,116.39540931,46.2
39.85244609,116.42409748,44.7
39.93438365,116.40358569,52
39.8572281,116.42825161,49.5
39.92199996,116.45650947,49.8
39.93340438,116.32889916,59.5
39.92377073,116.46001534,43
39.93993025,116.36661127,55.5
39.93159348,116.3353651,56.2
39.9506704,116.35538912,58
39.85988149,116.48049923,36.8
39.83727087,116.40120383,40.9
39.95279348,116.46365426,41.1
39.86757434,116.42227217,46.4
39.88503357,116.41150706,46.6
39.95720007,116.39535679,48.1
39.91811575,116.31862517,55
39.89986389,116.33321501,52.6
39.87130892,116.33152461,46.9
39.89125139,116.37701245,53.2
39.91658625,116.37994847,48.5
39.89148542,116.37790545,51.9
39.92791037,116.38376527,42.1
39.88971731,116.47836402,38.2
39.83432839,116.41970777,37.5
39.85953811,116.4558218,40.2
39.93426117,116.33515259,57.7
39.87195378,116.35392551,49.8
39.86289593,116.39633359,45.9
39.86944694,116.40573133,45.1
39.91361018,116.45544586,44.6
39.92938435,116.32883034,57.3
39.84715768,116.42564139,44
39.92152404,116.41533901,47.3
39.94030641,116.36537799,56.1
39.96886498,116.42851752,43.6
39.86672317,116.43231198,50.6
39.91824946,116.42094967,51.6
39.931906,116.35937074,56
39.9452407,116.47323777,36.1
39.91899939,116.48794902,39.7
39.92975977,116.33299229,55.2
39.89216083,116.49893717,37.9
39.89294306,116.47326534,41.6
39.86006374,116.36403312,48.2
39.90757168,116.48594949,44.2
39.90898826,116.3740972,52.7
39.87449142,116.33483755,45.4
39.90740555,116.46499305,42.6
39.9031551,116.39556425,56
39.90812131,116.34519157,55.6
39.91634284,116.32142609,51.2
39.94169135,116.39677088,53.7
39.89945375,116.40924961,55.4
39.85751904,116.42040467,51.2
39.89640898,116.34945413,57.2
39.90649162,116.39702252,49.6
39.91320415,116.37225412,53.7
39.94311512,116.3363241,55.7
39.87312415,116.4688281,42.5
39.85912385,116.34591111,43.9
39.94077803,116.46963965,41.8
39.93653014,116.3831041,54.6
39.96859932,116.37342206,51
39.90606192,116.48156963,39.9
39.90262378,116.39222914,48
39.95724744,116.4640832,36.2
39.84462103,116.39037092,40.9
39.89441046,116.40166932,50.8
39.86872082,116.44366106,40.7
39.96017499,116.45872974,45.2
39.87831857,116.41067858,47
39.86137314,116.4516724,41.3
39.86026861,116.34716924,43.7
39.93454684,116.39073295,53.8
39.87169428,116.33714235,46.7
39.93077712,116.4875079,38.8
39.87166868,116.42048086,43.7
39.93820246,116.44925894,43.2
39.94078086,116.43218179,44.7
39.86676074,116.37500733,46.1
39.86058793,116.46769649,37.3
39.94981998,116.3473274,55.3
39.92522063,116.37219667,54.7
39.8606373,116.39130637,44.9
39.89770436,116.37866973,51.6
39.95569222,116.37465325,54.4
39.95250252,116.38564494,61.4
39.88457862,116.44464683,42.2
39.92752883,116.4210192,48.1
39.93778348,116.41667914,50
39.87260656,116.40687901,46.9
39.86690997,116.39543822,47.5
39.84925189,116.37476963,45.3
39.89340021,116.35483667,54
39.93259181,116.47004061,42.5
39.87604054,116.33316149,47.4
39.93847732,116.3415858,57.4
39.95610164,116.35653067,56.8
39.96170313,116.41665205,50
39.94605919,116.33429216,54.6
39.90479959,116.47591864,41
39.91339278,116.33419435,55.2
39.90419057,116.48151395,37.7
39.88675363,116.4962102,37.4
39.91970951,116.38409666,51.1
39.91513968,116.47248624,41.6
39.91652132,116.45873177,46.6
39.85886873,116.47629314,38.3
39.97077667,116.43690216,46.8
39.89863011,116.39137623,48.4
39.87066302,116.45265598,40.4
39.94733943,116.36414273,52.7
39.96594361,116.43054253,47.4
39.87509917,116.45522547,44.7
39.89156405,116.4946568,38.5
39.90112262,116.40825701,54.2
39.92455629,116.37510836,54.7
39.89226569,116.46008482,42.7
39.95319676,116.35059229,58.1
39.92272393,116.36661209,55.9
39.8729872,116.32733245,46.5
39.93926754,116.36835393,56.1
39.85967397,116.4256798,44.9
39.90476697,116.43256735,62
39.91381076,116.36930675,52.4
39.89206329,116.33317811,49.5
39.95470465,116.37318249,55.4
39.93253388,116.3437687,56.9
39.86292949,116.35098675,48.5
39.94219393,116.40354538,51
39.95213257,116.46534723,40.9
39.9128926,116.41108076,57.7
39.84246725,116.35954955,46.8
39.97166238,116.41450105,51
39.85854108,116.4270843,48.1
39.87761786,116.44029787,43
39.93646689,116.3832809,54.3
39.91280787,116.33423846,58
39.90159051,116.35276975,54
39.83231956,116.39822076,43.6
39.94738953,116.40865985,50
39.91150627,116.46440215,48.4
39.8442973,116.3888869,41.8
39.86224149,116.42716486,50.1
39.86579982,116.36390126,46.8
39.96026574,116.42833383,51.1
39.84302127,116.38839493,43.3
39.84861098,116.44340941,42.3
39.92652842,116.33277495,56
39.89335167,116.34366632,50.1
39.95107589,116.45830242,46.6
39.96496047,116.36019839,54.8
39.91702555,116.47704114,43
39.96992276,116.38103257,53.8
39.96454848,116.44763158,45.1
39.88691936,116.32833863,51.1
39.96690182,116.428522,49.3
39.84080632,116.42311601,41.7
39.88597073,116.46672069,45.9
39.89417203,116.38867492,56.4
39.95075228,116.34160224,58.3
39.8802135,116.47666916,42.4
39.94182836,116.37152685,55.8
39.89967265,116.41685859,47.7
39.88672563,116.38641196,48.5
39.89990813,116.41911406,45.7
39.85339564,116.40486427,47.7
39.93872498,116.33997632,56.4
39.91037216,116.36273896,51.7
39.87276371,116.43183657,44.1
39.85456213,116.43151311,46.3
39.95562932,116.47238007,41.2
39.93421315,116.47905555,40.4
39.92168773,116.3562767,57.6
39.87210357,116.37076159,47.8
39.95806358,116.36991904,54.1
39.83782245,116.39608479,43
39.93093531,116.35934328,56
39.89849382,116.48135051,41.3
39.87329689,116.46802729,42.9
39.8883576,116.43393004,45.7
39.85353797,116.36511779,44
39.86075167,116.42331548,46.4
39.89150541,116.45058131,49.2
39.90092231,116.34552061,52.5
39.9228053,116.38867634,57
39.94731269,116.34775295,52.2
39.87868146,116.34554657,53.9
39.94953358,116.43927996,43
39.95795138,116.41041127,51
39.90035643,116.45077858,42.9
39.9222663,116.38505071,52
39.90942624,116.31919885,55.2
39.90795855,116.47632911,40.1
39.87232879,116.40201107,47.9
39.89304863,116.34614915,55.6
39.91203351,116.46001575,47.6
39.96634973,116.39868825,50.3
39.91131021,116.44130295,46.9
39.84243864,116.441185,41
39.90536957,116.39700079,48.8
39.92817277,116.49320128,40
39.94533017,116.33025091,58
39.88967622,116.38123952,51.1
39.91916672,116.42779627,47.6
39.85633763,116.44895732,39.9
39.83889228,116.41070861,40.5
39.89729745,116.46854817,41.1
39.96154547,116.432367,46.9
39.92780045,116.48566532,33.9
39.91408119,116.4903312,40.8
39.91785117,116.4808883,42
39.92275931,116.47824563,42.7
39.93361926,116.36731445,55.5
39.90384748,116.45952122,41.4
39.95140359,116.36815431,57.5
39.86019837,116.40912079,47.7
39.87288526,116.40968892,45.6
39.89041887,116.47355683,41.9
39.86279082,116.37812992,51
39.88304145,116.47756034,41.2
39.90880256,116.45556621,43
39.91534565,116.48773869,41.3
39.92020586,116.37994031,50.8
39.9423136,116.42064642,51
39.91352557,116.3546629,52.1
39.95744696,116.39063156,52.1
39.88341135,116.35437618,55.7
39.93354329,116.42502299,50.6
39.96664843,116.43300106,49.2
39.89659835,116.38231591,49.6
39.84267101,116.35823938,43.9
39.87206186,116.40447374,46.6
39.8979477,116.41761509,50.3
39.93102245,116.493272,41.4
39.87998044,116.37060957,52
39.88229373,116.31870599,54.4
39.90174028,116.46121006,41
39.896122,116.31652754,52.8
39.92388988,116.37026767,56.5
39.95200142,116.41245149,48.9
39.94751677,116.37501686,51.2
39.96144892,116.38685419,53.3
39.87426673,116.32300884,49.6
39.87457251,116.48112007,39
39.94089811,116.43936007,52.7
39.94735752,116.41841579,51.2
39.90195992,116.33643752,52.1
39.85020143,116.42984498,42.1
39.88186946,116.44494344,44.1
39.94493957,116.4304318,46.1
39.93765685,116.3897224,54.1
39.86231318,116.42365487,52.1
39.88511833,116.35828209,54
39.95920546,116.35469546,54.2
39.91585349,116.44393204,47.7
39.95413192,116.35287136,57
39.89489901,116.37572316,51.9
39.88024384,116.33761498,49.8
39.90526926,116.38657012,53.8
39.88358857,116.4793072,41.4
39.87514718,116.47287212,42.9
39.93349309,116.39558244,52.9
39.85722372,116.41690633,46.3
39.90422939,116.47100316,37.3
39.92911932,116.4442189,44.7
39.91402813,116.43450423,45
39.84048237,116.44399555,41
39.87953853,116.35295386,52.3
39.94519414,116.40381303,52.5
39.91889461,116.39541593,50.1
39.84043317,116.37853575,44.4
39.87039545,116.47258854,37.3
39.90180512,116.47894224,40.2
39.8701611,116.42024129,44.3
39.87896661,116.46158529,54.1
39.87283177,116.40080105,46.9
39.86311446,116.3934861,45.7
39.88205427,116.46891999,40
39.95333441,116.45912314,40.5
39.97045336,116.38117069,53.9
39.92847902,116.48321496,37.2
39.84396991,116.391631,40
39.95211821,116.40845891,46
39.9071996,116.35261661,66.4
39.90555579,116.4087296,54.4
39.86459952,116.42342975,43
39.932156,116.44564227,46.2
39.96425504,116.40048735,52.7
39.88758708,116.35769409,55.1
39.94032653,116.42869198,46.1
39.90972038,116.48758443,39.9
39.86641666,116.40329434,45.5
39.84826632,116.35053121,45.4
39.88028942,116.48626818,37.5
39.84810073,116.35678013,44.2
39.94907821,116.38546717,53.4
39.95062836,116.45318771,53.3
39.93562732,116.44139058,47.9
39.86307842,116.42881796,50.8
39.93353968,116.39563393,53.1
39.85565307,116.40904022,46
39.88977616,116.48063608,36.8
39.93704372,116.3313151,53.7
39.95166792,116.41353742,49.3
39.94512693,116.41992995,48.9
39.88748225,116.37302952,51.6
39.89958134,116.37899584,50.2
39.89070906,116.4048328,44.3
39.89650708,116.4174839,49
39.84004713,116.41873477,39.4
39.90041548,116.48975108,38.4
39.95251865,116.3813235,57.3
39.96835981,116.39609002,53.8
39.92243862,116.36732146,55.7
39.95056038,116.40461432,49.5
39.84371087,116.39885963,40.1
39.83389938,116.39822958,41.8
39.84099077,116.41055298,41.3
39.86152585,116.39431848,46.5
39.9503901,116.38103103,55
39.91607151,116.45120187,48.7
39.83268191,116.42128433,37.7
39.90027234,116.43036682,42
39.93777273,116.39429529,53.2
39.87477523,116.46138473,43.4
39.92997038,116.31981262,57
39.95370193,116.43346227,47.9
39.90039966,116.38073579,52
39.94617425,116.44256014,46
39.91106183,116.31685359,55.9
39.94227625,116.36876507,57.4
39.91299428,116.39664881,51.9
39.87973375,116.38637705,50
39.90504847,116.38062384,51.4
39.90716382,116.35053949,56.8
39.96418275,116.4074704,51.3
39.96735847,116.44927952,42.6
39.93823786,116.34594119,57.3
39.88752408,116.48447355,37.8
39.89387938,116.39744526,49.1
39.9024978,116.40452368,50.7
39.95578719,116.40843281,50.1
39.92137617,116.44027839,50.5
39.91374843,116.39473333,51.6
39.95410251,116.47184761,41.8
39.93119281,116.37698426,53.5
39.84198347,116.44763971,41
39.94706351,116.37837507,53.4
39.92506303,116.38943757,53.5
39.91964237,116.36744761,56.2
39.84762516,116.45729538,41
39.84585135,116.3871578,43.7
39.92747212,116.39905743,54
39.91367574,116.39843158,52
39.91004775,116.40325426,51.1
39.93147313,116.32885106,56.4
39.9364944,116.4519499,44.4
39.85179759,116.44389409,40.9
39.92011594,116.32420527,54
39.90755257,116.36237114,53.8
39.91662702,116.43038047,58.5
39.88041035,116.47645073,42.2
39.84145875,116.43621028,42.3
39.87992326,116.37825899,47.3
39.86466638,116.47423949,38
39.84582773,116.42337653,44
39.88936531,116.3679695,52.2
39.87016014,116.38240656,44
39.89886351,116.34877571,57
39.91240204,116.33426104,58.2
39.95448016,116.34099699,54.3
39.84129621,116.38406351,42.4
39.89114295,116.32610617,48.8
39.8830537,116.35305502,57.2
39.85557532,116.46722189,39.1
39.90054346,116.44859602,44.2
39.92469965,116.42462265,50.7
39.88452167,116.48211744,41
39.92781146,116.47232141,44.1
39.88660661,116.4250534,45.2
39.95051341,116.36350164,56.9
39.96829475,116.43590075,44
39.88356986,116.41254866,44.7
39.96650308,116.42170293,49.1
39.91069496,116.31448091,55.4
39.91952239,116.37624777,54.8
39.89551361,116.48663896,36
39.93877234,116.45327736,44
39.88481443,116.47858232,41.9
39.84836841,116.43488092,41
39.8726008,116.39974255,47.3
39.84112051,116.39627951,41.9
39.88493745,116.44187254,43.3
39.96632148,116.36164307,54
39.95549099,116.3584348,54.4
39.88064693,116.38500625,49.6
39.94841012,116.41108427,48.3
39.86227311,116.36336464,47.1
39.96270643,116.35848,53.4
39.88751674,116.44483071,43.1
39.95056176,116.37010225,53.2
39.94293587,116.39901301,52.8
39.93499381,116.34645836,57.3
39.8870591,116.47890963,39.3
39.898718,116.37244219,50
39.85303351,116.40340597,47.6
39.88298285,116.33007979,50.5
39.9551102,116.34251163,53
39.93868153,116.44573725,46
39.86556449,116.47672781,37
39.88827142,116.35883384,54.8
39.85427942,116.44736224,41
39.85680629,116.39474528,42.1
39.90079287,116.36645569,53.7
39.85211698,116.38400289,46.4
39.90624627,116.39011913,48.7
39.88495092,116.44427881,42.2
39.93314699,116.34674037,57.8
39.86547014,116.38549363,48.6
39.90879782,116.48055943,44
39.94084478,116.41497225,50.6
39.91827759,116.4564074,45.7
39.87328834,116.37302366,45.5
39.96080676,116.41608523,49.1
39.91011478,116.47264473,42
39.95457703,116.43234687,48.8
39.95121089,116.34532003,54.1
39.91073073,116.42856331,53.8
39.9301284,116.41516488,51.9
39.8486817,116.45960934,37.9
39.96186352,116.36268281,56.6
39.90036528,116.32441154,52.8
39.86646706,116.43357244,44.1
39.91718601,116.41355467,51.6
39.96715008,116.37722319,51.6
39.85301778,116.36235095,51.7
39.90438189,116.363535,51.7
39.93078954,116.3330596,55.1
39.93508413,116.3751295,56.7
39.90606733,116.40797341,55.6
39.91956583,116.43846638,47.5
39.83651883,116.43662442,40.9
39.90777324,116.36887249,59
39.84995971,116.42980091,42
39.86709568,116.35678731,45.7
39.91188614,116.41026621,54.2
39.89028169,116.4266739,45.5
39.85481348,116.44772529,40.4
39.85234497,116.41122074,49.5
39.88461262,116.38028603,49.2
39.96015591,116.44216228,48.5
39.91265624,116.41764739,50
39.89071745,116.39291388,49.4
39.86910438,116.32880513,46.9
39.94507122,116.44907356,42.1
39.93819769,116.43163855,48.2
39.91479406,116.37284265,52.7
39.9517403,116.40895039,46
39.94340323,116.36693149,56.7
39.90290361,116.38466266,48.4
39.94730814,116.44457189,47.6
39.95439456,116.3637465,57
39.90753032,116.4026976,58.4
39.84756726,116.41874457,45.9
39.93405806,116.45360497,46.4
39.90821119,116.45785036,50.3
39.85254133,116.42429147,44.6
39.94087963,116.32766142,54.9
39.87461704,116.42821372,41.8
39.93578955,116.49185273,39.7
39.94239646,116.37891215,50.1
39.92554936,116.46316151,45.1
39.9179956,116.49131761,41
39.8502962,116.44966217,39.2
39.95045507,116.37674438,53.1
39.85248704,116.40030134,46.5
39.94792977,116.40759907,50.8
39.8436597,116.39093289,39.5
39.89875404,116.4719286,39.1
39.8654283,116.36566422,46.8
39.957604,116.42850451,43.6
39.91156831,116.38458315,53.9
39.95073422,116.47729751,39.5
39.8782496,116.41064315,46.9
39.93299624,116.42427942,51.7
39.87004685,116.47764071,37.1
39.84336901,116.39550241,44.1
39.8869738,116.49147034,40
39.96079864,116.45928348,42.3
39.92148773,116.33970475,57.7
39.9598163,116.42059323,48.1
39.90327287,116.33740952,52
39.89885439,116.42309008,49.3
39.85918702,116.43033086,49.7
39.91538192,116.49827127,40
39.92524671,116.48409393,40.4
39.84451535,116.36984874,45.4
39.86032678,116.37249887,45.2
39.87093768,116.34055212,56
39.88893384,116.40694756,45
39.90452526,116.32149668,56.8
39.90229142,116.37433831,51.7
39.8405944,116.42877883,40.3
39.93834666,116.42473329,47
39.95030781,116.40539298,50.1
39.8829485,116.37183209,51.8
39.86736365,116.37449284,46.5
39.85428974,116.47495463,37.2
39.88262953,116.39861065,50.5
39.94227711,116.39721331,52.8
39.91413175,116.41305037,52.7
39.83659162,116.3923928,42.9
39.8612512,116.469161,36.4
39.96016687,116.4284834,50.4
39.95018055,116.42562124,51.4
39.87868093,116.4207235,45.4
39.90806578,116.40761258,66.6
39.96122882,116.42957128,46.2
39.88920278,116.45224963,45.7
39.84810021,116.41536171,45
39.96736793,116.36783648,53.4
39.91616309,116.3738444,52.9
39.92262709,116.39439338,52.8
39.86670383,116.45799023,44.2
39.89333117,116.37267474,54.3
39.87674595,116.40674568,47.6
39.90931137,116.37679426,47.5
39.92180621,116.39575797,50.5
39.85848215,116.3763936,46.8
39.96107748,116.45844475,43.5
39.89488698,116.32112751,50.1
39.96261829,116.39876349,52.2
39.88702018,116.42877505,48
39.84373994,116.42886857,41.6
39.89105778,116.33372589,51.5
39.91440467,116.38306669,51.5
39.87426652,116.39968787,48.3
39.85607175,116.38381562,48.8
39.92167697,116.46499686,43.1
39.96175805,116.37354805,56.4
39.95338371,116.38292076,56
39.94903415,116.40544458,51.3
39.83380853,116.41047545,39
39.85274388,116.35617264,46
39.84307772,116.42919214,41.4
39.85270881,116.43403578,41.4
39.86978714,116.46934821,40
39.86925759,116.45885242,44
39.90649426,116.41516904,56.1
39.85003442,116.45891985,37.5
39.9749654,116.40957838,47.7
39.91729874,116.4831467,42.5
39.91569698,116.31816641,49.3
39.95867523,116.41304771,48.1
39.95449666,116.34745829,57.2
39.9343455,116.47453928,41
39.86208966,116.41512529,47.4
39.88256674,116.3447332,62.6
39.95941582,116.34715771,54.2
39.93369643,116.46762007,44.3
39.9280482,116.40906863,54.1
39.88858275,116.42146389,48
39.93522323,116.40270802,52.2
39.91290639,116.43488605,45.2
39.95618392,116.34864749,52.4
39.8495277,116.361688,45.1
39.90053963,116.37947145,51.6
39.90671646,116.47184544,42
39.95595457,116.34955076,53.1
39.96419868,116.40507061,50.2
39.91089713,116.39875483,51.4
39.86380571,116.46751622,37.1
39.90798835,116.40915636,74.7
39.86248214,116.34805142,48.9
39.89787455,116.41177779,55.5
39.90322108,116.36124906,52.7
39.86483325,116.40745357,47.1
39.85431108,116.39676017,47
39.86720309,116.34823009,46.1
39.83831349,116.3734201,43.1
39.87457581,116.46323713,48.1
39.85032422,116.46452794,36.7
39.83804406,116.38204416,43
39.88162237,116.49190779,36.5
39.90970663,116.41814283,50.8
39.91298553,116.32814491,53.1
39.85446347,116.454318,39.9
39.94413787,116.46143304,46.3
39.93426454,116.43175108,48.1
39.90484215,116.31756503,59.3
39.91013443,116.46771064,44.1
39.88794132,116.31643305,53.9
39.87568922,116.36130141,48.3
39.95490144,116.4531249,47.1
39.95840448,116.37856694,55.6
39.85150914,116.3500417,46.1
39.86412351,116.432863,43.1
39.89496976,116.34262855,50.4
39.93626759,116.36841222,57.1
39.90386912,116.43657575,42.8
39.96085836,116.41849362,48.9
39.89640263,116.3877366,50.7
39.9217022,116.39563529,50.5
39.93719789,116.46213152,44.2
39.85925384,116.42643412,44.1
39.83768957,116.39320752,43
39.9420247,116.43587764,45.1
39.90497302,116.42827233,48.6
39.87302553,116.34167032,51.5
39.90937944,116.46081865,42.4
39.8408707,116.37785815,44.7
39.9432442,116.40557955,51.4
39.91134197,116.34948596,54.4
39.87866997,116.39600434,51
39.89324662,116.37474312,53
39.89253278,116.45843735,45.8
39.94762889,116.34582277,54.3
39.92413497,116.43349818,53.2
39.8785027,116.37741697,48.5
39.84035508,116.45008183,41
39.92774388,116.48074569,38.6
39.9311397,116.38551785,50.4
39.85976071,116.45659535,39.2
39.86504129,116.48295064,41.5
39.86123606,116.41789674,50.2
39.87419484,116.4647114,50.9
39.92132416,116.42129974,51.4
39.9570634,116.38116435,53.1
39.86711567,116.45144933,41.3
39.84426004,116.37083195,46.4
39.9173759,116.33354412,54.3
39.86464885,116.46982501,38.5
39.9039779,116.45431025,44.4
39.85061956,116.37494924,44.3
39.91155786,116.3523885,75.8
39.91560078,116.49491734,40
39.91935455,116.31732772,58.7
39.87569701,116.42239346,44.6
39.84486365,116.4554366,39.8
39.96627577,116.40205442,49.7
39.85557308,116.39281646,41.4
39.95193613,116.39269384,54.5
39.9438947,116.41400223,49.9
39.88490348,116.45528097,41.3
39.90677051,116.33201075,54.4
39.92146186,116.47055253,43.8
39.87218284,116.47600195,40.4
39.84970412,116.46149995,38.3
39.91419583,116.35723549,53.4
39.96482084,116.36922486,55.8
39.90423216,116.41093626,51
39.86967532,116.3362437,45.6
39.91267008,116.31542255,56
39.93006864,116.37596811,55.2
39.85597424,116.39729713,45.8
39.87023432,116.46262625,39.5
39.88406775,116.3434627,50.3
39.89303764,116.32717293,47.8
39.91751777,116.41314137,52
39.85180385,116.44264362,42.2
39.93297377,116.47359084,39.4
39.84761935,116.37032622,45.5
39.96017363,116.41134733,48.7
39.95859444,116.4102733,49.4
39.93898303,116.41811943,49
39.84622207,116.45998124,38.9
39.96763413,116.39502495,50.5
39.87461383,116.37926118,44.5
39.94147562,116.38276523,51
39.86844104,116.4581174,46.1
39.91713547,116.46302519,44.3
39.95215025,116.45578093,51
39.91078504,116.3303421,56.2
39.88872118,116.46834103,42.6
39.92775191,116.36267433,56
39.90755047,116.37074574,55.3
39.90353394,116.37115697,56.9
39.88187303,116.46671619,44.2
39.90064768,116.47417319,40
39.93199731,116.36182441,54.3
39.90181603,116.37083263,50.1
39.92795469,116.4962075,38.4
39.88354682,116.43474395,43.1
39.8700902,116.34209686,55
39.89355003,116.38576386,52.6
39.84074676,116.40423039,40.9
39.96240451,116.4293065,47.6
39.89844315,116.36821969,48
39.94520364,116.44986388,44.4
39.86326464,116.40520704,44.4
39.94371423,116.37067273,54.7
39.90796667,116.31940276,59.1
39.94594278,116.42086159,49.6
39.96714405,116.40191113,50.1
39.92241155,116.31780747,57.9
39.94641569,116.39127765,52.9
39.84681314,116.42263527,43.2
39.85785527,116.35027563,44.7
39.88655073,116.37414684,50.1
39.91977929,116.340912,55.4
39.87246185,116.44968551,47.3
39.9370654,116.42336841,50.4
39.96288961,116.43449043,48.2
39.91139547,116.31629565,57.1
39.86419684,116.44255273,40.6
39.95923757,116.400413,47.9
39.85753194,116.46705488,39.3
39.89924894,116.44198083,46
39.90478935,116.41945058,52.9
39.92256416,116.41497011,49.1
39.95197055,116.34816049,54.2
39.92363903,116.3705979,56
39.90585643,116.46876508,41.2
39.92528275,116.45397187,43.8
39.91486194,116.40315553,57.5
39.906829,116.41589066,55.3
39.96944204,116.41161522,49.9
39.89294504,116.46235634,47.5
39.86603437,116.34511875,45.9
39.88082203,116.39093455,47.7
39.94934742,116.3622717,54.2
39.86880909,116.42407338,46.5
39.91431228,116.40571344,59.3
39.88830052,116.42805712,48.1
39.87866335,116.49021028,37.1
39.92789136,116.37922725,47.7
39.90457178,116.48468033,37.5
39.95319694,116.43619568,47.2
39.94471576,116.44992474,43.5
39.94173518,116.41388658,50.4
39.94347405,116.32959482,55.7
39.88734027,116.32705154,52.2
39.87749781,116.43208015,42.6
39.90382725,116.3499198,56.5
39.88964538,116.45628811,47.4
39.86725789,116.47923024,40.1
39.93485727,116.45745588,46.8
39.94047149,116.40163451,53.9
39.8955005,116.45090581,45.1
39.9263424,116.43125813,55
39.96578032,116.40273808,50.3
39.86490422,116.42651299,52.6
39.9472519,116.41749776,51.4
39.91477329,116.49867812,40
39.85219816,116.40566566,45
39.94949188,116.45661275,45
39.85898141,116.37516725,48.9
39.87731122,116.41244286,46.7
39.92785992,116.45297231,45.9
39.91218334,116.34407766,52.6
39.91880658,116.35429345,56
39.94272347,116.3935319,53.7
39.91156161,116.36189091,54.1
39.83776643,116.41962751,40
39.86533939,116.42698551,55
39.91080451,116.38389283,52.2
39.89380208,116.42679629,46.9
39.8773383,116.49124414,38.3
39.86943833,116.39614043,46.2
39.90496008,116.49862596,37.6
39.91476422,116.43039095,56.9
39.87858604,116.47340129,40.3
39.94097884,116.45408833,42.6
39.96867322,116.40836589,52.4
39.89580394,116.49839456,35.2
39.93395706,116.45253168,46.1
39.8954867,116.35824891,54
39.92219944,116.39767799,51
39.8654388,116.38669259,48
39.89850395,116.49838999,39.7
39.97044192,116.42228606,47.2
39.84403909,116.40067623,43.7
39.96716198,116.36337463,53.4
39.86141749,116.41216168,46.6
39.87375501,116.37427925,42.4
39.86501569,116.4374724,46.9
39.90825107,116.39482291,49.6
39.95638967,116.37260097,53
39.85474732,116.43998876,41.3
39.97067713,116.38913021,54.8
39.84975985,116.36109666,44.6
39.93662215,116.48931153,37.8
39.87027854,116.38367759,45
39.88232535,116.4825156,39.4
39.91600519,116.45412197,46.5
39.92039813,116.45411487,52.3
39.9072079,116.46434897,41.6
39.8961239,116.48039988,40.2
39.8773784,116.48329406,37.6
39.91944517,116.45694293,44.9
39.92702277,116.39404911,51.1
39.87823141,116.34724346,50.9
39.91186023,116.40021207,49.1
39.94664799,116.34181778,58
39.96215379,116.4068891,51.8
39.93447426,116.34310884,55.1
39.91524491,116.42776918,50.1
39.94241396,116.46594757,45.8
39.88939024,116.42855984,43.3
39.9268781,116.34944453,56.3
39.97108941,116.43536032,46.6
39.90874534,116.49405347,42.7
39.84130048,116.417064,40.1
39.88854044,116.47101234,40.2
39.85147733,116.3865423,43.3
39.92694149,116.47234225,42.9
39.88748322,116.37217173,52.7
39.93085076,116.42228556,51.5
39.88890925,116.39292142,48
39.93324249,116.43614694,45.4
39.90491173,116.4734347,40.1
39.8934192,116.47443572,44
39.89978728,116.43007093,42.5
39.89928389,116.45688723,43.1
39.97333522,116.42739214,43.3
39.89949658,116.41791445,45.4
39.97446905,116.40199485,49.6
39.8756663,116.45821369,44.1
39.95080133,116.47744519,39.4
39.92962275,116.44009207,44.2
39.91099979,116.36373888,52.6
39.93125768,116.36143437,54.4
39.90621975,116.36124003,58
39.85063243,116.43935142,41.5
39.90495566,116.34869753,56
39.94760454,116.40965797,49.9
39.92260874,116.38530965,51.9
39.91633983,116.48235138,53.9
39.93716065,116.45935897,44.4
39.84212963,116.44835247,40.7
39.86612798,116.39031808,45.6
39.92717283,116.33882861,55.3
39.85584316,116.41152525,49.4
39.86724578,116.36264421,49.6
39.91685884,116.48355733,47.8
39.90723338,116.34358932,52.6
39.93072469,116.4713629,41.1
39.86461372,116.44613555,40
39.87033161,116.38790216,46.4
39.9619034,116.35616664,55
39.93541521,116.40900127,53
39.94208759,116.35294929,56.1
39.9533165,116.37468804,54
39.95821096,116.46680288,40.6
39.93133599,116.37415221,53.1
39.93180575,116.42745967,48.6
39.90854929,116.42600887,54.1
39.85813034,116.42784106,49.5
39.9590653,116.35539643,54.3
39.88852581,116.49719481,38.3
39.85383847,116.40400118,47.5
39.91641316,116.42258105,50.5
39.93053484,116.45328344,54.2
39.86679462,116.42305172,44.1
39.85731588,116.35723544,45.2
39.92678507,116.454088,46
39.87582984,116.47785342,38.3
39.84888614,116.40116975,45
39.87443452,116.41862147,45.4
39.95429108,116.43170704,48.4
39.85135696,116.43559675,41.4
39.92641441,116.38416089,45.6
39.92160168,116.32390588,56.1
39.90222693,116.39458215,52.5
39.93394541,116.35193526,58.2
39.847676,116.45908489,37.6
39.93429085,116.44665118,44.2
39.88532115,116.38640884,46.8
39.86426232,116.38187498,44.9
39.92421385,116.47337485,42.3
39.8863028,116.34664598,54.7
39.92515213,116.49415334,41.4
39.95871039,116.36129419,55.9
39.89262346,116.37850206,52
39.87891998,116.37632562,49.9
39.90461198,116.47687304,42.4
39.91730363,116.36673185,55.6
39.95565087,116.34361073,53.2
39.86414538,116.36146421,45
39.93890235,116.40889118,49.8
39.9150434,116.3899508,53.3
39.97495825,116.41088928,44.9
39.87747377,116.33894648,49.1
39.94208183,116.36242467,55
39.88109614,116.42828447,51.9
39.90140902,116.48912694,38.2
38.89446432,115.69371621,14.4
39.20893435,115.52240526,43.3
39.5288241,117.10384276,6.6
39.45111856,116.36874072,26.5
39.31327265,117.22942666,6
40.30370348,115.86981405,858.5
39.72210597,116.48673552,31.5
39.25999374,115.77723379,29
39.81945606,115.62465937,1131.1
40.25663468,118.05771762,199
40.83267602,115.64487452,1096.3
40.85475047,117.20075186,693.5
38.91411894,116.83058195,7.1
40.14207816,116.38648309,35.9
41.1279237,116.399468,1285.7
38.88287905,115.56492134,14.1
38.70710688,115.36540997,25.4
38.89849005,115.43360891,24.1
40.49253247,117.82179888,426.8
40.18934537,115.00611377,1640.6
38.72681582,116.56536403,6
40.53891224,117.1002982,163.1
39.18964606,117.72660825,1.2
40.48961355,115.22209191,584.7
39.08283678,117.62088844,2.8
38.85194809,116.99490707,4.2
40.38400583,115.86077467,489
40.58776479,115.80116482,1579.5
39.41580719,115.88906294,41.1
41.21526692,117.09224881,919.5
39.40224852,116.43023103,23.3
41.06626313,115.75515673,1042.1
39.34436176,115.84783191,36.6
39.46377136,117.29798403,5.3
38.87967209,116.1930785,6.9
40.59215501,117.32726889,689.8
39.29369159,116.65199908,19.1
40.58027668,114.86124782,843.5
40.14493633,115.482084,962
40.40885143,115.06828602,1345.5
39.45319225,115.89671421,35.7
40.48018099,115.88063638,483.9
40.02773481,115.80025327,751.1
39.8065122,117.13215103,11.2
40.77892509,117.88844365,376.8
39.58161189,117.68906274,4.8
39.94331948,116.0221798,733.1
39.06353096,115.96162554,18
40.84861085,117.75876653,646.5
38.55523434,117.06289364,4.3
39.62910399,115.65073665,165.2
39.69899113,116.90384106,15.2
39.88117208,116.16619236,103.8
40.53208422,116.65847668,535.8
39.35063716,116.64264796,14.2
41.00224926,117.31063045,689.2
40.24297972,115.53514246,599.3
40.1787856,115.47117656,893.9
40.66719334,115.65785198,1326.9
39.7126585,116.68359167,18.5
38.6501611,116.30719929,9.6
40.57276273,116.60537334,539.8
39.95151311,114.77299463,893
39.52399211,115.05874102,1101.1
40.34404744,115.04906276,785.9
40.18219329,115.76801506,1051.4
39.76326316,114.85268902,1991.9
39.71879204,118.0276706,16.6
38.86402634,115.74976462,7.2
39.79265696,115.14252148,1389.5
39.34801305,116.53390318,18.3
40.54799441,116.43579672,706.8
38.60463949,116.36107436,7.9
41.19724194,115.92622986,1484.4
39.98198764,117.63945059,140.9
38.64928579,116.74470382,8.5
40.56173784,115.02590785,631.5
40.84585496,117.71992224,578.4
39.71149474,114.94454926,1745.6
39.95758958,117.01484532,22.2
39.857359,115.33285887,594.7
38.90402134,115.18965177,52.8
39.78946156,116.44420399,33.5
38.9302348,115.47255072,18.4
40.9364073,116.99237507,447.9
39.1037887,115.43581066,86.7
41.00627907,116.66818168,866.2
39.06133482,115.69976362,20
39.4745788,115.27398186,691.1
41.13521977,116.56362976,828.3
39.74151921,116.88132877,20.8
38.54026373,115.8083121,15
39.76190252,115.24301708,859.2
40.12391649,115.72409608,705.4
39.10950934,115.5570931,29.1
39.70885248,114.70479741,1374.8
38.75118864,115.63906091,10.5
41.01491171,116.01753869,1050.8
39.20649094,115.75949459,28.6
40.9406751,116.64951953,691.4
41.02643757,116.5455101,793.9
40.94469144,117.66560701,600.2
39.73155425,116.626457,22.6
38.99407103,117.17371746,
40.12380883,117.76839255,44.2
40.81615442,117.2728352,444.1
40.17703918,115.88923896,776.7
38.59374759,116.20116553,10.6
40.27824329,118.0159297,212.8
40.23307297,117.64970049,230.5
40.22157239,114.72640133,1164.7
39.62747423,116.69614041,17.3
39.91429825,117.75571343,21.3
40.56803065,115.6563627,1331.8
38.76012382,115.86392808,7
40.90830522,115.44160957,1658.7
38.99015776,115.7168382,10
39.43796196,116.65791882,18.3
41.31742043,116.57441894,770.9
39.07826024,116.65948925,5.4
40.14408433,114.65246601,987.2
38.82480345,116.74784688,10.4
40.96766201,115.64532764,1128.9
39.88049741,115.29372554,662.1
40.79200089,117.43508693,856.9
40.07241568,115.52596568,1611
39.24971812,115.42634549,93.9
40.13712609,115.37146091,953.2
40.8782003,116.19735716,796.3
38.65382763,116.24763213,10.7
39.76870205,117.06194944,9.9
38.87730946,116.34788823,7
41.30637707,116.72235929,807
39.48854031,118.18970486,4.5
38.49069331,116.51181172,8.6
39.87692061,118.21094943,53.8
40.19202109,115.91082691,1085
40.9395347,117.72707777,434.2
40.98539839,116.79337292,674.2
41.07168736,116.83683537,873.6
41.16126631,117.18397329,739.3
40.66608058,117.49771268,1098.8
39.12857456,116.0974741,14.1
40.93700683,116.09395278,779.8
38.79356691,116.80777217,5.8
40.80264249,115.7128964,1284.1
39.33755675,115.77195114,36.5
39.06556187,116.83908331,4.1
40.93060095,117.20093419,585.3
38.93476938,117.38321004,3.2
39.4501521,117.73384702,3.8
40.76837716,117.00284764,397
39.26436584,116.50150254,10
39.44711921,118.17666578,2
39.41583744,116.4770611,22
39.91067907,114.99905791,2564
39.28076898,117.63615005,4.2
40.60661527,115.72809194,1284.7
40.28023451,116.09614904,262.4
39.4207897,117.28672781,5.1
39.36915358,115.7063404,44.7
41.17562181,116.11461514,1305.1
39.5918893,114.72238857,1441.4
40.97973594,117.21164789,854
39.95202694,116.92094602,18.3
40.3381879,118.12634309,422.4
40.07579508,115.2070528,1843.5
39.95166931,117.05864002,19
41.1672634,115.96584345,1112.8
40.37281311,116.0378033,700.8
40.10644827,116.60962305,28.9
39.20691692,117.28981869,2.9
38.70397938,116.52593821,5.3
39.55660259,116.15136349,35.5
39.04928314,115.18275472,143.2
40.42827045,117.88659699,340
39.87412532,117.07846806,15
40.08153737,116.9570343,32
39.07995387,117.41254098,2.7
40.36620065,115.80533355,473
40.24081811,115.5353171,598.5
39.90230956,116.74444355,22.4
39.15856842,117.92672026,-1.6
40.63654958,115.39663465,943.9
39.30658016,115.37522036,103
39.78424637,114.61175953,972
39.68656267,114.59793499,1584.2
40.46894351,116.35281101,656
39.63794917,114.64947653,1601.2
38.50180335,115.99585912,10.2
40.21623542,114.89771694,1210.1
41.19746831,116.3367387,1484.6
40.33789204,117.33257764,599.8
40.3709031,116.60613155,110
38.84804803,115.19886763,43.7
39.60006761,118.04004553,8.8
40.81612709,115.04887384,1252.8
40.75556366,116.88886983,841.2
39.03974124,116.43493841,6.7
41.29994616,116.20787381,1843.9
39.12645351,117.7697347,1.6
40.88526357,115.06915123,1473.4
41.00820165,115.80520152,1154.5
40.70345823,117.53123365,877.9
39.2160903,114.93728219,463.1
39.29648378,116.38629436,15.6
40.50738975,116.29367205,863.3
39.01368916,116.86552384,4.2
39.51089287,114.9293795,973.9
39.02842381,117.70467209,7
41.15623307,115.97358646,1223.5
40.22403038,115.51249175,685.6
39.25048015,116.4193535,14
40.98659671,116.21793633,964.7
41.20930334,116.93763066,721.9
38.9012725,115.32551354,36
39.78537554,115.5616643,1193.7
38.78003113,115.41058963,21.7
39.57087938,115.83758716,69.8
38.83053984,116.17588089,10
38.50000308,116.06780273,9.7
40.16105366,116.53277455,40.8
40.5507215,115.56321558,1251.3
39.64930424,115.28203263,438.8
40.41076366,116.19725356,659.3
40.67862565,116.11312232,650.2
39.21580788,116.13066657,16.6
40.24439688,117.5523351,547.6
38.68378837,116.02375064,11.6
39.93069252,117.04793827,19.9
38.62915921,116.98724488,5
41.0344415,115.73283218,1092.9
39.85460783,117.99195421,25.9
39.72604089,118.00895326,12.5
39.74591383,117.23153003,7.4
39.75766367,118.03939109,20.7
40.19536134,114.64683792,857.4
40.7236371,117.59276025,661.1
40.23743444,117.95955907,79.1
39.72755815,116.69161392,18.7
39.99173356,115.53366557,1100
40.76025132,116.00683811,1055.2
39.9680274,116.53563492,29
40.3451565,114.9761681,797.3
39.87102158,115.45081212,651.8
38.85243225,117.10638689,3.4
39.50639959,116.35464259,29.9
40.51964127,117.83350576,497.6
40.2403156,115.02381663,1241.5
38.98985417,115.40202625,30.1
40.59915961,115.34365965,922.9
40.56032793,116.99971053,166.7
40.55474516,117.26418987,534.3
40.89026461,116.95141605,402.5
40.9375985,116.31742668,952.8
41.20267615,115.92537867,1598.1
39.70725323,117.54420466,2.5
39.84178186,117.46461744,4
38.58825407,116.28450532,8.2
40.90543374,115.15042145,1261.4
39.91381269,116.23562308,86.3
40.84273774,115.24973107,1424.9
39.98130355,115.22587287,1545.3
38.97290335,116.48111085,6.2
39.88732315,114.62871737,891.8
39.24841226,115.8110145,31.6
38.85831786,117.15721149,2.1
38.84594325,115.46230615,21.5
39.43174877,115.25539378,602.4
39.00359232,115.94321862,10.9
40.11959635,116.01569664,471.1
39.55383434,114.90118655,1106.4
39.30186905,115.43011916,190.1
39.42097581,114.67399075,921.9
39.91920236,116.4521596,45.3
40.56727855,116.02381017,636.2
40.43306981,115.0257635,928.6
39.38260537,116.19039455,23.6
40.05513846,117.64239705,20.1
39.59975998,117.90805595,5.3
41.11611297,117.33487747,599.7
40.26900481,116.39982111,186.9
40.49442162,116.22974132,691.3
40.33922457,115.4063261,520.6
39.43772054,116.87020396,6.9
40.34269667,115.84936539,503.3
38.7149136,116.01715439,8.2
39.659183,115.28756045,436.5
40.84561072,115.09590983,1311.8
39.60085514,115.76602703,145.8
40.44376317,116.62851348,379.3
39.57154591,116.26047972,35.6
39.72680848,116.7378717,23.3
38.73596639,116.92105315,6.1
40.75599725,115.1867383,1113.2
38.7607804,116.38358327,6.5
39.980939,115.90338062,1162.1
39.88937858,117.17714349,11.5
39.39837352,117.81854438,3
39.69633554,117.35635698,4.6
39.77173416,114.62084038,994.8
39.40518215,115.52311117,91
39.24421413,116.18834869,17.3
39.79435048,116.10188946,80.2
40.16937341,116.72672611,31.4
40.50488693,116.85896028,143
39.93740429,117.94474762,70.2
39.81742659,115.85956169,268.2
39.34920394,116.3497195,18.8
40.01147961,117.23057875,46.5
39.55593042,115.72106985,98
39.15495018,115.65643764,26.1
39.74006794,116.36154265,43.3
39.63391342,116.8826992,12.9
39.69746486,117.595704,4.6
39.8339875,114.52537331,906.5
40.94203013,115.80758455,968.4
40.68589728,116.29134248,604.7
39.13767,115.38160265,117.1
39.63475785,116.00815856,31
41.1913652,117.13893161,866.9
39.14905024,116.33431718,10.1
40.6456593,117.53560512,892.7
40.70136041,117.06933648,928.4
40.09239957,115.23605306,1489.4
40.82642013,117.05832337,312
41.21408194,116.46205554,1669.6
39.53894424,116.87489037,10.1
39.28372376,116.29151475,17.9
40.70414762,115.55180361,1089.6
39.49512852,116.7715174,13.6
39.51554214,115.9757378,32.2
39.26852654,117.70125074,3.1
40.09548562,117.85390266,35.1
39.99642801,116.6286392,24
40.28308161,116.27874448,492.5
40.26687213,117.70183482,326.7
40.88730964,115.70927779,1360.5
40.50399612,114.9061242,1084.7
39.36592693,116.66476042,15.8
40.66164171,116.64335545,442.5
40.00835971,114.52676226,1241.1
40.99195122,115.84400312,1043.9
39.80538664,117.30278068,10.2
39.42017435,116.76300179,10.7
38.71066416,116.43853866,7
40.92293508,116.95556642,709.5
39.10602268,116.57496401,5.9
40.04158608,116.77862122,27.7
38.62851783,117.15205221,4.9
40.27759974,116.91791307,139
38.54115737,116.0276219,11.4
40.54485434,117.08597498,149.8
40.54572885,114.93733351,811.1
40.18390155,116.1142534,69
39.17456776,117.32115178,3.6
40.40874961,118.10175684,345.7
39.65428674,114.64763538,1447.1
40.5475188,115.2649269,753.6
38.77721009,116.70715764,4.9
41.28565186,116.06074739,1445.9
39.64745631,117.246161,5.7
40.02475208,115.41254741,1164.3
40.85380525,116.27458977,737.2
39.37263308,116.33363938,22.5
41.1179439,116.48179371,978
39.64592572,116.44153956,30.7
40.57116552,115.70554386,1237.8
39.46166261,117.28581306,3.4
39.14715094,116.8458466,8.3
40.80558221,117.13720674,324.8
40.1734569,115.43282167,954.2
40.36208429,116.15973307,688.6
40.94373527,116.07668091,811.6
39.79490971,115.48417811,1027.8
39.01126759,115.99257003,10.3
40.30723282,116.82216902,285.3
40.78609959,116.93155159,485
40.98074569,117.32422219,572
39.55051294,114.59243998,1389.1
41.13482029,117.38132678,923.4
39.5899694,118.14549569,10.1
40.35966754,115.25706008,512
39.60293957,115.13739102,723.8
39.92696965,114.95688305,1713.6
39.2175019,115.95508107,17.8
40.42668453,114.74474512,1427.4
38.61716587,115.91544975,9.4
38.84142946,116.04856898,6.1
40.24096474,117.34996674,356.6
40.18166159,118.10249124,75.2
39.7901327,114.78516748,1693.2
39.82982748,116.29295062,56.8
40.50190041,115.9773137,501.2
40.07705891,115.17835862,1483.1
39.47007458,117.3065832,4.4
41.02819336,117.08060851,704.1
39.712946,116.73155371,17.8
39.56967476,116.43046414,28.3
40.76065103,115.45165813,1537.7
39.45890656,114.75249965,997.3
41.22410098,115.83023908,1341.8
39.43520155,114.84827809,1171.7
40.38235357,116.28567643,782
38.84692449,117.07958443,1.5
39.88836136,115.53332358,746.4
40.63028843,118.0441981,361.8
40.91237472,115.70138529,1142.8
38.73544248,115.65133321,9.2
39.16674978,117.33323631,4.9
40.04220977,116.62503643,24.1
38.99063594,115.74567554,14.2
38.56403189,116.54190553,8.5
38.74281053,117.42750981,0.7
39.63389669,115.34313805,791.8
39.14433886,117.27381039,5.2
40.50693879,115.82921218,1267.9
41.12408924,116.40843313,1349.5
40.09321494,114.97498706,1101.9
38.74556718,116.32994635,9.8
39.09438288,116.00424795,16.1
39.51783175,116.46053557,26
38.87153603,116.10705089,7.2
40.37667346,117.78419591,421.9
39.67414466,115.66412237,844.6
39.95731505,116.31185136,58.9
38.45944615,116.3195924,8.7
40.05954773,116.8838962,33
39.9823016,117.06661265,22.1
38.97418186,116.01893577,8.5
38.78080977,116.58556331,5
39.56460076,114.63802145,1496.3
38.85453768,117.25266,3.5
40.83986165,115.52925336,1237.1
39.19150816,115.99581319,24.1
40.04063414,116.51020164,37.4
40.64847578,114.87193447,651.8
40.22678333,115.50674244,695.3
41.12553328,116.32729168,1526.5
39.64421271,117.42802499,4
39.83581842,116.8050833,19.1
39.74512413,115.60582003,963.7
40.20906609,115.64371757,1127.4
39.53382682,117.85375631,4.3
39.71859291,115.96438281,72
39.45077609,117.24985929,4
39.44038101,116.29989953,27.2
39.77234534,115.30015719,790.1
39.85339033,116.64821546,25
40.55668725,115.91915715,1147.7
40.26190988,115.42713246,733
40.23659788,115.44112968,689.8
40.3976629,117.59093354,756.1
40.46477204,115.9786365,492
39.86060736,116.06244172,491.9
40.04254226,115.15285039,1718.9
39.52848967,115.63739899,377
40.70444788,114.85596726,667.4
39.70304317,114.60125626,1461.4
39.90608658,115.9751034,506.6
40.99176306,116.63861928,884.2
40.23821391,117.6007843,456
39.09932373,116.84171986,2.1
41.2797861,116.97109881,804.8
39.63396456,118.23402488,23.1
39.10186871,116.22424802,8.9
38.9754343,115.18743975,107
38.57510507,116.3336642,8
38.83597279,117.28361442,2.6
41.10955244,115.71570925,1125.7
38.54037477,116.87222685,7.8
39.1543808,115.82752345,23.9
39.47867273,117.70439968,4.5
40.24536343,115.95560912,747.5
39.59023021,115.68166311,136
40.67306602,115.09772263,832.4
39.61645053,115.79923531,124.7
40.16679943,116.41179161,35.5
38.52552177,116.90064979,7.8
40.5918691,117.20586737,466.2
39.29744487,116.66730083,18.1
39.50073463,117.25891721,5.3
40.01733221,117.42680941,79.8
41.10271333,115.7380699,1286.3
39.48597638,116.69514114,18
40.22801283,114.64193554,807.2
38.73289744,117.43966858,2
38.87766057,117.04639349,2.4
39.46271514,115.55819001,111.8
39.20935291,115.50806137,48.2
38.66398374,116.57662804,5
40.14939125,116.6769942,40.6
39.76481088,116.26638252,47.4
40.37163575,115.48807252,482.5
41.2417094,116.25698475,1416.8
38.98085574,115.59271992,15
40.59355661,117.6134585,799.6
41.20612229,116.0945847,1333.1
38.74345845,115.37520649,27.5
39.4713786,116.97494323,10.9
40.04581063,118.1286529,291.8
41.12254666,117.18677543,881.4
40.84653483,116.80063681,636.4
39.29598659,116.24356489,19.9
40.83923774,117.73634183,746.7
40.0812302,115.08533876,1163
41.11400604,117.29359773,546.6
38.91683761,117.73153423,-1.7
39.11847764,116.15101766,12.6
40.24635712,115.73222305,936.4
40.64200499,116.93409279,611.3
40.24511112,116.42967552,106.2
40.72645434,117.83454569,737.6
38.66343908,116.48048662,7.3
40.43322765,116.17555014,857.9
40.69173614,115.12847498,885.8
39.08134346,116.17903688,10
40.39188564,115.88767339,497.6
40.78939622,116.08475814,792.2
39.29942949,116.44793689,13
38.50386698,116.00089279,10.3
41.29793599,115.92767381,1663.5
38.96389272,116.0419077,10.1
39.45090249,118.13719518,4.6
39.73669595,117.70449194,3.6
39.45416865,115.71217256,51.1
39.58049619,116.19015617,34.8
39.72665382,118.00404103,14.8
40.29785323,117.08399642,233.6
39.66311696,116.09829705,43.4
40.61316143,117.51876917,1138.9
40.07811925,114.92119252,1043.4
40.02232115,117.40115012,15.9
40.15689883,118.07426311,63.4
39.10473522,116.0103465,20.3
39.76019661,117.8049893,6
40.18330965,115.90574261,1114.5
40.35317545,116.15682504,659.2
38.58063461,116.95765487,5.9
39.53243241,114.65259105,1334
39.60532082,117.12181563,7.4
39.78265451,115.28771017,554.3
39.94761922,116.84501571,24.9
40.45986988,116.18604529,868.4
39.56868962,116.32318011,30.1
40.34041541,117.32632769,526.5
41.02297482,115.91963614,1227.9
40.67967529,117.15260752,237.5
38.75390127,116.88918025,6.8
38.91192476,117.28798817,
39.18475131,116.40000319,9.7
38.50457728,116.84363632,7.3
39.49398776,117.70024312,5.4
40.41577088,117.6211384,869.6
40.2845856,117.25154552,418.1
39.11500085,117.28657907,4.3
40.81360476,116.87067746,632.7
38.67333039,117.09462543,4.6
39.76593388,117.68635986,4
39.95980315,118.00196785,192.6
38.95218634,117.54067836,2.3
39.84609509,116.03162979,356.7
39.53655719,117.29663479,4.3
40.39381791,114.81489413,1127.9
40.42325149,117.42414153,795.4
39.19805298,116.10371154,17.1
39.76308814,117.09597976,12.5
39.00051303,117.45311259,2.7
38.71631092,116.44238651,6
40.14451745,116.68435655,33.8
40.7748996,117.08648758,318.6
39.33859359,116.62963044,17.8
40.216877,117.40765936,411.9
40.85255236,116.87492347,644.3
40.94286992,115.3870443,1953.9
40.19762915,115.28900195,1042
40.48280759,117.93421515,459.7
40.09311907,114.92527505,1049.5
39.18866948,117.75632482,
38.88160936,116.88438084,3.7
38.67910379,117.09959102,4.5
40.77174683,117.41706775,962.6
39.79120776,117.4461271,5.5
40.3031114,116.57480292,82.5
38.88873884,116.16543408,8.7
39.09920146,116.3382351,8
40.53469298,117.20970611,358.9
39.78625209,115.13421681,1755.7
38.73057144,116.00791416,7.1
39.17481697,116.84652894,7.9
39.69702926,115.7314957,595.8
39.89786187,117.9146489,28
39.40782037,115.78636785,46.8
39.06207523,114.98687899,368
40.50182699,117.49652821,663.3
39.39577003,116.8923677,9.9
40.00664506,115.42159196,1243.7
39.90543458,115.36689903,1039.2
39.398701,114.79100493,1216.3
39.67303597,115.12228605,732
39.34802025,115.36104007,176.3
40.36718413,117.70777808,600
39.59877947,115.86152385,67.4
40.55646023,117.99230727,1015.8
39.72196905,115.80314982,1010.4
40.72969272,115.26753278,1146.2
38.82566152,117.22004132,1.9
39.31300456,117.51383192,2.9
39.24366742,115.30745784,199.7
40.36212142,115.54843243,507.4
39.41577227,118.03714665,1.4
39.5015217,115.46189859,631.4
39.90151743,117.73695188,18
38.60011882,116.92775195,6.8
40.01124446,114.74635516,870.1
39.2635358,116.89383179,11.3
40.70035151,117.7746046,1108
39.88834774,116.85267969,19.9
39.50423089,117.28477311,6.2
40.38425816,116.31489553,630.2
39.62808651,117.89573755,7.7
40.08335039,117.84268389,31.9
38.82784022,116.884608,4.6
40.56680477,117.58524699,749.1
40.87574678,117.33703094,556.6
41.27160206,116.4159359,928.3
38.94836823,115.57746944,15.2
38.93223545,116.43446545,7.8
39.81196573,114.63294506,945.1
40.17115143,115.22578208,1204.8
38.84620527,117.54831486,1
40.46265892,116.5666673,826.3
39.26785228,117.31428262,4
40.7481847,116.07333463,1078.7
39.64529485,116.2782887,35.5
39.648425,117.55938131,5.5
38.52095742,116.35441986,10.4
40.04371358,116.65769191,31
40.39829347,114.88917485,1184.8
38.98517043,117.14579719,2
38.97314182,116.10673178,14.7
40.71837145,117.49000741,729.7
40.55647046,116.84172434,143
40.52362261,118.00614993,527.2
40.65400649,115.92989901,985.4
40.36814473,115.36093745,494.4
39.09053599,116.89803755,4.7
39.48230755,116.66282547,16
39.18638669,117.41513135,2.7
39.31804078,115.1113805,470.7
39.49737602,115.11653236,920.6
39.1772709,117.7206378,
38.99975188,116.42914149,4.7
38.87255045,116.58376657,4.9
39.06907584,115.03722468,364.3
40.68308033,116.82264815,737.8
40.90522475,117.70798263,501.7
39.89641238,116.7156333,23.9
41.17043716,115.65241126,1237.1
40.0142344,117.00339457,22.7
40.15685055,118.09246778,107.8
39.25651025,116.59355976,10.3
40.16626308,117.97957971,51.2
40.51013296,117.89571983,853.4
40.12881091,117.06319345,26.5
40.54608942,117.21716354,682
39.87924836,117.91594322,22.8
39.87336858,115.9112708,653.1
40.40240114,114.71069348,1377.6
40.11992481,115.26087146,1214.1
40.87120738,115.95623828,921.7
39.73407567,117.26119836,10
39.87690237,114.6601321,911.9
41.0155021,116.57288507,669.5
41.30424881,116.87383385,1036.9
39.10451173,115.27086699,126.8
40.63020271,116.9347501,516.1
40.92180745,116.72589112,938.9
41.0427957,116.47369777,935.3
40.28114672,115.46413863,715.9
40.39274429,115.34871386,498.1
41.32476629,116.23874616,1595.2
40.17616762,115.54503695,872.4
39.95494258,115.04337668,2285.7
40.5293038,117.00698457,143
39.64615756,116.65591155,14.2
39.47813695,114.62120555,1319.5
39.28726915,116.57352601,11
40.13410291,116.57700144,40
40.62877947,117.91201246,558.3
39.34806637,116.40035081,19.9
38.85525041,116.19089177,7.1
40.57361509,115.75057992,1204.1
39.81001549,117.18546124,6.6
40.69131206,115.23694178,934.1
39.21301674,115.15586828,298.5
41.08498595,116.60248142,1109.5
40.25573625,116.97854449,102
38.63210739,116.74832957,7
40.29564546,115.92560438,711.4
40.66268934,117.40238815,577.6
40.41094259,115.43727953,499.9
40.79976175,115.71901508,1118.6
40.05006281,115.50824972,1396.3
40.44118474,117.6854168,689.4
39.14779542,117.76086096,
40.72555279,115.28333648,1206.3
40.47428679,115.19348276,708.9
38.5002491,116.38433982,8.1
39.47528094,116.04538238,28.4
40.34041211,115.35518465,532.2
40.06953045,116.35365518,44.1
38.82095671,115.41876306,23.1
40.23744313,117.04488597,83.1
38.62234699,117.13634156,6
38.60270013,115.99121646,10.2
40.50991455,115.483674,1443.9
40.32251764,117.10142901,218.9
38.57896029,116.74261888,7
40.02742619,118.06553378,85
39.48910326,114.80436154,1101.1
39.53752783,116.69463008,18
39.59019463,114.82232496,1491.4
39.98003683,117.84731142,62.5
38.87613296,115.39650991,26.2
40.16765622,116.57137204,43.4
39.8943552,116.63049564,27.3
40.96919597,115.34149962,1577.3
39.59576607,115.43603798,874.5
39.77905896,117.41290283,7.5
40.71721909,117.47426925,849.3
40.26146613,117.31821275,246.6
38.69112664,116.89260011,7.4
38.72958706,117.34499604,3
40.64551292,117.51685701,849.4
38.71225744,116.01713733,9.4
39.16423151,117.66454352,1
40.17373015,115.06623814,1545.4
39.31542383,115.14491448,248.4
40.38923914,114.99150932,1155.7
38.8725032,116.31785844,5.3
39.01895333,115.00490072,302.3
40.98084863,115.38854492,1798.4
38.9258436,115.86226531,7
40.0248991,116.86383369,30.7
38.50021171,116.46645983,10.6
39.84542119,115.74223386,810.2
39.7719052,116.63135618,24.3
39.50711398,115.348133,906.3
38.95356738,117.64414418,
39.36339838,115.67392247,40.6
40.28638654,115.10167043,798.2
40.52622726,116.88459604,143
40.85961515,115.98739926,1051.7
40.38909497,115.87805726,492.5
40.70163603,116.95533545,794.7
39.24133845,116.15953293,18.2
40.42201063,116.62983433,166.7
41.21826119,115.79740584,1404.7
39.92441545,115.82259625,705
39.38043775,116.59147961,19.5
40.01490796,116.09329466,230.5
40.61540037,117.34365068,674.5
39.609473,116.15680491,34
39.04882314,115.41208726,34
39.03060651,116.70201495,3.8
39.66773694,116.5633062,27.3
40.73422684,114.86069447,689.5
39.6883389,116.18487666,42
38.53010842,116.81781645,10
39.57504672,114.88911832,1111.6
40.58378361,115.16249102,622.9
38.70988996,115.43937814,19.9
39.19160799,115.37275789,63.1
40.52610994,115.00335578,708.1
40.81372482,115.52898326,1197
39.58971837,115.27017993,416.2
39.92495712,118.07367092,135.2
40.8859962,116.29810154,1567.7
39.94337119,117.86900717,35
40.67194191,115.78580322,1073.4
39.59572861,116.57891001,25
39.73947758,116.08721329,50.3
40.19715703,117.35553997,266.6
39.90768182,117.45215115,8.8
40.0383914,114.58186005,1236.1
40.12887494,115.8428699,787.3
39.01294643,116.3327649,7.3
40.89385749,117.69553943,622
39.06516852,115.11775096,324.1
40.710458,116.82059054,868.2
39.74262529,115.9139468,250.4
39.65893251,115.9931798,35.5
39.19960062,115.49863271,49.3
38.86016592,117.25833784,2.8
41.01512405,117.14091286,757.1
38.78685012,116.07688131,6.5
40.72812511,115.99285654,1008.3
39.78957203,115.21070599,638.2
41.18791229,115.88533716,1750.4
39.89145602,116.48730066,37.9
39.88982007,116.20880351,69.4
38.94594982,117.24805905,3
38.66288029,115.5180581,21
39.66930192,117.9935919,21
40.46246184,114.98762713,949.8
40.7459056,115.6466978,1336.8
39.90383148,116.81982332,22
39.53410989,115.61144155,496.9
39.50593752,117.23746631,4.6
40.11334166,116.30734125,41.1
39.18367624,117.37051446,7.3
39.28135991,115.24216349,151.3
40.33626975,115.07262209,603.7
39.1076281,116.55484563,5.1
39.53535915,114.91285535,1053.6
38.91462642,117.20505486,1
39.94650337,117.87959039,37
40.30689431,118.08445247,382.8
38.87263813,117.5798049,
40.09384406,114.97403154,1104.8
39.83547306,116.05516017,205.2
40.22378544,117.62252268,226.4
40.61438619,116.53931895,971.2
39.72675732,118.15187995,34.6
40.37623663,117.73651093,461.9
40.71285636,115.96762833,1025.5
41.27266897,116.42599544,907.1
40.38025846,117.63074566,801.6
39.65352798,117.64174695,4
40.36300172,116.92534852,141.3
39.54817242,115.32165933,959.7
39.36914664,114.86832825,729.2
40.0747562,115.82123109,578.2
40.83015369,116.76669473,460.7
41.04181001,116.25102397,1476.7
40.5381802,117.09403675,160.6
40.86053896,115.67881629,1222.9
39.6232598,118.0547067,15.2
40.0403227,117.44359296,19.9
39.84313954,114.54909103,901.4
40.16653998,116.70557576,35.8
40.08575575,117.06918512,27.8
40.18844684,115.75444848,988.5
40.45186166,115.0675692,918.9
41.0400749,116.0591921,877.3
39.99931307,115.26824381,1662.3
39.54738508,117.56818171,2.9
39.8230648,114.8672903,1838.7
40.22199626,114.61139705,816.9
39.90271146,115.79877496,761.2
39.8942155,117.67537593,15.8
39.70359617,116.37123154,36.2
38.58299252,116.18168557,13.6
39.70792281,115.63557196,652.5
39.2039329,116.91735465,11.3
40.13637131,117.58932169,92
39.58460983,116.50273583,27
40.19446008,114.98680096,1760.8
39.34185546,114.96484318,1007.4
40.07487121,116.07781996,355.8
40.04720684,117.46847136,16
39.01818003,117.73037525,7.6
40.93156781,117.47414499,619.6
40.82520225,115.31270305,1619.3
39.17772383,115.02048193,389.6
40.80351478,116.83221354,530.3
40.66914842,117.2450752,365.9
39.16750659,117.52800226,1.7
38.78265502,117.58883698,
39.93430373,115.47097658,1100.5
40.38902173,117.67082534,585.8
39.58394769,116.75357774,16.3
38.53054771,116.06476125,11
38.93325465,116.70497655,5.3
40.76897422,117.58885588,1077.9
40.4094949,117.34633442,613.1
40.28684086,118.2187211,261.3
40.90890301,115.15452998,1138.6
40.42171902,117.92130673,294.4
38.83031385,117.49884581,1.7
39.28612092,116.60223761,21.7
39.87759768,114.93572001,1481
38.85606534,116.87482678,6.3
38.98751849,115.64153481,15.4
41.04397692,115.76264883,989.5
40.75738852,115.0411534,965.6
40.66645545,117.06363822,391.1
40.92407962,117.10144028,673.9
40.8054881,116.63119828,597.9
39.05745568,117.8261983,-2
39.27571374,115.37930846,85.6
38.85977732,116.45648604,6.7
40.30476004,115.3096733,857.7
40.43324633,117.65519338,1145.5
39.27119566,116.4176893,13.1
40.4361957,117.19040867,396.6
38.88486186,117.61106136,
39.40583804,114.82124762,1385.7
40.22845862,117.10180265,272.2
38.86228926,116.04923249,6.1
40.09635378,118.12433243,214.5
39.56594172,117.08631328,8.7
38.71325981,116.14172732,8.7
39.15011423,116.71618414,8
41.10167893,115.66488404,1088.5
39.74333999,116.17676199,46.7
40.58465857,115.48629999,1530.1
40.32206503,114.97231723,882.6
39.02676538,115.74807386,15.2
40.04235248,115.3852203,1320.2
40.30611521,115.06517764,989.2
39.52487102,116.83962009,12.2
40.37423661,116.82288009,70.7
39.78713559,117.56845228,4.3
39.56817213,117.79546218,4
40.56567898,116.52602468,760
39.25665303,116.35357448,13.7
41.29393143,116.30602588,1569.3
40.92644078,115.41733335,1794.8
39.06041472,117.40134636,3.8
40.78765258,116.13120357,954.3
40.60430888,114.79015382,1120.5
40.42701995,116.55194345,288.4
39.3684294,115.65476748,41.5
40.52308345,117.95675815,620.8
39.66118998,118.17488993,22.1
40.36507419,117.044114,214.3
39.46614358,117.07562408,6.8
39.77057305,116.18443639,45.1
40.67318241,117.0028071,446.8
39.98171917,115.64604506,629.7
39.61385398,118.09213929,23.1
40.81308728,117.75326147,657.6
39.16526262,117.8978491,-0.5
40.89956325,116.39789011,1100.1
39.1042825,117.52799642,2.7
39.26808886,116.02964037,24.3
39.30462253,117.56466322,3
39.65755813,118.16678595,28
39.85578386,115.4662639,604.7
39.47254489,116.5373349,24
40.42594797,117.76808936,801.2
38.59630972,115.6252636,17
39.34666474,117.83124096,0
38.92700171,115.55888593,16.7
39.71551826,116.41244693,36.1
41.21386226,115.71519502,1214.3
41.22418938,116.73934895,686.4
39.66462303,115.27457901,419.6
38.6058378,116.71973081,6.3
40.31141517,116.18747958,440.9
39.67808141,115.89840049,154
39.46878644,115.0032338,1113.8
39.38810531,116.01022814,34.6
40.39358573,117.33699165,450.9
39.06364438,116.04231236,15.5
40.68114742,117.26000131,467.7
39.08128042,116.95456697,3.3
39.61420922,118.16049447,24.3
39.26533484,118.07624861,4.7
38.99279131,115.23994527,331.8
39.53509987,117.07184593,6.2
38.69700267,115.52657364,16.4
39.83810858,116.71949169,20.5
39.65698354,117.70462197,6.2
41.14821656,116.40085437,1152.3
40.56672164,116.24941644,756.3
40.44993854,117.76973498,805.4
40.40587096,116.18064558,576.7
40.43034068,116.60755279,411.4
40.44892299,117.77962063,699
39.79382186,116.27473836,48.6
40.64558308,117.04944903,343.6
40.37872728,118.18491539,376.6
38.47999346,116.3040964,11.6
41.03628959,117.3041758,732.7
40.03740434,115.57288674,1423
38.54448614,117.01503035,5
40.32327695,114.77876471,1062.1
39.46656392,115.11249142,885.6
39.31328835,118.09440038,4.4
40.96819999,115.6885892,1156.7
40.51461582,117.64965819,781.1
40.09525679,117.85186411,35.2
39.71625726,116.36597981,39
40.20360155,114.90211182,1217
41.09813141,117.33000632,532.3
41.02804032,116.45943754,816.8
40.79658951,116.34811286,659.6
40.34089315,117.53307974,857.1
39.76461145,116.28274709,48
40.13078989,115.14755794,1295
40.18157145,114.93623984,1441.5
39.91951998,117.37901208,10.6
38.51600446,116.26402946,9.2
40.4073362,117.61512946,751.7
40.22192601,118.00790184,75.4
39.16142898,117.57306662,3
40.59143748,116.85565921,204.5
40.73089089,116.78391274,767.2
39.25363882,117.22177069,3.8
39.03427856,117.85950011,-2.3
39.80912344,118.25264674,39
39.82609528,116.68443934,23
40.53231275,117.7426541,569.2
39.82243458,115.23740543,714.6
39.66328221,115.37265779,533.7
39.36039523,115.00635367,1011.8
40.7593114,115.68713445,1424.9
39.43677698,117.89556594,2
41.01132821,116.86855666,601.7
38.96587098,115.59414865,18.3
39.65146995,117.89709604,3.6
38.98750634,116.73893143,4
39.33389374,116.72799889,10.8
38.52992906,116.53319601,11.9
39.32253659,114.96656184,1123.5
40.94498609,115.4319748,1711.5
40.71731626,117.71852293,501.9
41.07974142,116.37411366,961.7
38.7314067,115.90993325,7.9
39.96711629,117.10383593,15.4
38.90975699,117.3762597,2.4
40.12117142,117.45297515,265.8
38.77460117,115.32670092,31
39.44091333,116.21126121,26
39.22827814,117.64138893,2
41.16832055,115.96302014,1131.8
39.69154555,114.58192415,1875.5
39.12282231,116.95760898,5.8
39.11100592,116.57389661,5.5
39.67405531,116.6825297,19.4
40.38760999,115.07235589,1002.2
39.6171718,117.59923779,5.3
40.69909207,116.7393698,795.6
40.52208165,117.71146935,716.2
40.6729284,115.61249967,1144.8
41.30696472,116.54575929,921.6
38.74725783,117.46359471,1.2
39.04192042,116.71896024,5.9
40.73202856,115.48355693,1496.6
39.88540205,116.68696971,23.4
40.88525529,117.04612002,439.2
38.94179624,115.11439105,334
39.36116177,116.12339707,26.1
39.57455174,115.19704342,613.5
39.72802958,115.76681162,686.5
40.6385382,117.00146602,354
39.67296279,116.62397501,23
40.35350551,117.2620842,866.6
40.76634904,115.28357775,1236
41.08966181,116.28972888,1268.4
39.37074088,117.82578647,1.2
40.65175509,115.79381508,1334.4
38.71863348,117.35015155,1.5
39.05118792,116.48243828,3.6
39.97358109,115.2891589,1657.1
40.43952806,117.17073151,293.7
39.95621021,117.68431191,24.4
38.6929669,116.1540682,9
38.82853804,116.94150556,2.6
40.30061531,116.17980553,174.1
38.77375828,117.52510424,3
39.60249321,114.71141251,1650.3
40.79777738,115.75206763,1428.9
39.03805347,115.6838336,16.1
40.71616446,116.59240628,392.7
38.79241525,115.86044186,11.6
39.54006319,114.6757232,1198
40.15135738,117.18466571,36.5
40.28564072,116.33493354,383.7
39.26126127,114.78149338,808.8
38.76056368,117.5495979,2.3
39.54457966,117.44392772,4.1
39.67935063,115.15555521,658.8
41.03570453,117.06095707,939.5
40.05153329,116.48169092,40.4
39.35892966,116.05324091,25.1
38.98060716,117.73882058,0.6
40.01801522,116.61730109,31.1
39.70766401,117.28489681,6.5
39.11924566,116.27867895,10.1
40.07187119,118.19525016,166.6
40.39967665,117.67147091,834.1
38.90742156,117.75223046,-2
39.82336741,117.04977969,13.9
40.87278795,116.59319732,844.9
39.82161076,117.91433869,15.5
39.96906347,114.74326527,872
39.80260892,115.93109301,258.4
41.14456586,116.38163336,1314.5
40.87043057,116.74607435,619.8
39.34130427,117.7718768,2
39.26171294,114.78711825,937.3
40.68192141,117.54702946,842.2
40.78684111,117.10266621,317
39.03601819,116.93615403,3.9
39.00093567,117.67960054,4.6
40.94109666,115.29841488,1501.3
40.72672818,117.85516505,850
41.29929439,115.9801967,1751.4
39.5555878,118.03533843,1.4
39.31619619,115.62886727,34.6
39.52859753,114.77420363,1051.3
39.10016781,117.86141599,-2
38.99183522,114.98195919,468.7
39.35432237,117.69497303,1.9
38.97524866,116.57964476,5.4
39.34042464,117.20774024,5.3
40.07421494,115.18742352,1544.4
39.8839477,117.43651077,6.5
39.20726604,115.45055816,60.9
40.38251726,115.27754795,513.2
39.36219239,115.53310031,57.2
40.07277487,117.49056227,52.7
40.54444013,116.54630893,828.7
38.81325901,116.80869768,8.9
40.08107447,117.171401,227.6
40.84913255,116.22019881,701.9
40.37143409,116.28969699,490.3
40.48304195,115.87983648,485.1
40.90785443,117.56324328,666.8
38.9799873,116.38777699,4.3
39.32172086,117.96572492,1
39.072385,117.47283634,2.3
41.08287532,115.95400115,1283.1
40.83621186,117.27203317,511.9
38.56390046,116.72796431,7.5
39.52974938,118.12043797,4.9
40.5778032,117.55280531,1182.3
40.11374361,116.81043446,36.5
38.80969096,116.81478337,7.9
40.57243153,116.80609368,445.1
38.84736585,117.40816403,3
41.04365384,117.27539281,968.4
41.23643365,116.31482483,1138.6
40.57463447,118.08632313,1073.6
41.09763568,115.33420622,1723.4
40.89898276,115.98507232,944.3
40.56510613,115.79271143,1569.4
40.06711627,117.72515327,29
39.9699732,116.51324847,35.4
39.69156914,115.53266923,851.2
40.38672747,115.26949865,516.4
40.87008259,115.68765888,1251.8
39.35387315,115.44247085,91.5
40.77842624,116.82971442,651.2
40.95577583,115.72022705,1204.4
38.61669651,116.57698323,8.8
39.68268005,117.53436043,3.7
39.03421696,117.47245855,1.9
39.34445125,115.80368778,37.5
40.24699158,116.55508504,51
40.40962209,117.34370247,557.9
39.57162305,118.03860583,5.3
40.76236358,116.64826273,349.3
40.22769643,117.67040526,139.6
41.11167129,115.68657914,1074.2
38.59965385,116.03902321,10.7
38.8069573,117.35466075,1.9
39.37893327,115.40226146,81.4
41.01468628,116.34338618,1152.5
40.00611261,115.38273949,1179.6
39.79578768,117.09516575,10.6
40.41122935,116.84063491,79.7
40.61040157,117.13623844,224.5
38.85847431,116.9836416,3.6
40.34029935,115.33764376,521.5
38.85060897,117.60807063,
38.87515032,115.28568924,40.1
40.24533132,116.86914852,152.4
38.84247627,116.41898851,6.7
40.38878608,116.33780052,406.4
40.00838199,115.14684962,1675.8
39.75439139,116.86758661,21.1
40.54682269,115.1082948,585.8
40.60172217,116.46139419,859.2
39.59134427,117.0052811,10.3
39.78082609,114.64331894,988
40.96038832,117.1085209,504.2
39.05700156,115.06250988,539.2
40.2082064,117.18613328,82.8
40.38980638,116.40433114,294.6
40.43580337,117.05978977,493.4
39.04487422,116.27023818,8.6
40.17956663,114.83918488,1144.5
40.242442,115.30033993,1002.6
40.22125526,118.21615184,146.1
38.68542424,116.15790541,6.9
41.1062861,117.23027939,673.5
41.20160812,116.6205809,731.4
39.03543928,116.78566292,3.8
39.85426689,117.73301384,8
40.59747823,117.88856207,707.1
39.85138305,114.74635435,1081.4
41.1692242,116.92884667,682.2
40.11855839,116.00195959,377.6
40.40244077,118.06737183,220.1
40.97473017,116.99888543,406.3
39.91072053,117.79331603,20.2
39.93438454,117.61982692,135.8
40.59908936,115.44262785,1273.7
39.75441696,117.9714178,12.7
40.03199694,117.44964819,16
39.16333059,115.96489035,17.8
40.77565957,117.443269,1015.6
40.83801329,116.20722081,809.5
39.518216,115.6056973,314.4
39.56494131,116.82150424,12.8
40.18448157,117.08550532,31.9
40.12894308,115.1595257,1317.7
40.08337608,115.60036581,1395.4
41.17069121,116.3499994,1082.2
40.66277188,117.60530495,1145.1
40.49677161,117.10286817,458.5
39.12527259,116.45479912,8.2
40.23806733,117.90242202,139.3
39.91273018,114.77669034,940.8
40.89182858,116.85672547,537.6
40.02605793,116.9439178,29
40.33321786,117.41431844,521
40.47703591,114.9582419,841
40.32206222,115.21831804,581.8
40.1065489,117.10688557,29.3
40.02261548,114.84030518,896.1
40.79208176,116.18654214,1201.4
41.00331913,116.85592065,539.6
38.74897907,115.49314087,16
40.74051597,115.73059318,925.9
39.34358717,115.66939703,38
40.36042194,115.49449691,479
38.72257496,116.82391846,6.8
39.10311801,117.60487029,1.5
40.29188955,115.817606,625.8
39.01295279,114.96990273,380.1
38.68368751,116.90114911,7.4
38.95272151,116.46408132,7.1
39.88711443,115.50793144,1031.7
38.67194982,117.2606748,2.9
39.661578,117.12642538,8.4
40.18047672,117.05850278,31.8
40.92254348,117.20472767,552.6
40.9278489,115.22148779,1178.4
40.62520022,117.22434929,475
40.13621352,117.7276432,53.5
40.40446441,115.61774026,743.1
40.3042534,117.97824954,325.4
39.48857399,117.80730148,4
40.26275471,117.22320257,599.7
38.8118745,116.55553452,4.8
39.30128811,117.50003791,3.5
41.16474427,115.73443921,1198.6
40.09754314,117.31508486,447.2
40.91730897,117.64210233,620.8
39.80588835,116.3622804,43.2
40.26165447,117.38101122,575.3
39.25033295,117.61720826,5.3
39.75224096,114.56760859,1039.7
39.74405172,117.95356778,9.5
38.95847254,117.15222846,1
40.35842765,116.44069931,137.4
40.44390315,117.49094652,654.1
39.98534336,114.73860897,878
41.00786149,116.18116782,1193.6
39.4137548,115.25574808,641.4
39.29547534,115.43516529,93.4
38.858608,115.72120692,9
40.6009503,116.28198574,983.7
40.79783177,115.34694579,1727.1
40.6670002,115.60038427,1125.8
38.95299256,115.63485972,15.4
41.136539,117.28955663,583.8
40.42205657,117.61076935,775.4
40.55960619,115.19380611,706.3
39.24567686,117.05179813,6.7
38.95526295,116.62648177,5.7
41.20636024,115.66287218,1347.7
40.87334309,115.76061224,1018.1
38.83978641,115.37911085,28.5
40.25309048,116.65155539,38
40.75461467,117.22675928,426.9
40.70028393,115.82761102,1051.9
40.84985018,117.70103489,649.6
38.88684858,116.93067856,5.1
39.195741,117.78320488,
40.36930448,116.76563915,63.7
38.74564446,117.19759243,6.3
40.73029005,114.92244801,726.4
40.72699521,117.28258489,321.7
41.27110314,115.86796502,2022.4
39.85239334,115.73960697,1016.9
40.75217494,115.78257313,1134.5
39.34467487,114.89013577,921.8
40.22078789,117.36834116,258.6
41.05008625,116.80746175,627
39.95208088,118.28649214,103.8
38.68563235,117.04530307,6.4
41.19679381,117.11381377,872.9
39.60565335,118.09181288,19.7
38.8188305,117.20105162,2
40.79825031,115.97674266,943.2
40.66129869,117.79347121,406.1
39.81478952,118.28568352,90.9
38.84082824,115.66198592,8.2
40.23754103,115.52585,624.4
40.17260115,116.67212657,31.4
39.44728697,116.26395118,29.2
39.45814422,116.74846144,13.4
40.19359209,116.53279781,47.5
40.15359201,118.20848107,318.5
39.74705974,117.56937889,4
39.1891991,115.08162701,470.9
40.50269876,115.01326767,736.6
39.82293081,116.56951337,30.3
39.234025,116.44662487,8.8
39.64538154,114.59881053,2029.5
39.27120857,116.03913383,20
39.7777522,114.563265,958.8
39.46147924,116.6070194,19
39.65760529,116.60368381,18.6
38.76507363,116.43009034,4.6
40.92228144,116.23698497,1030.5
39.61588684,116.27503737,36.7
40.51687498,117.65927971,561.4
41.20044513,115.80749434,1310.8
40.87812533,117.13178617,611.3
39.98317371,117.8371607,69.5
39.44568883,115.53843706,103.8
39.77877539,114.87548845,1459.4
39.47356729,116.54294143,24.5
39.21418333,115.69861822,34.2
40.69574717,117.15823991,221.2
40.6244635,115.31709482,919.8
39.63130646,116.25615663,37.8
38.92148933,116.63107064,4.7
39.00142309,117.80147939,-1
40.31510616,117.08261441,195.4
39.36909351,117.8948406,3.4
39.04805839,117.67256999,7.6
38.49025033,116.65421571,9
38.74473363,116.05430298,8.4
39.26614232,117.13903609,11.8
39.68464204,118.03052509,25
40.42591561,117.23121843,370.5
39.11141123,115.43607858,95.5
40.71516857,117.95688637,426.2
40.06920228,117.33078884,81.1
40.0143838,116.74781302,25.5
38.82044347,116.06391766,7.9
39.59935824,117.26852111,3.1
38.60944327,116.56865329,8
40.43333795,115.17793105,824.4
39.6517264,114.58588866,1860.4
38.63161862,115.59485196,16
40.35407438,116.8853248,97.1
39.78592993,117.30389796,7
41.27001491,116.45483864,867.3
38.62290962,116.10656909,7.2
39.62027069,117.73965689,3.6
38.92290326,115.5768661,13.6
39.3574533,115.38065888,97.4
38.62643158,116.4895485,7.3
40.7698694,117.79587542,451.6
39.71398755,115.11628602,825.6
39.56071681,115.93073342,41.9
38.97653529,115.20426434,95.5
40.97562459,115.31026821,1332.7
41.07122177,117.17102619,718.7
39.27845484,116.08674323,23.6
39.54325507,114.62236133,1294
40.79193467,117.04496767,536.1
40.96454333,116.6896381,994.1
39.24177477,115.42257964,78.9
40.13265674,117.8624905,32
40.40881432,116.29654083,318.6
40.41716243,117.8036713,815.6
40.44850988,117.93564102,534.1
39.94778818,115.14382001,1450.7
40.87044032,117.03570774,495.8
40.51675091,117.89868117,827.9
40.65599102,116.32096575,921.3
40.82584554,115.51869787,1213.7
39.42192809,114.71050277,986.4
39.85677147,115.36052008,761.3
41.29237023,116.2762938,1657.4
39.9365396,114.59026753,988.6
40.46135383,115.62671196,793.4
41.18832649,116.67181282,822.1
40.03740745,114.62406485,1043.7
40.52423538,115.0119937,705.3
39.5550241,117.67313501,3.8
39.77020972,116.2459264,48.5
39.22364173,115.9436152,20.2
40.73312553,116.5032319,930.3
41.18533876,116.03780422,1300.6
39.53622871,117.57824622,3.8
38.67020593,117.34682512,1.6
41.12520055,117.11398227,860.5
40.85525712,117.19271458,597.5
38.93353299,117.07540711,2
38.85522123,115.82716657,7
39.53588877,115.32512783,933.1
40.58701105,117.3951468,1312.9
40.6624344,115.71914601,989.3
40.82069498,115.01910203,1500.5
40.35776032,118.20141576,199.6
38.53197349,116.07199971,11.4
39.9026287,114.94612856,2015.1
41.2118559,115.60935196,1231.6
39.9351387,114.96116512,1658.8
38.81390345,115.60461433,11.7
40.45526907,116.78225141,104
39.73723985,114.61251639,1290.4
41.19922823,116.44595699,1120.4
41.22888887,116.9193818,873.7
38.6091862,117.12372873,4.1
40.21849404,116.97761343,167.4
40.62240099,117.45196538,942.1
39.65950542,118.09822722,25.7
41.01289972,117.27926227,709.2
40.88489707,116.97887729,361.2
41.02626563,115.28299967,1497.6
39.25853529,115.70690868,30.2
39.33084772,117.76775115,1.6
41.22994917,116.05843547,1200.4
38.6875809,116.18007231,8.4
39.84535884,117.40730918,7.6
38.7180657,117.13220954,3.1
39.15592872,117.26668734,6
39.86731975,117.30235096,4.2
41.16310831,115.8593536,1460.9
38.70685679,115.67835409,8.4
39.95543561,115.87192225,827.8
40.70763063,116.68393295,562.7
39.35079728,117.50022893,7.1
38.81996624,116.00768392,7.4
39.66243012,118.09891086,27
40.80098483,116.37908823,695.9
39.80260805,117.05359542,12.8
40.36038181,117.32436771,826.5
39.80079196,116.78842016,19.8
39.55833353,118.12071742,8
38.86224186,115.51189453,19.9
40.99819998,117.25959034,762.7
41.10237264,115.67908407,1073.6
40.09621564,118.05037202,92.5
38.83220679,115.33321711,32.9
39.92524122,117.3013919,9.2
40.64195973,115.07519983,769.1
41.07151458,116.92748361,478.5
39.28315966,116.82204945,15.4
39.84072945,114.78426037,1152.3
38.77580137,116.86883146,5
40.4754577,117.16524771,266.5
40.00907126,117.51132135,41
39.46564602,116.55721062,19
39.46260236,114.86068268,1121.5
40.68946665,116.36153313,561.2
38.47048765,116.54189938,8.9
39.89835764,117.7072294,16.2
40.47208933,115.08409942,853.9
39.65223966,116.23080718,39.5
39.62444316,117.99807024,15.7
40.72933301,116.81204281,734.5
39.0456289,115.90248139,11.5
40.02836672,117.52073764,16
40.4389372,116.88939693,158.8
39.23924091,116.29582982,14.3
38.96407798,117.38305199,2.5
40.83632029,117.32737658,927.9
39.61504622,114.92844574,1252.1
39.69191022,116.88370407,13
38.96804996,116.50959772,7.2
39.01036919,116.05929521,12
39.59238712,116.34283466,33.1
39.12045264,117.58563576,2.1
39.92870402,115.2844028,1216.3
39.08236345,116.66094383,7.8
39.78427313,114.60780839,969.6
41.04580712,115.64467458,1528.3
40.37932771,116.09859966,623.2
38.60949586,115.77918833,12.1
39.06483087,116.80698464,5
39.98082205,116.90927412,23.4
39.10969931,114.92929987,702.7
40.82430502,117.17979332,489.6
39.35334626,118.01137795,
38.73116701,115.56573246,13.4
39.50011179,115.59426734,149.2
39.16324851,114.98047071,458.6
41.33394953,116.14713831,1581.7
40.96992848,115.26282755,1288.3
41.18484292,115.7560772,1215.4
39.97176215,117.26995286,22.4
39.36289269,116.48146503,17.9
40.71865836,115.89197617,781.2
38.65702937,116.81267311,7.9
40.39036091,115.30682304,509.9
40.11144912,116.73447979,27.6
41.33156889,116.41598812,1294.2
39.56960527,116.01323917,33.8
40.21385212,115.01809383,1442.3
39.47185851,114.63270462,1291.1
39.49101732,117.36787228,4
40.16023283,118.22744214,220.3
39.64046005,116.40090689,33.3
40.18154475,117.76517326,78.8
40.71472602,115.79397792,942.4
41.04321906,117.1591827,823
38.96715539,115.80524141,8
40.79190035,115.96066695,871.8
38.83684261,117.6488852,-2.5
39.16295076,115.5227661,39.9
39.95650786,116.95635392,19.3
39.42757357,115.15356622,540.2
39.34327128,115.0875638,983.9
40.68217683,115.96706517,701.9
40.64723449,117.77798026,504.7
41.24655463,116.29136034,1429
39.99898366,115.57575505,791.5
40.43495567,116.360762,567.4
39.43331205,116.75404429,12.5
39.49888402,117.55051137,2.2
39.2766668,116.82507719,13.3
39.02588041,116.46456012,4.9
39.02028204,117.82063801,-2
39.06143363,115.49295097,29.7
40.62256444,116.93647971,493
38.7296569,115.68359073,10.8
39.89575911,117.68320284,15.3
39.95833856,116.35136705,56.4
39.76596209,116.62070579,24.5
39.24063289,116.88926422,12.4
40.50874529,117.62923832,689.4
40.6553694,117.97631355,490.8
39.13973973,116.1216541,12.8
40.64834892,118.03307922,397.2
38.83883804,115.54848973,15.1
40.94854024,115.53289362,1601.5
40.18728792,116.09319965,92
39.6726548,116.830452,14.8
40.95561296,116.69361637,946.9
39.24280689,115.8152645,27.5
40.86136555,115.96237659,851.2
40.54629127,115.85102149,1530
40.08382556,117.39913745,110.8
40.5930826,116.88542687,188.1
40.19123994,117.01117966,41
39.89123447,115.89674062,479.7
40.2319656,116.27541322,70.5
39.3849047,115.59475016,46
39.23102034,118.06703711,4.9
40.31673452,118.03524649,655.5
39.49985965,117.91330234,3.6
39.93084668,115.8875318,601
40.45757773,115.63522597,765
40.99701316,115.83634745,1078.8
40.84300393,115.62977385,1240.6
40.63148091,115.08882732,705.9
41.22642655,116.7392115,730.5
40.40236326,117.15595673,305.7
40.6725807,117.83702144,696.6
39.91235815,117.71138247,19.2
38.59229748,117.03562628,4.5
39.02448554,115.3621871,37.9
38.99655573,115.493923,24.1
39.79486898,115.8058565,679.2
38.98342194,115.81082917,12
40.43689154,114.74404467,1313.8
40.68994838,115.8557191,919.7
40.339808,117.08654013,502.4
38.97112382,115.91765621,7.1
40.14460867,114.79471551,1303.3
39.18120288,117.32928985,4.1
40.88410227,117.3654219,777.7
39.7969061,115.6287144,1001.5
40.90805307,117.48131384,693
40.36205161,116.62833771,61.7
40.62905729,116.88783108,282.2
40.03528029,117.2764372,76.6
40.16667613,116.8126804,47.7
39.97302574,115.28042178,1338.9
39.43018654,114.98968415,663.9
40.47218728,117.76329166,459.2
39.61843271,116.26443002,35
39.70087786,116.1942209,40.9
39.20104777,117.96827865,
40.86785726,115.73142012,1111
39.91543141,116.61961098,31.2
39.49840856,116.58411327,23.8
40.76304224,115.58106272,1157.6
40.68752266,116.5276624,595.4
40.71689434,117.4599292,743.3
39.37507579,117.24111209,7
39.81759334,115.70002865,570.1
40.86516702,114.98873032,1012.1
40.3663482,115.77614832,473
40.93460553,116.23492464,997.5
40.22041407,116.43551878,50.4
39.68731671,116.52866084,23.7
40.3148362,117.73510289,579.1
39.36302152,115.16408658,278.7
40.46235882,115.50646164,678.2
39.31740719,116.90091325,12
39.18168349,115.74875826,25.6
40.70594505,115.18842511,1008.7
39.27073784,115.02283666,441.5
40.10635467,118.02292811,57.9
39.45567137,114.87703201,1004.7
38.56448523,115.9423119,8.5
39.3174302,115.82109393,30.2
40.82486265,115.56419393,1202.2
41.27997001,116.37344885,1325.8
38.82512634,115.33972175,30.4
39.0809279,115.95864678,15
39.8586606,116.96983024,19.7
39.19734553,115.36113606,70.9
39.66506329,114.96131523,1674.2
39.94027332,115.18374128,1421.4
39.72237783,116.63229677,24.8
39.68725604,117.51472141,3.1
39.56923779,114.86145589,1223
39.90950206,118.06760148,113.7
38.72379782,117.25960856,0.2
40.68549176,115.75215917,973.9
39.39732305,115.09362045,753.7
40.48197574,117.88402192,689.3
40.07233913,116.94726927,31.4
39.86057121,115.71344778,995.8
39.48459853,115.71538194,65.2
39.9150027,118.20466487,60.3
40.08990182,116.89905492,35.1
39.03821216,117.27659739,2.5
40.40729923,115.73563933,517.8
38.99204464,115.69611559,14.1
38.94344844,115.23649976,78.3
39.17447344,116.20249812,11.9
40.95650843,116.84446674,881.9
38.52105297,116.53872947,10.5
39.65424278,115.57515049,693.3
40.94629444,116.53341634,704.7
39.34313626,117.47118588,6
40.80829829,115.17737532,1275.3
39.25730839,115.00573989,815.9
38.54653585,116.50277601,9.2
39.16782918,116.41388896,10.7
39.662109,116.71443569,19.8
39.75068692,117.17253956,7.8
40.42691581,117.08843544,545.9
41.1903509,116.27705261,1503.5
40.4548258,117.62275019,710.4
39.10685027,116.91744723,4.2
41.1506479,115.6401312,1159.1
40.24841527,118.21310832,283.2
40.93955056,116.22443771,951.9
40.72517297,114.8749844,683.2
40.6099538,116.27987778,949.9
39.43320852,115.57667781,69.9
40.64071024,115.17384425,789.9
40.16550299,115.76132837,1412.6
39.8418829,116.12727863,116.5
39.99776256,115.69016883,638.8
40.59885915,116.47831711,651.3
38.94419761,115.8850856,9.8
40.3525023,115.35251394,497.4
41.10129056,116.48350107,969.6
39.91674964,116.81022827,26
39.48555358,118.16331406,5
40.25128105,115.38036302,762.2
40.62586635,117.13090469,325.7
39.54666658,114.98581228,1080.1
40.34066279,115.45588275,637.9
40.69622011,117.89107323,417.1
38.81791069,116.65363111,3.9
40.11444915,116.89311028,39.9
41.01224357,117.47931576,666.8
39.01577165,116.2405454,8.1
40.8469809,116.80154176,634
39.56374903,118.09247495,7
40.92568551,115.27368442,1390.1
39.78479025,117.71271995,4.5
40.76694628,117.22788091,408.4
40.52878954,116.97355764,143
40.66060359,115.01583657,733.9
39.75965042,115.57432778,875.9
40.0204568,117.99492723,109.2
39.47900629,116.49819242,25.7
40.50325447,117.76854253,598.3
39.46502259,116.86669073,5.5
39.84361385,116.2554556,55.2
40.83349526,117.70915067,652.2
39.70247319,115.74255191,993.2
39.03207432,115.3613231,39.6
39.9650182,117.42379646,10.3
39.09232335,116.00641615,15.4
39.15985406,116.35707167,10.2
40.03158442,115.8641551,322.1
38.78691599,117.19378202,2.5
40.67554924,116.40497147,779.7
40.44047934,117.62521814,998.6
39.92365874,115.30111837,1396.6
39.48806766,114.72081275,1189.8
39.12414563,116.04969017,14.1
39.36873986,114.98088228,904.4
39.21659292,117.44832099,4
39.41202056,117.74207143,6
39.11534572,115.70851781,21.9
39.4895969,116.18104258,30.1
40.93051145,116.81558171,645.5
40.22740385,116.56101737,51
38.66595827,116.67190145,6.5
39.87972008,116.65434512,28.2
40.46112054,115.34023535,564.4
39.30424411,115.56387144,42
38.57761388,116.99675271,5.9
40.74635874,116.82787271,819.2
40.83497839,116.11559591,1268.1
38.70045227,117.17137353,4.6
40.58134508,117.73829648,514
38.99539011,116.44298238,2.8
40.1246592,117.25162383,203.9
40.00714931,116.42329135,45.2
39.16570676,117.74993522,3.8
39.3966626,116.92227809,8.4
40.53848232,115.24928707,654.8
39.59195072,115.2352515,406.1
39.04553746,116.58114961,4.4
40.05264238,117.29798031,47.6
39.77548035,115.87698576,466.8
39.96249304,117.34517135,11.3
38.81376506,117.34760145,3.2
39.04232953,116.20249926,6.5
40.08058927,116.7097205,26.1
40.19584811,117.46814103,282.8
39.63826716,117.37189092,7.4
38.71623288,116.68549548,6.2
39.42844422,116.30330741,27
40.23798707,117.11652028,346.4
40.93442706,117.68953009,462.8
40.68707538,116.50435354,515.4
40.29002681,118.16615816,239.4
39.69810047,116.37829265,35.4
39.90636822,117.97647517,31.6
39.28534292,116.07261709,21.6
40.45493464,116.11153157,566.9
38.64849115,115.63032352,14
39.12407321,115.32398722,293
40.10530743,116.34621111,40.7
39.33207534,116.15518983,24.5
40.1750171,117.15910753,41.1
39.0901734,114.90876211,658.9
38.53578643,116.1281403,12.2
39.03923943,116.63961016,4.7
40.52045833,115.29434578,654.3
38.87956035,117.11383117,4.5
39.12230303,116.31657134,10
39.65485845,117.5495897,3
39.49509138,116.56037641,23.2
40.06174067,114.99657504,1019.5
39.59084322,116.08969317,30
40.77452361,117.09063928,325.2
39.48526994,117.66611568,4
40.04858153,117.99674104,167.8
39.33938171,117.83507898,2.9
39.28090599,117.69095936,3.1
39.33358411,117.57724471,2.9
40.3037489,117.77463722,742.4
39.57090501,116.15548884,34.3
41.05040476,115.53290861,1399.1
40.29926015,116.07690321,356.4
41.10598655,117.37716947,787.5
40.58874726,116.78262098,472.9
40.86930655,116.77117829,630.1
40.3426502,114.84739571,1338.8
39.96844349,116.18577673,258.4
40.37671164,117.58957248,719.7
40.14167286,117.24474276,225.6
39.64512118,117.09446467,7.4
40.82182885,115.00163733,1464
40.36803154,116.54354948,172.1
40.76615262,115.11942439,950.4
39.9174518,117.77966964,23
40.88644328,115.42360084,1802
39.81351166,117.26189581,7.8
39.77458493,115.88365754,655.8
40.35972804,114.82621294,1113.8
39.85273,116.45259584,39.5
40.79019538,117.26858106,707.5
40.69684723,117.37979576,761.5
40.14763152,116.83475942,40.7
40.82419084,115.1069774,1466.9
38.73593373,116.73863989,7.9
39.55889591,115.18161041,732.9
39.86263728,115.59737619,1268.5
40.68048658,117.04986267,454.3
40.18883136,115.13536381,1111.8
40.75334837,117.67485563,526.7
39.71051038,115.50879057,791.2
40.46450761,115.47889597,732.2
39.90063722,115.16661575,955.2
39.1942054,115.23743955,667.5
39.22222789,116.47349704,8.4
39.12432864,115.06761058,581.1
39.79290802,115.64419924,1012.1
38.65124843,115.54027937,18.9
40.64705387,116.98181642,378.8
39.97766676,116.78804218,23.7
40.1793077,118.018045,56.4
40.48467335,116.72332886,380
39.59394941,114.684182,1668.4
39.17095256,116.50495072,8.8
39.26103985,114.77683396,879.2
39.59085849,116.66543895,21.6
39.16954206,117.53846748,3.8
39.07579996,117.02146426,5.7
39.82644829,115.28369493,813.1
39.21668475,116.81635076,14
39.06000504,116.14845751,10.6
39.4132023,116.98416069,5.6
40.81122506,117.58574705,1243.6
38.6957819,116.90378937,7.7
40.72677333,117.41208565,660.4
41.12949926,115.73731569,1066.4
39.37751216,116.21729536,25
38.75828333,115.98405816,5.8
40.10356329,116.8941003,36.5
41.02473618,116.86565369,622.2
39.84143012,117.81118427,15.7
40.00386233,117.30322123,19.3
38.96326315,115.55947394,19.8
41.24992963,116.84090818,893.1
38.88065436,117.064841,2
40.04505787,116.79268045,27.6
38.81449254,116.74294419,8.8
39.0080893,115.54184281,19.4
40.94621588,116.71511808,786.9
39.97455283,114.69896971,897
39.87789291,116.50433727,38
40.75822692,117.25358062,375.1
40.69628695,114.96463216,725.4
39.24652021,116.91817508,12.2
38.84089165,116.21511332,7
39.89138569,116.17600785,74.9
38.78839774,115.62285939,9
39.92135959,116.07813878,213
40.33057199,115.98654655,932.7
39.80518626,114.92841257,1927.7
40.66415366,116.20454757,616.5
38.69688876,116.05130109,9.6
40.61002657,115.9919862,1052.7
38.75985384,115.55866779,17
39.61964099,117.71740983,5.3
40.17036219,117.59638218,326
39.7209077,116.23812419,46
38.69501243,116.86076108,8.9
39.68146412,116.69265269,19
39.08086993,117.22014393,5.2
39.64690948,116.18848985,35
41.05296958,115.40871007,1810.4
40.4962656,115.79557024,929
40.05322186,117.98792332,65.3
40.25656303,115.74860121,792.2
39.58415588,115.94410502,41.9
39.52379004,117.783137,3.1
39.61902078,116.51211349,27.4
39.50734589,115.82255352,57.9
40.17338015,116.09853344,84.7
40.84959138,115.18973124,1664.3
40.1507492,115.09889379,1392.2
39.71045914,115.6952457,749.9
40.48534079,116.93315545,143
39.80118169,117.06973649,12.6
39.48871197,118.1315356,4.3
40.61370073,117.85523656,948.1
40.12899629,116.94380533,39.9
41.13169334,117.30957098,627.5
39.0572016,117.77773436,-0.2
38.82331297,117.02313648,4
40.02478644,117.18655124,185.2
39.20062657,116.53655196,7.4
41.11906276,117.15546672,671.9
40.75374796,117.69118012,503.9
41.15134372,115.89815373,1435.8
39.73672487,116.91166383,17.9
39.96211017,116.11493773,128.8
40.3026469,115.89343189,771.7
39.91670699,115.88112473,992.2
38.79907956,116.56879224,4.5
40.18741693,116.85689131,46.5
41.18774663,116.84985287,676.2
40.8684278,116.45064397,1053.1
40.58674573,116.82002683,342.1
40.47463819,114.93036867,890.7
40.52386437,117.36456433,963.1
40.07152815,116.18269463,45
39.57249315,117.69437493,4.1
39.07328758,115.91575827,16.6
41.13141134,116.79359738,754
39.86488573,115.27739962,795.7
39.78163013,114.60050163,968.7
39.43033833,117.28391525,3
39.53799011,117.51523487,3.7
39.29987658,115.99114515,24.7
39.6177392,114.82474489,1568.3
39.83741848,117.544017,4.4
40.17063977,117.44558724,262.3
39.68210421,116.50168963,27.2
39.09319139,116.71118457,6
40.74384529,117.18987713,254
39.35430528,115.89132217,35.1
39.73714367,117.90566012,9.8
39.64564195,117.9312126,11.8
40.12658689,115.70425886,400.8
40.41847673,114.87684972,1200.5
41.00109693,117.42188457,569.7
38.85778494,116.88790383,7
39.79627295,115.89108599,364.2
39.50430472,117.39629489,3.4
39.42150301,116.21487496,27.7
39.74878497,118.01902822,14.6
39.44816812,118.18928871,2
40.18704784,118.00638785,75.6
40.60017935,115.54558943,1416.7
40.14139396,115.6412352,1111.2
39.38773135,118.03385932,1.1
39.12909297,116.02444184,15.7
40.6059632,116.13279341,1157
40.41601423,117.08697158,360.5
39.91407965,115.21911592,1197.5
40.48162582,116.5401031,913.3
40.18955934,115.14327478,1054
39.99483663,118.04810119,115.2
40.10390425,116.39116254,42
38.91814967,117.69011881,-0.7
40.42562363,116.89113671,108.5
38.90954871,117.48890215,2.1
41.19650484,116.18432087,1257.5
39.04585871,116.14278583,10.1
40.07020962,115.01298404,1061.5
40.06303197,117.02222671,21
39.58707795,117.45769337,4.8
40.1615881,116.32031774,42.3
41.0088528,115.97172337,1575.6
39.28008383,115.95338328,21.1
40.83899805,115.84168666,1222.4
38.84774484,117.63366884,-1
39.87192209,114.69572969,944.1
41.15938743,116.59199429,830.7
41.00415315,116.51128466,726
38.63542618,116.48498676,7.5
41.2152799,116.03046628,1173.3
38.72377236,116.71981993,5.8
40.53893708,116.42165928,676
39.58966606,116.93811063,13.9
40.10081997,116.58711809,33.2
39.06905366,116.02078902,13.7
40.08251786,115.58033978,1145
40.53006392,117.40428728,780.6
39.55152679,115.58114633,197.8
40.54480386,117.37407679,830.2
40.08282936,116.35730567,41.1
39.41024411,115.47750913,116
41.05645027,117.33982827,577
38.99520483,117.8439043,-2.2
39.76353976,117.70198686,4
39.51163708,117.46838596,2
39.12710693,116.25653601,9.8
40.92494231,115.98466625,969.6
39.40809022,115.22774806,867.1
39.20978998,115.77482201,23.6
39.73546605,116.70875943,19.5
40.3287136,115.57816274,480.8
40.25656912,116.06009557,471.8
40.3257349,117.77644029,549.1
39.37410317,116.93330345,11.2
39.67936296,115.08235796,1044.6
40.29242946,118.05229658,249.7
39.12856442,115.25005692,124.1
39.55423727,118.10270061,7
39.37927255,116.87530022,13.8
39.21099543,115.6188848,33.6
39.91426241,117.96867362,37
41.3318136,116.42330194,1498.2
39.18002942,116.40877252,8.2
41.07806195,116.23919717,1177.7
39.97882312,115.93046647,625.2
39.93027692,114.5767244,990.1
38.85993125,115.19736809,43.8
40.17981423,117.87386602,50.1
41.16622403,116.29110292,1285.7
40.74543747,116.56116562,517.3
38.794726,116.87666779,3.9
40.56745561,114.86693766,851.7
39.20417324,117.7507917,
39.63160298,118.11687662,20.9
40.04762362,116.82983299,33.5
41.13959551,116.59903284,718.1
38.59077913,116.04337351,8.8
39.28061042,117.72901166,0.3
