Latitude,Longitude,elevation
30.08744304,31.181303,22
30.04316966,31.17087696,23.3
30.04753802,31.16159308,15.5
30.00063091,31.29623808,140.5
30.05635217,31.31482117,74.6
30.07850745,31.28050168,28.9
30.09594992,31.17924616,14.7
30.05992908,31.31453973,69.3
30.00926612,31.19642848,26.1
30.03412865,31.21640954,34.3
29.99260058,31.21384447,22.3
30.01449436,31.18893365,26.8
30.03452641,31.17145167,22.8
29.98389144,31.20491269,23.3
30.0356509,31.22232257,11
30.0820374,31.21991024,22.4
30.04780078,31.23332928,26.5
30.06212885,31.22382135,29.8
30.04285659,31.23483471,31.4
30.01616333,31.23950646,35.5
30.06943379,31.17073588,16.5
30.11004989,31.22090486,11.1
30.02137034,31.28999116,181.7
30.00800155,31.2880455,146.4
30.0987713,31.211607,25.1
30.01513749,31.28528353,197.1
30.03055694,31.30930545,104.3
29.99233093,31.24562005,35.1
30.04691225,31.1747874,20.7
30.08934151,31.17481572,18
30.04296142,31.29727907,83.7
30.05613189,31.24070372,30.6
30.10628108,31.22337194,13.3
30.0568573,31.21953556,34.4
30.04101764,31.26652745,53
30.10113007,31.23720905,9
30.03705055,31.29603887,122.6
30.04865216,31.19845174,30.2
29.99124225,31.24868479,31.8
30.04992954,31.21775112,42.8
30.04049159,31.181379,18.5
30.04777422,31.26540532,45.8
29.99639017,31.21927664,19.1
30.09213668,31.21451548,28.2
30.0161446,31.30301457,187.8
30.01872906,31.28363313,200.8
29.98307622,31.27828624,38.7
30.0350306,31.27645897,89.3
30.06473109,31.26626428,30.1
30.04564179,31.26286515,33.9
30.03070465,31.1729874,23
30.04298686,31.20814376,21
29.99493181,31.21748636,16.1
29.9992912,31.21401985,20.2
30.03929115,31.16561338,16.2
29.99943497,31.22067538,15.6
30.02442699,31.23058037,27.8
30.06938939,31.20656599,24.7
30.08710137,31.26149908,26.8
29.97667499,31.21564256,25.6
30.064655,31.19825475,29.3
29.97750935,31.22924219,16.2
29.99047927,31.2190418,15.9
30.04894761,31.22553027,24.8
30.06080287,31.31420376,67
30.03781037,31.27743906,72.5
29.97563205,31.23785587,21.2
30.06959128,31.24020237,31
30.07876309,31.21051194,29.5
30.00177601,31.18279241,21.2
30.00193247,31.28345852,110.1
29.99818879,31.27205137,40.7
30.0354601,31.19981145,25.2
29.98961687,31.18331849,21.6
30.04942694,31.19832397,27
30.09461063,31.23237897,9
30.02535285,31.21708322,36
30.04696873,31.18563399,22.8
30.03849346,31.21866724,32.4
30.07613074,31.22516727,10.1
30.03720014,31.25362003,31.4
30.07316393,31.21158822,24.7
30.04777894,31.19730517,21.4
30.02460094,31.25568445,44.2
30.06129965,31.30879815,62.5
30.01838173,31.15946231,17.1
30.06017645,31.20972892,38
30.08347497,31.23339823,23.2
29.98839462,31.18912365,19.7
30.0313346,31.20407645,24.3
30.08749628,31.29309301,23
29.99094757,31.22296711,18
30.06096199,31.17375289,19.2
29.99742012,31.19289541,26.9
30.00915327,31.22418218,31.9
29.98281379,31.24826778,23.3
30.06082376,31.18548149,20.1
30.05612899,31.30102099,66.3
30.00619006,31.2667747,39.7
30.01151565,31.25479563,26.3
29.97646932,31.23465534,24.1
30.08138932,31.295999,28.7
30.06464633,31.30642657,55.5
30.04991085,31.26761647,45.6
30.09791737,31.2908639,17.9
30.1013682,31.28309754,27.7
30.03250865,31.17418529,28.4
30.01939714,31.30685052,202.2
29.9878847,31.22238948,21.3
30.0764623,31.24458869,27.5
30.08113562,31.25112289,24.9
30.03205082,31.22415518,12.3
30.0628635,31.18123184,19.6
29.99293794,31.28021849,55.6
30.01175576,31.23991925,24.8
30.08807103,31.25170479,29
30.09683226,31.20901904,26.4
30.06704281,31.21729834,30.3
30.04486016,31.19076333,26.7
30.01496225,31.20632084,21.4
30.09709101,31.27910674,23
30.05257909,31.15844839,19.9
29.99598935,31.28661111,77.4
29.98523968,31.23435123,25.7
30.05351905,31.1836947,19.1
30.02182702,31.27962284,196.1
30.10531149,31.19219023,16
29.98035414,31.23173217,18.1
30.10370103,31.19935456,17.8
30.02495885,31.29549444,180.2
30.07256769,31.19044543,20.3
30.07190863,31.26002889,26.2
30.00889259,31.30702431,204.7
30.01631556,31.16437593,16.1
29.99839347,31.27886136,56.5
30.06309081,31.21396098,22.1
29.98297903,31.19819013,20.7
30.02867367,31.16377649,18.6
30.0682375,31.29456836,43.1
30.03469265,31.29877689,117.1
30.08332519,31.25348304,27.1
30.06560454,31.18344147,19
30.06427185,31.22060864,34.4
30.00932609,31.27478548,69
30.05884437,31.20232881,20.6
30.04085965,31.29611018,85.7
30.0115461,31.25231229,29.6
30.07848941,31.28885368,24.7
30.09071008,31.23593497,25.3
30.06580688,31.22507685,10
30.05942065,31.25469019,32.5
29.98422962,31.21458056,19.9
30.06780192,31.26279862,22.1
30.08202502,31.19316544,22.3
30.09685744,31.1798477,16.6
30.01943186,31.29636373,187.1
30.06313176,31.21923122,35.2
29.98068453,31.27333889,36.2
30.10424109,31.19751524,16.6
30.09550361,31.22346344,28.8
30.02860583,31.26037818,100.1
30.03224076,31.17090478,23.9
29.98806557,31.1843427,24
30.02523571,31.1838379,23.3
30.05364779,31.28080935,48.7
30.0693682,31.28500224,33.2
30.07333388,31.17343946,19.1
30.0747622,31.18484627,20.5
30.06923618,31.27829697,34.7
30.00377012,31.25806615,30
30.0581055,31.16750602,15.7
30.04864311,31.27866951,53.6
30.10005508,31.20192365,22.5
30.07295757,31.20803079,29.7
30.0240418,31.21865319,11.4
30.0314484,31.19083356,23.4
30.09406987,31.1754216,17.8
29.98839306,31.2704291,37.7
30.09238321,31.28858049,25.5
30.04800814,31.15513839,14.6
30.06474828,31.27463985,33.2
30.10853703,31.24400527,24.6
30.0328558,31.27209347,86.1
30.03847966,31.24997184,27.2
30.08453077,31.22665797,19.9
30.05156454,31.26016909,28.2
30.06665581,31.24676953,30.3
30.08437783,31.3036417,30.2
30.08920472,31.21466994,29.6
30.05240035,31.22741011,23.4
30.06846792,31.22802541,24.5
30.05393735,31.20596273,36.8
29.98831519,31.26954535,36.7
30.01560731,31.29936125,178.8
30.09155556,31.19109737,17.7
30.02101356,31.17369601,24
30.07244431,31.30778936,39.8
30.0738187,31.19160149,18.3
30.09451019,31.19629484,16.4
30.05391559,31.30621808,67.8
30.04710604,31.18089823,20.5
30.08764529,31.1722159,16.9
30.08858707,31.17212022,16.8
29.99944183,31.22742379,16
30.05998475,31.16971258,17.1
30.0742295,31.25632488,19.9
30.07412562,31.23301641,27.3
30.01240597,31.16222156,16.2
30.0619648,31.26876095,29.9
29.99936264,31.17823824,25.3
30.09766943,31.22056035,30
30.05002286,31.25871495,31
30.04518597,31.23576336,33.4
30.10622262,31.2584382,30.3
30.09756236,31.19254268,16.3
30.06032343,31.17708392,18.1
30.10417433,31.26079141,29.7
30.08436553,31.17103649,16.9
30.02899222,31.18358432,23.9
30.0496934,31.18387256,20.3
30.0914536,31.20240092,27.7
30.00169264,31.25185389,30.7
30.02677713,31.16538361,16.9
30.01123965,31.1906828,28.4
30.00278595,31.1851205,20.5
30.04018458,31.27849665,82.6
30.08474944,31.18157171,24.7
30.08919335,31.21712671,30.7
30.02543619,31.20648554,20.4
30.04877571,31.25533883,28.9
30.04226569,31.24914655,27.3
30.00534199,31.19474473,19.2
30.08547151,31.27336993,19.4
30.04370602,31.21255382,27.5
30.01471164,31.20237818,28
29.98150363,31.26657076,25.7
30.05301842,31.2715649,45.1
30.09359828,31.19139761,17.2
30.05384423,31.18599449,27.2
30.06197675,31.18109785,20.9
30.00964107,31.28651471,186.2
30.02233244,31.28852701,181
30.07302188,31.19892029,27
30.01875008,31.27856338,188.5
30.05097965,31.24297388,41.2
30.1149901,31.23507386,19.1
30.09017193,31.23216598,9
30.0361303,31.27317872,81.8
29.99980241,31.2623886,31.8
30.0567755,31.15437036,15.5
30.02408421,31.228003,27
30.00369261,31.27976168,118
30.03232662,31.18895624,25.8
30.00316382,31.17545776,25.6
30.00462346,31.28363969,119.9
30.1012352,31.2825729,27.4
30.04550644,31.28132822,70.4
30.01359064,31.28091106,205.8
30.02272206,31.25779087,47.7
30.01441978,31.30630062,176.3
29.99101801,31.25205585,28.8
30.04242951,31.23310363,31.7
29.99156526,31.23476083,20.9
29.9807078,31.25297684,30.9
30.03171805,31.2653717,96.9
30.0144744,31.30505162,178
30.03291506,31.31729524,96.3
30.06095841,31.31476264,67.8
30.04005256,31.17180129,20.2
29.9911126,31.22569869,11
30.07604823,31.29153,33.8
30.00519927,31.29643911,204.7
30.00541492,31.28067004,126.8
30.07965189,31.29657376,36
30.03905341,31.26631621,56.9
30.05404386,31.21501696,25.5
30.05940238,31.30663963,58.2
30.00491777,31.20863906,21.9
30.00837778,31.26840025,45.8
30.03521969,31.26955983,67.1
30.00121326,31.26132654,30.9
30.04458238,31.22966365,11
30.03567774,31.212706,34.7
29.97470767,31.23757433,22.5
30.04505047,31.19120545,25.2
30.0626289,31.30679969,60.9
29.99167294,31.25814324,26
30.05249493,31.22212259,21.5
30.03986881,31.28699322,136.6
30.10658619,31.22852608,18
30.07231373,31.21170794,25.4
30.05554367,31.28400756,54
30.01431655,31.20127996,25.8
29.98056801,31.23736261,30.9
30.04612258,31.17829704,17.8
30.04448576,31.15300113,16.1
30.0182452,31.17563537,22.9
30.08789141,31.19770204,26.6
30.0792355,31.1783111,16.7
30.01059016,31.21425888,25.9
30.02700927,31.23339671,25.5
30.02972303,31.16733136,22.8
30.06914802,31.1641007,18.4
30.0867589,31.28479607,24.8
30.00103391,31.26690095,37.3
29.97387112,31.23414145,17.8
30.01898971,31.30488466,200.1
30.06061199,31.18968611,21.5
30.00083041,31.17164587,23.2
29.99896602,31.27200832,41.6
30.10487921,31.24971594,21.4
30.07104277,31.23204104,24.3
30.09678344,31.21672272,25.1
30.03749438,31.23816618,24.5
30.0118039,31.27934176,150.6
30.03653886,31.19875445,32.8
30.10564206,31.22611588,16
30.0699488,31.21656276,21.2
30.04004498,31.18093438,19
30.10646981,31.22335318,14.2
30.08581014,31.17219532,16.2
30.09530607,31.26309429,26.8
30.01726074,31.23150845,24.8
29.98531064,31.20242709,22.9
30.03675974,31.18335823,20.4
30.0601099,31.17391372,17.3
30.06438205,31.20056542,25.9
30.0433655,31.31652966,79.5
30.02841531,31.26489046,82.2
30.07272111,31.26679054,21.7
30.08040231,31.29557091,29.6
30.02011799,31.23521905,26
30.08681935,31.27426406,20.9
30.03413545,31.29587483,129.2
30.08480311,31.20915307,29.2
30.05032652,31.29907623,96.8
30.07591141,31.2873906,30.5
30.00937471,31.18134995,28.3
30.04091394,31.2563031,30.3
30.06398798,31.17464232,21.4
30.04728344,31.29858204,88.3
30.03402708,31.29341719,138.5
30.01608962,31.31059377,180.7
30.05670076,31.29353465,69.8
30.086507,31.18495624,30.4
30.0486388,31.29169232,95.6
30.02864532,31.15742712,16.2
30.03065957,31.16034681,14.7
30.06784143,31.27565692,29.4
30.03718628,31.23421501,30.1
29.98459312,31.26013128,21.3
30.04620501,31.19122646,25.3
30.02996896,31.24717895,30.5
30.01797312,31.16845914,17.9
30.09993635,31.22876091,17.8
30.07227767,31.25655434,18.5
30.01014627,31.29749591,199.9
30.06979944,31.29801416,41.4
30.05893528,31.21902503,34.5
30.03471329,31.20572647,20
29.99377492,31.2277785,15.1
30.05139259,31.16801091,19.4
30.02372236,31.25192278,43
30.08229563,31.21061704,26.8
30.04982448,31.2117138,27.4
30.07662894,31.20529019,30
30.03297157,31.18895266,28
30.07274675,31.30205417,39.2
30.09254988,31.20528807,25.5
30.05055721,31.3052658,72
30.05917768,31.22590859,12.4
30.05309231,31.18536952,24
29.98291738,31.23666603,24.9
30.08370708,31.21029488,26.3
30.06718211,31.31184065,59.6
30.02516248,31.25976215,60.7
29.9865401,31.22463055,12.6
30.08108679,31.18765412,22.7
30.07999528,31.17988064,22.6
30.00651262,31.25217125,30.1
30.02761168,31.28764915,171.5
29.98618043,31.20026832,24.4
30.03658884,31.17273734,23.4
29.99734585,31.20271852,24.4
30.06582898,31.21182637,23.7
30.05506107,31.15531764,17.4
30.01758329,31.26092398,45.6
30.06463222,31.26748951,26.1
30.01423483,31.17348051,29
30.05007149,31.29414699,84.4
29.97826362,31.23339685,25.4
30.09833551,31.19098597,17.2
29.97936467,31.22311551,17.5
30.09190184,31.1764414,17
30.10064435,31.23226467,18.7
30.10545248,31.19247307,16.2
30.0397593,31.27437986,66
30.03943653,31.2104632,29.3
30.0709278,31.22095935,36.8
30.08423475,31.2807197,27.5
30.03043164,31.169356,23
29.97415095,31.23467,18.6
29.97827437,31.22708106,20
30.00147344,31.18003572,23.3
30.0120846,31.30941577,183.4
30.00039948,31.2531122,28.6
30.07503703,31.24053934,28.4
30.00702928,31.2525632,29.2
30.01798732,31.21556535,36.8
30.11280616,31.24869316,21.2
30.08603827,31.26064946,26
29.99571687,31.1804648,25.4
30.03346655,31.27294874,86.1
30.07335231,31.25556896,19.1
30.02900778,31.28595228,182.8
29.97615492,31.24717765,17.9
30.02811122,31.27633601,179.7
30.09050472,31.26912995,26.9
29.99276586,31.21002876,29.9
30.0733434,31.2336653,24
30.01616551,31.23146799,23.2
30.08398159,31.26197677,20.5
30.00694554,31.26031397,30.1
29.99028493,31.28456927,60.5
30.10080258,31.26530599,23.4
29.99019466,31.24577234,35.2
30.07672683,31.2159309,24.6
30.02302258,31.23823825,22.2
30.06898246,31.22400854,10
30.00701827,31.27005926,51.1
30.08423761,31.25290511,25.4
30.07704138,31.30190113,36.3
30.03753964,31.15267878,15.9
30.09205869,31.23326154,9
30.08661977,31.18241112,23.4
30.06978236,31.26739593,24.9
30.02771682,31.21364993,24.8
30.05549077,31.27790921,54.4
30.00432375,31.2932084,146.3
30.03423689,31.29199944,147.7
30.0155933,31.17211729,25.9
30.05646199,31.23918667,33.5
30.09798105,31.22433955,20.9
30.03833042,31.3095037,90.6
30.09323715,31.19711847,18.6
30.0736938,31.18142765,21
30.02686697,31.31656871,110.5
30.09394799,31.280739,29.9
30.0611397,31.19286802,26.3
30.07864611,31.24619686,27.2
30.08251464,31.20108996,29.2
30.03448352,31.23228563,30.9
30.01846526,31.16008331,17.1
30.0236338,31.1886256,20.1
29.98094951,31.20739179,24.2
30.05705459,31.21317664,32
30.02066117,31.29472271,178.1
30.08840743,31.25833135,24.5
30.08636197,31.20530635,28.5
30.11327724,31.2556455,21.3
30.05297493,31.30879661,73.5
29.99889589,31.25339333,25.9
29.987398,31.2714389,36.2
30.09189851,31.25115839,28
29.9872609,31.19648975,21.5
30.02308341,31.20795548,22.7
30.07887603,31.21795736,22.8
30.07070279,31.26071306,26.1
30.05023742,31.15879555,21.9
30.08162373,31.24441356,26
30.09781814,31.25308249,21.7
30.10732236,31.20639865,20.2
30.03768051,31.30939678,91.6
30.09518201,31.24411845,29.8
29.99368306,31.29004004,81
29.98624702,31.23074334,26.8
30.05043814,31.28645964,59.5
30.05828463,31.17363528,15
30.0604876,31.31251189,65.9
30.09921308,31.23553397,9
29.98167941,31.25305247,31.3
30.05740925,31.24538659,29.2
30.01834671,31.22422962,33.6
30.1025142,31.20350747,19.2
30.0859292,31.29224902,23.3
29.98730442,31.23477583,21.9
30.00554379,31.3031264,200.4
30.01415515,31.266198,51.4
30.01973505,31.22109602,11
30.07357913,31.2175575,24.4
30.09053047,31.1887813,22.7
29.99762885,31.19484787,30.7
30.03702902,31.31272102,89.5
30.02388148,31.17669059,18
30.04171346,31.25874152,32.1
30.00716511,31.22060135,17
30.11224542,31.23748868,14.5
30.04619099,31.21758218,37.5
30.08193544,31.17345647,18.4
30.0852092,31.21238148,30.1
30.04925982,31.18127145,18.2
30.05780164,31.27085961,33.9
29.98689738,31.25288979,21.4
30.05307042,31.18993756,21.2
30.07884024,31.19054813,25.6
30.11654,31.23935111,12.7
30.06967561,31.22370933,10.1
30.02118933,31.20634206,16.2
30.05277634,31.23819763,24.8
29.98247395,31.22394764,18.1
30.02537441,31.30262497,172.4
30.08642692,31.24688881,27.9
30.06558696,31.21948584,27.4
30.02682404,31.2859521,172.7
30.09892676,31.25378762,19.1
30.08444339,31.18570259,23.6
30.09993549,31.27904745,19.9
30.04193841,31.27936973,82.4
30.01426035,31.25058179,32.2
30.09961616,31.2889456,25.4
30.05554524,31.24066079,34.7
30.10630029,31.22837251,18.4
29.99682422,31.27898495,55.4
30.00950047,31.18246248,29.1
30.04800442,31.18589452,20.6
30.05259249,31.1722131,18.3
30.0735064,31.30560404,39.1
29.98542955,31.19758111,20.2
30.08530808,31.3006406,28
30.0473389,31.22195551,23.6
30.03920901,31.25304971,32.7
30.028514,31.1689952,24.8
30.00947434,31.23844601,28
30.00273678,31.28746948,112.6
29.99795366,31.19752057,24.5
30.07926272,31.28941533,26.5
30.04121802,31.16663142,16.3
30.05929073,31.20317399,18.1
30.10686897,31.2667804,23.6
30.05348456,31.31438215,80.4
30.00206703,31.27884268,104.3
30.01257545,31.20397507,26.2
30.01882648,31.24595044,40.6
30.02993331,31.1783739,22.3
30.09326872,31.20701074,23
30.01218066,31.21673473,26.5
30.05548241,31.19439147,25.6
30.02686391,31.29387326,154.5
30.02096586,31.21447735,24.5
30.05636822,31.26950077,39
29.98737672,31.28002297,42.9
30.06446655,31.31150714,59.9
30.10447428,31.19037597,18.5
30.0716945,31.16533997,16.8
30.03112128,31.26285435,94.9
30.09032347,31.27020648,25.9
30.09106057,31.22050999,20.8
30.0212798,31.16913393,18.5
30.02703722,31.29224421,166.6
30.04448629,31.27018399,44.7
30.00350979,31.24272954,33.4
30.00368534,31.26956631,44.3
30.05956596,31.24144735,26.7
29.98094235,31.27296065,35.6
30.10486006,31.20203824,18.8
29.97393849,31.23320757,11.7
30.04171028,31.1526806,16.9
30.0066376,31.22672976,24.1
29.99031098,31.19072401,23.1
30.07736769,31.30426485,39.6
30.07131141,31.2621698,25.1
30.0662859,31.23085638,28.2
30.08300187,31.28803961,26.1
30.0435442,31.29229405,83.2
30.07852865,31.27120554,23.9
30.0512471,31.1652061,16.2
30.10608928,31.21628582,22.8
30.03659533,31.29298987,146.5
30.0823254,31.28253209,29
30.01923521,31.18543062,19.9
30.10987109,31.20038945,21.5
30.09900494,31.18369537,16.8
30.01718359,31.20894125,20.9
30.08296887,31.25103778,25.1
30.04174472,31.29010239,113.1
30.0921279,31.2021895,23.8
30.08569256,31.26244448,21.1
30.08920655,31.2210726,19.4
30.05118924,31.17732496,18
30.07950613,31.29465424,31.5
30.01615921,31.18727044,31.2
29.97593215,31.2481301,21.9
30.03291143,31.185351,25.3
30.05390873,31.3106938,74.5
30.02081845,31.20698421,18.9
30.06268354,31.22342221,27.8
30.01486672,31.2176151,20.8
30.01520453,31.19689434,27.8
29.99198385,31.29285867,74
30.03673978,31.24364027,32.8
30.01422331,31.25233087,30.9
30.04292164,31.20990854,22.1
30.04177863,31.2026707,28.7
30.00551874,31.20765972,25.8
30.07503394,31.16354681,22.2
30.06487838,31.24561249,25.9
30.07936261,31.24335785,30
30.03510626,31.25160015,32.7
30.01776062,31.16151037,16.3
29.9864607,31.27194157,36.1
30.06654362,31.20157646,24.8
30.07114945,31.27308972,37.9
30.00372189,31.20909286,21.1
30.07927859,31.21480636,23.7
30.10614179,31.27183671,20.4
30.02612651,31.25965387,62.6
30.10775063,31.26642789,22.9
30.07049628,31.28061499,32.2
30.0784153,31.16888622,20
30.02557374,31.2345774,23.2
30.0706148,31.29542366,41.9
30.08451069,31.23676788,25.8
30.02953608,31.26521037,90.1
30.08525112,31.25731812,27.9
30.06049979,31.16930748,19
30.03764503,31.24792244,28.4
30.07965148,31.28517531,24.2
30.03616655,31.21676879,33.4
29.97998271,31.25515548,31.6
30.04753752,31.2078369,28.1
30.00293691,31.18589306,20
29.98835158,31.18461716,25
30.06592963,31.21125594,23.8
30.06851002,31.27612793,32.5
30.05570465,31.30479583,63.7
30.03845863,31.24517848,28.7
30.07830842,31.17300352,16.3
30.08552121,31.29572233,28.3
29.98752345,31.23223369,17.9
30.02714329,31.27731485,188.2
30.0050282,31.27252629,57.6
29.99220107,31.22275225,17
30.00525862,31.23946328,23.6
29.98527006,31.2440402,29.1
30.0328519,31.16717667,19.7
30.0274416,31.17268114,22.9
30.05035848,31.19031495,28
30.01000123,31.27714968,123
30.08923992,31.25625596,23.8
30.04385757,31.20533096,21
30.0673357,31.16153589,15
30.02505876,31.15928354,15.2
30.04598311,31.24455731,32.4
30.01577515,31.2435241,40.3
30.06305057,31.22985077,24.4
29.9780662,31.23621691,23
29.99811946,31.21119296,22.6
30.05692446,31.26622711,31
29.97968755,31.23902528,29.9
30.08446785,31.18829567,24.6
30.05332564,31.27136869,44
29.99708904,31.18520741,27.8
30.00991125,31.24812697,40.1
29.99105733,31.29185332,70.7
30.07218748,31.27089571,25.7
30.0650496,31.16624527,17.1
30.09781536,31.28606094,28.1
30.07032628,31.16040296,17.2
30.06581708,31.23600575,23.1
29.99474108,31.26548523,31
29.98064933,31.20180836,27
30.05075137,31.16376672,15.3
30.03016975,31.17822459,22.6
30.08609187,31.24753565,26.1
30.02317016,31.20461181,14.4
29.9871272,31.18693384,20.9
30.07696004,31.17031884,20.9
30.01788925,31.25209839,31.6
30.04906177,31.20563609,30.9
30.03485275,31.26000081,44.6
29.99367482,31.26344437,29.5
29.98773865,31.26446062,31.6
30.10657124,31.22999559,13.9
30.03230761,31.25114224,26.7
29.99315625,31.2892872,74.1
30.10775816,31.24595883,23
30.07698922,31.28223632,26.9
30.00168653,31.17604803,17.6
30.00112087,31.29028028,116.9
29.97620445,31.23088731,13.4
30.02304541,31.17367431,22.7
30.0704611,31.23210162,23.3
30.06176008,31.29851568,51.5
30.05816355,31.17907139,18.8
30.08836512,31.23073273,9
30.10505726,31.23828752,9
30.04154257,31.15280755,17
30.02560608,31.27709911,191.4
30.07409658,31.16478863,17.2
30.00846759,31.27515156,70.6
30.08192,31.28886746,29.4
30.10303685,31.26135969,31.2
30.01056208,31.27924847,131
30.02694774,31.22047335,11
30.08713719,31.26497545,19.3
30.0432825,31.31794472,86.5
30.03173158,31.30353616,124
30.00755789,31.21589172,27.6
30.08676735,31.17661643,19
30.07883462,31.16325165,17.8
30.02847158,31.17944483,23.4
30.08487411,31.22507967,21.4
29.99292908,31.260643,26.8
30.00963588,31.17394266,28.1
30.07162751,31.27812966,27.3
29.98248816,31.21600791,21.2
30.07817305,31.18811592,19.5
30.0150108,31.30422285,180.6
30.0443957,31.23900134,37.1
30.0080742,31.19346018,24.7
29.99997346,31.20356437,23.5
30.06734518,31.21880523,34
30.04447825,31.22820248,25.5
30.1059679,31.27648101,18.3
30.09254729,31.23144497,9
30.006142,31.21459141,26.1
30.10876383,31.21577643,21.4
30.03637409,31.17797749,18.9
30.02318653,31.20721304,21.5
30.04776081,31.1802293,20.7
30.01912327,31.20052409,20.3
30.08064166,31.29615085,30.4
30.0051503,31.24117415,30.3
30.02476371,31.30566939,147.8
30.06151794,31.26957391,31.3
30.03553956,31.31830602,100.4
29.97953356,31.22705447,16.5
30.07922878,31.21142866,31.1
30.04358433,31.17368736,17.1
30.06597538,31.27337089,26.5
30.00363419,31.24878525,34.6
30.08274887,31.16898044,19
30.09488225,31.19404713,17.3
30.02147065,31.20750183,21
30.04375119,31.28167577,81.4
30.09886976,31.23018322,16.6
30.08462312,31.22961659,10
30.07939575,31.28686862,25.4
30.01990016,31.19567718,20.7
30.0633432,31.17966691,19.3
30.00692229,31.24752029,38.2
30.06385176,31.1970031,28.4
29.98792383,31.2445612,30
30.05982014,31.18823453,23.5
30.06117076,31.26891625,31.2
30.02299093,31.22478878,29.9
30.03335203,31.27375278,87.5
29.99691278,31.24990385,41.1
30.02252344,31.26943633,154.6
30.03099194,31.19885238,18.3
29.98426742,31.26985356,38.6
30.00599888,31.1896453,24.8
30.04338572,31.30645049,78.3
30.08141487,31.20377076,27.5
30.02158094,31.20619911,14.1
30.02837401,31.16332723,19.5
29.98914036,31.26227806,31.9
30.00804076,31.21238139,25.3
29.99192149,31.19766864,26
29.98381823,31.24276558,34.1
30.0113733,31.23131631,26
30.05251105,31.22396116,22.9
30.03155053,31.23060834,27.5
30.03258853,31.2677067,79.3
29.98713507,31.19470609,20.5
30.11119464,31.23273887,18.4
30.04962497,31.26759386,46
30.08941629,31.18887655,24.7
30.0435588,31.25000451,33.2
30.00237567,31.17603866,22.5
30.11271789,31.25084521,22.6
30.11253698,31.25405846,16
30.09929504,31.27647419,22.5
30.06064922,31.20556673,22.1
30.01254495,31.2003961,28.8
30.09377626,31.25189821,28.7
29.97256421,31.23127071,15.9
30.03538732,31.21437931,37.1
30.03822646,31.22254416,12.4
30.05766832,31.28521327,50.3
30.00108472,31.23815288,37
29.99520583,31.27455519,43.8
30.00988003,31.28974315,206.8
30.08365815,31.24658344,26.7
30.06893806,31.27361155,26.6
30.03079671,31.22372896,14.4
30.03107334,31.20467971,20.9
30.01104886,31.23508553,22.3
30.04755053,31.3045614,69.5
30.0318416,31.30940083,102.3
30.07410178,31.2937909,38.9
30.07489517,31.25278454,28.1
30.09421787,31.28072456,29.9
29.97562757,31.25412703,32.4
30.04486666,31.2387792,35.4
30.03548123,31.25958622,41.7
29.99933122,31.17302697,22
30.0327309,31.16832096,18.3
30.0620746,31.17649981,14.1
30.03550275,31.27112071,74.3
30.03619947,31.20920993,25.7
30.00889961,31.20669728,24.6
30.099714,31.18664175,19.1
30.01473516,31.23153687,23.1
30.05650778,31.1670848,16.7
30.053069,31.16963443,17
30.03178561,31.26127531,79
29.99976182,31.21495058,22.6
30.09966052,31.26282391,20.6
30.10311122,31.27734088,26.8
30.0998223,31.26406964,24
30.01773314,31.20839967,21
30.04768964,31.18914494,32.9
30.03565831,31.30599994,95.9
30.00819906,31.26085606,32.4
30.05234353,31.28470576,52.3
30.06045608,31.29170388,50
30.07659397,31.22014992,21
30.02536098,31.25596939,45.7
30.08913286,31.29366159,20.3
29.9736369,31.22135029,13.2
30.06646059,31.17848491,18.5
30.05042241,31.25951527,28
30.03162272,31.17767751,22.5
30.07371035,31.21422859,26
30.07538357,31.26201387,20.8
30.07134744,31.19437178,15.1
30.04598175,31.16992226,24.3
30.01137125,31.19038066,29.1
30.0472975,31.25070755,31.1
30.06772474,31.27944011,35.4
30.00036781,31.19495995,27.8
30.05696346,31.3173299,78.3
30.00318617,31.23555034,30.3
30.08275725,31.21382213,25.2
30.08700806,31.2235797,25.6
30.01614607,31.22012089,11
30.06322211,31.15640572,14.8
30.05535145,31.17821789,16.7
30.01444712,31.24812981,34.4
29.98837358,31.20448435,22.5
30.04245053,31.20791697,23
30.08261964,31.27519344,27.8
29.99991061,31.17040485,26.8
30.0656149,31.19165947,25.1
29.99987551,31.19095838,27.8
30.01044622,31.23760037,25
30.05537426,31.17266171,16.5
30.05291596,31.30989206,77.9
30.03355188,31.16146775,15.5
29.98572838,31.21714795,17.1
30.04311947,31.28420306,87.8
30.048076,31.17289072,24.8
30.03600814,31.31533811,93.9
30.00564366,31.20991621,22.9
30.07890403,31.19406312,25.3
29.98132474,31.26433762,20.5
29.9877386,31.25342875,29.3
30.09423559,31.27432091,23.2
30.07916984,31.2957477,31.7
30.0237689,31.21659149,34.3
30.03028747,31.16835647,21.6
30.03620365,31.24056132,30.8
30.00193433,31.26413161,34.3
30.00107128,31.20323018,25.7
30.06361708,31.30206328,55
30.01732926,31.2754699,197.9
29.98307291,31.24645476,22.1
30.0851683,31.18586876,23.6
30.04758123,31.31081768,80.9
29.9861878,31.28505341,57
30.02102313,31.21863335,11
30.10443684,31.25583572,19.6
30.04146607,31.21459674,30.6
30.09513332,31.18540557,19
30.06512539,31.16598225,16.8
30.10902606,31.20778,20.1
29.99874677,31.22953213,25.6
30.03259335,31.302342,128.2
29.98717815,31.22669371,11
29.99218029,31.18199946,26.5
30.02168303,31.30339425,179.6
29.98532632,31.19680998,18.9
30.09278071,31.28463374,22.7
30.09802215,31.28090953,31.1
29.97941273,31.20486971,23.6
29.98387936,31.21912557,12.5
30.05058109,31.19468634,33.5
30.0103347,31.17497485,33.1
30.06165967,31.25854059,29.2
30.09875005,31.22985915,16.6
30.07647938,31.17642656,17
30.08499519,31.28423801,24.4
30.10107104,31.21792525,25.5
30.04541366,31.30451515,78.8
30.09121381,31.18350976,21.9
30.10072256,31.2589195,25
30.06923503,31.25055327,25.5
29.99984997,31.29381768,118.2
30.06285701,31.2553541,33.4
29.98932561,31.2856454,60.1
30.03032765,31.15869722,15.8
30.06716833,31.15861983,16
30.01778472,31.19434806,29.3
30.08616623,31.21762357,25
30.09941025,31.20132286,19.1
30.08908981,31.17833113,18.8
30.04552718,31.21938613,21.2
30.05713395,31.27750676,47.7
30.03041981,31.31406558,89
30.03325514,31.18922112,29.1
30.08088956,31.22205407,25.1
30.0970957,31.25828525,23.2
30.01600258,31.29471351,186.2
30.09901334,31.18295044,17.4
30.07273365,31.24724278,27.7
30.00970341,31.20014133,24.1
30.00551795,31.2481412,32.8
30.03432657,31.28852158,152.1
30.08230025,31.25797856,27
30.0241787,31.19772954,18.9
30.09080705,31.21426629,30.1
30.00014654,31.20843486,22.2
30.02495802,31.31539483,131.6
30.03636616,31.21476374,30.9
30.00692419,31.20810635,24.3
30.07667999,31.25318081,25.2
30.03155331,31.27840418,168.4
29.9732462,31.22496905,14.2
30.04668891,31.31315264,84.2
29.978143,31.20797442,25.4
30.05537397,31.21986638,37.2
30.11209836,31.22306997,18.2
30.04889315,31.28385978,55.1
30.04349521,31.16999326,22
30.07339925,31.19848153,27.4
30.07433696,31.20103752,27.1
30.07942288,31.1734874,20.5
30.10944585,31.22801544,17.1
30.07138368,31.20429304,28
30.1070367,31.1969944,15.5
30.08592762,31.29627085,27.9
29.99830712,31.2088829,20.7
30.10847414,31.27043809,20.6
30.08474088,31.22464292,20.3
30.10526846,31.22947284,16.2
30.07614951,31.16821922,20.4
30.04206432,31.31572281,77.2
30.05239636,31.21176915,28.2
29.99285799,31.23493972,23.4
30.04310918,31.28013432,81.2
30.02628121,31.30516667,155.9
30.01053152,31.27410367,72.1
30.05941129,31.21599344,23.4
30.08554323,31.3032099,24.6
30.08561116,31.29154818,22.3
30.02857894,31.1709626,22.9
29.99628222,31.2786024,55
30.05729446,31.2172232,29.3
30.04511328,31.19646518,30.7
30.06746017,31.1842992,23.1
29.97895797,31.23932246,31.1
30.00381199,31.1732156,29.9
30.07128336,31.20781211,24.1
29.98806347,31.28609636,60.4
30.047834,31.2662158,48.2
30.09596247,31.18844687,18.8
30.07726707,31.30318534,37.7
30.00749714,31.21226608,25.9
29.98273146,31.24744481,20.4
30.09153698,31.20142977,19.5
30.0091972,31.24762837,40.5
30.0501406,31.16978928,20.7
30.01691315,31.20317936,25.3
30.07554046,31.26169836,19.6
30.04103937,31.16675568,16.1
30.08013694,31.24946273,27
30.01978528,31.26638748,69.8
30.07515734,31.28908582,32.5
30.03652278,31.21733128,33.2
30.03507679,31.23244961,33.4
30.08210325,31.16510499,16.8
30.00820886,31.2931402,205.5
30.0640798,31.24748277,23
30.01859268,31.26397438,53.5
30.08318851,31.27544084,28.8
30.07333381,31.19102996,17.9
30.09054161,31.25016777,27.8
30.01192295,31.25051049,33.9
30.06128468,31.25917373,28.4
30.13131769,30.19538955,124.4
30.67490279,29.8199236,31.8
31.1621464,31.12712673,2.8
30.74728466,30.08560235,21.3
30.8059924,31.10565299,7.9
30.7915012,31.22481611,8
28.97685121,31.34056873,248.8
30.50036095,31.36815285,12.3
28.69844987,30.66875588,37.6
29.90578307,29.79896454,142.8
31.05010255,31.22276138,6.4
31.32454142,31.38931781,1.7
30.40722608,30.69279864,35.9
30.42318849,31.77438179,42
29.02268535,30.47597325,49.8
30.31841359,31.45672679,66.6
29.76642349,31.2319061,21.2
30.41549708,32.67608368,153.5
29.86865709,30.54116227,147.3
30.18623146,31.31722024,16
29.66508759,32.43832964,-31.1
30.63178814,30.35640582,30.6
29.3275576,30.32354793,66.8
29.70864674,29.8385988,215.4
29.81251175,30.45726579,181.2
29.24776789,32.00916893,800.9
30.86523696,31.71879565,4.9
29.98575596,30.7108894,158.7
30.8342603,29.99368645,18.5
31.40551953,31.56501933,4.2
30.25497657,31.9441963,160
30.86838201,31.30335348,6.3
30.04380824,30.09136413,116.2
30.08263874,30.14322669,112.1
30.50289271,30.71966287,26
30.88693067,32.10671773,3.7
29.90213382,29.98711644,207
30.66338715,31.49490484,8.7
30.19410515,29.62421803,77.3
29.50513723,30.18888351,328.9
29.94879699,30.46980052,126.9
29.94311648,31.28646893,42.3
29.98326525,31.72433014,353.2
30.18705611,30.39777826,8.3
30.24683263,32.14527811,175.3
30.45397153,30.77133405,32.2
31.08200468,32.26161812,
29.8558233,31.89072773,380
30.08985358,32.80093486,246
31.13832913,32.09173646,0.6
30.28266546,31.46955335,147.2
29.34202482,32.11284122,894.2
30.27385248,31.81204214,118.3
30.38166512,31.2584705,14.7
29.15806346,32.53236489,69.7
29.76446331,32.50993689,-37.1
29.56605492,31.0195492,37.5
31.19123716,30.3593701,-1.9
30.71000648,32.13745858,16
29.56535056,30.33517152,251.4
29.84484749,32.5944744,-4.7
29.94646462,30.22111791,185.2
31.12361234,30.40275365,-2.8
29.73499975,30.47523404,250.9
30.53813134,31.09105332,10.4
29.51949586,29.72964782,254
29.13052511,31.47045293,343.7
30.89573169,30.60930331,4.7
30.8038761,31.2079565,9
30.09249956,32.5537682,9.4
29.94973162,31.09187655,98.5
30.14733607,30.35998749,48.4
30.83504937,30.36986404,3.7
31.08366984,31.56248562,3.2
28.90626381,30.79414742,31.2
30.37021831,32.27129126,14.6
31.12554571,30.42742988,-1.1
30.56417088,30.44380215,21.7
29.45819607,31.87562132,726.9
30.76253714,31.98653247,4.9
29.12332825,30.77051141,14.1
29.04103936,32.30438624,203.6
28.87402322,31.19693444,147.9
29.61064261,29.74629604,254
29.0193612,32.16114624,203.4
29.27695239,32.15173224,938.6
31.16393888,32.07957707,-2
30.46219235,29.75598048,111.8
30.94002843,31.04090412,7
28.91155705,31.56982353,270.6
29.10410847,31.17527179,46.5
31.26300199,31.47781849,4
30.75959292,31.44971982,6.9
31.26039167,31.21681162,2
29.09968272,31.0383297,25.8
30.46341495,32.49390665,97.1
30.57192819,31.24731321,14.6
29.20578194,32.55621674,58.6
29.10395084,32.15745278,259.5
29.88173533,31.25526322,18.9
29.35463593,30.30827557,39.2
29.45724355,31.61843328,562.6
30.26477873,32.87152148,386.4
30.53769499,30.94132039,8.4
28.87720895,30.47035988,72.9
28.81995048,32.01539008,292.7
30.75758168,31.05410277,8
30.92203795,30.51187969,2.9
29.25804139,31.57052671,462.4
30.60361619,30.1111493,30.5
29.93465546,31.21032582,18
29.69542707,32.58821543,-41.9
29.57125468,30.3741634,197.2
29.16781448,31.98750183,562.9
30.03508671,32.73004405,135.9
30.9822331,31.34871136,7.2
30.47298234,32.00087049,51.8
29.89095248,30.26099943,190
30.03848608,32.18353866,313
29.76136084,32.02524181,312.5
29.00562255,30.57168934,36
30.52793654,30.92357653,15.7
29.6996031,31.1083656,130.4
30.77846198,31.7437098,6
29.12361439,31.56345197,404.2
29.57410034,30.26593394,303.2
29.57783933,32.4515127,-48.8
30.01073058,30.98032158,171.4
29.56919899,31.06388516,50
30.82344784,30.24959764,6
29.69146095,30.18579516,274.8
29.92312816,29.99567724,210.4
30.36386791,32.30848772,
29.21616836,32.25997391,689.8
30.7475849,32.28763135,2.6
29.75932376,30.39673845,219.4
29.14520842,30.1025539,135
30.23679588,32.71757013,195.2
30.08796686,32.02068099,221.7
29.87001713,31.11517647,103.8
29.59592615,30.97646679,37.5
30.16119508,29.92851308,76.1
30.97710165,31.85321568,1.7
30.63911826,30.05108855,27.7
29.87418597,31.8045338,383.9
30.42446731,30.47243695,26.7
30.04707357,31.04913798,66.6
31.22053688,31.15767774,3.8
29.88399287,31.78663735,383.4
29.66931532,30.43873819,285.5
28.67999762,31.2111497,253.2
30.5898171,32.20293574,12
29.69975323,30.77361332,93.6
31.11046271,31.44061097,2
30.13474905,30.13792796,134
29.95186361,29.97980377,174.4
31.05047781,30.34636373,-1.4
29.23641895,32.60495636,33.2
28.74898452,31.22535041,156.6
29.80051607,31.60616843,415.3
29.85623337,32.75256642,88.7
28.93479385,31.88702098,288.6
31.14265932,31.28272531,5
30.88368681,30.26400847,0.1
29.87426308,30.20123821,208.1
30.48986631,32.00792333,33.2
28.85485608,30.74863275,49.1
28.75862374,31.44310472,229.3
29.27092349,29.85972808,293.5
29.47415178,32.1109584,843.3
29.03551685,30.93282057,27.2
29.36123948,31.79348721,642.8
30.74994214,31.89303609,5.3
30.46318766,31.89944195,36.6
30.10749789,31.40915759,113.3
30.88735723,29.97447044,12
29.55677535,31.73450611,475.2
29.55714317,32.70454001,-0.4
28.80086527,31.8066506,266.7
30.27378674,30.73005519,76.4
30.50663566,31.72910699,10.1
30.17797036,32.45892142,25.1
29.07535541,31.70474146,382.6
28.87004515,31.65069918,267.4
30.53463095,31.53148511,9
30.24100432,31.50656996,105.1
29.41076115,32.69947794,-41.7
29.87338373,29.67824668,117.5
30.61507564,29.82809038,79.6
30.02864246,29.6968143,145
30.85627695,29.91941655,17.4
28.86064194,31.05840779,117.1
30.79841212,29.91596176,24.7
29.89132102,30.20832298,182.8
29.39019051,31.40286694,146.2
30.53007447,30.83985076,9.3
29.12171868,30.98390431,25.6
30.56688968,31.76143511,10.3
30.93297976,31.47787236,7.2
30.0063463,29.92566069,136.6
28.83225753,30.76029113,34.1
30.03193871,32.70803652,112.8
30.20767276,30.46458628,22.5
31.24586885,30.83420011,3.1
30.27163222,30.91529602,17.8
30.40962815,30.20372077,-10.5
29.47774657,31.93666946,816
30.4950678,31.34251484,13.6
29.47689644,32.2956053,752.3
30.431478,30.72986849,23.1
30.33342421,30.77195682,57.3
30.64010967,31.10915139,11
29.60817814,31.75286488,377.1
29.97768109,31.49978607,394.4
30.11204515,30.04529521,103.1
29.10700437,32.05776409,683.5
30.59392806,30.82974351,5.1
29.89909365,31.88101019,343.6
28.9246684,30.86246494,30.2
30.97049259,30.59046201,2.5
30.42038819,29.65938822,155.9
30.59955796,31.90653419,28.8
28.69796998,30.89392193,32.5
29.53626574,30.99260582,10
28.98862024,32.24429213,253.3
31.3225457,31.84940126,-1
30.63073603,31.22883601,9.8
30.1369287,32.40189838,103.3
30.11230401,32.54043721,15.9
29.53044131,31.47749241,314.1
29.48760407,31.57337221,484.1
28.78201466,30.58280873,199.5
28.78326985,30.7408698,35.6
31.12206995,30.77275787,4.8
30.01547749,32.70843359,77.3
29.58599693,32.40002496,-30
29.65806049,32.26311379,51
30.11237704,31.06768548,20.5
30.42456865,31.68791821,43.1
30.70987379,32.62955781,120.1
29.24619673,32.27951448,1056.7
31.30122016,31.04016169,1.8
29.25894011,30.15505949,88.1
28.85790656,31.35760405,188.5
30.84275308,30.63857433,6
31.45010716,31.06062007,1
29.46684641,31.10157724,43
30.49438341,29.85228037,111
28.7681309,31.45388012,216.9
29.10063286,32.48247382,115.5
30.29013586,32.31718232,28.5
30.19648453,31.93407879,225.2
28.64087857,31.49558072,253.7
30.34661813,30.98354376,10.5
28.65810237,30.78899725,30.5
29.62989146,32.1683503,124.8
30.54931931,32.24094804,7.4
30.58711451,31.16448121,11.1
30.39782471,29.89528597,143.2
30.68356954,30.87882579,9.8
29.07061181,30.26141211,103.9
31.08509442,31.08342024,4
30.64118748,32.03372348,19.3
29.84375451,29.91708302,170.7
31.32349898,31.74231595,1
30.75606353,31.15400425,8.8
30.06261286,29.56858182,91.7
29.72134404,29.84550887,205.9
31.06698076,32.12008486,2.3
30.50015952,32.28512494,7.5
31.28234587,30.50726327,1
28.71512536,31.29553103,177.3
30.23319691,32.77204684,237
29.98152339,32.09222378,308.6
30.7686377,31.82107401,5.3
30.02853129,29.71484841,150.9
29.79252309,31.6365178,472.6
30.36639017,29.99340178,142.2
28.89125362,32.0530962,251
30.88626784,30.6730179,8.9
30.0829166,32.03181993,228.5
28.97901245,31.93956348,289
29.70157691,30.75091295,85.2
30.71955587,31.46414393,7.2
29.76808673,32.76420675,83.4
29.83708812,31.53877367,411.1
30.70924798,29.98913528,29.9
29.83056067,30.89450255,237
31.28231088,32.02377886,-2
29.65812569,31.41067519,119.9
30.56111878,32.23792222,11.1
29.92302464,32.86932437,247.7
29.63876237,30.03528449,272.6
30.55438739,30.16776988,28.2
30.99482165,30.393193,0.5
29.36016868,31.15643173,23.3
29.85410039,31.53400596,441.1
30.23233684,31.89905891,202.3
29.61101925,29.66326616,228.9
30.06326989,31.68873808,269
29.34597378,32.40333459,1111.6
29.71999224,30.14647422,269.5
30.54964341,30.48232382,22.4
29.97334661,29.68927852,146.8
29.54959553,30.48890755,50.5
30.850633,32.35933509,
30.23472105,32.08996164,182.7
30.32354089,30.68198887,56
30.15637849,29.59744411,109.4
30.68085679,32.58960928,81
30.66515115,31.44279599,12
29.77951473,30.03811938,215.5
30.02680351,32.21628129,341.8
30.21936315,31.4054068,29.7
29.23428209,30.32322623,25.8
29.31195624,30.9874754,24.9
29.05765273,31.50599858,342.9
31.17854325,30.79828021,4.8
28.89717662,31.52250848,250.6
31.00976821,31.91508862,2
30.50775154,32.08737848,32.2
30.62884028,30.33249039,33.4
29.95568721,30.4655856,134.5
30.58456795,32.58991534,107.5
29.4710035,31.85269118,677.9
31.15936731,30.90560076,5
31.14284828,31.13198077,3
29.52838414,30.37773985,98.4
29.90847134,31.21093165,16.4
30.40685185,31.56190283,16.2
30.28424985,31.5249957,142.6
30.09545951,30.32209425,108.1
29.55819707,29.74352928,250.6
30.81028484,32.59147553,71.4
30.23990787,32.18288152,205.6
31.2182522,30.39273463,-3
30.12954017,30.49667798,143.4
29.68394239,31.26338865,20.6
30.58089219,32.53103218,98.2
29.05215551,30.38273956,16
29.06962437,31.83354332,433.8
29.04879828,32.16659759,210
31.45126309,31.18239279,1.9
30.03898478,30.9911242,105
29.969687,31.75223262,327.8
29.88687342,30.70087918,145
29.67993373,31.79269278,342.8
30.53915588,30.89369107,7.2
29.71505944,30.6192963,289.2
29.93531035,30.32125868,172.5
29.95946537,31.77190519,328.5
29.76715558,32.30830736,93.3
28.97111921,30.87447398,29.4
30.08302286,32.72306767,139
29.394704,30.91369892,4.7
30.62518833,32.44708654,60.6
30.02510812,31.83094615,262.7
29.6570912,30.14589299,265.2
30.4112557,29.96316028,109
30.94696472,31.15897212,7.8
29.60561605,30.68019116,122.8
30.84300626,32.31497918,3.7
31.25321322,30.78381923,1.8
30.17097554,31.25694794,16
30.72375211,32.5077038,84.6
31.2779882,31.85325933,-2.2
28.96558584,31.73541124,324.4
28.77829994,30.89313545,32.4
30.51909813,32.80822717,207.2
30.82015739,30.86516388,8.1
30.73490438,31.81665633,6.4
29.98423391,32.15935082,369.9
28.80008246,30.48452558,97.9
31.27788309,31.00225356,1.9
30.14381068,29.80596165,61.2
29.4989989,30.93151068,-18
29.90072013,32.38358315,533.4
29.99207642,31.35136252,185.6
29.49434755,30.41026231,109.8
30.29664425,31.63414496,120.9
31.44421821,30.92636546,-0.4
29.52032313,30.69399952,-45.1
29.94774115,32.76945971,133.4
30.14026973,30.92800314,155.1
29.22313959,32.02200166,747.8
29.38673707,31.16324947,23
29.45249682,32.58646413,-60.2
30.60086411,32.52315745,96.4
29.84911498,32.83889489,209.2
30.41081384,31.65051505,46
28.85446582,31.81410793,256.7
29.4356929,29.89358937,329.3
28.82166906,30.99570073,124.2
31.21713409,30.41338059,-1.5
30.19159666,29.68874721,70.5
29.61423574,30.66694955,144.4
29.19606082,31.78836979,517.7
28.75678357,31.95155006,446.6
28.63506653,31.54711484,279.3
29.28425329,30.63664795,-1.4
30.53674288,31.47543605,11.8
30.82683694,31.69925834,3.7
31.01859355,31.16781113,6.1
29.3817063,31.99870695,722.6
31.25658595,31.53296013,2.2
31.28790299,30.85085321,1
29.66201998,30.56270708,330.1
29.27447988,32.13372063,929.3
30.99677761,31.8912768,2
29.44836864,31.49173079,282.4
29.831984,30.64482257,185.3
29.57273358,30.49257457,166.2
29.35756647,31.97710788,834.9
29.09335771,32.09332319,294.8
30.83311984,32.18831695,4
30.0528613,32.78692854,211.4
29.28515304,31.02590819,45.6
30.82451116,30.58808888,3.9
30.52184081,30.28642173,28.7
29.79148006,32.5698297,-28.4
29.76393242,32.55959578,-40
31.3078759,31.1357044,0.6
29.89680501,29.90756353,211.5
28.97764078,31.20006692,114
30.96632878,31.08420354,6
29.86795008,29.80020836,150.8
30.35977334,31.91603925,79.8
31.10535585,32.25459985,0.1
30.76757892,30.69848893,6.8
28.97432863,30.50563673,101.2
30.14095494,32.8832943,376
31.10931617,32.02173497,1
30.83181583,30.84494073,6.1
29.82833339,31.02981505,125.4
29.82682228,30.40065096,181.7
29.6433959,32.69778027,5.9
31.06150517,31.89175042,1
29.36632084,31.02197739,5.8
30.30437357,30.64391077,61.6
30.15969149,32.27890768,250.7
30.72822417,32.17218138,6.7
31.0165932,31.02377455,4
30.9194771,32.38789436,
30.92756395,32.29139116,0.3
30.96397246,32.41184228,1.4
30.49495866,30.96052673,11.3
30.84470755,30.18855814,6.8
30.01131119,32.56141463,8
30.68308637,30.58957093,14.6
30.5435268,31.66642103,9.2
28.84483137,31.61541154,255
31.15242015,31.24379971,4.1
30.24490953,30.36977257,14.7
30.53096317,32.42214105,39.8
31.30599213,31.58951998,2.6
30.99707675,32.38334714,0.3
29.27443956,31.83180075,635.4
28.80271612,30.84618478,30
29.5102985,31.4210998,152.2
29.941588,31.63309066,480.9
29.03196597,30.91450715,26
29.13322469,32.24785602,217.6
29.37037661,31.04621337,15.1
29.40885759,30.69909542,-31.9
29.35095875,31.33231812,84
28.93125773,32.2552002,349.9
29.20616481,30.37903081,13.4
28.90042296,31.09592043,83.2
29.22356991,31.83057558,597.6
30.78578975,30.7315675,5.1
30.30135021,30.96464131,13.5
30.94935684,30.17050118,-1.3
29.70965313,30.7875636,102.4
30.2941902,31.0215766,13
30.95660592,31.79188743,1.6
28.98915998,31.50572039,296.8
31.18832542,32.14637184,1.3
29.17533956,31.02447889,25.2
31.19026019,31.74764662,1.9
31.03747454,32.26525033,1.4
30.43171113,29.8561015,124.6
29.38225338,30.99206328,8.5
30.06946523,31.80718198,244.4
31.27063142,30.71461663,3.2
29.00576436,30.98117836,27.9
29.91298163,29.92890961,204.7
30.10793712,30.68099484,112.4
30.48909921,31.99173636,33
30.46655059,29.79128228,99.4
30.12527582,29.61534398,124.6
29.44748444,32.69778286,-7.7
29.60851939,30.59523391,149.3
30.24174124,31.82724235,201.5
30.44381272,31.31057898,12
31.43789008,31.07699712,1.1
29.19320795,30.97759982,25.3
30.5868348,31.0835603,10.7
31.32011561,31.41610552,3.5
29.67403142,30.03183472,255.8
30.8748426,30.60120469,6
29.58207957,32.0869149,169.9
30.00311611,31.84863566,274.8
29.39886211,31.83388229,669.1
29.85286099,30.29307896,182.2
30.97443439,30.16528609,-3.2
30.21854481,31.470022,45.9
29.39765811,29.9660144,312.8
29.58778436,31.51788047,278.5
30.63201528,32.47136417,106.1
29.5367381,32.6983642,-8.8
30.52265563,32.24148663,9
31.09907377,30.48705704,
29.74184249,30.47153905,242.9
29.59075946,32.31305564,43.4
29.14180782,32.33824492,180.8
31.18356267,32.01585828,2.2
30.28343314,30.92514779,6.5
31.35330297,31.06670839,2.8
29.03590038,32.00318569,368.3
29.72450885,30.82144898,142
29.06747136,30.25240064,109.9
29.88540763,30.12985772,207.9
29.25674244,31.63901777,508.6
28.97433815,30.63494969,111.1
31.00196739,32.30360106,0.5
29.74627285,30.7027039,231.1
30.24095061,29.61925894,11.6
29.20034574,32.10938755,815.7
31.28122518,31.02193851,1.4
28.96588916,30.85636139,31
30.29748932,30.53530152,51.8
30.25892598,29.58653381,16.8
30.00314839,30.80416208,153.7
30.60759032,31.77627963,13
30.12217624,30.73221213,103.8
31.3109857,31.02139511,3.2
29.61777037,30.11305254,272.6
29.46522605,30.80753462,-39.4
29.56787391,31.53858309,277.1
31.064884,32.24587403,1
29.69281914,30.84177698,84.4
29.27121034,32.12897396,938.9
30.64753469,32.23162745,14.6
30.53720633,31.29138691,14.4
29.0526767,32.35604096,193.1
30.73475608,29.98297675,25.5
30.61461117,30.62648576,20.5
30.59858546,31.2054523,12.2
29.15778739,30.8956721,52.2
30.36236072,32.69719326,199.7
29.54298405,30.01089718,273.5
29.34037615,31.20224583,28
30.13637374,29.80192222,63.4
29.92585731,30.28349194,166
28.93443561,31.68977639,303.9
31.11382773,32.35024667,0.6
30.6764025,32.36510395,4.4
31.11505546,30.56066715,1
29.78875787,30.36542939,205
30.79947503,31.9946231,8
29.75556497,31.43559044,171.5
29.95555076,29.9959439,164.3
29.36375108,32.03466445,762
29.90541707,31.43288738,315.7
30.77593261,31.7955539,6.1
29.66241223,32.32496361,13.4
30.46678081,29.65736736,127
31.00741833,30.46827351,1.6
29.51640282,30.51351869,65.5
30.73298651,29.97655032,25.8
30.3249562,32.85387002,309.2
29.90924866,31.78492351,400
29.30048955,31.05282901,41
31.35937613,31.22803939,1.9
29.97749233,32.66262924,43
29.9553868,32.5116364,9.8
31.18540051,30.35502371,-3
30.50158286,31.02159068,10.4
31.02879508,30.35627142,
30.40645516,29.68117339,157
30.81392683,31.93097562,5.2
28.83491758,32.02661705,290.4
30.16373013,30.8101009,79.9
29.7336362,32.0145352,305.6
30.56505954,32.51745477,128.8
30.02948118,30.92986553,155
28.95645253,30.59397294,72.2
29.73098969,32.72921033,30.4
29.44252701,31.23529477,24.1
30.71274329,31.08745216,9.6
29.8085543,29.68088824,137.3
29.00957225,31.92260597,405.5
29.69022584,29.7697085,207.8
30.42413583,30.63502546,26.6
30.72764728,31.16336942,8.4
29.96874169,31.03968888,134.1
30.18228595,30.17712992,173
30.80910858,30.20682991,9.9
29.89604445,32.82010501,177.2
29.01323457,31.56723607,327
30.63365061,31.61294044,8.7
29.74353322,31.10772261,135.5
30.46787053,30.33674173,40
30.05648035,31.81883179,252.5
30.86873151,31.1299876,6.6
30.05239274,31.80764001,268.1
31.20011132,32.11579144,1
29.21028229,29.89037867,279.2
30.52629197,29.6607188,127.4
29.84611007,31.95837397,368.7
29.71067878,31.06404147,159.7
29.69311239,30.00537337,242.7
29.25659591,31.75727035,594.6
30.05964152,32.34882978,144.1
29.68234165,31.72238491,408.9
29.76034765,31.4770294,234
29.26299379,30.8109838,18.2
30.12091895,31.57715885,178.7
28.8426816,30.53101261,32.6
29.04042316,30.67917794,34.3
30.02159714,30.48014756,114.2
28.8299318,30.73568191,53
30.52558685,31.30460023,11.1
31.19162884,31.00819678,3.9
30.14579786,32.28972776,248
29.12829047,30.01746385,118.3
31.10188514,30.48531078,0.2
30.57538804,29.85630626,90.2
30.3685005,30.80015403,47
29.37413683,30.25761736,46
30.8278396,31.55593775,6.3
29.8583474,32.0814171,228
30.55734675,32.5287774,119.3
29.50781123,30.68963321,-47
29.23447526,32.03453153,787.3
30.28998467,30.0298628,148.3
30.54649541,32.57712504,81.5
29.53809769,29.95495097,274.9
30.24576187,32.75590759,214.6
29.97657814,30.94671199,184.3
29.37890664,30.82566542,15
30.73333872,32.2140613,2.6
29.84624964,29.77897938,158.8
30.42049263,30.06072389,42.9
30.95037019,32.02109978,1.9
31.1095537,30.4820858,0.3
29.4485739,32.47008932,61.6
30.92051389,31.11343133,7
29.00680549,31.41264287,280.5
29.4507075,29.8461068,316.5
30.87843605,30.42260116,1
30.97027108,30.12279786,-3.5
29.6554532,30.42773013,293.1
30.66926977,30.69854458,5.4
28.8899844,31.35724113,182.7
30.54016196,31.92561801,4.7
29.9994138,31.28307814,91.7
29.03681373,31.12094945,47.1
29.89470691,31.99839348,471.4
30.71336103,30.27936378,18.5
29.6876874,30.5869943,307.2
29.66942254,31.90552803,310.3
31.00013943,32.1882483,0.9
30.67873509,32.7057656,112.9
30.98694715,32.37791632,0
30.34218176,31.07849899,10.6
29.02956222,32.06168713,277.1
29.46777241,30.43691019,98.8
30.6301706,31.91188599,27.6
30.64428509,29.71368341,65
30.11838023,30.27850092,92.1
29.252143,29.99094411,116.2
30.84162975,31.43670383,6
31.36529475,30.75788472,-0.4
30.34400694,30.55313967,47.1
30.70809589,32.69501569,91.8
30.1179862,32.6430813,55.6
31.443693,31.07439717,2.7
30.18379686,31.45548951,58.4
29.01366418,31.32707769,271.6
28.93026507,30.90956138,29.1
29.30863987,30.71048941,18.3
30.56474876,32.48123811,138.5
30.42994326,29.80956178,132.1
30.01362759,31.43991341,272.5
30.34036231,31.51747096,58.5
28.70929241,30.84200826,30.9
30.34598236,30.75212125,47.9
30.69816284,30.21836106,19.1
30.18487731,32.33617011,208.7
29.57266522,31.34317126,62.1
30.84268375,30.59249646,2.4
29.35285623,30.50626002,16.8
30.22183573,29.75382088,50.8
28.92395215,31.91427385,273
29.7851775,30.50934914,218.5
30.38603097,32.68570497,175
28.79870954,30.91555772,30.8
30.41974042,31.41666374,11.8
30.34428009,30.19374139,83.3
29.77980972,29.70800392,148.4
30.77161067,30.12486529,15.9
29.56659301,30.40408692,169.4
29.3561429,30.6722296,-3
29.72056094,30.21836072,240.3
29.47785122,32.08000786,874.2
30.63772126,30.54664004,22.1
29.40774137,31.68583472,590.7
29.81028985,32.30137073,128.7
30.01091079,32.78708109,193.8
30.65975672,31.09278397,11.1
31.06940298,31.40290954,8
29.66125696,30.0204564,264.6
30.17682336,31.90909044,192.6
31.17591084,31.77786418,2.3
30.6519683,32.26253656,12.1
29.19876648,31.06382816,24.8
29.87239243,30.68043632,158.7
30.11994821,31.36086087,44.1
29.46123715,30.28155544,133.8
28.66977287,31.63697087,317.6
30.0249902,30.74623157,152.3
29.64792433,32.47861375,-42.6
29.76883603,32.35908263,55
30.24794043,30.88472012,54.2
30.15264589,31.63538979,180.8
28.80380375,30.92088265,43.2
29.36832731,31.6137642,524.5
28.94378622,32.18084058,269.4
29.78092034,31.14129666,107.7
30.90309616,31.64320604,4.6
29.65680313,32.63438714,-32.3
30.50792819,31.34709975,16
30.19348768,32.56884364,
29.9925848,32.4380568,36.7
29.48728259,29.92255046,285.8
30.74159444,31.25370591,11.7
29.48530329,30.28734716,162
30.80880144,30.0836864,15.7
30.75887833,29.88509063,25.5
29.87573428,30.56051588,150.3
31.02744935,30.30613011,-2
30.40293855,30.63654159,34.5
29.96870215,29.87980259,159.9
30.65779515,29.8611377,27.1
30.66273864,31.70120595,11
29.16923245,30.97303488,26
29.61204054,31.74877447,366.3
29.427747,30.11739173,172.7
30.91054266,31.92691927,4.5
30.82926179,31.64555909,5
30.99868363,30.00505003,-3.1
31.32121089,30.51033051,1.1
29.18995467,32.40820102,191
30.26510638,32.30326855,158
30.49686227,30.86476965,9.5
29.85153361,29.77784412,149.5
29.1065737,31.83363201,440.1
30.98954211,32.04019794,0.2
28.93791575,30.42104151,138.6
29.99062446,30.21366343,191.5
29.70964108,31.84092066,446.5
29.55571593,32.77665246,26.8
30.75078496,29.95128393,24.5
30.3886059,31.0589644,14.6
30.36246763,32.24799401,34.3
30.62195279,31.0045906,10.7
29.38108783,30.19829134,133.8
30.01410829,30.47516931,126.8
29.54837689,32.20054566,265.3
30.92076779,31.47589192,4.4
30.98197299,30.7155528,4.4
29.84543364,31.09666107,92.6
30.91057947,32.09571019,3.6
30.63465445,31.84340038,12.9
30.35535274,29.66696897,147.9
29.40133391,30.18155697,87.8
30.45449891,31.74687883,35
29.89050741,31.7539475,402.4
29.51098895,31.27164721,27.3
30.57585562,31.57812854,9
31.2708608,30.4085666,-2
30.77335062,30.00376487,22.2
30.92231356,31.20749033,5.7
30.26592713,32.71164719,186.4
31.25117879,30.55163204,
29.43813015,30.92515405,-7
29.61504916,30.56568991,151.5
29.0428464,30.14515326,59
31.19516228,31.29228377,3.8
30.62605299,31.86280138,15.8
29.24227296,32.0794264,840.6
30.5809842,31.06628405,11
31.26030023,32.1124366,1.8
30.9253459,31.86192364,2.2
29.31050128,31.45459689,285.3
30.56175429,30.5419673,25.9
30.22717691,32.29518276,165.3
29.85812162,30.38104841,173.4
31.09267011,30.28400861,-1
28.80285386,31.51255732,254.1
30.58825347,31.47588753,11.6
29.35081778,31.24839095,30
30.02692701,31.26758561,84.9
31.30089887,31.60154346,1.2
30.93292217,29.91727457,6.9
29.99068626,31.61912144,372.9
30.81276401,29.81647649,28.9
29.39694774,32.04234708,839.6
29.58591163,32.6909333,
30.05473801,31.62755862,305.2
31.0148329,30.62851804,1
30.31549195,31.56713817,104.7
29.71724687,30.46467968,255.9
31.10439625,30.50272022,-0.2
31.24948795,31.01159441,1.8
30.90331528,31.9493812,4.3
29.55772721,30.54718088,37.2
29.27474124,31.93334495,734.2
29.35382308,30.60702066,-5.9
29.48566674,30.54280874,-39.9
29.47936172,30.36306571,117.7
28.75868709,31.02606096,183.6
29.01392554,30.58004862,95.6
30.4076328,30.44202828,41.5
30.11092278,30.33390648,79.5
30.38282741,30.40410829,39.4
30.73943194,31.22164241,10.4
29.22835743,31.26283794,92.1
29.57686903,31.1907133,58.6
30.33963444,32.21641748,57.8
29.74796299,31.25034966,20.1
31.15328892,30.33036712,
30.66252201,31.73398589,10.4
30.41927514,31.64538444,35.7
29.03219327,31.35272991,284.1
30.98801942,30.54600835,4
31.18291755,31.13834141,1
29.48692058,32.48447898,-29.9
29.60382666,32.68537992,4.1
31.37743967,30.98429733,
30.36491073,29.86201564,154.2
29.99835644,31.14312374,21.5
30.24397401,30.87824939,54.1
30.75998406,31.68711779,8.6
29.35209842,31.61436456,505.8
29.81299671,29.84422428,193.7
29.99207401,31.16389287,27.3
29.78267837,32.63042427,-0.1
29.97910699,32.64487257,31.2
31.42367849,31.26436708,1
31.11272619,31.41873336,5
29.32622163,30.56224597,6.8
28.79549425,30.40856983,131.1
31.07641267,30.6384031,3.3
30.73862512,32.64675356,71.5
31.14669498,30.47100702,1.2
29.26679033,31.7449581,586.6
29.1565653,31.35063695,223
29.79585289,32.87029591,230.6
29.87112085,29.71590481,135
30.28126682,29.93686851,133.6
29.0833229,32.32002275,166.2
30.63037804,30.66758492,18
28.86476946,30.54929605,48.9
30.10287707,31.77047002,234.1
31.18694281,30.59168409,2.6
31.27306847,30.89780013,1.6
28.90636026,31.95203453,254.4
28.77695342,30.81352551,30
30.05698593,31.91633304,226.8
29.15872395,30.7088207,10.4
30.07484899,30.30661934,130.6
29.6831021,32.21008269,182
30.36781396,31.38537029,12.9
29.53315434,32.16778279,303.1
31.14947364,31.349922,3.4
31.07381273,31.93999919,1
29.29293351,30.95704283,38.4
30.76254544,30.61052142,2.5
31.25779158,31.6886483,3.5
29.98505222,31.51252718,376.8
29.52269436,32.39712334,
29.47746248,29.95462784,309.1
29.54239403,29.78874624,270
29.98592394,30.9920094,202.6
30.61945892,30.69670345,17
29.01214575,31.20428143,130
28.9471404,30.32357444,186.8
30.11859486,29.80742143,76.6
30.29434433,32.17169694,113.9
30.28503169,31.13099119,17.9
30.80081191,30.59454347,3.5
30.16865359,30.15287469,115.5
28.76705522,31.84517589,286.2
30.56713665,30.63133801,24.7
29.74685927,30.44967823,236
30.7438675,30.76383871,4.9
29.60175538,31.89058442,329
30.59688292,32.74279491,132.8
29.28430411,31.38552658,167.8
30.77632907,30.62587242,2.9
31.12527001,31.15798272,4.1
29.49575145,31.09157546,27.4
30.50319023,31.35113971,11.1
29.75572715,32.58279293,-40
29.84184358,31.14806774,67.9
29.26532306,30.1675628,87.3
28.89217907,30.99606817,50.4
29.47788469,30.13100888,324.3
29.86998263,29.64412281,136.6
31.46077077,30.95089321,-1.3
30.68895049,31.18680548,10.9
29.51024221,30.29417088,196.4
30.3650499,31.22735893,14.2
29.06678727,30.93123489,26.1
31.31568549,31.58524301,1.4
31.21102761,30.58768904,2.2
30.13244296,32.7067866,124.5
30.59810177,32.54179444,85.5
28.62453417,31.38807376,219.7
31.07926657,31.41912151,7.3
30.62286591,31.00837668,12.6
31.10846162,32.03976189,1.3
29.37984259,30.73190762,14
30.8211226,31.36936272,7
28.86943376,31.48830101,246
30.54623549,30.7216558,25.8
31.07454539,31.39723725,6.6
30.46974756,30.52444369,24.8
30.1736307,32.72247293,176.1
29.52681679,31.04112598,15.5
29.83836586,31.70872486,434.2
29.9373796,32.85838965,230.1
29.9907363,32.64246076,27
30.94202365,30.48755426,2.7
30.49934159,30.96958526,9
30.15600328,32.64897396,71.3
28.86557549,30.8302569,29.9
30.66837585,32.70221202,113.6
30.67691217,30.60019947,20.1
28.64701631,31.08099395,237.3
29.9334246,32.25006176,382.2
28.7801364,31.49422778,232.5
31.0509093,31.8478773,3
30.49795346,32.16581859,36.3
31.15792771,31.37568488,3
29.49667301,32.37844556,394.7
29.61780697,31.10286092,91.5
31.01323066,31.69204703,3.8
29.66016362,30.73066942,78.1
28.65091051,30.92703882,97.3
29.86738048,32.04949744,360.5
30.00204698,30.51457064,131.1
30.8382452,29.96441375,20.5
30.52935083,31.13345946,12.2
29.46729216,32.23196163,903.8
28.92781547,32.27813956,383.1
30.01663889,31.15268789,13.8
31.35166267,31.85523345,-1
29.05243985,30.89276998,28.7
29.65553279,30.27844607,262.6
30.89751322,29.98221818,3.6
31.34569619,31.59794358,0.9
29.04670343,30.6103684,48.8
29.75166224,30.36221158,224
31.06769681,32.15221411,0.4
30.18944173,31.32455902,14.9
30.42499362,29.7360552,145.4
29.62436231,32.69328833,5.1
31.24598616,31.6481782,8.8
28.62873102,31.53015972,270.7
30.1049526,31.96639643,202.8
29.2370542,30.75724957,8.6
30.86303941,32.2840975,0.6
30.64672754,30.75661819,7.3
29.01402536,30.7702922,70.2
29.56208142,30.46337864,121
30.70422259,31.72426751,7
29.74343156,31.61212585,386
30.21229704,29.57619787,53.8
29.14080219,30.29321093,-10.5
30.70384925,29.84915064,20.1
29.95663782,29.76013482,159.3
29.90350701,31.15459673,89.7
31.10130267,31.8445399,1
29.33354502,31.60457423,499.5
30.11411436,30.360999,88.1
28.7447213,31.37841135,200.5
29.42231993,31.90360779,729.6
29.18188746,30.03336346,115.2
29.68750569,32.49955038,-41.5
31.3013251,30.56695372,1.8
30.01898595,32.53379343,22
29.39915373,30.33481407,4.7
30.98648279,31.55435603,3.5
29.74553289,32.27171587,74.7
30.67985804,31.84407359,5.8
29.8890312,31.71526823,417.7
31.38440399,31.85130272,-1.9
30.03065396,31.45012636,254.7
31.03417569,32.0763761,-0.4
29.29861862,32.60199327,7.3
29.49932039,31.98540487,723.9
29.40684828,30.35592436,-3.2
30.9083329,31.7395794,3.6
29.01585843,32.35574109,243.8
29.56173602,29.88052614,258.1
29.5811247,31.07217526,49.9
30.45655527,32.69187069,151.1
31.37343145,31.33142368,1
30.08037303,32.61709013,34.9
30.1817255,30.29705618,95.5
29.65290895,29.6871166,215
31.13388146,31.98815681,1
29.84086057,32.3617453,192.8
31.46064214,31.15099709,1.2
31.44232047,31.22209435,1.5
30.1156877,31.21308917,18.4
30.93476164,31.52916951,5
28.73477536,31.6961451,301.9
30.33264653,32.02459641,124.5
30.27783916,31.103867,14.3
30.70663351,31.83145613,4.9
29.0038815,30.50575281,3.6
30.99479709,32.03202892,2.4
30.2041264,31.6610737,133.8
30.67202444,30.21399781,21.5
30.8754285,29.8800306,17.5
30.0675803,32.81099289,242.9
30.39060582,31.42876164,13.7
29.41783077,30.84564367,8.7
31.07554419,30.89897064,5.9
29.48368704,30.95896038,-9.9
30.17922387,31.71193562,170.3
29.36361248,31.70565444,554
30.04124167,29.70838366,142.3
30.76175907,31.11411247,8.7
29.70491084,32.10229402,305.5
30.20286833,32.07205305,181.2
29.25090074,31.6863542,478.2
30.79368943,30.59651751,3.2
30.08253251,30.05145321,114.4
29.59890336,32.68633413,5.5
30.70967611,31.86462671,6
31.23224493,30.96839485,3
29.39341094,31.72086371,534.8
29.37541618,32.43654737,467.5
30.66659675,32.5951764,87.9
31.11099433,32.12087839,3.1
29.74058015,31.48404427,250.8
29.7117008,32.12230749,318.7
30.3043372,29.60630009,95
30.54982982,31.85368568,15
29.95323385,31.03637356,139.5
29.41592101,32.64722994,-57.3
30.61875117,30.54643714,25
30.79589157,31.55512131,6.1
29.24364666,31.99358218,760
29.61456813,31.81262945,322.7
31.19629186,31.2489078,3.5
29.43473348,32.34003459,918.9
29.36153458,30.36938392,31.5
29.70301753,30.19767873,271.6
29.27260703,30.52584393,17.1
31.06483278,30.98022898,5.9
30.36448154,32.49789887,23.2
30.07154467,30.50438986,103.8
30.68791224,30.12199468,24.7
30.25863934,31.08397116,14.4
30.78258663,30.48034995,5.2
28.96628731,30.56177579,94.5
29.57485903,31.38094317,101.3
29.75864602,29.60255854,132.6
29.31530549,31.40944891,232.6
29.08007597,31.34339449,284.2
30.62774622,30.1033456,26.3
29.49530653,30.91599116,-23.5
29.36005169,30.55006948,6.6
29.43836127,29.93098651,303.6
29.60043073,32.56241914,-44.4
30.55603424,31.1437694,10.4
29.61121905,32.10269786,142.4
30.35786074,31.00322217,14
28.65718165,31.28141965,189
30.67763572,30.22937263,23.4
29.62582226,31.69667707,428.6
30.56513666,29.74156732,109.8
31.35512683,31.21577504,1
30.64478307,31.85538483,10.6
30.23108397,32.08319036,173.7
30.66115826,31.60880483,7.7
29.80981994,32.33838299,118.5
29.63900187,30.47658798,318.8
30.39151602,32.21488786,51.8
29.06036244,31.60037907,346.3
28.70300364,30.95393062,89.9
28.86960962,31.84063028,264.4
30.36471611,30.57648978,47.5
28.89192322,31.43314458,252.9
29.56315712,30.35667692,210.4
29.96781392,31.54221933,388.6
30.52630384,31.98425244,10.3
30.82172282,30.50785806,0.9
31.37044901,30.95841993,1.3
29.67862302,32.15780393,221.5
30.45042898,31.48171501,12.8
29.47203241,31.39862234,119.8
30.00494265,31.10718188,36
29.09985208,32.41318266,137.1
30.52966074,30.76267857,17.5
30.00026445,30.85658069,137.8
30.94876795,31.896038,1.6
31.38509803,31.24174922,2.1
29.63843526,30.30159358,291.8
29.36643758,32.35171633,866.3
30.44219147,31.84745283,45.4
30.09687652,31.02848236,70
29.60759163,29.81850912,270.6
30.37872251,32.80305437,253.1
28.96403188,30.64813411,117.5
31.08559222,30.76447439,5.3
29.50410543,30.56708617,-10.7
30.54413862,32.61408918,157.3
29.35686532,32.28612945,1133.1
30.63316299,30.93491602,9.1
30.43841269,31.47009084,11.1
30.95074142,31.49348029,4
29.69360272,32.34731392,10.5
29.2650982,30.77177632,12.8
29.28148627,30.12653211,97.7
30.84792956,32.12096387,3
30.52519978,32.67972722,150.7
30.24911027,32.59573382,41.5
30.76316918,29.95739011,23.4
29.88763906,30.27155922,187.9
29.28186653,30.93010117,27.6
31.05981516,30.06295836,-2.5
29.92946233,31.35858778,287.2
29.34497428,29.99061769,255.7
28.61637571,31.04148875,230.6
29.43606566,30.82284224,-24.8
30.21066875,30.56718681,93.8
30.58817984,31.96111871,40.8
30.95175469,31.24541886,10.8
31.16173087,31.16912684,3.6
31.30941158,30.79703179,1.8
28.74910282,30.65431904,62.6
30.39375382,31.44688658,11
30.33978619,30.55505797,53.8
30.25288414,29.98066398,145.1
30.86767042,30.35669281,
29.07311345,31.97192418,533.3
30.17439505,32.02374493,217
30.46904499,31.4879017,10.1
30.47879837,31.76395105,20.4
31.08798927,31.66717593,3.3
30.5953757,31.09914326,10.2
30.99962586,31.87679851,2
29.80108897,30.20937195,198.6
29.61606351,31.69878038,418.7
28.8879614,30.84984261,27.6
30.51209971,29.95952026,76.7
30.02743364,30.36858604,145
30.08884544,32.81806251,262.6
29.3793154,29.8497995,308.6
30.80430776,31.11070113,7
28.92402054,31.16445077,71.5
30.40206925,32.18946178,65.3
30.56531342,30.69796364,23.2
29.13827844,30.39573304,-30
29.51516022,31.76150775,689.4
29.08330367,31.17431866,53.2
29.73280325,29.97172726,204.4
29.90676163,31.10774557,114.2
29.32845615,32.01127811,808.3
29.07788811,32.2968873,169.3
29.83399263,30.64321687,184.5
29.75187684,29.73255535,161
29.44179194,30.23042231,101.2
30.09237463,31.0047465,94.6
30.87523157,31.11127184,6.6
30.49786591,31.5880008,9.9
29.78251228,30.45992977,218.5
30.52471789,30.31132233,33.7
28.73103695,30.69267994,35.4
31.15524194,30.31392175,-1.1
30.53829453,30.62979644,25.8
31.33452039,30.94445396,1.7
29.64803887,31.8417109,290.8
30.84489215,30.50707375,2
29.51199799,31.9151405,743.4
30.9451905,30.72189562,3.8
29.43563282,32.70212186,-5.5
29.87022958,29.64427945,136.4
30.06685093,30.00249941,120.8
30.03553089,29.96468646,125.8
30.91993174,31.01787835,5.4
30.92114138,31.24837701,8.2
29.66094767,31.20058856,35
30.10636589,30.19962729,145.9
30.97623492,31.48401988,3.6
29.56988879,31.00200184,29.9
30.51473844,32.55929096,93
29.99369496,31.68803701,349.6
28.94123852,32.13786099,242.8
30.53012841,32.03620529,14.4
30.78289637,30.22563421,9.5
31.19806452,31.08581477,4.5
29.54807264,30.99852688,16.1
29.34333469,30.37076132,39.8
29.78829284,32.09315198,182.3
30.05749598,32.37853824,125
30.61821025,32.06805147,22.5
28.9531137,31.66498971,309.5
31.24957127,30.38998581,-2.5
29.22369441,31.20475725,28.9
30.6984155,31.48491174,9
29.77282051,30.14703013,236.1
28.98740898,31.1187781,53
30.56748445,31.4496637,10.1
29.87333668,32.11177593,346.2
31.20687626,31.9348703,1
30.06863084,30.63960796,144.3
29.26911871,32.25049876,1041.4
30.71145652,32.64710689,84.1
29.15423904,32.16747479,380.9
29.68676508,32.31688454,19.1
30.60041134,31.77814054,12.6
29.03866252,30.94443556,28.1
31.38755915,30.70666846,-0.5
30.39729394,32.0318481,124.3
30.97209859,30.20629851,-2
30.15430548,32.3426243,168.7
30.65475935,32.55351459,97.8
28.92321492,32.09317662,230.5
31.23923055,31.79507454,1.3
30.97760238,30.52707559,2.6
29.65787643,30.75203174,49
28.94959328,31.39180298,235.7
30.77351087,30.27010448,13
30.71603739,31.87395879,5.7
29.83098614,29.62621787,119.7
29.97726852,32.64375525,32.6
30.5309207,32.08494331,5.9
29.55882913,32.68222882,-10.9
31.11332127,31.44090175,3.2
31.15318282,31.05184325,3.4
30.0701084,31.45286378,205.3
29.77276107,30.26545163,203.2
29.64085137,32.23311261,66.9
30.1532405,31.49928909,98.9
28.88934771,30.61731936,158.5
28.77141596,31.80853544,294.4
29.90578791,29.63900574,148
30.29470705,30.03089211,147
30.94589338,30.07501913,-2.2
29.72321649,31.29211017,21.1
30.53616951,31.85288132,3.9
30.32657112,29.64926337,156.5
30.27460719,31.61855106,159
30.20228265,30.84217773,66.3
30.9311402,31.99625524,3
29.35378491,31.08683615,44.7
30.86054668,30.2724664,1
29.375768,31.02452272,8.1
29.04516382,30.2497166,164.3
29.90180902,31.37750106,259.2
30.79309545,30.01712681,21.9
29.22149027,30.25213918,55.3
30.03272199,32.4938393,36.6
31.01759873,31.42034314,4.1
29.51116832,29.84444578,266.4
30.18249773,31.28890052,15.1
30.67666913,32.33452493,6.8
31.2891976,31.90279884,-1
31.21345922,30.84032229,4.4
30.85835004,30.38961185,2.9
29.12026339,30.1449328,32
29.99171734,30.1277155,162.6
29.93280367,30.28933996,172
30.19340427,31.81679097,185.2
30.76091342,32.2542125,6.2
29.27989058,30.79086696,17
30.50813245,32.13722505,31.3
30.95678718,31.18075335,8
28.9901868,32.13752218,206.4
30.56494066,31.00092603,13.1
29.0073162,32.32763796,252.2
30.33188652,31.71012083,88.2
30.0122347,30.73695757,162.5
30.79160965,32.11569484,9.1
29.14937478,31.5938605,394.4
30.57226094,30.7229202,16.5
28.82919102,30.47097503,83.4
30.6981258,31.16948617,7.7
30.62297819,31.3443722,11.5
29.92775388,29.60419476,166.8
29.73372277,30.72152452,181.3
30.33942103,29.64057412,147
29.52425994,30.72328977,-7.7
29.54044131,31.02239082,12.8
29.70912361,29.7106973,187.8
29.71652597,30.93920703,227.8
29.66734739,31.15824712,57.8
30.09815503,31.79445038,234.2
29.38351359,31.6462026,485.3
31.0848942,30.94851022,9.5
30.53251819,31.36530773,11.4
31.05179166,31.79728712,1.9
31.03047341,31.31396058,6.4
30.90159552,30.5109293,1.2
30.33640068,32.65251391,164.7
29.13226845,30.85539266,28.2
30.86944952,32.55005366,27.5
30.17981432,31.02398119,17.9
31.20709509,31.06002255,3.9
29.95839775,32.11463863,341.8
30.40378982,30.53746849,33
28.62864606,31.52593951,270.5
31.16684719,30.65594688,2
30.28015634,29.6346571,81
31.34923923,31.34995183,2.8
30.58370297,31.43459896,9.3
30.18791586,29.87348458,118.6
29.13121916,30.38776679,-24
31.26224764,30.91085402,3
30.17184316,30.30450716,117.4
31.25824965,31.17802743,1.9
31.45577925,31.49491818,2.8
31.17088635,32.24494692,-1.9
29.20599513,30.85914324,20.2
28.81289006,31.45601328,228.8
29.45477764,31.39997855,118.3
29.77851919,30.49748101,221.5
29.41568408,32.31282843,837.6
30.42080996,29.67482711,154.4
29.48641987,32.05183682,858.2
29.69367909,30.90432773,164.3
29.47467336,29.88722451,290.4
29.0046541,31.49784072,313
29.81641117,30.73468022,224
31.34103446,31.12473762,1.9
28.80330329,31.50100966,257.4
29.85686435,31.08831118,101.4
31.05943387,30.12989211,-4.5
29.2703497,29.90757125,286.9
30.39097611,29.97526819,129.6
30.38258881,32.55763037,92.3
30.61361046,32.06849602,25.4
29.93948903,29.65267499,156.1
30.61977247,32.63462815,98.6
29.43620411,31.32662661,64.1
31.20299457,30.45092923,-2.2
30.82844293,30.83077367,6.4
31.2167412,31.25685892,2.1
29.03747458,30.30890764,57.6
31.37656995,31.65497066,0.5
30.42433029,30.87343829,10.9
30.18931158,30.32331365,73.3
30.48605806,30.37054054,32
29.48069228,31.65692381,620.8
31.30716559,31.24049332,2.4
30.08770361,32.30965759,173.5
30.61878891,31.55796681,9.7
29.31869542,30.47674898,43.2
30.03574043,30.70737281,142.1
30.65942629,31.71532299,8
31.07452416,31.36502194,4.2
31.05806071,31.76277663,2.6
30.75879488,32.4732948,74.3
29.53326596,30.64015878,24
29.66555394,31.60122278,435.1
29.16770412,32.0026121,605.3
31.24047557,32.05272708,3.4
28.68897441,31.49915217,240.7
29.12597263,30.82435937,13
29.63555678,29.80864991,260
30.41093368,30.68046801,40.3
29.46323557,31.12907237,69.1
30.59739772,31.4546305,8.8
31.2756799,31.43584751,3
29.15816955,31.63710161,404.9
30.71992797,31.6713335,11.1
28.83376868,31.93124934,263
29.8503297,29.9694241,186.5
31.01190872,32.03919649,3
30.85479811,30.44574817,2.7
28.96505412,31.34666485,250.1
29.74323607,32.56451161,-42.3
30.11974913,31.61367822,207
28.64271177,31.34669744,206.9
30.38053529,29.70074267,175.7
29.5698257,31.11096506,110.3
30.48296521,31.14712925,12.4
29.10455498,32.11461805,293.7
30.41544072,32.63003344,154.3
30.90043738,32.36403047,2.5
29.03820932,30.44462625,-28.6
30.3915443,31.2485101,13.9
29.25198874,31.37284304,159.6
29.35762152,32.11661921,917.6
29.58092262,30.34956415,266
30.20587707,31.84728627,167
31.16555031,32.18299124,1
31.06114103,30.99395581,5
31.20641718,30.74944147,2.7
30.57394883,30.88680635,8.8
29.77096749,30.45247877,222.2
28.76662274,30.53549479,156.7
31.2073995,31.94924442,1.6
31.11771621,31.27390686,4.5
31.07629145,30.93464588,5.7
30.13034749,31.53070094,151.5
30.2773965,29.60140244,88.1
29.757245,31.41397752,142.1
30.01904769,32.21078069,502.5
29.71998992,31.46883228,205
28.85590789,32.07210167,285.5
30.67754337,31.97811674,13.5
30.9897678,32.20691116,
30.78806156,31.97478701,5.4
30.61560991,31.2573635,12.5
29.35592808,32.54428728,75.6
28.90097808,30.63762195,159.3
29.12616923,30.36354836,-21.7
30.45638613,32.14160779,65.9
29.05623478,31.17513517,72.7
30.41663387,31.87986072,84.9
31.28534262,31.20519934,1.6
31.38839248,31.29100987,1
30.52403873,30.52381381,25.1
30.55921979,32.51017758,139.6
29.65910297,32.25448505,57
29.62859399,31.65086979,451.8
30.38855555,32.21556298,51.4
30.63575147,32.7570703,143.4
30.79978132,31.380592,6
29.56772201,30.02441754,274.8
28.85115446,30.87565134,29.5
30.74087963,30.52380273,7.5
29.86726568,30.02364676,191
29.61881295,30.56883565,160.8
31.0367174,31.03393907,5
30.13536179,32.06890826,213.5
31.00146792,32.1664244,0.6
29.68328948,30.89471688,124.5
29.50109824,30.67623515,-47
31.23947056,31.88911816,0.2
29.28748867,32.11693326,919
30.66833989,31.95147978,16.6
29.34121835,31.04888366,43.7
29.46257544,32.20097417,956.8
30.14858449,31.67874437,196
28.66527372,31.17125193,286.2
29.04807544,32.20167563,190.2
29.62034324,29.81322172,260.8
30.28788314,31.03477123,12.7
30.32902354,29.65978442,160.5
29.27450363,32.64236144,-18
29.51157998,32.13624315,422.4
29.67526839,31.41831741,180.2
29.32900323,31.94063018,781.6
30.09246136,29.96194405,107.3
28.88116135,30.98065728,68.4
29.70507914,30.59952722,304.1
31.01259694,30.21348086,-3.8
29.89050479,32.85108128,220
31.07252305,30.78561955,3.5
30.02426781,30.23383273,153
31.41731218,31.48292436,1.6
31.00901408,31.86980559,2.9
30.33461862,31.90129277,91
28.63199505,31.21595283,294.1
31.01722813,31.32953761,6.2
30.13784822,29.63940655,117.4
29.32469372,30.17726792,57
28.80517116,31.91804252,266
30.39353525,29.92222106,138.8
29.36471116,30.59843672,-3.3
29.56185469,31.54049825,295.4
30.72425327,30.54976728,6.9
31.43282713,31.45320403,2.1
30.5874197,32.14076292,7.6
29.24463172,31.1145351,23.7
28.84858927,31.92289969,255.9
28.96911517,30.92552216,29.2
29.70600735,29.8439457,219.9
29.22824149,31.29511139,110.8
29.97891457,31.11007918,53.6
30.3660627,32.82889815,261.1
29.76858362,29.91988373,221.3
29.3514375,31.66224356,520.5
29.48824655,31.2897328,33
29.88715421,31.91345118,367.4
31.0470015,30.74363693,5.1
29.99756346,32.17591427,456.4
30.54125597,30.4034323,30.8
30.90525464,31.97254877,5.4
31.43595933,30.78801174,
30.07238782,30.41100196,134.6
30.10036636,30.5425196,140.2
28.67872792,31.40214101,226.5
29.87279638,29.85353343,166.4
30.18130775,32.35576634,201.2
30.64838747,32.42869934,62.2
30.45350795,31.04254441,13.6
29.8449933,30.80018555,204.9
29.34339672,30.49043551,32.2
29.21671713,30.51568619,-7.4
29.97496569,32.37009312,839.2
30.24668375,31.69436299,182.3
29.8461692,32.79118398,125.7
30.57850267,32.00950517,34.8
28.8216087,31.67420352,265.1
30.28307386,32.52020182,6.1
30.87307434,31.25682572,12.2
29.60244433,32.49484976,-50.4
29.20372573,31.39523967,225.5
30.69268604,32.70789785,101.3
30.54427081,30.79084344,10
30.16308487,30.60890814,80.1
30.53434669,31.27808085,13.9
29.66758838,31.61903811,537
30.21433611,31.92375658,241.7
30.50207583,32.30920408,6.3
30.53033053,31.32339077,11
29.31421283,31.82742387,679.7
30.60068517,31.02936904,12.1
30.81218673,31.80365241,6.8
29.83126191,31.54441833,422.8
29.42896702,29.85352158,314.4
30.67151361,30.59936092,26
29.78331241,30.16779216,208.2
30.99965473,31.89493625,2
30.6616433,30.23191068,22.5
29.70852818,30.90919597,217.4
29.33989304,31.20436398,29.2
29.41718542,30.98248753,-4.1
30.03508754,32.07028223,259
30.45186026,31.09231758,10
29.62486995,32.28155564,40.6
29.46058888,29.98540105,314.7
29.13841202,30.80191922,12
30.39516134,30.43739714,40.5
29.49988567,29.90680995,279.7
30.11082793,29.71660998,101.2
28.7497784,30.76519185,29.1
29.71028921,32.02943287,323.3
30.395813,29.93122983,136.5
29.38017115,30.9555459,0.7
29.45526817,31.70263543,598.3
29.46543842,29.95871321,306.8
30.20964846,30.60420144,108.4
28.91197958,32.15227172,268
29.91597712,31.09772009,106.7
29.10802794,30.2884183,75
31.31989098,30.79388933,0.9
31.01321381,32.17994168,0.1
30.01310859,29.65264436,126.6
29.77183278,30.17843505,221.4
29.23987813,31.04333472,24.3
31.17093728,31.65047854,0
29.93724938,31.81246661,416.7
30.33807408,30.0264166,166
30.57757597,32.33143891,13.2
28.98914674,30.68182936,77.3
30.3456489,30.18834027,81.7
29.3639996,31.74510401,588.2
30.19290741,32.17837441,248.2
29.22623587,30.65368811,6.7
29.18058303,31.14808109,24
30.38588147,32.2137561,52.8
30.2910979,31.7515345,113.1
29.78808632,31.90284886,303.2
29.65342509,31.51542609,265.9
29.68110796,32.54287212,-45.3
30.57493293,29.97038548,16.6
31.28885638,31.54069387,1.3
29.54323883,31.82369268,681.2
29.57935671,29.94176065,263.5
30.34199712,31.039927,12.7
30.65718491,30.21616104,23.3
30.58342536,31.1017158,11
28.66826732,31.31266293,183.5
30.118605,32.90140738,374.1
29.17483451,30.40830924,-36
29.82913117,31.3553819,72.2
30.9054602,31.51263165,5
31.03630237,30.32340476,-0.3
29.01896873,31.27093522,193.1
29.64188136,31.4190835,113.5
31.1260557,31.68988579,5.6
28.74903945,30.97217423,111.2
29.77572533,31.06267171,146.4
30.30269426,30.37258061,-5
28.71865978,31.63993316,290.4
29.26793513,31.78781708,623
30.25832579,32.88232227,408.7
31.29662846,31.44419226,1.9
28.91265771,32.15930694,273.9
30.48440233,30.06126302,-1
29.38698275,29.7615087,291.4
31.30255895,30.85327751,2.3
30.7142203,31.83507443,4.8
29.75041363,31.86497724,316.3
29.43866987,29.88631051,332.3
30.06659288,32.12562217,291.7
30.61099533,31.75724913,10.7
28.77654914,32.00321667,472.3
28.91595268,31.25455226,111.1
29.90364679,31.21625612,17
30.3385026,31.5680023,70.5
29.37025413,30.54112048,5.7
30.71475794,31.32287032,9.1
28.92567375,31.93540993,264.1
29.47717953,32.68488603,-18.1
31.39794176,31.680709,0.3
29.09868611,31.57605707,368
30.07656042,32.88253979,360.7
29.61132133,32.64783991,-11.6
29.66048717,32.64281975,-23.5
30.02151676,31.12927413,16.9
30.91186539,31.02592169,6
29.60851256,31.33714421,56.5
29.37546162,30.03160247,163
29.59957439,32.74482624,26.9
29.81879375,29.83511785,182.7
29.94138381,31.38992587,217.9
29.99779635,31.71084552,337.8
29.70761613,30.38458345,259
29.12906801,30.75291704,15.4
29.41915591,30.68965402,-41.7
30.77293805,30.70498932,5
30.10390052,32.28022896,202.5
28.83446754,31.14121715,132.6
29.671975,31.88657243,308.5
30.10408179,31.52530847,186.5
28.82513393,30.5892956,184
29.88754407,32.51718958,-8.5
30.35320624,31.81415127,83
29.48885707,30.02473813,298.6
30.42021342,31.05577024,11.7
30.74642406,30.79195489,7.8
28.73745535,31.40041033,206.1
29.19967222,30.99594507,32
31.30893949,31.76183175,0.9
31.07528866,30.80178177,6.1
30.57074107,30.93904743,7.1
29.72922721,30.1051367,234.5
29.26087209,31.54510119,413.4
30.72224996,30.7503821,6.5
29.61626995,31.56356587,434.5
30.19103117,30.84031051,78.8
29.68285387,32.38769868,-1.6
30.95042096,30.62897331,4
31.34392314,31.5992452,1
28.63729493,31.44837495,232.8
29.67775905,31.57945091,397.1
29.85597605,32.75312887,89
30.00328994,30.99984409,162.5
30.939889,31.9054545,3.2
30.91298051,31.12340956,7.3
29.02310218,30.66079607,49.1
30.39915083,32.1135595,93.1
30.83888751,32.55254434,54
31.0616497,31.93667352,1.9
31.04773465,31.03464864,2.3
30.70019421,30.31854463,17.4
30.27079773,30.63853028,72.6
31.15992649,31.9451871,1.5
29.07867449,30.6034411,77.4
30.85638023,30.01774162,14.6
29.29875952,32.36377632,1097.3
29.36196354,32.10395892,932.8
30.13784528,32.24908966,248.5
29.12977343,31.96322822,595.7
30.88764403,31.96303251,8.5
30.39968151,29.73411359,163.8
29.23656434,31.25830546,63.7
30.7390815,32.0849994,5
28.94335573,30.89629852,28.2
29.60120236,31.6642517,442.8
30.11985368,30.6381105,135.6
30.54154199,30.05156828,31.9
29.90534245,31.01169512,186.2
29.67167307,30.95682261,136.2
30.42715136,29.68212026,149
28.97199305,31.07582597,40.5
31.05640243,30.61524814,2.7
30.1442599,31.93779157,252.8
29.87539042,32.24313037,187.9
31.13360553,32.0173189,0.6
29.39598629,31.68347549,566.4
28.7933657,30.76711515,30
31.0295483,31.93645417,1
29.10815274,30.27451301,62.8
30.2594878,32.14618044,158.1
28.64456301,31.12992755,229.9
30.38742227,30.72129431,35
30.68039908,32.2266413,7.9
29.02715198,30.87486415,28.1
29.61984306,30.03985985,262.3
29.74771897,30.61679078,252.5
30.9812635,30.80759457,4.9
29.8846776,29.87732368,209
30.40088366,32.51119785,66
30.15370723,30.54584566,76.3
29.50468351,31.30365863,35.1
31.45312286,31.05976047,0.1
30.64036895,30.56333079,18.7
30.19575096,31.70118082,153.9
30.22073961,30.01069635,108.8
28.98897085,30.34990475,176.6
29.34306137,31.51244374,409.8
29.70119853,32.55257909,-44.4
31.10580965,31.96902249,2
30.45930147,32.01774996,69.4
30.97660798,31.56267299,3.6
29.53300138,30.99995188,12.4
30.74969378,31.48290793,8.2
29.07537859,30.91806277,27.1
30.06569157,32.13784592,297.1
30.3222586,32.29139476,23.7
30.92708427,31.30164477,9.4
29.68460312,31.01268014,158.2
31.0870973,30.82069546,4.7
30.47333978,31.77127292,24
29.93613823,30.83195582,124.6
31.07189383,31.36632781,4.1
30.32419793,30.10707241,172
29.22689991,31.16458175,24.7
29.09511559,30.14501437,75.2
30.63746756,30.4076984,25.4
31.1395037,30.18652704,1.3
29.76806498,30.92145256,191.8
29.48406217,32.39860796,520.8
30.73905977,31.33413195,7.6
29.56820211,30.67911963,5
30.08511089,31.40465653,143
30.04975743,32.60604445,14
28.79347355,31.00531281,135.9
30.33948922,30.94963934,11.9
29.40183402,31.13500919,36
30.48216834,31.21044305,12.4
29.28818933,31.58018216,474.6
30.11420679,30.79959927,117.2
29.69716668,31.11119101,126.3
28.87505558,31.89944072,272.4
29.92001376,30.25332449,188.4
30.66431044,29.74176243,69.8
29.40770982,32.13354065,929.3
31.04662511,31.7983423,1.7
29.31572818,32.14421902,959.2
30.18725958,29.72326393,34.1
30.95632024,31.08062884,6.1
29.30949112,29.99813259,194.7
31.10028237,30.32588613,1.9
30.39752245,32.38612338,5.5
30.04044014,31.08958809,42.8
29.02908134,32.38592581,226.2
29.79593233,30.95070052,184.7
29.36401666,32.29101923,1148.4
30.11335982,31.1220914,18.6
29.1231985,30.76762322,14.7
30.12576153,30.31386995,94.7
29.63864948,31.47659116,263.1
29.92615465,30.06918808,215.6
30.01378128,29.92489766,136.1
30.09400922,31.48142623,179.9
28.77929851,30.92186148,33.1
29.55287641,32.02017373,229.1
29.69340526,31.02877323,172.2
30.09019455,32.22740699,227.6
29.87175239,32.69252557,67.7
30.07892226,31.89729174,215
30.84163808,32.45069526,23.9
28.790594,31.01910329,143
29.67901893,32.49232369,-41.1
30.66663238,31.76525475,6.7
30.68287873,30.69689181,4.9
29.45592055,30.63298936,-47
29.71624617,32.74954975,43.4
31.19672369,31.44587673,1.9
30.26892105,30.52807714,8.5
30.72124399,32.05044849,7
30.11816019,32.51152767,19
30.37860003,30.6401905,48.1
30.72516885,31.16285462,8.6
30.56173127,31.765565,8
30.02814267,31.60705698,350.2
31.02793586,31.16307559,6.4
30.51224171,31.2901636,13
30.25080446,32.46928178,
29.06330437,32.23159607,180.7
29.20668311,30.65944998,9.5
30.30150121,31.79982034,96.2
30.31153362,31.90159368,103.3
29.79741315,31.29481062,12
31.17439061,30.2688257,-2
29.95078497,32.33581854,634.1
29.81931209,30.74659739,224.5
29.90075043,30.62457515,132.2
30.09814683,29.89007871,114.2
29.89106643,31.57917977,417.4
31.40390671,31.31906155,2.3
29.55086133,30.73693807,-35.2
29.53957222,30.38876789,153
30.83803621,29.83745202,23
31.28473226,31.89946746,-1
29.52363252,31.94798408,796.6
29.72671805,31.64236732,403.7
29.36398808,29.78005291,301.8
29.12773714,31.71414507,421.1
30.44230319,32.2007606,59.5
31.06894001,30.09958357,-4
30.87535233,30.43245332,
29.06312398,32.25538449,182.7
30.31412905,31.83899853,85.7
29.70646875,32.35397503,11.8
29.89550428,32.39964105,562
29.3740864,32.64699175,-60
31.25021914,30.57921419,0.1
31.06168601,30.56298424,0.7
29.67694252,31.79590052,338.8
29.82668125,32.39541158,226.3
28.60415123,31.35674167,232.4
30.61566391,31.99715849,32
30.56311562,30.2841766,32.5
31.16744043,31.69295266,2.7
30.14354717,30.18543809,116.5
29.80740205,31.82693274,336.6
29.01146967,30.38863397,71.7
30.94171523,32.06264031,3.9
30.66605332,31.91041864,12.4
30.71212894,31.09197557,9
29.54083105,32.59583675,-42.4
31.42642102,31.32807293,1
30.80629993,32.53469316,34.1
31.1979707,30.83529429,5
28.85386088,32.07665017,286
30.92179266,31.15407329,5.5
29.65239559,30.28161328,269.1
30.12383089,31.69672863,212.6
31.14717185,32.07097382,0.2
31.11396485,31.3239383,4.4
30.04744056,31.7334129,286
31.06803156,31.094113,3.1
31.32626627,31.82923505,1
30.7587591,32.28789675,
31.07750411,31.55257584,3.7
30.41996208,32.70992441,191.4
30.5083652,32.67566049,141.4
30.94500209,30.77291912,
31.16479283,30.82824441,4
30.01787081,31.3331277,157.3
31.29157197,30.8499936,0.8
31.31670063,31.00823654,1
29.79320841,30.22027792,205.1
29.71279357,31.59269745,435.5
29.75870302,31.23370338,20.5
30.37211425,30.96851137,12.1
30.24795447,30.90795931,51.2
30.00260694,32.82864445,244.3
29.31612182,31.12535315,25
31.12044928,31.38072218,3.8
30.66924361,31.28254908,10.6
29.56652091,31.54281535,284.3
29.42887137,31.44630211,182.1
28.64619072,31.44113068,229
31.1529143,31.79667718,0.3
30.15556575,30.15090015,106.7
29.41783707,31.0103374,-5
29.00621862,31.6990048,342.4
29.10904787,31.44990639,339.5
30.98911932,32.46862312,2
30.2077244,32.13986152,214.7
31.2185599,30.26822039,-2.7
28.71480698,30.96901166,72.6
30.22125154,30.78732334,86.2
31.02828094,31.26365189,6
29.25158043,32.24996924,1012.3
29.56136896,32.64470911,-34.4
29.42309831,29.99345796,325.2
28.87257114,31.5910022,264.4
30.66907424,30.53341922,19.3
28.86455382,30.34487221,120.2
30.65340068,31.72977377,7.9
29.80338916,31.00154788,139.5
31.00330628,30.35274106,-0.3
29.76631672,30.45018223,223
30.23343005,31.21392231,14.2
29.54801914,31.50231677,256.6
29.31173586,30.3403314,59.3
31.18370546,30.31018311,-1.8
29.77469877,32.41387367,17.5
30.05121977,32.01026173,235.4
30.20072786,29.8309831,114.5
31.21242614,30.72038719,1.6
29.05160905,30.76377399,47
31.18264433,32.12485248,1.2
31.46681121,31.5366141,-0.9
29.51729463,30.91573389,-28.1
31.28157338,31.40975629,3.5
30.34879476,31.85024376,72.1
29.86244947,30.99283528,180.1
29.57310559,31.78434398,395.7
28.98218618,30.15012285,129
30.65191549,31.46585336,10.5
29.37808519,32.70572003,-57.4
31.21579928,31.60733067,2
29.30095554,30.88717819,19.9
28.73929213,31.39087369,197.3
30.81229795,30.48046583,2.9
30.50491213,31.65267489,9
28.94046222,30.52193627,162.1
30.5369014,30.6735914,22
29.63632677,31.47354843,212.8
29.61815509,30.57709624,167.3
31.25654575,30.3711448,-2.5
29.55015938,32.50315871,-55.1
30.06684363,32.40669255,94
28.94887719,32.21742029,284.3
29.40372106,32.54750518,
28.77752329,31.44602366,203.8
29.72623588,30.48289965,266.9
30.49317006,31.73376224,12.5
30.0193152,31.8679971,269.7
30.80196682,30.47093446,4.8
30.88537942,31.95482422,7.4
29.25939754,32.50255297,172.2
30.35279216,29.77898816,156
30.6684649,32.58117084,76.3
31.40527783,31.57128222,5.8
30.89974194,31.12615529,6
29.06459644,32.02144855,346.4
30.20025246,30.36188697,45.2
29.6211676,31.14034369,61.5
30.58006882,29.75986748,101.1
29.65299079,31.06694687,87.2
30.79873283,31.62072865,4.1
29.50897637,32.77062334,27
30.5891207,32.08548714,16
30.53676836,29.69380837,116.6
30.98721923,32.25117915,
29.76728243,30.10047062,224.8
30.76666219,32.52140594,49.7
31.40963724,31.6650402,4.8
29.77203263,32.08111225,318.2
30.39919659,30.18831252,2.7
29.365163,30.26912021,36.3
30.07822452,32.57200833,
29.29582396,30.6807221,4.1
29.95085668,32.79541594,194.8
29.71431611,29.86209251,220.8
30.37156688,32.8294103,267.7
30.7063703,32.50743192,70
29.33433115,31.69655533,565.3
31.16260105,30.92492948,4.9
29.69636287,31.94770885,229
29.30715782,29.86351863,311.6
30.04809878,30.01500947,128
29.67153372,30.47988785,294.4
29.76847578,31.43804117,130.5
30.33735312,30.43265736,8.7
30.51846995,30.83481494,8.1
30.69796751,32.39580578,19.5
30.74653629,31.34232394,10.5
29.35709771,31.73483019,581.3
29.57965647,30.21348078,272
29.90612879,31.76662763,391.1
30.12942828,32.80694688,237.8
30.74957869,29.86269265,27.2
29.53493128,31.85350509,662.7
30.93197081,31.75953504,3
29.04551192,30.58670928,49.4
30.07835833,29.62399998,99.9
29.60858755,31.74695379,367.3
29.20135353,31.48380424,333.7
28.76916437,31.96005206,440.2
29.51967509,31.54396158,422.6
30.79905838,31.80450027,4.9
31.1790562,30.388995,-1.2
30.79087407,30.10509325,13.3
29.87236871,32.55073164,-11.9
30.62416027,30.26036398,25.9
30.22500452,30.44628907,32.8
29.79877382,32.74109587,70.5
29.12919329,31.5802443,427.8
29.9823102,31.57728982,404.5
29.40192288,29.96198975,327.2
29.12099779,32.09741507,405.8
29.774827,30.81638091,256.6
29.25574783,29.89613113,299.7
29.54941153,31.83593588,493.7
29.66565754,32.61122867,-41.4
29.67274187,31.03227,184.1
30.1439251,30.94656908,131
30.0796275,31.94560738,213.7
29.72529009,29.9509292,216.2
