30.08744304,31.181303
30.04316966,31.17087696
30.04753802,31.16159308
30.00063091,31.29623808
30.05635217,31.31482117
30.07850745,31.28050168
30.09594992,31.17924616
30.05992908,31.31453973
30.00926612,31.19642848
30.03412865,31.21640954
29.99260058,31.21384447
30.01449436,31.18893365
30.03452641,31.17145167
29.98389144,31.20491269
30.0356509,31.22232257
30.0820374,31.21991024
30.04780078,31.23332928
30.06212885,31.22382135
30.04285659,31.23483471
30.01616333,31.23950646
30.06943379,31.17073588
30.11004989,31.22090486
30.02137034,31.28999116
30.00800155,31.2880455
30.0987713,31.211607
30.01513749,31.28528353
30.03055694,31.30930545
29.99233093,31.24562005
30.04691225,31.1747874
30.08934151,31.17481572
30.04296142,31.29727907
30.05613189,31.24070372
30.10628108,31.22337194
30.0568573,31.21953556
30.04101764,31.26652745
30.10113007,31.23720905
30.03705055,31.29603887
30.04865216,31.19845174
29.99124225,31.24868479
30.04992954,31.21775112
30.04049159,31.181379
30.04777422,31.26540532
29.99639017,31.21927664
30.09213668,31.21451548
30.0161446,31.30301457
30.01872906,31.28363313
29.98307622,31.27828624
30.0350306,31.27645897
30.06473109,31.26626428
30.04564179,31.26286515
30.03070465,31.1729874
30.04298686,31.20814376
29.99493181,31.21748636
29.9992912,31.21401985
30.03929115,31.16561338
29.99943497,31.22067538
30.02442699,31.23058037
30.06938939,31.20656599
30.08710137,31.26149908
29.97667499,31.21564256
30.064655,31.19825475
29.97750935,31.22924219
29.99047927,31.2190418
30.04894761,31.22553027
30.06080287,31.31420376
30.03781037,31.27743906
29.97563205,31.23785587
30.06959128,31.24020237
30.07876309,31.21051194
30.00177601,31.18279241
30.00193247,31.28345852
29.99818879,31.27205137
30.0354601,31.19981145
29.98961687,31.18331849
30.04942694,31.19832397
30.09461063,31.23237897
30.02535285,31.21708322
30.04696873,31.18563399
30.03849346,31.21866724
30.07613074,31.22516727
30.03720014,31.25362003
30.07316393,31.21158822
30.04777894,31.19730517
30.02460094,31.25568445
30.06129965,31.30879815
30.01838173,31.15946231
30.06017645,31.20972892
30.08347497,31.23339823
29.98839462,31.18912365
30.0313346,31.20407645
30.08749628,31.29309301
29.99094757,31.22296711
30.06096199,31.17375289
29.99742012,31.19289541
30.00915327,31.22418218
29.98281379,31.24826778
30.06082376,31.18548149
30.05612899,31.30102099
30.00619006,31.2667747
30.01151565,31.25479563
29.97646932,31.23465534
30.08138932,31.295999
30.06464633,31.30642657
30.04991085,31.26761647
30.09791737,31.2908639
30.1013682,31.28309754
30.03250865,31.17418529
30.01939714,31.30685052
29.9878847,31.22238948
30.0764623,31.24458869
30.08113562,31.25112289
30.03205082,31.22415518
30.0628635,31.18123184
29.99293794,31.28021849
30.01175576,31.23991925
30.08807103,31.25170479
30.09683226,31.20901904
30.06704281,31.21729834
30.04486016,31.19076333
30.01496225,31.20632084
30.09709101,31.27910674
30.05257909,31.15844839
29.99598935,31.28661111
29.98523968,31.23435123
30.05351905,31.1836947
30.02182702,31.27962284
30.10531149,31.19219023
29.98035414,31.23173217
30.10370103,31.19935456
30.02495885,31.29549444
30.07256769,31.19044543
30.07190863,31.26002889
30.00889259,31.30702431
30.01631556,31.16437593
29.99839347,31.27886136
30.06309081,31.21396098
29.98297903,31.19819013
30.02867367,31.16377649
30.0682375,31.29456836
30.03469265,31.29877689
30.08332519,31.25348304
30.06560454,31.18344147
30.06427185,31.22060864
30.00932609,31.27478548
30.05884437,31.20232881
30.04085965,31.29611018
30.0115461,31.25231229
30.07848941,31.28885368
30.09071008,31.23593497
30.06580688,31.22507685
30.05942065,31.25469019
29.98422962,31.21458056
30.06780192,31.26279862
30.08202502,31.19316544
30.09685744,31.1798477
30.01943186,31.29636373
30.06313176,31.21923122
29.98068453,31.27333889
30.10424109,31.19751524
30.09550361,31.22346344
30.02860583,31.26037818
30.03224076,31.17090478
29.98806557,31.1843427
30.02523571,31.1838379
30.05364779,31.28080935
30.0693682,31.28500224
30.07333388,31.17343946
30.0747622,31.18484627
30.06923618,31.27829697
30.00377012,31.25806615
30.0581055,31.16750602
30.04864311,31.27866951
30.10005508,31.20192365
30.07295757,31.20803079
30.0240418,31.21865319
30.0314484,31.19083356
30.09406987,31.1754216
29.98839306,31.2704291
30.09238321,31.28858049
30.04800814,31.15513839
30.06474828,31.27463985
30.10853703,31.24400527
30.0328558,31.27209347
30.03847966,31.24997184
30.08453077,31.22665797
30.05156454,31.26016909
30.06665581,31.24676953
30.08437783,31.3036417
30.08920472,31.21466994
30.05240035,31.22741011
30.06846792,31.22802541
30.05393735,31.20596273
29.98831519,31.26954535
30.01560731,31.29936125
30.09155556,31.19109737
30.02101356,31.17369601
30.07244431,31.30778936
30.0738187,31.19160149
30.09451019,31.19629484
30.05391559,31.30621808
30.04710604,31.18089823
30.08764529,31.1722159
30.08858707,31.17212022
29.99944183,31.22742379
30.05998475,31.16971258
30.0742295,31.25632488
30.07412562,31.23301641
30.01240597,31.16222156
30.0619648,31.26876095
29.99936264,31.17823824
30.09766943,31.22056035
30.05002286,31.25871495
30.04518597,31.23576336
30.10622262,31.2584382
30.09756236,31.19254268
30.06032343,31.17708392
30.10417433,31.26079141
30.08436553,31.17103649
30.02899222,31.18358432
30.0496934,31.18387256
30.0914536,31.20240092
30.00169264,31.25185389
30.02677713,31.16538361
30.01123965,31.1906828
30.00278595,31.1851205
30.04018458,31.27849665
30.08474944,31.18157171
30.08919335,31.21712671
30.02543619,31.20648554
30.04877571,31.25533883
30.04226569,31.24914655
30.00534199,31.19474473
30.08547151,31.27336993
30.04370602,31.21255382
30.01471164,31.20237818
29.98150363,31.26657076
30.05301842,31.2715649
30.09359828,31.19139761
30.05384423,31.18599449
30.06197675,31.18109785
30.00964107,31.28651471
30.02233244,31.28852701
30.07302188,31.19892029
30.01875008,31.27856338
30.05097965,31.24297388
30.1149901,31.23507386
30.09017193,31.23216598
30.0361303,31.27317872
29.99980241,31.2623886
30.0567755,31.15437036
30.02408421,31.228003
30.00369261,31.27976168
30.03232662,31.18895624
30.00316382,31.17545776
30.00462346,31.28363969
30.1012352,31.2825729
30.04550644,31.28132822
30.01359064,31.28091106
30.02272206,31.25779087
30.01441978,31.30630062
29.99101801,31.25205585
30.04242951,31.23310363
29.99156526,31.23476083
29.9807078,31.25297684
30.03171805,31.2653717
30.0144744,31.30505162
30.03291506,31.31729524
30.06095841,31.31476264
30.04005256,31.17180129
29.9911126,31.22569869
30.07604823,31.29153
30.00519927,31.29643911
30.00541492,31.28067004
30.07965189,31.29657376
30.03905341,31.26631621
30.05404386,31.21501696
30.05940238,31.30663963
30.00491777,31.20863906
30.00837778,31.26840025
30.03521969,31.26955983
30.00121326,31.26132654
30.04458238,31.22966365
30.03567774,31.212706
29.97470767,31.23757433
30.04505047,31.19120545
30.0626289,31.30679969
29.99167294,31.25814324
30.05249493,31.22212259
30.03986881,31.28699322
30.10658619,31.22852608
30.07231373,31.21170794
30.05554367,31.28400756
30.01431655,31.20127996
29.98056801,31.23736261
30.04612258,31.17829704
30.04448576,31.15300113
30.0182452,31.17563537
30.08789141,31.19770204
30.0792355,31.1783111
30.01059016,31.21425888
30.02700927,31.23339671
30.02972303,31.16733136
30.06914802,31.1641007
30.0867589,31.28479607
30.00103391,31.26690095
29.97387112,31.23414145
30.01898971,31.30488466
30.06061199,31.18968611
30.00083041,31.17164587
29.99896602,31.27200832
30.10487921,31.24971594
30.07104277,31.23204104
30.09678344,31.21672272
30.03749438,31.23816618
30.0118039,31.27934176
30.03653886,31.19875445
30.10564206,31.22611588
30.0699488,31.21656276
30.04004498,31.18093438
30.10646981,31.22335318
30.08581014,31.17219532
30.09530607,31.26309429
30.01726074,31.23150845
29.98531064,31.20242709
30.03675974,31.18335823
30.0601099,31.17391372
30.06438205,31.20056542
30.0433655,31.31652966
30.02841531,31.26489046
30.07272111,31.26679054
30.08040231,31.29557091
30.02011799,31.23521905
30.08681935,31.27426406
30.03413545,31.29587483
30.08480311,31.20915307
30.05032652,31.29907623
30.07591141,31.2873906
30.00937471,31.18134995
30.04091394,31.2563031
30.06398798,31.17464232
30.04728344,31.29858204
30.03402708,31.29341719
30.01608962,31.31059377
30.05670076,31.29353465
30.086507,31.18495624
30.0486388,31.29169232
30.02864532,31.15742712
30.03065957,31.16034681
30.06784143,31.27565692
30.03718628,31.23421501
29.98459312,31.26013128
30.04620501,31.19122646
30.02996896,31.24717895
30.01797312,31.16845914
30.09993635,31.22876091
30.07227767,31.25655434
30.01014627,31.29749591
30.06979944,31.29801416
30.05893528,31.21902503
30.03471329,31.20572647
29.99377492,31.2277785
30.05139259,31.16801091
30.02372236,31.25192278
30.08229563,31.21061704
30.04982448,31.2117138
30.07662894,31.20529019
30.03297157,31.18895266
30.07274675,31.30205417
30.09254988,31.20528807
30.05055721,31.3052658
30.05917768,31.22590859
30.05309231,31.18536952
29.98291738,31.23666603
30.08370708,31.21029488
30.06718211,31.31184065
30.02516248,31.25976215
29.9865401,31.22463055
30.08108679,31.18765412
30.07999528,31.17988064
30.00651262,31.25217125
30.02761168,31.28764915
29.98618043,31.20026832
30.03658884,31.17273734
29.99734585,31.20271852
30.06582898,31.21182637
30.05506107,31.15531764
30.01758329,31.26092398
30.06463222,31.26748951
30.01423483,31.17348051
30.05007149,31.29414699
29.97826362,31.23339685
30.09833551,31.19098597
29.97936467,31.22311551
30.09190184,31.1764414
30.10064435,31.23226467
30.10545248,31.19247307
30.0397593,31.27437986
30.03943653,31.2104632
30.0709278,31.22095935
30.08423475,31.2807197
30.03043164,31.169356
29.97415095,31.23467
29.97827437,31.22708106
30.00147344,31.18003572
30.0120846,31.30941577
30.00039948,31.2531122
30.07503703,31.24053934
30.00702928,31.2525632
30.01798732,31.21556535
30.11280616,31.24869316
30.08603827,31.26064946
29.99571687,31.1804648
30.03346655,31.27294874
30.07335231,31.25556896
30.02900778,31.28595228
29.97615492,31.24717765
30.02811122,31.27633601
30.09050472,31.26912995
29.99276586,31.21002876
30.0733434,31.2336653
30.01616551,31.23146799
30.08398159,31.26197677
30.00694554,31.26031397
29.99028493,31.28456927
30.10080258,31.26530599
29.99019466,31.24577234
30.07672683,31.2159309
30.02302258,31.23823825
30.06898246,31.22400854
30.00701827,31.27005926
30.08423761,31.25290511
30.07704138,31.30190113
30.03753964,31.15267878
30.09205869,31.23326154
30.08661977,31.18241112
30.06978236,31.26739593
30.02771682,31.21364993
30.05549077,31.27790921
30.00432375,31.2932084
30.03423689,31.29199944
30.0155933,31.17211729
30.05646199,31.23918667
30.09798105,31.22433955
30.03833042,31.3095037
30.09323715,31.19711847
30.0736938,31.18142765
30.02686697,31.31656871
30.09394799,31.280739
30.0611397,31.19286802
30.07864611,31.24619686
30.08251464,31.20108996
30.03448352,31.23228563
30.01846526,31.16008331
30.0236338,31.1886256
29.98094951,31.20739179
30.05705459,31.21317664
30.02066117,31.29472271
30.08840743,31.25833135
30.08636197,31.20530635
30.11327724,31.2556455
30.05297493,31.30879661
29.99889589,31.25339333
29.987398,31.2714389
30.09189851,31.25115839
29.9872609,31.19648975
30.02308341,31.20795548
30.07887603,31.21795736
30.07070279,31.26071306
30.05023742,31.15879555
30.08162373,31.24441356
30.09781814,31.25308249
30.10732236,31.20639865
30.03768051,31.30939678
30.09518201,31.24411845
29.99368306,31.29004004
29.98624702,31.23074334
30.05043814,31.28645964
30.05828463,31.17363528
30.0604876,31.31251189
30.09921308,31.23553397
29.98167941,31.25305247
30.05740925,31.24538659
30.01834671,31.22422962
30.1025142,31.20350747
30.0859292,31.29224902
29.98730442,31.23477583
30.00554379,31.3031264
30.01415515,31.266198
30.01973505,31.22109602
30.07357913,31.2175575
30.09053047,31.1887813
29.99762885,31.19484787
30.03702902,31.31272102
30.02388148,31.17669059
30.04171346,31.25874152
30.00716511,31.22060135
30.11224542,31.23748868
30.04619099,31.21758218
30.08193544,31.17345647
30.0852092,31.21238148
30.04925982,31.18127145
30.05780164,31.27085961
29.98689738,31.25288979
30.05307042,31.18993756
30.07884024,31.19054813
30.11654,31.23935111
30.06967561,31.22370933
30.02118933,31.20634206
30.05277634,31.23819763
29.98247395,31.22394764
30.02537441,31.30262497
30.08642692,31.24688881
30.06558696,31.21948584
30.02682404,31.2859521
30.09892676,31.25378762
30.08444339,31.18570259
30.09993549,31.27904745
30.04193841,31.27936973
30.01426035,31.25058179
30.09961616,31.2889456
30.05554524,31.24066079
30.10630029,31.22837251
29.99682422,31.27898495
30.00950047,31.18246248
30.04800442,31.18589452
30.05259249,31.1722131
30.0735064,31.30560404
29.98542955,31.19758111
30.08530808,31.3006406
30.0473389,31.22195551
30.03920901,31.25304971
30.028514,31.1689952
30.00947434,31.23844601
30.00273678,31.28746948
29.99795366,31.19752057
30.07926272,31.28941533
30.04121802,31.16663142
30.05929073,31.20317399
30.10686897,31.2667804
30.05348456,31.31438215
30.00206703,31.27884268
30.01257545,31.20397507
30.01882648,31.24595044
30.02993331,31.1783739
30.09326872,31.20701074
30.01218066,31.21673473
30.05548241,31.19439147
30.02686391,31.29387326
30.02096586,31.21447735
30.05636822,31.26950077
29.98737672,31.28002297
30.06446655,31.31150714
30.10447428,31.19037597
30.0716945,31.16533997
30.03112128,31.26285435
30.09032347,31.27020648
30.09106057,31.22050999
30.0212798,31.16913393
30.02703722,31.29224421
30.04448629,31.27018399
30.00350979,31.24272954
30.00368534,31.26956631
30.05956596,31.24144735
29.98094235,31.27296065
30.10486006,31.20203824
29.97393849,31.23320757
30.04171028,31.1526806
30.0066376,31.22672976
29.99031098,31.19072401
30.07736769,31.30426485
30.07131141,31.2621698
30.0662859,31.23085638
30.08300187,31.28803961
30.0435442,31.29229405
30.07852865,31.27120554
30.0512471,31.1652061
30.10608928,31.21628582
30.03659533,31.29298987
30.0823254,31.28253209
30.01923521,31.18543062
30.10987109,31.20038945
30.09900494,31.18369537
30.01718359,31.20894125
30.08296887,31.25103778
30.04174472,31.29010239
30.0921279,31.2021895
30.08569256,31.26244448
30.08920655,31.2210726
30.05118924,31.17732496
30.07950613,31.29465424
30.01615921,31.18727044
29.97593215,31.2481301
30.03291143,31.185351
30.05390873,31.3106938
30.02081845,31.20698421
30.06268354,31.22342221
30.01486672,31.2176151
30.01520453,31.19689434
29.99198385,31.29285867
30.03673978,31.24364027
30.01422331,31.25233087
30.04292164,31.20990854
30.04177863,31.2026707
30.00551874,31.20765972
30.07503394,31.16354681
30.06487838,31.24561249
30.07936261,31.24335785
30.03510626,31.25160015
30.01776062,31.16151037
29.9864607,31.27194157
30.06654362,31.20157646
30.07114945,31.27308972
30.00372189,31.20909286
30.07927859,31.21480636
30.10614179,31.27183671
30.02612651,31.25965387
30.10775063,31.26642789
30.07049628,31.28061499
30.0784153,31.16888622
30.02557374,31.2345774
30.0706148,31.29542366
30.08451069,31.23676788
30.02953608,31.26521037
30.08525112,31.25731812
30.06049979,31.16930748
30.03764503,31.24792244
30.07965148,31.28517531
30.03616655,31.21676879
29.97998271,31.25515548
30.04753752,31.2078369
30.00293691,31.18589306
29.98835158,31.18461716
30.06592963,31.21125594
30.06851002,31.27612793
30.05570465,31.30479583
30.03845863,31.24517848
30.07830842,31.17300352
30.08552121,31.29572233
29.98752345,31.23223369
30.02714329,31.27731485
30.0050282,31.27252629
29.99220107,31.22275225
30.00525862,31.23946328
29.98527006,31.2440402
30.0328519,31.16717667
30.0274416,31.17268114
30.05035848,31.19031495
30.01000123,31.27714968
30.08923992,31.25625596
30.04385757,31.20533096
30.0673357,31.16153589
30.02505876,31.15928354
30.04598311,31.24455731
30.01577515,31.2435241
30.06305057,31.22985077
29.9780662,31.23621691
29.99811946,31.21119296
30.05692446,31.26622711
29.97968755,31.23902528
30.08446785,31.18829567
30.05332564,31.27136869
29.99708904,31.18520741
30.00991125,31.24812697
29.99105733,31.29185332
30.07218748,31.27089571
30.0650496,31.16624527
30.09781536,31.28606094
30.07032628,31.16040296
30.06581708,31.23600575
29.99474108,31.26548523
29.98064933,31.20180836
30.05075137,31.16376672
30.03016975,31.17822459
30.08609187,31.24753565
30.02317016,31.20461181
29.9871272,31.18693384
30.07696004,31.17031884
30.01788925,31.25209839
30.04906177,31.20563609
30.03485275,31.26000081
29.99367482,31.26344437
29.98773865,31.26446062
30.10657124,31.22999559
30.03230761,31.25114224
29.99315625,31.2892872
30.10775816,31.24595883
30.07698922,31.28223632
30.00168653,31.17604803
30.00112087,31.29028028
29.97620445,31.23088731
30.02304541,31.17367431
30.0704611,31.23210162
30.06176008,31.29851568
30.05816355,31.17907139
30.08836512,31.23073273
30.10505726,31.23828752
30.04154257,31.15280755
30.02560608,31.27709911
30.07409658,31.16478863
30.00846759,31.27515156
30.08192,31.28886746
30.10303685,31.26135969
30.01056208,31.27924847
30.02694774,31.22047335
30.08713719,31.26497545
30.0432825,31.31794472
30.03173158,31.30353616
30.00755789,31.21589172
30.08676735,31.17661643
30.07883462,31.16325165
30.02847158,31.17944483
30.08487411,31.22507967
29.99292908,31.260643
30.00963588,31.17394266
30.07162751,31.27812966
29.98248816,31.21600791
30.07817305,31.18811592
30.0150108,31.30422285
30.0443957,31.23900134
30.0080742,31.19346018
29.99997346,31.20356437
30.06734518,31.21880523
30.04447825,31.22820248
30.1059679,31.27648101
30.09254729,31.23144497
30.006142,31.21459141
30.10876383,31.21577643
30.03637409,31.17797749
30.02318653,31.20721304
30.04776081,31.1802293
30.01912327,31.20052409
30.08064166,31.29615085
30.0051503,31.24117415
30.02476371,31.30566939
30.06151794,31.26957391
30.03553956,31.31830602
29.97953356,31.22705447
30.07922878,31.21142866
30.04358433,31.17368736
30.06597538,31.27337089
30.00363419,31.24878525
30.08274887,31.16898044
30.09488225,31.19404713
30.02147065,31.20750183
30.04375119,31.28167577
30.09886976,31.23018322
30.08462312,31.22961659
30.07939575,31.28686862
30.01990016,31.19567718
30.0633432,31.17966691
30.00692229,31.24752029
30.06385176,31.1970031
29.98792383,31.2445612
30.05982014,31.18823453
30.06117076,31.26891625
30.02299093,31.22478878
30.03335203,31.27375278
29.99691278,31.24990385
30.02252344,31.26943633
30.03099194,31.19885238
29.98426742,31.26985356
30.00599888,31.1896453
30.04338572,31.30645049
30.08141487,31.20377076
30.02158094,31.20619911
30.02837401,31.16332723
29.98914036,31.26227806
30.00804076,31.21238139
29.99192149,31.19766864
29.98381823,31.24276558
30.0113733,31.23131631
30.05251105,31.22396116
30.03155053,31.23060834
30.03258853,31.2677067
29.98713507,31.19470609
30.11119464,31.23273887
30.04962497,31.26759386
30.08941629,31.18887655
30.0435588,31.25000451
30.00237567,31.17603866
30.11271789,31.25084521
30.11253698,31.25405846
30.09929504,31.27647419
30.06064922,31.20556673
30.01254495,31.2003961
30.09377626,31.25189821
29.97256421,31.23127071
30.03538732,31.21437931
30.03822646,31.22254416
30.05766832,31.28521327
30.00108472,31.23815288
29.99520583,31.27455519
30.00988003,31.28974315
30.08365815,31.24658344
30.06893806,31.27361155
30.03079671,31.22372896
30.03107334,31.20467971
30.01104886,31.23508553
30.04755053,31.3045614
30.0318416,31.30940083
30.07410178,31.2937909
30.07489517,31.25278454
30.09421787,31.28072456
29.97562757,31.25412703
30.04486666,31.2387792
30.03548123,31.25958622
29.99933122,31.17302697
30.0327309,31.16832096
30.0620746,31.17649981
30.03550275,31.27112071
30.03619947,31.20920993
30.00889961,31.20669728
30.099714,31.18664175
30.01473516,31.23153687
30.05650778,31.1670848
30.053069,31.16963443
30.03178561,31.26127531
29.99976182,31.21495058
30.09966052,31.26282391
30.10311122,31.27734088
30.0998223,31.26406964
30.01773314,31.20839967
30.04768964,31.18914494
30.03565831,31.30599994
30.00819906,31.26085606
30.05234353,31.28470576
30.06045608,31.29170388
30.07659397,31.22014992
30.02536098,31.25596939
30.08913286,31.29366159
29.9736369,31.22135029
30.06646059,31.17848491
30.05042241,31.25951527
30.03162272,31.17767751
30.07371035,31.21422859
30.07538357,31.26201387
30.07134744,31.19437178
30.04598175,31.16992226
30.01137125,31.19038066
30.0472975,31.25070755
30.06772474,31.27944011
30.00036781,31.19495995
30.05696346,31.3173299
30.00318617,31.23555034
30.08275725,31.21382213
30.08700806,31.2235797
30.01614607,31.22012089
30.06322211,31.15640572
30.05535145,31.17821789
30.01444712,31.24812981
29.98837358,31.20448435
30.04245053,31.20791697
30.08261964,31.27519344
29.99991061,31.17040485
30.0656149,31.19165947
29.99987551,31.19095838
30.01044622,31.23760037
30.05537426,31.17266171
30.05291596,31.30989206
30.03355188,31.16146775
29.98572838,31.21714795
30.04311947,31.28420306
30.048076,31.17289072
30.03600814,31.31533811
30.00564366,31.20991621
30.07890403,31.19406312
29.98132474,31.26433762
29.9877386,31.25342875
30.09423559,31.27432091
30.07916984,31.2957477
30.0237689,31.21659149
30.03028747,31.16835647
30.03620365,31.24056132
30.00193433,31.26413161
30.00107128,31.20323018
30.06361708,31.30206328
30.01732926,31.2754699
29.98307291,31.24645476
30.0851683,31.18586876
30.04758123,31.31081768
29.9861878,31.28505341
30.02102313,31.21863335
30.10443684,31.25583572
30.04146607,31.21459674
30.09513332,31.18540557
30.06512539,31.16598225
30.10902606,31.20778
29.99874677,31.22953213
30.03259335,31.302342
29.98717815,31.22669371
29.99218029,31.18199946
30.02168303,31.30339425
29.98532632,31.19680998
30.09278071,31.28463374
30.09802215,31.28090953
29.97941273,31.20486971
29.98387936,31.21912557
30.05058109,31.19468634
30.0103347,31.17497485
30.06165967,31.25854059
30.09875005,31.22985915
30.07647938,31.17642656
30.08499519,31.28423801
30.10107104,31.21792525
30.04541366,31.30451515
30.09121381,31.18350976
30.10072256,31.2589195
30.06923503,31.25055327
29.99984997,31.29381768
30.06285701,31.2553541
29.98932561,31.2856454
30.03032765,31.15869722
30.06716833,31.15861983
30.01778472,31.19434806
30.08616623,31.21762357
30.09941025,31.20132286
30.08908981,31.17833113
30.04552718,31.21938613
30.05713395,31.27750676
30.03041981,31.31406558
30.03325514,31.18922112
30.08088956,31.22205407
30.0970957,31.25828525
30.01600258,31.29471351
30.09901334,31.18295044
30.07273365,31.24724278
30.00970341,31.20014133
30.00551795,31.2481412
30.03432657,31.28852158
30.08230025,31.25797856
30.0241787,31.19772954
30.09080705,31.21426629
30.00014654,31.20843486
30.02495802,31.31539483
30.03636616,31.21476374
30.00692419,31.20810635
30.07667999,31.25318081
30.03155331,31.27840418
29.9732462,31.22496905
30.04668891,31.31315264
29.978143,31.20797442
30.05537397,31.21986638
30.11209836,31.22306997
30.04889315,31.28385978
30.04349521,31.16999326
30.07339925,31.19848153
30.07433696,31.20103752
30.07942288,31.1734874
30.10944585,31.22801544
30.07138368,31.20429304
30.1070367,31.1969944
30.08592762,31.29627085
29.99830712,31.2088829
30.10847414,31.27043809
30.08474088,31.22464292
30.10526846,31.22947284
30.07614951,31.16821922
30.04206432,31.31572281
30.05239636,31.21176915
29.99285799,31.23493972
30.04310918,31.28013432
30.02628121,31.30516667
30.01053152,31.27410367
30.05941129,31.21599344
30.08554323,31.3032099
30.08561116,31.29154818
30.02857894,31.1709626
29.99628222,31.2786024
30.05729446,31.2172232
30.04511328,31.19646518
30.06746017,31.1842992
29.97895797,31.23932246
30.00381199,31.1732156
30.07128336,31.20781211
29.98806347,31.28609636
30.047834,31.2662158
30.09596247,31.18844687
30.07726707,31.30318534
30.00749714,31.21226608
29.98273146,31.24744481
30.09153698,31.20142977
30.0091972,31.24762837
30.0501406,31.16978928
30.01691315,31.20317936
30.07554046,31.26169836
30.04103937,31.16675568
30.08013694,31.24946273
30.01978528,31.26638748
30.07515734,31.28908582
30.03652278,31.21733128
30.03507679,31.23244961
30.08210325,31.16510499
30.00820886,31.2931402
30.0640798,31.24748277
30.01859268,31.26397438
30.08318851,31.27544084
30.07333381,31.19102996
30.09054161,31.25016777
30.01192295,31.25051049
30.06128468,31.25917373
30.13131769,30.19538955
30.67490279,29.8199236
31.1621464,31.12712673
30.74728466,30.08560235
30.8059924,31.10565299
30.7915012,31.22481611
28.97685121,31.34056873
30.50036095,31.36815285
28.69844987,30.66875588
29.90578307,29.79896454
31.05010255,31.22276138
31.32454142,31.38931781
30.40722608,30.69279864
30.42318849,31.77438179
29.02268535,30.47597325
30.31841359,31.45672679
29.76642349,31.2319061
30.41549708,32.67608368
29.86865709,30.54116227
30.18623146,31.31722024
29.66508759,32.43832964
30.63178814,30.35640582
29.3275576,30.32354793
29.70864674,29.8385988
29.81251175,30.45726579
29.24776789,32.00916893
30.86523696,31.71879565
29.98575596,30.7108894
30.8342603,29.99368645
31.40551953,31.56501933
30.25497657,31.9441963
30.86838201,31.30335348
30.04380824,30.09136413
30.08263874,30.14322669
30.50289271,30.71966287
30.88693067,32.10671773
29.90213382,29.98711644
30.66338715,31.49490484
30.19410515,29.62421803
29.50513723,30.18888351
29.94879699,30.46980052
29.94311648,31.28646893
29.98326525,31.72433014
30.18705611,30.39777826
30.24683263,32.14527811
30.45397153,30.77133405
31.08200468,32.26161812
29.8558233,31.89072773
30.08985358,32.80093486
31.13832913,32.09173646
30.28266546,31.46955335
29.34202482,32.11284122
30.27385248,31.81204214
30.38166512,31.2584705
29.15806346,32.53236489
29.76446331,32.50993689
29.56605492,31.0195492
31.19123716,30.3593701
30.71000648,32.13745858
29.56535056,30.33517152
29.84484749,32.5944744
29.94646462,30.22111791
31.12361234,30.40275365
29.73499975,30.47523404
30.53813134,31.09105332
29.51949586,29.72964782
29.13052511,31.47045293
30.89573169,30.60930331
30.8038761,31.2079565
30.09249956,32.5537682
29.94973162,31.09187655
30.14733607,30.35998749
30.83504937,30.36986404
31.08366984,31.56248562
28.90626381,30.79414742
30.37021831,32.27129126
31.12554571,30.42742988
30.56417088,30.44380215
29.45819607,31.87562132
30.76253714,31.98653247
29.12332825,30.77051141
29.04103936,32.30438624
28.87402322,31.19693444
29.61064261,29.74629604
29.0193612,32.16114624
29.27695239,32.15173224
31.16393888,32.07957707
30.46219235,29.75598048
30.94002843,31.04090412
28.91155705,31.56982353
29.10410847,31.17527179
31.26300199,31.47781849
30.75959292,31.44971982
31.26039167,31.21681162
29.09968272,31.0383297
30.46341495,32.49390665
30.57192819,31.24731321
29.20578194,32.55621674
29.10395084,32.15745278
29.88173533,31.25526322
29.35463593,30.30827557
29.45724355,31.61843328
30.26477873,32.87152148
30.53769499,30.94132039
28.87720895,30.47035988
28.81995048,32.01539008
30.75758168,31.05410277
30.92203795,30.51187969
29.25804139,31.57052671
30.60361619,30.1111493
29.93465546,31.21032582
29.69542707,32.58821543
29.57125468,30.3741634
29.16781448,31.98750183
30.03508671,32.73004405
30.9822331,31.34871136
30.47298234,32.00087049
29.89095248,30.26099943
30.03848608,32.18353866
29.76136084,32.02524181
29.00562255,30.57168934
30.52793654,30.92357653
29.6996031,31.1083656
30.77846198,31.7437098
29.12361439,31.56345197
29.57410034,30.26593394
29.57783933,32.4515127
30.01073058,30.98032158
29.56919899,31.06388516
30.82344784,30.24959764
29.69146095,30.18579516
29.92312816,29.99567724
30.36386791,32.30848772
29.21616836,32.25997391
30.7475849,32.28763135
29.75932376,30.39673845
29.14520842,30.1025539
30.23679588,32.71757013
30.08796686,32.02068099
29.87001713,31.11517647
29.59592615,30.97646679
30.16119508,29.92851308
30.97710165,31.85321568
30.63911826,30.05108855
29.87418597,31.8045338
30.42446731,30.47243695
30.04707357,31.04913798
31.22053688,31.15767774
29.88399287,31.78663735
29.66931532,30.43873819
28.67999762,31.2111497
30.5898171,32.20293574
29.69975323,30.77361332
31.11046271,31.44061097
30.13474905,30.13792796
29.95186361,29.97980377
31.05047781,30.34636373
29.23641895,32.60495636
28.74898452,31.22535041
29.80051607,31.60616843
29.85623337,32.75256642
28.93479385,31.88702098
31.14265932,31.28272531
30.88368681,30.26400847
29.87426308,30.20123821
30.48986631,32.00792333
28.85485608,30.74863275
28.75862374,31.44310472
29.27092349,29.85972808
29.47415178,32.1109584
29.03551685,30.93282057
29.36123948,31.79348721
30.74994214,31.89303609
30.46318766,31.89944195
30.10749789,31.40915759
30.88735723,29.97447044
29.55677535,31.73450611
29.55714317,32.70454001
28.80086527,31.8066506
30.27378674,30.73005519
30.50663566,31.72910699
30.17797036,32.45892142
29.07535541,31.70474146
28.87004515,31.65069918
30.53463095,31.53148511
30.24100432,31.50656996
29.41076115,32.69947794
29.87338373,29.67824668
30.61507564,29.82809038
30.02864246,29.6968143
30.85627695,29.91941655
28.86064194,31.05840779
30.79841212,29.91596176
29.89132102,30.20832298
29.39019051,31.40286694
30.53007447,30.83985076
29.12171868,30.98390431
30.56688968,31.76143511
30.93297976,31.47787236
30.0063463,29.92566069
28.83225753,30.76029113
30.03193871,32.70803652
30.20767276,30.46458628
31.24586885,30.83420011
30.27163222,30.91529602
30.40962815,30.20372077
29.47774657,31.93666946
30.4950678,31.34251484
29.47689644,32.2956053
30.431478,30.72986849
30.33342421,30.77195682
30.64010967,31.10915139
29.60817814,31.75286488
29.97768109,31.49978607
30.11204515,30.04529521
29.10700437,32.05776409
30.59392806,30.82974351
29.89909365,31.88101019
28.9246684,30.86246494
30.97049259,30.59046201
30.42038819,29.65938822
30.59955796,31.90653419
28.69796998,30.89392193
29.53626574,30.99260582
28.98862024,32.24429213
31.3225457,31.84940126
30.63073603,31.22883601
30.1369287,32.40189838
30.11230401,32.54043721
29.53044131,31.47749241
29.48760407,31.57337221
28.78201466,30.58280873
28.78326985,30.7408698
31.12206995,30.77275787
30.01547749,32.70843359
29.58599693,32.40002496
29.65806049,32.26311379
30.11237704,31.06768548
30.42456865,31.68791821
30.70987379,32.62955781
29.24619673,32.27951448
31.30122016,31.04016169
29.25894011,30.15505949
28.85790656,31.35760405
30.84275308,30.63857433
31.45010716,31.06062007
29.46684641,31.10157724
30.49438341,29.85228037
28.7681309,31.45388012
29.10063286,32.48247382
30.29013586,32.31718232
30.19648453,31.93407879
28.64087857,31.49558072
30.34661813,30.98354376
28.65810237,30.78899725
29.62989146,32.1683503
30.54931931,32.24094804
30.58711451,31.16448121
30.39782471,29.89528597
30.68356954,30.87882579
29.07061181,30.26141211
31.08509442,31.08342024
30.64118748,32.03372348
29.84375451,29.91708302
31.32349898,31.74231595
30.75606353,31.15400425
30.06261286,29.56858182
29.72134404,29.84550887
31.06698076,32.12008486
30.50015952,32.28512494
31.28234587,30.50726327
28.71512536,31.29553103
30.23319691,32.77204684
29.98152339,32.09222378
30.7686377,31.82107401
30.02853129,29.71484841
29.79252309,31.6365178
30.36639017,29.99340178
28.89125362,32.0530962
30.88626784,30.6730179
30.0829166,32.03181993
28.97901245,31.93956348
29.70157691,30.75091295
30.71955587,31.46414393
29.76808673,32.76420675
29.83708812,31.53877367
30.70924798,29.98913528
29.83056067,30.89450255
31.28231088,32.02377886
29.65812569,31.41067519
30.56111878,32.23792222
29.92302464,32.86932437
29.63876237,30.03528449
30.55438739,30.16776988
30.99482165,30.393193
29.36016868,31.15643173
29.85410039,31.53400596
30.23233684,31.89905891
29.61101925,29.66326616
30.06326989,31.68873808
29.34597378,32.40333459
29.71999224,30.14647422
30.54964341,30.48232382
29.97334661,29.68927852
29.54959553,30.48890755
30.850633,32.35933509
30.23472105,32.08996164
30.32354089,30.68198887
30.15637849,29.59744411
30.68085679,32.58960928
30.66515115,31.44279599
29.77951473,30.03811938
30.02680351,32.21628129
30.21936315,31.4054068
29.23428209,30.32322623
29.31195624,30.9874754
29.05765273,31.50599858
31.17854325,30.79828021
28.89717662,31.52250848
31.00976821,31.91508862
30.50775154,32.08737848
30.62884028,30.33249039
29.95568721,30.4655856
30.58456795,32.58991534
29.4710035,31.85269118
31.15936731,30.90560076
31.14284828,31.13198077
29.52838414,30.37773985
29.90847134,31.21093165
30.40685185,31.56190283
30.28424985,31.5249957
30.09545951,30.32209425
29.55819707,29.74352928
30.81028484,32.59147553
30.23990787,32.18288152
31.2182522,30.39273463
30.12954017,30.49667798
29.68394239,31.26338865
30.58089219,32.53103218
29.05215551,30.38273956
29.06962437,31.83354332
29.04879828,32.16659759
31.45126309,31.18239279
30.03898478,30.9911242
29.969687,31.75223262
29.88687342,30.70087918
29.67993373,31.79269278
30.53915588,30.89369107
29.71505944,30.6192963
29.93531035,30.32125868
29.95946537,31.77190519
29.76715558,32.30830736
28.97111921,30.87447398
30.08302286,32.72306767
29.394704,30.91369892
30.62518833,32.44708654
30.02510812,31.83094615
29.6570912,30.14589299
30.4112557,29.96316028
30.94696472,31.15897212
29.60561605,30.68019116
30.84300626,32.31497918
31.25321322,30.78381923
30.17097554,31.25694794
30.72375211,32.5077038
31.2779882,31.85325933
28.96558584,31.73541124
28.77829994,30.89313545
30.51909813,32.80822717
30.82015739,30.86516388
30.73490438,31.81665633
29.98423391,32.15935082
28.80008246,30.48452558
31.27788309,31.00225356
30.14381068,29.80596165
29.4989989,30.93151068
29.90072013,32.38358315
29.99207642,31.35136252
29.49434755,30.41026231
30.29664425,31.63414496
31.44421821,30.92636546
29.52032313,30.69399952
29.94774115,32.76945971
30.14026973,30.92800314
29.22313959,32.02200166
29.38673707,31.16324947
29.45249682,32.58646413
30.60086411,32.52315745
29.84911498,32.83889489
30.41081384,31.65051505
28.85446582,31.81410793
29.4356929,29.89358937
28.82166906,30.99570073
31.21713409,30.41338059
30.19159666,29.68874721
29.61423574,30.66694955
29.19606082,31.78836979
28.75678357,31.95155006
28.63506653,31.54711484
29.28425329,30.63664795
30.53674288,31.47543605
30.82683694,31.69925834
31.01859355,31.16781113
29.3817063,31.99870695
31.25658595,31.53296013
31.28790299,30.85085321
29.66201998,30.56270708
29.27447988,32.13372063
30.99677761,31.8912768
29.44836864,31.49173079
29.831984,30.64482257
29.57273358,30.49257457
29.35756647,31.97710788
29.09335771,32.09332319
30.83311984,32.18831695
30.0528613,32.78692854
29.28515304,31.02590819
30.82451116,30.58808888
30.52184081,30.28642173
29.79148006,32.5698297
29.76393242,32.55959578
31.3078759,31.1357044
29.89680501,29.90756353
28.97764078,31.20006692
30.96632878,31.08420354
29.86795008,29.80020836
30.35977334,31.91603925
31.10535585,32.25459985
30.76757892,30.69848893
28.97432863,30.50563673
30.14095494,32.8832943
31.10931617,32.02173497
30.83181583,30.84494073
29.82833339,31.02981505
29.82682228,30.40065096
29.6433959,32.69778027
31.06150517,31.89175042
29.36632084,31.02197739
30.30437357,30.64391077
30.15969149,32.27890768
30.72822417,32.17218138
31.0165932,31.02377455
30.9194771,32.38789436
30.92756395,32.29139116
30.96397246,32.41184228
30.49495866,30.96052673
30.84470755,30.18855814
30.01131119,32.56141463
30.68308637,30.58957093
30.5435268,31.66642103
28.84483137,31.61541154
31.15242015,31.24379971
30.24490953,30.36977257
30.53096317,32.42214105
31.30599213,31.58951998
30.99707675,32.38334714
29.27443956,31.83180075
28.80271612,30.84618478
29.5102985,31.4210998
29.941588,31.63309066
29.03196597,30.91450715
29.13322469,32.24785602
29.37037661,31.04621337
29.40885759,30.69909542
29.35095875,31.33231812
28.93125773,32.2552002
29.20616481,30.37903081
28.90042296,31.09592043
29.22356991,31.83057558
30.78578975,30.7315675
30.30135021,30.96464131
30.94935684,30.17050118
29.70965313,30.7875636
30.2941902,31.0215766
30.95660592,31.79188743
28.98915998,31.50572039
31.18832542,32.14637184
29.17533956,31.02447889
31.19026019,31.74764662
31.03747454,32.26525033
30.43171113,29.8561015
29.38225338,30.99206328
30.06946523,31.80718198
31.27063142,30.71461663
29.00576436,30.98117836
29.91298163,29.92890961
30.10793712,30.68099484
30.48909921,31.99173636
30.46655059,29.79128228
30.12527582,29.61534398
29.44748444,32.69778286
29.60851939,30.59523391
30.24174124,31.82724235
30.44381272,31.31057898
31.43789008,31.07699712
29.19320795,30.97759982
30.5868348,31.0835603
31.32011561,31.41610552
29.67403142,30.03183472
30.8748426,30.60120469
29.58207957,32.0869149
30.00311611,31.84863566
29.39886211,31.83388229
29.85286099,30.29307896
30.97443439,30.16528609
30.21854481,31.470022
29.39765811,29.9660144
29.58778436,31.51788047
30.63201528,32.47136417
29.5367381,32.6983642
30.52265563,32.24148663
31.09907377,30.48705704
29.74184249,30.47153905
29.59075946,32.31305564
29.14180782,32.33824492
31.18356267,32.01585828
30.28343314,30.92514779
31.35330297,31.06670839
29.03590038,32.00318569
29.72450885,30.82144898
29.06747136,30.25240064
29.88540763,30.12985772
29.25674244,31.63901777
28.97433815,30.63494969
31.00196739,32.30360106
29.74627285,30.7027039
30.24095061,29.61925894
29.20034574,32.10938755
31.28122518,31.02193851
28.96588916,30.85636139
30.29748932,30.53530152
30.25892598,29.58653381
30.00314839,30.80416208
30.60759032,31.77627963
30.12217624,30.73221213
31.3109857,31.02139511
29.61777037,30.11305254
29.46522605,30.80753462
29.56787391,31.53858309
31.064884,32.24587403
29.69281914,30.84177698
29.27121034,32.12897396
30.64753469,32.23162745
30.53720633,31.29138691
29.0526767,32.35604096
30.73475608,29.98297675
30.61461117,30.62648576
30.59858546,31.2054523
29.15778739,30.8956721
30.36236072,32.69719326
29.54298405,30.01089718
29.34037615,31.20224583
30.13637374,29.80192222
29.92585731,30.28349194
28.93443561,31.68977639
31.11382773,32.35024667
30.6764025,32.36510395
31.11505546,30.56066715
29.78875787,30.36542939
30.79947503,31.9946231
29.75556497,31.43559044
29.95555076,29.9959439
29.36375108,32.03466445
29.90541707,31.43288738
30.77593261,31.7955539
29.66241223,32.32496361
30.46678081,29.65736736
31.00741833,30.46827351
29.51640282,30.51351869
30.73298651,29.97655032
30.3249562,32.85387002
29.90924866,31.78492351
29.30048955,31.05282901
31.35937613,31.22803939
29.97749233,32.66262924
29.9553868,32.5116364
31.18540051,30.35502371
30.50158286,31.02159068
31.02879508,30.35627142
30.40645516,29.68117339
30.81392683,31.93097562
28.83491758,32.02661705
30.16373013,30.8101009
29.7336362,32.0145352
30.56505954,32.51745477
30.02948118,30.92986553
28.95645253,30.59397294
29.73098969,32.72921033
29.44252701,31.23529477
30.71274329,31.08745216
29.8085543,29.68088824
29.00957225,31.92260597
29.69022584,29.7697085
30.42413583,30.63502546
30.72764728,31.16336942
29.96874169,31.03968888
30.18228595,30.17712992
30.80910858,30.20682991
29.89604445,32.82010501
29.01323457,31.56723607
30.63365061,31.61294044
29.74353322,31.10772261
30.46787053,30.33674173
30.05648035,31.81883179
30.86873151,31.1299876
30.05239274,31.80764001
31.20011132,32.11579144
29.21028229,29.89037867
30.52629197,29.6607188
29.84611007,31.95837397
29.71067878,31.06404147
29.69311239,30.00537337
29.25659591,31.75727035
30.05964152,32.34882978
29.68234165,31.72238491
29.76034765,31.4770294
29.26299379,30.8109838
30.12091895,31.57715885
28.8426816,30.53101261
29.04042316,30.67917794
30.02159714,30.48014756
28.8299318,30.73568191
30.52558685,31.30460023
31.19162884,31.00819678
30.14579786,32.28972776
29.12829047,30.01746385
31.10188514,30.48531078
30.57538804,29.85630626
30.3685005,30.80015403
29.37413683,30.25761736
30.8278396,31.55593775
29.8583474,32.0814171
30.55734675,32.5287774
29.50781123,30.68963321
29.23447526,32.03453153
30.28998467,30.0298628
30.54649541,32.57712504
29.53809769,29.95495097
30.24576187,32.75590759
29.97657814,30.94671199
29.37890664,30.82566542
30.73333872,32.2140613
29.84624964,29.77897938
30.42049263,30.06072389
30.95037019,32.02109978
31.1095537,30.4820858
29.4485739,32.47008932
30.92051389,31.11343133
29.00680549,31.41264287
29.4507075,29.8461068
30.87843605,30.42260116
30.97027108,30.12279786
29.6554532,30.42773013
30.66926977,30.69854458
28.8899844,31.35724113
30.54016196,31.92561801
29.9994138,31.28307814
29.03681373,31.12094945
29.89470691,31.99839348
30.71336103,30.27936378
29.6876874,30.5869943
29.66942254,31.90552803
31.00013943,32.1882483
30.67873509,32.7057656
30.98694715,32.37791632
30.34218176,31.07849899
29.02956222,32.06168713
29.46777241,30.43691019
30.6301706,31.91188599
30.64428509,29.71368341
30.11838023,30.27850092
29.252143,29.99094411
30.84162975,31.43670383
31.36529475,30.75788472
30.34400694,30.55313967
30.70809589,32.69501569
30.1179862,32.6430813
31.443693,31.07439717
30.18379686,31.45548951
29.01366418,31.32707769
28.93026507,30.90956138
29.30863987,30.71048941
30.56474876,32.48123811
30.42994326,29.80956178
30.01362759,31.43991341
30.34036231,31.51747096
28.70929241,30.84200826
30.34598236,30.75212125
30.69816284,30.21836106
30.18487731,32.33617011
29.57266522,31.34317126
30.84268375,30.59249646
29.35285623,30.50626002
30.22183573,29.75382088
28.92395215,31.91427385
29.7851775,30.50934914
30.38603097,32.68570497
28.79870954,30.91555772
30.41974042,31.41666374
30.34428009,30.19374139
29.77980972,29.70800392
30.77161067,30.12486529
29.56659301,30.40408692
29.3561429,30.6722296
29.72056094,30.21836072
29.47785122,32.08000786
30.63772126,30.54664004
29.40774137,31.68583472
29.81028985,32.30137073
30.01091079,32.78708109
30.65975672,31.09278397
31.06940298,31.40290954
29.66125696,30.0204564
30.17682336,31.90909044
31.17591084,31.77786418
30.6519683,32.26253656
29.19876648,31.06382816
29.87239243,30.68043632
30.11994821,31.36086087
29.46123715,30.28155544
28.66977287,31.63697087
30.0249902,30.74623157
29.64792433,32.47861375
29.76883603,32.35908263
30.24794043,30.88472012
30.15264589,31.63538979
28.80380375,30.92088265
29.36832731,31.6137642
28.94378622,32.18084058
29.78092034,31.14129666
30.90309616,31.64320604
29.65680313,32.63438714
30.50792819,31.34709975
30.19348768,32.56884364
29.9925848,32.4380568
29.48728259,29.92255046
30.74159444,31.25370591
29.48530329,30.28734716
30.80880144,30.0836864
30.75887833,29.88509063
29.87573428,30.56051588
31.02744935,30.30613011
30.40293855,30.63654159
29.96870215,29.87980259
30.65779515,29.8611377
30.66273864,31.70120595
29.16923245,30.97303488
29.61204054,31.74877447
29.427747,30.11739173
30.91054266,31.92691927
30.82926179,31.64555909
30.99868363,30.00505003
31.32121089,30.51033051
29.18995467,32.40820102
30.26510638,32.30326855
30.49686227,30.86476965
29.85153361,29.77784412
29.1065737,31.83363201
30.98954211,32.04019794
28.93791575,30.42104151
29.99062446,30.21366343
29.70964108,31.84092066
29.55571593,32.77665246
30.75078496,29.95128393
30.3886059,31.0589644
30.36246763,32.24799401
30.62195279,31.0045906
29.38108783,30.19829134
30.01410829,30.47516931
29.54837689,32.20054566
30.92076779,31.47589192
30.98197299,30.7155528
29.84543364,31.09666107
30.91057947,32.09571019
30.63465445,31.84340038
30.35535274,29.66696897
29.40133391,30.18155697
30.45449891,31.74687883
29.89050741,31.7539475
29.51098895,31.27164721
30.57585562,31.57812854
31.2708608,30.4085666
30.77335062,30.00376487
30.92231356,31.20749033
30.26592713,32.71164719
31.25117879,30.55163204
29.43813015,30.92515405
29.61504916,30.56568991
29.0428464,30.14515326
31.19516228,31.29228377
30.62605299,31.86280138
29.24227296,32.0794264
30.5809842,31.06628405
31.26030023,32.1124366
30.9253459,31.86192364
29.31050128,31.45459689
30.56175429,30.5419673
30.22717691,32.29518276
29.85812162,30.38104841
31.09267011,30.28400861
28.80285386,31.51255732
30.58825347,31.47588753
29.35081778,31.24839095
30.02692701,31.26758561
31.30089887,31.60154346
30.93292217,29.91727457
29.99068626,31.61912144
30.81276401,29.81647649
29.39694774,32.04234708
29.58591163,32.6909333
30.05473801,31.62755862
31.0148329,30.62851804
30.31549195,31.56713817
29.71724687,30.46467968
31.10439625,30.50272022
31.24948795,31.01159441
30.90331528,31.9493812
29.55772721,30.54718088
29.27474124,31.93334495
29.35382308,30.60702066
29.48566674,30.54280874
29.47936172,30.36306571
28.75868709,31.02606096
29.01392554,30.58004862
30.4076328,30.44202828
30.11092278,30.33390648
30.38282741,30.40410829
30.73943194,31.22164241
29.22835743,31.26283794
29.57686903,31.1907133
30.33963444,32.21641748
29.74796299,31.25034966
31.15328892,30.33036712
30.66252201,31.73398589
30.41927514,31.64538444
29.03219327,31.35272991
30.98801942,30.54600835
31.18291755,31.13834141
29.48692058,32.48447898
29.60382666,32.68537992
31.37743967,30.98429733
30.36491073,29.86201564
29.99835644,31.14312374
30.24397401,30.87824939
30.75998406,31.68711779
29.35209842,31.61436456
29.81299671,29.84422428
29.99207401,31.16389287
29.78267837,32.63042427
29.97910699,32.64487257
31.42367849,31.26436708
31.11272619,31.41873336
29.32622163,30.56224597
28.79549425,30.40856983
31.07641267,30.6384031
30.73862512,32.64675356
31.14669498,30.47100702
29.26679033,31.7449581
29.1565653,31.35063695
29.79585289,32.87029591
29.87112085,29.71590481
30.28126682,29.93686851
29.0833229,32.32002275
30.63037804,30.66758492
28.86476946,30.54929605
30.10287707,31.77047002
31.18694281,30.59168409
31.27306847,30.89780013
28.90636026,31.95203453
28.77695342,30.81352551
30.05698593,31.91633304
29.15872395,30.7088207
30.07484899,30.30661934
29.6831021,32.21008269
30.36781396,31.38537029
29.53315434,32.16778279
31.14947364,31.349922
31.07381273,31.93999919
29.29293351,30.95704283
30.76254544,30.61052142
31.25779158,31.6886483
29.98505222,31.51252718
29.52269436,32.39712334
29.47746248,29.95462784
29.54239403,29.78874624
29.98592394,30.9920094
30.61945892,30.69670345
29.01214575,31.20428143
28.9471404,30.32357444
30.11859486,29.80742143
30.29434433,32.17169694
30.28503169,31.13099119
30.80081191,30.59454347
30.16865359,30.15287469
28.76705522,31.84517589
30.56713665,30.63133801
29.74685927,30.44967823
30.7438675,30.76383871
29.60175538,31.89058442
30.59688292,32.74279491
29.28430411,31.38552658
30.77632907,30.62587242
31.12527001,31.15798272
29.49575145,31.09157546
30.50319023,31.35113971
29.75572715,32.58279293
29.84184358,31.14806774
29.26532306,30.1675628
28.89217907,30.99606817
29.47788469,30.13100888
29.86998263,29.64412281
31.46077077,30.95089321
30.68895049,31.18680548
29.51024221,30.29417088
30.3650499,31.22735893
29.06678727,30.93123489
31.31568549,31.58524301
31.21102761,30.58768904
30.13244296,32.7067866
30.59810177,32.54179444
28.62453417,31.38807376
31.07926657,31.41912151
30.62286591,31.00837668
31.10846162,32.03976189
29.37984259,30.73190762
30.8211226,31.36936272
28.86943376,31.48830101
30.54623549,30.7216558
31.07454539,31.39723725
30.46974756,30.52444369
30.1736307,32.72247293
29.52681679,31.04112598
29.83836586,31.70872486
29.9373796,32.85838965
29.9907363,32.64246076
30.94202365,30.48755426
30.49934159,30.96958526
30.15600328,32.64897396
28.86557549,30.8302569
30.66837585,32.70221202
30.67691217,30.60019947
28.64701631,31.08099395
29.9334246,32.25006176
28.7801364,31.49422778
31.0509093,31.8478773
30.49795346,32.16581859
31.15792771,31.37568488
29.49667301,32.37844556
29.61780697,31.10286092
31.01323066,31.69204703
29.66016362,30.73066942
28.65091051,30.92703882
29.86738048,32.04949744
30.00204698,30.51457064
30.8382452,29.96441375
30.52935083,31.13345946
29.46729216,32.23196163
28.92781547,32.27813956
30.01663889,31.15268789
31.35166267,31.85523345
29.05243985,30.89276998
29.65553279,30.27844607
30.89751322,29.98221818
31.34569619,31.59794358
29.04670343,30.6103684
29.75166224,30.36221158
31.06769681,32.15221411
30.18944173,31.32455902
30.42499362,29.7360552
29.62436231,32.69328833
31.24598616,31.6481782
28.62873102,31.53015972
30.1049526,31.96639643
29.2370542,30.75724957
30.86303941,32.2840975
30.64672754,30.75661819
29.01402536,30.7702922
29.56208142,30.46337864
30.70422259,31.72426751
29.74343156,31.61212585
30.21229704,29.57619787
29.14080219,30.29321093
30.70384925,29.84915064
29.95663782,29.76013482
29.90350701,31.15459673
31.10130267,31.8445399
29.33354502,31.60457423
30.11411436,30.360999
28.7447213,31.37841135
29.42231993,31.90360779
29.18188746,30.03336346
29.68750569,32.49955038
31.3013251,30.56695372
30.01898595,32.53379343
29.39915373,30.33481407
30.98648279,31.55435603
29.74553289,32.27171587
30.67985804,31.84407359
29.8890312,31.71526823
31.38440399,31.85130272
30.03065396,31.45012636
31.03417569,32.0763761
29.29861862,32.60199327
29.49932039,31.98540487
29.40684828,30.35592436
30.9083329,31.7395794
29.01585843,32.35574109
29.56173602,29.88052614
29.5811247,31.07217526
30.45655527,32.69187069
31.37343145,31.33142368
30.08037303,32.61709013
30.1817255,30.29705618
29.65290895,29.6871166
31.13388146,31.98815681
29.84086057,32.3617453
31.46064214,31.15099709
31.44232047,31.22209435
30.1156877,31.21308917
30.93476164,31.52916951
28.73477536,31.6961451
30.33264653,32.02459641
30.27783916,31.103867
30.70663351,31.83145613
29.0038815,30.50575281
30.99479709,32.03202892
30.2041264,31.6610737
30.67202444,30.21399781
30.8754285,29.8800306
30.0675803,32.81099289
30.39060582,31.42876164
29.41783077,30.84564367
31.07554419,30.89897064
29.48368704,30.95896038
30.17922387,31.71193562
29.36361248,31.70565444
30.04124167,29.70838366
30.76175907,31.11411247
29.70491084,32.10229402
30.20286833,32.07205305
29.25090074,31.6863542
30.79368943,30.59651751
30.08253251,30.05145321
29.59890336,32.68633413
30.70967611,31.86462671
31.23224493,30.96839485
29.39341094,31.72086371
29.37541618,32.43654737
30.66659675,32.5951764
31.11099433,32.12087839
29.74058015,31.48404427
29.7117008,32.12230749
30.3043372,29.60630009
30.54982982,31.85368568
29.95323385,31.03637356
29.41592101,32.64722994
30.61875117,30.54643714
30.79589157,31.55512131
29.24364666,31.99358218
29.61456813,31.81262945
31.19629186,31.2489078
29.43473348,32.34003459
29.36153458,30.36938392
29.70301753,30.19767873
29.27260703,30.52584393
31.06483278,30.98022898
30.36448154,32.49789887
30.07154467,30.50438986
30.68791224,30.12199468
30.25863934,31.08397116
30.78258663,30.48034995
28.96628731,30.56177579
29.57485903,31.38094317
29.75864602,29.60255854
29.31530549,31.40944891
29.08007597,31.34339449
30.62774622,30.1033456
29.49530653,30.91599116
29.36005169,30.55006948
29.43836127,29.93098651
29.60043073,32.56241914
30.55603424,31.1437694
29.61121905,32.10269786
30.35786074,31.00322217
28.65718165,31.28141965
30.67763572,30.22937263
29.62582226,31.69667707
30.56513666,29.74156732
31.35512683,31.21577504
30.64478307,31.85538483
30.23108397,32.08319036
30.66115826,31.60880483
29.80981994,32.33838299
29.63900187,30.47658798
30.39151602,32.21488786
29.06036244,31.60037907
28.70300364,30.95393062
28.86960962,31.84063028
30.36471611,30.57648978
28.89192322,31.43314458
29.56315712,30.35667692
29.96781392,31.54221933
30.52630384,31.98425244
30.82172282,30.50785806
31.37044901,30.95841993
29.67862302,32.15780393
30.45042898,31.48171501
29.47203241,31.39862234
30.00494265,31.10718188
29.09985208,32.41318266
30.52966074,30.76267857
30.00026445,30.85658069
30.94876795,31.896038
31.38509803,31.24174922
29.63843526,30.30159358
29.36643758,32.35171633
30.44219147,31.84745283
30.09687652,31.02848236
29.60759163,29.81850912
30.37872251,32.80305437
28.96403188,30.64813411
31.08559222,30.76447439
29.50410543,30.56708617
30.54413862,32.61408918
29.35686532,32.28612945
30.63316299,30.93491602
30.43841269,31.47009084
30.95074142,31.49348029
29.69360272,32.34731392
29.2650982,30.77177632
29.28148627,30.12653211
30.84792956,32.12096387
30.52519978,32.67972722
30.24911027,32.59573382
30.76316918,29.95739011
29.88763906,30.27155922
29.28186653,30.93010117
31.05981516,30.06295836
29.92946233,31.35858778
29.34497428,29.99061769
28.61637571,31.04148875
29.43606566,30.82284224
30.21066875,30.56718681
30.58817984,31.96111871
30.95175469,31.24541886
31.16173087,31.16912684
31.30941158,30.79703179
28.74910282,30.65431904
30.39375382,31.44688658
30.33978619,30.55505797
30.25288414,29.98066398
30.86767042,30.35669281
29.07311345,31.97192418
30.17439505,32.02374493
30.46904499,31.4879017
30.47879837,31.76395105
31.08798927,31.66717593
30.5953757,31.09914326
30.99962586,31.87679851
29.80108897,30.20937195
29.61606351,31.69878038
28.8879614,30.84984261
30.51209971,29.95952026
30.02743364,30.36858604
30.08884544,32.81806251
29.3793154,29.8497995
30.80430776,31.11070113
28.92402054,31.16445077
30.40206925,32.18946178
30.56531342,30.69796364
29.13827844,30.39573304
29.51516022,31.76150775
29.08330367,31.17431866
29.73280325,29.97172726
29.90676163,31.10774557
29.32845615,32.01127811
29.07788811,32.2968873
29.83399263,30.64321687
29.75187684,29.73255535
29.44179194,30.23042231
30.09237463,31.0047465
30.87523157,31.11127184
30.49786591,31.5880008
29.78251228,30.45992977
30.52471789,30.31132233
28.73103695,30.69267994
31.15524194,30.31392175
30.53829453,30.62979644
31.33452039,30.94445396
29.64803887,31.8417109
30.84489215,30.50707375
29.51199799,31.9151405
30.9451905,30.72189562
29.43563282,32.70212186
29.87022958,29.64427945
30.06685093,30.00249941
30.03553089,29.96468646
30.91993174,31.01787835
30.92114138,31.24837701
29.66094767,31.20058856
30.10636589,30.19962729
30.97623492,31.48401988
29.56988879,31.00200184
30.51473844,32.55929096
29.99369496,31.68803701
28.94123852,32.13786099
30.53012841,32.03620529
30.78289637,30.22563421
31.19806452,31.08581477
29.54807264,30.99852688
29.34333469,30.37076132
29.78829284,32.09315198
30.05749598,32.37853824
30.61821025,32.06805147
28.9531137,31.66498971
31.24957127,30.38998581
29.22369441,31.20475725
30.6984155,31.48491174
29.77282051,30.14703013
28.98740898,31.1187781
30.56748445,31.4496637
29.87333668,32.11177593
31.20687626,31.9348703
30.06863084,30.63960796
29.26911871,32.25049876
30.71145652,32.64710689
29.15423904,32.16747479
29.68676508,32.31688454
30.60041134,31.77814054
29.03866252,30.94443556
31.38755915,30.70666846
30.39729394,32.0318481
30.97209859,30.20629851
30.15430548,32.3426243
30.65475935,32.55351459
28.92321492,32.09317662
31.23923055,31.79507454
30.97760238,30.52707559
29.65787643,30.75203174
28.94959328,31.39180298
30.77351087,30.27010448
30.71603739,31.87395879
29.83098614,29.62621787
29.97726852,32.64375525
30.5309207,32.08494331
29.55882913,32.68222882
31.11332127,31.44090175
31.15318282,31.05184325
30.0701084,31.45286378
29.77276107,30.26545163
29.64085137,32.23311261
30.1532405,31.49928909
28.88934771,30.61731936
28.77141596,31.80853544
29.90578791,29.63900574
30.29470705,30.03089211
30.94589338,30.07501913
29.72321649,31.29211017
30.53616951,31.85288132
30.32657112,29.64926337
30.27460719,31.61855106
30.20228265,30.84217773
30.9311402,31.99625524
29.35378491,31.08683615
30.86054668,30.2724664
29.375768,31.02452272
29.04516382,30.2497166
29.90180902,31.37750106
30.79309545,30.01712681
29.22149027,30.25213918
30.03272199,32.4938393
31.01759873,31.42034314
29.51116832,29.84444578
30.18249773,31.28890052
30.67666913,32.33452493
31.2891976,31.90279884
31.21345922,30.84032229
30.85835004,30.38961185
29.12026339,30.1449328
29.99171734,30.1277155
29.93280367,30.28933996
30.19340427,31.81679097
30.76091342,32.2542125
29.27989058,30.79086696
30.50813245,32.13722505
30.95678718,31.18075335
28.9901868,32.13752218
30.56494066,31.00092603
29.0073162,32.32763796
30.33188652,31.71012083
30.0122347,30.73695757
30.79160965,32.11569484
29.14937478,31.5938605
30.57226094,30.7229202
28.82919102,30.47097503
30.6981258,31.16948617
30.62297819,31.3443722
29.92775388,29.60419476
29.73372277,30.72152452
30.33942103,29.64057412
29.52425994,30.72328977
29.54044131,31.02239082
29.70912361,29.7106973
29.71652597,30.93920703
29.66734739,31.15824712
30.09815503,31.79445038
29.38351359,31.6462026
31.0848942,30.94851022
30.53251819,31.36530773
31.05179166,31.79728712
31.03047341,31.31396058
30.90159552,30.5109293
30.33640068,32.65251391
29.13226845,30.85539266
30.86944952,32.55005366
30.17981432,31.02398119
31.20709509,31.06002255
29.95839775,32.11463863
30.40378982,30.53746849
28.62864606,31.52593951
31.16684719,30.65594688
30.28015634,29.6346571
31.34923923,31.34995183
30.58370297,31.43459896
30.18791586,29.87348458
29.13121916,30.38776679
31.26224764,30.91085402
30.17184316,30.30450716
31.25824965,31.17802743
31.45577925,31.49491818
31.17088635,32.24494692
29.20599513,30.85914324
28.81289006,31.45601328
29.45477764,31.39997855
29.77851919,30.49748101
29.41568408,32.31282843
30.42080996,29.67482711
29.48641987,32.05183682
29.69367909,30.90432773
29.47467336,29.88722451
29.0046541,31.49784072
29.81641117,30.73468022
31.34103446,31.12473762
28.80330329,31.50100966
29.85686435,31.08831118
31.05943387,30.12989211
29.2703497,29.90757125
30.39097611,29.97526819
30.38258881,32.55763037
30.61361046,32.06849602
29.93948903,29.65267499
30.61977247,32.63462815
29.43620411,31.32662661
31.20299457,30.45092923
30.82844293,30.83077367
31.2167412,31.25685892
29.03747458,30.30890764
31.37656995,31.65497066
30.42433029,30.87343829
30.18931158,30.32331365
30.48605806,30.37054054
29.48069228,31.65692381
31.30716559,31.24049332
30.08770361,32.30965759
30.61878891,31.55796681
29.31869542,30.47674898
30.03574043,30.70737281
30.65942629,31.71532299
31.07452416,31.36502194
31.05806071,31.76277663
30.75879488,32.4732948
29.53326596,30.64015878
29.66555394,31.60122278
29.16770412,32.0026121
31.24047557,32.05272708
28.68897441,31.49915217
29.12597263,30.82435937
29.63555678,29.80864991
30.41093368,30.68046801
29.46323557,31.12907237
30.59739772,31.4546305
31.2756799,31.43584751
29.15816955,31.63710161
30.71992797,31.6713335
28.83376868,31.93124934
29.8503297,29.9694241
31.01190872,32.03919649
30.85479811,30.44574817
28.96505412,31.34666485
29.74323607,32.56451161
30.11974913,31.61367822
28.64271177,31.34669744
30.38053529,29.70074267
29.5698257,31.11096506
30.48296521,31.14712925
29.10455498,32.11461805
30.41544072,32.63003344
30.90043738,32.36403047
29.03820932,30.44462625
30.3915443,31.2485101
29.25198874,31.37284304
29.35762152,32.11661921
29.58092262,30.34956415
30.20587707,31.84728627
31.16555031,32.18299124
31.06114103,30.99395581
31.20641718,30.74944147
30.57394883,30.88680635
29.77096749,30.45247877
28.76662274,30.53549479
31.2073995,31.94924442
31.11771621,31.27390686
31.07629145,30.93464588
30.13034749,31.53070094
30.2773965,29.60140244
29.757245,31.41397752
30.01904769,32.21078069
29.71998992,31.46883228
28.85590789,32.07210167
30.67754337,31.97811674
30.9897678,32.20691116
30.78806156,31.97478701
30.61560991,31.2573635
29.35592808,32.54428728
28.90097808,30.63762195
29.12616923,30.36354836
30.45638613,32.14160779
29.05623478,31.17513517
30.41663387,31.87986072
31.28534262,31.20519934
31.38839248,31.29100987
30.52403873,30.52381381
30.55921979,32.51017758
29.65910297,32.25448505
29.62859399,31.65086979
30.38855555,32.21556298
30.63575147,32.7570703
30.79978132,31.380592
29.56772201,30.02441754
28.85115446,30.87565134
30.74087963,30.52380273
29.86726568,30.02364676
29.61881295,30.56883565
31.0367174,31.03393907
30.13536179,32.06890826
31.00146792,32.1664244
29.68328948,30.89471688
29.50109824,30.67623515
31.23947056,31.88911816
29.28748867,32.11693326
30.66833989,31.95147978
29.34121835,31.04888366
29.46257544,32.20097417
30.14858449,31.67874437
28.66527372,31.17125193
29.04807544,32.20167563
29.62034324,29.81322172
30.28788314,31.03477123
30.32902354,29.65978442
29.27450363,32.64236144
29.51157998,32.13624315
29.67526839,31.41831741
29.32900323,31.94063018
30.09246136,29.96194405
28.88116135,30.98065728
29.70507914,30.59952722
31.01259694,30.21348086
29.89050479,32.85108128
31.07252305,30.78561955
30.02426781,30.23383273
31.41731218,31.48292436
31.00901408,31.86980559
30.33461862,31.90129277
28.63199505,31.21595283
31.01722813,31.32953761
30.13784822,29.63940655
29.32469372,30.17726792
28.80517116,31.91804252
30.39353525,29.92222106
29.36471116,30.59843672
29.56185469,31.54049825
30.72425327,30.54976728
31.43282713,31.45320403
30.5874197,32.14076292
29.24463172,31.1145351
28.84858927,31.92289969
28.96911517,30.92552216
29.70600735,29.8439457
29.22824149,31.29511139
29.97891457,31.11007918
30.3660627,32.82889815
29.76858362,29.91988373
29.3514375,31.66224356
29.48824655,31.2897328
29.88715421,31.91345118
31.0470015,30.74363693
29.99756346,32.17591427
30.54125597,30.4034323
30.90525464,31.97254877
31.43595933,30.78801174
30.07238782,30.41100196
30.10036636,30.5425196
28.67872792,31.40214101
29.87279638,29.85353343
30.18130775,32.35576634
30.64838747,32.42869934
30.45350795,31.04254441
29.8449933,30.80018555
29.34339672,30.49043551
29.21671713,30.51568619
29.97496569,32.37009312
30.24668375,31.69436299
29.8461692,32.79118398
30.57850267,32.00950517
28.8216087,31.67420352
30.28307386,32.52020182
30.87307434,31.25682572
29.60244433,32.49484976
29.20372573,31.39523967
30.69268604,32.70789785
30.54427081,30.79084344
30.16308487,30.60890814
30.53434669,31.27808085
29.66758838,31.61903811
30.21433611,31.92375658
30.50207583,32.30920408
30.53033053,31.32339077
29.31421283,31.82742387
30.60068517,31.02936904
30.81218673,31.80365241
29.83126191,31.54441833
29.42896702,29.85352158
30.67151361,30.59936092
29.78331241,30.16779216
30.99965473,31.89493625
30.6616433,30.23191068
29.70852818,30.90919597
29.33989304,31.20436398
29.41718542,30.98248753
30.03508754,32.07028223
30.45186026,31.09231758
29.62486995,32.28155564
29.46058888,29.98540105
29.13841202,30.80191922
30.39516134,30.43739714
29.49988567,29.90680995
30.11082793,29.71660998
28.7497784,30.76519185
29.71028921,32.02943287
30.395813,29.93122983
29.38017115,30.9555459
29.45526817,31.70263543
29.46543842,29.95871321
30.20964846,30.60420144
28.91197958,32.15227172
29.91597712,31.09772009
29.10802794,30.2884183
31.31989098,30.79388933
31.01321381,32.17994168
30.01310859,29.65264436
29.77183278,30.17843505
29.23987813,31.04333472
31.17093728,31.65047854
29.93724938,31.81246661
30.33807408,30.0264166
30.57757597,32.33143891
28.98914674,30.68182936
30.3456489,30.18834027
29.3639996,31.74510401
30.19290741,32.17837441
29.22623587,30.65368811
29.18058303,31.14808109
30.38588147,32.2137561
30.2910979,31.7515345
29.78808632,31.90284886
29.65342509,31.51542609
29.68110796,32.54287212
30.57493293,29.97038548
31.28885638,31.54069387
29.54323883,31.82369268
29.57935671,29.94176065
30.34199712,31.039927
30.65718491,30.21616104
30.58342536,31.1017158
28.66826732,31.31266293
30.118605,32.90140738
29.17483451,30.40830924
29.82913117,31.3553819
30.9054602,31.51263165
31.03630237,30.32340476
29.01896873,31.27093522
29.64188136,31.4190835
31.1260557,31.68988579
28.74903945,30.97217423
29.77572533,31.06267171
30.30269426,30.37258061
28.71865978,31.63993316
29.26793513,31.78781708
30.25832579,32.88232227
31.29662846,31.44419226
28.91265771,32.15930694
30.48440233,30.06126302
29.38698275,29.7615087
31.30255895,30.85327751
30.7142203,31.83507443
29.75041363,31.86497724
29.43866987,29.88631051
30.06659288,32.12562217
30.61099533,31.75724913
28.77654914,32.00321667
28.91595268,31.25455226
29.90364679,31.21625612
30.3385026,31.5680023
29.37025413,30.54112048
30.71475794,31.32287032
28.92567375,31.93540993
29.47717953,32.68488603
31.39794176,31.680709
29.09868611,31.57605707
30.07656042,32.88253979
29.61132133,32.64783991
29.66048717,32.64281975
30.02151676,31.12927413
30.91186539,31.02592169
29.60851256,31.33714421
29.37546162,30.03160247
29.59957439,32.74482624
29.81879375,29.83511785
29.94138381,31.38992587
29.99779635,31.71084552
29.70761613,30.38458345
29.12906801,30.75291704
29.41915591,30.68965402
30.77293805,30.70498932
30.10390052,32.28022896
28.83446754,31.14121715
29.671975,31.88657243
30.10408179,31.52530847
28.82513393,30.5892956
29.88754407,32.51718958
30.35320624,31.81415127
29.48885707,30.02473813
30.42021342,31.05577024
30.74642406,30.79195489
28.73745535,31.40041033
29.19967222,30.99594507
31.30893949,31.76183175
31.07528866,30.80178177
30.57074107,30.93904743
29.72922721,30.1051367
29.26087209,31.54510119
30.72224996,30.7503821
29.61626995,31.56356587
30.19103117,30.84031051
29.68285387,32.38769868
30.95042096,30.62897331
31.34392314,31.5992452
28.63729493,31.44837495
29.67775905,31.57945091
29.85597605,32.75312887
30.00328994,30.99984409
30.939889,31.9054545
30.91298051,31.12340956
29.02310218,30.66079607
30.39915083,32.1135595
30.83888751,32.55254434
31.0616497,31.93667352
31.04773465,31.03464864
30.70019421,30.31854463
30.27079773,30.63853028
31.15992649,31.9451871
29.07867449,30.6034411
30.85638023,30.01774162
29.29875952,32.36377632
29.36196354,32.10395892
30.13784528,32.24908966
29.12977343,31.96322822
30.88764403,31.96303251
30.39968151,29.73411359
29.23656434,31.25830546
30.7390815,32.0849994
28.94335573,30.89629852
29.60120236,31.6642517
30.11985368,30.6381105
30.54154199,30.05156828
29.90534245,31.01169512
29.67167307,30.95682261
30.42715136,29.68212026
28.97199305,31.07582597
31.05640243,30.61524814
30.1442599,31.93779157
29.87539042,32.24313037
31.13360553,32.0173189
29.39598629,31.68347549
28.7933657,30.76711515
31.0295483,31.93645417
29.10815274,30.27451301
30.2594878,32.14618044
28.64456301,31.12992755
30.38742227,30.72129431
30.68039908,32.2266413
29.02715198,30.87486415
29.61984306,30.03985985
29.74771897,30.61679078
30.9812635,30.80759457
29.8846776,29.87732368
30.40088366,32.51119785
30.15370723,30.54584566
29.50468351,31.30365863
31.45312286,31.05976047
30.64036895,30.56333079
30.19575096,31.70118082
30.22073961,30.01069635
28.98897085,30.34990475
29.34306137,31.51244374
29.70119853,32.55257909
31.10580965,31.96902249
30.45930147,32.01774996
30.97660798,31.56267299
29.53300138,30.99995188
30.74969378,31.48290793
29.07537859,30.91806277
30.06569157,32.13784592
30.3222586,32.29139476
30.92708427,31.30164477
29.68460312,31.01268014
31.0870973,30.82069546
30.47333978,31.77127292
29.93613823,30.83195582
31.07189383,31.36632781
30.32419793,30.10707241
29.22689991,31.16458175
29.09511559,30.14501437
30.63746756,30.4076984
31.1395037,30.18652704
29.76806498,30.92145256
29.48406217,32.39860796
30.73905977,31.33413195
29.56820211,30.67911963
30.08511089,31.40465653
30.04975743,32.60604445
28.79347355,31.00531281
30.33948922,30.94963934
29.40183402,31.13500919
30.48216834,31.21044305
29.28818933,31.58018216
30.11420679,30.79959927
29.69716668,31.11119101
28.87505558,31.89944072
29.92001376,30.25332449
30.66431044,29.74176243
29.40770982,32.13354065
31.04662511,31.7983423
29.31572818,32.14421902
30.18725958,29.72326393
30.95632024,31.08062884
29.30949112,29.99813259
31.10028237,30.32588613
30.39752245,32.38612338
30.04044014,31.08958809
29.02908134,32.38592581
29.79593233,30.95070052
29.36401666,32.29101923
30.11335982,31.1220914
29.1231985,30.76762322
30.12576153,30.31386995
29.63864948,31.47659116
29.92615465,30.06918808
30.01378128,29.92489766
30.09400922,31.48142623
28.77929851,30.92186148
29.55287641,32.02017373
29.69340526,31.02877323
30.09019455,32.22740699
29.87175239,32.69252557
30.07892226,31.89729174
30.84163808,32.45069526
28.790594,31.01910329
29.67901893,32.49232369
30.66663238,31.76525475
30.68287873,30.69689181
29.45592055,30.63298936
29.71624617,32.74954975
31.19672369,31.44587673
30.26892105,30.52807714
30.72124399,32.05044849
30.11816019,32.51152767
30.37860003,30.6401905
30.72516885,31.16285462
30.56173127,31.765565
30.02814267,31.60705698
31.02793586,31.16307559
30.51224171,31.2901636
30.25080446,32.46928178
29.06330437,32.23159607
29.20668311,30.65944998
30.30150121,31.79982034
30.31153362,31.90159368
29.79741315,31.29481062
31.17439061,30.2688257
29.95078497,32.33581854
29.81931209,30.74659739
29.90075043,30.62457515
30.09814683,29.89007871
29.89106643,31.57917977
31.40390671,31.31906155
29.55086133,30.73693807
29.53957222,30.38876789
30.83803621,29.83745202
31.28473226,31.89946746
29.52363252,31.94798408
29.72671805,31.64236732
29.36398808,29.78005291
29.12773714,31.71414507
30.44230319,32.2007606
31.06894001,30.09958357
30.87535233,30.43245332
29.06312398,32.25538449
30.31412905,31.83899853
29.70646875,32.35397503
29.89550428,32.39964105
29.3740864,32.64699175
31.25021914,30.57921419
31.06168601,30.56298424
29.67694252,31.79590052
29.82668125,32.39541158
28.60415123,31.35674167
30.61566391,31.99715849
30.56311562,30.2841766
31.16744043,31.69295266
30.14354717,30.18543809
29.80740205,31.82693274
29.01146967,30.38863397
30.94171523,32.06264031
30.66605332,31.91041864
30.71212894,31.09197557
29.54083105,32.59583675
31.42642102,31.32807293
30.80629993,32.53469316
31.1979707,30.83529429
28.85386088,32.07665017
30.92179266,31.15407329
29.65239559,30.28161328
30.12383089,31.69672863
31.14717185,32.07097382
31.11396485,31.3239383
30.04744056,31.7334129
31.06803156,31.094113
31.32626627,31.82923505
30.7587591,32.28789675
31.07750411,31.55257584
30.41996208,32.70992441
30.5083652,32.67566049
30.94500209,30.77291912
31.16479283,30.82824441
30.01787081,31.3331277
31.29157197,30.8499936
31.31670063,31.00823654
29.79320841,30.22027792
29.71279357,31.59269745
29.75870302,31.23370338
30.37211425,30.96851137
30.24795447,30.90795931
30.00260694,32.82864445
29.31612182,31.12535315
31.12044928,31.38072218
30.66924361,31.28254908
29.56652091,31.54281535
29.42887137,31.44630211
28.64619072,31.44113068
31.1529143,31.79667718
30.15556575,30.15090015
29.41783707,31.0103374
29.00621862,31.6990048
29.10904787,31.44990639
30.98911932,32.46862312
30.2077244,32.13986152
31.2185599,30.26822039
28.71480698,30.96901166
30.22125154,30.78732334
31.02828094,31.26365189
29.25158043,32.24996924
29.56136896,32.64470911
29.42309831,29.99345796
28.87257114,31.5910022
30.66907424,30.53341922
28.86455382,30.34487221
30.65340068,31.72977377
29.80338916,31.00154788
31.00330628,30.35274106
29.76631672,30.45018223
30.23343005,31.21392231
29.54801914,31.50231677
29.31173586,30.3403314
31.18370546,30.31018311
29.77469877,32.41387367
30.05121977,32.01026173
30.20072786,29.8309831
31.21242614,30.72038719
29.05160905,30.76377399
31.18264433,32.12485248
31.46681121,31.5366141
29.51729463,30.91573389
31.28157338,31.40975629
30.34879476,31.85024376
29.86244947,30.99283528
29.57310559,31.78434398
28.98218618,30.15012285
30.65191549,31.46585336
29.37808519,32.70572003
31.21579928,31.60733067
29.30095554,30.88717819
28.73929213,31.39087369
30.81229795,30.48046583
30.50491213,31.65267489
28.94046222,30.52193627
30.5369014,30.6735914
29.63632677,31.47354843
29.61815509,30.57709624
31.25654575,30.3711448
29.55015938,32.50315871
30.06684363,32.40669255
28.94887719,32.21742029
29.40372106,32.54750518
28.77752329,31.44602366
29.72623588,30.48289965
30.49317006,31.73376224
30.0193152,31.8679971
30.80196682,30.47093446
30.88537942,31.95482422
29.25939754,32.50255297
30.35279216,29.77898816
30.6684649,32.58117084
31.40527783,31.57128222
30.89974194,31.12615529
29.06459644,32.02144855
30.20025246,30.36188697
29.6211676,31.14034369
30.58006882,29.75986748
29.65299079,31.06694687
30.79873283,31.62072865
29.50897637,32.77062334
30.5891207,32.08548714
30.53676836,29.69380837
30.98721923,32.25117915
29.76728243,30.10047062
30.76666219,32.52140594
31.40963724,31.6650402
29.77203263,32.08111225
30.39919659,30.18831252
29.365163,30.26912021
30.07822452,32.57200833
29.29582396,30.6807221
29.95085668,32.79541594
29.71431611,29.86209251
30.37156688,32.8294103
30.7063703,32.50743192
29.33433115,31.69655533
31.16260105,30.92492948
29.69636287,31.94770885
29.30715782,29.86351863
30.04809878,30.01500947
29.67153372,30.47988785
29.76847578,31.43804117
30.33735312,30.43265736
30.51846995,30.83481494
30.69796751,32.39580578
30.74653629,31.34232394
29.35709771,31.73483019
29.57965647,30.21348078
29.90612879,31.76662763
30.12942828,32.80694688
30.74957869,29.86269265
29.53493128,31.85350509
30.93197081,31.75953504
29.04551192,30.58670928
30.07835833,29.62399998
29.60858755,31.74695379
29.20135353,31.48380424
28.76916437,31.96005206
29.51967509,31.54396158
30.79905838,31.80450027
31.1790562,30.388995
30.79087407,30.10509325
29.87236871,32.55073164
30.62416027,30.26036398
30.22500452,30.44628907
29.79877382,32.74109587
29.12919329,31.5802443
29.9823102,31.57728982
29.40192288,29.96198975
29.12099779,32.09741507
29.774827,30.81638091
29.25574783,29.89613113
29.54941153,31.83593588
29.66565754,32.61122867
29.67274187,31.03227
30.1439251,30.94656908
30.0796275,31.94560738
29.72529009,29.9509292
