0.0531,5.99640364264825e-05
0.1201,0.000259245786363202
0.1861,-0.000367576382879375
0.1968,-0.000454042114464148
0.208,8.84664014340619e-05
0.2737,0.000525116871812781
0.362,-0.000751421413990483
0.4493,-0.000712793567146819
0.5007,0.00152641031456058
0.5079,0.00164521847848764
0.5401,-0.000823082057175961
0.5964,0.00180661587146869
0.628,0.000574516248422086
0.6377,0.00151638852228586
0.6746,0.0020028033952818
0.6848,-0.000421788903526177
0.7004,0.000106090184431196
0.7119,0.000853668299822585
0.7167,0.00215043419420624
0.7422,0.000797247382672839
0.8175,-0.00113938617774756
0.824,0.00224699779110815
0.8474,-0.00111713383596279
0.8572,-0.00136373570732651
0.8579,0.00265347603646493
0.8628,0.00235679931219623
0.8678,-5.41579725806818e-05
0.8966,-0.000458996344273044
0.8983,0.000263115133694702
0.919,-0.00124635227566916
0.9404,0.00268623671661983
0.9468,-0.000632961455620862
0.9797,-0.00159509397888358
0.9861,-7.54397846975952e-05
1.0045,0.000158824947660063
1.0682,0.00202665923801781
1.0916,-0.00165469969872678
1.0981,-0.00113408999704068
1.099,-0.000953069961757036
1.0995,0.00151838027207196
1.1017,0.00323287364441538
1.14,-0.00126821968678859
1.1481,2.75407976335629e-05
1.1766,0.00247096891996157
1.182,-0.000776894432459985
1.1835,0.00187797765134268
1.2113,0.00405748245210003
1.2117,0.0021670303412098
1.2122,-0.00163998659705356
1.2132,0.000373973300504371
1.2277,-0.00075611411319576
1.2463,0.00089686421031443
1.2556,-0.00174958263308689
1.2688,-0.000764274691078537
1.2797,-0.00187472852052051
1.2944,0.000723120749917205
1.3043,0.00439692382097978
1.3346,0.00408641679472255
1.3563,-0.0003312245441216
1.3714,-0.00103100048567661
1.3864,-0.00221366885255581
1.3905,-0.00210374852760764
1.4055,-0.000697292426970364
1.4153,0.00123533839227141
1.4155,0.00446609943549126
1.4157,0.00302208590381237
1.4196,0.000467330175664804
1.4208,-0.000929687497925435
1.4297,-0.00180225929127187
1.4608,0.00306510005609018
1.479,0.00500394258251302
1.4793,0.00435822699429878
1.4833,-0.0018641351474431
1.4835,-0.00198197483423201
1.4866,0.0049977464563713
1.5032,-0.00120495891517303
1.5131,0.00234627109824626
1.5305,0.00356548951733493
1.5331,0.00405689394929598
1.5348,-0.00156110971514289
1.5376,0.0009832551035589
1.539,0.0049831088813479
1.5443,-0.00175241213510913
1.5473,-0.00240987758460665
1.5494,-0.00207483963176225
1.5563,-0.00127172554259469
1.5701,0.000847039258879967
1.5966,-0.00119919556119785
1.6063,-0.000255659586741119
1.6093,0.00413994480251434
1.6189,0.0042278177733106
1.6262,0.0024396628422505
1.6268,-0.0025675810945065
1.6429,0.00308899929289175
1.6523,-0.00267319292583368
1.6685,-0.00262844261821438
1.6732,0.00433193244201635
1.6799,0.00571713679532504
1.6816,-0.00254972767938622
1.6844,-0.00165566572463915
1.7246,0.00528226804293208
1.726,0.00230555425938306
1.7284,0.00320477048275425
1.7334,0.0017896351445883
1.7394,0.00292617015605745
1.7536,0.0010094468887285
1.7557,0.00320339727186991
1.7604,0.00577819666626822
1.7613,-0.000877280482014076
1.7901,0.00202792094537219
1.7916,-0.00279809746619919
1.8125,0.000933198447885975
1.8128,0.00603065408438153
1.8178,0.00225503770586788
1.8181,-0.00289594486176759
1.8245,0.000673861964221478
1.8277,-0.00272613424845747
1.8292,0.0026559413926599
1.8326,0.00150783920205244
1.8364,0.00485439462628112
1.8365,-0.000276636872076574
1.8402,-0.00290474722536982
1.8531,0.00611927910131338
1.8587,-0.00284250682750931
1.8661,-0.00116740508720037
1.8683,-0.0026777115166623
1.872,0.00537510221220816
1.8798,0.00362451114002171
1.8875,0.00498343402804213
1.8939,0.0062810574017016
1.8975,-0.00192749137140358
1.8979,-5.72329761623358e-05
1.9107,0.00104571403994491
1.9127,0.00329976978863811
1.9129,0.00378062355575781
1.9154,-0.00184881123785896
1.9172,0.00453697087398619
1.9286,0.0053510707634814
1.9313,0.00442580085964717
1.9411,-0.00285985811257339
1.9462,-0.0028156464684348
1.9602,0.00133994598760845
1.9661,0.00652665747988701
1.9693,0.00657657208171658
1.9799,-0.00168737718610301
1.9853,-0.00303339390803403
1.9986,0.00249056428673056
2.0028,0.00672132346816978
2.0199,-0.00147319215170993
2.0336,0.00494863906402143
2.0342,0.00633670206050629
2.0429,-0.00102069148478767
2.057,0.0019084650879222
2.0595,0.00695105799944251
2.0596,0.00309992647510215
2.0625,-0.00331238001975676
2.0668,0.00684885193134788
2.0668,-0.000577712147790788
2.0733,-0.00114938627599726
2.075,0.00588337528789751
2.0794,0.00484803991368477
2.0817,-0.00191243541391328
2.0858,0.00183319141738369
2.0978,-0.00132288384890655
2.1037,0.00394225861945818
2.1227,-0.00252245480226376
2.1238,-0.000565264837139257
2.1358,0.00707744450257586
2.1654,0.0053413324437086
2.1837,-0.00203632285368771
2.1862,0.000497616202381312
2.1888,0.00418213307149706
2.2008,0.00624354438159536
2.2013,-0.00122258591838253
2.2064,-0.00283580113630411
2.2203,-0.00282344390596512
2.221,0.00140787362796768
2.2258,-0.00291389383785434
2.2321,-0.00153158510970419
2.2355,-0.00261530722913239
2.2483,-0.00345844039871412
2.2498,0.00129989228567684
2.2581,-0.000576140878175924
2.2634,-0.00345627371364454
2.2665,0.00605609785163974
2.2716,0.00760037811684144
2.2773,-0.0029405578313404
2.2774,0.00704725621896429
2.2807,0.00681142370684418
2.2886,0.00191795628136093
2.2894,0.0051742677511597
2.2939,0.00429012943343521
2.2972,-0.0019448824835222
2.2991,0.00763876784317841
2.2992,-0.000960412305857528
2.3047,0.000434125224349824
2.3068,0.0078795648841683
2.3095,-0.00362810189417395
2.3119,0.00582594593153551
2.3119,0.00540008874463682
2.3138,-0.00318470521208125
2.3163,0.00185702056862214
2.3189,-0.00257857565271458
2.3194,-0.000728349612479473
2.3259,0.00472471353524684
2.3359,-0.00358838718224286
2.3409,0.00563996625542451
2.3453,-0.000950499291785256
2.3486,-0.00374087142551538
2.3508,0.00794291414454973
2.3531,-0.00277018273497109
2.3531,0.00312519806646838
2.3592,0.000202408869860893
2.3686,0.0015807398311587
2.3697,0.00188544006335967
2.3706,0.000823931085863538
2.3804,0.00171723777876842
2.3909,0.00347485402346948
2.3927,-0.00196614816872609
2.3929,0.00357816119291865
2.3979,0.0046002418149933
2.4012,-0.00286294637278761
2.4012,0.00491148726245871
2.4039,0.00375749564912287
2.4107,0.00629169536568952
2.4143,0.00662886561579779
2.4208,0.00816234428241591
2.4413,0.00303436157844583
2.4473,0.00742886097615436
2.4532,0.00195559178024229
2.4555,0.00400083951304486
2.4581,0.00794787106645511
2.459,0.00267440991101431
2.4624,0.00600586202623532
2.4643,0.00303339990806295
2.4718,0.00334922124624537
2.4798,0.00656786892816585
2.4911,-0.00370854175228885
2.4966,0.00278461008769115
2.4981,0.0074009107301527
2.5009,0.0059752497128378
2.5036,0.00174603363110393
2.5148,-0.000449426582214585
2.5224,-0.00068885875307334
2.5229,-0.00343674309759878
2.5271,0.00574389995108193
2.5332,0.00765098953194077
2.5367,0.00761631520865436
2.5381,-0.00372348780912768
2.5448,0.00618418795825759
2.5511,0.000301997519582375
2.5754,0.00333625559579787
2.5765,-0.00422385778395862
2.5818,0.00163908800025148
2.5866,-0.00412703826225513
2.5876,-0.00311447255615027
2.6021,0.00749455534222454
2.6076,0.00665639936009477
2.6177,-0.0043735105474707
2.6236,0.00840477528781669
2.6379,-0.0033763813493306
2.6414,-0.000748501576395721
2.6468,0.00212529930527161
2.6497,0.00765793266059367
2.6503,-0.00304693143874912
2.6539,0.00429048832386147
2.6562,0.00413408221813816
2.6593,-0.00453156267545474
2.6631,-0.00430440432361312
2.6644,-0.00422479792991171
2.6661,0.00854357448703436
2.6674,0.00606586989013813
2.6687,-0.00049770406897709
2.677,-0.00108157983739421
2.6794,-0.0035397557877177
2.6863,0.00825478751196673
2.6894,-0.00431421680409816
2.6904,0.0035310309402754
2.6987,0.00258028475603345
2.6999,0.00749059252890127
2.701,-0.000408792716843021
2.7029,0.00914688880488734
2.7048,-0.00428361877408268
2.7145,0.00623114052731388
2.7159,0.00910124851543959
2.7198,-0.0010049691145233
2.721,0.00244262284091867
2.729,0.00777365425647725
2.7302,-0.00458243125190805
2.7338,0.00915400662333932
2.7368,0.00136608012712269
2.7468,-0.00418830150544913
2.7504,-0.00465320966229221
2.7609,-0.00361510595082448
2.7665,0.00775563585289651
2.7717,0.0094483263584979
2.7724,-0.00390076992829957
2.774,0.00763139350643893
2.7755,0.00357866977399501
2.7889,0.00867518625568087
2.7897,0.00852227169723019
2.7952,-0.00439377307686284
2.7971,-0.00323978769951738
2.799,0.00785355419094413
2.8025,0.00922231010468355
2.803,-0.00400008915570726
2.8103,0.00713637573566839
2.8104,0.00570701653349337
2.8116,-0.00228198338813002
2.8119,0.00540641517885199
2.8177,0.00801282736572917
2.8247,0.00902936396359566
2.8306,0.000301798849098311
2.8309,-0.00299111273487185
2.8484,0.00165694203260358
2.8499,0.00967330848592063
2.8585,0.00937720205190118
2.8626,0.00293335864634914
2.8644,0.00891847665035073
2.8675,0.00904029533566275
2.8753,0.00380773163087955
2.8759,0.00642435406257835
2.8863,-0.000381727713847368
2.8867,-0.00346625977476345
2.8915,0.00776460536352186
2.8972,-0.00457830516667901
2.9005,0.000963811883150978
2.9026,-0.004940497223616
2.907,0.00382785408531339
2.9075,-0.00340840718774471
2.9122,0.00663178903749939
2.9197,-0.00335252159295774
2.9208,0.00620596243884197
2.9255,0.00896678799431117
2.9281,0.00285279101157476
2.9288,0.00237223934193542
2.932,0.00733206244397655
2.9344,0.000414920619607795
2.9357,-0.000215234511971474
2.9375,0.00681578077959877
2.938,0.00812464525262646
2.9556,0.00703270508569132
2.9584,0.00167930460198162
2.9658,0.0091880197330676
2.9722,-0.002865744801825
2.9792,0.00661021794619332
2.9794,0.00935927591299279
2.9819,-0.00445900115491815
2.9899,-0.00404111344220004
2.9908,-0.00470643620999311
2.9953,0.00165380956270411
2.9987,0.0101489629635547
3.0013,-0.00475442748079491
3.0069,0.00533405327580461
3.0151,-0.00153525712406877
3.0177,0.00641075385575851
3.0275,-0.000826264151086775
3.0317,0.00942382952302712
3.0332,-0.00319641595405518
3.0449,-0.00430996946620166
3.0519,0.01018079570713
3.0527,0.0032048048843043
3.0565,-0.00259739242211321
3.0645,-0.00481390452268959
3.0709,-0.00443894920054655
3.0711,-0.000485991565251087
3.0721,-0.000988553978722884
3.0733,0.00617660319867319
3.0777,0.00186385853153359
3.0816,0.00855022447355935
3.0843,-0.00556151488035894
3.0846,0.00073826271873445
3.0928,0.00677188105537008
3.0951,0.000370740817232207
3.0998,-0.00386680180645183
3.104,0.00772899195658905
3.1071,0.00914052854229652
3.1118,0.00788661796909373
3.1121,0.00677520146927391
3.1164,-0.00386850799817706
3.1181,-0.00144176512022964
3.1228,-0.00484392185237859
3.1457,0.00747222574677142
3.148,0.0103103834799274
3.1536,0.00660757340797558
3.1584,0.000265389674268146
3.1626,-0.00154654675117616
3.1651,0.00926871935303986
3.1673,0.00493661550135949
3.1693,0.0106392205803965
3.1697,0.00648053377105295
3.1727,0.0034276216285769
3.1747,0.00679090009266581
3.1749,-0.00462244698713299
3.1768,-0.00457283130368058
3.1783,0.0105749216877262
3.1893,-0.00468429687715588
3.192,0.00496814600401141
3.1994,0.0108246781631438
3.2075,0.00405241307496551
3.2116,0.00684833456674427
3.2118,-0.00334143027687173
3.2158,0.00937996272304664
3.217,0.00972343035495182
3.2306,0.00582009466575562
3.2326,0.00719966649803494
3.2348,-0.000502542321154653
3.2358,-0.00536495001615567
3.2367,0.00973135481929877
3.2403,0.00739707292398295
3.2428,-0.00407873573542572
3.2595,-0.00560041281802892
3.2621,-0.00504216220889697
3.2702,0.00695092014308285
3.2742,-0.00514473237293167
3.2808,0.00320797984840304
3.2847,-0.00522504478848695
3.2882,0.00922536721924327
3.2913,-0.00506470775366497
3.2959,0.0111480644924744
3.2962,-0.00337602834313477
3.3026,0.00506084648226013
3.303,0.0100493196387297
3.3177,-0.00438026567170269
3.3196,0.00971744880163028
3.3272,0.00902826222467379
3.3274,-0.00535738067787284
3.3277,0.00835460335802329
3.3289,0.00750766530121938
3.3304,0.000566299543324433
3.3326,0.00887757013242796
3.3343,4.80056827742992e-05
3.3362,0.0112324970423594
3.3374,0.000353715148266875
3.3415,0.00891984707156102
3.3494,0.0100669999863787
3.3499,0.00479234409979101
3.3567,0.00809323890392344
3.3619,-0.00565630666755057
3.369,0.00348818537473772
3.3727,-0.00235679597681582
3.3752,-0.00258304076030891
3.3784,0.00903020326867843
3.3807,0.0035582376205392
3.3859,-0.00558126345799481
3.3915,0.0104567502069886
3.3934,0.00749981914029396
3.4091,0.0102014320527379
3.4158,-0.0015240120843103
3.4222,0.00662074120674339
3.427,0.00364876576070472
3.4324,0.00698560237503099
3.4362,0.00241607131442745
3.4371,-0.00549913994468332
3.4406,-0.00554312465046269
3.4432,-0.0005501464574591
3.4478,0.0023720543042316
3.4493,0.00114783542464636
3.4528,-0.00272195899686478
3.4532,0.00924894150934952
3.4622,0.0103701106112237
3.4634,-0.00222879591125524
3.4681,0.00804328796671516
3.4685,0.00606544492801619
3.4695,-0.0058719804833034
3.4725,0.00832857005098342
3.4747,0.0116887896427822
3.4759,-0.000934887988070621
3.4804,0.00088577150413327
3.4853,-0.00372922862195901
3.4953,0.000144879166482426
3.4988,-0.00506431775277605
3.4996,-0.00358554245424436
3.5019,0.00185377674312459
3.5023,0.00523516092352372
3.5097,-0.00340370733580286
3.5178,-0.00576378870207961
3.5191,-0.00463183256179356
3.5204,0.00897904730722132
3.5216,-0.00505913784968293
3.5243,-0.00548052975918489
3.5266,-0.00551924804082926
3.5283,-0.00426258483194797
3.5321,0.0073311730652188
3.5324,0.0116801696419597
3.5333,0.00962082921969554
3.5383,0.00207827921479531
3.5424,0.00381568220910511
3.5425,-0.00376796796855006
3.5443,0.0116075470673054
3.5461,0.0106662703127514
3.5462,0.00197194731887373
3.5619,-0.00507313602855808
3.564,0.0120755756043933
3.5641,0.00340333854764152
3.5678,0.00162742967157659
3.5687,0.00867557063058388
3.5714,0.00706518975634651
3.5738,-0.00416541507682089
3.5779,-0.00416113857625877
3.5795,0.000920651190277955
3.5816,0.0039325709037481
3.5832,-0.00450772204938943
3.5896,-0.00466708879777933
3.5901,0.0106097576852551
3.591,-0.00136910373413812
3.5989,-0.00366444626317408
3.5998,0.00176194877142821
3.6059,0.0114515903349321
3.6176,-0.00333011736898703
3.622,-0.00592853574644581
3.6228,0.00495081174892587
3.6246,0.00738759634104236
3.6377,0.00315903254968086
3.6452,-0.00595464726975425
3.6476,0.00446265099458687
3.6487,0.0119753895843671
3.6491,-0.00584477646062709
3.6535,0.0123865439473536
3.6692,-0.00566944672802405
3.6756,-0.00450516196232842
3.6808,0.00108438652430687
3.685,-0.00602889596483669
3.6856,-0.00453717232295681
3.6915,0.0117269582283059
3.6955,-0.000322229788256134
3.7113,-0.00598615363510469
3.7291,0.0052289323084036
3.7328,0.0122304418270613
3.7466,-0.00429669469895533
3.7471,-0.00325233803885316
3.7565,0.012002878439147
3.7605,0.00716840546439812
3.7639,0.0121176791566353
3.7667,-0.00623534499941858
3.767,-0.0059767808680995
3.7679,0.00569627495818192
3.7714,0.0126477966265295
3.7722,-0.00498468618575076
3.7737,0.0121211739000957
3.7779,0.012695962264873
3.7808,-0.000249801104039715
3.7846,0.00690993105404081
3.7871,0.0128132707031283
3.7876,0.00875432872369331
3.7903,0.0117028038603171
3.7918,0.00833167636924115
3.7932,0.011095025856124
3.7959,0.0124814181659949
3.8058,0.00802574991412364
3.8062,-0.00312980764686621
3.8065,-0.0056246758747891
3.8086,0.00319294718074126
3.8128,0.00748873731342004
3.8129,-0.00628937889295855
3.8131,0.0107784981914993
3.8183,0.0117935263863154
3.8194,0.00713004862970701
3.8216,-0.00480434515056327
3.8261,-0.0011363376142377
3.8276,0.0033749143892603
3.832,0.00110442519011755
3.8323,0.00184305273023266
3.8328,-0.00582004256597024
3.8342,0.0115547479365437
3.8351,-0.000682963014547511
3.8351,0.00238092297696024
3.8354,-0.00518581246195771
3.8357,-0.00595859621749328
3.8407,-0.00588946668644086
3.8473,-0.00559967606086209
3.8484,0.0073783000512444
3.8498,0.00322124923463418
3.8528,-0.00493738953546163
3.8565,0.00402097580637939
3.8589,0.0103793345460192
3.8592,0.00767121530263681
3.8593,0.0118576433975606
3.8596,0.0129175978243157
3.8651,0.00728848025945172
3.8684,0.00930897694192057
3.8709,-0.00479440982051926
3.8756,0.000285196690285705
3.879,-0.00479799352005861
3.8797,0.00946391517612133
3.88,-0.00619937215524047
3.8801,0.00980679629587167
3.8831,0.010716730172434
3.8849,0.0109866878930518
3.8868,-0.00315567420952334
3.8869,0.0102894436982357
3.8915,0.0131599914595943
3.8942,-0.00364230742370264
3.8957,-0.00421363932229779
3.8998,0.000770569640356378
3.9009,0.00587687815205573
3.9026,0.00469849835089908
3.9052,-0.00545081814193527
3.9194,0.0117167908902971
3.9206,0.0132520255958948
3.9324,-0.00631741019670873
3.9376,-0.00631890419913983
3.9379,0.0132859752455126
3.9405,0.0130464876812377
3.9418,0.00706886570159915
3.9437,-0.00490868038852987
3.948,0.0134408821424619
3.9497,-0.00435305992474833
3.9561,0.000217610984913463
3.9588,0.0100978621681134
3.9631,0.00291608966706347
3.9638,-0.00622480936357928
3.9679,-0.00526546657012172
3.9738,0.00302965978896008
3.988,0.0128031543266056
3.9901,-0.00594593951761091
3.991,-0.000901997341192118
3.9929,0.0131657592043743
3.9952,-0.00336038151378792
3.9973,0.00130373183182231
3.9981,-0.00617049272531833
4.0047,-0.00279978310773998
4.0149,0.000256400777186805
4.0178,0.00105920570374707
4.019,-0.000676652558937008
4.0192,-0.00371622486983991
4.0237,0.0109170754016406
4.0243,-0.00205055851940994
4.0259,-0.0047331092813705
4.0316,0.0135517939062515
4.0348,-0.00176381896709188
4.0362,0.00283948669244882
4.0401,-0.00262081546845838
4.0481,-0.00289104695154752
4.0545,0.00670921748768194
4.055,0.0132530674581748
4.0557,0.00111466762325563
4.0575,0.0123539626088576
4.0585,0.0124853897116113
4.0696,-0.0060645850670209
4.0744,0.0024268416734845
4.0789,-0.00642102210945783
4.0806,0.00544700240721685
4.0863,-0.0051756283277351
4.0882,0.00707914214569882
4.0911,0.0139013577073488
4.0923,-0.00545310184137282
4.0972,0.00396417623040701
4.0973,0.00616410906217535
4.1014,0.00271887415559569
4.1022,0.00107213134757789
4.1065,0.0127899012521411
4.112,0.00150167936925261
4.1123,-0.00561311911382756
4.117,-0.00680914699643864
4.1185,0.0137648507311026
4.1192,-0.00336985890198527
4.1199,0.0077760426905602
4.1249,-0.00669693491106926
4.1251,-0.00545514588642426
4.1316,0.0115322008214349
4.1323,-0.00648303278439677
4.1362,0.00369479254785876
4.1373,0.00641415149126789
4.1383,0.0112188153537165
4.139,-0.00654411624367857
4.1405,-0.00492911269569074
4.1453,0.00314186336464584
4.1459,0.00732101432866727
4.1468,-0.00523098212629147
4.1473,0.000220475094111272
4.1482,0.0107513249759794
4.1518,-0.00602426862690741
4.1768,0.00358755023258794
4.1779,-0.00568535486372745
4.1817,-0.00135768523559765
4.1828,-0.00677557437486875
4.1853,-0.00504053408295579
4.1857,0.00441561103949706
4.1866,0.00655660717740325
4.1881,0.0105952059360792
4.1886,-0.00594734910187977
4.1886,0.00724699031497611
4.1898,-0.00612911419532836
4.1929,-0.000286199415723942
4.1939,0.014221459817116
4.2021,0.00679710208515605
4.2047,0.00292705124925785
4.2059,0.0128931526198262
4.206,-0.00633862194634194
4.2084,0.00495237045684682
4.209,-0.00651057433698554
4.2097,0.0140596090741596
4.2113,0.00546198059144398
4.2146,-0.00544107925535275
4.2157,-0.00522828920837881
4.2222,0.0142088468169819
4.2274,-0.00248014373345296
4.23,0.00308803372604327
4.2329,-0.00690630290840488
4.2445,-0.0066658361654115
4.247,0.00473016777156943
4.2489,-0.00642850498598513
4.2512,0.0144714349633226
4.2513,-0.000563381699546284
4.2541,-0.00376943797049556
4.2618,0.0135305919987214
4.2684,-0.0013013743263679
4.2689,-0.00666781701095509
4.2702,0.0140952540165395
4.2729,0.0017685772636451
4.2787,0.0112758417293168
4.2793,-0.000584368275283076
4.2801,0.0105819949479571
4.2836,0.00879023830329739
4.2866,0.00692251792203624
4.2885,0.0141265299557585
4.2928,-0.00353522337965373
4.2954,-0.00180423966202969
4.2979,-0.00292444936509551
4.2994,0.0143518308084571
4.3004,0.0134792826893939
4.3009,0.0107136658237392
4.3093,0.0145264090070345
4.3104,0.00613881103187097
4.3181,0.0143919132386374
4.3193,0.0129070607821902
4.3204,-0.000846804908311682
4.3211,0.0141890374131117
4.3211,0.00241085402516283
4.3216,0.00951367199566722
4.3238,0.0141475439894219
4.3261,0.00349204084720434
4.3265,-0.00683466555776491
4.3312,-5.82502148258612e-05
4.3321,0.0118025542950759
4.3389,0.0141146266680305
4.3389,0.0141525857040197
4.3408,-0.00564298372654193
4.344,0.00978591533515338
4.3441,-0.0048380552007794
4.3481,0.0130480702890647
4.3519,0.0141156476920203
4.3557,0.00599321845818945
4.3596,-0.000523278792822879
4.3678,-0.00616342332511799
4.3698,0.00603238276009588
4.3745,0.0104259620406504
4.38,-0.00085792471863666
4.3812,-0.00497630136261407
4.3856,0.0126095098394048
4.3887,0.00159810292980378
4.3909,-0.00163068955236323
4.3935,-0.00513922566038705
4.394,0.0121862720609149
4.3945,0.0102924428025917
4.3976,-0.000492249073698048
4.4009,-0.00528956694452276
4.4084,0.00242919984270884
4.4093,-3.57329730285016e-05
4.4101,-0.00514261633642921
4.4122,-0.00704828833139892
4.4143,0.0150132100867282
4.4179,0.0134177933071609
4.418,0.00147876996213903
4.4198,-0.000270101949446655
4.4199,-0.00285910586570814
4.4204,0.0145432907047987
4.4224,-0.00138022764311785
4.4253,-0.00335635524932343
4.4294,0.00312695579814815
4.4332,-0.00696742747591816
4.4344,0.0150542258149917
4.4349,0.00158511045544962
4.4351,-0.0057814457212082
4.4351,-0.00698295910914126
4.4393,-0.00107662934667552
4.4396,-0.00552058207117412
4.4396,-0.00718139795747863
4.4399,0.0135705986739652
4.4425,0.0049530662782038
4.4447,0.0075328510741226
4.4534,0.0107564387393984
4.4538,0.00533374874085002
4.4554,-0.00545081183699647
4.4588,0.0140214642769845
4.4592,0.0148240183986657
4.4622,0.00318084509629912
4.4708,-0.00548461948926615
4.471,0.00717609637361161
4.4764,-0.00364207301367969
4.4767,-0.00710451705138304
4.4784,0.0151626370947806
4.4826,0.0129658297036119
4.4838,0.0105010933634215
4.4898,0.00745684302369032
4.494,-0.00633543678512627
4.4956,0.00398155022982927
4.4968,-0.00476179382658515
4.4988,-0.00738990718975874
4.5053,-0.00635684114429225
4.5064,-0.00623376561946998
4.5088,0.00826922310729827
4.5122,-0.00219530088656494
4.5145,0.0150552703130176
4.5179,0.0151284025956588
4.5231,0.0142659598546961
4.5253,-0.0062400480812439
4.5258,0.00551359258337758
4.5296,0.0153380161363916
4.5336,-0.0071631750484773
4.5337,-7.6524896955199e-05
4.5378,-0.000403249929304295
4.5437,0.0018407535619005
4.5451,0.0112471880335265
4.5479,0.00622659647907398
4.55,0.01079738242065
4.555,0.0105952504566229
4.5564,-0.0023379282892515
4.5591,0.014894197376961
4.5715,0.0119626092367922
4.5745,0.0154851092611805
4.5758,-0.00344063115804349
4.5777,0.000793548441377467
4.5815,0.00407102317435282
4.5862,0.0156024101019341
4.5863,0.00713018826322642
4.5873,0.00740501756629097
4.5893,0.00136590872519182
4.5946,-0.0026317809963361
4.5947,-0.0050161579317507
4.5953,0.00989330343160155
4.5969,0.00196907880185115
4.6008,0.0153687102972357
4.6031,0.0142409539697397
4.6039,0.00229886661897449
4.6043,0.0140331556355928
4.6081,0.00817064084320318
4.6085,-0.00618214284818297
4.6123,-0.00467231562937975
4.6125,-0.00408780714578239
4.6166,0.00240521493205748
4.6186,0.015599005214133
4.6192,-0.00740631708306694
4.6195,0.00537921969302868
4.6209,0.000849559765923047
4.6217,0.0147446056629859
4.6305,0.00801250912148266
4.6309,-0.00252555180084535
4.6325,0.0115575007114295
4.6337,0.00250608480136094
4.6358,-0.00721234075540877
4.6359,-0.0075929406842743
4.6368,-0.00329079764200912
4.6368,-0.00209783618320714
4.6376,0.0111589761156017
4.6386,0.0103734211779258
4.6392,-0.00371342214805548
4.6398,0.00357452958537063
4.6408,0.0156598685138007
4.6439,0.00216748624513308
4.6455,0.00296390504443167
4.6567,-0.00730947319555764
4.6581,0.00964047151867842
4.6723,0.0105377444677206
4.6759,0.00150379241225984
4.6853,0.0129987758109946
4.6878,0.0124732030568371
4.6891,0.0159432984164027
4.6898,-0.00295962548889239
4.6907,-0.00263508467266682
4.6969,0.0159768882526832
4.6993,0.0120466043988774
4.7012,0.01044395015166
4.7028,0.013037969857292
4.7054,-0.00346238880441518
4.7099,-0.00622155348289155
4.7116,-0.00534498206075718
4.7125,-0.00360749238915403
4.7182,0.00490334416574623
4.7201,0.00216632382295945
4.7236,0.0159699658426478
4.7238,0.0101921035802448
4.7244,0.0126611979225828
4.7268,-0.00426529179120738
4.7269,-0.0066995940179897
4.7384,0.0154580614002837
4.7413,-0.00612175495690614
4.7471,0.0123037815786509
4.7481,-0.00759314969955138
4.7485,0.00753647534187785
4.7515,0.00922014686189065
4.7528,-0.000246789381907142
4.7559,0.000325080135930023
4.7561,0.0161966660933999
4.7597,0.00917200083139758
4.7633,0.00605536272725793
4.7649,-0.00532921125380525
4.7676,0.0130823888011387
4.7678,0.0157326375855353
4.7716,0.00850699867504723
4.7784,0.00588697718449893
4.782,0.00560025988824897
4.782,0.0110397391109194
4.7862,0.00175734015606022
4.787,-0.0065789836457073
4.7898,-0.00777717128130995
4.79,0.0156259907731711
4.7908,-0.000988405016309812
4.7916,0.0157884893089841
4.7996,-0.00731652354494372
4.8032,-0.000115540763100164
4.8037,0.011330804516704
4.8041,-0.00742871919224797
4.8065,0.0153946397852138
4.8072,-0.00363636215236518
4.8076,-0.00361606451946006
4.8093,-0.00614720949136593
4.8183,-0.00576033007672905
4.8187,0.00695690331429599
4.8195,0.0163681491787386
4.8246,0.00775281223297242
4.8269,-0.00781296483476801
4.8304,-0.0068567544237057
4.831,0.00276148901816597
4.8323,0.000857722504936653
4.8338,0.0149581785405433
4.8341,0.00621353524662283
4.8342,0.015068067388051
4.8359,-0.00784023178425919
4.8362,-0.00701368976855754
4.8405,0.00773217488460354
4.8471,-0.00100936977165933
4.8479,-0.00497575550849394
4.8503,0.00763809282261096
4.8522,0.0124934511045325
4.8571,0.0165120230528499
4.8574,0.0131755594317724
4.8654,-0.00692672829220697
4.8656,-0.00747647368496462
4.868,-0.00396648031690905
4.8723,0.0138768793250632
4.8725,-0.00574847551525526
4.8737,0.0165579231615203
4.876,0.00213523769728319
4.8768,0.00271438129014889
4.8769,0.0165278436615592
4.8773,0.00113364803328597
4.8777,0.0165597750417259
4.8807,0.0154365506188761
4.8899,-0.00444053846690196
4.8901,0.00616901548377502
4.8902,0.0118732993481583
4.9033,0.0101563611918536
4.9046,-0.00410250902146103
4.9062,0.0150598240504101
4.9083,0.00443207122713574
4.9084,0.010850284239682
4.9131,-0.000845454771601695
4.9172,0.00722892236290473
4.919,0.00601693611075493
4.9191,-0.00663985445800375
4.9195,0.00844732226349532
4.9206,-0.00805174372010775
4.9212,0.0120290194192378
4.9229,-0.00230483147141403
4.9234,-0.00250113058090129
4.9259,0.00802370640865213
4.9296,0.00487663879818978
4.9363,0.00773285372679844
4.9377,-0.000435843074594544
4.9407,-0.00744413908823649
4.9443,-0.00279778472569703
4.9443,-0.00333948172951004
4.9457,-0.00726515554507845
4.9465,0.0106295096189051
4.9474,0.0120904422649808
4.948,0.00966184091280908
4.9485,-0.00797004104566579
4.9486,0.0095974519504427
4.954,-0.00614782916382239
4.9552,0.00516648429081634
4.958,0.00904358192888566
4.9592,-0.00768850429682733
4.9611,0.0164937308251529
4.962,0.00777687771688917
4.9621,-0.00174258794717019
4.9642,-0.0078218741248266
4.9672,0.0162131010670725
4.9691,0.00601051203317216
4.9713,-0.00787691497306131
4.9735,0.0168634683435887
4.9736,0.00212238649103025
4.978,0.00317932595061965
4.9798,-0.00760922140035447
4.983,0.00567786347582278
4.9878,-0.0064787178544119
4.9891,0.00616249577818273
4.9894,0.0168508510484253
4.9907,-0.00761149723826815
4.9919,0.00876497139689114
4.9927,0.012186027749352
5.1082,0.0154360655655665
5.3261,-0.00448893442207865
5.618,0.00341049534958593
6.1111,-0.00695174731376014
6.3903,-0.00128180165526448
6.5626,-0.00794349148856632
7.6325,0.0205522239677522
7.7372,0.0249600813034894
7.8096,-0.00329831950412718
8.161,-0.00715019308293208
8.2995,-0.001555381318747
8.747,-0.013783397489151
8.7768,-0.000420401088119249
8.8387,0.0289365964524606
9.1254,-0.00213945526280312
9.5126,0.0312847221063244
9.7991,0.032640213159171
10.0593,0.0283646643938429
10.4898,-0.0154809858418332
10.8146,0.00549232508151576
10.8277,0.0133323621278922
10.883,0.0274673998472643
10.9461,0.0246974928078725
11.0929,-0.0109201433541379
11.1639,-0.0180604886332976
11.2527,-0.012963556891453
11.3049,0.0379622067074603
11.3438,0.0240943709000767
11.659,0.00613879795496963
12.1267,0.0164060040604479
12.2156,0.0205253600886266
12.4031,-0.017343204904682
12.8455,-0.0061246489578437
12.8644,-0.020375486029037
12.9145,-0.0186705190617626
13.0085,0.0194977513797152
13.1112,-0.0221054747309459
13.1284,0.0438336301800408
13.494,-0.00229478958459239
14.0498,0.0321964275072588
14.2072,-0.0220796128831999
14.3982,-0.0175639116842525
14.6387,-0.0230690364521973
14.9528,0.0432729077029208
15.0916,-0.0244027754267702
15.1349,-0.0150296006114043
15.2205,0.0111292289791098
15.4588,-0.0206446720382427
15.6831,0.0328275374997471
15.7424,-0.004271751117086
15.7828,0.0149563812500144
16.0779,0.0371607173608481
16.2928,-0.00538552773667789
16.4641,-0.016703891694938
16.5011,0.0087661380293973
16.5162,0.0439951570273784
17.0673,-0.0192231644996141
17.3626,0.0302622366361653
17.4353,0.0566114133064701
17.4636,-0.0199555215501519
17.7685,0.0466972102584755
17.8053,-0.0293036836216984
17.9209,-0.0171221022071748
17.9541,0.0396613053577468
18.3291,-0.0277574377884626
18.4666,-6.56189278913644e-06
18.6081,-0.0250875077566093
18.6142,-0.0280470446247207
19.0702,0.0584274338213397
19.094,-0.0180848567614902
19.2153,0.0652358365982906
19.2282,0.019952162463543
19.3684,0.0347481213863574
19.5573,-0.0284345435470215
19.748,0.067133463393894
20.5087,0.0696067577491029
20.672,0.0268500561735934
20.8887,-0.0243860239928395
21.0941,-0.0352603789446988
21.1353,-0.00293972116294228
21.2687,0.0534575817165184
21.4881,0.0253766364809778
21.5966,0.0167278617196764
21.7779,0.0393760125024407
22.1651,0.0657355589879529
22.1663,0.0752262256146849
22.1844,0.0154368530743767
22.2477,-0.0346846575641244
22.4561,0.0746807167556156
22.5397,0.0584864731718469
22.5985,0.0533220520833027
22.6218,0.0515394618577467
22.8926,-0.0296829191922541
23.0866,0.0297760336519595
23.1258,0.0207197465730644
23.136,-0.000251927247123973
23.1967,-0.0403071459501589
23.244,-0.0294078072475621
23.281,0.0571121550541633
23.3487,0.0787799173257682
23.4536,-0.0395906669693957
23.6414,0.0220616280759174
23.6604,0.0428682937959017
23.9499,0.00330217977952074
24.0041,0.0814061672694137
24.0351,0.0129748728218608
24.073,0.0594348850093382
24.1169,-0.0138738950770794
24.217,0.0366838498945548
24.3832,0.0518901963870597
24.7643,-0.00683162554100747
24.8264,-0.0197064602966428
24.8458,-0.00155534740226315
24.9699,0.0845095262246538
25.0246,0.077089462173074
25.0427,-0.041904320615771
25.1343,0.0779122076829637
25.2215,0.0201640212300589
25.2572,0.0715002047985642
25.2575,-0.0191522939285846
25.3018,-0.0170698888718341
25.4303,-0.0213347593668516
25.7194,-0.0372088183682919
25.733,0.0381626115186577
25.7377,0.0571603988979881
25.7523,0.0300593456875191
25.9331,-0.0354664887808589
25.9818,-0.0347844987564763
26.0258,0.0596734319274823
26.4191,0.0646419618648579
26.4722,0.0873157387491474
26.4897,0.019979930313891
26.5254,-0.0470273819213745
26.5601,0.0560792171092146
26.5875,0.0897152519303823
26.6079,0.0191439216491425
26.7514,-0.044588756848011
26.8203,0.0429267985694111
27.133,-0.0464217385276307
27.2402,0.0526530442239661
27.2472,0.0737905580361193
27.2604,0.000397120207203727
27.2954,-0.0355625762444589
27.4532,-0.0485882227556331
27.7073,0.033020005856887
27.7211,-0.0417265634697692
27.7629,0.0806001603769104
27.8664,-0.0217637247434936
27.8682,0.0267379830380321
27.9641,0.0898852105138488
28.1013,0.0664806267683318
28.1083,0.0672165187264575
28.1123,-0.0510703865600597
28.2343,0.0753147436561896
28.4114,0.00596641697706346
28.4363,0.0797099158547603
28.6157,-0.0382542627726359
28.6853,0.08578705301613
28.7981,0.0604216226341272
28.8838,0.0871419680551995
29.3189,-0.043863464595038
29.4333,0.0824377487763535
29.4579,-0.0434609533082835
29.5014,0.00767416168065793
29.5077,-0.020889669205129
29.5466,-0.0363766674389048
29.6582,0.0266566710348783
29.7282,-0.0496608128499219
29.7774,-0.0488817465718832
29.8071,0.0979816138286651
29.915,0.0897096048917092
29.9278,-0.0423312463516829
29.9584,-0.0525032916389918
30.293,0.102362269928665
30.3624,0.0608132610061141
30.5363,0.0730676728055393
30.5427,0.0975626769931637
30.588,-0.0558721685939432
30.6169,0.0588205149473957
30.6568,-0.010456329172559
30.6836,0.0454951404747206
30.7112,0.0754376500056537
30.7359,0.101132794897705
30.7683,0.097987122606586
30.7716,-0.0431986418901928
31.2782,0.0320988321649338
31.3391,0.0651843732779298
31.3433,-0.0352382595619929
31.3537,0.0566774008212398
31.5449,0.0872988427255486
31.605,0.0882191412169355
31.6172,-0.0492807956155801
31.6697,-0.0390298092450045
31.6733,0.0590557914020451
31.7077,0.00615977563168357
31.7327,0.0254351261828525
31.7928,0.0985141109606538
31.8035,0.0808932450037041
32.239,-0.0590415055955589
32.2603,0.0678667580768249
32.4277,0.109474987591604
32.4483,0.0992844151783672
32.4893,0.0960188008897802
32.4969,0.107876847116763
32.6266,-0.0341706576788852
32.6609,0.0690460628515339
32.7185,0.10101297507174
32.8025,0.0488686458073957
32.8026,-0.0135743790412306
32.985,0.0624147635693078
33.1716,0.0121463110335327
33.1925,-0.019153573317837
33.2366,0.109777668591029
33.2441,0.0495627639862235
33.4669,-0.0611991993196241
33.4892,0.105823772353304
33.5096,0.110013526590201
33.6025,0.108253352784438
33.6256,-0.0614320664339161
33.6444,0.109722893784998
33.8247,-0.0128900601155024
33.8822,0.0614390466644252
33.8968,0.0122939559692767
33.9561,0.113886721554586
33.9895,0.109344907772254
34.0214,0.0203426465356742
34.0676,0.107700107851414
34.0844,0.0808474032809983
34.1239,-0.0488000516365688
34.1429,0.0714080162970916
34.1554,-0.0291039637560999
34.1828,-0.0215176476052505
34.2211,0.113699276772522
34.2212,-0.0567174644230306
34.2302,-0.0592342047397381
34.3304,-0.0141724321835639
34.4239,0.108616455682025
34.6107,0.104411637327075
34.6128,-0.0328924204492793
34.6777,0.0983535310519201
34.7321,0.0691019473760335
34.8018,-0.0137098278822805
34.8955,-0.0585058616205956
35.1985,0.103750453665079
35.2065,0.0638660460889611
35.224,-0.0494905748724079
35.2274,0.0673910114040339
35.3112,-0.0316308449148934
35.3124,-0.00976223467812076
35.4247,0.000845176965448502
35.4497,0.0524672491402214
35.5134,0.108036745626379
35.5261,0.0886646797208783
35.6227,-0.0318430420006095
35.6333,0.00441832717780954
35.641,-0.0538731322450516
35.667,0.106412146933799
35.6994,-0.0611060914009869
35.7839,0.115271688583171
35.8105,0.0996672414017965
36.0363,-0.0118296425533018
36.1187,-0.0675334426523193
36.2334,-0.0691113210656198
36.4659,0.123795948157891
36.5308,0.0550691843606472
36.7894,-0.0507546250483628
36.9127,0.0833227601221438
36.9316,0.125254798861754
37.1086,0.114839391867314
37.1382,0.112162282360686
37.4927,0.0531478604302009
37.5265,0.126608907592257
37.5565,0.0401825967922278
37.6134,0.104589953745304
37.6306,0.118843273351587
37.6764,-0.00684612066117296
37.7416,0.0419519593062105
37.7489,0.124584983692387
37.8184,0.104873312525264
37.8526,0.111417513084859
37.8738,-0.0560037961482109
37.8948,-0.0698134872151925
37.9138,-0.0224215706582953
37.9167,-0.0645225202017841
38.0083,0.034621165143804
38.0202,0.0806470969772448
38.0284,0.11518135760457
38.0336,0.106222112472651
38.0711,0.116252815651251
38.1022,0.116599768645727
38.1029,-0.0591587183171072
38.204,0.068128800606587
38.2254,-0.0740868762287832
38.2603,0.06239354166037
38.2961,-0.053089326595213
38.3152,0.00128442294223419
38.3165,0.0368128755948547
38.3401,0.09724324873401
38.3443,0.129670072831786
38.3509,0.000548886849188079
38.3539,0.0699575333831248
38.3657,-0.0745191143887141
38.3705,0.116614167079902
38.4341,0.05936539070197
38.4384,0.11019429022388
38.5552,0.123611679137895
38.573,0.114534935455907
38.5769,0.130569098103784
38.608,0.0924236559891796
38.8068,-0.032021532320428
38.8952,0.127631026710219
38.9418,0.119055404667272
38.9672,-0.0683651452268208
39.0199,0.00966602466070299
39.1165,0.104578974646628
39.4264,0.0682359566613115
39.4408,-0.0766803448895956
39.4995,0.133793353218756
39.6229,-0.0026904702613848
39.6468,-0.0701208069173092
39.6633,-0.0642016698103376
39.823,0.0567415025832716
39.9203,-0.0246338268020665
39.9838,0.0890379244093324
40.0108,0.0797294100634218
40.2265,0.0964805301013598
40.2728,0.0664594100287204
40.3485,-0.0203061370785846
40.3696,0.107819225034724
40.3897,0.103744104144091
40.4031,0.0238917884509462
40.4556,0.0780506640142065
40.5096,0.129167061897149
40.5259,0.137610345912336
40.5715,0.0333654022707393
40.58,-0.0666344886951364
40.5883,0.0829860829539655
40.6132,-0.0557776739990459
40.6756,0.135931021913201
40.71,0.117615401989873
40.7228,0.134785572555749
40.7278,-0.0681894137327532
40.7508,0.133504010216861
40.9878,-0.036151666046635
41.0474,0.0379882101232525
41.1799,0.118403717239232
41.2878,-0.0828464543562291
41.3355,-0.0110506001608357
41.4731,-0.0326187768495387
41.5828,-0.0829731797256557
41.6004,0.141309705970947
41.6414,-0.0765520035143936
41.6503,-0.0177617338862035
41.723,-0.0831420420890012
41.7273,-0.0389384346280437
41.8231,0.0571496776645262
41.8581,0.131376555248288
41.8825,0.123831164047509
41.9288,0.137776425243665
41.9373,-0.0826995268123767
42.0113,-0.0229245593322034
42.0308,0.0656134359546172
42.0783,-0.0185261675112471
42.1016,0.0581718465260721
42.1058,0.06392377121783
42.1628,0.128541461216585
42.2173,0.108909433336969
42.2308,0.107868607912998
42.3109,-0.0654282657723186
42.3771,0.029560903435609
42.39,0.142712478181693
42.4106,-0.0554926211178639
42.5243,0.124591525337465
42.5347,-0.075436003915442
42.5471,-0.0841477745537915
42.7737,-0.0871806741143573
42.8314,0.0282358506170581
42.8885,0.0827406855034951
42.9635,-0.00476090216604064
42.9776,0.0840079755183467
43.0195,0.0295185638447037
43.0223,0.0437982720509922
43.0533,-0.0879715055736128
43.2509,0.0839304068935647
43.2539,-0.0591422848954437
43.2756,0.145469850920833
43.329,-0.0173579665484169
43.3756,0.133885528415462
43.3915,0.0415075916947814
43.45,3.97414078108227e-05
43.4912,0.125793641757333
43.525,-0.0526620024359445
43.5406,-0.0175535437281198
43.5703,0.0260263972242143
43.6014,-0.0211276787093198
43.7167,0.012592346749642
43.7886,-0.075775481118491
43.8385,0.0132411555174414
43.8602,-0.0809990360990795
43.9028,-0.0821335252686524
43.9681,0.138314902453018
44.1079,0.0828021746104426
44.1745,0.115051984594935
44.1921,-0.0072205340660858
44.3818,0.143924038367274
44.4454,-0.0494322538211236
44.4718,0.0932768645897468
44.5351,-0.0791794729253539
44.5867,-0.0863340638613792
44.6428,0.150159583539548
44.6448,0.12333285735648
44.7636,0.0443060744714714
44.774,-0.09151294378605
44.8224,0.150710337600806
45.0458,0.0515372467092803
45.046,-0.0905208986067407
45.0482,0.0835209294098291
45.0655,0.101394445632089
45.1731,-0.0737595133942008
45.2376,-0.0670529190503117
45.2436,0.0800587925810632
45.3538,0.151252034967477
45.3594,-0.0883882089095351
45.3701,0.146302912166533
45.3718,0.103743638937296
45.3981,-0.0114696763561923
45.4878,0.111115798014161
45.499,-0.0814479496833442
45.5009,0.0671137096936363
45.5579,-0.0656033064216075
45.5983,0.0800243013358255
45.664,0.154306255694394
45.7165,-0.0504699504972663
45.732,-0.0815620392704091
45.8618,0.140511733196341
45.9387,0.146381711692989
46.0404,0.0503433466340724
46.1146,-0.0804447683270126
46.2761,-0.0640125357185326
46.3,0.0951021386297768
46.3038,0.00388101523071072
46.3175,0.15362009182418
46.3199,-0.0478409498307002
46.3416,-0.0762628904616207
46.4409,0.126103662194701
46.5029,-0.0501763190463009
46.5283,0.0702330095521404
46.6217,0.153391995646309
46.6306,0.133784326356469
46.7407,0.0566504753921535
46.8228,-0.0311457233375592
46.8783,0.096529031757818
46.9385,0.146446036779892
47.0302,0.145947532013778
47.0502,-0.0852284079707673
47.059,0.010635479122854
47.2508,0.157234268906421
47.3003,0.112328321536459
47.4185,0.157788488656912
47.4586,-0.0996072187835253
47.5316,0.16063287602352
47.5668,0.131928427254117
47.5815,0.12244668699978
47.6149,0.0106798563954342
47.6956,-0.0854386741281346
47.7289,0.00123852261174306
47.7891,0.0570268911255027
47.7915,-0.0142986574520876
47.8341,0.0039494985821662
47.8933,0.0126205677075859
47.9219,0.157013007221458
47.945,0.162847025880261
47.956,0.158321679047511
47.9653,-0.0994715427187458
48.0438,0.163093910380773
48.0465,0.155421715700612
48.085,0.0786923869799523
48.1979,0.163515203970576
48.2264,0.000486761549886694
48.2294,0.0590433325821706
48.2789,0.163015244990568
48.301,0.113683040153056
48.368,0.158076931642341
48.5363,-0.079468637398783
48.5635,0.162230015129602
48.5921,0.159315229909296
48.6098,0.132429761087153
48.6631,0.113213714154632
48.7021,0.165246901283645
48.7304,0.165375459366871
48.8042,0.140687318448137
48.8102,-0.103917626462774
48.8107,0.0802058908468481
48.8888,0.152269400791127
48.8936,0.155990084584985
48.942,0.159044221618515
48.9865,0.0455895059233953
49.035,0.0903535810653366
49.071,-0.0623747809737836
49.2299,0.145942060375418
49.2683,0.0762279075870751
49.3062,-0.0019591121400353
49.3727,-0.0856820969716594
49.4266,0.16386898234142
49.428,0.133945666881843
49.4334,0.103387421539935
49.4845,0.117332428080857
49.639,0.075702491151965
49.6643,0.10209957250958
49.7269,-0.0285583087097692
49.7797,0.0828303887324395
49.8765,0.00946347164003214
49.8801,0.165451701740352
49.9383,-0.0781023778334813
49.9458,0.0770648992838403
50.0151,0.0162646891152392
50.1067,0.161217047292489
50.118,-0.0338810574721506
50.1871,0.0319572508706543
50.2215,-0.0998763847003872
50.2391,0.00630879985534705
50.242,0.108150281208388
50.2444,-0.02404791172237
50.3383,0.0283043925222088
50.3391,0.0255346747557539
50.366,0.119535116139083
50.4658,0.151475022261089
50.4933,0.0410410214239434
50.548,0.00873789069797937
50.5879,0.013571314746045
50.7714,0.171198875260401
50.796,-0.0312517640200127
50.8372,0.015237734452441
50.9246,0.135851246295324
50.9618,0.0488005137772447
51.047,-0.0217588482806832
51.0497,0.14545581927235
51.0576,-0.107757854385355
51.1195,0.106153477354979
51.1225,0.0132864113084921
51.1668,-0.107491887715945
51.1829,-0.110139413191739
51.1902,0.0172193372738789
51.2355,0.0430778355223893
51.2434,0.165438473374657
51.3753,0.0285909818853227
51.3805,0.0365675969196815
51.3927,0.0228163877336343
51.4427,0.0348591137765339
51.4448,-0.0649097291011671
51.462,0.17183402118399
51.6362,0.148411821956223
51.6394,0.175375857061496
51.6457,-0.0744857909952259
51.8972,-0.078675747558826
51.9014,0.155705131625879
51.9486,0.159438566732703
52.0404,0.0373670535987429
52.0721,-0.109708187633238
52.1226,0.0531354657210201
52.1695,0.157306902880499
52.228,-0.00999972920826764
52.2527,-0.0220977656408223
52.2582,0.152086926228414
52.2733,-0.114901798773289
52.4007,0.173366868525029
52.5167,0.178009116120101
52.5363,-0.100310698097758
52.5773,0.17542474844862
52.6056,-0.0948516593582696
52.7268,-0.11646380279555
52.7739,0.173339603121129
52.7767,-0.0226272794453379
52.8078,0.00568243411555613
52.8476,-0.106872325303492
52.8771,0.0372064751066574
52.9168,0.166982255942173
52.9433,-0.0594196618761984
52.976,0.16400497716419
53.0462,0.170969899259944
53.2045,0.170793437493337
53.2588,-0.0917165798293453
53.2616,0.098285463703597
53.301,0.179213757057816
53.3379,-0.114860535448486
53.3558,0.0273886763391502
53.4268,0.073837113877758
53.4374,-0.106800911109289
53.4449,0.0658478894535008
53.4867,-0.106381036650163
53.5649,-0.0572258561767214
53.5789,-0.118644580258142
53.5966,0.153531309272246
53.6095,-0.0126541543416678
53.6356,-0.104396031439173
53.7722,0.026432689257085
53.7756,-0.0296058689999086
53.8903,-0.0661233848282947
53.8938,0.169083932300687
53.9689,0.179448821201824
53.9883,-0.0927249136762711
53.9913,0.0159998750171511
54.0347,0.0108841387715302
54.1137,0.0515430433110495
54.1317,-0.102872041990246
54.2325,0.128730408855795
54.2369,0.146524599660012
54.2702,0.173604331807915
54.312,0.165032005899427
54.331,0.00436778594894349
54.3537,0.0530594409050522
54.4286,0.134863448123909
54.4425,-0.091209589323789
54.4698,0.149761224162319
54.5692,0.178556097521351
54.5725,-0.00865645430777562
54.575,-0.122004316225912
54.5872,0.0293109535635239
54.6018,-0.0864540704562557
54.7012,-0.0533390451510058
54.7607,-0.100696069716392
54.7927,-0.0977433772850773
54.8047,0.118139970554154
54.8641,0.162158971390845
54.9005,-0.115244155327403
54.9124,-0.0176069865547888
54.9126,0.113858924313412
54.9949,0.158273495339252
55.0485,0.00321081533203227
55.065,0.0583976194993667
55.2159,-0.121381450870757
55.2179,0.0921509338860886
55.2581,-0.0538361312667703
55.2632,0.0790594576043659
55.3176,0.129306839474175
55.3856,0.186894851306519
55.3961,0.0583968907887567
55.4163,-0.108547145612228
55.4324,-0.0912854827640928
55.4337,-0.0713100907796189
55.4428,-0.0390622105201999
55.4597,-0.119157550691789
55.4844,0.177915498640417
55.5694,-0.0106554581044662
55.6181,-0.09733607944667
55.7239,-0.0787210387754413
55.7553,0.188272519024949
55.8091,0.181999827072495
55.8216,0.133077251252921
55.8522,0.189687791253235
55.8671,0.109214162487419
55.9323,0.0687645902193168
56.0693,0.0363583608401825
56.0962,0.162707767952256
56.113,0.0178454822274645
56.1342,-0.127259273718586
56.1658,0.164606353333276
56.2127,0.180868598191658
56.3035,0.0789738499432602
56.3411,0.170557411262131
56.3556,0.101059015614936
56.358,-0.077231338287028
56.3696,-0.118864652244454
56.3865,0.168027249095545
56.4072,-0.128764427379302
56.4265,0.191629847932369
56.5237,0.191786158018139
56.6454,0.113724333913645
56.665,0.192074250432405
56.711,-0.0897889200847999
56.7419,0.124963230483104
56.7557,0.192695120899998
56.7948,0.190384717815334
56.9168,-0.121694186970842
56.9267,-0.0754739225731882
56.9616,0.110761053551968
56.9661,0.00187680225290165
56.9905,0.03745846656048
57.0694,0.0961265368481321
57.0914,0.19120539475685
57.148,-0.0344937618985526
57.1529,-0.0403789312963028
57.1754,-0.0550656764796287
57.2553,0.187433717211235
57.2703,0.153149830590216
57.2833,-0.125060010301141
57.2871,0.194300792009628
57.3203,0.18845507377808
57.3207,-0.0604785346026731
57.411,0.137219007349699
57.4698,0.126229346334647
57.4756,-0.111132422737334
57.4899,-0.0296521092179916
57.5906,-0.0530027987398753
57.6093,-0.00923707982767041
57.857,-0.00775071720691756
57.8762,-0.127362504869694
57.8868,0.164553787218743
57.896,0.0341220221719638
57.899,0.188010072640665
57.9373,0.0130428885625449
57.9526,0.188740145776556
57.9832,-0.0251761107151935
57.9852,0.121700146523651
58.0333,0.100610897534359
58.0598,-0.0363160653931445
58.2024,-0.132930695128671
58.3715,-0.0870587357803601
58.3728,0.167004937095655
58.39,-0.0949627545595249
58.4832,0.0135735482772148
58.5352,-0.136837234415729
58.5942,-0.0102648002351842
58.6709,0.119225241478595
58.6846,-0.0894159384411779
58.7382,-0.0396815466689517
58.7835,0.146269141394249
58.866,-0.0261111645806054
58.8906,0.198720670947893
58.9673,0.0255708899689751
59.083,0.0637767430199858
59.1124,-0.0789154849485953
59.1941,0.118434183330407
59.2112,0.186334988671526
59.3174,-0.0415456086069241
59.3184,0.113112529569896
59.3331,0.00128075920035542
59.3535,0.1999985658261
59.3586,-0.0859642385597255
59.3606,0.0514326381957986
59.4013,0.0681682236732257
59.403,-0.108569252094242
59.4375,-0.0528673735230498
59.4653,0.0551946701241377
59.4756,0.195430845551869
59.4896,0.11078667278808
59.5874,0.191073024354004
59.7307,0.190357752474362
59.8179,0.0942042261844236
59.8404,0.180583870151729
59.9367,0.203208864543711
59.9639,-0.089973941249589
59.99,0.076758868986559
59.9925,-0.11829380691362
60.0249,-0.000769374072554285
60.0807,-0.113504069568656
60.1365,0.201269698863783
60.1457,0.201156422354828
60.1519,-0.034405106279948
60.1849,-0.0681836764001389
60.2223,0.0888533503516626
60.3838,-0.102451662289475
60.403,0.198301809949982
60.5789,0.0438551836402183
60.5857,0.166310245993941
60.6002,0.205745885891815
60.6444,0.191160420695148
60.6782,-0.0410484984964867
60.6998,0.205782529364136
60.7241,0.0920822898908753
60.7776,0.0475665205391991
60.8231,-0.11034489405764
60.8352,0.203087773501125
60.842,0.20331571352947
60.8514,0.169699207750377
60.944,-0.123453545289294
60.9886,0.199054596155193
61.0165,0.0324047341222737
61.0864,0.00603220749432865
61.1085,-0.0646414687759034
61.1229,-0.133032422132196
61.1306,-0.129291658629782
61.1325,0.205145918681588
61.1482,0.0922275618442754
61.161,0.194701348707291
61.2044,-0.0603142566011812
61.2428,0.184105058757659
61.2778,-0.0807264539687225
61.3938,0.206580824544865
61.4452,-0.0371005640409336
61.5454,0.185570028762662
61.6295,0.10514018832
61.7217,0.180475807091454
61.7524,0.209245315946617
61.7554,0.167722848383391
61.8403,0.192102310671601
61.8873,0.184623914009904
62.0385,-0.149607719258867
62.05,0.0882407838241761
62.068,0.0168418723110406
62.0913,-0.146271394756802
62.1164,-0.117512087944299
62.206,0.0463694773953591
62.2084,0.204056133759202
62.2361,0.179688098905693
62.2502,-0.0491049128798196
62.2925,0.0261854599894988
62.2931,-0.0158823340207661
62.3293,0.124358246824706
62.3355,0.0956109331859594
62.3356,0.133032955893412
62.4187,-0.0446676343384453
62.433,0.123117620168991
62.5036,-0.124470175618555
62.515,0.209502106916837
62.5284,0.166277647457783
62.5475,0.209341260125349
62.5569,-9.47238268409478e-05
62.609,-0.118263234186642
62.6155,0.109837726411705
62.6315,-0.128700689512648
62.6381,0.0636594537725443
62.7031,0.16958025968232
62.7141,0.213032546140433
62.7688,0.199786197456035
62.8199,0.195639127405308
62.8281,0.0684957863422682
62.884,-0.132541330454984
62.9403,0.05000571803253
62.9788,0.193597072932775
62.9839,-0.0768166140301005
63.0018,-0.151592257466667
63.0513,-0.038288104598152
63.0845,0.182273481989199
63.0857,0.193510227072494
63.1441,0.212943797356161
63.1498,-0.103384939054095
63.1704,-0.152217556269896
63.1781,-0.12890183533225
63.2096,-0.152172810897575
63.2588,-0.0041642972396474
63.2887,0.0575524383324293
63.3501,0.0946993966605518
63.3672,0.0561260961790353
63.3705,-0.0939264978047447
63.4169,-0.130625959065561
63.5169,0.0448248472717268
63.5468,-0.0929716282014184
63.6149,0.0951259017937574
63.6775,0.191129495153682
63.7,0.203600696059318
63.7391,-0.00784852675109704
63.7575,-0.137856781633737
63.8475,-0.149408340882779
63.9707,0.170978281500588
64.0032,-0.139166190482783
64.0253,0.180629369731705
64.0278,0.128194526642105
64.1203,0.130507822458988
64.1393,0.193539136637966
64.1751,-0.0223230573657247
64.1832,-0.0869815801317912
64.2899,0.0189385341043931
64.3089,-0.116878538631894
64.3382,-0.158251173763617
64.3542,0.206409538405424
64.3878,-0.133217247229794
64.4949,0.183368651399419
64.5761,-0.149416692937365
64.5977,0.21522200213883
64.7212,0.218202251323433
64.7557,0.019982140659863
64.7745,0.163756440096009
64.827,0.173724630326873
64.9457,0.027033445875233
65.075,0.171098039585914
65.088,0.179931287034606
65.092,0.220955405793504
65.1662,0.21436208220203
65.3115,-0.139363061962612
65.319,0.129906035674509
65.3202,-0.136445560040215
65.3809,0.117649578821954
65.4032,-0.117042882436721
65.4235,0.0164726607333421
65.4993,0.218330589180567
65.5447,0.220888214106594
65.5661,-0.141050988060712
65.5977,-0.157633141594275
65.6052,-0.162194894731982
65.655,0.0478332686038954
65.6608,0.130606129327873
65.7602,-0.122426648341445
65.8268,-0.164086769980784
65.8323,0.218153676633108
65.8519,-0.0126815313768134
65.9187,0.222760137438911
65.9304,-0.163508431701928
65.9304,0.15905279152804
65.9408,-0.163493661226866
65.9457,-0.132653828211318
65.9528,0.177771129162522
65.9805,0.0633586253782141
66.0788,0.191657925263982
66.0852,0.00361024108131858
66.1392,0.109455894661934
66.1668,-0.0736796604769694
66.3055,0.0231481888251039
66.3265,-0.10631996165597
66.3657,0.224597419212799
66.4081,-0.0880451836147671
66.4733,-0.00171841444574738
66.4858,0.208176510931281
66.5051,-0.146550193690146
66.531,0.225931329149446
66.5359,0.0342613064370454
66.5599,0.222868213338558
66.5978,-0.164720842014276
66.6001,-0.112206168868127
66.6212,0.223507290259974
66.6232,-0.139630144220348
66.6246,0.0551291271351886
66.626,0.091287117248001
66.8173,-0.164145277676099
66.8289,0.0987432512153248
66.833,-0.0344015337037007
66.9652,0.227090675371585
67.0508,0.209544651094802
67.0585,0.00590842063935781
67.0601,0.223738580544207
67.1212,-0.0466439057555874
67.1279,0.0554578263408558
67.1503,-0.138774744487407
67.1504,0.0722616859117267
67.1786,0.0294611298860588
67.1844,0.171692878513369
67.1868,-0.167888265163938
67.2625,0.103459546672951
67.3064,0.172868487317402
67.3385,-0.115286888947523
67.3845,0.215643253632692
67.42,-6.16692275485775e-05
67.4393,-0.0683904492432816
67.4523,0.226844443908846
67.4625,0.213865882557755
67.4683,0.224459144480463
67.4787,0.118445327952045
67.4903,0.0392358115655043
67.6306,-0.148474297345601
67.6919,-0.0239361769619109
67.7163,0.198382828358731
67.7705,0.187191327776418
67.8195,0.177492996994985
67.83,0.22497272094347
67.8715,0.00220696188802094
67.9506,0.183443845846156
68.011,-0.0138674361695195
68.0209,0.230611133263679
68.0442,-0.0303287683422866
68.0624,-0.0864026416093253
68.1141,0.228705463902614
68.1241,0.227032126417882
68.1544,0.213444412931096
68.2889,0.200612354472369
68.3111,0.228734658573757
68.3671,0.209142104602435
68.3758,-0.114442895369379
68.3964,0.23219426972716
68.4656,-0.109684320923805
68.4922,0.230623571590968
68.5273,-0.159399236024058
68.7255,0.0410406497658187
68.7766,0.159281949844001
68.7811,0.129207318209993
68.8215,0.0974353754436805
68.8907,-0.0284784104939604
68.9196,0.224921341534412
68.9287,-0.143153240374929
69.0185,0.0257645200537269
69.048,-0.010141745310051
69.0595,-0.0295869341942847
69.0842,0.0703161794527318
69.2083,0.0893267854088009
69.3567,0.0419769024453842
69.3713,0.105831575283986
69.4001,-0.158175291836514
69.4184,-0.0299182545034853
69.4399,-0.0561252766597704
69.5131,0.236100527278595
69.5317,0.230903848817221
69.5736,0.157846287294618
69.5775,0.230868304889981
69.588,0.144851472734061
69.5882,-0.0236867049063818
69.6026,0.230506378066892
69.6099,0.231122768738032
69.6274,0.215741427911624
69.6455,0.235223440141183
69.6555,-0.156650837625989
69.674,0.0495673247371826
69.777,-0.0787718217011673
69.9469,0.00380582552445219
69.9828,0.237640388929762
70.0057,0.236735781994923
70.0186,0.139501589322094
70.0318,-0.142379636024813
70.068,-0.120442670232123
70.0929,0.163198853451817
70.1107,0.237586532795007
70.1141,-0.172708774379785
70.1478,-0.177694845302355
70.2325,0.17654035510725
70.2979,0.174709694412115
70.3105,-0.0669156338235695
70.314,0.238652497714483
70.3268,-0.00505691780453787
70.3703,0.21855006628067
70.4303,0.0530482202625677
70.4451,-0.0549928928220567
70.5115,0.137327771399001
70.6021,0.0544058306572737
70.6451,-0.14136111464542
70.6609,0.00331340874006969
70.762,-0.10442002590635
70.8885,-0.126922354385499
70.8986,0.0384852625909105
70.9067,0.240723954873772
70.9722,0.0324232266855802
71.0269,0.183518770081832
71.0306,-0.110328067850645
71.0642,0.177112267964461
71.0715,-0.0237916247898227
71.1649,0.0207699664349832
71.217,0.0914854901723032
71.2481,0.231889066916324
71.3505,-0.137281761291078
71.3717,0.242349638207202
71.4018,0.0556616121292421
71.4391,0.233735823413326
71.4533,0.242595378562996
71.4591,-0.179634413029078
71.4606,0.241905326657331
71.5382,0.228475247338096
71.5952,0.242405831493556
71.6114,0.234490527818863
71.6248,0.183159200842596
71.6636,0.21278083630483
71.6864,0.243188559032362
71.7206,0.220000863905767
71.7298,0.214352220436737
71.8105,0.0860348404691109
71.8212,0.112943467248471
71.8442,0.230497811256754
71.864,0.136647188851867
72.0432,-0.0959874262966167
72.0434,0.212164693764549
72.0706,0.244516912179549
72.1474,0.212363993028305
72.2052,0.00700146976087979
72.2616,0.142497793242669
72.2963,0.0713601255084342
72.3526,0.228471409865477
72.496,0.234651516159857
72.5008,0.246383018641495
72.5689,-0.147816432288963
72.5933,0.246303560910704
72.6217,0.00411961610815581
72.6546,0.0249735878730633
72.6713,0.244718560862381
72.8264,-0.176305688355768
72.9108,-0.193158402259783
73.0044,-0.000409949540070897
73.0152,0.0136110381879035
73.0284,0.122884977035937
73.0326,-0.118670066368978
73.1508,-0.115164916615242
73.1608,-0.0286779515330409
73.3014,0.182294981678311
73.3067,0.0099940534291818
73.3089,0.149519722782728
73.3941,0.249337704160496
73.4016,0.249558137724947
73.4114,-0.123522201854314
73.4308,0.0431113449728997
73.4875,0.0724700809121543
73.5123,-0.147785584364385
73.5352,0.204997095970285
73.5732,0.250402781487793
73.5816,0.249803246076198
73.6057,-0.0815011699381643
73.607,-0.0444235408026117
73.6309,0.0412326211657046
73.6502,-0.142493970174087
73.7144,-0.161951142454555
73.7323,0.21877109700462
73.7627,0.25052226639869
73.7899,-0.126722603256439
73.8464,0.0474579466934699
73.8469,0.222039656899256
73.8509,0.200548906160819
73.8552,0.192207657851654
73.8596,0.197460044450537
73.9166,0.210301027089457
73.9348,0.0041850785785158
74.0074,0.252024969223839
74.0271,-0.186559951973805
74.0314,0.195719296945768
74.0412,-0.187270552649537
74.0457,-0.00407189098596916
74.0551,0.251559257465217
74.1039,-0.153924477736268
74.1089,0.247732558293293
74.1173,0.245725809395296
74.2123,0.0723202013455904
74.2168,0.251344320837291
74.2334,-0.173517159856289
74.2471,0.194968765126291
74.2546,0.250910156368974
74.2572,-0.158577647506306
74.2775,-0.147001742569032
74.4148,0.19953557098178
74.416,0.204351710264248
74.4178,0.0153761345364956
74.4612,-0.0840403079514118
74.6359,0.236552611886253
74.6405,0.180152013777672
74.6532,0.0606377535117986
74.6826,0.23246737797227
74.7074,-0.0703032729128807
74.7172,0.135313462031746
74.7214,0.254657076259349
74.7431,0.254080757438601
74.7908,0.177044597024789
74.7961,-0.153287467834545
74.8242,-0.200622159862078
74.8471,0.2513392622932
74.8697,0.243600666414295
74.8803,0.233087719604384
74.8994,0.254533728023134
75.0403,-0.196489646808118
75.0486,-0.18608788807208
75.1153,0.219080468644648
75.1536,-0.0653438977428067
75.2304,0.139862678051927
75.2815,-0.116424631061932
75.295,-0.0333964495020922
75.2957,-0.131040906617159
75.4,-0.0617185889719707
75.4466,-0.0836345812033699
75.5381,-0.0520754389366829
75.5758,0.239002779573028
75.6427,-0.148896331932136
75.7249,0.211389631422449
75.7676,0.210492797694542
75.7854,0.166881894686
75.9398,0.160855731913244
75.9575,0.256901102588003
76.0502,-0.118731873526386
76.1281,0.240145058514017
76.1694,0.253508854661561
76.1804,0.175935192184724
76.1919,0.0875547630538023
76.2093,7.20724934524242e-05
76.2504,0.259484361708999
76.2594,0.0682859969283243
76.2622,-0.140225407431785
76.3614,0.256674953567526
76.3805,-0.186662065493209
76.3813,0.00962859957485307
76.4204,-0.206093838095228
76.4222,0.210779264128107
76.4725,-0.149758450653607
76.4993,-0.118333757991266
76.5192,0.260510132102837
76.5253,0.0614189534575331
76.5613,0.169752530654563
76.5673,0.0457667323332487
76.5821,0.260118946123043
76.5926,-0.0728227922660665
76.6149,0.0735496752586613
76.6192,-0.0863189907018693
76.6269,0.261392294965191
76.673,0.0891854374467727
76.6786,0.253902367412934
76.7083,0.0512504233634132
76.7617,0.128618171689979
76.8073,0.0606759537850934
76.8125,0.256467509064493
76.8653,0.249320115331059
76.9393,0.112006123486495
76.9757,0.263102237949269
76.9833,0.136948476097601
77.0122,-0.0393566388737554
77.0396,0.260858460388775
77.0698,0.0462730891148766
77.074,0.0354843657723336
77.233,0.156969377198294
77.2334,0.113785006401173
77.2355,0.0627579516296208
77.2989,0.264139037961314
77.3238,0.169289223431079
77.3256,0.260558642900776
77.3305,0.177241576690506
77.41,0.24655913872094
77.4104,0.25312308543748
77.4267,-0.193530260026748
77.47,-0.208386170881539
77.4721,0.0719065724419465
77.4926,-0.0565548813835903
77.4968,0.234183984339694
77.512,0.0518951133092429
77.5224,0.257671296073838
77.5561,0.263477723399646
77.6348,0.0363973462798128
77.6929,-0.114670747235948
77.8941,0.163048127316202
77.9579,0.266681744547697
77.9948,-0.0585965795598895
78.0009,0.242812109950478
78.0034,0.264987083601639
78.023,0.0545484618307768
78.1558,-0.00646273853330115
78.1747,-0.151115917874051
78.315,0.130370489623971
78.3486,-0.143378940798584
78.3574,0.228372480383371
78.3873,-0.213426214540391
78.4384,-0.110534847910742
78.4655,-0.113700531763016
78.4782,0.237060306534346
78.5094,-0.200158965464325
78.5295,0.0932312952679553
78.535,0.155293160980051
78.5429,0.265311170789914
78.5714,-0.213452056093985
78.5775,-0.211885211262157
78.5779,-0.167990501879842
78.6007,0.267364445241071
78.6648,-0.195498960242816
78.7004,-0.104632329199092
78.7442,0.0165918751831526
78.757,0.00185483530401598
78.7622,-0.0700068206838438
78.7636,-0.182744277772613
78.7906,-0.0486769187940723
78.7927,0.269693135472551
78.8996,0.182891325437282
78.9013,0.263523107680371
78.909,-0.145344066263732
78.9288,-0.135175815326789
78.9623,0.185757193564257
78.9976,-0.216572016098908
79.0949,0.0926444978123442
79.193,-0.0270133057696853
79.3055,0.267899484619733
79.3229,-0.20158094064837
79.338,-0.158431521928676
79.3618,-0.113955376841588
79.3896,0.0596197651695718
79.4132,0.16904951692031
79.4413,0.0441550807651367
79.4647,0.223795078387056
79.4665,0.272122997124995
79.4924,0.17193227621668
79.5049,0.160525411142672
79.5146,0.270483451328658
79.5235,0.218146575597132
79.6059,0.268800373452251
79.6167,0.270373788224987
79.6374,-0.0513657878287432
79.6655,0.0399259185939371
79.6946,0.107180528545499
79.7015,-0.118919781420061
79.7239,0.0938600823217115
79.7246,0.274352627045729
79.7664,0.0972657993854966
79.7992,0.13655484605367
79.8502,0.0502924445321753
79.9311,-0.185884912131499
80.0585,-0.2229126696582
80.0879,0.0199138947292141
80.1119,-0.222760810348959
80.1244,0.272698945601533
80.1728,-0.0638505073822415
80.1807,-0.0384872428855516
80.1837,0.274976876191488
80.2322,0.261846884144191
80.2772,-0.193971631214879
80.3949,0.27721920624937
80.4102,0.268606607963534
80.4131,0.0775824276551589
80.437,0.248593126759758
80.4417,0.256792210815519
80.4702,-0.10268520884884
80.5056,-0.227707861134064
80.537,0.274815833906359
80.5717,-0.150441451151323
80.5847,0.276764474580247
80.6176,0.252240843767296
80.7069,0.202671980305681
80.7315,0.0168710452296921
80.8383,0.277773103444204
80.9109,0.0720173241898578
80.9268,0.27483309034713
80.9332,0.276411025672417
80.9517,-0.139196596973107
81.0029,-0.00585543313174242
81.0097,-0.000904726031322411
81.036,0.260667986909155
81.036,0.275084334610199
81.1065,-0.00200630310953898
81.1231,0.259977603770338
81.1407,0.197780954117832
81.149,0.278285755966451
81.1556,0.220927310001031
81.2285,0.109686979040376
81.3223,-0.0981700585867031
81.4093,0.277964962185322
81.4209,0.273762726601305
81.4358,0.281380086385099
81.4459,0.0822640694241841
81.4826,0.26570625105667
81.5382,0.107447767528313
81.6048,-0.227486839588948
81.6532,0.000925379756864686
81.6759,0.195938790646196
81.7459,-0.213230691817699
81.7534,0.0581686374874266
81.7575,0.187161202717391
81.8104,-0.012970646581806
81.8516,0.279894673615132
81.9413,0.228252427320072
81.9496,-0.102224593592751
81.9843,-0.134071141165663
82.0152,0.239342726535355
82.0433,-0.18445010296054
82.073,-0.229162590882069
82.0824,-0.0598325321994935
82.1558,0.281346410227286
82.1762,0.13559748036306
82.1942,0.266083161760719
82.2167,-0.00013139518779326
82.2463,0.181241955496063
82.2746,0.0428585189525847
82.2975,0.0112093032518032
82.315,0.264237131624654
82.315,0.283736013112033
82.3345,0.280260046724052
82.3405,-0.230112906077551
82.4109,0.0326007517711275
82.497,-0.217577569310066
82.5065,-0.204103930555789
82.5109,0.281233371364607
82.536,-0.0401480692567162
82.5655,-0.233118527756659
82.5699,0.27720574748426
82.5764,0.0597110263813647
82.5917,0.191781737421181
82.5962,0.283474292296034
82.6141,0.285360238114706
82.6183,-0.204222868551199
82.6207,0.283030376971226
82.6511,-0.0202651485265051
82.6618,-0.223969703431649
82.6689,-0.147666901595798
82.7468,-0.236577230214436
83.0302,0.286950489257194
83.1296,-0.177700883412342
83.1415,0.00459242231571011
83.1913,0.261349887895861
83.2097,0.208162255213352
83.234,0.28700108343736
83.3413,0.108682056089748
83.3822,-0.141887327100051
83.5158,0.232779065514904
83.5385,0.275522510000272
83.5673,0.139751983767923
83.5968,0.284437390143509
83.6116,-0.0553664807019629
83.6225,0.25058351625654
83.6963,-0.236052223692724
83.7309,0.273994202015061
83.7587,0.228682246266345
83.768,0.289066832646839
83.8203,0.28497450184814
83.9233,0.219979629679912
83.9321,-0.238294759070826
83.9626,-0.241576742909459
83.9652,0.283754220569961
83.9906,0.0930347266190665
84.0294,-0.195502211635883
84.0447,0.245192464500349
84.0507,0.285426915437711
84.1079,0.286635446866697
84.1514,0.213524016900891
84.1552,-0.232251053673977
84.1965,0.0845132582621773
84.2493,0.139571849549256
84.2568,0.285302631057704
84.2575,0.289156396756496
84.269,-0.11178612534286
84.2781,-0.1414897987122
84.3151,0.266277715833439
84.3237,-0.165534358503663
84.3488,0.263039660558206
84.3981,-0.105866970598512
84.4166,0.11349716459921
84.4572,-0.106792243475795
84.5251,-0.244195901297672
84.5258,0.293379307054323
84.5736,0.0352133238771728
84.5918,-0.0371522139050029
84.5924,0.152871024696879
84.6192,0.232409178611135
84.6692,-0.194972367037124
84.7474,-0.157863049912621
84.7507,0.157657413139717
84.7576,-0.0121658026000659
84.829,0.294082731788777
84.8477,0.167752849958674
84.8576,-0.18078554726101
84.8687,-0.183851707332224
84.8692,-0.0263516466277878
84.8982,0.13730907338558
84.9158,-0.246987945240789
84.9231,0.294685760808022
84.9386,0.294971558198512
84.959,0.225157430702239
84.9908,-0.236402676464223
85.0522,0.294276727987793
85.1155,0.198543818128741
85.1185,0.217054500157289
85.1872,0.150891761827026
85.2622,0.0562095232482704
85.266,0.0841944665264265
85.2731,0.294204546198529
85.3284,-0.0295973559706368
85.3557,0.0547367273169357
85.361,0.182367364925781
85.4107,0.279021083924633
85.422,0.0243117507792903
85.4259,-0.251610367666913
85.4448,0.262408822957582
85.4902,-0.0103404793019166
85.5251,-0.107402258382749
85.5749,-0.167976258944634
85.624,0.249198407666739
85.6362,0.287768734891102
85.6409,0.190088769184101
85.6489,0.0476817752422818
85.7208,-0.249508375422948
85.7376,0.293455679767632
85.7731,-0.177953792046168
85.7868,0.290993475018595
85.8046,0.189422081082668
85.8994,-0.248291679032491
85.9276,0.272833430642692
85.947,0.293617526748434
85.9776,-0.175585259483142
86.0026,0.298082251055689
86.0143,0.298219911812623
86.0375,0.168771017871308
86.1225,0.301892272877936
86.1309,0.27813546965929
86.1452,0.29487846389388
86.2004,0.0481246495662191
86.2025,0.278936257051996
86.2502,0.0204151224121887
86.2762,0.143867080735262
86.2897,-0.0619742116168283
86.3496,0.173482492856536
86.3591,0.244803028378328
86.3745,0.268230860609748
86.4033,0.219793466679164
86.4226,0.272437794948672
86.4435,0.149654336468629
86.5085,0.0505994261527007
86.5513,-0.0742679643127246
86.5933,0.215432938755953
86.6185,-0.251872273389623
86.6271,0.0284216577749135
86.6302,-0.190949587759377
86.7504,0.280454535344376
86.8117,-0.254079189511771
86.8221,-0.0555872253127063
86.8379,0.304149317373344
86.8857,0.0269828994706671
87.0131,-0.239331337663643
87.0604,-0.0725431748158485
87.1234,-0.253377091229652
87.2049,0.0312859710968496
87.2487,-0.260343027443241
87.255,0.299769846740134
87.2633,0.244098947937914
87.2764,0.29643693882575
87.2874,0.304657717066277
87.3857,-0.234239627613789
87.3913,-0.0296100606905298
87.4154,0.300623939263616
87.4267,-0.0658975484203808
87.4305,0.276463829748479
87.4581,-0.0437736730151101
87.5272,0.292820335977538
87.5438,0.308317261081939
87.5537,0.306486047262055
87.5596,0.278364218519926
87.5659,0.29969973864732
87.6019,0.0529215463899675
87.6266,-0.0539653521016703
87.6309,-0.134560506088178
87.6351,0.299697531105451
87.6394,0.28018413796913
87.6916,0.140272288846404
87.704,0.300788731832924
87.7355,0.0226473957107771
87.7613,0.205770644992356
87.7673,0.115935509420183
87.8159,0.302559717953585
87.8563,0.103365477845287
87.8953,0.0789464069217161
87.9006,0.255186278835978
88.0205,0.0553258397697931
88.0393,0.310500093215168
88.0481,-0.0580807091601798
88.08,0.309721573893725
88.0813,0.205357615256986
88.0975,-0.136219006387336
88.1217,-0.0253389561593451
88.1471,-0.128669580314082
88.1611,0.134413081793923
88.1839,-0.179157278674296
88.2293,0.304207395340768
88.2423,-0.263763100650891
88.3104,-0.0456900683308135
88.3195,-0.0483435385478543
88.3534,0.182749980064429
88.412,0.180847201275881
88.4239,0.0533642654376933
88.4621,0.279526524509919
88.4736,0.302943007056271
88.4849,0.039286930524483
88.5295,-0.101384600862488
88.5319,0.309359136468132
88.5414,0.309310959344742
88.5625,-0.245372734876526
88.6264,-0.236033369835681
88.6952,0.115823894724656
88.7017,0.300082010886484
88.704,-0.112577960669924
88.7345,0.0521660326389082
88.7575,0.305046661452636
88.7721,-0.231139412145694
88.7983,0.164582225569973
88.8206,0.286415835190724
88.8613,0.0265695950077856
88.8846,-0.238476778513061
88.9378,0.235042376892054
88.9467,0.290986394023321
88.9674,0.308790801515613
88.9684,0.278600322336985
88.9851,0.314858566248432
89.0063,-0.268137432310851
89.0097,-0.160343501517843
89.0232,0.206609504079239
89.0274,0.162289974587878
89.0538,-0.226287428541298
89.0849,-0.133397397083925
89.1585,0.301846575472155
89.1732,0.31260963486632
89.177,-0.21970989848964
89.1846,0.305535235691693
89.1959,0.235716419571531
89.197,-0.245401783243906
89.2031,-0.260915810718814
89.2146,-0.270989703033891
89.2247,0.295869772351992
89.2297,-0.26270253803682
89.3081,0.315838573203962
89.316,-0.0407984069272089
89.3408,-0.197581099941047
89.3682,0.120420193374017
89.4109,-0.13978119891641
89.4252,-0.214133612470448
89.4585,0.308557345992639
89.5235,-0.229243882701411
89.5242,0.24256692762448
89.5375,0.304067727356227
89.5424,-0.171811261889601
89.5533,0.0143482496600456
89.5643,-0.22019373706128
89.5903,-0.250770348134381
89.6922,0.318422590673492
89.6954,0.24716984977492
89.7421,0.307222926923657
89.7451,0.298158349254166
89.7562,-0.264193800433389
89.7568,0.306897365811068
89.7624,-0.25923626863279
89.8056,0.0795984236228264
89.8592,0.299693866869404
89.88,0.239306664617004
89.9069,0.310995273018591
89.9831,0.148213692328639
90.0164,0.222891868052102
90.0214,-0.255599915884787
90.0857,0.304830190126651
90.0913,0.309761756677773
90.1012,0.0655299826859306
90.1167,-0.273400529911825
90.1525,0.320662067466088
90.18,0.0803925391442277
90.1834,0.0736498017585063
90.2359,0.185996348576907
90.24,0.30772345755328
90.2877,0.250642016217043
90.3315,0.31327569831079
90.4391,0.301035956904641
90.4509,-0.101569987317447
90.4613,0.303059849948497
90.4666,0.0953350150037693
90.5228,-0.13161776090827
90.5986,0.307608584604282
90.6001,-0.0156815740013201
90.6878,0.309487656710488
90.7936,0.161473547889116
90.8098,-0.247871786438395
90.8314,0.270247884108244
90.8333,0.320418210743256
90.8349,0.316781922977128
90.8596,0.106347247453073
90.867,-0.0282471770979384
90.8694,0.167801088981079
90.875,0.310339639401178
90.8857,0.308733541800166
90.8946,0.0889722797374191
90.9269,0.312339193732356
90.9533,0.318788912090952
90.9602,-0.205888739402056
90.9636,-0.245173953411026
90.9717,-0.175562902722078
90.9794,-0.216513591940299
90.9855,0.0170372599329056
91.0056,-0.139048677833856
91.0075,0.285245451860519
91.02,0.306668527208302
91.0206,0.296301206288447
91.0356,-0.274827694129343
91.0995,-0.271086027354187
91.1597,0.00486674733431869
91.1611,0.166709785779545
91.2122,0.0362841457253893
91.2153,0.318307436861062
91.2363,0.130926587890798
91.2368,0.224030075537144
91.2792,0.123731469713718
91.3802,-0.145524428714396
91.3902,0.0522696872630348
91.4002,0.325390544825353
91.4235,0.30619254360181
91.4625,-0.2498319098557
91.486,-0.277099234170024
91.5324,0.290895763678876
91.7347,-0.282942664940848
91.7364,-0.21456455444671
91.7613,-0.0220386864961739
91.7643,-0.0530060619459931
91.7729,-0.127575775994984
91.7761,-0.275969083520934
91.7795,-0.273155154139047
91.7927,-0.0612851065586
91.8003,-0.0528766275879207
91.8487,0.207688447133023
91.9186,-0.22970883634342
91.9278,0.272653578251408
91.9283,0.0627626480815309
91.9452,-0.274626844261277
91.9461,0.312487446643516
91.9597,-0.0505635889073801
91.9654,-0.226639629679781
91.9839,0.225669327179745
92.0142,-0.102335856386645
92.0288,0.126635294368342
92.0319,0.308312737688439
92.0501,-0.101066171027711
92.0799,0.0149115155737576
92.0844,-0.14078182835668
92.0858,0.0731627596560571
92.1038,0.0841677356447263
92.1162,0.324254334278521
92.1226,-0.152448631551593
92.1967,0.285552528025647
92.2337,0.0169417919007202
92.2728,0.0868547672437643
92.2954,-0.27893532884643
92.3063,0.00248242130209064
92.3674,-0.286950846202714
92.3713,0.305914741109177
92.3785,0.253826187247284
92.4214,0.331481267879056
92.4414,-0.285714995740193
92.4795,0.254547134194127
92.5668,0.329494967826889
92.663,0.314718068202552
92.676,0.250297306795559
92.6779,-0.0873227039967617
92.6849,-0.114773326420874
92.6859,0.0566289736254646
92.7519,-0.227690238301435
92.7559,0.300974472426375
92.7738,-0.286345101747813
92.8056,-0.1535524478779
92.8209,0.331338764197142
92.8253,0.192520032504362
92.8281,0.148603489855446
92.8614,-0.133632692287847
92.8941,0.332517774891542
92.936,0.162570947184307
92.9423,-0.282798164761573
92.9481,0.314244208152488
92.9781,-0.272973767827153
93.0202,0.108617928690208
93.0421,-0.212562032041745
93.06,-0.178522474431816
93.0676,0.306761821484088
93.094,0.332818768798816
93.1193,0.28193995562998
93.2013,0.0209837952989602
93.221,0.17350477474686
93.2618,0.334254960954652
93.2906,0.320880942087584
93.3323,-0.0131038611490624
93.333,-0.278979678638152
93.3921,0.203241431509127
93.4547,0.250727607976671
93.4676,0.116091144627106
93.5133,0.0226806754685356
93.5349,-0.238803750478283
93.5459,-0.00602086383258893
93.5637,0.336926811089782
93.5832,-0.104493202636704
93.5898,0.333323380251883
93.6078,0.331078051859038
93.6268,-0.253989346103367
93.6564,0.337155776936896
93.6659,0.277676498679483
93.6768,-0.172174350023056
93.8586,0.330166366929376
94.008,-0.0643337499060692
94.0927,0.316347492207569
94.1485,-0.190491043599749
94.1575,-0.0493852568574056
94.1744,-0.165957491738453
94.2025,0.0798009485817488
94.25,-0.162951179347374
94.2538,0.324766382082814
94.2861,0.0255358987309506
94.3117,0.110202815345843
94.315,0.320144525972651
94.3479,-0.0216888102561654
94.3533,-0.260687375472301
94.3711,0.130594705551047
94.4085,-0.285593041678695
94.4493,-0.273485986807799
94.4887,0.121181977212771
94.5029,0.337629912287397
94.5432,0.321122669479436
94.5499,-0.0294745747028315
94.5751,-0.185476809398807
94.5767,-0.275024112956629
94.6638,0.0420749940304859
94.6687,0.333742548002363
94.6726,0.0058549567327475
94.6989,-0.173651438984933
94.7339,0.130278651148515
94.7529,-0.137320304867131
94.794,-0.000937749887853556
94.8097,0.331863706950557
94.8657,0.00936750414891208
94.8901,-0.166977408504579
94.8927,0.332222780184793
94.922,0.324284187408068
94.9709,0.338741389593949
94.9878,-0.29039317742442
94.9915,0.343213738168927
95.0154,-0.294293998354249
95.0172,0.327315480273327
95.0386,-0.100322880060034
95.0495,0.199512406480437
95.0761,-0.230954568871894
95.1421,-0.226631849187513
95.146,-0.0834794713267542
95.2035,0.183940056199134
95.227,0.323809325933382
95.263,-0.281936042327501
95.2763,0.332580553974438
95.3109,0.330690095638047
95.3441,0.323509599463321
95.3513,0.321575149152679
95.361,0.170711456179873
95.3674,-0.133192676175071
95.3695,0.0323002814315885
95.3793,0.153086192712848
95.3837,0.245629408069064
95.4001,0.323964814340826
95.4161,-0.0775433696073122
95.4991,0.00763450749191463
95.5239,-0.303347678752772
95.536,0.134221595693958
95.571,0.0875025924148503
95.5734,0.161510789522239
95.5952,0.108816768063178
95.6073,0.2250152704176
95.6087,0.343721155276356
95.6759,0.321067273812119
95.6783,-0.196720461648241
95.6978,0.344185523596849
95.7457,0.345253035756016
95.7708,-0.260108657461231
95.7778,0.346893682982483
95.8107,-0.0342276721782895
95.8367,-0.0104834157060623
95.8852,0.0485269404109943
95.8958,0.10267625391873
95.9199,0.325916548860562
95.9518,0.34609572878297
95.9566,-0.296828241067971
96.0187,0.298527066815993
96.0259,0.342539176166454
96.0489,0.249435294058586
96.0547,-0.0643169039974225
96.0663,-0.064155138878192
96.0749,-0.0835862963123617
96.0782,-0.0170087961428891
96.0867,0.277715091304202
96.1031,0.323788475378649
96.1284,0.343658903314136
96.141,-0.274628170865853
96.1467,-0.306391687971313
96.1468,0.276080912997529
96.1488,-0.286736511248549
96.1831,-0.267489945660316
96.1947,-0.133981460801181
96.1998,0.35048289089228
96.29,0.312092186736834
96.341,0.351104214748915
96.4229,-0.282893503521436
96.4331,-0.257074782088097
96.439,-0.171427729513155
96.4671,-0.292250436401417
96.4863,0.343604958366342
96.5599,0.205892645098828
96.5929,-0.277234198469046
96.605,0.352402288840224
96.6207,0.328144470497364
96.6964,0.0568905082025708
96.7653,-0.268721615876643
96.7701,-0.292253698744645
96.7715,0.317695834491303
96.7723,0.353335672889685
96.8012,0.303060572468851
96.827,0.307497235207506
96.8442,-0.298052354571837
96.8673,-0.257580803819508
96.8828,0.235121401412812
96.8948,-0.222965235522807
96.8967,0.240953118783537
96.9525,0.169880110434462
96.9553,-0.0531516770261788
96.9622,0.329879719191212
96.991,-0.0401561196961069
97.0317,0.330950280508745
97.0525,-0.255079801959425
97.0662,-0.194156925264679
97.1109,0.33072182794109
97.1676,0.353431652857068
97.1857,0.318704479609721
97.1875,0.25759308379034
97.2121,0.337446754587333
97.2143,0.242800148670128
97.287,0.329316537323038
97.2978,0.0385813623814215
97.304,-0.0763121515689988
97.3562,0.130737115322802
97.4168,-0.101845000004431
97.4292,0.334053356615357
97.4496,-0.274818776012651
97.515,-0.313078784531257
97.5199,-0.0437430739209503
97.5434,0.176558637594653
97.5456,0.07286645058349
97.5646,-0.242831715532347
97.5647,0.166407343555051
97.5918,0.355297935240429
97.6284,0.33132901088959
97.6509,-0.295644141527973
97.686,-0.317198304500295
97.7106,0.318518995292536
97.7254,-0.284435321661292
97.745,0.250708027765839
97.8398,-0.2863230199128
97.863,0.355419001409516
97.9096,-0.147566284576527
97.9232,0.31904944648565
97.9303,0.338289627712157
97.9986,0.0529405345732101
98.0016,-0.097287127801593
98.01,0.212429051805685
98.0129,0.329876572045393
98.0191,-0.315301182111085
98.0365,0.343813031034713
98.0925,0.339422730958304
98.0952,0.336573891332563
98.1067,-0.089817711333211
98.1103,-0.315004548834892
98.1563,-0.0949674075353499
98.1648,0.189880846002907
98.216,0.113920144337243
98.2448,-0.209348806986455
98.2515,0.344344769286849
98.2541,0.281827083075598
98.2624,0.33866614832759
98.2654,-0.210407055375583
98.291,0.0308483967533277
98.3144,-0.0647800252565105
98.3397,0.359355850789484
98.3642,-0.314026951668296
98.3926,0.354501751299082
98.398,0.113031844895943
98.4266,0.253706956928042
98.478,0.292718614842187
98.5313,0.337393276432877
98.537,-0.175012065241631
98.5618,-0.317327731457425
98.5652,0.336505364826067
98.583,-0.204956931632083
98.6004,-0.275616123911448
98.6465,-0.308706365084959
98.7506,-0.205581948883534
98.755,0.305386511767921
98.8655,-0.320123487508809
98.8844,0.36165380035429
98.8909,0.0237028067971892
98.9266,0.080905078456766
98.9388,-0.256597992036589
98.9817,-0.167462330151125
98.9822,-0.259870878466316
99.0011,-0.269145755778212
99.067,0.363927175847849
99.0972,0.355313834093735
99.1057,-0.273250986339264
99.1192,0.301472117855653
99.1992,0.344038880885151
99.2374,0.139247667393079
99.2382,0.212505579495271
99.28,0.280265068764322
99.3031,-0.130671166305007
99.3434,0.302049313350096
99.3561,0.320952893490158
99.392,0.339970802090434
99.4027,0.343846132445208
99.4134,-0.0245175183383566
99.4185,0.272250558542808
99.4241,-0.321407003607305
99.442,0.344195008121659
99.4439,0.359338926709853
99.475,0.201503014700094
99.4788,-0.0305299599463069
99.5126,-0.25589409597211
99.5239,0.350868701044107
99.5265,-0.327515210730326
99.5376,0.207953327204748
99.5756,0.176252938898415
99.6532,0.366817762052435
99.6702,-0.255319383424961
99.6847,-0.253178890072746
99.7254,-0.321996551693914
99.7413,-0.16967752126736
99.7512,-0.197425506911131
99.7527,-0.29244159932064
99.8029,-0.327057730242785
99.8124,0.340137965106294
99.8238,-0.00369236524019811
99.8447,0.256984805074367
99.8686,-0.30109216597269
99.8788,-0.237765738277773
99.9212,0.299264968826719
