Latitude,Longitude,elevation
50.04968307,8.69702483,128.8
50.14492158,8.77138287,109.6
50.13606698,8.62795864,102.3
50.14845608,8.71536285,164.7
50.17243086,8.69109239,104.6
50.14795012,8.75354089,105
50.11351679,8.65383618,106.3
50.14794862,8.68677759,145.8
50.15499359,8.71363721,181.3
50.11298634,8.73912102,99
50.05790351,8.60719432,111
50.14935327,8.64855654,100.7
50.1367834,8.71302966,142.8
50.08662051,8.61017209,95.1
50.17170788,8.72258703,165.8
50.06209881,8.75298996,138.7
50.10897598,8.59041918,108.1
50.06483238,8.69175466,129.5
50.10192003,8.58406997,97.2
50.08570623,8.66589981,113.7
50.10508356,8.62575514,98.4
50.10516876,8.6679646,105.7
50.17391294,8.68953813,103.9
50.09471707,8.780472,109.2
50.06448981,8.73106596,131.8
50.07641719,8.709533,147.5
50.15202955,8.68618918,136
50.07440285,8.59621404,102.1
50.14755609,8.75854807,103
50.11599906,8.76094685,99.7
50.14381667,8.60937192,113.8
50.0875732,8.74970844,109.7
50.12473712,8.77838233,99
50.12133189,8.66186087,111.4
50.1283707,8.69833211,133.7
50.0994774,8.58847911,97.3
50.11094469,8.66972822,107.2
50.11063846,8.64336731,108.5
50.08428021,8.6999208,152.1
50.17436451,8.66474202,106.8
50.15473143,8.74857501,169.3
50.12046751,8.5736068,96.4
50.11576503,8.60664909,97
50.10945264,8.7381404,100.1
50.14066923,8.58035513,124.3
50.04622878,8.67131379,128.6
50.11210647,8.77051042,96
50.16378999,8.63815174,114.8
50.08732424,8.60989385,93.2
50.1378723,8.69281245,151.9
50.05975491,8.64852273,113.7
50.08703601,8.66613554,107.4
50.07577769,8.68899563,148.7
50.11050926,8.76487842,98.6
50.07929212,8.72130211,142.1
50.12809058,8.64814554,114
50.08597143,8.64265038,102
50.15636015,8.61779719,117.4
50.17500121,8.63011286,144.1
50.13936868,8.68933494,149.3
50.10512286,8.63386272,99.2
50.17796834,8.71649115,113.4
50.0823251,8.72991321,141.3
50.10243234,8.7539388,104.1
50.10186207,8.68604167,103.2
50.04185635,8.70201927,134.2
50.137183,8.59220139,114
50.14236044,8.75737135,102.1
50.13530939,8.67401493,125
50.10058641,8.64477859,98.1
50.13609425,8.76193571,106.5
50.12033612,8.69901922,118.1
50.1354731,8.67450243,125
50.14390064,8.73702391,102.3
50.06671353,8.68794446,136.1
50.12857863,8.75857614,103
50.14070354,8.64412765,105.3
50.15774462,8.74872679,181
50.15209136,8.60179859,129.1
50.15899105,8.60558349,133.4
50.1354586,8.76740969,102.1
50.18108739,8.68804034,109.4
50.15124242,8.5910419,134.5
50.15273277,8.65386369,106
50.16017894,8.69845457,146.9
50.13130896,8.60649459,105.9
50.07620304,8.60572758,106.2
50.06144101,8.74489576,131.8
50.11685501,8.7549966,102
50.1317233,8.61062654,105.4
50.16654941,8.62877721,120.1
50.14918376,8.71858541,153.7
50.079045,8.77443656,121.2
50.06941234,8.75620595,140.1
50.09386227,8.59722968,98.5
50.05914128,8.7070705,127.5
50.13138707,8.72383472,99
50.15143085,8.62517714,105.1
50.07649353,8.58343842,98.9
50.08689519,8.64656539,103.3
50.13967168,8.76364608,108.2
50.12332698,8.66348762,112
50.08281832,8.64463367,103.7
50.05100704,8.6858686,124
50.07937709,8.58953125,102.2
50.14896673,8.5935324,126.2
50.12400569,8.71380185,121
50.08440711,8.67044767,109.7
50.15143485,8.62158912,111.7
50.16592415,8.7036734,153.8
50.11016181,8.71314202,99.5
50.05460474,8.71387738,128.7
50.12639558,8.60506605,107.7
50.10689657,8.58370306,99.5
50.07254769,8.62976226,111.4
50.10180261,8.59202842,97
50.12367989,8.62517454,97.4
50.14490841,8.67719503,132.4
50.09567506,8.72056641,128.8
50.09114506,8.63859838,102.3
50.13252884,8.67841039,128
50.08067398,8.74574021,119
50.10936571,8.6922084,104.9
50.14450876,8.58246811,124.1
50.11785018,8.75971088,101.5
50.10448126,8.61437858,95
50.07731468,8.78028159,135.4
50.1317412,8.6441639,102
50.09017484,8.68309854,122.8
50.11699784,8.79295948,100.2
50.09315797,8.7134195,132
50.12031941,8.60181427,99
50.14832462,8.70688138,168
50.10206264,8.6114034,96.2
50.14799771,8.67752047,131.2
50.05725569,8.61277541,121.8
50.07455637,8.69257122,144.8
50.1320335,8.72791938,99.1
50.14883661,8.69684402,157.6
50.06010382,8.61465835,119.7
50.15771121,8.76792737,185.6
50.16693314,8.71058959,153.5
50.07655442,8.70953564,147.8
50.09004147,8.60234916,97.6
50.06089293,8.71803072,134.5
50.17608308,8.66334614,103.3
50.13435528,8.73836071,101.5
50.07476008,8.58816518,105
50.12041334,8.62948056,98.8
50.15689253,8.61025301,122.7
50.13880919,8.68406937,138.3
50.0673163,8.61722929,118.9
50.15965138,8.62201419,124.3
50.15658096,8.69390185,140
50.10829187,8.65334364,97.7
50.0597841,8.6889305,131.3
50.17361475,8.66833644,105.4
50.13610958,8.67112886,125.3
50.08205093,8.71102402,151.7
50.1146202,8.57598756,94.2
50.08128293,8.59508438,99.9
50.06890954,8.71503526,132.2
50.085765,8.7545964,112.1
50.13919529,8.63069179,99.3
50.12203078,8.67193662,111
50.07911931,8.60576923,98.9
50.16932965,8.65495922,103.2
50.07010487,8.59829965,116.8
50.12046856,8.60617367,97.8
50.13480677,8.7198389,105.4
50.07899282,8.68199482,137.1
50.09249454,8.66713234,100
50.05243665,8.69189736,125.9
50.04688582,8.66968692,128
50.12351031,8.60318082,105.3
50.12851794,8.68355459,126
50.11878154,8.72237287,98.9
50.05759794,8.66776804,122.7
50.15383292,8.67435844,124
50.1240418,8.7147842,120.6
50.16954455,8.66796303,120.3
50.12484343,8.60440047,105
50.06748808,8.71084334,132.3
50.10384358,8.72911777,97
50.12460702,8.68063917,115.2
50.11063743,8.59593011,101.9
50.12262077,8.7621492,104.4
50.1644306,8.74263094,170.8
50.09258176,8.78548968,123.9
50.12293053,8.64096473,106.5
50.11338525,8.62770761,98.1
50.13111735,8.76264496,104.5
50.07783891,8.63353276,103.1
50.13058303,8.71028872,139.3
50.17260215,8.65008412,106.2
50.08975488,8.58120249,95.7
50.09689484,8.77158459,109
50.16771052,8.63085229,119.1
50.15175005,8.66494739,123.2
50.13463842,8.70945852,153.7
50.11319882,8.70513678,104.5
50.15733018,8.6702841,120.1
50.09719447,8.76880961,108.3
50.14225761,8.61873637,100
50.12149436,8.63086676,99.6
50.08274534,8.76655549,120.8
50.06153941,8.74020942,142.1
50.14279969,8.67309974,129.7
50.12924429,8.5841106,109.5
50.08613054,8.7675383,112.8
50.16170119,8.69973494,143.2
50.06313289,8.72540437,135.3
50.14028469,8.59187113,116
50.14982469,8.66032953,125
50.06309747,8.67554265,128.8
50.17233632,8.72454767,159.3
50.11584497,8.63593017,99
50.09900659,8.61559543,95
50.08737466,8.6894151,151.7
50.07214833,8.70700012,142.4
50.14623763,8.63869206,100.5
50.1203981,8.73229502,99.6
50.12849684,8.6933758,134.3
50.12142432,8.74410603,101.7
50.17478119,8.69606113,115.7
50.1192181,8.57244016,96.7
50.10769974,8.7639552,102.5
50.12249427,8.57706605,99.1
50.10509136,8.76786149,105
50.15814534,8.74382972,191.2
50.14411066,8.63108197,100.2
50.10634658,8.60594167,98.4
50.05411849,8.71430018,128.5
50.12743343,8.68779929,125.7
50.10021166,8.75470445,107.3
50.09323778,8.6122066,101
50.12645035,8.58184689,110.7
50.07262852,8.77151479,132
50.10296873,8.78281061,106.2
50.05147483,8.63358806,122.8
50.12339537,8.63902086,106.8
50.14475522,8.71726825,145.2
50.08999765,8.60067054,96.1
50.16189786,8.70715806,155.9
50.14737095,8.68468595,144
50.11420474,8.59782595,99.5
50.06245127,8.7485393,135.4
50.11970148,8.6828922,110.1
50.12918125,8.73455215,103.2
50.08789844,8.66804851,106.4
50.12889181,8.7698908,100
50.08669941,8.60698486,93
50.12005474,8.66078871,109.9
50.04859373,8.68476393,123.9
50.15534533,8.72496284,184
50.09160586,8.63610963,94.3
50.10219074,8.60843489,96.5
50.17576871,8.70012117,123
50.05719768,8.70538507,128.1
50.08695835,8.65899899,105
50.05726871,8.608146,115.5
50.10806833,8.58909496,106.2
50.1186856,8.60491672,97.6
50.12311989,8.60220826,102.9
50.15166798,8.60488677,122
50.16835045,8.62615391,123.8
50.1320295,8.64215626,100.9
50.14480081,8.65588308,123
50.10220915,8.6612401,104.9
50.04443233,8.65183543,128
50.11685563,8.62052945,101.9
50.08074056,8.74858615,119.7
50.06289513,8.67521407,127.8
50.05687186,8.66812073,123.4
50.07564716,8.77783503,125
50.1300947,8.66695597,125.7
50.06823857,8.7413729,139.8
50.11197899,8.59738552,97
50.10415121,8.78877821,106
50.14125298,8.67407704,127.7
50.04443328,8.70271867,131.5
50.08207246,8.76610473,122.6
50.15573763,8.63153285,119
50.13022099,8.71658669,130.7
50.11339911,8.59292891,97
50.07008734,8.70116908,142.6
50.13122415,8.76704596,103
50.05898116,8.63426074,120.7
50.16586427,8.67646291,128.3
50.1173446,8.74622435,100.8
50.12115647,8.71195516,121.8
50.0877347,8.59173173,92.6
50.07968778,8.71222835,142.2
50.09910635,8.76195815,110
50.08787121,8.70497839,149.1
50.11046886,8.58837313,107.5
50.16362418,8.70924698,150.6
50.09251513,8.71267364,132.8
50.17348576,8.63023324,141.9
50.14463852,8.6842676,141.5
50.09168984,8.63028194,99.1
50.10641775,8.78133693,105.1
50.10444034,8.68069447,104.2
50.11811598,8.78339521,102.8
50.15576581,8.73447718,193.1
50.0811415,8.67685207,123.4
50.16462282,8.67143679,120.6
50.08955309,8.63362798,95.3
50.11948557,8.73158651,100.2
50.08370714,8.69104881,145.9
50.07704472,8.73572406,131
50.1662156,8.65654392,108.1
50.11381912,8.66222961,102.2
50.142243,8.62786272,100.2
50.12290305,8.76677513,104.4
50.14086534,8.58404613,120.4
50.09196361,8.62686799,92.5
50.10056326,8.627163,101
50.14477675,8.74027084,101
50.15720785,8.60844882,124.5
50.13914375,8.71269603,147.7
50.15267388,8.64188448,104.7
50.07332048,8.70592089,143
50.14025198,8.72688797,100
50.0623525,8.7245482,138.4
50.1291473,8.73152973,104
50.05220232,8.71244293,128.6
50.05038973,8.69387606,126
50.17333313,8.72669599,137
50.15586656,8.65842529,120.4
50.14104738,8.73555857,101
50.10804694,8.61320328,94
50.105243,8.63169249,98.3
50.09176907,8.71114247,133.7
50.13885982,8.73865448,100
50.07662378,8.713639,146.1
50.1269089,8.78507703,100.2
50.15154778,8.66452875,123.3
50.11792405,8.58863661,96
50.0461302,8.66318732,132.7
50.13756213,8.72122708,102.8
50.05853821,8.75761557,133.8
50.12360359,8.77669735,97
50.09906482,8.68975972,110.9
50.16148549,8.69990183,143.4
50.13153465,8.63915467,96.9
50.06780163,8.64066122,113.6
50.08528161,8.78090193,112.9
50.08158779,8.60511377,99
50.05052318,8.6228568,124.7
50.12765514,8.66624174,122.2
50.08478139,8.58397887,98.1
50.13020506,8.74458122,100.5
50.1358037,8.58987996,114.6
50.04551571,8.65471786,128.7
50.09787714,8.62608258,97.3
50.14476059,8.70358824,155.5
50.10801483,8.59371467,107.6
50.12194578,8.75354026,101.4
50.1549009,8.61993083,113.1
50.05706997,8.64596887,115.7
50.10104973,8.74093335,105
50.15820763,8.73834625,205.4
50.11737826,8.57893811,95.3
50.12090413,8.77277466,102.9
50.1239113,8.58010004,105
50.04573687,8.65880595,127
50.06796776,8.6963592,140.5
50.13150433,8.69491876,138.1
50.08612633,8.75148123,113.8
50.05537781,8.67239384,120.5
50.0804362,8.63771136,100
50.12965092,8.65394552,116.1
50.0701911,8.66929126,118.6
50.17660672,8.68278356,105
50.16347307,8.71862379,167.7
50.08034119,8.71059091,146
50.13478058,8.74446539,101
50.09438487,8.78797525,123.1
50.08751415,8.68917219,150.5
50.12386657,8.59195575,104.9
50.09982254,8.70600827,101.5
50.10962331,8.76172411,99.7
50.08323744,8.75843393,115
50.06525779,8.6151965,122
50.08018487,8.76541378,129.4
50.1296446,8.57459224,118.5
50.09852008,8.63547063,105.8
50.11674387,8.69628442,111.5
50.09042952,8.75802281,110.7
50.07502123,8.62338664,106.7
50.09753898,8.64404342,99
50.06377419,8.73656396,131
50.10338232,8.64648845,100.7
50.0510915,8.64261614,118
50.12430588,8.67033654,110.9
50.05126141,8.68085715,121.1
50.14539715,8.70872321,166
50.09344149,8.70134341,124.2
50.04741245,8.70743481,133
50.06874688,8.76525343,131.2
50.08336925,8.7687467,115.7
50.14534909,8.73116539,104.8
50.12868174,8.63405123,98.2
50.05239272,8.63891077,124
50.08312939,8.7305592,142.4
50.08667332,8.76361433,114
50.07585656,8.59543354,103
50.06044097,8.66327967,118.7
50.15622126,8.63085764,120.8
50.10730862,8.57998747,96.9
50.11707461,8.76951903,102.1
50.16451181,8.70969028,148.3
50.16499198,8.66345398,120.9
50.15473447,8.76863941,132.7
50.11642693,8.7049738,108.8
50.12066803,8.61289066,99.9
50.09876344,8.75488111,108.5
50.12144107,8.65176432,107.9
50.16428638,8.73178866,189.6
50.11810338,8.62217847,99.5
50.10852669,8.57158022,94.6
50.04683007,8.70437187,132.3
50.05292022,8.72399239,133.5
50.08598425,8.6493528,103
50.13857711,8.70865011,150.4
50.08448151,8.59462154,98.2
50.1266287,8.73525943,108.8
50.13117862,8.58434823,108.9
50.05761195,8.65086107,119.4
50.14340717,8.5854753,121.2
50.12729915,8.65266281,116.2
50.13433517,8.6322905,101.6
50.17003235,8.64228961,114.6
50.13522748,8.78478672,98.6
50.09239511,8.7719938,108.7
50.12802266,8.57260769,121
50.15062673,8.60170311,123.9
50.0827809,8.58332066,99
50.14703237,8.74552979,101.8
50.0968983,8.76994924,108
50.09647601,8.70594331,114.2
50.15075613,8.61075584,114.8
50.06336315,8.68564192,127.8
50.14652753,8.74990312,103.8
50.13493379,8.73924201,101.3
50.07608333,8.69036542,146.6
50.09400212,8.63164218,98.3
50.15490523,8.66114756,121.9
50.06416256,8.69542047,136.6
50.06116377,8.7215017,138.2
50.15124415,8.68838759,140.8
50.15617784,8.68201346,122.6
50.11060444,8.61359533,97.4
50.12796101,8.68558688,127.1
50.07655346,8.63141559,104.6
50.05015072,8.64124981,118.8
50.11600242,8.59723111,98.8
50.11767553,8.66174241,106.2
50.17278152,8.72988433,139.1
50.07294573,8.62400913,107.3
50.12567296,8.64971487,115.4
50.14002575,8.62589229,100.3
50.17177318,8.7302123,151.5
50.09390039,8.60033922,97.5
50.16994025,8.74686589,142
50.07703893,8.59283131,105
50.13039871,8.73952277,102.2
50.1537456,8.67133607,123.5
50.10297938,8.75799007,106.4
50.07654322,8.72361702,140.2
50.05795717,8.63835985,118.8
50.14869688,8.71294338,170.8
50.10877324,8.77152976,98.2
50.10975889,8.76136983,100.2
50.12761398,8.62029045,104.4
50.12701949,8.7769464,99.2
50.12521923,8.77277205,97.5
50.07387939,8.58737354,104.7
50.11979705,8.72601118,102.7
50.17740367,8.67519469,103
50.13917821,8.69907414,157.9
50.11331894,8.7189627,101.8
50.11912772,8.62333992,106
50.1294762,8.65686724,118.3
50.11303339,8.61893916,97.5
50.08834499,8.73929569,131
50.13253258,8.70843515,147.3
50.17602016,8.73027436,114.7
50.15159148,8.63493011,104.2
50.08112502,8.78106738,129.2
50.11776457,8.69144143,108.6
50.16243152,8.73447645,197
50.10537518,8.63737283,101.4
50.08356218,8.65189938,103.6
50.04084921,8.66756539,134.4
50.10179278,8.75015129,108
50.04999733,8.68786494,123
50.17068922,8.65058844,102.4
50.10408063,8.73282633,98.6
50.0722265,8.6887184,139
50.05930974,8.74667959,130.8
50.07890865,8.74590983,129.5
50.17082273,8.63568945,115.7
50.12679033,8.78820376,101.1
50.07276882,8.7472281,134.8
50.05634667,8.73919316,132
50.0907338,8.57712981,93.9
50.09904457,8.78741112,109
50.06687515,8.73773938,140
50.07392473,8.7154516,139.2
50.17979534,8.7144631,105.9
50.05666015,8.67060152,123.1
50.15812975,8.73409867,202.1
50.07078458,8.66803147,117.2
50.13462503,8.64246041,100.5
50.091794,8.71756935,133.2
50.08142842,8.76897945,119.3
50.14905775,8.61270543,114.1
50.16087195,8.71401338,170.8
50.13053202,8.78053034,98.4
50.13256963,8.71743194,132.2
50.11549359,8.74419965,98.1
50.16252681,8.71293922,163.7
50.14306257,8.7422796,101.1
50.1452277,8.64162666,101.4
50.05397156,8.66475786,122.4
50.10920879,8.58200806,97
50.1172816,8.72152821,99.5
50.08536601,8.73127769,148.7
50.07606172,8.70283697,149.3
50.12527172,8.68940739,126.6
50.16336117,8.66293174,120.5
50.12134652,8.64303206,105.3
50.061059,8.64361297,117.4
50.13077362,8.73540865,104.1
50.07894264,8.68510841,151.2
50.1627962,8.65579805,106.7
50.06395395,8.60453515,122.6
50.08896456,8.77376227,108
50.10895652,8.62670293,98.5
50.12274691,8.69986462,122.2
50.12423263,8.62856077,96.9
50.16574682,8.73616169,180.5
50.13680215,8.74885608,110
50.16734118,8.70871294,152.5
50.06532826,8.72613869,133.9
50.1337518,8.68169773,131.2
50.17876886,8.66768365,105
50.17758615,8.72491847,109
50.10374794,8.73780057,99.1
50.11706624,8.58085393,96
50.11221835,8.69448443,103.3
50.06953751,8.63755977,112.4
50.07370381,8.7594151,139.1
50.11072362,8.7500752,103.7
50.11078874,8.65409045,97.5
50.06556981,8.73043727,132.3
50.1276191,8.69133264,132.2
50.17914022,8.68434904,109.5
50.0795088,8.76683556,131.5
50.10661945,8.72011625,95.1
50.17323003,8.68369518,104.1
50.12267102,8.66504387,112.4
50.16069193,8.75908581,191
50.09592871,8.78579419,113.8
50.15229246,8.72409676,168.6
50.12546042,8.64653184,112.5
50.04739306,8.71730387,131.3
50.11102381,8.69545694,103.9
50.13435368,8.66733952,124.9
50.04137812,8.66386302,127.3
50.06527035,8.65065342,118.6
50.06754703,8.65909718,124
50.04819893,8.71962422,131
50.12916601,8.75818556,102.1
50.13849312,8.75765102,110.8
50.07280409,8.71685586,136.2
50.15393339,8.63949601,114.6
50.05776122,8.73947856,136.1
50.08245379,8.75354869,117.9
50.16136005,8.75564596,192.3
50.10987268,8.68724312,100.6
50.10850732,8.62107627,98.9
50.14892457,8.61187076,114.3
50.16145741,8.65858683,114.1
50.05364792,8.71385765,128.5
50.13196351,8.76990421,98.1
50.10247216,8.73066096,98.9
50.12553329,8.71731757,117.3
50.13908842,8.70176055,155.9
50.13725663,8.58609509,117.1
50.11790765,8.63508431,104.1
50.11033254,8.74250494,101.5
50.10534346,8.73995407,102.7
50.10456289,8.74698928,104
50.10558732,8.65843245,100.1
50.07678385,8.7142528,143.5
50.14025953,8.65775131,123
50.12172396,8.57393835,99.5
50.13510562,8.7040841,152.4
50.16089845,8.62466667,126.8
50.10224538,8.64677678,99.2
50.07562204,8.62870807,109.5
50.16669092,8.65511528,105.4
50.14511307,8.69285212,151.2
50.16283192,8.75669315,195.1
50.12784113,8.58322809,111
50.12052907,8.70343607,123.6
50.09827669,8.60777095,99
50.0919914,8.74025508,132.8
50.11750468,8.7583453,101.1
50.07677647,8.62622519,111.2
50.05070908,8.74159195,147
50.15280128,8.60311447,129
50.05743393,8.66188443,124.5
50.05425703,8.73304269,138.7
50.14475822,8.75436245,102.8
50.0554545,8.73556208,135.5
50.08806651,8.74427703,116.5
50.05094278,8.743304,148.7
50.08430085,8.78005549,113
50.11890891,8.6971593,114
50.09821137,8.77492428,107.2
50.14264101,8.74612911,101
50.12823325,8.71690182,125.1
50.06544053,8.7139513,142.3
50.15257625,8.7498985,149.1
50.06936703,8.59077763,121
50.10036513,8.68809288,101
50.17971229,8.70153768,105.8
50.15971922,8.76452711,194.3
50.16533457,8.70390702,151.7
50.08326999,8.58750238,100
50.05463552,8.65500799,121.4
50.12129186,8.64570724,108.3
50.11786321,8.58597742,96.1
50.12596523,8.58066744,112.6
50.05448041,8.72477608,136.7
50.16611786,8.66235623,118.3
50.13356529,8.68428777,135.4
50.15987016,8.73006376,194.5
50.08882079,8.73878428,135.1
50.17836046,8.7178925,110.8
50.08207644,8.69636437,150.6
50.09300256,8.73864196,129.2
50.08403033,8.64787511,102
50.10180536,8.62009622,100.9
50.17156332,8.66815826,110.2
50.11538843,8.7263285,100.9
50.05112335,8.69469007,126.7
50.05938248,8.71982912,129.6
50.07819944,8.72943843,137.8
50.06919532,8.61714879,117.1
50.10242812,8.60096571,100.1
50.17163887,8.63014748,139.9
50.15941504,8.74170094,201.9
50.14011095,8.77669813,105.7
50.16840408,8.69473706,149.2
50.13811618,8.69068363,150.9
50.14174187,8.60908395,113.7
50.12074746,8.66172317,111.9
50.11110075,8.63403882,99.1
50.0763408,8.72402514,140.3
50.13324324,8.66761266,125.5
50.05805489,8.69871547,128.3
50.14278318,8.73004249,102.1
50.13494547,8.7007575,147.3
50.11746768,8.60630546,96.1
50.06407006,8.71613853,136.4
50.07865156,8.65152613,106.7
50.06589396,8.70528954,135.5
50.0418051,8.65451361,132
50.10337803,8.68141432,102.7
50.08232203,8.67355547,106.5
50.10797591,8.57549571,93
50.14057515,8.59534601,113.1
50.08111141,8.60919202,99
50.15652178,8.71956349,180.8
50.10038913,8.63417716,102.9
50.04249457,8.70362413,133.7
50.10364082,8.59243169,97.5
50.09324326,8.60675192,101
50.06175234,8.63639814,117.2
50.16255034,8.60373096,135.4
50.05404027,8.73753613,136
50.17305299,8.63420535,131
50.17223615,8.71534401,167.6
50.15459353,8.68880711,140.1
50.12380476,8.63264173,100
50.13278444,8.74031655,102.2
50.16683871,8.69800984,152.4
50.10807814,8.60055502,99.1
50.15869912,8.65958752,118.6
50.14847802,8.64563261,99.1
50.07112711,8.64406661,113.6
50.06537335,8.60199464,125.5
50.18050828,8.68948334,109
50.0729499,8.76609189,132.4
50.15333468,8.65621674,116.2
50.14619585,8.77588713,110.4
50.08483211,8.64039619,102
50.14872121,8.61570105,115.6
50.15002221,8.68095738,135.6
50.10655709,8.74523969,101
50.14531602,8.74180543,101.2
50.08828257,8.76354581,111
50.11116049,8.73409526,99
50.09585766,8.62701866,98
50.10930378,8.70652738,102
50.09845777,8.60977442,96.9
50.13238018,8.66005553,122.6
50.13654136,8.59040698,113.4
50.10954035,8.75364603,103.3
50.11235442,8.76334523,97
50.05334724,8.71105503,130.3
50.06589896,8.60588994,120
50.0996796,8.58895644,97.9
50.0728305,8.75558592,138.3
50.06566966,8.62660089,111.3
50.07934361,8.64643381,102.9
50.16757112,8.72566613,169.5
50.06074599,8.68217783,127.8
50.14992145,8.61149481,113.5
50.09445597,8.70475388,119.2
50.09962198,8.67346914,102.9
50.07301964,8.76581032,132.8
50.07638264,8.6432378,108.9
50.14542303,8.7388379,102.1
50.12374048,8.62789529,95.3
50.14642314,8.76996546,110.2
50.13167565,8.76897442,99.8
50.16940287,8.74690117,141.8
50.0765981,8.6776271,131.5
50.10863723,8.76448588,99.8
50.08466522,8.74825113,113.5
50.1396973,8.77727001,104.1
50.14252442,8.61852668,100
50.06086939,8.68197724,127.9
50.04223919,8.66268933,125
50.05867813,8.66170953,120.7
50.13105018,8.76041879,102.8
50.15994228,8.71997544,176.4
50.04945312,8.688943,123
50.17359864,8.6534821,102.1
50.12068395,8.71819168,108.5
50.05012073,8.72729748,139.5
50.11545298,8.57631147,95
50.1638613,8.73199761,189.9
50.13513939,8.78256451,99.2
50.08320131,8.62501509,100.3
50.18198534,8.68269221,113
50.11179058,8.65778016,101.1
50.10530439,8.58420337,95.6
50.14128229,8.72618481,103.8
50.13779852,8.64214877,103.6
50.10036961,8.59237636,97
50.08832116,8.62552225,93.1
50.1329971,8.60554338,107.9
50.12634439,8.70160248,125.2
50.12588095,8.71196346,122.1
50.07643853,8.60417645,104.5
50.06306781,8.63855754,114.6
50.0866886,8.78441367,114.4
50.08030167,8.62690982,103.8
50.06293862,8.63070734,113.6
50.07418294,8.71943714,135.6
50.13598723,8.7428753,102.9
50.09299357,8.67564398,101.4
50.11637881,8.74146354,98.9
50.15484344,8.60132705,131.1
50.04465974,8.68789434,128.1
50.08208447,8.66561347,118.1
50.08260991,8.763223,118.3
50.10805843,8.64851727,94.7
50.11692125,8.71897319,101.2
50.11213941,8.7294301,99.1
50.06253081,8.73101218,137.2
50.08594355,8.65515699,97
50.09101097,8.7723649,109.7
50.08788283,8.69430418,151.8
50.13494386,8.74917541,103.6
50.1015476,8.69788084,115.2
50.09554913,8.65928601,97.1
50.05474266,8.61638996,114.2
50.1019331,8.67784448,103.5
50.04215028,8.68846156,132.8
50.16947407,8.65369277,102.4
50.10935677,8.66615849,106
50.1789468,8.70762133,110.3
50.11108179,8.65636699,100.3
50.13446725,8.71756409,127.6
50.13177756,8.75359601,101.9
50.07683513,8.59415287,104.3
50.14043131,8.64393316,105.7
50.1414892,8.7367031,100.3
50.04617802,8.65495598,128.3
50.10123317,8.71653659,98.1
50.08732293,8.605389,94
50.12571448,8.64549033,112.9
50.05855673,8.62139685,118.5
50.15751465,8.66655184,120.9
50.0740934,8.72868583,141.4
50.05440747,8.62109142,125.6
50.14853657,8.65888974,123.8
50.16455765,8.63138483,121.7
50.04335564,8.70977478,140.5
50.115413,8.73615727,100.9
50.08096607,8.69351036,153.2
50.15333886,8.76516181,119.7
50.09828632,8.69192671,119.5
50.06074222,8.62999636,115.3
50.08744993,8.60633459,93.4
50.11288953,8.65515874,101.2
50.05523689,8.69893897,127
50.16427011,8.7039933,147.9
50.05927623,8.74812934,130.9
50.11807715,8.78550256,102.3
50.07133456,8.61123451,113.7
50.08596461,8.64212665,102
50.0692886,8.74875289,142
50.12355363,8.77394873,98
50.16884439,8.61801906,127.2
50.08348362,8.67165198,108
50.14889113,8.58631752,134.1
50.04841756,8.63676075,124.9
50.1121659,8.64260922,106.8
50.12785108,8.65819543,116.4
50.0527344,8.62115702,122.5
50.10036452,8.74537109,108.9
50.06058205,8.69862547,130.7
50.08986983,8.63408241,95.1
50.1502511,8.75674752,109.3
50.06173411,8.73258302,138
50.10139355,8.59972805,100
50.15128887,8.75114388,132.5
50.10186662,8.57480581,96
50.12326166,8.77050965,102
50.09998506,8.68967141,104.9
50.06752324,8.6126885,114.5
50.10253862,8.72308011,99.7
50.12018515,8.58071269,95.9
50.11379279,8.63227893,98.3
50.1232566,8.70285393,124.1
50.11319394,8.7064174,104.7
50.12017883,8.61200434,100.3
50.11298963,8.60033678,100.9
50.09871168,8.57758823,97.5
50.09659895,8.68217605,102.4
50.04591272,8.66998144,127
50.07509131,8.59342526,100.1
50.10320794,8.7309134,97.4
50.12900746,8.70538051,135.2
50.13747235,8.6144952,105.2
50.06131071,8.60464999,121
50.12813251,8.6689935,121.9
50.17236672,8.68342066,107
50.14444053,8.69880822,160
50.04367514,8.69578045,131.1
50.10007162,8.60448437,100
50.13429229,8.72869912,100.4
50.09230697,8.67024485,100
50.05419613,8.62479832,119.7
50.17445096,8.70192715,131.9
50.05841918,8.61072628,122.4
50.15054846,8.74307238,133.2
50.13959598,8.64542561,107.8
50.12897414,8.73718336,102.4
50.14292512,8.72470046,119.1
50.05929029,8.74242909,137.6
50.07382643,8.58682352,104.7
50.15993356,8.62173132,124.7
50.12379077,8.70803887,126.9
50.13133468,8.68587364,132.8
50.15217013,8.72455253,169.2
50.1459736,8.70135156,159.9
50.04513435,8.64636681,114
50.06211709,8.69939346,131.7
50.03955684,8.6791649,141.3
50.11635297,8.68096833,112.9
50.07471116,8.61272403,103.5
50.08110186,8.61388473,97.9
50.13414636,8.57584009,120.7
50.11806929,8.73488143,101.2
50.09805956,8.59761839,96.2
50.04799923,8.69392174,125.4
50.08075605,8.67068594,109
50.17288861,8.71580645,169.1
50.13258674,8.71228299,144.3
50.12287014,8.62657521,94.4
50.14149545,8.78257328,99.4
50.14348485,8.71500205,153.1
50.13316428,8.57738863,117.6
50.09106282,8.65706131,99.4
50.10839006,8.63388314,98
50.12276858,8.65613674,108.2
50.12250031,8.74634769,101.2
50.16401031,8.62485802,127.6
50.11293558,8.57171752,95.5
50.07903994,8.59583709,107.1
50.07150656,8.75981399,134.7
50.06024186,8.73416898,141
50.11764732,8.72721839,101.6
50.11480879,8.58498406,96
50.0520882,8.63113452,120.6
50.08916678,8.59616432,94.3
50.16188333,8.72193539,179.9
50.11940387,8.61186077,97.4
50.08843169,8.65068417,102.2
50.09323736,8.71370349,131.9
50.11460965,8.67532313,110.4
50.12422485,8.60817138,104.4
50.06085954,8.6811423,127.8
50.13094936,8.71459988,132.2
50.08723413,8.78468688,113.1
50.15855956,8.69106276,136.3
50.07885743,8.59336668,100.4
50.09435682,8.5757008,97.1
50.07400033,8.61220132,104
50.06121287,8.65449384,123.7
50.1148427,8.75701913,101
50.18199773,8.66875459,117.1
50.10243428,8.75784539,108.1
50.07179322,8.77586205,133.8
50.09402885,8.6315515,98.3
50.15084229,8.68868826,141.7
50.13406263,8.69676206,140
50.12038371,8.7077374,123.5
50.14406069,8.74926813,103.6
50.06105964,8.74044826,140
50.11820376,8.67924659,110.7
50.16521791,8.6726276,123.4
50.07097683,8.69972438,143.1
50.12918884,8.57452846,119.6
50.11973947,8.7819331,102.2
50.13945278,8.63108644,99.1
50.10354969,8.6811045,103.3
50.15628107,8.69881146,153.9
50.08234472,8.70480764,157.2
50.14037753,8.62586668,100.1
50.12073294,8.74618282,98.1
50.09730005,8.73143668,129.4
50.05792408,8.75622502,134
50.10767011,8.60191865,96
50.14438775,8.59431431,119.6
50.07634545,8.6365119,103.3
50.13335023,8.669155,123.6
50.08722913,8.60744788,93
50.15941871,8.68692782,132
50.11186244,8.63852653,104.2
50.07944864,8.70073897,148.5
50.06330485,8.70920032,133
50.06083953,8.63540605,121.2
50.14157427,8.68642499,139
50.10993086,8.6046481,96.8
50.11332925,8.6225165,98.9
50.17410353,8.64842691,107.2
50.15670645,8.74945243,176.3
50.11008636,8.71064557,99.2
50.15801862,8.69125144,137.1
50.14602287,8.69323748,155.3
50.16111608,8.60293494,136.7
50.09604521,8.61767606,97.7
50.13453525,8.73957685,102
50.12439874,8.66055738,107
50.1277564,8.60409765,107.5
50.1118926,8.71973365,97.3
50.09000304,8.73907035,137.6
50.07197379,8.59784786,106.1
50.04309093,8.71389548,145.5
50.12537639,8.78749609,103.5
50.14706171,8.63568589,98.9
50.15242858,8.75683426,132.1
50.13231592,8.66482187,122
50.04758325,8.630202,124.9
50.08156768,8.65386264,102.4
50.1101017,8.63001734,98
50.10873999,8.62392803,98.9
50.17693201,8.66441567,104.8
50.09046482,8.7381445,139.4
50.07166422,8.66522874,126.9
50.14111111,8.63319085,101.7
50.06449989,8.6147513,121.8
50.16235945,8.67378494,119.3
50.10295605,8.67939049,104.8
50.07134769,8.77127131,134.9
50.1258363,8.69172932,128
50.12492971,8.75473513,101.7
50.04622269,8.70683132,132.1
50.1074338,8.72795142,97.5
50.05995823,8.75982131,136.3
50.119034,8.6642851,108
50.07559173,8.75981332,134.4
50.11961267,8.72675459,101
50.06138606,8.7469084,132
50.04135648,8.6926153,139.9
50.17366553,8.73654196,122.1
50.15448836,8.70824976,180.8
50.13989812,8.60585702,117.7
50.12827301,8.64720618,114.2
51.01247641,9.57863722,369.8
50.93387003,6.87428799,67.8
50.66092121,9.24172913,392.6
49.29281448,7.33209823,266.7
49.16927999,7.89907495,279.4
50.71399763,9.11042275,320.9
50.09673786,7.18433231,281.2
51.48235783,9.09976004,185.7
50.41657801,10.65291337,439.2
51.29972507,8.59699141,610.5
51.53251328,8.426169,299.5
48.89876587,8.36875025,159.8
49.57735058,7.73048257,405.9
50.92199843,10.30104576,342.3
50.3168133,9.22929253,360.7
49.62992474,7.1140992,385.2
49.67726598,7.21295109,358.8
50.56598097,10.74219969,537.9
50.58360103,8.13251934,452.3
49.77452631,7.7331684,310.1
49.50745852,10.50401414,360
49.71417746,9.23048049,124
49.30677754,7.68959073,328.8
51.1500428,7.27517463,325
50.99777968,10.48053037,326.6
49.22253265,9.94194552,413.9
50.32465085,7.31456825,211.6
49.73246544,9.22664038,148.7
48.91987487,7.94509631,152.8
49.29712481,7.1691578,256.3
49.33311674,7.2955625,263.2
49.25456767,8.59979666,118.1
49.05736109,7.84771536,340.4
49.7969117,9.56199573,245
50.61117672,10.50615799,431.6
48.84957081,9.66604262,464.5
50.96979136,7.74669659,443.2
50.86082611,7.59725813,303
50.9944985,8.53630066,347.5
51.51978226,8.30452055,268
49.59701915,7.17093324,376.7
49.08486187,8.67202173,188.4
49.35534892,8.18809126,129.3
49.448329,7.01225334,327.7
50.04844809,10.82627423,285.7
49.47822257,7.31590439,439.5
51.17209578,8.92793551,379.7
50.78540937,9.89934757,416.1
48.86277338,7.87223324,155.6
49.08327485,8.23539044,124.2
50.85081217,10.4218281,601
48.98202319,9.70271316,394.6
49.44219246,10.56587276,410.1
49.13479948,9.45642433,361.8
50.4753599,8.02736088,151.9
50.14436682,6.63257997,421.3
51.30705521,8.13787248,464.3
50.45830708,6.52741959,519.8
49.02237655,8.03575185,157.9
49.42288721,8.42863252,99.9
51.39626593,8.92345231,344.1
50.67552144,7.89370949,465.2
48.71349918,9.13790522,420.2
50.66481363,6.94187568,143.2
49.21813346,9.07536409,204.8
49.79989748,8.47088494,88
50.50874821,7.16341012,328.5
50.89905528,7.71746503,346.8
49.45915154,8.84623412,431.8
49.15925327,9.30062304,193.3
49.1426948,7.24691392,380.5
49.27348927,9.91065251,466.3
49.34150358,7.24932416,251.4
49.08264395,9.53251038,474.7
50.34832398,8.61323125,295.5
50.04897897,7.16569065,360.1
50.2912057,7.49163537,217.2
49.12030052,7.99218925,283.1
51.12257257,9.78103511,400.9
49.14294985,9.68447037,355.5
49.0028455,9.64239741,470.2
51.17870827,8.93543502,257.8
50.13351013,9.84373552,267.1
50.82775532,9.42423472,392.2
50.26106659,8.60678632,320.8
50.6970605,8.87924686,364.4
49.63178813,8.83751413,441
48.69956247,9.13798263,432.9
50.59067843,9.71221011,350.8
50.97471239,8.03025989,421.6
49.65124938,7.8604463,298.2
50.06240919,10.3048521,293.3
50.3753669,9.33688912,358.4
49.48384503,7.73434469,231.6
50.57932857,8.14318428,491.1
50.6328493,7.39694439,245
49.01922432,9.33645546,263.8
51.2717364,8.76399075,408.1
49.54230311,8.84893233,435.9
50.29782568,9.68466588,486.5
50.84723713,9.19404268,236.5
50.83917818,8.50381793,416.3
51.48712313,8.17298247,218.5
49.88430756,6.50169208,274.1
49.45451392,8.63754266,104
48.87078306,9.3191829,287.1
48.9988679,8.36286148,112.4
49.79121914,9.38434886,300.4
50.4584977,9.63611588,289.4
50.55212086,7.08183733,276.4
49.03596609,9.54685486,581.5
50.64225071,7.54536715,227.2
49.36305067,8.37808237,111
51.16969787,9.55796987,332.3
49.38118637,6.88749141,319.6
50.49122175,9.57379907,383.3
50.15168981,6.70497258,483.8
50.33981384,6.63066459,515.8
50.28932704,8.52622084,363.6
48.93554605,9.27090824,282.4
49.71811306,10.5016658,354.4
50.24393535,6.67912477,419.2
49.46553227,9.39487974,326.7
49.59616618,8.26234095,129.7
51.04024954,8.68525998,371.5
50.73061397,8.1000054,567.7
48.86701624,9.38334797,303.1
49.7111495,9.73806892,316.5
49.72683088,7.81169971,162.9
49.55152986,8.79081116,487
50.26297893,6.62378623,499.3
51.03375698,7.10306319,111.5
50.31089748,8.21241532,183.2
48.74534008,8.25222055,253.3
50.93034066,8.50914531,520.3
50.6205513,9.6709586,423.4
50.90158039,9.74389119,217.7
50.09647158,8.63821575,99
51.04955575,7.27417932,235
50.57191483,9.54021599,306.6
50.1564266,10.20056189,330
49.46236114,7.0138687,293
49.78405915,9.24116585,249.4
49.94953757,9.42221728,394.4
50.59996898,7.44774024,282.8
51.2576881,9.88660081,373
49.76129838,8.9239881,348.8
50.89125465,8.29890228,627.7
49.71296553,6.75316552,402.5
50.94683374,7.45881626,284.9
49.04140887,9.94207276,433.5
49.72989071,8.98271573,303.9
50.44816042,6.63162085,541.6
50.93470314,8.43586081,351.6
51.01130001,7.58869304,298.6
50.87543383,9.04132479,288.6
49.8664583,10.48683597,402.5
50.78069264,6.72119678,116.8
48.86514329,7.60141872,220.4
49.62527756,10.73553628,326.5
50.5370738,8.8106662,203.9
50.44758694,10.50479048,499.8
49.42134677,9.63559471,343.2
50.1557218,8.26624599,492.1
50.07621172,10.80174392,264.9
50.27450382,10.08415152,321.9
49.42893047,7.36382156,284.5
50.48739162,7.72506822,381.7
51.21420501,9.42980644,177
50.95142058,9.23712099,207.6
51.08338129,7.0547571,128.4
49.77149268,8.20827947,151
49.46163514,8.09423977,333.9
49.58978425,7.81722821,248.1
50.08681046,10.76970497,309.8
50.0341573,6.52231825,436.3
49.69907296,6.58922113,230.6
50.902304,8.34855177,435.5
51.25650978,9.50127578,144
50.44079241,9.49318366,509.3
50.13734143,8.63833556,100
49.9027857,7.44128399,366.7
49.36820845,9.17202941,293.1
48.90818935,9.77456818,463.4
50.83806447,10.46291544,694.4
49.76804649,10.39485891,377.1
51.24261671,9.84157789,478.1
49.71303853,10.83651169,287.1
49.84534407,6.93179564,170.6
50.01969581,8.33715871,115.2
51.52484832,8.89164352,419
50.63004755,7.54083311,249.2
51.01289239,7.53270678,337.3
49.6859495,7.43700305,448.5
48.80212466,9.11310718,360.8
51.52255993,8.45899292,348.4
50.02257384,9.05606856,115.4
49.19062698,7.91176357,308.6
48.9707042,7.94224384,148.6
51.55012733,8.84689461,330.2
49.79187461,10.73964001,352.7
50.29800574,10.83771006,369.5
49.31722488,8.05512259,557.6
49.84177406,8.19481442,175.5
49.63648663,9.89329971,297.6
49.60832245,6.77620473,461.6
50.03502263,10.35413298,326.9
51.53239134,8.27960778,204
50.06994319,9.38209223,440.5
49.77252995,7.77209517,248.5
50.39912922,6.98144698,478.3
49.35334817,7.66498435,416.5
51.29861143,7.92559423,301
50.91936519,10.10039829,236.4
50.52486137,8.49383854,258.2
50.61335524,9.87648852,405.4
49.40883595,7.74134116,403.9
49.48532398,7.00685959,398.6
50.53081409,9.1925272,554.5
49.95033978,10.12617543,264.2
51.35014674,8.91401628,332.4
49.84588586,10.08210897,287.9
48.98051173,8.7115673,306.4
50.00163264,6.72388228,371
49.1697906,7.26496098,344.2
49.93556383,6.88154633,185.6
49.69349392,9.7534413,338.2
49.12523294,8.49201518,122.3
49.10363781,9.47834164,495.6
50.29631787,10.25911621,366
49.92953888,9.98105988,315.5
50.44537189,7.53754523,74.4
49.56142532,7.73856799,404.2
50.68202018,8.97438499,344.1
50.26459837,9.7732078,465.5
49.64779082,9.58580328,382.8
49.64476175,10.05293334,295.4
49.87915822,10.35752104,274.6
51.21889455,7.23192535,277.2
49.27248818,9.56760734,328.6
50.03818579,7.83561414,273
50.90713963,6.8457365,59.1
49.76768575,10.67893747,347.5
50.80863971,7.72786085,247.9
50.0496432,9.53393511,334.7
49.6785352,8.34504429,90.4
50.92817649,8.25015287,534.4
49.88046182,7.16214629,492.4
49.78816947,10.63125032,407.8
50.25011259,8.95266803,163.4
50.08976182,7.14845492,287.6
48.92303852,9.91034222,436
49.13627128,7.93429925,247.8
51.08943344,9.47436137,265.9
50.02018908,8.66874749,127.8
50.11639766,7.83016363,388.2
50.48502319,7.1627062,362
50.49645163,9.75795206,417
50.55323935,9.32728021,455.9
49.59289527,7.0999768,429.6
49.78105229,9.05344849,244.5
50.40394413,8.79495728,200.1
50.77094421,7.29446734,72.2
49.61767096,7.74774487,368.1
50.5680432,8.26836979,329.7
49.51206381,7.73263931,275.5
49.64533151,7.67395793,367.3
49.18439968,7.1159598,267.3
49.30160963,8.57264833,100.7
49.3599842,8.68494425,110.9
49.59795692,9.68567585,180
49.70305183,8.60370305,94.7
50.59613266,7.99137457,414.6
49.33973625,10.17283996,397.9
50.54878783,8.83791698,239.7
50.36810907,7.4247408,168.5
50.17903232,10.14985488,369.8
50.55878267,9.96557565,537.7
49.71611731,8.39955551,88.7
49.24012844,10.35843411,518.1
48.86594408,9.78958264,504.7
50.74940606,9.23846538,288.2
48.83318351,8.60990053,549.1
49.06656456,9.39339814,461.5
49.12011417,8.53442033,111.4
49.96378312,7.35131508,395.6
51.29657664,8.02933885,393.3
50.42086697,9.42086335,415.6
51.27374006,8.2682221,351.4
49.71529604,8.78193601,474.5
50.38339769,7.93140531,316.4
51.30407494,9.31119105,373.6
48.88785936,8.06768621,127.4
49.01761869,9.65586876,380.4
49.83341753,7.62220936,356.7
51.3878585,9.65133239,368.6
49.60549611,8.41868282,92.9
49.39926973,8.3800683,98
49.17634344,9.70108739,360.7
49.91659971,9.13935981,119.9
49.49622483,7.42148363,282.3
50.50366046,10.39120266,448.4
51.2264613,8.15961451,344.7
48.81714069,7.79545465,138.2
50.02093018,10.29277491,248.9
49.09111435,8.54203387,112.3
49.26747818,8.66296855,105.6
49.1115444,9.21307821,217.4
49.45791074,10.52585709,358.1
50.46247998,6.99750786,375.7
50.81249684,7.11568304,57.1
50.43244654,10.05712486,633.4
50.9110505,8.04975889,318.7
50.7764317,6.86848344,157.5
49.20681501,7.80372797,259.6
50.31096466,7.79283413,181.5
51.32794699,7.58110857,327.3
50.84951443,10.40273117,682.6
51.30812635,7.82624517,306.1
49.05834713,7.89236114,370.8
51.17172693,8.01124271,362.2
50.9662381,7.0899125,64.6
51.23818739,8.23703832,425.5
50.17190767,10.41647037,316.6
50.25629401,9.64084743,238.2
50.70055088,8.29514546,226.9
49.99766312,7.68060787,383.7
50.63563006,8.43015167,312.5
49.19145816,8.34837314,108.8
50.54042295,9.29303457,520.5
49.46897194,8.4172611,92.9
49.972732,10.39082459,273.2
50.44401113,9.97052481,801.5
49.5626375,9.09381592,381.6
49.15728433,7.19734863,291.8
51.12225728,8.00194844,347.9
50.78488189,8.24611979,454.8
48.71003889,8.43870054,914.8
49.42715859,10.4469463,506.1
50.74520636,7.74513733,210.6
49.1545185,9.18054342,192.3
50.8399203,8.39431698,394.3
51.25808391,8.54860268,712.6
49.67438258,7.1623637,510.7
49.08203004,9.3820706,386.7
49.88865964,7.91052053,95.9
49.49840546,9.77068667,221.6
49.37135884,7.59121273,360.7
49.43193133,9.05999636,472.1
50.31382775,10.33489834,285.7
48.9519478,9.63974723,389.3
50.77210918,7.32152776,73.9
48.84348652,9.2865079,292.1
50.67229306,8.23164425,323.1
49.39334673,9.89074897,432.9
50.44599838,8.0080411,236.6
49.24831054,9.06544099,265.1
50.53252309,6.6193927,479
50.34207101,8.45986978,416
50.8233476,9.57676644,233.5
51.02903951,7.92528562,499.4
49.54407992,8.53320751,112.2
51.0964751,8.00269483,448
50.66986166,6.91048801,145.8
49.53320111,7.09609988,461
51.41602239,8.97319257,391.9
49.92802764,8.62789133,113
51.36388212,9.70765965,479.3
50.16731258,7.8831621,368.2
49.9216004,8.05319852,186.6
49.86849299,6.67972124,382.8
49.73502467,7.14063109,612.1
49.13578186,7.19876074,221
50.05547138,7.89270769,404.9
50.55022764,6.75065799,392.8
49.90549406,8.63816164,123.6
49.62269291,10.3503787,442.8
49.14539694,8.98896077,241.3
49.92908965,9.71259174,295.5
50.40872897,7.06942107,472.8
50.88975878,10.49090155,392.7
49.56388661,7.46604632,282.1
49.4866694,8.38371542,88.6
49.72292077,7.01646758,477.5
51.16687859,9.44902834,204.8
49.28903998,9.25612707,160.2
50.90952047,9.31073195,322.6
50.94068127,8.97473747,339.2
51.15716208,8.94182779,448.7
50.43204262,8.49878322,240.3
48.85200708,7.74747264,183.6
49.83843591,10.55858797,386.6
49.34988268,10.11072273,456.3
50.17575784,9.91829455,230
49.32673425,7.62109962,408.2
50.54235797,7.54392814,305.3
49.6027534,7.98914843,260.8
50.49791373,9.65908594,332.7
49.1291331,7.60546146,334.3
49.2175147,10.10816269,457.2
49.63593902,9.69748522,326.4
49.20685147,9.59703884,310.7
50.32374159,7.71291707,321.1
50.12512681,10.79048643,376.1
51.412881,8.3135545,473.1
50.19623166,10.86411461,319.5
49.91034431,7.09004486,374.7
50.39367347,10.40820064,370.5
50.87918707,8.69505538,352.4
51.17165254,9.73209147,422.7
49.61810853,6.74729977,503.6
48.69624281,8.43598508,977.8
50.27517898,9.44890529,455.2
49.56475289,8.48193295,96.1
50.72529972,9.92112254,343.3
50.19026215,10.6963089,389.3
50.98104763,8.07644329,385.5
50.73750511,7.18804474,152.3
51.19260787,7.27502826,316.2
50.07485934,8.50777281,92.7
50.44611958,9.07460396,258.2
49.42212036,9.42317529,301.5
50.04374892,9.0198153,107
48.98546224,8.08049792,133
51.13240853,7.09053696,209.2
50.29101592,6.64381608,417.7
50.12096533,10.38701187,340.8
49.26901523,9.46800015,307.9
50.28981545,7.71398825,344.8
50.04053165,10.59107571,284.8
50.44509171,9.18991672,402.5
51.0695515,8.98094486,468.8
50.80229623,8.48211984,478.8
49.52857117,9.14181825,548.6
51.12675768,8.60447775,446.7
49.25686169,9.38420456,253.2
49.48637336,9.19865525,485.5
50.96078144,8.66304472,311.9
51.2638058,7.67266993,230
50.16766211,8.66838992,122.3
50.81636207,9.81955364,339.8
49.166705,10.17986062,499.6
49.50546816,9.49692788,376.7
48.75303558,8.11587325,131.1
50.18144339,10.63339055,381
50.72332944,10.13836972,367
49.6383182,7.61776155,251.6
49.87109146,10.70686005,357.8
51.30291643,9.8376502,248
49.68881974,10.41813995,322
49.47195723,8.73339412,383.3
51.44972406,8.99018048,377.3
50.8383618,8.20291494,551.8
50.69346625,7.05727543,160.9
50.68466279,7.39301172,253
50.68689394,7.43335066,296.1
50.62032874,6.9718625,186
51.33851464,8.54661309,406.2
51.32577396,8.34078471,366.7
49.38821843,7.18723202,312.2
50.83908279,6.96803911,53.4
49.69526883,9.20924996,375.4
50.63374067,9.62760797,428.4
49.1779616,8.70785837,138.9
48.73593047,8.95566956,475
48.66717243,8.78667322,548.3
50.52483991,6.98144657,288.9
50.48076639,8.98220835,249.2
48.9379975,8.84243398,222.3
49.05352409,7.18456692,278.9
49.30736833,7.0809677,247.2
50.34764742,7.11832938,515.5
50.73932164,6.80364031,131.5
49.54276841,7.13836782,374.8
49.64991172,9.21884394,155.7
50.16792397,9.69887111,389.3
49.10841935,8.35197976,103.2
49.51417094,9.25231961,456.6
51.16365986,9.014481,376.2
50.43847341,9.26582509,462.4
50.73397607,9.04490365,334.5
48.78662174,8.41877229,567.2
51.2051707,8.00845112,422
49.51323499,8.57096541,99.3
49.92790599,6.54751893,363.4
49.86775587,10.4673458,439.4
50.29613612,10.3790015,275.3
51.42489141,9.47221428,238.8
49.21314018,8.50279138,105.4
51.33940737,9.52782183,211.1
50.97785632,7.12350458,82
49.91034061,7.54880046,536.1
49.9330816,7.45958731,356.6
50.72198897,10.51316613,491.7
51.100613,8.81143568,344.2
49.98476146,10.89040961,236.4
50.55447285,7.25011041,63.2
50.45969639,10.33024212,369.6
51.43472864,9.31629647,191.3
50.16790065,9.52010385,475.4
49.93802887,10.36754426,252.1
49.99869567,10.74886029,314.6
50.35604524,10.1001491,352.9
48.80537072,8.09775806,115
50.47748012,9.69962045,328
49.56827106,8.86244499,479.7
49.81234684,6.54409915,313
50.39631154,10.63200399,329.9
51.11206657,7.25700069,247.8
51.11464459,8.39065031,685.7
49.49707326,7.11112483,300.9
50.69320823,8.8443581,319.6
51.36313804,9.11452215,269
50.65439513,9.45129024,348.8
51.51208679,8.2771137,263.1
49.83988664,6.7493381,169
50.22329396,8.25755587,297.1
49.20000244,8.53891435,105.8
50.44241683,8.10838771,210.9
49.49045246,7.10644983,323.8
51.02126272,8.41002869,480
51.29462749,9.34582798,408.3
49.17570659,8.35292513,100.1
50.25285269,6.87846798,534.5
50.95455136,7.60821735,240.4
49.1352161,8.05118508,184.5
50.75414584,7.6315305,240.8
50.13895936,6.53422124,558.2
51.51071612,8.61419805,366.9
50.17271182,7.20195656,313.6
51.09356476,7.7407106,399.7
49.05506345,9.06103931,230.7
49.23695131,8.19572242,136.9
49.39773902,8.92690061,359.8
51.30185597,9.8729622,334.3
49.37339719,7.45896847,333.3
50.64429036,8.7144044,228.1
50.02742996,6.98900782,277
49.24915833,10.08860589,481.4
50.10034659,10.69308375,358.3
50.63308534,8.50611634,395.9
51.02485567,8.11054456,556.3
50.55987031,7.07255208,280.7
50.69560508,9.35737442,421.4
50.6505369,8.02984734,550.4
50.70557232,6.68292715,149.3
50.45737102,10.64981247,347.9
50.69221876,8.40095451,315.8
51.31483145,8.55815348,614.7
49.66696742,8.89410383,503.4
49.23363806,8.66416582,129.5
50.68081425,7.65726557,236.6
49.97758859,10.69499197,226
50.46354518,8.73429469,175.5
49.32866281,6.81911787,240.3
50.08792393,7.97656697,434.8
48.9329092,8.70939441,318.3
50.81641363,9.44998093,397.5
49.63631082,6.64669645,474.8
50.35679318,6.4749485,501
50.68535807,7.86360313,386
50.08023178,7.02710381,376.3
50.26202504,9.0609845,220
50.59306192,10.07292836,587.1
49.50690607,10.28675701,364.9
50.15631916,6.80020732,469.3
50.01009275,10.6522211,381.9
49.9815821,10.11157718,224.1
49.17752944,9.5438206,280.8
48.73838194,8.24792964,368.4
49.81736429,8.06059336,134.9
50.87121629,10.42269045,555.6
50.03385002,10.38775438,294.6
49.03382358,8.16341656,136.3
49.76298709,10.81044439,266.1
50.64529936,9.41359993,301.4
51.4184269,8.30705409,432.5
49.77770519,10.22891873,242
49.54891513,10.25298489,335.5
49.99700948,10.27489754,212.2
50.8856048,10.25027969,338
49.41974587,9.0356966,131.9
49.98836037,7.27823495,366.2
50.38848316,8.86506472,128.7
50.00728722,9.8946579,323.5
50.23307306,10.1142253,260.2
50.76788173,7.61717282,215
49.77410202,7.47610889,374.3
49.70308293,7.3907715,306
48.76823822,8.91531591,403.8
50.72184611,6.69668176,153
50.05517113,8.90096091,122
49.51385165,6.74650796,312.6
50.60046182,7.1720219,172.5
50.40050766,9.73225427,430.6
50.70872801,10.03032921,669.8
49.75833994,7.95360616,288
50.89649673,6.87550712,57.4
50.02320291,7.72752474,437.7
49.44310285,7.10637983,323.6
50.90095107,7.65242938,340.4
50.18048608,7.95041388,479.3
49.56980679,7.86240652,268.5
50.94121356,7.54789012,244.6
50.90852502,9.5246049,378.9
51.19690913,7.73195465,378.3
49.05054203,9.95055459,487.8
50.14692603,6.91101789,448.9
50.77642076,7.44537506,87.4
49.54727649,9.55556164,394.6
50.04347708,8.86837005,123.9
49.02309291,8.62363184,212.4
50.10975988,10.92262074,323.3
48.79463731,9.55149336,397
49.66456842,7.57061812,295.7
49.35276394,7.59321825,360.9
48.93908435,9.44948592,295.1
50.2137316,10.73337691,312.2
50.97283244,8.42005363,561.2
49.88980736,6.47681832,260.7
49.24231851,7.45320584,255.4
49.63260211,9.5264834,353.2
50.67532575,6.71483228,170.1
50.12639696,7.99518314,324.1
50.51039515,9.50743613,426.9
51.09576794,7.18752934,231.8
49.88745977,6.73627798,392.2
49.87796374,10.15646889,197.5
50.91407774,9.10297489,345.7
49.94427226,9.61480562,291.4
49.08872876,7.14910816,313.6
50.32871673,9.59330233,300.2
49.96790165,10.58429737,394.2
49.57353626,8.7516902,294.7
48.78435251,8.5094468,644.3
50.55487584,10.02842831,609.2
49.78792296,7.56801365,220.5
50.82715837,8.17684164,484.6
49.84437707,10.14780613,248.6
50.83383737,9.06155497,318
49.82163172,9.67226183,292.6
49.84813238,6.8074924,211.4
50.13058999,7.69366073,395.1
50.52887063,8.99488913,260.2
50.41702697,7.96002607,247.8
50.22373009,6.68457031,406.7
49.63800443,7.45062753,409.8
50.42531536,6.77638774,528.3
49.13784646,8.94695583,233.1
51.30340123,7.67655403,268.5
50.6466639,7.77138837,345.5
50.86702059,7.81633709,386.8
49.03551645,7.55034028,252.5
50.64636198,7.80433008,365.7
50.48610067,9.71708328,315.4
51.34497079,9.23135004,304.5
48.97701557,9.86659928,458.9
50.84630527,8.38927708,407.8
49.90833901,6.72124618,379.8
49.10796109,8.60385128,185.5
48.95698921,7.39643384,376.4
50.79190763,9.33920824,339.4
50.45073076,7.38960787,91
50.28173665,8.30157839,324.2
50.72751677,7.75106211,282.4
50.63356607,8.89932952,286.1
49.42357699,8.42734867,97.3
49.22568825,7.39892052,339.2
51.15292131,9.86645668,251.3
50.93540158,9.90785326,325.4
50.69669473,9.64373581,318
50.24073535,8.15186204,322.5
48.78287359,8.56481708,625.1
51.32396553,8.67274935,549.2
51.07085973,10.35044712,210.8
49.98156088,10.31395385,234.6
50.67202685,10.49138647,536.3
49.36471078,9.64835472,347.3
49.63942293,9.26805666,214.7
50.08516475,9.32520414,490.9
50.03997902,6.47456041,333
51.03231514,8.51699114,470.9
49.8597786,6.96592515,394.4
49.30081054,8.43462363,96.1
50.95560731,9.46309744,441.9
49.91858649,8.9727694,161
49.49054726,8.84778541,369.2
50.56774001,6.65349155,395.1
51.13414849,9.9184696,301.7
51.35725456,9.32544299,335.2
51.43763439,8.47727456,431.4
49.73927151,8.09603039,194.5
50.47880062,10.67953501,473.3
50.44408792,8.64384504,299.3
51.18494836,8.6715987,399.7
50.29443004,8.94961345,148.3
50.30434911,10.80726256,288.2
49.86343877,9.73715205,267.8
50.00872727,9.42869125,308.2
51.20451092,9.45579711,146
49.6101256,8.81516145,539
50.81943947,7.50773136,256.6
51.41118732,8.59304635,416.7
50.21707139,6.58170261,488
50.2580203,10.43960732,463.1
49.94889993,8.30164442,155.3
49.47366761,7.4173709,258.4
49.67018051,6.6393868,224.7
49.1766593,7.52673919,312.8
48.86592723,8.43156387,381.6
49.05262762,8.70481362,213.4
49.09237278,7.7711205,348.2
51.13619883,10.16769267,190.8
50.67099697,10.75238106,778.5
49.38538555,10.53715158,455.1
49.51943461,7.54083823,428.6
50.16075603,10.88923279,366.9
51.4814448,8.06126937,228.4
49.67834302,8.07896469,306.5
49.45477581,9.93467966,293.6
49.60123353,7.75288912,396
49.9641178,7.12950263,127.8
51.05357875,7.30084398,255.9
49.87201651,10.52893174,421.6
49.12342403,7.17491603,272
50.87722768,10.16881021,314.3
50.29907498,10.88195854,320
49.78276817,8.0519222,164.2
50.74141963,9.19857387,314.2
49.43476392,10.08440925,429.4
50.59765377,8.25815971,344.8
51.44599274,8.9952232,370.5
49.97074934,9.37186115,427.1
50.1125185,8.39461868,352.7
50.39263135,7.27403843,307.7
50.40950923,9.28314802,390.4
49.73109168,9.48250599,307.7
50.54754439,6.64551357,353.1
50.17481203,10.62073919,392.7
50.02747163,8.03202193,196.4
49.90258835,7.66997243,419.9
51.46431724,8.38107826,354.5
49.11508682,7.95796645,281.5
50.39731445,7.66665941,278.1
48.880518,8.27065484,121
50.86949249,9.92643456,378.4
51.07803494,7.1036873,185.2
49.63650127,9.43999561,249.3
49.35114193,8.78469419,164.7
49.2240133,8.05827944,219.5
50.43964527,8.81370582,221.2
48.86777198,8.15705034,112.7
49.31440474,7.65443063,310.2
49.13209984,8.93378882,211
51.10708465,9.8938432,340.9
50.4434554,8.06459527,196.1
50.27522136,8.42849028,580.7
49.54437913,6.73209498,486.2
49.6014346,9.28036726,428.7
50.15339636,9.86036738,291.4
49.39337521,7.02566994,323.7
50.67500561,9.98377263,364.5
49.15743955,8.12641389,142.1
50.07505812,8.5251438,97.1
49.37676045,7.19896318,245.4
49.08797411,7.84062553,241.5
50.84762109,7.95392209,275.4
50.82533982,8.50941286,515
49.39154322,8.58577628,106
49.4783044,7.51424988,313.4
50.00046827,8.11824978,85.6
49.88493226,9.97887488,362.1
49.05474041,7.5093494,331.7
48.94362309,7.57862888,393.7
49.71132509,10.41065543,352.4
50.08837186,8.08483517,426.4
50.5269205,7.6695082,305.3
50.23047359,9.80029199,397
50.37285953,7.46547706,201.1
49.71558834,6.99664557,529.3
48.94394454,7.8354478,174.7
48.71317976,9.12925345,455.3
50.45202672,7.92947941,268.8
49.87519218,10.27366651,266.1
51.34083913,9.06379108,336
48.87513302,8.43672435,381.9
50.29469277,9.7379171,289.4
50.76380648,9.5219062,272.5
49.16878471,9.94649131,432.7
50.88783569,9.0058332,283.4
49.96682231,8.20301514,191.2
49.57322656,9.58257918,377.9
50.2788187,8.08124103,218.1
49.99628698,9.66371936,266.8
49.18563812,8.46791337,100.4
50.67039249,9.41826197,389.9
51.00837566,8.32144807,526.4
49.91222237,7.74779829,356.2
49.30103557,8.95393682,201.3
49.11663281,8.21174423,119.3
48.88526339,8.2410859,119.3
51.42880464,9.07292829,194.6
50.1085279,10.53945101,271.7
50.37986322,8.42805067,327
49.93203459,7.32299839,409.4
50.1102111,6.95888425,405.5
49.44373225,9.70180298,360.6
50.36200316,10.47111555,290.4
49.43231783,9.60494676,329.9
50.77017069,10.04255051,474.6
50.56714277,8.64049541,154.9
49.01909156,8.18970349,119.1
51.15106428,7.70164539,484.8
50.71046119,6.76221456,149.5
50.89917114,8.26411292,554.6
49.65149288,9.05709672,508.3
51.19611647,10.09756825,162
50.67484389,10.59896387,537.7
50.43659153,6.95415888,494.2
49.98557196,9.9960594,303.6
49.67602136,10.16487301,245.3
51.37909551,9.28647282,262.4
49.91531373,9.09028825,128.1
48.93610829,9.62172868,468.1
50.23860795,6.56657889,453
50.47118818,7.75076906,310.9
49.96985347,9.35914274,460.4
50.66364864,9.2379612,377.7
49.79541158,8.34580399,92.5
50.55639968,9.25191451,616.9
48.81930327,7.74993113,146.7
50.74674835,8.21776684,265.5
49.5721115,10.15544509,303.1
51.34858356,8.28202674,261
50.55556838,6.75587452,365.9
50.79263786,9.65047513,449.5
51.00731351,9.27949792,191
50.19044924,9.23439988,312.8
50.0176387,7.21893044,252.5
50.04789435,9.87887842,289.1
49.95422741,8.43819606,90.1
49.95195902,9.32176827,305
50.2404976,7.69069202,365.7
49.77007637,7.57952965,346
50.54611332,6.62310157,445.5
48.98024474,7.83596255,368
49.61137103,7.23194925,379
49.9253308,6.73841173,339.2
49.16627699,9.99672354,429.3
50.8366435,7.02590482,47.8
51.25060386,9.73952482,462.5
50.20229989,7.91149433,381.4
50.94981875,7.07292395,53.9
48.67655351,8.76596631,598.9
50.70865416,9.7891341,357.8
49.40458729,8.22976622,108.6
49.84145005,9.50528244,377.1
51.05634374,8.78820452,273
48.92550594,7.95959057,149.2
50.8181492,9.68961267,315.3
49.06081544,8.77650513,222.5
49.87523813,10.14586453,295.1
49.17822671,9.06894631,212.1
48.7617035,8.03147272,120
49.06165026,10.05839446,440.9
49.41623691,7.26593179,353.8
49.78884457,10.18738372,204.7
50.73002999,10.17368936,351.4
50.14883405,9.26594405,424.6
50.02278585,9.76742319,167.1
48.84029243,9.6022351,366.2
48.99890839,9.3260927,406.9
50.37489629,9.3049562,360.2
50.82661927,10.36471127,405.1
49.97173109,9.65876765,292.6
49.64331515,7.89657154,430.1
49.88079219,9.56107911,200.7
49.80572544,6.74298929,169.8
49.73643721,6.87328196,488.2
50.86228062,9.06275519,359.2
50.84442396,8.2696156,443.6
50.5054754,10.29816711,371.8
49.39846258,6.91442601,260.8
50.50113926,8.38915726,266.1
50.45703104,9.43220953,467.5
50.154938,10.63687331,314.3
50.67922779,9.22249956,361.8
50.11192092,7.4499223,429.2
49.25170251,9.33043926,217.8
50.20186038,8.81241221,111
50.83354473,6.73449547,90.3
51.4571395,8.82294072,389.9
50.54628363,9.68161268,272.6
50.27888291,9.84455203,433
50.19388791,6.44273675,478.3
50.9224716,8.12950522,506.9
50.87924669,9.28475697,232
50.8139642,8.26168151,427.2
50.42402462,9.82903002,644
51.44991312,8.19655227,284
50.74072808,8.30903818,304.4
48.94253748,9.58674528,495.3
49.67159816,7.02661575,700.4
50.67298101,6.87525059,153
49.28122494,8.56615496,116
49.71754047,6.61842473,191.5
50.6176015,8.83582772,277.4
49.87702014,6.88410083,410.2
50.56887822,7.7290064,304.4
50.99825109,10.47078093,341.1
49.01389051,8.28295096,109.5
49.84547924,10.03183757,271.1
50.5376327,9.02674963,267.1
49.36206183,10.15266955,438
49.14032387,7.76400475,232
50.15360319,8.94521504,110.6
49.74974149,7.85814136,330.4
49.85566308,7.67597213,364.8
49.62602929,9.75932855,314.7
49.85416913,7.77008516,207.2
50.02379992,7.42914522,452.5
49.78430568,10.04432482,259.4
49.69674217,9.00819762,238.4
50.4907377,7.65881312,249.9
50.98130968,8.81990646,352.2
51.43653487,7.87632993,279.5
50.73522772,7.32169898,142.8
51.14257992,9.0433394,336.2
49.35466744,7.36820115,240.5
51.09296026,7.89538077,460.1
50.47950737,9.79956516,366.5
49.35249408,8.74280836,302.3
49.07869584,10.07200051,411.9
50.69064376,10.36098296,286.8
50.18010573,10.69380666,332.2
50.63066039,7.75720423,332.6
50.29909145,9.13550218,278.1
49.62978602,8.44620917,89.1
50.52536615,9.6893706,286.7
49.8189726,6.89177889,130.5
49.18840807,7.60885685,398.6
50.10130332,6.52961035,425.9
49.11794541,8.7882644,200.1
49.48636979,7.72312627,217.9
49.34613465,8.32784108,115.5
49.09968284,8.9862036,259.6
51.31165003,7.6126115,428.3
49.23330196,9.51137318,285.8
49.76597801,9.54043247,143.2
48.95547409,9.80084176,421.4
49.32807021,9.06848613,358.6
50.95417322,10.03182603,247.1
50.15515494,10.85032252,292.3
51.08193327,9.42555157,357.4
49.8023789,9.39985491,310.2
49.83185414,7.8785239,145.5
50.28211416,7.00637067,503.6
49.12459728,9.46913302,325.6
49.14320329,9.61712005,471.1
49.89491868,7.81549132,218.5
51.42454137,8.64877247,451.7
49.1218998,7.13830936,262.6
49.50868234,8.69002573,217.8
51.34962013,8.6876331,503.2
50.22497919,8.84556113,141.4
50.75219634,9.77244773,333.2
48.91399373,9.31608452,287.5
50.09200961,7.93894591,419.4
48.89478591,9.51449303,344
50.45170441,8.65249602,244.8
49.65096303,9.09052464,498.6
50.77567841,8.40271976,530.1
50.60132109,6.90457576,318
49.38114479,7.61714929,426.8
49.75603126,8.92527035,380.5
50.43212668,6.94775392,486.5
50.85058055,10.16392336,313.9
51.53094241,8.633545,303.4
49.32276385,8.07730398,527.9
51.26079998,7.79210075,230.8
50.28153453,7.24309953,362.1
50.88799827,8.95489703,243
49.04714544,9.07917536,245.7
49.64763641,7.96058465,356.7
49.01685143,7.36340404,307.9
49.73848224,10.69663803,312.2
50.18303309,7.07760708,444.1
51.16968815,7.8732542,402.9
49.51848596,10.24495254,381.1
48.8841557,8.84898782,418.1
50.38275441,9.32884556,346.6
49.44012331,7.74456666,249.1
50.16016383,10.89870487,355.6
49.24175589,8.5039666,105.3
50.29299787,7.41299675,188
51.29403024,8.84350404,403.7
49.17967017,9.35366632,221.6
48.96410295,7.44587428,364
50.98001067,7.2941989,160.8
49.70155451,10.38658668,362.1
49.35002957,9.11504691,190.9
50.8570608,8.63752792,234.9
49.51714077,9.17963505,498.7
50.43209096,7.58882079,200.2
50.88430075,7.09113782,52.1
50.23017131,10.40820794,378
50.54777663,8.32880596,213.8
49.96272223,10.53984247,294.5
50.66026959,7.1510678,176.8
49.2641854,8.60855367,104.9
49.69266237,8.37828361,87.3
49.57423336,10.68661158,391
50.76574956,6.97630131,66
50.40385154,10.13099351,411
50.88567292,9.34747674,343.9
49.75517513,8.84152021,261.8
50.30690363,10.6501488,318
50.51403905,8.83703905,179.2
51.32332418,9.41046462,338.2
49.28348343,7.23339447,250
50.06604576,10.09474298,299.9
51.14894536,7.91024938,342.4
51.08553877,8.32240563,658.5
50.47493452,6.9503837,204.1
48.72827862,9.20948253,365.9
50.43591771,8.3084343,253.2
49.1045003,7.1307283,292.8
50.75660772,9.51788151,300.4
48.96218862,9.93046748,472.7
50.17592648,9.31683118,441.4
51.12175688,10.01493754,329.5
50.58935236,9.48535084,384.2
51.00193987,8.39388315,609.6
49.35767746,10.55940643,470.5
51.07965455,8.15834146,469.2
49.8615673,6.71644804,350.5
50.21524162,6.94047775,421.7
49.94146586,10.86201613,283.9
50.32518152,9.11005656,202.3
49.23184782,10.09302387,461.3
48.83924911,8.5131244,428.3
49.87050129,7.22522161,467.6
51.10314099,9.17619085,373.6
50.82176395,9.56173072,328
50.60377945,8.22219978,458.1
50.75521962,8.05814522,353.1
51.27389756,8.7088466,563.4
51.19370651,7.75546002,437.9
49.27710852,8.42666728,98.4
49.83693398,7.29556306,473.2
50.4307547,6.76025785,482.2
49.78842496,7.92871994,184.8
50.38365337,9.00216379,203.6
50.29397707,6.55112527,537.5
49.21272383,8.51504415,102.4
49.84631293,9.61642766,180.8
50.36761698,7.3546316,192.2
49.21301028,9.57313651,302.7
50.38386698,6.85212546,416.5
50.10117304,6.73902012,477.9
50.18167561,8.91861681,116.1
50.71625887,8.38433733,401.4
49.51347274,9.53764958,352.9
50.39104669,7.45770397,111.3
50.76183122,6.8585268,112.6
51.5067754,8.22718678,280.9
50.12539418,10.04543453,370.6
48.96531632,8.7005674,323
50.92990406,7.233915,192
50.67967508,8.59792124,246.7
51.01776194,7.04180825,52.5
50.63917385,7.12530459,183.4
50.06318643,8.27879286,164.5
49.07739356,10.18660416,518.9
50.2852159,10.74944217,351.3
49.49191168,8.76604365,416.5
49.83829299,6.62700657,282.4
49.47745938,8.47589646,96.8
50.61432989,6.92846719,243.1
50.34981504,6.61941156,511.4
51.54535564,8.71152521,326.4
50.50576846,8.53197205,299.1
50.82563256,6.79529799,90
48.78838212,7.93037745,118.5
51.14372267,9.62733615,311.9
49.58828342,7.4847203,320.7
50.15143693,10.01306415,224.3
49.86388888,10.05017499,267.9
51.46515836,9.1337149,243.1
49.05812524,8.95149146,215
50.48566902,9.4127134,447.7
51.01265042,8.29196316,518.9
50.96111317,7.79963327,432.5
49.8174635,8.36567404,85.4
49.54143875,8.14639945,183.7
50.04802195,9.40428703,411.4
49.30340508,9.19605329,283.6
51.30255222,9.79218585,353.2
51.11952747,8.79660682,325.5
48.93797514,9.34130934,285.5
50.21471291,7.16982361,388
49.93504061,10.22455188,264.5
49.71096183,8.74688876,393.3
48.99102503,9.8691093,477.2
48.86259509,8.89285706,428.7
49.16542121,7.0705295,279.7
50.67384939,7.47803849,250.5
49.49814901,9.27997248,397.1
49.93747939,10.06937098,267.3
50.47230066,8.95491989,147
49.93481345,9.86851673,291.9
49.249162,8.01404683,292.4
48.98912153,9.52910399,378.1
51.05596759,9.53005631,414.2
50.37495596,7.39743508,182.9
51.31151253,7.65588109,201.4
50.93983108,8.0309305,342.4
50.93438536,10.0080891,215.9
49.26799541,8.15082929,139.7
48.84029408,8.20283995,124.2
48.85138879,7.73013208,186.6
50.20901268,6.87483018,479.3
50.4558449,6.85851141,323.6
50.80252836,9.58555757,254.4
49.96221294,10.72434829,227
51.38992069,8.83602018,389
51.43813594,9.53558003,369.4
49.52853391,7.1212741,358.3
50.06400364,7.19770078,432
50.45350252,10.27881831,280.6
50.28723037,8.96238441,125.5
48.98964982,9.96203138,482.9
50.4105894,8.76265617,239.9
48.7221893,8.17685822,174.3
50.94470277,9.27134081,248.6
50.26149686,7.38384275,261.1
49.82463387,9.01440875,180.6
48.95200832,7.87556045,194.1
49.69833214,9.1519606,436.4
51.41206317,8.46883799,492.3
50.42047753,6.66726779,497.1
49.52719915,8.22386472,149.6
51.42949675,7.96779599,216
50.47278285,7.81424016,265.8
49.69927359,8.21345172,145.2
48.97844727,8.04419749,163
49.75583079,8.56240443,92.9
50.67391065,9.38207105,333.8
51.00520457,8.55604238,417.4
50.75739739,6.99243841,114.5
51.54635788,8.75569576,325.5
51.3827944,9.29362432,245.7
50.06024921,9.01819398,122.6
49.31148066,10.07674758,464.4
49.50616551,7.56915027,342.8
50.44649655,9.55244055,373.8
49.51957718,9.55467867,385.7
50.98448565,7.12118987,81
50.64233353,8.11730188,591.6
49.39365293,7.35599932,259
51.11773144,8.25892294,478.7
50.47052694,7.39010404,310.7
48.97807871,7.97951052,173.5
50.81719415,6.87815021,132.5
50.92685902,7.39121539,274.2
50.39398811,7.13789277,418.9
48.99181928,9.23502362,269.4
50.07547931,10.71699647,378.8
49.48570657,7.40277431,300
51.44802799,8.84233787,257.3
50.35966492,10.77508592,357.2
50.04568331,9.87786853,314.5
49.41650968,10.16212837,404.9
49.19577076,9.60602374,319
49.12690062,10.31524185,479.5
49.58719582,7.37240138,504.2
51.45602145,8.66126169,401.3
50.11345899,9.31944004,357.8
49.01679779,8.29733098,106.8
49.78470981,9.10471665,317.4
50.77552943,9.09493029,292.9
49.48916123,8.38503322,91
49.47797503,9.55228332,346
49.07304782,9.37793851,404.1
51.12098965,9.86712818,315.3
51.31230261,7.54018764,288.6
48.97422821,9.11751061,285.9
49.35230268,7.51281616,358.4
49.91364044,9.16617253,137.5
50.35022923,10.16063319,295.2
51.07827693,7.73568947,367.8
49.41732751,8.55167617,107.7
51.29636931,8.68454706,578.7
49.39727723,6.99336617,359.4
50.99764703,6.96355704,38
49.91322447,8.86470903,138.6
50.48632282,8.31585761,288.1
49.88192961,7.75811358,258.4
49.19344246,9.45832534,223
50.31430649,9.57860703,419.8
50.69321888,10.48606056,388.5
48.74631655,8.60349811,546.8
49.57768262,8.31489953,96.9
50.48259932,10.76188184,489
50.92969658,7.61210005,280.5
49.13057163,9.54569912,434.7
49.08774955,9.86755802,396.1
50.89701275,7.82535976,362.9
49.87828863,6.64127656,183.9
50.89909266,8.25637634,557.6
48.7840924,7.92312151,117.9
51.40830478,8.41668801,494.2
50.32903949,8.21631343,238.8
50.43094506,9.36421272,409.9
49.58298317,9.52381562,364.2
50.36774803,10.72894593,337.5
49.63538413,8.53670033,103.5
50.07614345,8.16514739,257.7
51.40422654,8.01350441,266.5
49.73065067,8.67993515,468.9
49.64407127,8.45264632,93
51.12364716,7.13425318,232.4
48.91421857,9.6295368,516.5
49.35846378,8.16314944,134.6
49.85012469,10.807542,336
50.52380385,7.38406734,311.8
49.60906508,8.19128855,147.3
51.08611115,7.18358614,214.8
50.73768223,9.64371092,363.7
49.86094175,9.22127715,303.6
49.2994217,7.73120828,383.9
50.05399581,8.81440743,124.9
49.22389397,9.68154888,360.6
48.89310374,8.54079757,246.5
49.72603545,8.41598534,88.1
48.96890379,7.97397853,166.2
49.45699457,6.85181411,225
48.90841655,8.28169416,119
50.69065428,9.99999106,468.7
48.8953333,9.57887643,365.6
48.96637528,7.6101179,264.1
51.09130984,7.98543294,430.8
49.25981067,9.26936822,173.8
49.62474151,6.64620725,495.3
51.27680057,9.06020887,427.7
51.41481609,8.8091899,307.6
51.04499428,7.42167191,233.4
49.41743938,8.69210433,119.8
50.27200986,9.75866629,529
49.28751425,8.99130501,249.3
50.00399376,6.96764542,198.6
49.1077757,8.65738608,175.7
49.75617181,7.23170595,528.2
50.82539811,10.46547684,667.5
51.24016189,9.47203025,190.1
50.30700158,8.931114,192.5
51.25199227,8.24965326,485.2
49.69027862,9.44244472,383.2
49.64673847,8.64668821,274.4
49.66129807,8.31674901,131.9
50.5338995,7.71473126,276.6
50.61752176,10.52066971,431
50.7211054,10.26084974,396.5
49.49033394,10.46099679,316
51.2161519,7.47237577,408.8
51.40402277,8.32971529,504.2
49.09744456,7.89600533,398.1
50.82852451,8.47698676,402.8
50.12300026,10.46160794,355.1
48.94712626,7.56118637,265.7
49.48215317,8.39091186,91.1
51.42059047,7.79387699,159.2
50.52783094,10.81526304,543.8
51.39324419,9.45716233,236.7
50.74912865,8.22768982,306.7
49.14293302,8.83359005,232
49.47555608,7.11986497,305.8
49.43749286,9.35912739,266.1
50.47404211,7.04385456,378.7
49.12071046,7.31553265,306.6
50.38583663,10.65189304,324.7
49.62273743,8.25874461,131.9
50.15591156,9.50531927,462.8
50.2814874,6.6796936,487.7
51.00519847,9.48449104,341.6
50.16293948,8.91860715,109.6
50.60499292,8.93227622,299.5
49.17567501,9.87744884,447.8
50.86242754,7.23221531,92.5
50.05999778,9.43874367,388.1
49.42425917,7.68825603,293.2
49.89787837,7.99686877,266.3
51.03920648,9.89133983,310.6
50.64490864,7.25038628,195.4
51.19826669,8.1956405,447.4
48.92689746,7.87453662,192.3
49.83454908,7.35453873,440.3
50.08507923,9.55236898,431.2
49.1961672,7.50648047,318.6
50.62077818,10.37197427,317.7
49.4518665,9.7603556,259.6
51.10194551,7.98313194,428.4
51.37094491,8.32611068,410.2
51.0711745,8.22919958,600.8
51.31168324,7.83624683,269.1
50.57790499,7.76211398,348.5
49.39874705,7.2221772,353.9
50.76084693,9.76816086,333
51.01829143,8.67791942,289.9
49.12541005,8.57863356,115.3
48.99778524,10.08770531,483.7
50.96680316,8.75842394,408.9
48.81076034,9.46448929,292.6
50.97509889,8.63819995,304.8
51.1718918,7.1778057,252.2
50.32838631,10.41850469,355.9
50.61345054,9.63003453,317
49.46968577,8.73759422,380.8
50.0118203,7.78213074,335.1
49.41535953,8.15837186,313.4
49.42914208,8.76958137,385.7
49.4949386,8.03569583,313.7
50.87940798,9.22024648,240.5
49.56017318,9.36670014,423.1
48.96823753,9.48525182,344.8
49.7828246,10.50001098,339.9
49.88376091,7.63379671,399.5
49.34407248,9.45772076,311.3
50.79900216,7.58500594,154
50.58669057,7.36534701,291.2
49.89497675,10.46069417,351.9
51.32728158,9.00027453,275.1
49.8583294,9.41291684,505
49.38523971,9.33961677,306.8
50.21878129,7.52834702,365.2
50.58185866,10.44706209,451.6
49.83294191,8.96739639,280.4
49.46372005,9.37304611,325.3
50.03743612,8.67313039,139.3
49.13652536,9.47202451,284.2
48.75737599,9.24202631,253.3
51.24917768,8.93672266,334
50.22673688,7.14309306,398.5
51.24537763,7.50514118,360.7
49.07769804,7.55804562,321.9
49.62876394,10.26265474,358.3
50.32013404,7.94738161,219
50.03411027,6.89817069,403.1
48.99082048,8.57466091,272.3
50.60891428,9.64142643,310.8
49.86576243,8.55758592,97
48.85792851,7.80125421,164
50.44768998,10.26985746,375.6
49.34228844,8.12296264,289.7
50.39712685,10.37497352,349.8
49.17142728,7.95414028,313
50.66896339,8.95160699,338.5
49.47943473,7.99654431,359.1
49.24389013,9.40905031,200.4
49.08737235,7.66533901,248.8
51.143926,7.15671886,197.8
48.83715505,8.61105336,550.1
50.60040331,7.92103034,485.6
50.56840567,9.17764882,497.7
50.27969235,10.05399667,319.6
50.10804293,9.78592677,188.8
49.80524557,7.07089118,435
50.12960649,9.61666069,387.7
50.24878664,9.85320409,411.2
50.0385414,7.03696474,384.7
50.33738359,6.9592987,577.2
51.16380658,8.56285817,632.3
49.01837356,9.79432426,520.8
50.44961947,8.81146416,201
50.62991543,9.97023114,557.8
49.23087451,9.83060759,474.7
49.42541542,7.51586962,237.1
49.7824643,7.67946021,183.1
51.14477493,9.80912177,433.4
50.88806918,7.49283838,249.1
50.77070428,8.5967845,303.5
50.76219218,7.44242607,167.5
50.94463804,7.2513871,194.5
50.5462648,9.88902175,586.5
50.05080552,9.14100278,239.3
51.42069692,9.19500082,294.2
50.26756782,9.62782325,408.7
49.90380307,10.28263823,222.3
48.95279105,9.79832363,468.1
50.35794328,7.2021976,530.4
50.52283554,10.63711279,458.3
50.69653384,8.30130301,226.1
50.4118127,6.87215227,470.9
50.06849702,8.08624143,339.7
48.93554865,9.2172052,223.7
49.31811682,7.76107964,466.1
48.85247204,7.85895414,142.8
50.06527412,9.66960952,205.2
50.60166091,9.27236602,544.3
50.28408218,10.77392651,353
51.18123908,8.14376696,492.8
48.92995176,8.84758782,257
50.21870429,6.97910392,429
50.09871033,10.18205851,293.4
50.67544596,6.71750347,168.5
49.04512951,9.73485511,309.6
49.39423487,9.99275988,441.1
50.5549185,9.98714414,619.4
51.37510429,8.67003689,482.2
50.89397756,10.03570505,232.3
50.44594919,7.61137157,237.1
51.1638366,8.09984966,327.1
50.37180357,10.08391926,372.1
50.92132778,9.3336421,387.5
49.01340465,8.28435084,117.8
50.39693641,10.38503675,376.8
48.67721158,8.89200519,454.4
50.31399368,7.52980939,228.9
48.93809422,8.99723571,301.7
49.28187056,8.11377008,185.2
51.09856757,8.97722367,553.7
49.65107122,8.70410752,268.4
49.58094749,9.97867615,307
50.53454799,8.28456562,167.5
48.83191716,8.61283528,540.7
50.24925856,7.79933716,225.4
48.90155408,8.61946068,339.2
51.15088161,7.76725962,591.9
50.4340695,10.58683622,473.6
50.8700507,9.98116424,280.3
50.39173696,7.89103711,184.6
51.41391414,9.65738207,134.2
51.27737985,9.98155329,176.8
49.03744426,9.96410291,494.3
50.48894555,9.76076154,435.9
50.56977035,10.54749822,373.8
49.71524583,8.99165587,188
50.30133359,9.99833407,359.8
49.6446744,8.76000942,202.4
50.43363998,8.03576128,127.6
49.0889663,10.19525281,520.5
50.36664269,8.80067261,153.7
51.46023185,9.21231549,265.9
50.92373455,10.38373763,314
50.87182334,8.11504432,452.9
50.51976471,7.48280947,339.4
50.5342796,9.36623486,434.6
51.02084014,6.97029538,47.8
49.96643065,6.82508241,310
50.26973877,10.14127067,373.6
50.35361983,8.48079404,424.5
49.51014928,10.6958181,384
50.40892989,6.9091189,488.1
49.9571885,8.34382887,83
49.48740914,10.06373687,374.5
49.85465025,6.71351946,279
50.5005413,9.07183963,263.2
51.147641,7.84895178,449.3
50.84341955,9.46619921,348.7
51.33768416,9.30711671,305.2
49.89469023,7.61786912,489.7
50.96390715,7.00831032,52.5
50.42001473,8.54432976,352.5
50.32665129,8.31020458,415.4
50.35074873,10.0256844,523
50.96137377,7.6139058,271.7
51.05282382,8.0721339,437.4
50.45668699,7.53341488,117.2
49.45234642,9.90027515,348.7
50.86907,7.13133727,71.9
49.0672857,8.28874051,99.7
50.79078834,9.00984025,226.2
48.91676321,8.70353644,348.4
50.90147525,9.3872724,523.3
49.93328006,6.6884583,342.2
51.03516587,7.29168046,189.6
49.39476318,9.80992274,425.3
49.33535396,7.9553555,358.5
50.12583914,10.35390215,414.9
50.94610698,8.98763612,316.1
49.62658656,9.88886648,294
49.49194562,10.17813191,378.1
49.86602379,8.49823663,86.3
50.46864885,9.1125064,319.6
49.37859883,9.59779904,335.1
50.73992672,8.57943316,414.1
51.15065184,8.03686625,279
51.5037745,8.30104837,303.6
51.39984835,8.34798369,568.4
50.50690837,6.81389584,462.5
49.8672254,8.88991252,154
50.48335007,8.42461274,221.2
50.79087135,8.81329727,318.5
51.09733635,7.41302861,344.7
51.01635669,8.61356164,337.9
49.88490722,7.07537354,411
51.04002503,7.66936079,429.2
51.08771962,7.13716462,217.9
50.54532442,7.44557808,236
50.3770457,6.66878626,467.5
49.13271125,7.38366257,329.6
49.29169686,9.01637033,268.5
50.31232345,10.38828425,273.5
51.11870321,9.55697397,326.1
49.92753795,9.82155158,260.5
49.53588917,10.49177215,300
50.0879005,7.75279178,174.7
49.04764991,8.95419591,282.4
49.68875805,8.01191535,324
49.67305781,8.29151659,99.9
48.83529995,9.33761016,266.7
49.7288505,6.77756118,331.9
50.87824495,7.66991889,360.3
49.65967343,9.57682281,369.3
49.52517829,8.53334679,100.7
50.85700651,7.24960244,164.2
50.38364914,10.26186844,241.5
51.21146373,9.41180983,192.7
48.85954365,8.12789204,119.2
50.37114303,8.9309067,199
50.65159246,10.76380047,842.2
50.23932992,9.08647021,184.1
49.05552911,8.9032071,248
50.24927383,10.42755097,416.2
50.098612,9.44282373,477.9
50.55278248,10.22383651,445.9
51.42694834,8.02661528,171.6
50.57388108,7.66339305,287.3
49.70535829,8.03914176,307
49.45224212,9.46650313,279
48.91162507,9.79834766,536.2
50.22030107,8.0582077,317.9
49.96514459,10.36094949,255.6
50.08170713,10.13876677,270.3
51.04448578,7.22918133,272.8
49.41873745,9.95689938,434
50.5428198,7.24090417,95.5
50.70759117,9.21696302,323.3
50.21257186,8.95878922,156.7
50.57270137,7.47212166,320.2
51.14992878,8.2728222,377.7
49.88225535,10.71873745,334.2
51.24031046,8.79245842,477.7
48.87742324,9.20224193,285.3
49.84604902,8.49441417,86.7
49.98419345,10.54382564,256.1
49.53256959,9.00444572,407.2
49.50493027,9.67485785,285
50.14255409,7.96305546,338.2
51.04518253,7.27217799,261.6
49.37455444,8.12186958,525.2
49.76892388,7.48743106,341
51.29005242,7.52529881,219.9
49.97704172,10.50481535,272.5
49.70638656,6.5388973,153.8
49.32278326,8.17482149,131.8
49.7083445,8.04274902,305
49.43102061,10.44303698,482.7
49.6407603,8.07577775,171.5
50.60756901,6.93028907,250.6
50.74913175,8.74551537,199.9
49.26267268,8.12727522,157.8
49.7286774,10.2820638,462.3
49.34873061,7.61749532,428.9
50.20107156,8.12788541,364.1
49.65191563,9.81104627,365.8
49.88088638,9.85383492,218.5
50.3959938,9.86827884,835.3
49.64112277,9.73840225,314.7
51.21003677,8.71012022,444.2
49.20013221,9.17904116,188.7
49.25035532,9.67311523,338.5
50.80158387,6.85925325,132.5
49.75646099,10.23664921,223.2
50.1021224,7.9280048,267.3
49.34193631,9.00629747,218
49.16250833,8.85199915,225.6
50.31715494,9.86231394,428.8
50.30919066,9.13524216,210.5
50.72510244,7.8933286,457.2
49.99018689,10.57596464,224.5
50.03023318,9.42443856,277.6
50.17892051,7.17947056,243.1
49.70511776,8.87652497,268.4
49.85903232,7.29331014,514.1
49.5101684,9.2810073,402.3
50.28176424,9.73446128,404.8
49.98665513,7.57510657,437.5
49.99470369,8.51816652,96
49.66804857,8.48953402,91.1
49.94778199,10.28950949,215.9
49.89865753,10.62380857,357.2
49.49047234,9.80966377,256.8
49.80725754,9.87367139,186.2
49.45510143,6.93635792,379.9
50.78614173,8.03746558,375.8
49.3268808,10.41315286,458.6
51.40065557,9.67818968,291.5
50.98972544,8.94068884,357.9
49.34163953,7.97971218,304.4
49.07345959,9.89229702,370.5
49.19125,8.79580787,258.7
50.30257563,7.94970437,254.8
51.03395715,7.48495565,250.5
50.84578093,9.61360509,369.9
49.25718388,7.19692823,345.7
49.84698829,8.48980344,87.1
51.12345319,9.56563119,301.6
49.68830302,9.15427961,287.7
50.04285701,8.31924879,136.2
50.77740135,10.32788373,270.5
49.30055082,10.27500718,475.5
51.3838035,9.53409184,279.2
49.19606693,9.18831213,187.8
49.2282283,9.29341294,238.5
49.56093556,9.23101122,469
49.26464553,9.56673184,341.7
50.27433563,8.06883481,246
51.0577126,7.83620788,334.3
49.83924832,10.86710115,320.6
50.03452988,9.86878573,276
49.14837837,7.50530907,352.5
49.90931634,7.24344674,477.9
50.95613365,7.88124924,435.7
51.10151111,10.33593345,303.9
48.97347998,7.33161533,297.6
51.41166822,8.82444143,396.3
50.74209751,8.75609897,268.8
50.73997663,9.45677897,307.3
49.6090662,7.28368378,413.7
51.010454,7.34934057,213.3
49.73403159,8.18294092,285.4
50.36385982,7.051212,492.7
49.18723278,8.21463479,126
49.13860439,8.17391642,122
49.84116175,10.64302814,397.5
50.53885999,9.13523903,539.3
50.01961142,10.71958226,332.6
49.86080997,9.8774572,351.9
50.07021734,8.40684076,222.5
50.73714905,8.54011059,340.5
49.25379077,9.35779386,253.7
50.46573379,6.86328339,305.2
48.81226865,9.44465512,264.4
48.97947297,8.61090607,234.2
49.98061903,10.36355737,239
48.81628024,9.27929851,282.9
50.85514091,6.77788177,123.3
48.72024741,8.35195214,415.5
51.31905321,8.22532075,350
50.54442541,10.49651682,395.5
50.16840131,7.33595535,292.8
50.54216036,7.68104802,262.8
49.12535612,8.04536978,173
49.16014232,7.22547543,296.2
49.00406073,8.48145048,118.3
50.11149876,8.42580738,174.9
49.60776678,6.81894433,578.8
49.15051364,8.89676274,209.5
50.74316502,8.39180157,486.2
50.18300577,6.65788058,429.2
49.43481759,10.28149348,446.3
49.93268762,10.56587924,481.5
48.79128671,8.37481526,360.2
50.98346233,7.81251642,387.7
49.80076206,7.93389841,158
50.87939757,10.17710897,339.5
50.99507416,7.62157351,328.5
49.69118855,10.51115949,376.2
50.06872977,7.75461982,292.2
50.943685,7.01133728,50.9
50.64092219,9.48172322,354.2
50.66364198,9.45017038,403.7
50.10288913,7.11576487,126.2
50.70303098,6.7996634,133.6
50.76791767,6.85928639,128.8
51.32675447,7.52944721,250.1
49.03393941,8.91345898,381.3
51.06326904,7.82514201,352.8
50.88331296,8.16184418,338.1
50.11913944,10.86669603,252.8
49.21938922,10.2038624,466
50.80395603,9.45520843,471.7
50.84709881,10.13172608,247.5
50.84570204,8.67462825,246.7
49.74689578,8.18672005,208.1
49.35310201,8.28773901,108.7
51.42409439,7.92892706,237.5
49.87981038,10.79526673,307.1
51.01841471,8.39509237,489.4
50.02181266,9.31592142,339.9
48.94383236,9.54608269,496.9
50.22496661,7.39915012,201.2
50.88270667,9.9711298,310.1
49.87163059,8.5839597,111.7
50.75826909,8.97886506,231.1
49.92263626,7.36260818,407.6
51.29573719,7.91317688,356.3
49.91832454,8.58410578,104.8
49.21243135,8.06996906,159.8
50.32259949,9.6482211,434.4
51.43536943,9.31294902,188.6
51.21639939,9.38338901,199.6
49.51297873,9.04797556,218.2
49.18400015,7.36378767,258.9
48.99675493,8.61177044,267.7
49.640569,6.75987362,491
50.79968924,6.6861707,121.1
50.92005032,9.23197531,223.4
50.81678143,7.93514111,214.1
50.03649112,10.0081024,278.7
50.41259492,9.40784292,453.1
49.53431146,9.25517719,472.6
50.40968444,9.69788709,455.8
50.01223778,10.04788526,314.2
49.20802064,9.5251131,268.5
50.43202859,7.6272898,248.3
49.27806487,10.2228316,447.3
49.21105051,7.07820364,306.9
49.3760473,8.93564916,374.4
49.08324617,7.96505145,298.8
51.12796731,8.30505744,605.6
50.06224141,10.15768842,247.4
49.3827813,10.3702563,434.7
50.27561953,7.51973233,349.7
50.94527164,6.96769174,37
50.81154255,7.22708743,90.3
50.64354543,7.22857808,77.4
50.69859132,6.78247214,151.9
50.42420916,9.48155682,467.7
49.75980161,8.93235008,334.4
49.70514978,6.91512047,484.7
50.07959716,8.59053138,102.2
48.87532967,7.72871929,194.9
49.6960478,9.81638563,344.9
49.79258788,8.41806433,86.1
50.72883125,7.52655086,334.2
48.84997397,9.36326109,385.5
48.80243827,8.06659229,118.3
50.77236369,7.63905311,148
51.17357457,10.1139849,204.3
49.23545249,9.22413253,165.4
51.25037482,9.32038453,370.9
49.47709844,9.76212705,246.4
50.06302847,8.52417377,93.9
51.39702111,9.16593679,277.1
48.72834042,9.20162938,382.9
50.94756638,9.23642987,217.6
50.35465769,7.48949901,203.9
49.7905904,7.85377855,335.4
50.26513571,8.76306061,116.1
50.17912819,8.27944448,333.7
50.31257052,10.91738856,314
50.14846881,6.8359087,456.6
48.77316622,9.23622123,263.3
51.35045758,9.2177357,309.2
50.51480147,9.28647769,592.2
50.34286296,9.28129229,358.8
49.32614014,6.8533623,267.2
49.37682105,8.68422691,110.6
49.98452322,10.92141304,327.9
51.32707525,9.62293943,240.1
50.29286481,7.57625381,354.2
51.27571492,9.88268515,339.7
50.95636142,7.31522964,105.9
51.51602298,9.02848225,216.9
49.63126104,6.86816369,469.2
50.46305542,6.74522424,482
49.1166814,9.72778256,366.3
50.83352343,10.30121214,295.6
50.05516809,9.21669943,261.8
50.40835909,9.98498784,520.4
50.9343464,8.31823756,474.9
50.93706805,9.54044565,444.3
51.46057412,8.91762716,339.7
50.38933789,8.62294021,245.2
50.96727705,6.86955809,51.2
49.27507032,8.36659416,109.7
50.80700692,8.81174693,331.4
49.8005519,7.15132556,621.8
50.29536492,10.51291601,306.4
51.17154104,8.86648847,415.9
49.43107874,7.00639169,346.5
50.37056868,7.7790105,472
49.1438821,7.23365099,272.7
51.53641434,8.55395572,297.5
50.71530993,7.00943543,152.4
48.98537137,8.23892805,104.9
49.48997659,7.43057937,264.6
49.67672568,8.3978191,87.1
48.93301324,7.71833166,237.3
50.73545373,8.80363301,228.8
50.32563761,8.00835656,351.9
49.08262158,8.27891838,102.4
50.05281476,8.55260312,116.2
48.92271377,7.81507819,175.2
51.51896931,8.50707826,316.4
50.78185947,7.39959779,220
51.28220288,9.25203157,368
51.02763098,8.37255652,418.6
49.48973429,9.82572449,248.9
51.09090211,9.66777491,455.2
50.3791975,7.62828759,137.8
50.49282253,8.97229202,246.1
50.48129544,7.66924842,324.4
49.6359308,9.90284629,307
50.60859696,9.32864769,469
50.51722407,6.78443798,355.4
51.13227334,9.04748678,340.7
49.15497309,7.00720354,277.9
48.9414936,9.22721992,234.7
50.04700906,10.2866471,224.5
50.8627422,8.41614913,431.6
50.86371168,8.33782975,481.4
50.14716138,7.87668288,376.7
50.56898186,9.46682954,364.9
50.51274854,9.55425805,433.7
49.57279038,7.07433338,431.2
49.19438519,7.43294404,248.1
50.89209456,9.87684715,400.5
48.90311601,8.41403401,354.1
50.0735394,8.63060757,110.8
49.97771775,8.50679221,92.3
50.20582443,10.36821841,303.1
49.02027665,8.00482647,153.8
50.32030207,9.43728443,242.5
50.14651261,7.39558488,339.6
49.59840863,8.60007874,96
50.4945338,8.24538827,242.5
49.25588912,10.29260371,470.1
50.98574272,7.59326352,311.7
50.67022717,8.39179903,414.9
50.04524448,9.01586733,106.1
50.33593883,8.90792472,133.2
50.46524784,7.38766633,293
50.65234105,8.86133878,323.9
49.77780771,7.24105649,550.5
51.26367371,7.66706864,258.9
49.88994984,8.47809854,86.4
48.7228574,8.58338384,653.3
49.80751313,8.14017144,170.9
50.3961237,10.31503376,334
51.07090825,10.28067583,212.8
50.41323642,10.56635865,341.3
49.36610741,9.68954584,374.2
49.29491227,6.99681663,264.1
49.37241918,10.10257196,471.3
50.1244421,8.62877644,97.6
50.08918875,7.55689234,479.2
50.26575491,8.85070562,153.7
50.2903415,7.73671221,398.1
49.25684057,8.76771835,246.2
49.94942703,7.20993133,388.2
51.09282069,8.86973459,396.8
50.06541289,7.52124045,469.8
50.56791188,6.78766075,394.4
50.34515248,10.48887905,296.9
49.6353473,6.98888023,512
50.72050941,10.01499876,417.3
51.14321916,9.87563766,235.4
49.85606969,8.81476396,163.6
51.15648354,9.47373303,305.5
48.92594237,8.59146772,257
49.07772236,8.7916737,193.1
48.90630015,9.31702917,261.2
50.08889155,9.90384137,332
49.79257791,8.68259812,254
49.29925381,7.24860611,240.5
50.61819638,7.53910707,226.6
50.35186844,6.56455832,438.3
50.72122001,8.91705841,337.3
50.72007286,10.58786153,578.8
50.60234338,8.60364051,216.1
49.60428833,9.06775726,420.7
49.77430673,9.1165545,272.8
50.44767439,9.72005288,362.6
49.47889893,10.3320838,326.2
50.41671795,10.4000404,364
50.21967608,8.17406592,440.7
49.14360559,9.13418301,170.2
51.26059172,7.63964411,415.8
50.26778396,9.20526651,388.5
49.34077992,8.75452004,210.9
49.20084269,8.95751911,241.5
50.71962779,10.24436287,376.5
49.73004317,6.79701262,445.6
49.81414056,9.00106546,324.1
50.20997832,8.67260562,145.3
50.57947834,9.61784705,301.8
51.47312466,8.72854736,419.2
51.22583151,7.48808245,410.6
49.73566005,8.27654614,180.7
49.80056198,7.42812393,235.7
50.63602644,9.32427904,412.4
50.55605662,10.72388045,545.8
50.01404979,10.1497797,230.4
48.91188338,8.319128,115.9
50.16733849,8.48728023,315
50.04671853,7.17035065,300
50.10980365,8.21552817,243.8
51.23679837,9.71493632,508.4
49.8793175,10.15032952,249.5
49.24172462,9.53031767,331.5
49.659282,8.5684836,98.3
50.44306131,8.40908598,304.7
50.174442,7.31016923,180.3
49.6549979,9.67832133,322.9
49.18291015,10.39389945,488
50.4251542,7.34200947,255.9
49.6668763,9.53540442,341.1
50.77968587,10.11566264,360.8
49.1272957,9.75945681,402.7
50.41056998,6.47623819,624.9
50.52271866,10.37346605,408.4
48.96035381,10.02676317,475.9
49.13175995,8.29248158,110.1
49.20010792,7.35288053,276.5
49.22547456,10.38405126,496.8
50.57395195,7.46633139,341.7
50.26945843,9.05622536,223
51.0795379,8.38755292,560.6
49.60195545,8.77458948,237
51.15876185,8.46704806,704.3
50.58188318,7.02512278,227.3
49.75878062,6.83798289,448.9
49.13024277,7.13142385,205.4
49.30679157,10.33329169,470.4
50.25314736,10.20744211,287.7
50.51802134,8.66246336,196
49.51741376,10.01124113,258.5
51.18300766,7.22271048,362.3
49.18123161,9.65792352,490
48.97840137,9.51129916,477.3
51.31995066,8.71259846,525.4
50.95830667,10.41409073,293.2
49.01635159,9.69317539,461.2
50.64312974,8.49576145,398.6
50.01557067,6.94253352,323.5
49.9345158,8.20686523,159.7
49.47943671,8.52540733,97
50.33251251,7.38232764,259.2
49.61152465,9.42395343,392.2
51.52177745,8.81090101,370
50.2869469,9.1115795,138.9
49.24204097,8.200895,142.5
49.19214188,7.94022684,247
51.42521577,7.86396884,188
50.55222234,9.937456,520.2
49.32615012,10.14402698,433.5
49.8479334,8.24404252,125.6
50.57694448,8.81633389,227.7
51.28753168,7.58566746,342.2
51.38559419,7.87807032,303.7
49.17706686,9.05013071,224.1
48.85835796,8.46095857,386.3
51.37385978,7.63088323,182.6
49.62422529,6.70089057,407.8
49.18304204,9.36048584,313.3
49.1564258,7.77514723,221.1
49.77342098,7.04347168,417.3
51.2600791,7.69058056,396.3
51.14609048,8.15934989,505
50.51098803,10.5518788,378.3
51.31893307,9.16232231,257.5
49.26145446,10.29006493,478
49.17424241,9.68835149,364.1
50.58313941,7.42793714,284.3
49.88946773,10.03244414,280.8
49.86854611,10.20098262,221.4
50.1827098,9.69975814,263.7
49.92037173,7.05999385,209.7
50.6462839,10.13124837,598
51.33737324,7.87370248,267.9
50.18922842,7.54039366,353.4
50.36199359,6.57072071,533.1
50.84108917,9.79372592,420.1
49.90021667,10.25354355,231.1
48.99252241,7.68272181,248.1
50.06588336,6.52478725,434.6
50.10943954,9.93362287,207.4
50.01387756,7.99683358,168.7
49.00267244,9.11585471,265.5
49.95684411,9.06573172,136.8
49.5692951,6.97605833,426.7
50.55883508,7.10012021,180.7
49.68294295,6.70660546,405.6
49.66325494,7.01172622,639.7
50.14818039,9.06647055,223.8
50.39215627,8.15583339,171.1
49.88370762,9.97234033,350.9
49.00709079,8.27574448,104.3
50.19490996,9.69086547,370.8
49.22702892,7.49424264,299.1
50.54200375,7.18691087,85.3
49.27931004,9.31532413,252
49.61457451,9.47073448,311
49.92285562,9.7783914,215.8
49.9915306,10.31366853,249.4
49.9059404,7.18758206,446.8
49.20939425,9.05059529,224.7
