0.2381,-0.000635089968009095
0.3789,-9.09853702063534e-06
0.3948,-0.000687639022686926
0.4525,-1.54292384606514e-05
0.4596,-0.0012580849526812
0.5116,1.04466357853106e-06
0.5192,-0.000125271187309539
0.5224,-4.28679198571924e-06
0.5496,-0.00149385417654357
0.555,-0.00155869882155302
0.5638,-7.90012501554749e-05
0.5909,-0.00166600479323575
0.6077,-7.84724079703203e-05
0.6278,-0.000784311566795148
0.6496,-0.000217535407748159
0.6498,-0.000146802028327619
0.716,-0.00196625104743486
0.7431,-0.00148182168182498
0.7454,-0.00158001701679278
0.7761,-0.000282137306936825
0.8266,-0.000394579588611554
0.8652,-0.00156766116080176
0.8702,-0.000515799579574483
0.8866,-0.000408966528172461
0.8908,-0.000644437284903931
0.9043,-0.00248538666362397
0.9481,-0.000106380982263343
0.9526,-0.0014573135753172
0.9693,-0.00190540328579092
0.9754,-0.000597936436625535
0.99,-3.89511837317613e-06
0.9919,-0.00172775582314044
1.0169,-0.00231495986426888
1.032,-0.00282257525172236
1.043,-0.000390182818384988
1.0624,-0.000783117915757581
1.0808,-0.00304516705730951
1.0817,-0.00279200481000785
1.0873,-0.00304368600892069
1.088,-0.00306874854399686
1.1045,-0.00211994953545269
1.1102,-0.00154345058297323
1.1131,-0.00278779491617098
1.1152,-0.000633963802275872
1.1309,-0.00208187520071146
1.134,-0.00170172004676039
1.137,-0.00228434084550533
1.1418,-0.00325264929265789
1.1508,-0.00205646494130995
1.1545,-0.00234521396692311
1.1686,-0.000245535667975361
1.1876,-0.000193521327010338
1.1906,-0.00166325111387122
1.203,-0.00338679882433635
1.2178,-0.000127849940508629
1.224,-0.000610039257108452
1.2427,-0.00353351339652108
1.2532,-0.00213606916853704
1.2654,-0.0035588045831807
1.2667,-0.00349777557266218
1.272,-0.000269935836438195
1.2887,-0.00355098398376152
1.3074,-0.00231613228165428
1.31,-0.00293628392180567
1.313,-0.000779795925515359
1.3243,-0.000789523488523791
1.3347,-0.00200110496253347
1.3539,-0.00116610798695871
1.3716,-0.00169849383813392
1.3757,-0.00390862072387521
1.3903,-0.000550473198083212
1.4036,-0.00131006897001207
1.4132,-0.00275501344615203
1.4206,-0.000201199387838358
1.4346,-9.9191480293026e-05
1.4367,-0.000851649969644486
1.4525,-0.0028480699768838
1.4532,-0.00202106812815184
1.4677,-0.00194936994838457
1.4783,-0.00140217433082612
1.4859,-0.00100841382918837
1.4993,-0.00352737389256808
1.5024,-0.000196362279138551
1.5029,-0.00409220873555438
1.517,-0.00184232487075753
1.5295,-0.0034351493119813
1.5314,-0.00080849458642529
1.5679,-0.000232957915559329
1.578,-0.000157534908869161
1.5792,-0.00212481006487142
1.62,-0.00217534399916763
1.6411,-0.00459533204323281
1.6477,-0.000461475274542211
1.6533,-0.000670581224124778
1.6593,-0.000412687083403362
1.6635,-0.00412575664323134
1.6657,-0.00110362149904342
1.6659,-0.00376410461146426
1.6682,-0.00474802637326288
1.6698,-0.00361030328005363
1.6715,-0.000779334072540383
1.6778,-0.00405593230868928
1.6785,-0.00320452740848531
1.6814,-0.000737974721025658
1.6849,-0.00458333032575275
1.7022,-0.00225171174591843
1.7079,-0.00373105343131308
1.7093,-0.000689177439246125
1.71,-0.00459013380248141
1.7181,-0.00482019178243775
1.7235,-0.000276611633948542
1.7259,-0.000949022912983599
1.7281,-0.00291111401044741
1.7302,-0.000270369429477668
1.735,-0.00429229962102884
1.747,-0.000866110402298226
1.7537,-0.00490596185062753
1.7614,-0.00352002576018906
1.766,-0.0019272943264883
1.7661,-0.00425798693276125
1.7766,-0.00164868384243788
1.7967,-0.000795834164254661
1.7987,-0.0026135370999627
1.8008,-0.00489533054741398
1.8032,-0.00410502481051878
1.8078,-0.000477726745234275
1.845,-0.00278924971095229
1.8458,-0.00248760967434358
1.8526,-0.00279695349360676
1.8543,-0.0014485169817231
1.858,-0.00394690753708704
1.8581,-0.00267069212324977
1.8584,-0.00287014891639803
1.8646,-0.00498653067365917
1.8703,-0.00396242295684957
1.8765,-0.00464881065572498
1.8855,-0.000749492363198767
1.888,-0.00165729872753051
1.8948,-0.00243467263167774
1.9044,-0.000394002750904399
1.9056,-0.00473213944292405
1.9173,-0.00349047769115063
1.9174,-0.000556139131388855
1.9187,-0.00408105676260861
1.9219,-0.000719058443580778
1.9221,-0.000446302175020064
1.925,-0.00405286851609099
1.9294,-0.000170904410558892
1.9336,-0.00546874517132578
1.934,-0.00189050074804165
1.948,-0.00144821940435524
1.951,-0.00380869309295528
1.9525,-0.000334415337919669
1.9578,-0.00367690739828141
1.9833,-0.00554644705486096
1.9919,-0.000439210534486145
1.9967,-0.00332331673616348
2.0033,-0.00100509527368775
2.0036,-0.00391917520088647
2.0042,-0.00484522540342525
2.007,-0.00294648415752663
2.0129,-0.000284068421261718
2.0205,-0.00538831934129869
2.0276,-0.00364589408624116
2.0381,-0.00254494446487019
2.0394,-0.00542525527966609
2.0455,-0.00558513517701531
2.0519,-0.00559771924869601
2.0535,-0.00321367083854707
2.0671,-0.00554060288121638
2.0716,-0.000123898928617638
2.0756,-0.00578782777663456
2.0879,-0.00252571343094443
2.0912,-0.000757812717277595
2.0924,-0.00117733788785834
2.0959,-0.00511241112002514
2.0984,-0.0058814733535959
2.1001,-0.00180132481720641
2.1234,-0.000687102627766389
2.1265,-0.000276022496144002
2.1271,-0.000253244120375751
2.1311,-0.000524136975191158
2.1315,-0.00600114382538353
2.1323,-0.00146775481228678
2.1397,-0.0055379586235329
2.1401,-0.0058919565878881
2.1456,-0.00592384951242986
2.1458,-0.000364378707438107
2.1648,-0.00360035164823458
2.1766,-0.00583111978013973
2.1879,-0.00464888758990156
2.2068,-0.000180897932358093
2.2138,-0.00382945384970013
2.2142,-0.000296147830375126
2.2164,-0.00143565688366243
2.2183,-0.00625341323084561
2.2274,-0.00570205086935704
2.2293,-0.00565319632038452
2.2389,-0.00511566047350742
2.2393,-0.000309185611573781
2.2438,-0.00224997346563027
2.2468,-0.00544123900474647
2.2517,-0.00280635171347221
2.2544,-0.00244664088798574
2.2615,-0.00345904134434694
2.2698,-0.00607863725744107
2.2706,-0.00614733731306805
2.2899,-0.00282791485045442
2.2947,-0.00415794721239493
2.2966,-0.00602066353199637
2.2974,-0.00165534641684317
2.3035,-0.00651713498982875
2.3104,-0.00651501701989243
2.3178,-0.00201053275834573
2.3179,-0.00625383242762467
2.3266,-0.000924087665354456
2.3274,-0.0045256912679652
2.3323,-0.000196751337135037
2.349,-0.00375482709781982
2.3591,-0.000248479427900072
2.3648,-0.00419997474990996
2.367,-0.00593518518925018
2.3714,-0.00192990708679153
2.3748,-0.00266116482787737
2.3782,-0.00465939995059994
2.3801,-0.00540095738436941
2.3807,-0.000182512381078581
2.3847,-0.00173122617293853
2.3864,-0.00635009587650703
2.3898,-0.00658740673796032
2.4002,-0.00248065088805705
2.4028,-0.00396483518330371
2.4105,-0.000545511822076072
2.4148,-0.00679753996625676
2.418,-0.00686262811959581
2.4237,-0.00657255199214557
2.4317,-0.00110507074469535
2.4355,-0.000297767613775868
2.4381,-0.00454293278673301
2.4481,-0.000261663558656533
2.4571,-0.00322381374402436
2.4588,-0.00555636213004673
2.4604,-0.00688758538944612
2.4618,-0.00173685912485855
2.474,-0.00330887485763665
2.4755,-0.000608190066971215
2.4849,-0.00692832188671799
2.4994,-0.00508360065912061
2.5172,-0.00663339826254727
2.5217,-0.000291691481864476
2.5247,-0.00148616274645486
2.5252,-0.00528988227676486
2.5259,-0.00571691597669943
2.5279,-0.00531274635835111
2.5283,-0.00373808695997813
2.5302,-0.00716633615377393
2.5312,-0.00677014289015743
2.5381,-0.00184539450887211
2.5395,-0.0063615593461499
2.5423,-0.00653229117729381
2.546,-0.00650141094555101
2.5558,-0.000349029298734482
2.5566,-0.00285012857167866
2.5615,-0.00668721783450943
2.5637,-0.00319069818269835
2.5669,-0.00376972716781987
2.5674,-0.000302468884855855
2.568,-0.00128295211228124
2.5706,-0.000228110977415152
2.5785,-0.000973804880977536
2.5795,-0.00469351539761753
2.5836,-0.00342349612261161
2.5841,-0.00717835738811123
2.5921,-0.0070268870061585
2.5929,-0.00640730611784956
2.5968,-0.00684229921194035
2.6085,-0.00472180132093003
2.6107,-0.0018296603819512
2.6144,-0.00169696751518966
2.6207,-0.00508710995864314
2.643,-0.00629740118692013
2.6439,-0.00620824299741374
2.6473,-0.00753506552701522
2.6503,-0.0033664225752843
2.6551,-0.00530634581559397
2.6556,-0.00605599072134
2.6568,-0.00751136925002527
2.6583,-0.00205471273377178
2.6593,-0.00336375806506428
2.6645,-0.00440783090468111
2.6665,-0.00733604512358266
2.6682,-0.00154245533672892
2.6736,-0.00703636267071106
2.6766,-0.00153012279513254
2.6766,-0.00746851310520125
2.6809,-0.00280381155471732
2.6904,-0.000241303018112315
2.6947,-0.00678622202286716
2.696,-0.00237752636193012
2.7004,-0.000859408177111831
2.7029,-0.0075659800764174
2.7029,-0.000216003211839677
2.7112,-0.00757168079836301
2.7309,-0.00623273122085344
2.7378,-0.00547987964548691
2.7404,-0.00658005137186679
2.7517,-0.00191439947768357
2.7562,-0.00190679817633166
2.7607,-0.00777100837132938
2.7693,-0.00783042063467354
2.7744,-0.000315394824445647
2.7782,-0.00574238715070052
2.7922,-0.00280901509985654
2.7949,-0.00592532178409177
2.7962,-0.00129994416328394
2.8007,-0.000273214284121526
2.8045,-0.00791793333572999
2.8049,-0.0010919995001637
2.8051,-0.00448867297689448
2.8082,-0.00177887698570922
2.8094,-0.00298182889932486
2.8138,-0.00768560300696119
2.8149,-0.000615940193759101
2.821,-0.00730534195828003
2.8361,-0.00439858233217993
2.8412,-0.00777631572381932
2.8437,-0.000429228609179155
2.8469,-0.000202007376997937
2.857,-0.00111149720166903
2.8578,-0.00568122565874196
2.8661,-0.004241705036792
2.869,-0.000687369659415182
2.8721,-0.000412163887361316
2.8754,-0.00807212512708677
2.8778,-0.00682970353533818
2.8812,-0.00411987979248352
2.8841,-0.00343612891369816
2.8901,-0.00611902050916946
2.897,-0.00731171518605267
2.8975,-0.00403351200087876
2.898,-0.00114166321009002
2.9071,-0.00398529454098595
2.9086,-0.00778647849725012
2.9093,-0.00572629784633971
2.9141,-0.000799202688200662
2.9188,-0.00809317876899751
2.9227,-0.000754312048647066
2.9399,-0.00561689173061719
2.9449,-0.00255006082258546
2.9459,-0.000781886155945877
2.9463,-0.00251102260062064
2.9534,-0.0018792033393078
2.956,-0.00558467932275475
2.9566,-0.00804345882934854
2.9634,-0.00601257203142236
2.972,-0.00647577107588138
2.9733,-0.00754597250871791
2.9736,-0.00344233394195292
2.9764,-0.00563453467508745
2.983,-0.00275654757574451
2.9857,-0.000280629212168204
2.9887,-0.00688831255481004
2.9982,-0.000315999012259649
3.0006,-0.00530782678097408
3.0022,-0.00537483118128224
3.0051,-0.00285401084999037
3.0092,-0.0049315920233437
3.0118,-0.0084832898110192
3.024,-0.00666520004073723
3.0266,-0.00652000835988265
3.0272,-0.0029341857680385
3.0307,-0.00225600996424591
3.0329,-0.000278763622393985
3.0352,-0.000442364943965323
3.0359,-0.00819597947401007
3.0366,-0.00715916459240429
3.0377,-0.00854184486257559
3.0443,-0.00238149719848879
3.0516,-0.00201167629212051
3.0581,-0.0028283932559523
3.0589,-0.00476318132195841
3.0615,-0.00854175849214656
3.0621,-0.00773116745206659
3.0664,-0.000192259000735717
3.0719,-0.00755399939381141
3.0807,-0.00806190890467873
3.0848,-0.00358924213609502
3.0988,-0.0030555241655108
3.1083,-0.00382417343882047
3.1279,-0.000139248019454197
3.1308,-0.00332592332397219
3.1416,-0.00872007269121378
3.1418,-0.0037552095449831
3.1481,-0.00147782718964429
3.1494,-0.00170186063634103
3.1529,-0.00566430611416768
3.1627,-0.00625902132694245
3.1671,-0.000891374859282479
3.1689,-0.008887608218072
3.1715,-0.00890374932483384
3.173,-0.00884522726511205
3.1753,-0.00522192459744364
3.1761,-0.00619653058163427
3.1789,-0.000941212645454215
3.1943,-0.00839886245874233
3.1986,-0.000489664240624244
3.2012,-0.00705647206328619
3.2024,-0.00603765312278659
3.2112,-0.0057672584745867
3.214,-0.000284752110615294
3.2172,-0.00732426011112608
3.2186,-0.00602020567479578
3.221,-0.00086286026440785
3.2214,-0.00501165664870573
3.2223,-0.00473450812036136
3.2259,-0.00188558270068873
3.227,-0.00221631119259103
3.2354,-0.00557884009368426
3.2362,-0.00469289031339937
3.2362,-0.00423478320937987
3.2369,-0.00855870061910924
3.2498,-0.00166528603973104
3.2502,-0.000362614370091219
3.2554,-0.00905686874893341
3.2556,-0.00926998776531818
3.2609,-0.00129369280199176
3.2709,-0.00387333162873782
3.2773,-0.000874774641942189
3.2774,-0.00329398876744413
3.2791,-0.0011536725604504
3.2801,-0.000401109018653312
3.2852,-0.00035406917726899
3.2908,-0.000130908335729707
3.2934,-0.000573431643455802
3.3014,-0.00845009818945996
3.3162,-0.000387223029278072
3.3183,-0.000223087120287957
3.3211,-0.00831917360261336
3.3219,-0.00879060257888042
3.3305,-0.00942092630342151
3.332,-0.00764346995582832
3.3329,-0.00836433415302773
3.3335,-0.005716516226276
3.3336,-0.000166890932464803
3.3362,-0.00423541532221883
3.3507,-0.00246428302332813
3.3586,-0.000261034233460133
3.3603,-0.0092024956683967
3.362,-0.00956366149978516
3.3908,-0.0096096283769187
3.3918,-0.0093025736353467
3.3921,-0.0030713126325832
3.4004,-0.00417880074856924
3.4032,-0.00677936885902275
3.4036,-0.00799495328307964
3.4041,-0.00928170183752641
3.4074,-0.00904473903266867
3.4074,-0.00896633410465775
3.4086,-0.00967625834483199
3.4101,-0.00859031083387496
3.4108,-0.00372777588398066
3.4148,-0.00378906693114844
3.4225,-0.00451234039907122
3.4303,-0.00960361847388658
3.4349,-0.0096422813534871
3.4458,-0.00146448083253237
3.448,-0.00629298385018862
3.4488,-0.00380794472099399
3.4498,-0.00108296140040443
3.4502,-0.00142938625544886
3.4559,-0.00786567534997351
3.459,-0.00054910090325988
3.4595,-9.30947307842267e-05
3.4604,-0.000144718712255631
3.4638,-0.00979783531522038
3.4641,-0.00593885406716854
3.468,-0.000116263715325804
3.4697,-0.00655040512486016
3.4718,-0.00984927332794694
3.4767,-0.00275463328609771
3.4794,-0.00875377677240419
3.4797,-0.00883959739869189
3.4803,-0.00614279824930231
3.4804,-0.000801548787179751
3.5019,-0.00241447111709236
3.5033,-0.00104650256486671
3.5034,-0.00406906221812076
3.5108,-0.00572823565764224
3.511,-0.0100243559293647
3.5134,-0.00980097923250201
3.5141,-0.00786703789386412
3.5202,-0.00689310539110144
3.522,-0.00337599740122396
3.5226,-0.00910070899294801
3.5251,-0.00377064927536841
3.5293,-0.00986911052854023
3.5468,-0.0070293045659291
3.5473,-0.000214952406962343
3.5554,-0.000482841148297108
3.5557,-0.00637205500526283
3.5579,-0.00835005373548192
3.5614,-0.00311125627117192
3.5624,-0.00986737456172238
3.5655,-0.00696871576833047
3.5723,-0.00156274937241152
3.5743,-0.000259510862991696
3.5765,-0.00981685588113734
3.5786,-0.00972190161092579
3.5824,-0.000789566305631872
3.5845,-0.00715624745644616
3.5878,-0.00056282790544504
3.5908,-0.00557637966461355
3.5939,-0.00738448298958261
3.5953,-0.000809582570002743
3.5973,-0.00475174909389553
3.5988,-0.00949754253640922
3.601,-0.00964478875830288
3.6013,-0.0101493136083302
3.6053,-0.00731635264501973
3.6053,-0.00999775221629617
3.6095,-0.00386227875675127
3.6103,-0.00606863276547154
3.6182,-0.0102051294565388
3.6211,-0.010017880441012
3.628,-0.0102877398950563
3.6319,-0.00929142330692345
3.6339,-0.0101109432607926
3.6358,-0.00930570365276351
3.6375,-0.0102049086097598
3.6408,-0.0101493000740498
3.6452,-0.00104936317185178
3.6453,-0.00970799589906157
3.6477,-0.00110499032053291
3.6485,-0.00975108845163764
3.6507,-0.0080735511122203
3.6533,-0.00722838217506849
3.654,-0.010191435910186
3.661,-0.00636261263807025
3.668,-0.0103484145985235
3.6784,-0.00447886151688426
3.6936,-0.00147345145187128
3.6937,-0.00774740006189223
3.7067,-0.00251500616584233
3.7115,-0.00980712595448274
3.7209,-0.00941737177137547
3.7227,-0.000645471265985353
3.7228,-0.000765576988866812
3.7273,-0.000457668656592691
3.7282,-0.00676163856116663
3.7285,-0.00767949777543375
3.7302,-0.00218204811525258
3.7314,-0.00784101039665286
3.738,-0.00983715955474951
3.7402,-0.0003601470142236
3.7417,-0.000306349035807507
3.7433,-0.0106470611904932
3.7459,-0.000907899114674482
3.7545,-0.00758216421408298
3.7568,-0.0105787143958631
3.7578,-0.00679618197725906
3.769,-0.00548938880937122
3.7703,-0.00128277851206793
3.773,-0.0079306837771953
3.7762,-0.000332685845235048
3.7791,-0.0107242197289228
3.7803,-0.00294856972679458
3.785,-0.000350236584060415
3.787,-0.000411347218855163
3.7967,-0.00295113955342119
3.8043,-0.000664062483144434
3.8057,-0.000184441453050521
3.8068,-0.00164957979156588
3.8119,-0.00915506146879919
3.8123,-0.00113477044623167
3.819,-0.00200883646078154
3.82,-0.00853421143755861
3.8201,-0.00234170979195358
3.8207,-0.0107062166004681
3.8217,-0.0103767336974747
3.8234,-0.00438482149142949
3.8275,-0.000774590364775563
3.8305,-0.00239837899849293
3.8315,-0.0100802942033424
3.8344,-0.00692167419586598
3.8356,-0.0015451704480367
3.8376,-0.00152128292321363
3.8418,-0.0108246881730123
3.8461,-0.00633151873680626
3.8464,-0.00184792807450807
3.8481,-0.00227852479443635
3.8503,-0.00982527986243342
3.8511,-0.00913358674361842
3.8538,-0.000770895748411604
3.857,-0.00194843859831195
3.8632,-0.000252603167955723
3.868,-0.00447167462131937
3.8711,-0.00521435862308106
3.8742,-0.00287202731611602
3.8746,-0.0084768358986631
3.8774,-0.00604370305351054
3.8826,-0.00747837426928433
3.8826,-0.00108360335944679
3.8869,-0.00739472898163074
3.8901,-0.00877003995418679
3.8966,-0.0111308982431653
3.9,-0.00156811726871142
3.9099,-0.00517307281177226
3.9142,-0.000736601894632205
3.9179,-0.0037469809679016
3.9184,-0.0110298359916792
3.9195,-0.00112120068814736
3.9203,-0.00045199594967027
3.9241,-0.0108619083578541
3.9283,-0.000685866386203937
3.9284,-0.00905313701034904
3.9343,-0.00848896563168378
3.9351,-0.00172865367048436
3.9354,-0.00704414927408825
3.9369,-0.00121739916519603
3.9391,-0.00312033132176115
3.9413,-0.00988226008899362
3.9441,-0.00946823128508933
3.9448,-0.00828144763913086
3.9504,-0.00420982357830635
3.9572,-0.0112541093386782
3.9575,-0.00253245574319338
3.9581,-0.00996743382889864
3.964,-0.00831740658608693
3.9656,-0.0110544118974669
3.9666,-0.00595491772855183
3.9686,-0.000432367697486225
3.9712,-0.0074130200963145
3.9757,-0.00264574375666093
3.9796,-0.00892052898716145
3.9806,-0.00371713560523057
3.9826,-0.00840553303428004
3.9858,-0.00278879318230585
3.9862,-0.00115460156152292
3.9934,-0.00511419713584882
3.9944,-0.0044120356350934
4.0077,-0.0108189455724217
4.0088,-0.0112832073868425
4.0109,-0.000455409163872211
4.012,-0.000549581626394513
4.0121,-0.0100549230135076
4.0157,-0.00592137885453425
4.0163,-0.0107227024018899
4.0247,-0.00314946682173822
4.0342,-0.00261916557611119
4.036,-0.00127939275030897
4.0366,-0.00713107476132446
4.0434,-0.0107107005530622
4.0449,-0.0105750269384792
4.0507,-0.00749290050492313
4.0528,-0.00157580240513777
4.0555,-0.00337822596258253
4.0654,-0.000291652702930634
4.0672,-0.0113254249572403
4.0696,-0.00799612197376565
4.07,-0.00290504555855087
4.0714,-0.00166350570163676
4.072,-0.000937392483849386
4.0729,-0.00764157068641413
4.0734,-0.00150326748358687
4.0763,-0.0115853921804723
4.0767,-0.00498233272960302
4.0825,-0.0102976475186196
4.0828,-0.0112213235479377
4.0936,-0.00795550760380692
4.0952,-0.0114289796638642
4.097,-0.00923883665281533
4.1,-0.000509899351128773
4.1027,-0.00610293039748822
4.1072,-0.0110411724570909
4.1091,-0.00570011344890364
4.1227,-0.00993183202092318
4.1239,-0.000151602911838467
4.1242,-0.0051275654872649
4.1284,-0.0114726636468356
4.1303,-0.00759430342064338
4.1369,-0.0116446363883158
4.1393,-0.00120140855050277
4.1394,-0.00749964739028197
4.1409,-0.00313550258727435
4.1422,-0.0106720839251642
4.1435,-0.00219725055536824
4.1444,-0.000183610023095859
4.1514,-0.00685280611046668
4.1528,-0.0111133507228107
4.1557,-0.0116669683665744
4.1564,-0.00883328169731623
4.1598,-0.0073655855332575
4.162,-0.0117659631361926
4.1672,-0.00479059619612876
4.1675,-0.0058387952027914
4.1681,-0.00312023898218428
4.1704,-0.000354418537782841
4.1706,-0.00261692168185768
4.1717,-0.0119270926848722
4.1773,-0.00120690268271861
4.1811,-0.000962527479337005
4.1848,-0.00992432732670423
4.1883,-0.00615020454313431
4.1927,-0.00775621497190571
4.1948,-0.00302644104607719
4.1984,-0.00710292654645439
4.2013,-0.00114027193052113
4.2027,-0.0109308984890202
4.2065,-0.0107735018270994
4.2125,-0.00124485846267319
4.2161,-0.00027529272284621
4.2186,-0.000148571459797076
4.2196,-0.00841023129894403
4.2224,-0.00692455579716
4.2232,-0.00708207459833421
4.2237,-0.00825370975928674
4.2261,-0.010974237974823
4.228,-0.00882016651573281
4.2307,-0.00980988666754001
4.2367,-0.000452335523132064
4.2384,-0.00134660264122832
4.2409,-0.00633010457074867
4.2472,-0.000154377934477701
4.2489,-0.00485074328128388
4.2574,-0.00639691916569607
4.2592,-0.00023428076564791
4.2603,-0.00801938789864565
4.266,-0.00615601560342505
4.2698,-0.000244729733467786
4.2742,-0.00442712801577017
4.2754,-0.00106503711147088
4.276,-0.00368960869617485
4.2801,-0.008425106334637
4.2819,-0.0121158872027518
4.2839,-0.000338944409762121
4.2851,-0.00671787189744322
4.2867,-0.00869159415526966
4.2884,-0.0121824499973791
4.2885,-0.00902713675526545
4.2908,-0.00510840607757324
4.2936,-0.00557012020110736
4.2946,-0.0044020063957575
4.2987,-0.00533216246810397
4.307,-0.000198988033220715
4.3089,-0.00364883960849216
4.3095,-0.000144378794725064
4.314,-0.0122479003800073
4.3162,-0.00967742709510944
4.3167,-0.00556480025678407
4.3325,-0.00488383273041038
4.3353,-0.00404443245540875
4.3354,-0.00197851006741434
4.3368,-0.00984427579004077
4.3383,-0.00810439615830028
4.3469,-0.0121678466802413
4.3486,-0.00720284188096265
4.3571,-0.00857551600374329
4.3574,-0.0105648402368823
4.358,-0.0119059696363939
4.3607,-0.0016509150890256
4.3614,-0.00598177183732673
4.3646,-0.00335320735468692
4.366,-0.00028970766362324
4.3693,-0.00860960063516547
4.3714,-0.0123609107537739
4.3716,-0.0120873157527965
4.3759,-0.000444674337012785
4.3787,-0.0111615233855602
4.3794,-0.00701485607323704
4.3801,-0.00834695762927762
4.3803,-0.000319563612655394
4.3842,-0.00493061067406142
4.391,-0.0117426104346361
4.3919,-0.00652073462812108
4.4086,-0.01217565189509
4.4096,-0.00411458097249451
4.4152,-0.00831636969483185
4.418,-0.00183371244769859
4.4319,-0.00860235507717544
4.4333,-0.0114531219857152
4.4347,-0.0115817936442832
4.4394,-0.0123645819790204
4.4503,-0.00248229605724593
4.452,-0.00058831690646155
4.4566,-0.000521585962360405
4.4595,-0.00369801573990447
4.4602,-0.00032175640426324
4.4606,-0.00461350431499952
4.4609,-0.00493166624570041
4.4652,-0.0127880993326999
4.4687,-0.00340729171806498
4.4694,-0.00430727510544848
4.4764,-0.00200188982138183
4.4776,-0.00083018340030705
4.482,-0.0048313957545103
4.4847,-0.0111453312500274
4.486,-0.00203143516478121
4.4912,-0.00170524223297797
4.4932,-0.00161004480369531
4.4968,-0.0121335024475719
4.497,-0.000285892553976375
4.4975,-0.00911381750041507
4.4983,-0.00742239833118763
4.5014,-0.011151404177741
4.507,-0.00294030712432747
4.5086,-0.0128621703388632
4.5114,-0.00383453799644595
4.513,-0.00427736537147183
4.5139,-0.00140125389089629
4.5158,-0.012888662934718
4.5166,-0.00863453254740687
4.5208,-0.00266195464295116
4.5245,-0.0125025066408497
4.5254,-0.000288028029944876
4.5265,-0.010525133461357
4.5308,-0.000737332998025586
4.5343,-0.0125714869385636
4.5348,-0.00397115409751603
4.5353,-0.00209097039145156
4.5362,-0.0125917029812044
4.5383,-0.000652486135278352
4.54,-0.0129871441736178
4.54,-0.00011962000903587
4.5422,-0.00740796721580406
4.5423,-0.00880669961641622
4.5424,-0.00327702196365909
4.5443,-0.00802621556994421
4.5523,-0.000658440491654311
4.5536,-0.0124645668565222
4.5552,-0.00741581670683722
4.5563,-0.000494248346289972
4.5566,-0.00904998353057618
4.557,-0.00833791411162821
4.5666,-0.0125831677815444
4.5674,-0.00577206059948487
4.5676,-0.00280951728103851
4.5698,-0.00782923833474936
4.5704,-0.00773622363489412
4.5719,-0.012799397245769
4.5739,-0.00418511678789546
4.5748,-0.00179936948369175
4.5799,-0.000615133531120193
4.5869,-0.000232016159062098
4.5949,-0.00592505349402117
4.5952,-0.0130880798537474
4.6001,-0.00847711193741407
4.6003,-0.0108839900723474
4.6009,-0.0105711310450367
4.6023,-0.00899185165083161
4.6041,-0.000670518107411588
4.6052,-0.000217693426627363
4.6057,-0.00743960215757422
4.6083,-0.0132150216160642
4.6099,-0.0130705567871683
4.6102,-0.00971142572520822
4.6112,-0.00498054914920942
4.614,-0.00460290933214313
4.6149,-0.0018229064257298
4.6151,-0.0129357760796331
4.6162,-0.00433425571493373
4.6226,-0.000646171443977828
4.623,-0.00318529589116157
4.6283,-0.0120435786110802
4.6293,-0.000603323331354488
4.6343,-0.000856934708561852
4.6363,-0.00300215844075691
4.6386,-0.00234560701437392
4.642,-0.00302766052451986
4.6433,-0.00136831942095395
4.6478,-0.00825652464917237
4.6483,-0.00890678459901029
4.6486,-0.00909008405584188
4.6509,-0.0118433353088747
4.653,-0.00256263816699676
4.6555,-0.00199524283862829
4.6598,-0.00130057012089679
4.6615,-0.0119315088559073
4.6665,-0.00716417591744456
4.6729,-0.00327170753146255
4.68,-0.00456505195239831
4.6812,-0.000912232449612915
4.6853,-0.000567873821538889
4.6871,-0.000367291874689535
4.6936,-0.00895290600454324
4.6943,-0.0132997649105695
4.6995,-0.00686585215641422
4.7004,-0.0134021541991594
4.7041,-0.00955326964350789
4.7075,-0.0110872759728382
4.7104,-0.0122898879113729
4.7111,-0.0119074384791613
4.7113,-0.0134079791224098
4.7117,-0.0102878114513132
4.7144,-0.00364988450774995
4.7156,-0.0101374328693513
4.716,-0.000177132149206116
4.7243,-0.010326836780961
4.7244,-0.0134293328837405
4.7247,-0.0104246763281779
4.7305,-0.00597147975887413
4.7309,-0.0131403958260456
4.7327,-0.000488142803180658
4.7389,-0.0123438950109884
4.7439,-0.00313168831062605
4.7473,-0.00807765561229967
4.7474,-0.00638525039481586
4.7507,-0.0128978824844115
4.7524,-0.00356049515855261
4.7545,-0.0115639912692842
4.755,-0.0128958943869906
4.7615,-0.000251092070914893
4.7657,-0.00199850788290767
4.7661,-0.00798123594050182
4.7702,-0.00353350054712731
4.7708,-0.00801087914655607
4.7754,-0.0135738949737085
4.7867,-0.00389255224482543
4.7879,-0.000988147634524594
4.7902,-0.00340429070755999
4.7932,-0.0101422040835297
4.7984,-0.0128259128415218
4.807,-0.00782090588012885
4.8136,-0.0122424370188075
4.8157,-0.00129789896200183
4.8161,-0.00488659341913333
4.8169,-0.0115043736882789
4.8185,-0.00459138890847655
4.8205,-0.000310585249984285
4.8246,-0.000569478533505752
4.8247,-0.000567015769404655
4.8273,-0.0136441303499701
4.8283,-0.00079319550431034
4.8297,-0.0120285820108537
4.8306,-0.000243351694024341
4.8316,-0.000753335587905468
4.8328,-0.0109766659324855
4.8344,-0.0108555147909586
4.8353,-0.00114136206027915
4.8354,-0.0119661175096741
4.8432,-0.00858443506239581
4.8462,-0.00997302898540831
4.8463,-0.00345833721033006
4.8494,-0.0132075532850271
4.8526,-0.0138622122361047
4.8542,-0.00569647018508856
4.8544,-0.000521442878009815
4.8546,-0.0139060821279413
4.855,-0.0121618592502513
4.8556,-0.00405961372661512
4.8566,-0.000251428232640016
4.8585,-0.00884659303573088
4.8595,-0.0117045361769055
4.8744,-0.000474837768505765
4.8769,-0.00811394796028253
4.8776,-0.00183837291876277
4.8847,-0.0100709094415841
4.886,-0.00042316946466503
4.8893,-0.0134176335090057
4.8943,-0.00897173247181815
4.8951,-0.0139561275304771
4.8954,-0.00104756081433255
4.8957,-0.0138615598092979
4.8971,-0.00391575741863015
4.9028,-0.0136913955316098
4.9043,-0.0107313229822052
4.9083,-0.00568332730218568
4.9117,-0.000158249663184229
4.9201,-0.00881958461978716
4.921,-0.00507321007615946
4.9229,-0.00203708414577441
4.927,-0.0126516511819066
4.927,-0.00325050322070819
4.9274,-0.00560171505414608
4.9302,-0.0140938794363104
4.9312,-0.00519307118442836
4.9316,-0.000855927709588755
4.9326,-0.0138365495132406
4.9332,-0.00954259721140982
4.9333,-0.00320679026168147
4.9339,-0.00837840567252179
4.9342,-0.000253276415124404
4.938,-0.0138335179662041
4.9428,-0.00892108020922855
4.9466,-0.00247233921438017
4.9469,-0.00517787793557645
4.948,-0.000460504686194518
4.9514,-0.00506602166698489
4.9546,-0.00335384013971929
4.9561,-0.012825448247388
4.9569,-0.00594285458432342
4.9588,-0.00845957263284181
4.9614,-0.00431492869567762
4.9656,-0.00802021120621088
4.97,-0.0094881421752504
4.971,-0.00171575796001644
4.976,-0.0135448814329955
4.9792,-0.00338628783382955
4.9794,-0.00817762879050221
4.981,-0.00955918400283018
4.9822,-0.00272615700292089
4.9863,-0.00593871522479716
4.9888,-0.0122992323249278
4.9907,-0.0115559864894461
4.9907,-0.0100661003952789
4.9923,-0.0038579426348786
4.9953,-0.0141056245831779
5.0947,-0.00029428108944618
6.2991,-0.000387121585285755
6.8593,-0.000436548129479242
7.0092,-0.0105674275737471
7.0639,-0.0108528335266547
7.389,-0.0160509057643337
7.7474,-0.014839904772062
8.1229,-0.0180384161257994
8.5317,-0.0150305176343064
9.4712,-0.02749733340689
9.4854,-0.015160367201398
10.4423,-0.0200740785082907
10.7003,-0.0200945650083568
10.8381,-0.00825620334365951
10.8999,-0.00555445089848838
11.0759,-0.0334329630217045
11.2443,-0.0055372165980252
11.3612,-0.0320128458087723
11.5598,-0.0340129450068893
12.0235,-0.0369932774944566
12.0551,-0.00762632831517074
12.527,-0.0286177875015561
12.7439,-0.0366577496368059
12.8683,-0.000974745768619556
13.045,-0.0195963629090112
14.0054,-0.00164864815046251
14.1216,-0.0416231458449747
14.1287,-0.0169167129773147
14.332,-0.000787911900257399
15.3098,-0.0331110351462698
15.3158,-0.00956982434193598
15.36,-0.0404958003390377
15.4833,-0.0300756662100667
15.6813,-0.0301962985866346
15.8893,-0.00340116760354192
15.9658,-0.0384124008438693
16.5529,-0.0266009021086688
16.6886,-0.00396686172508964
16.7691,-0.032673221044309
17.1044,-0.00110053666228893
17.2227,-0.0544113375528532
17.3464,-0.0389781921885515
17.3849,-0.0419332633591729
17.4631,-0.0347816765424511
17.6781,-0.0293487484786397
17.76,-0.00306171431030933
17.8253,-0.00124854062332247
18.1881,-0.0408442402052778
18.3974,-0.0153951080105408
18.4349,-0.00906649759583189
18.4484,-0.0610494112037472
18.4816,-0.0287428651166834
18.5295,-0.00740260995938158
18.5745,-0.000818014721843952
18.6834,-0.0606835692958043
18.7568,-0.0282130898930824
18.7957,-0.00171806573749222
18.9897,-0.023777368177619
19.2081,-0.00160495970178687
19.42,-0.00285430690403743
19.7527,-0.0634573543452781
19.8521,-0.0626428199231484
19.9778,-0.0672885867508199
20.0858,-0.0173937453380688
20.1185,-0.00104552029612037
20.1455,-0.00109612540505566
20.2677,-0.016271781110337
20.3381,-0.0694503615094959
20.564,-0.0639054081808297
20.682,-0.0580195404340458
20.7719,-0.0438391740594426
20.818,-0.0189879299744149
20.8572,-0.00806844121227002
21.0152,-0.00475346844624269
21.081,-0.0329556815887173
21.7171,-0.0335512048873419
22.0027,-0.000916144252016693
22.2003,-0.0627428412632582
22.2138,-0.0112885951172679
22.5615,-0.0752659157904674
22.6146,-0.0112293907384533
23.0205,1.25372607975294e-05
23.0487,-0.0560053133072707
23.0891,-0.00196640466034026
23.4517,-0.0102060289772758
23.4595,0.000577207770973587
23.4846,-0.02567328841128
23.567,-0.0494702350096716
23.5898,-0.00155543330198071
23.6262,-0.017939847631105
23.7165,-0.0848834872778639
23.9037,-0.0817341550172124
24.0194,-0.0525748725250779
24.0304,-0.0765089406624142
24.0963,-0.00984322213781397
24.2793,-0.0819341736417307
24.3471,-0.0133619186812268
24.3731,-0.0183559761948437
24.4805,-0.00250568718281485
24.6847,0.000926387570281406
24.693,0.00117577179277006
24.9367,0.00147169231342303
24.9397,0.00169006072025013
24.9535,-0.0850835737338294
25.0688,-0.0878684217296595
25.1138,-5.11598379553391e-05
25.1281,-0.0916349398704774
25.3217,-0.0896466076548066
25.4584,-0.0137786557273714
25.5268,-0.0849883216631397
25.5627,-0.0950491042835395
25.5899,0.00086905273970217
25.9313,-0.0362387129245114
25.9994,-0.0839171849423579
26.1609,-0.0400655716428062
26.283,-0.00177175420501996
26.4429,0.00292774400073981
26.4517,0.00265856122458885
26.5265,-0.0686601187873528
26.586,-0.062557555041316
26.6366,-0.00195969395958784
26.6992,0.00296017579637109
26.8079,0.00278622576593435
27.7026,-0.000741424738720298
27.7299,-0.0359954752497913
27.7935,-0.00102134900640038
27.8756,-0.0615019990620098
28.0743,-0.105369831309428
28.0835,-0.012079112484578
28.1399,-0.0316913839547013
28.1505,-0.00125568149772448
28.1524,0.00555177663062878
28.2482,-0.0810564035052685
28.4057,-0.000510907859244014
28.4704,-0.0984592702213156
28.552,-0.0010574951660729
28.5671,-0.0738587151984547
28.6389,-0.105588968331464
28.6885,-0.0128729809299237
28.7852,-0.0522333456962478
28.7918,-0.0425578591931597
28.9351,-0.0675305212577051
29.0091,-0.111534191833059
29.1193,0.00449856135533722
29.3396,-0.0398756155062401
29.352,0.00267480605749171
29.3527,0.00637319650272516
29.3938,-0.113448676523916
29.4115,-0.0551890568776869
29.5377,0.00616230416831698
29.5395,-0.00446194059571781
29.7921,-0.0176805042628772
29.9106,-0.0396065019575467
29.9951,-0.00920107247205593
30.046,0.00554760464120818
30.2435,0.00801782831652176
30.3117,-0.103284075025957
30.4498,-0.0309652437341228
30.4621,-0.0906340456471106
30.5728,-0.0587072669168158
30.6214,0.00742157078645178
30.8448,-0.0218200586192268
30.9656,-0.120702689680755
31.0343,-0.0128655196038814
31.1368,-0.0537440426782716
31.1676,-0.074852910069712
31.1848,-0.078112787212536
31.3212,-0.0808382905503393
31.5375,0.00895154447331947
31.5856,-0.00194503499442433
31.5944,-0.0393833631785583
31.5976,0.00995976581509339
31.6231,0.000185115400086033
31.7883,0.00277874834274172
31.7981,-0.00119611711416212
31.9164,0.00741195693771957
31.9366,-0.100122322910792
31.9445,0.00524356405728454
31.9549,-0.0659216556837556
32.0149,-0.0448041967117305
32.0962,0.00911874076969355
32.1034,0.00327726238374737
32.1129,-0.0402623934696464
32.1213,-0.00116852897200204
32.1946,-0.10113220262344
32.3238,-0.0693921803437476
32.4113,-0.000390122764720502
32.5705,0.00695515854553008
32.749,-0.00987609081641239
32.7637,-0.114000167579448
32.7827,-0.0784055509331267
32.9733,-0.0864739644979622
33.027,-0.130037316207442
33.1822,-0.0528323987373653
33.2883,-0.135389114103994
33.3989,-0.0643836216382141
33.4344,-0.0910966810376195
33.4417,0.00985739229221849
33.4494,0.0129027833463695
33.4996,0.00131627179820271
33.594,0.0104774129710634
33.6324,-0.126945535351879
33.7323,-0.091866357814979
33.7383,-0.0769693886792737
33.8152,-0.0168966442111937
33.8315,0.00152971283599612
33.847,0.00484536901767996
33.8708,-0.0569799061543605
33.9805,-0.0538776005776711
34.1328,-0.0663854750117707
34.141,-0.0040256070754694
34.1639,-0.118828717483446
34.2055,-0.137242984392557
34.2297,-0.138642611803725
34.234,0.0146542926687587
34.282,0.00439858521647807
34.3118,-0.12383005071375
34.7007,-0.0358021250901928
34.7045,-0.126735495611143
34.8753,0.00542582065371278
34.9051,0.0135260949353508
35.0022,-0.144790649545328
35.0781,0.0125786868285473
35.1169,0.000388365397455459
35.2197,-0.0781583538024577
35.2808,0.0166698585781972
35.3639,0.0171017319069975
35.4182,-2.60196874322105e-05
35.5676,-0.148868084070379
35.6065,-0.119930268727686
35.6111,-0.000440748014646886
35.6555,0.0182044515362918
35.6683,-0.132076337601333
35.6693,-0.0122884980427642
35.7011,-0.0852443986620415
35.7749,-0.113844294661583
35.7774,-0.147797411090664
35.8774,0.0136278304052126
35.8855,-0.0291877618053391
35.9867,0.0187129801290595
36.0558,0.0119819791647515
36.2322,-0.140063133697026
36.3989,-0.15474100100797
36.4873,-0.0707924160205664
36.6025,-0.120725586950442
36.6049,0.0182591332327959
36.6259,0.0162046866144223
36.7093,0.020974464332177
36.7361,-0.103298652109586
36.8525,0.00753367794223436
36.8719,-0.00632326168808817
36.8917,-0.00204106261872283
36.9144,-0.015274699498903
37.0936,0.0214791240021697
37.2712,-0.000626740906355394
37.3288,-0.127390124121604
37.3704,-0.0224429084203166
37.3784,-0.152432378549953
37.5647,-0.0163121780512014
37.6901,-0.0167775484905732
37.72,-0.149432616547962
37.7622,-0.108707633993959
37.8844,-0.076743281136693
37.9285,-0.0285198654941468
38.0164,-0.0822490747009894
38.1521,-0.164142315232525
38.2452,-0.0159544348203227
38.248,-0.163355057550923
38.2558,0.0126588159575221
38.2814,-0.160743251368991
38.3447,-0.1454100751818
38.3574,0.00296284473093777
38.3839,0.0101150951900664
38.4392,-0.0980332853675847
38.4871,-0.0733815973482805
38.6099,-0.133749760108032
38.6244,-0.0991190060748934
38.6553,0.0191481688766402
38.7895,0.00422944579128171
38.9654,-5.22017347037718e-05
39.0052,0.0172392534913683
39.04,-0.167964240408153
39.4846,-0.00460621606168843
39.5796,0.0104864000654743
39.6444,-0.0846302367767748
39.7365,0.00176691338267432
39.7478,-0.123216706080626
39.8007,0.0264988139877644
39.8327,0.027774084498148
39.9874,-0.176462417620094
39.9982,0.0026160399983155
40.0604,0.0272119722697965
40.098,-0.136251853317191
40.1641,-0.110532049819568
40.1881,0.0286230975743678
40.1959,0.0203211285180913
40.2251,-0.161896838659523
40.243,0.0140679209200059
40.3262,0.0162412158288845
40.3561,-0.0327938785698407
40.5159,-0.0704290775791989
40.5491,0.0209209523129985
40.5971,0.00192617442041154
40.6804,-0.113958026651353
40.7188,-0.0367245026960461
40.7529,-0.174040739095631
40.8606,-0.176097711460706
40.8749,-0.0133552259682617
41.0051,0.0262312542218197
41.0243,0.00178220344633218
41.0557,-0.000779736796687303
41.2322,-0.0976404421559209
41.2325,-0.106177955082565
41.2926,-0.0208827440228276
41.3676,-0.172687264125457
41.4271,-0.186443199275686
41.4317,-0.0187361833388806
41.4344,-0.125569948548353
41.5192,-0.0377530917551283
41.6062,0.000344079473386216
41.6259,-0.00151624366295522
41.6938,-0.18244342226
41.7327,0.032065387978335
41.7504,0.0333189932816964
41.7703,-0.147963217576446
42.0417,-0.160531985744242
42.043,-0.0341741539636189
42.0691,-0.186810199228994
42.1051,0.0217830486905228
42.1671,-0.0151139369539735
42.2536,0.0340971465558368
42.4647,-0.192732348343817
42.4787,0.0140391753040845
42.7532,-0.130178654106814
42.7823,-0.0801034659347621
42.947,-0.000587634798435488
42.9795,0.015313231328129
42.9839,-0.0432692844459623
43.0149,-0.193982462597312
43.2262,-0.182215343404671
43.4317,-0.0252463341121043
43.4955,-0.00808567485943001
43.51,0.00293784497053196
43.5824,-0.0804150596551452
43.6032,-0.180132074826666
43.6255,-0.188666084848037
43.7088,-0.00646701700090091
43.7123,-0.0300155113778473
43.7317,-0.0102233964795246
43.7457,-0.00427599902326392
43.7691,-0.202345081405021
43.814,-0.0591745855337606
43.8249,-0.132495007264758
43.846,-0.037873472640662
43.9036,-0.102403190571572
43.9989,-0.017150491517377
44.1656,0.0386691729361885
44.1743,-0.060858789168222
44.1987,-0.00349939066149574
44.2023,0.00234388141297615
44.2219,-0.00132345407475043
44.246,0.0321000440282262
44.2479,-0.00603601533979514
44.2748,-0.0697419235892269
44.352,0.0272752184837231
44.3714,-0.119677263886089
44.3887,-0.00128302503519961
44.4061,-0.0580298060190003
44.4319,0.0191687979514086
44.5804,-0.193299691403823
44.6198,0.0392084345233954
44.6746,-0.149921246508541
44.7388,0.00520275194374165
44.743,0.0152684828119689
44.7893,-0.179661590782416
44.8954,-0.211068159181281
44.9709,0.0121452644430562
45.0125,0.0249177069496298
45.0477,-0.16481925324431
45.1279,-0.0719427689778342
45.153,0.0124014493651572
45.1618,-0.205505988070477
45.169,0.0281642503717308
45.2068,0.0368873333326079
45.2113,-0.154246671436546
45.2248,0.0278873878333386
45.3049,-0.163658482473281
45.3122,-0.118768584792186
45.3172,-0.20493417819555
45.3439,-0.160642529046655
45.3585,0.0117878500451312
45.3654,0.0438025043580481
45.3751,-0.00228586302354472
45.3802,-0.117413516343383
45.4119,-0.00140712602924964
45.5294,-0.036205191245962
45.6391,0.0027912745877785
45.7089,-0.206634928710791
45.752,-0.0741537506644008
45.756,-0.00482748701234925
45.7616,-0.213086131560701
45.916,0.00965757217535668
45.9305,-0.0549088129647615
45.9314,-0.111804571812534
46.0263,-0.148624485817002
46.0412,0.0363623181846222
46.1927,-0.205441372182825
46.5263,-0.0564906342452787
46.6101,-0.0377055934762751
46.6536,0.0336699411546917
46.7494,0.0235409372292423
46.7658,0.0483420854061478
46.9089,-0.198100304579079
46.9589,0.0362857398685179
47.0612,0.0505395919007583
47.0897,-0.15118250867809
47.2096,-0.0283900831259274
47.2833,-0.000500532546617194
47.3339,-0.22574449687383
47.341,0.0421655920348982
47.3486,-0.0092829712638931
47.4552,-0.0409674808709326
47.4666,-0.222794471459686
47.4937,-0.109494303711301
47.5627,-0.0336347435758455
47.6309,0.050627524257628
47.6542,-0.189935406199083
47.7889,0.0532202116270355
47.9328,-0.00175986333584888
48.0342,-0.209639443913389
48.0699,-0.00746802366580823
48.0764,-0.23297429225515
48.1889,0.0241387426629629
48.2909,0.00108547098052725
48.3472,0.00755435472838428
48.4031,-0.215123503468156
48.4357,-0.0806374935689931
48.4475,-0.00914222547847743
48.4545,0.0435752615656924
48.4589,-0.206537764592561
48.4615,0.0524323907212292
48.4688,-0.0837840985350482
48.4984,-0.239036062275176
48.5327,-0.0907386095728384
48.5887,-0.018398962218626
48.7879,0.0541596188097841
48.8422,0.0524437717907844
48.849,0.00927419776407135
48.8821,0.00918754644987985
48.9199,-0.211116906652471
48.9266,-0.136801418642342
48.9317,0.037997678626283
49.0259,-0.182284125528277
49.0463,-0.239560460025515
49.1051,0.0580036487807689
49.1512,-0.020629311044317
49.153,-0.0448653965122148
49.1536,-0.102789557279053
49.371,0.0479784048361864
49.3979,-0.0686208218081319
49.404,-0.245330803460917
49.4378,-0.210561512251672
49.4754,-0.224986240544908
49.5843,-0.0262643705969055
49.6224,-0.2446115297357
49.6516,-0.170924885950718
49.8681,0.0222203534995842
49.8761,-0.0741748165275666
49.9063,-0.0107604518112296
49.9064,-0.000254961955803878
49.9087,-0.129595568812377
49.9156,-0.12548114350534
49.9588,-0.0144817503640056
50.04,0.0227464833900868
50.0488,0.0488692145348821
50.0754,0.0599510989122791
50.1341,-0.244157897853981
50.1784,-0.162030221379233
50.1845,-0.200051884177768
50.3114,0.0201138957820106
50.3789,-0.0747485902557088
50.3913,-0.0404501950698801
50.4121,-0.0188810530862753
50.4714,-0.116736903372392
50.4717,-0.185223676072411
50.4896,0.0091348041448498
50.5136,-0.224181472485625
50.5371,-0.251946310097587
50.5967,-0.197465347241383
50.598,0.0580135303666438
50.7382,-0.00188878517253954
50.7481,-0.254971547426521
50.7861,-0.00206085786852839
50.8333,-0.208652758532338
50.8535,-0.183054732707724
50.8698,0.00217107853028864
50.9415,-0.0148930563633485
51.0022,0.0139655867609321
51.038,-0.197636594345447
51.4128,-0.262251769590698
51.4205,0.0554226055289178
51.4245,0.0619967162627546
51.4985,-0.157856283557386
51.5289,-0.261157222505688
51.5754,-0.120832483777633
51.5773,-0.263573526079355
51.6074,-0.00278165437583766
51.6126,-0.260997856012345
51.6235,-0.19969514546721
51.7395,-0.256926253783433
51.8497,-0.246754112810677
51.902,-0.00189173525056674
51.9514,-0.0345442691195643
51.9812,0.0494212442376067
51.9934,-0.0695315516910284
52.0384,0.0100230417875977
52.1636,-0.0446768348619457
52.2126,-0.036154682992148
52.2452,-0.204389981077952
52.2501,-0.266791891577583
52.2835,-0.170847621126271
52.2851,0.069395242074755
52.3225,-0.140612677907889
52.3314,0.0706623364395469
52.4333,-0.0356549803666226
52.4602,-0.254636908806063
52.4896,-0.00116924355918258
52.5382,-0.27123100694709
52.6259,-0.257654555651754
52.658,-0.269794435998747
52.6777,-0.228462464957019
52.6788,-0.0583761804658778
52.7005,-0.218799296382436
52.7125,0.00021151492278193
52.7265,-0.231501050116364
52.7537,0.0709898264520632
52.8321,0.0322551239261912
52.8639,-0.243428905926343
52.8812,-0.270843240197649
52.9034,-0.106245009675291
53.1025,-0.00234515291290194
53.1381,-0.271309693668897
53.1536,-0.272292000915648
53.2273,-0.113499255645976
53.258,-0.114776870710998
53.2628,-0.0299368602294976
53.2866,-0.270229919815669
53.2966,0.0630484744675144
53.3273,-0.000886493148065881
53.3868,-0.272335133044081
53.4443,0.0146854784986417
53.4593,0.0423821868507872
53.5386,-0.238020147264052
53.6352,-0.216898382383619
53.8062,0.0722814597490498
53.8455,-0.0668216975704681
54.0698,-0.0507100365569642
54.1088,-0.252806092094403
54.1216,-0.241568203026738
54.1849,-0.140913232347494
54.1878,-0.0479595740183996
54.2647,-0.0968900649455477
54.2769,-0.0930962181959032
54.3167,-0.286536835813422
54.3272,0.0667811597521535
54.3398,-0.255182856092105
54.3421,-0.264008103616881
54.3449,0.0233889115884693
54.3637,0.0759855440303312
54.4092,0.030958392555263
54.4169,0.0687591570092394
54.4328,-0.0211696296147892
54.4566,-0.287616156404127
54.5173,-0.088219672261026
54.5186,0.0537181413518297
54.5325,-0.267763089012355
54.5616,-0.0585082168047606
54.611,-0.251256820772923
54.6155,-0.154851824935911
54.6157,-0.148678033402867
54.6983,0.0803926339830738
54.7836,0.0702460595467329
54.8512,-0.206521445876142
54.9376,-0.191681171517345
55.0308,-0.0315593251669242
55.082,0.0823104911991877
55.0872,0.0178961961730408
55.0963,-0.288080786598826
55.1497,-0.05233669664009
55.1613,-0.265965476540281
55.1636,-0.282681461432773
55.1779,0.0206429081864528
55.2399,-0.155267331673912
55.2427,0.0718981511645609
55.2605,-0.202859351094766
55.2612,0.0256564464406068
55.3527,-0.270446946430177
55.4247,0.0812655360282974
55.472,-0.156077877359841
55.4931,0.0671579283470507
55.5267,-0.296121298113945
55.5509,-0.0431609547736187
55.5887,-0.291867506938551
55.649,-0.0999252982509802
55.6622,-0.0516897877869056
55.7388,0.0615064456259375
55.8026,0.0402304620135752
55.8617,-0.0112473635649621
55.8857,0.0767483893954974
55.9126,-0.106007922173589
55.9986,-0.289586701792153
56.0333,0.0321520357802783
56.0463,-0.281303662936885
56.0779,-0.296873480001508
56.1501,0.000179277486786589
56.205,0.0849467771543644
56.2225,0.0862975302448845
56.2421,-0.292112886399025
56.4327,0.0877569569361825
56.5034,-0.0585054808781607
56.6283,-0.0448306487254939
56.6704,0.0878233781845523
56.694,0.0403103692826576
56.7134,0.0501719681924726
56.7442,-0.28427505959452
56.7951,0.025946305381261
56.9399,0.0441919424312402
56.9645,-0.0354132114566639
56.9865,0.0166704905524711
57.0563,-0.181996097881516
57.0677,0.087275474384974
57.074,0.00943458807218889
57.1428,-0.0142567422035071
57.1643,0.0791921922236369
57.2793,0.0125005166304462
57.3429,-0.226099507841283
57.427,0.0842860841099409
57.4713,-0.294047341873899
57.4957,-0.068262513721308
57.5386,-0.259322181823507
57.5721,0.0798007349840617
57.5792,0.000369748218638222
57.6002,-0.0705512181354209
57.8385,-0.22944144080973
57.9556,-0.0255625273396021
57.9724,0.0801270754192416
58.0658,0.0650142268931759
58.0786,-0.101173061924634
58.1186,0.0681083733810297
58.1456,-0.108917241647191
58.1619,0.0346801273779391
58.202,-0.118521122241631
58.3018,-0.00207393946013923
58.3223,0.074693075720937
58.3336,-0.231428731560506
58.3553,-0.292672544350438
58.3892,-0.248889362887049
58.4067,-0.318846735719873
58.4763,0.032441398502904
58.4888,0.0951772502711847
58.5113,-0.0696056315409805
58.531,0.0865583504777874
58.5596,0.019685366236736
58.5649,0.0167809327172534
58.5963,-0.279332671959992
58.6155,-0.00111411713477594
58.7056,0.0517925278818439
58.7449,-0.00249311269938346
58.7495,-0.204293052919013
58.7506,0.0103214287745388
58.773,-0.0357862222441767
58.8228,-0.19074772656397
58.9546,-0.0877152493886015
59.0018,0.0436306320649393
59.0291,-0.0527268762639181
59.0336,-0.191831934014253
59.0424,-0.120216911522441
59.1152,-0.0524723567747856
59.1377,-0.266989945220963
59.1547,-0.000541033488765663
59.2151,0.100227988929312
59.2499,-0.00507012096945658
59.2646,-0.0385947999187337
59.3022,-0.000904357663280564
59.3198,-0.201963249153778
59.3329,-0.191002839279321
59.3463,-0.133162646742932
59.4348,-0.0254456153525027
59.4493,0.0821506659242814
59.4681,0.0168085189804117
59.4839,-0.286080612052451
59.5896,-0.0720795170562596
59.6453,-0.302769909979858
59.6919,-0.275248247147324
59.6919,-0.0263701442972817
59.7454,0.0202576166661999
59.7596,-0.00312293023095123
59.7637,-0.203873011743525
59.9196,-0.302078120212308
59.946,-0.0754073125483359
60.0011,-0.333441415528171
60.0284,-0.0497238248997789
60.1526,-0.183130878409315
60.198,-0.270900410481573
60.3543,0.0466467475798069
60.426,-0.18057251116155
60.4613,-0.0100769652101178
60.5499,0.106111324263672
60.5745,-0.283510548024672
60.5994,0.00396209354963162
60.6397,-0.00217774786776204
60.6737,-0.0289619645401586
60.7756,0.107494927187282
60.8106,0.0609728824730027
60.921,-0.11274599893887
60.9283,-0.211553295431472
60.9495,0.110432332312598
60.9805,-0.108346018162507
61.016,-0.158697037959293
61.1227,-0.112796926423933
61.1283,-0.325165295854404
61.1631,-0.347117986176826
61.2567,-0.209423502555907
61.3048,-0.310287759124954
61.3877,-0.337894828439033
61.3901,-0.339171009350942
61.4041,-0.0105259727343707
61.5989,0.0654238243040339
61.6074,-0.0571624954532481
61.6714,-0.307902692313085
61.7245,-0.14347334792005
61.728,-0.338173028711601
61.7402,0.0789513635341308
61.7916,-0.0284476402687943
61.7945,-0.341025233181803
61.8097,-0.275125530768008
61.8929,-0.143328098265783
61.911,-0.0302080844856221
62.0275,0.00213269083469925
62.0356,0.0269124141024335
62.0567,-0.00862668602041339
62.1214,-0.341827747456854
62.1708,-0.261647103787162
62.1872,-0.353169665244842
62.1874,-0.344688335452027
62.2304,-0.346035621818118
62.2576,-0.297883780282362
62.2746,-0.354385581392634
62.3314,0.0582987666749091
62.4222,0.113035477337142
62.4502,-0.355651700617813
62.4546,0.113001480458095
62.5283,0.00327547033430164
62.5396,-0.251908261335316
62.5676,0.00407872849570623
62.6524,-0.00428006772210665
62.6727,0.0845196336578908
62.6814,0.0562496167596436
62.714,-0.00253217694887553
62.7184,-0.147880999508182
62.7323,-0.00353511817846197
62.7335,0.0764189783778804
62.7442,-0.114232431405242
62.7546,-0.0615494184185863
62.8188,-0.176015845819578
62.8707,-0.0342948645037566
62.8784,-0.0957775569954293
62.9056,-0.152913903176319
62.9165,0.0497858441561476
63.0012,-0.114383833406343
63.0361,-0.258639983891207
63.0584,-0.278398482497359
63.0615,-0.340882579829199
63.0788,-0.360548440433902
63.1324,0.0965061527430677
63.1451,-0.0148522878275514
63.175,-0.12757159998268
63.2268,-0.366029405269558
63.2844,0.00178001902354907
63.3233,0.0953357485005952
63.3274,0.100116556018406
63.5162,0.097627419369239
63.5292,-0.291374590690822
63.6608,0.0543863625757979
63.7673,0.000510539730598225
63.7937,0.0417019607079396
63.8533,0.0966340227044213
63.9,0.12106471605631
63.9076,-0.34376110467818
63.9404,-0.283337659051242
63.9545,-0.258915224408291
63.9755,-0.0336632614819194
64.0001,-0.368415126992005
64.0179,-0.0511840032007314
64.0202,0.0716519484487179
64.0381,-0.150878878705939
64.0429,-0.0305450372243854
64.0704,0.0704990843923383
64.0706,-0.0928776583290585
64.073,-0.36997919390457
64.0942,-0.0130845672329798
64.0965,0.0134893409750845
64.1274,-0.0128130424658224
64.1534,-0.322607192218697
64.1644,0.028882460230065
64.1791,0.119276803492866
64.2033,0.0426764950953356
64.226,-0.372597276049987
64.2316,-0.00267843791836242
64.4198,0.128231290300718
64.42,0.0621765541471291
64.4386,0.11293091286079
64.4537,0.0253876790863501
64.4766,0.000785461985401525
64.4928,-0.00218208411807552
64.5291,-0.378332101220465
64.5331,-0.333019961683391
64.6148,-0.163176043792873
64.635,-0.0590590053442668
64.6521,0.0324352291761869
64.6551,-0.245108258317373
64.6664,0.00691625592213541
64.6773,-0.357181325614619
64.7519,-0.289044678697124
64.7882,0.12938792495622
64.7909,-0.321193686470082
64.8001,-0.0383840611915502
64.864,-0.00404194147255055
64.8948,0.128351352225224
64.9396,-0.328529547538722
64.9672,0.127070307513776
65.0662,-0.0729075385704903
65.0712,0.12079114334982
65.1218,0.132570239742279
65.179,-0.23043409860361
65.1843,0.0542143541029816
65.2026,-0.343818923601404
65.2367,-0.119879463099693
65.2416,-0.385060928271912
65.2536,-0.27725722795779
65.2625,-0.330803949003652
65.2809,0.0199393325315498
65.2823,0.128928525893514
65.3347,-0.342771755862515
65.4031,-0.0458341985943775
65.4607,-0.117802092070491
65.4935,-0.287327926430962
65.5094,-0.00698954097042304
65.5219,-0.1518071919498
65.6009,-0.34195433115795
65.7031,-0.227299400866627
65.7598,-0.132310341673005
65.7917,-0.376375308724249
65.9072,-0.153792046733841
65.9842,-0.311270242108677
65.9901,0.00390439526543673
66.0847,0.0751960231738309
66.0906,0.124574748055011
66.0977,0.137166855760185
66.1081,-0.241687225430553
66.2119,-0.151023393726433
66.2591,0.138826413757613
66.2961,0.0194178767313389
66.3091,-0.0740004340149625
66.4047,-0.177973540836376
66.4087,-0.237530569252343
66.4336,-0.366232327565115
66.4962,-0.179998823299186
66.5015,0.0809738394697206
66.6123,0.0256216204075344
66.6345,0.0781982789454077
66.6776,0.140143346343777
66.7215,-0.235061794679126
66.7369,-0.397158472633691
66.748,0.0284405118953686
66.761,0.0467767618662975
66.8357,-0.020871792823641
66.853,-0.399767124408626
66.8551,0.0684100258659157
66.8584,0.0866313984679721
67.0464,-0.0235615218916365
67.0714,0.00757039538777349
67.1471,-0.362599590869365
67.1622,-0.399245867343765
67.1638,-0.402621522772677
67.165,0.0485651214141711
67.1684,-0.0262893351623603
67.1817,0.0405609168907262
67.1989,-0.144491825410427
67.2463,0.00262050341311237
67.2505,0.134033687587248
67.278,-0.130127413476544
67.3411,-0.26076654517378
67.344,-0.222766021331523
67.3524,0.0699425097737105
67.3934,-0.146592304249282
67.4287,-0.339919182730625
67.4565,-0.0254282367129548
67.5414,-0.0368620846629142
67.6171,-0.343606703284848
67.6993,-0.00330329668898344
67.7156,-0.209773001016856
67.767,-0.349441721167892
67.8704,0.0679308183826635
67.88,-0.0454470872865613
67.9078,-0.398477707051384
67.9682,-0.119138777495706
67.9749,0.104902900123818
68.0085,-0.177369605078297
68.0197,0.146288748364256
68.1046,0.0373523976423371
68.1323,0.0176059819295631
68.176,0.0932453893360048
68.1828,-0.0352231100666671
68.1939,-0.21677433761316
68.2188,-0.289608909985404
68.2721,-0.000359100074348362
68.2922,0.0126037891650128
68.3621,-0.0163844352497051
68.3727,0.142988997256296
68.4161,0.129860699700131
68.4302,-0.245837632932435
68.5323,0.12940270221462
68.5842,0.0112106010925856
68.6015,-0.273537978887205
68.6382,-0.00932639745693109
68.6567,0.00499267447196416
68.681,0.127315984124309
68.795,8.30884221159067e-05
68.7994,0.00200429569727589
69.0267,0.050842587449651
69.031,-0.293654316593603
69.0334,0.108341397197648
69.139,-0.405342394452134
69.1854,-0.0507950973285745
69.2325,-0.315802206662354
69.2681,-0.41512893956876
69.2801,-0.077492724008863
69.3266,0.151080128000373
69.3268,0.145980309909987
69.3423,-0.00246319983146748
69.3489,-0.420317864727522
69.3857,-0.0287922313718383
69.4092,-0.00135017816619154
69.4347,-0.190807881468302
69.4785,-0.036143206617993
69.539,-0.0198918696421799
69.5615,-0.0671828500988738
69.666,-0.0888991507036252
69.7663,0.0481204248801674
69.8017,-0.430278475385649
69.8529,0.0398281300544454
69.8669,-0.373490238789174
69.8882,0.0284982754387073
69.8913,-0.00792975978485799
70.1811,0.128519643644466
70.2221,-0.427215151987014
70.2488,-0.42543672161446
70.2657,-0.364105487424339
70.293,-0.00524370496697202
70.3727,0.139376233583533
70.3893,-0.133556121145716
70.3926,0.161590078188311
70.3968,-0.255726734344492
70.4199,0.157117289485569
70.4391,0.0581583560102672
70.4434,-0.350265883528309
70.478,0.156461274720428
70.5411,-0.0348436536105226
70.5417,-0.431827655532459
70.5463,0.0332734871826119
70.6092,0.129237015649338
70.6125,0.163116174385053
70.6177,0.159048577328477
70.7411,-0.410740517767351
70.7638,0.00146123797227915
70.7885,-0.100828003484082
70.8489,0.0200504955506204
70.9021,0.165332814949153
70.9186,-0.00261601703667225
70.9232,-0.325998661441758
70.9292,-0.329053327348078
70.9499,0.0491923738840114
70.9531,0.0855610196897487
70.9734,0.157860348655291
70.9921,-0.381019326044054
71.0134,-0.407213948895631
71.0346,0.0842129503203495
71.0494,0.122629304137078
71.0508,-0.357893587719445
71.0983,0.118698568518312
71.1114,0.148416459886278
71.1182,-0.115353238877859
71.1436,-0.219856702944085
71.1858,-0.389292996031756
71.2073,0.0174499844802511
71.2389,-0.254211346612664
71.2654,-0.412111528907928
71.3023,-0.153852128225836
71.3066,-0.0433017010404058
71.3116,0.127798054608277
71.3641,0.0729659913673686
71.3699,0.0249456439282341
71.3819,-0.249860287403166
71.4988,0.162713193370806
71.5791,0.000171521157625421
71.5835,0.16528561529249
71.5871,0.163597220311914
71.627,-0.196920220130579
71.656,0.0988070308363973
71.6942,0.155668587058472
71.7267,-0.134836966692973
71.8637,-0.344480821858767
71.877,0.0424920520093082
71.8927,-0.424034777517093
71.9205,-0.0915756709232198
71.9527,0.0982759526247747
71.979,0.171216802127574
72.01,0.161503026094664
72.019,-0.0677468635428369
72.0393,-0.167429140288903
72.0602,-0.0517983335141707
72.0843,0.161296299670965
72.1938,-0.282123732197704
72.2124,-0.0550181548683923
72.2512,-0.0796196402266673
72.2548,-0.446353355541916
72.3007,0.10884508503662
72.3195,-0.385550051160052
72.3423,-0.450810611672523
72.3471,0.105919762714976
72.3867,-0.0522997383730655
72.3896,-0.443956773769273
72.4543,-0.435820781015849
72.5203,-0.0467691404330282
72.5387,0.10124453625977
72.5496,0.0415406879815094
72.5685,-0.0257981726446417
72.6496,0.0966988037015284
72.7023,-0.000549821609183709
72.8743,-0.114174768363483
72.9157,0.124640654793879
72.9587,-0.00880224173944555
72.9756,-0.106531657035731
73.0336,-0.0206891198921397
73.0415,-0.0511853686440702
73.0509,0.0556108768789016
73.0515,-0.434745670764997
73.0738,-0.0337379644937386
73.1045,-0.462271541194767
73.1142,0.0752836234076142
73.1456,-0.151244217381077
73.1522,-0.00248761139231135
73.2025,-0.028522266033022
73.2353,-0.0602830654275976
73.2575,0.132442990852354
73.2969,0.181139951635757
73.3312,0.0312158021516353
73.3472,0.0678264820803065
73.3673,0.0558519602799095
73.4104,-0.184315161405692
73.5749,-0.348497760033936
73.6141,0.00822570190517524
73.7017,-0.265950552499646
73.7497,-0.0160409126795003
73.7583,0.136740630153682
73.7593,0.0134239223528851
73.7921,0.0386516822816532
73.8136,-0.473002327549352
73.8184,0.13234482838557
73.8264,-0.459858947860553
73.8445,0.0770494565990987
73.8875,-0.426420278322738
73.8896,-0.470671547563171
73.9187,0.110700836069384
74.012,0.181714845779084
74.0197,-0.0633316838007829
74.0889,0.103817541890763
74.0944,-0.222241953746064
74.1311,-0.0257157471859699
74.171,-0.408479298821518
74.173,0.158455290885172
74.1856,-0.384827074895725
74.205,-0.0440174954476333
74.2339,-0.00308279598084482
74.254,0.0298143450741861
74.3335,-0.169635611066568
74.3459,0.187448727624599
74.3517,-0.162089613574807
74.353,-0.151256121491926
74.386,-0.432240561622322
74.4341,-0.357448014779365
74.4936,0.0137498801320817
74.5589,-0.467737127300936
74.6175,-0.192543227976856
74.6314,-0.0268400266444502
74.6924,-0.475506382277061
74.693,0.0231877519431976
74.6987,0.143794216265334
74.7182,0.188566853948174
74.8039,-0.407587004833857
74.9257,0.0285063889106283
74.9468,-0.285434516279139
74.9574,-0.405932144439177
75.0035,-0.352335948011628
75.0175,0.181909173950174
75.0439,-0.170650240894958
75.0804,-0.338989203204733
75.1152,0.0900945398157091
75.1279,-0.0999899594060452
75.1553,0.00919371535051994
75.1593,0.132453314365321
75.1694,-0.10924663587997
75.1728,-0.242502560279178
75.2022,-0.0970076926483756
75.206,0.182433412932681
75.2124,-0.349789102301912
75.2255,0.103791295386131
75.2321,-0.0020740389210232
75.2337,-0.239141393660162
75.2456,-0.471908216203019
75.3217,-0.41212098080905
75.3315,-0.147006003132205
75.3319,-0.469586706458244
75.3966,0.191437316761025
75.4928,0.157053624612402
75.5615,-0.22266052052332
75.5622,0.14749483734542
75.6462,0.0315793051734232
75.7658,-0.297338341838199
75.7778,-0.434403870470263
75.7861,-0.0761197381817453
75.8065,-0.244755867244706
75.8473,-0.153322712871912
75.8511,0.112312340448099
75.8762,0.164639720043397
75.9404,0.0756678345669712
75.9763,-0.00362056992108251
75.9972,-0.162128156778422
76.0043,-0.383010222595331
76.0374,-0.215267411914951
76.0669,0.116411844094088
76.0849,0.0989503603260147
76.1324,0.147119894696573
76.1425,-0.0304517944374965
76.1442,-0.210948393164585
76.1492,-0.354645125945012
76.2346,-0.482033164380184
76.3487,-0.482595754696263
76.3671,-0.468186657366729
76.3805,-0.215891679363338
76.4345,-0.130243328383656
76.4434,-0.104835463456197
76.5277,0.0461096508171579
76.5676,-0.455182350975491
76.6713,-0.451551113908096
76.6727,0.203326535696291
76.7364,-0.368421477918687
76.7402,0.116410868634716
76.8316,-0.347843207873765
76.8397,-0.502106145954428
76.8536,-0.311315155235249
76.9061,-0.48560166369306
76.9385,-0.267091692558722
77.029,0.00584348042711724
77.0714,-0.00176680037404253
77.0874,-0.362382166548016
77.1189,-0.121684003741649
77.2282,0.20535615909462
77.2288,-0.147081373546541
77.3559,0.134678658566983
77.379,-0.424383345480365
77.4203,-0.508725990603708
77.4479,-0.301498417098088
77.462,0.145229728553815
77.4621,-0.141581391842465
77.4899,-0.492870838164791
77.559,-0.462371034532467
77.5637,0.0288662287031372
77.5668,-0.000342631815982486
77.6471,-0.105354589088492
77.6899,0.163473431695721
77.7183,0.0957102194239354
77.7297,-0.510370523306989
77.7475,-0.426183663743458
77.7719,-0.389133638133416
77.8058,-0.427006660152088
77.8259,-0.459474733899199
77.8407,-0.329782751362373
77.894,0.13778584176589
77.9052,0.0312003360306505
77.9236,0.0310567613367709
77.9543,0.0986738134992464
77.9901,0.0534934025160538
78.0136,0.136934209896722
78.0993,-0.324712384350065
78.1123,0.207780077487598
78.1173,-0.0870941578124587
78.1406,-0.00265466271008563
78.1822,0.0191672085246495
78.2082,-0.00809816056569446
78.2126,-0.508798853700824
78.214,0.0950984650081779
78.2172,-0.0167778058840042
78.2204,0.12002283312664
78.2441,-0.38716906465946
78.2606,-0.462344352419976
78.2664,-0.00184218312081441
78.3904,-0.520185945344309
78.3986,0.11630644150793
78.4083,-0.433778152023706
78.4374,0.0325116529243132
78.4392,-0.339069317825135
78.5113,-0.251956125508897
78.5947,0.215340676835922
78.595,-0.366471347295715
78.6248,0.0484096700553209
78.6748,0.149944920926757
78.7039,-0.290654495066093
78.7425,-0.430934785859236
78.7619,-0.521211323377301
78.7876,-0.444378500691926
78.8274,0.0823720213640513
78.8612,0.173352623869746
78.8669,-0.234243622215544
78.9026,0.156102437716726
78.9031,0.0992650776860273
78.9076,-0.431150063492396
78.9948,-0.157918898365679
79.0273,0.0384107047298556
79.0688,0.176776339286349
79.074,0.157866675794651
79.184,-0.00284393787350723
79.2425,0.180636617096212
79.2697,0.20025365897898
79.312,-0.160707556140892
79.3235,-0.203741332708489
79.3882,0.216415282423938
79.4578,-0.0271169036457621
79.4852,-0.288452464878461
79.5025,-0.0104645457007848
79.5204,-0.256522823672071
79.5778,-0.458635419892261
79.6146,0.205032594910406
79.722,0.116148290494479
79.7662,-0.45752713940648
79.7856,0.0530128966275782
79.7926,0.217880705320653
79.8239,0.189068564790162
79.8349,0.0886316353336127
79.8845,-0.503013300352777
79.9312,-0.00600233777686299
79.9889,-0.464808589120665
79.9904,-0.260912468257388
80.0027,-0.521488357846096
80.0834,0.182795322765841
80.1221,0.132422441551157
80.1644,-0.215218574853182
80.175,-0.497633419846608
80.2049,-0.397257567042772
80.2691,-0.525411438228971
80.2918,0.0393367452576285
80.3098,-0.308134573318085
80.3109,-0.00588180617542378
80.3137,-0.0734650193492143
80.3203,-0.50514338834796
80.3521,-0.203134754055327
80.3558,-0.314530370583427
80.3887,-0.00404425221898919
80.4022,0.190764676005941
80.4067,-0.0455974896603095
80.4259,-0.34267673614319
80.4264,-0.233665355252
80.4269,-0.0990524935279353
80.4335,-0.49521021977921
80.4966,-0.484566965785149
80.5573,0.176292539174113
80.561,0.122983985875237
80.6215,0.0830689966088585
80.6356,0.136957325948146
80.6447,-0.548192583481438
80.7384,0.172765090745656
80.8342,0.197948405419325
80.8669,-0.0800382546786267
80.8995,0.119730563196768
80.9535,0.0390412049759163
80.9537,0.0867080841905903
80.9646,0.215303429287729
80.967,-0.424384065580043
80.9731,0.100577729285419
81.0027,-0.452525793095873
81.088,-0.0238742576379707
81.1081,-0.0697547925593653
81.1853,-0.159021732387814
81.2138,0.192024679598489
81.2234,0.0630373580555244
81.2648,0.0910141828280331
81.3131,-0.221601033737301
81.317,-0.556152119032163
81.3689,0.152425974593186
81.3862,0.00302964243805093
81.3926,0.223689160362767
81.4103,-0.525723063220113
81.4255,0.235902871342105
81.4277,-0.115832361187827
81.4287,-0.00283942998349573
81.4477,-0.487551255354134
81.5079,-0.0317548166651846
81.5087,-0.416152816232412
81.569,-0.534666915620519
81.6199,0.150466126380209
81.6636,0.231447516389423
81.6845,0.232890835189821
81.7398,0.0951296243198385
81.8394,-0.264080174430703
81.855,0.132521126647589
81.9186,0.208873715172786
81.9335,-0.00374931153068303
81.9549,-0.0230291538362764
81.9608,0.00340062594983692
81.9871,-0.383003688458061
82.002,-0.00124852953923948
82.0254,0.240112144359671
82.0762,-0.0131323242763841
82.1016,0.084546760812259
82.1132,0.0148032879978643
82.1254,-0.56219238552039
82.2366,-0.536078329920301
82.2454,0.2179948094944
82.2498,-0.00636082876175692
82.2632,-0.055303867926483
82.2727,0.143654598477752
82.2845,0.0195954480602865
82.3097,-0.275745913284865
82.3248,-0.231940515913607
82.3323,0.0732331864385856
82.3386,0.21316974345271
82.3506,-0.172670705585148
82.3816,0.218393099995637
82.3868,-0.0639541268313479
82.413,-0.55654659238796
82.5092,-0.185581833856972
82.5393,-0.293627742074889
82.5411,-0.00291454165974869
82.6068,0.111879303919437
82.6309,-0.464713703303886
82.6356,-0.257519062176399
82.651,-0.425645253225724
82.6971,0.24363228406547
82.7027,0.246247473317027
82.7233,0.215618839632768
82.8269,-0.552132917926173
82.8371,-0.206238039047221
82.8547,0.210916922679061
82.9915,-0.193947700736416
83.0369,-0.109077642879697
83.0507,-0.449573676904294
83.0884,-0.124633627424771
83.1008,-0.10583536152015
83.1409,-0.503863965529945
83.1543,0.192885724193886
83.2147,-0.561921493497834
83.2209,0.248582071768823
83.2375,0.198975108092171
83.2653,-0.435771040454526
83.2924,0.251205410081653
83.3358,0.0823941576197313
83.342,0.239174373080658
83.3588,0.20133787342219
83.3747,0.244962262759699
83.3861,-0.00929867367949555
83.4321,-0.276063897178645
83.4412,0.246949224179815
83.5007,0.100982138500569
83.567,-0.145424197809689
83.5739,-0.00405938223707381
83.6272,0.251704823274324
83.634,-0.002248935090293
83.7048,-0.0284021632320872
83.7075,-0.53492911162104
83.7597,-0.310666104077811
83.7857,-0.511101013841639
83.7965,0.144360317558153
83.7969,-0.495925442016627
83.8417,-0.00381738620875183
83.8925,0.243399806158621
83.9047,0.229924407515583
83.9696,0.0446842542211954
83.9777,-0.50513824706421
83.9907,-0.499752439999867
84.1158,-0.586468793923956
84.1206,0.23702168132813
84.1286,-0.561698521343658
84.1368,0.185515682973488
84.2674,-0.580555701226089
84.3413,0.0129548178727816
84.3725,-0.563725639652716
84.3991,0.099301117380179
84.4094,0.00131742766932064
84.4441,0.0623005870025537
84.4584,0.0260766769120409
84.4598,-0.132065917341322
84.4806,0.240482183825193
84.5053,-0.566762086023815
84.5264,-0.570952268339838
84.5456,0.0798515132641739
84.5512,-0.0816123441333758
84.6879,-0.592625507805366
84.7095,0.0601558684298169
84.7112,-0.117784668238173
84.759,0.187782250760975
84.7854,-0.575460484763767
84.8124,-0.178095000824243
84.8592,0.227375017889386
84.9068,0.263398210325619
84.9181,-0.378493452930911
84.9516,0.0187176007669905
85.0125,-0.113341080473361
85.0177,-0.462800037256798
85.0327,0.032330626045507
85.0532,-0.00991825567359683
85.0811,0.101160696673247
85.1193,0.00334259507962997
85.1433,-0.28225835447806
85.1615,0.263826853719664
85.1687,-0.550747441281672
85.2146,-0.0400289750392915
85.2739,-0.00895328052786226
85.2741,-0.544163624447563
85.2837,-0.0446365789554903
85.3043,0.265574685090741
85.3212,0.247422576378256
85.3718,-0.21411449353846
85.3772,-0.500239078628681
85.3961,-0.577133420879193
85.4074,0.0954101525930611
85.4236,0.0726829179715764
85.4773,-0.558255705955716
85.5065,-0.000334001545880369
85.5076,0.109953151458328
85.5721,0.0638823012359921
85.5784,-0.526844520496766
85.5969,0.234079319599303
85.6142,-0.00374313928286085
85.7099,-0.597169853828845
85.8321,-0.294842538941111
85.8328,-0.48784313131452
85.8411,-0.608865369409273
85.8604,-0.0766342278656253
85.9814,-0.301839536155114
85.9965,-0.590274325404224
86.0348,-0.106536780634656
86.0964,-0.0853254797214333
86.1203,0.0103622406433317
86.1359,-0.235874174097376
86.2488,-0.0231304760173003
86.269,0.252877370706514
86.2944,0.0905871533313416
86.3353,0.142465974473581
86.3423,0.23313764892265
86.3996,0.2733267538174
86.4362,0.116529789655175
86.5591,-0.352594089212232
86.5596,-0.309745708130549
86.602,0.263652101152246
86.6231,0.274642802397324
86.6313,-0.0557769908298127
86.654,-0.286330532188401
86.6575,0.137434537086364
86.7722,-0.618752439325405
86.7812,0.0109115683465149
86.7858,-0.149439626518117
86.7965,0.00716942251270325
86.803,0.130239443622145
86.8175,-0.155984086984475
86.8722,0.140986091234851
86.8739,-0.395892845797988
86.8854,-0.549128263001023
86.895,0.244702995993876
86.9241,-0.228549387591954
86.9402,-0.141235228122468
86.9492,-0.501315123537296
86.9752,-0.442928740498274
86.9848,-0.61663384815617
86.9949,0.0399250527330963
87.0232,0.0344778120475837
87.0286,-0.428179100976379
87.0349,-0.554579565412183
87.0509,-0.509739981634866
87.0898,0.264234553230025
87.0999,-0.61284746885805
87.1398,0.00773610943122094
87.222,-0.14733932740404
87.2648,0.180801917824937
87.266,-0.0776219343621705
87.2897,-0.60712400537146
87.3144,-0.0595724174722534
87.3381,0.158358421855553
87.3768,-0.00379305141173347
87.3808,0.221642494262525
87.4697,0.25258450903776
87.4743,0.204193861023711
87.4812,0.084602226764261
87.4905,-0.053554777555803
87.54,-0.603265403499165
87.6002,0.281241237827004
87.6415,-0.286091623255359
87.6728,-0.629871502705399
87.6898,-0.156201065539065
87.7285,-0.510055205405564
87.8157,-0.043989498625379
87.8561,0.177493779874283
87.8898,0.269497388994338
87.8907,0.130447152729147
87.9189,0.0885579921186235
87.9276,-0.00228799874469132
87.9594,0.285799966932103
87.9986,0.0850133932743375
88.0047,0.121013071719759
88.016,-0.47321268250171
88.0307,-0.61595698833392
88.0955,-0.00237929486232247
88.0975,-0.422585712286676
88.1114,0.106787363612455
88.1814,-0.592546485639787
88.1885,0.193183783043963
88.214,-0.063094834688215
88.22,0.00312695134672936
88.2961,-0.612670005536401
88.3324,0.263070325849199
88.3357,-0.565928400732773
88.3473,-0.537235496368851
88.3717,-0.00235561841805065
88.3935,0.0576029889421932
88.3952,-0.492367279227906
88.4332,0.242782727449722
88.4472,-0.63384976072112
88.4545,-0.0023733245146218
88.4686,-0.0481962957633613
88.4786,-0.434580962944338
88.5149,-0.196047229162758
88.5153,-0.263153114935307
88.5363,-0.202004917715868
88.5861,-0.629142101867558
88.5903,-0.0700662416627864
88.612,-0.109396520547691
88.6523,-0.63272131660618
88.655,-0.0123415479817055
88.7145,0.111209186523467
88.7644,0.0272255522425553
88.7705,0.0904155857475217
88.7764,-0.354423358324254
88.7811,-0.429731552916223
88.7821,0.290201269183768
88.8177,-0.104421335875259
88.8384,0.292654292648507
88.9181,0.0787401476085989
88.928,-0.538962969537664
88.9892,-0.534541436529423
89.0244,-0.646325835261464
89.0351,-0.021446464868788
89.0535,0.278491146286143
89.0774,-0.641540548172713
89.0887,-0.139171720018027
89.0963,0.0575730588414132
89.1042,-0.489210318707066
89.1067,-0.459652347305564
89.1292,-0.00299622293972845
89.131,-0.373564588205141
89.1445,-0.244049804682163
89.1517,0.143289413462
89.1672,0.269864610794485
89.2274,-0.318177339825382
89.2626,-0.0153242563685012
89.3361,-0.59937429494353
89.3479,0.189737840077001
89.369,-0.327973357700401
89.3764,-0.0870414508104034
89.3764,-0.406783171709094
89.4347,-0.550268229253263
89.4622,-0.0247349211215635
89.4916,0.150399485115841
89.4975,0.131962636568971
89.5057,0.0431325116102812
89.5906,-0.549736516719136
89.5978,-0.514623683052449
89.652,-0.184763979980445
89.7654,0.302647387368381
89.7914,-0.321977472489309
89.8143,-0.12894904604947
89.8936,0.253749959732374
89.9454,0.225432029938219
89.946,0.24164098857942
89.9535,-0.00637461777401427
89.9854,0.230180050976827
89.9985,0.0644219059749247
90.0037,0.180437407325996
90.0081,-0.344698549823264
90.1047,0.283623012999186
90.1174,-0.0111033533127909
90.1318,0.263335921176406
90.136,-0.545743093519363
90.1498,0.104649678556285
90.2036,0.249840910571805
90.2581,-0.223519715801373
90.2753,-0.043159682205328
90.291,-0.00944182942171778
90.3585,0.0865098538694156
90.3656,-0.60232419114935
90.3767,0.163766131322106
90.4117,-0.0198102493029637
90.4176,-0.0285848132785418
90.4195,0.0479741757187497
90.4556,0.199957229333179
90.4621,-0.600356763358008
90.4848,0.227579181143156
90.5168,-0.318732390709428
90.5407,-0.0282020862673136
90.5755,-0.645354805783427
90.5831,0.305066402349567
90.5856,0.307710524118207
90.6121,-0.170712126508406
90.6209,-0.146794577046578
90.6429,0.292809936855647
90.6468,-0.664110293871914
90.6922,-0.0473538533286018
90.7165,-0.575727051719383
90.8038,-0.00415736390039001
90.8288,-0.245404111189458
90.8396,-0.289918943581526
90.8511,0.299341061501949
90.8527,-0.591302148406527
90.8697,-0.491563758044677
90.8723,0.151006683203292
90.873,-0.240267089384588
90.8933,0.181035199433808
90.9729,-0.623668555450507
91.0275,-0.668949382993787
91.0288,-0.422801017139562
91.0876,-0.517025693643873
91.0962,-0.0342419641544751
91.0973,-0.355886763664174
91.1198,-0.328870525165783
91.2311,-0.332048006682314
91.2384,-0.116370353018212
91.2796,-0.675361799397891
91.337,0.245926233721249
91.348,-0.626554139695131
91.3718,-0.35921946468055
91.3722,-0.0861517046470226
91.4172,-0.0513294447048906
91.4312,-0.644947170025247
91.4807,-0.0306261075082546
91.4875,0.175966445751229
91.5486,-0.130472539425924
91.5501,-0.528135094264201
91.5558,0.104291000281151
91.5743,-0.639881304140033
91.576,0.281828295604015
91.5808,0.161807792783037
91.638,-0.34793494787661
91.6909,-0.401654134087764
91.7076,0.0784809757489313
91.748,0.184860327555327
91.782,-0.571789578622059
91.8068,0.295399644808967
91.8182,0.318607941290949
91.8447,-0.0528771783774857
91.85,-0.221193781584702
91.8535,-0.0412019954087981
91.8655,0.284792321103481
91.8836,-0.133323786808546
91.9343,0.0623093129936763
91.9406,-0.000594132098953537
91.982,0.143227438088246
92.0149,0.00312320593283744
92.0217,-0.682988720378944
92.026,-0.685329641556052
92.0383,-0.153075335976723
92.0782,-0.469074356372758
92.0902,-0.0380714780810507
92.1285,-0.685416922052013
92.133,-0.0184864215729306
92.1821,0.182665673581639
92.1945,-0.685601397280806
92.202,-0.493719027626682
92.247,0.0181852807484688
92.2523,-0.425029181345394
92.292,0.0123170190130537
92.3621,0.0990415017303548
92.383,0.320413686182704
92.467,-0.678038537685396
92.5075,0.0396830316449268
92.5658,-0.240331402631597
92.5702,0.314958125202921
92.5702,0.217593235799143
92.6186,-0.242297439699527
92.6744,-0.0578266616184777
92.6796,-0.480548970969451
92.6802,-0.0129350090209215
92.6824,0.1804557445261
92.6982,-0.697055679638964
92.7459,0.278093347606912
92.7709,0.312833352486223
92.7918,0.132337171850068
92.8232,0.328175374461608
92.8345,-0.693760459939071
92.95,0.0923602125739222
92.9719,-0.446292404671155
92.9724,-0.00385780226696397
92.9968,0.180216953270445
93.0158,-0.682826044027578
93.0168,-0.679133756961534
93.0175,0.276789409816203
93.0301,0.300130428155683
93.0637,-0.701403433567336
93.1237,0.316978882974439
93.1311,-0.437230294467582
93.1578,0.331152259989267
93.1587,0.164386493137869
93.1749,-0.699798035549293
93.2426,-0.56948662830159
93.2484,-0.0110017730143142
93.2545,-0.420039872474661
93.2581,0.0885339738961335
93.2609,-0.0958963128650794
93.2708,-0.0010754181917747
93.2804,-0.6777173515068
93.2825,-0.366866186825575
93.2836,-0.0388193635164384
93.3173,-0.429171296269942
93.339,-0.701907781464939
93.347,0.277965289590711
93.3907,0.00953384523261036
93.4141,0.0771668654871718
93.4207,-0.69646333059292
93.4333,-0.327287989282965
93.4398,-0.280447732080376
93.5066,-0.0377791020247287
93.5147,-0.561070610753049
93.5277,-0.69125176608182
93.5542,0.328485421789267
93.5942,-0.293385481693704
93.6015,0.325058949195764
93.6165,0.135711868424522
93.8334,-0.427706774165301
93.838,0.285435772637996
93.8402,0.281803367102015
93.8483,-0.0237389617828114
93.8958,-0.701195931167504
93.9338,0.258235077354072
93.9752,0.0726739411530275
94.0121,-0.233600625991528
94.046,-0.155510396519119
94.0569,-0.390046605028886
94.1036,0.33304814917652
94.1081,-0.498254594555348
94.1176,0.0422123983813947
94.1507,-0.610601130091055
94.1678,-0.698531510010525
94.1719,-0.00461678496913009
94.1911,-0.648775146590694
94.2405,-0.685687905972955
94.3152,0.237804525317273
94.3536,-0.339360759200261
94.3823,-0.00225095952198728
94.4131,0.237168410045911
94.4293,-0.380409398319514
94.4418,0.331527144984548
94.4516,0.180430300174905
94.4614,-0.0353771609221099
94.5049,-0.609812244051085
94.506,0.140397653664849
94.5699,0.0807660167485551
94.6197,0.330989982557426
94.6542,0.231509559945025
94.669,-0.563218921367522
94.6743,0.259333181363701
94.6909,0.31589345477299
94.6952,0.315901433846918
94.7875,-0.634947890746417
94.8566,-0.219012982615382
94.8594,0.237548385742798
94.8623,-0.702715791928355
94.8863,-0.206609467510944
94.8911,-0.647175797206415
94.9341,0.342652749090618
94.937,-0.503360688297249
94.9468,-0.0852136248017104
94.9474,-0.454998949367464
94.9491,-0.696322016628031
94.957,0.344776523729323
95.0531,-0.697350478057345
95.0896,-0.495678131159693
95.1164,-0.445440198572129
95.1834,-0.645891326447099
95.1927,0.314922510810305
95.193,-0.298869154187443
95.1946,-0.208660229755665
95.2033,-0.448238605855749
95.2048,0.159191444211402
95.235,-0.04059078730414
95.2777,-0.364963508109753
95.3475,-0.60036625902184
95.351,0.238033728708373
95.364,-0.149660339311566
95.4174,-0.262080262493157
95.4664,-0.681444438653486
95.523,0.183270685776918
95.5392,-0.245647375414833
95.5727,-0.632405113828526
95.6018,-0.142250549865196
95.6018,-0.140890363473275
95.6219,-0.391871684373058
95.6326,-0.0884245581130898
95.6561,-0.0755315507834382
95.6613,-0.639437565169999
95.681,0.258030250314306
95.6955,-0.641614530325043
95.7149,-0.227238188858095
95.7541,0.0670949320690966
95.7835,0.108301643526829
95.8261,0.0142632451152735
95.9207,0.147996120597512
95.9401,0.299478264099037
95.9466,-0.417167596365417
95.9522,-0.195739252708762
95.9801,0.300742194678037
95.9834,0.34282492144456
96.0134,-0.719907089975408
96.0214,-0.736762751673169
96.0402,-0.00158907146399656
96.0707,0.124587837418446
96.0928,-0.101815035696092
96.1047,-0.318429509314484
96.1391,0.356921217970807
96.1436,-0.446639718672344
96.1616,-0.659860687965804
96.1647,-0.0121919557599881
96.2003,-0.735224922366697
96.2272,-0.455933622759375
96.2463,-0.65817232928994
96.2493,-0.613827089621836
96.3339,-0.175756825307786
96.3413,0.0388496121268247
96.4132,0.175868318838042
96.4323,0.293272060176932
96.4891,0.130805393707931
96.5062,0.233208133090656
96.5277,-0.0651409355889143
96.5474,-0.193913741658378
96.5477,-0.67206004160812
96.5889,-0.74502829308733
96.6025,0.178177992160471
96.6041,-0.584958139563469
96.6694,-0.419584786443394
96.7188,0.185552434412855
96.7303,0.278580254290517
96.7346,0.224009184134246
96.7936,-0.00541955108475634
96.8052,-0.361709099756936
96.8195,-0.284447708249871
96.8346,0.328854737958906
96.8484,0.241724287678139
96.8515,0.0397740916290985
96.8768,0.0687612320780602
96.9059,-0.568418435268157
96.9123,-0.408827675750032
96.9339,-0.384258317806626
96.9817,0.184338904930271
97.0293,0.355725742465253
97.0547,0.175757928884394
97.0978,-0.734146319355247
97.1508,0.285686321587718
97.1604,-0.213876957259444
97.1763,-0.730030426139706
97.2135,-0.721892136839543
97.2177,0.356027509445227
97.2411,0.0689495955591184
97.2574,0.0216482965451661
97.2722,0.0235476385099531
97.3241,-0.57715838002062
97.3308,0.364248285418412
97.4127,0.126438469865079
97.4252,-0.441720992823321
97.4365,0.188232800512935
97.4402,0.00940708255258471
97.4489,0.120209719254518
97.4954,-0.103894289902172
97.5002,-0.648119921386282
97.526,-0.342801911704257
97.6183,-0.0143742976870129
97.624,-0.225902271354471
97.6747,-0.00989287393227301
97.6754,0.371041023132946
97.681,0.0708765254289574
97.6827,-0.0928325209253842
97.6881,-0.755743608143149
97.6963,-0.0540674223876749
97.6992,-0.750703431090727
97.7295,0.0910424968166552
97.7343,0.197939662258236
97.8251,-0.637435335511483
97.8347,-0.330085334716841
97.8407,0.122589050759998
97.8813,-0.600964536828016
97.8884,0.163307923953155
97.8908,0.357268914944541
97.9042,-0.310058611334441
97.9339,-0.75743170873632
97.9906,-0.724829508305277
98.0065,-0.415925954520276
98.0405,-0.206153811124608
98.052,-0.0210873284594726
98.052,-0.689693869774317
98.0793,0.354763317372303
98.1291,-0.0469997438973877
98.1374,-0.600419141227576
98.1521,-0.0198254815860111
98.1556,-0.219748676677838
98.1691,-0.00451943896364071
98.1757,-0.466526229652203
98.2087,0.357454225336568
98.2532,-0.330904179958935
98.2772,-0.768215869898953
98.2855,-0.0462452008589054
98.3152,0.364110403495516
98.371,0.0592194899173677
98.393,-0.149601067108335
98.4015,0.00947753290108722
98.4185,0.298775924156118
98.4445,-0.0605515857947694
98.4449,-0.654901559568586
98.4596,0.0611205245925674
98.4942,-0.262624512682038
98.5001,-0.0751982984397017
98.5217,0.362345417904592
98.5308,-0.1349102033261
98.6022,0.179217798757861
98.6108,-0.628336285763524
98.6351,0.0548966701809519
98.6556,-0.355108756833303
98.6697,-0.509544127940728
98.676,0.0434229072446044
98.6831,-0.0094298920395488
98.703,0.350526385008479
98.7344,0.0452682464763683
98.7607,-0.0531846916736214
98.7916,-0.71509270834872
98.8313,0.230871558114586
98.8808,0.283697548062335
98.8881,-0.0265147985236354
98.9166,-0.00186698918153638
98.9438,0.274692286808417
99.0056,0.160383648812356
99.0242,-0.246591406481983
99.0451,-0.522284503820529
99.0608,-0.732267177577484
99.0938,-0.740962818325229
99.1506,-0.00424099020459323
99.1553,-0.0531355278649528
99.1647,-0.77949379874272
99.205,-0.766096289802348
99.2094,-0.325622213069749
99.2095,-0.00213199489907367
99.2163,0.359275939367876
99.2382,0.321205653985899
99.2608,0.361951640789258
99.2636,-0.00584026418412975
99.2693,-0.677609847832755
99.3059,-0.282330265207534
99.3353,-0.368192013707485
99.3782,0.243196431360317
99.4067,0.12282626616097
99.4493,0.340027319469968
99.4981,-0.599499592665026
99.541,0.0070321726420417
99.6384,-0.313387140792031
99.6403,-0.572313955691897
99.6464,-0.766413620389869
99.6782,0.0453923434639307
99.7318,-0.0136773590350145
99.7451,-0.713757040174741
99.7492,0.118594764895263
99.7652,-0.151743730293859
99.8038,0.32359381339306
99.8055,-0.0597012053615913
99.8413,-0.487565596209976
99.8617,0.387608895782677
99.897,-0.0010735264282431
99.8982,-0.784881472845029
99.9077,0.392372976141345
99.9313,0.38921942493559
99.9644,-0.772025545102849
