Latitude,Longitude,elevation
22.39714612,114.09348793,435.3
22.35444054,114.1653496,199.1
22.40724951,114.18176546,250.3
22.41312764,114.16879973,564.2
22.42471847,114.03856456,11.6
22.38907581,114.11834314,352
22.43279893,114.08442947,14.4
22.41271026,114.07055411,22.1
22.36108461,114.0898619,7
22.34269632,114.14539054,77
22.3363309,114.08558005,
22.34472809,114.11155681,2.5
22.41589114,114.14645143,650.5
22.4601119,114.08847721,315.5
22.38216528,114.07545994,295
22.38555389,114.06185593,230.8
22.35970277,114.13763611,115.7
22.34580886,114.11310623,
22.37819688,114.12099951,75.6
22.40058858,114.16369676,406.6
22.33594453,114.07245434,
22.39537513,114.17562318,268
22.41352817,114.17704322,374.3
22.42174226,114.07883532,21
22.39347116,114.11286129,345.2
22.44573429,114.12139685,219.4
22.41735098,114.1509121,581.8
22.36377045,114.07078972,5.4
22.39207552,114.12168309,297.8
22.38553166,114.12391973,160.4
22.4018957,114.16236407,387.8
22.33075168,114.11425972,
22.43580138,114.05216536,40.6
22.40380197,114.04830218,135.7
22.4236539,114.12315842,561.7
22.33793481,114.07562812,
22.43368571,114.15075871,293.8
22.39824892,114.10039342,385.7
22.4326414,114.09200474,20
22.45319367,114.07282388,78
22.33452523,114.14301494,7.4
22.41792351,114.12596903,769.6
22.43692368,114.11402868,240.7
22.45668332,114.08125824,222.2
22.34137439,114.0972518,103.6
22.34647776,114.07604659,
22.4022117,114.06034063,249.6
22.41223239,114.08017607,182.5
22.39156108,114.11304381,352.1
22.45434353,114.15481907,13.5
22.34828355,114.16746555,378.7
22.32625491,114.10105579,
22.4513739,114.14705132,56.8
22.36206562,114.13291183,24.5
22.40096522,114.10505094,342.3
22.40091298,114.0755155,244.2
22.39058654,114.0566359,191.2
22.36530056,114.0718805,24.5
22.4153704,114.08336524,104.9
22.34034499,114.13675931,7.6
22.34054431,114.1268417,23.2
22.41841797,114.16685743,383.1
22.44210679,114.11828951,239.3
22.3883413,114.09768592,208.8
22.36972983,114.11353232,9.5
22.44848894,114.10392999,85.8
22.36034643,114.06913893,
22.40659566,114.08467565,277.8
22.46620791,114.09968032,234
22.37731961,114.12876562,58.7
22.45581102,114.14698357,29.8
22.40484696,114.11025076,498.7
22.41053235,114.09525433,390.1
22.41118296,114.04534464,175
22.38164179,114.05340674,239
22.44963283,114.07732605,17
22.46329177,114.08283514,521.1
22.3650808,114.14218144,113.4
22.36640787,114.10644118,
22.43125306,114.11577115,213.5
22.34027254,114.15372913,34.8
22.41239312,114.15857501,399
22.35841868,114.16857158,60.2
22.43292895,114.0589669,15.1
22.43356915,114.13821841,338
22.34333062,114.13663176,38.7
22.35117537,114.09599308,60.1
22.35928806,114.06727873,
22.39067117,114.05166214,217.4
22.35557902,114.08032818,
22.35814013,114.16742861,71.9
22.35476317,114.13872804,201.1
22.34172253,114.10682971,27.9
22.34910684,114.0681686,
22.42139398,114.04874932,45.7
22.39640223,114.11980523,476.9
22.37287592,114.17387525,39.7
22.41971723,114.06621225,14.9
22.40860616,114.13273841,665.8
22.34605886,114.10441036,118.4
22.38081439,114.06470662,199.8
22.36974641,114.17107384,93.8
22.41261613,114.13134208,670.9
22.42029004,114.17715408,251.6
22.4292001,114.17198282,188.6
22.40452395,114.11557886,525.9
22.43099437,114.10141247,41.9
22.33328365,114.09445484,150.8
22.35824597,114.07983735,24.9
22.42353383,114.06848073,7.5
22.44968834,114.05821896,1.5
22.33723253,114.10682364,26.4
22.33904781,114.15552974,21.4
22.37404817,114.04360035,228.9
22.35165966,114.06608231,
22.39684051,114.11400551,415.6
22.38313511,114.09626399,204.8
22.39258092,114.075603,324.5
22.44266802,114.16209776,43.2
22.45123943,114.15127807,42.3
22.4186573,114.03540278,15.3
22.36723377,114.11791573,19.9
22.43885331,114.08699831,12.3
22.35233247,114.14609027,158.1
22.35962138,114.06540349,
22.37749085,114.17056119,55.3
22.32778182,114.11784112,
22.37619249,114.10178034,124.7
22.40027399,114.05742785,199.8
22.38456627,114.13516701,196
22.34729642,114.06114961,21
22.43153438,114.10713953,59
22.45545812,114.10697455,124.5
22.43355783,114.12647797,261.4
22.39686463,114.12879599,559.9
22.34580415,114.06012048,25.6
22.44345028,114.11130612,389.6
22.41596101,114.14534471,669.1
22.32782345,114.10376514,0.8
22.38382364,114.1835689,112.7
22.36710564,114.17566442,15.6
22.34429907,114.099501,211
22.32901183,114.09628501,0.5
22.40705011,114.08137753,208.4
22.40592796,114.18356645,224.8
22.42736432,114.16682033,185.5
22.39350701,114.1188399,420.6
22.39220244,114.14878348,207
22.39707026,114.04976757,81.9
22.40473146,114.07497508,175.4
22.39141573,114.13169227,458.2
22.3467832,114.09688217,113.9
22.42551361,114.04858442,44.4
22.44532335,114.15754941,67.4
22.35584264,114.0883326,215.3
22.350438,114.12723388,41.9
22.37252813,114.11245747,13
22.34013008,114.13713498,4.7
22.40781976,114.12259592,809.6
22.40539361,114.03993412,138.5
22.44051551,114.09011196,16.9
22.38681797,114.15085119,191.1
22.39085864,114.04000227,55.3
22.4057125,114.10034809,477.9
22.37880559,114.1276155,77.3
22.35539898,114.15992568,144.7
22.40870727,114.06682525,117
22.43584003,114.06796836,4
22.43153919,114.06820693,5.7
22.40318888,114.10987388,443
22.42564835,114.05053696,38.4
22.39594782,114.05786828,154.3
22.3610726,114.04716071,6.6
22.40900147,114.15585213,359.1
22.33653383,114.12776838,8.2
22.36507967,114.16871455,59
22.32532479,114.11049561,
22.37150754,114.17637434,10.1
22.45519096,114.14182591,38.2
22.3842486,114.13580152,179.5
22.41508409,114.11699416,539.2
22.37132603,114.06406498,49.4
22.42240484,114.0491335,46.5
22.37566855,114.15914908,141.6
22.40377098,114.04272771,123.9
22.44265303,114.16215093,42.4
22.4532378,114.14399891,24.3
22.41255631,114.16038095,443.2
22.38341593,114.14811305,192.5
22.38608721,114.09004561,343.7
22.37897978,114.13114134,92.2
22.36366786,114.08158836,
22.36579501,114.09655455,
22.33298982,114.12036528,
22.37281002,114.06373753,110.7
22.34493489,114.13330278,70
22.42105784,114.06602406,11.6
22.42854517,114.11496932,234.4
22.41944212,114.07827806,24.4
22.45758274,114.11694599,365.8
22.38534522,114.08201211,368.7
22.46212937,114.08593956,458
22.43232583,114.06699574,2.2
22.3794121,114.07431611,257.7
22.42793978,114.06933731,6.5
22.39409533,114.10982836,307.1
22.3490214,114.12391239,1.4
22.36932965,114.1274515,40.8
22.33714459,114.13500024,4.2
22.41722259,114.10677934,229
22.41570991,114.12268265,762.6
22.36297759,114.12038014,67.9
22.41688755,114.15586238,400.2
22.45373217,114.12669567,204.4
22.40694893,114.1024207,489.7
22.36857797,114.03757294,248.1
22.40384146,114.06263708,252.4
22.41413226,114.12358928,845.3
22.45123944,114.13983635,37.6
22.3803473,114.12370632,96.7
22.41220812,114.10855311,419.3
22.42262189,114.10724962,130.6
22.45768367,114.10118192,83.1
22.42522397,114.09961313,91.7
22.35374611,114.13020526,76.2
22.40886348,114.04118823,100.2
22.4495069,114.16169036,6.1
22.43207073,114.12143626,311.8
22.38315747,114.12475204,136.7
22.44376333,114.09788035,29.6
22.43620982,114.10950752,142.1
22.37079612,114.05327358,109.4
22.37742777,114.07474506,253
22.38108938,114.10197429,166.3
22.44537795,114.09482083,20
22.42717442,114.04527454,128.2
22.41947378,114.08445496,44.2
22.44326697,114.0847879,8
22.35451342,114.059129,23.3
22.3660746,114.11779558,36
22.37752781,114.11387571,58.7
22.42700137,114.15717154,202.4
22.39761505,114.1035952,345.7
22.33851264,114.11393943,
22.3573523,114.06408083,
22.37549134,114.03808356,168.6
22.44695551,114.10545244,124.6
22.42560753,114.10719614,91.4
22.37488235,114.06458028,127.4
22.41777077,114.16190516,324.6
22.40378454,114.13186598,722
22.41873512,114.0354799,16.5
22.38012631,114.09667809,259.7
22.40183058,114.04110178,131.5
22.44056625,114.09727708,25.3
22.43806788,114.14557548,198.6
22.35228652,114.06984445,
22.43301706,114.16985433,80.3
22.46437615,114.09239583,396
22.3537198,114.14401564,185
22.37318396,114.05180704,178.6
22.3766215,114.08535568,333.9
22.37360812,114.11239394,13.7
22.34576986,114.07904837,
22.42178008,114.08576502,24.6
22.37346167,114.16535,64.3
22.35882698,114.06128971,
22.41225461,114.07127405,45.3
22.4554702,114.12453985,330.8
22.3936185,114.17578059,250.6
22.40423286,114.03608633,147.1
22.40987159,114.05774361,89.4
22.36532534,114.05015534,81.1
22.45762074,114.11754926,365.8
22.40920634,114.12645485,860.1
22.3726021,114.09507818,108.8
22.41193626,114.08290656,229.1
22.33546293,114.12860317,5.7
22.41583595,114.12930585,722.7
22.44043928,114.12313281,87.7
22.42610036,114.09345618,30.4
22.3773209,114.14023468,152.3
22.40156734,114.07378947,255.2
22.42170614,114.13994729,593.7
22.402048,114.09069026,467.3
22.4037014,114.11321811,446.6
22.3443138,114.06630674,
22.3309518,114.09257182,56.1
22.42963983,114.13316678,280.2
22.34971429,114.05296391,
22.37191206,114.16148922,114.4
22.41828657,114.11803796,423.2
22.43000181,114.0412043,34.9
22.39025013,114.09936565,253.4
22.43084802,114.10559612,56.1
22.36118827,114.14335811,260.4
22.42174246,114.15163464,442.1
22.35482796,114.05606404,3
22.41573112,114.09297445,208.1
22.40171808,114.15081194,265.9
22.37104672,114.16678971,112.3
22.3697023,114.09051506,76.8
22.41951635,114.15923219,272.3
22.39045486,114.05905683,240.9
22.33700846,114.07505212,
22.46675062,114.11009692,38.1
22.37071882,114.11163898,18.3
22.36682877,114.1632734,191
22.38386006,114.07005284,228.7
22.33122415,114.10270992,27.7
22.42133628,114.17556,297.6
22.40584012,114.05649424,75.3
22.38960282,114.14651192,231.7
22.39904118,114.07618061,274.1
22.39323645,114.11110581,317.3
22.46130342,114.12662607,402.9
22.36872345,114.12419076,35.8
22.36813927,114.09533824,16.3
22.37195961,114.10931695,36
22.39739761,114.09210806,474.2
22.41842859,114.04071232,39.9
22.42624247,114.11844839,462.9
22.42480359,114.11966823,437.3
22.3870893,114.1629159,393.7
22.37155714,114.13839928,65.2
22.37879898,114.16746059,58.2
22.42175669,114.04120699,16.1
22.36051732,114.04184037,16.6
22.39167184,114.07696121,290.5
22.34492499,114.15992693,189.2
22.36731462,114.12936916,38.8
22.36854258,114.1702628,89
22.36950272,114.14728203,205
22.43263202,114.14536817,353.1
22.35869586,114.11224912,3.3
22.41986202,114.16245937,236.4
22.43247605,114.06017912,5.1
22.36589893,114.17322619,13.2
22.33127714,114.09151161,20.7
22.38883267,114.17128549,264.7
22.38355724,114.09082836,369.4
22.42609082,114.07223415,12.1
22.45292476,114.10255017,118.8
22.39444704,114.03607568,109.9
22.3323931,114.11622614,
22.33064563,114.10540293,18.8
22.36326586,114.16681009,53.4
22.3403756,114.08215949,
22.39062934,114.08519824,446.5
22.42229465,114.14692689,509.5
22.41188585,114.09830827,467.8
22.46252275,114.13858746,88.8
22.33860544,114.11865623,
22.42960594,114.07304334,8
22.36550515,114.14674731,280.3
22.3448115,114.11319928,
22.32970164,114.13710115,4
22.42607742,114.05708469,168.7
22.40387539,114.06713101,286.3
22.45202071,114.09907697,26.7
22.39501991,114.0881373,472
22.40913977,114.03724134,94.4
22.43778135,114.11173125,237.2
22.40987304,114.12613502,887.3
22.39728134,114.12608958,504.9
22.42187387,114.13900555,585.6
22.38083048,114.17982872,42.1
22.38879894,114.14012579,356.2
22.39040887,114.08441916,444.6
22.36606515,114.10989852,
22.41548907,114.03993644,68.1
22.42442303,114.14964747,366.1
22.34960633,114.13612429,146
22.37126059,114.14349125,133.5
22.35981466,114.10852217,12.1
22.44581603,114.16395789,22.3
22.43405132,114.16165588,52.4
22.3337176,114.14346519,3.5
22.34472429,114.1557591,148.2
22.4635988,114.11054024,122.4
22.38378602,114.04152896,194.5
22.39107549,114.13119528,456.7
22.38524229,114.13326676,252.3
22.39417345,114.12252602,325
22.37902299,114.09177131,321.1
22.39728201,114.15794846,292.1
22.43690841,114.10825531,143.7
22.43076946,114.06453303,17.4
22.37415417,114.14253281,136.4
22.39240357,114.0748775,321.8
22.36994075,114.13231831,52.1
22.43402344,114.16512026,32.2
22.41000871,114.18027641,273.3
22.43266357,114.15839789,195.6
22.44380844,114.06722863,2.5
22.45908401,114.07922257,363.5
22.44893865,114.1442053,56
22.38339033,114.04115916,195
22.42701081,114.05953452,150.1
22.3894943,114.10222796,222.8
22.41460665,114.0825565,131.6
22.4441918,114.14353653,121.8
22.39500923,114.04173575,92.7
22.45710589,114.11767348,376.1
22.4113796,114.15879466,400.4
22.37208154,114.17165418,71
22.41871418,114.11728181,386.1
22.36991955,114.12167893,20
22.45758204,114.10959492,130.8
22.43159898,114.13931994,429.2
22.36557239,114.10157657,
22.41378362,114.06545389,13.5
22.3866226,114.10111344,153.7
22.34753442,114.0596778,14.6
22.41013217,114.17368785,454.8
22.34104709,114.09216664,9.3
22.34658769,114.15815788,277.6
22.35704354,114.08532277,129.2
22.37979402,114.12131847,132.5
22.4432088,114.12440288,96
22.42309412,114.03787705,12.7
22.39112194,114.18443693,220.9
22.32822819,114.11484434,
22.32949417,114.08448874,
22.38146793,114.14808127,204.4
22.45464777,114.10064145,41.4
22.3264555,114.10580143,0.2
22.403848,114.17365413,466.4
22.33663238,114.10279509,191.3
22.44980807,114.1614884,6.4
22.38439321,114.15220194,264.6
22.36169399,114.11378756,60.6
22.41177723,114.05114072,206.7
22.42522939,114.15877278,176.8
22.37577183,114.10557881,26.8
22.4422273,114.08840729,13.3
22.39607129,114.18406556,201
22.37003398,114.16959965,115
22.41834666,114.1321382,678.4
22.4255845,114.03885459,13.5
22.39934089,114.03834109,113.9
22.38748382,114.09014107,314.3
22.33484726,114.07346079,
22.41492798,114.0484203,164
22.42295804,114.12467468,586.1
22.34880052,114.13269858,99.1
22.35380603,114.1181128,5.7
22.38627383,114.10246723,169.9
22.39019167,114.05788262,230.8
22.4238079,114.07426904,13.4
22.40380228,114.09854591,451.9
22.40036231,114.05346501,131
22.35117356,114.06448997,
22.40549978,114.16604551,532.6
22.39533035,114.14358488,295.6
22.38252201,114.03439255,106.7
22.39572406,114.18449775,213.8
22.39041165,114.07295221,287
22.34053008,114.0995127,229.2
22.44240963,114.14614672,146.2
22.41524965,114.16357792,452.5
22.40267248,114.16880802,486.6
22.40136877,114.10661458,387.4
22.37248298,114.07810108,130
22.36996788,114.08335044,77.7
22.3597039,114.06073198,
22.43638057,114.14164488,273.5
22.39123854,114.04872773,187.3
22.44863961,114.10311265,73.9
22.34447453,114.06721521,
22.36574541,114.12302523,56.1
22.37171663,114.15032054,250.9
22.40848101,114.1671061,539.7
22.37468065,114.0644255,127.5
22.36570607,114.08391241,
22.42174266,114.11601032,251.8
22.43583025,114.17381391,198.2
22.37257249,114.17184452,74.4
22.41497012,114.17866053,383.3
22.4406195,114.05883543,1.1
22.42456627,114.09881779,122.6
22.43357545,114.06497261,2
22.37852525,114.15672759,221.3
22.41664888,114.14450118,669.6
22.36610453,114.16170348,224.1
22.33115282,114.07716145,0
22.37806999,114.13659281,84.8
22.40228915,114.18203068,210
22.42710405,114.12168824,435.1
22.39688462,114.03534799,121.6
22.39435308,114.08808419,463.1
22.41908923,114.09510818,140.2
22.39039061,114.07610457,286
22.36015851,114.11036934,0.2
22.43222347,114.04698394,125.7
22.41944031,114.14174357,624.6
22.41655282,114.08818286,134.5
22.34104913,114.11288736,
22.38912982,114.13956336,356.3
22.44366528,114.10821295,250.6
22.39452337,114.12966038,506.6
22.39449186,114.1342536,506.6
22.35632423,114.12816972,24.5
22.46076292,114.09386182,250.4
22.44285094,114.13780654,78.5
22.43551429,114.05979006,8.5
22.39420419,114.13821669,447.8
22.32934414,114.10415129,1.3
22.41877273,114.05396902,186
22.40595895,114.08448177,269.8
22.45439575,114.07584343,127.7
22.35049109,114.1653234,317.9
22.43304718,114.06730913,2.8
22.46051504,114.12979696,326.6
22.36633634,114.0771074,
22.39112379,114.09740638,263.5
22.4334507,114.09178514,19.7
22.4160044,114.13191453,703.9
22.43279453,114.16184302,68.8
22.33927827,114.11714471,
22.37093156,114.14968106,286.5
22.3879639,114.0374089,62.1
22.35559828,114.09883146,57.4
22.3769361,114.17832764,9.9
22.39743311,114.11401055,424.3
22.3968145,114.04538766,79.4
22.37282017,114.06331998,124.7
22.40143062,114.06615645,360
22.39632951,114.14383357,306.9
22.45257979,114.06354574,8.6
22.37928857,114.09557237,247.7
22.40863612,114.14380893,546.1
22.35800559,114.12022828,30.9
22.43591905,114.12245122,181.3
22.41588134,114.11634244,488.1
22.36730289,114.05986539,2.4
22.43792282,114.15606672,126.6
22.42618831,114.08207804,16.5
22.3455351,114.11140483,2.9
22.42888626,114.0540191,112.1
22.3616309,114.07910491,
22.34231232,114.08855708,1.8
22.43340282,114.17587342,226.7
22.35625954,114.06315123,0.2
22.43735507,114.10165643,61.4
22.35345935,114.12685554,5.6
22.43299754,114.06362743,3.8
22.44072508,114.16648935,13.9
22.37122494,114.15650848,185.5
22.38822091,114.04089792,115.6
22.41642178,114.14997351,617.8
22.35236541,114.06021698,18.6
22.39415815,114.14359398,284.4
22.43348384,114.17016773,88.1
22.41433971,114.03801374,63
22.43683157,114.13137429,185.9
22.43121101,114.13499966,360.5
22.37001389,114.10006783,25.1
22.38311103,114.04906211,234.4
22.32939976,114.11937428,
22.42476522,114.06431027,46
22.36832578,114.05634482,69.8
22.33138149,114.11326281,
22.3616563,114.17171706,30.7
22.34994479,114.05693017,5.6
22.36261025,114.1418561,145.1
22.34886534,114.08420513,9.2
22.37922071,114.04190284,203.2
22.39172107,114.06938221,276.4
22.37822036,114.03826353,187.6
22.37811814,114.14087878,158.5
22.39054322,114.10589684,240.9
22.41555318,114.16127206,379.6
22.40516843,114.15110305,337.7
22.40737776,114.08566407,320.4
22.40632904,114.14315818,476.4
22.42434188,114.09897268,125.2
22.36755664,114.05087574,118
22.40551148,114.08511997,303.1
22.44459895,114.05316361,2.1
22.43027331,114.11135769,119.6
22.38431571,114.05248458,279
22.36696006,114.06072786,2.7
22.37711117,114.18173721,24.8
22.36496132,114.13529763,58.9
22.38720678,114.05489577,241
22.42969442,114.17275815,176.1
22.35874917,114.05955119,
22.38405137,114.07255016,202.9
22.38025081,114.09509947,233.6
22.39959408,114.12400595,556.6
22.36383098,114.16919133,40.7
22.39970485,114.11572665,505.6
22.42940674,114.16543627,85.6
22.42596812,114.16652982,229.1
22.43546517,114.06655633,3.5
22.41433804,114.10952208,348.3
22.35179366,114.06951946,
22.45111338,114.1342992,40.4
22.43139997,114.10365689,48.3
22.37919517,114.05704504,221.6
22.43449996,114.10671856,80.2
22.41208103,114.09911972,470
22.45246715,114.06234008,5.3
22.41359443,114.1075833,346.9
22.3734356,114.11929291,27.4
22.35429946,114.04899832,
22.40522199,114.07171358,179.8
22.42573053,114.08896629,23.2
22.425741,114.06308653,95.6
22.43434582,114.08417882,14.1
22.32993771,114.10394033,6.7
22.34566462,114.05886361,23.5
22.33284305,114.10770936,7.7
22.38833659,114.14972179,189.1
22.45810096,114.1457067,13.3
22.38460104,114.18524474,66.7
22.38043543,114.07620419,327
22.42309485,114.06028959,92.5
22.38190532,114.09537604,223.5
22.36947875,114.09422175,58.2
22.3830067,114.15854619,346.1
22.40349769,114.05134343,96.3
22.44720629,114.11673021,401.8
22.44028662,114.15689018,90.6
22.40767863,114.088073,343.5
22.40919686,114.12688803,842.6
22.46630349,114.11904395,272.7
22.36065134,114.10859905,2.5
22.39549658,114.09318885,415.2
22.42035118,114.15703474,315.6
22.46177139,114.08173295,462.3
22.40402705,114.10596784,459.1
22.3582906,114.0978951,90.8
22.38911391,114.10182178,220.9
22.44245023,114.07707577,6
22.4527605,114.12408345,244.6
22.39424971,114.09915621,374.7
22.39170511,114.13872181,395.1
22.38938095,114.10921786,289.3
22.42843054,114.16693879,148.8
22.35685722,114.10071216,23.6
22.41948378,114.06245969,26.7
22.4514448,114.15891867,18.2
22.4033479,114.09299442,407.2
22.40225424,114.11914247,664.2
22.46012576,114.14630239,15.3
22.41642444,114.15807701,332.2
22.34018182,114.12417423,15.3
22.3628446,114.05478222,0.2
22.41318204,114.10823951,373.9
22.44145398,114.12474895,83.5
22.36313707,114.08408367,
22.39044906,114.13675332,346.7
22.38584108,114.0704834,256.5
22.37719197,114.04422615,234.8
22.32885579,114.13601983,3.2
22.33877186,114.14204098,35.9
22.39303873,114.15279743,216.4
22.38388187,114.15848893,371
22.3443061,114.11956736,
22.40184064,114.14567301,338.4
22.35810601,114.10757834,59.2
22.3750204,114.18305488,12.5
22.34578054,114.08097409,
22.40684674,114.1053261,477.2
22.32719455,114.10888208,0.9
22.4386779,114.08303597,15.1
22.33972713,114.07190825,
22.43846814,114.10152022,75
22.38841996,114.13822419,329.9
22.34728624,114.08753864,42.1
22.36505881,114.11929502,74.2
22.40527294,114.16329243,450
22.39001917,114.03527475,68.8
22.36335241,114.0482068,50.1
22.42752678,114.04154763,97.6
22.3848901,114.05393307,260.7
22.44054798,114.15864509,74.3
22.44446295,114.10838834,237.5
22.44052577,114.0502241,51.2
22.43575781,114.11350114,181.2
22.38102944,114.04276005,229.5
22.36884935,114.13400882,21.2
22.35008951,114.12490885,13.9
22.3888633,114.04711763,140
22.39449038,114.11646764,444.8
22.4147267,114.07389,20.1
22.43091645,114.08083839,11.4
22.41085059,114.08059212,230.6
22.36678674,114.1443797,141.2
22.36192494,114.11717412,30.4
22.4348753,114.118611,156
22.40508622,114.07990161,219.3
22.41170234,114.1397172,538.2
22.33629567,114.14005457,32.6
22.37248551,114.16465956,82.1
22.38614595,114.12001704,240.3
22.33710525,114.11891586,
22.43470123,114.1538027,210.4
22.39551223,114.14073893,417.4
22.38948279,114.12009005,309.7
22.3901075,114.03429088,73.6
22.38070791,114.09558655,232
22.44122603,114.15139928,175.8
22.43971772,114.04861277,108.7
22.40475846,114.14084426,375.4
22.38101104,114.03914365,193.7
22.42009034,114.17650444,269.9
22.35035762,114.12488132,15.1
22.35779192,114.10021251,39.2
22.34145871,114.10500919,74.2
22.37848714,114.1775218,9.8
22.36808395,114.1658847,118.5
22.33534984,114.13416311,0.4
22.44742427,114.05441444,1.3
22.38271575,114.17135922,70.5
22.38224054,114.08850804,423.9
22.40129347,114.1092256,412.5
22.46783831,114.09853376,275.1
22.36123258,114.07729782,
22.34286896,114.07714806,
22.35476846,114.12491523,25.6
22.44444544,114.10220922,68.5
22.4475671,114.14583847,119.7
22.40517848,114.13837527,431.4
22.39774444,114.0404419,103
22.36148153,114.07127584,
22.34852956,114.09241914,169.6
22.46461218,114.10922235,55.4
22.41883504,114.15072678,561.9
22.35961156,114.11966699,64.6
22.40796302,114.13425062,628.7
22.38515958,114.08357735,414.7
22.37420888,114.0507148,196.1
22.40613159,114.03975678,121.8
22.4508933,114.15741324,10.3
22.38155797,114.0774914,313.3
22.42344047,114.04400921,31
22.46349847,114.08547135,524.3
22.41859638,114.15196049,541.9
22.36186714,114.05314056,1.3
22.36872969,114.12401843,35.9
22.35768594,114.06794024,
22.38260827,114.09454152,227.4
22.35490446,114.07895896,
22.45061991,114.13937773,40
22.34272684,114.08950449,0.3
22.40288354,114.08289429,311
22.383837,114.05733749,233
22.41288431,114.17018523,525.3
22.39180165,114.08594126,441.5
22.39363522,114.13453943,470.9
22.41508878,114.12085903,684
22.39739706,114.03545818,122.4
22.44192152,114.05831163,
22.43041073,114.11432888,197.3
22.40124357,114.1336241,646.9
22.45004349,114.12009573,414.3
22.34742387,114.11415458,
22.40051456,114.05406391,141
22.40342828,114.16929681,504.5
22.44600586,114.10036771,41.1
22.37753545,114.17087239,51.4
22.41411013,114.0780083,81.8
22.357457,114.07974608,16.9
22.42487726,114.15128109,332.8
22.34928199,114.06682481,
22.43626629,114.16184763,50.1
22.37779392,114.17791847,10
22.35046738,114.15691001,212.6
22.36200314,114.06023189,
22.42361515,114.10816824,119.7
22.3454119,114.14586341,87.7
22.42631354,114.11107475,158
22.37072149,114.16825026,146.4
22.32488035,114.11544708,
22.44130718,114.12726915,82.1
22.38098558,114.15181934,267.9
22.33453791,114.12595007,5.1
22.44460204,114.12326761,145.6
22.39424545,114.06788526,329.6
22.43080207,114.08509171,15.9
22.36286438,114.17769652,56.3
22.42065421,114.0810042,26.1
22.38315965,114.1552788,349.9
22.38685424,114.13344151,282.5
22.33607817,114.1493377,13.1
22.38360987,114.08008006,333.3
22.36958637,114.09775044,60.6
22.40311139,114.18367017,255.4
22.38015682,114.07749367,322.9
22.4092015,114.18398107,204.7
22.4222154,114.07841473,20.3
22.39777975,114.18680622,90.6
22.3849999,114.17646383,146.4
22.34804289,114.1283412,99.9
22.4571064,114.072811,122.7
22.43607077,114.11664702,192.2
22.36292071,114.11566005,23.6
22.43423294,114.13616289,251.9
22.39494133,114.121056,369
22.41083312,114.10625063,439
22.37086665,114.06209058,71.9
22.33776863,114.15265604,10.8
22.40810366,114.05124342,185.3
22.42106597,114.11918953,365.1
22.4213685,114.11035516,178.6
22.43644893,114.11994291,126.9
22.36946656,114.15692522,227.7
22.45579301,114.0825601,233.2
22.42704228,114.07885736,15.3
22.3300444,114.12686366,7.1
22.41951356,114.10938287,202.6
22.35544131,114.15401689,148.3
22.42765125,114.15885953,156
22.37697241,114.04767216,210.9
22.36277307,114.07917064,
22.44278868,114.05150326,7.5
22.33571987,114.14493541,2.3
22.35917578,114.15664562,215
22.38495105,114.14159578,202.6
22.45885008,114.07495889,237.6
22.41543089,114.04932609,170.4
22.39723469,114.17467569,236.2
22.38007969,114.03954115,190
22.36158189,114.06066575,
22.33186229,114.12990515,3.4
22.3855917,114.16188216,381
22.43189924,114.05505985,122
22.42012623,114.04349545,27.7
22.43919327,114.16815447,41.5
22.417,114.04997422,133.3
22.35796622,114.05414183,
22.36081802,114.12300574,56.6
22.41868515,114.12090706,560
22.40723056,114.04029776,74.6
22.39327271,114.08769452,438
22.42278158,114.07249069,13
22.44514079,114.16499141,20.1
22.3304656,114.10333499,13
22.35148796,114.101564,32.7
22.40216746,114.03203704,145.1
22.38418129,114.08562684,391.7
22.34896866,114.12669267,36.3
22.42506597,114.11439151,282.2
22.41696646,114.05081633,135.6
22.40910638,114.17669044,382
22.38903253,114.08639729,378.6
22.4364781,114.108439,134.8
22.38389988,114.03301995,65.6
22.45291384,114.10460283,147.3
22.37102812,114.16529825,89.6
22.37166707,114.12056493,25.9
22.4392122,114.08767748,12.6
22.45498697,114.06895688,24.8
22.44602797,114.05937469,0
22.35750557,114.08573397,132.3
22.43721469,114.12917576,121
22.34652338,114.1639633,188.9
22.39201756,114.17486327,261.9
22.44624285,114.09362723,17.9
22.43373078,114.09573424,29.4
22.3845876,114.07054845,239.2
22.41602606,114.15153186,581.5
22.36720174,114.07448651,12.4
22.42922994,114.08086629,12.8
22.44760684,114.07096361,11.9
22.37305558,114.13172539,52.1
22.44026485,114.09487086,22.7
22.38655392,114.18307055,57.5
22.39569966,114.04230627,96.3
22.35479319,114.07766726,
22.35655559,114.13485202,136
22.36756627,114.13395475,33.7
22.40816559,114.14276083,511.1
22.44062619,114.10179089,52.3
22.35776841,114.12105475,22.3
22.34296011,114.16074338,119.5
22.36775184,114.09516331,6.2
22.34421554,114.14454969,53.9
22.35889621,114.13299149,31.2
22.36534678,114.08087494,
22.4147795,114.13548973,680.2
22.37788274,114.13608686,84.3
22.41768355,114.07379696,14
22.40366393,114.13679092,500.8
22.45563406,114.08191635,206
22.44076526,114.06294964,3
22.43210442,114.17064124,95.3
22.43822929,114.08969654,16.3
22.45537165,114.13549636,49.5
22.45638697,114.08012738,222.8
22.45201064,114.06416731,14.8
22.37727403,114.04166162,233
22.43829547,114.08757075,14.8
22.40139039,114.0872537,461.6
22.37771979,114.05989865,155.6
22.45364236,114.13240199,72.3
22.44840391,114.14578839,87.2
22.34526804,114.14733396,84.4
22.36956285,114.15948739,207.3
22.46363778,114.10502283,66.7
22.34450129,114.1082693,38.8
22.4253431,114.12798366,494.3
22.39403971,114.15025934,209.2
22.33405175,114.09224723,56.5
22.40228946,114.10583313,401.3
22.33606592,114.14900276,12.5
22.43722827,114.10319426,73.6
22.38841444,114.16013872,382.8
22.41721003,114.04446792,82.7
22.40496534,114.15284295,309.8
22.42601081,114.15009592,329.2
22.45313764,114.09643384,27.7
22.42001307,114.11567249,310.2
22.42144162,114.15088013,461.8
22.45335289,114.08622678,149.5
22.43118329,114.15633133,285.7
22.3417506,114.14296633,43.6
22.38643955,114.06722728,275.2
22.43844669,114.09236989,19.7
22.39091563,114.11359237,348.7
22.45980087,114.10980324,183.5
22.38323965,114.10311763,117.6
22.38143148,114.06066332,209.1
22.33476694,114.12433027,8.2
22.34594278,114.15846994,256.5
22.39221434,114.16982495,322.9
22.40373482,114.1043039,425.5
22.40939288,114.14307132,528.9
22.35581603,114.10156446,15.7
22.43145034,114.13218004,236.1
22.44281277,114.15517203,105.5
22.40822083,114.08164402,231.3
22.44659294,114.05742549,0.8
22.37081733,114.16547632,95.1
22.33888024,114.15650799,22.1
22.43881496,114.06171438,2.7
22.35930151,114.07991438,
22.4154002,114.16335409,445.2
22.4525089,114.06885713,37.3
22.3953982,114.13186473,589.2
22.44933665,114.07735244,13.6
22.42020798,114.10384589,130
22.40029185,114.10590415,333.9
22.34530016,114.07010083,
22.36028009,114.13481599,63.8
22.33372158,114.09852958,128.9
22.41631231,114.18091028,349
22.4203665,114.03668771,19.9
22.42868598,114.13532547,344.7
22.3738159,114.17826715,13
22.40610615,114.1568678,321.1
22.39187351,114.13921467,407.9
22.41382991,114.04990917,177.3
22.42252234,114.08705327,31.2
22.37068465,114.0733179,97.7
22.34524079,114.1435181,96.8
22.35220258,114.13182244,95.4
22.38738955,114.11770514,326.6
22.45118298,114.1604528,22.7
22.33152021,114.10987119,0.8
22.41985759,114.11526969,304
22.38993462,114.13112456,411.9
22.41197533,114.13382406,570.6
22.32783963,114.10078055,1.5
22.3271281,114.11256894,
22.43580977,114.08201492,11.5
22.37108971,114.12105386,23
22.42073288,114.15928879,246.3
22.38295979,114.10637279,86.4
22.39984892,114.17756668,253.7
22.45890961,114.12943432,285.9
22.35095883,114.05339032,
22.34316537,114.1414941,93.7
22.34840086,114.1089984,72.3
22.43544485,114.14573209,253.9
22.34715686,114.05904706,19.4
22.32710483,114.09292879,7.1
22.39165618,114.15993301,265.9
22.36655841,114.09624376,
22.42865312,114.17310695,207.9
22.33944047,114.08992012,4.7
22.41960629,114.15469083,433.4
22.39176378,114.1787506,224.8
22.39865293,114.06963966,415.5
22.44657194,114.1121869,369.6
22.39713954,114.11618846,486.9
22.40055376,114.09126118,498.1
22.33756621,114.10869119,1.9
22.3808574,114.16157433,250.4
22.43047091,114.08120015,11.3
22.46290574,114.12706064,436.7
22.42771103,114.06767218,4
22.3955242,114.05905017,175.6
22.43891232,114.05542318,8
22.38713001,114.12499937,200.4
22.44532441,114.09579745,21.8
22.36374862,114.10789672,
22.87719776,113.75389742,205.2
21.75211458,114.60632656,-72.8
21.93667463,113.4203643,-9
22.09618604,115.49024835,-68.4
21.88455603,113.61592511,-23.4
21.97771016,113.57565435,-12.2
22.14708175,113.91052506,-0.2
22.20360359,113.47576045,255.9
21.37695848,114.68727546,-95.1
22.684242,114.13233901,66.4
22.20395223,115.16685312,-45.6
22.53880833,112.58075292,11.2
21.16727138,114.02385759,-73.6
22.82795249,114.60023466,283.2
21.86896229,112.67227258,75.4
21.96530983,113.09109258,-1.5
21.88438572,115.03055244,-76.3
23.07477033,113.32738244,0.9
21.62555618,114.36270368,-60.4
23.37815161,114.02755359,256.9
23.52662307,113.90168835,410.2
22.46900098,115.17266034,-24
21.82083596,115.20160288,-85.9
22.76795263,114.3519098,23.2
21.83677503,113.1295245,
21.37309655,113.89245486,-54.4
23.0476149,112.92519335,3.2
23.40476755,113.28311386,10.7
21.49043227,113.34613007,-31.9
22.47576456,114.61612768,
22.56612277,113.85267634,1.4
21.59995814,114.53204554,-69.2
21.11330288,113.40593317,-59.3
22.11777187,114.29179587,-32.8
23.2866578,113.87696072,79
22.55276902,113.23967379,-0.1
21.23978888,115.00200144,-97.7
21.71310544,113.95999296,-42.5
21.28980443,114.0779231,-74.5
23.43092133,113.13330024,30
22.77603602,112.7087922,54.9
22.07910776,112.8349838,18.4
22.26137777,112.5832559,0.7
23.2706767,114.15129699,19.6
22.11278728,115.19940537,-57
21.32369215,113.11295265,-44.6
21.60934403,114.6105155,-77.6
22.51458129,114.44642757,-7
21.92476764,113.87789816,-29.4
22.6135814,115.50041671,-19.9
22.42113611,112.55458902,64.7
21.04320007,114.6410409,-85.4
22.40000906,113.75784243,-4.3
21.80706782,114.25578448,-45.6
23.37760248,113.35951205,14.1
23.39683531,113.00952628,4.9
22.40937873,114.48988722,-21.8
22.05966426,114.87588395,-52.9
21.18963796,114.62834118,-79.6
22.46960078,114.01825499,
22.30482234,115.62387783,-41.2
22.47610903,112.88617818,0.7
22.72422062,113.34658681,6.7
23.4088845,114.25080371,178.7
21.47529865,114.27710275,-64.9
23.57761378,113.96904662,21.2
22.94249935,114.69234705,335.7
22.90778179,114.80349317,338.2
22.74328858,113.91012455,12.8
22.13402947,115.44160023,-68.7
23.337891,114.09901606,30.7
23.08293663,114.48980265,12.2
21.58214533,115.34211206,-104.4
21.09292262,114.54122154,-78.4
22.85157411,115.20420154,2
23.68988415,113.93890432,381.9
22.53377136,112.925393,9.5
21.53049763,114.295521,-59.5
21.1193836,113.99623215,-73.1
22.81656026,115.42236261,31
22.06508292,113.99905809,-2.3
21.15209346,114.60436516,-81.2
22.80215104,113.73963413,12.7
21.23420686,114.73370826,-96.9
22.6711885,115.22616906,-13.9
22.44798343,113.34151161,15.4
21.1005949,114.47675836,-80.3
22.48286101,115.18130901,-23.4
23.75303604,114.29570475,182.5
22.26315218,115.26741784,-39.8
23.03857566,113.90603178,6
22.19960413,114.16632119,
21.2632362,113.62383705,-52.9
21.71033976,114.26417184,-52.3
21.78410292,112.71308712,-3.4
23.47559452,114.80032184,170.4
21.55581939,114.44482748,-70
21.38624629,113.34453919,-40.2
22.00284155,113.99672468,-21
23.49343271,114.03586696,145.2
21.90699116,114.42792249,-44
21.8187924,113.94942813,
22.4387362,115.45399695,-32.9
22.4459862,115.05849403,-25.4
21.0060727,114.15757061,-65.9
21.90856966,112.82091646,-2
23.04889331,113.17182842,5
23.54371347,114.3831236,32.5
23.66500154,114.59598341,577.2
21.18589951,114.93375805,-99.8
21.8184186,114.43503417,-51.5
22.63487152,115.32583666,-15.5
21.73193716,113.59041214,-29.9
21.35814471,114.81947001,-90
22.52394281,115.2151807,-21.2
23.04207168,114.87965422,31.4
22.16068179,113.29945055,-5.4
21.72737275,113.78042914,-36.8
23.3659181,114.34909504,43.1
23.38521328,113.39164389,15.9
23.24556082,113.21219715,
23.61167969,113.40818325,40.3
23.67033555,113.5674527,259.8
22.66244459,113.75272943,-1.7
22.72039332,114.9049836,0.1
23.02770595,113.03020933,6.6
22.51794018,115.35439983,-21.4
22.8618086,113.43201568,-1.7
23.3438435,115.11087197,807.5
21.88089896,112.78811199,-2.1
21.78995302,113.98160085,-11.8
21.27644998,113.20146847,-45
22.16330981,112.91361598,270.3
21.59284639,114.62976488,-74.7
22.19194711,114.27848203,
21.74102651,114.64821385,-60
22.78768177,113.99144576,230.7
23.65468378,113.41676031,42.4
21.00344564,114.34854497,-66
23.37057515,114.34105462,42.9
21.32212394,113.51266689,-47.1
22.13582523,115.319555,-64.3
21.24771275,114.55034304,-75.4
22.38072288,114.63882879,-21.3
21.53435042,113.81660751,-45.7
22.2346651,112.64161959,32.1
22.83483808,113.37070697,0.8
23.19923606,113.9404893,4.6
22.85090573,113.91353718,176.5
21.545749,114.00045794,-50.2
22.61497455,113.02442795,12.1
23.3860834,114.35983306,31.3
22.49883789,115.16485197,-22
21.86106086,112.7769359,-2.7
21.46935493,114.62069611,-80.6
22.7672576,113.11763307,1
21.69857748,114.44973467,-61
21.32226823,113.21686994,-31.6
23.48165525,114.45458016,34.5
22.82389494,114.65873735,183.4
22.4591538,112.85423028,0.1
23.00260015,112.77726419,2.1
22.66108075,113.26344681,1.8
23.51573509,114.18162021,246.6
22.22648127,115.35116508,-51.7
23.48335475,114.39898638,48.6
23.15389781,115.09537831,364.2
21.59495008,113.93063677,-46.2
21.28002399,114.0118434,-72.1
22.63886298,114.55707054,371.6
21.66988629,114.63579833,-68.5
21.50864658,113.09713893,-34.9
22.70321102,112.79968837,277.7
23.56927308,113.27786976,118.7
22.90671186,115.04662178,72.2
23.51591107,113.2153127,296.3
22.20853561,112.76159578,12.4
22.777022,115.46960521,232.2
22.06069352,115.0094617,-56
22.0868975,112.92992307,130
22.73614199,115.44619431,12.3
22.68592186,113.19883806,0.4
23.58224056,114.12347851,42.1
23.28862373,114.40457078,462.6
22.11971277,115.17283698,-55.9
22.37473471,113.35927851,107
22.03310411,112.68986635,6
22.70445901,114.21298798,43
23.71307842,114.33011479,349.4
21.275582,114.67084427,-87.4
23.29464318,113.48122797,242.5
21.87774812,114.33942059,-43.9
21.889839,114.45367226,-47.8
22.20635904,115.27516031,-58.4
23.35271504,114.14462458,84.5
22.83364413,115.59461967,-0.8
23.0024094,114.41811506,43.4
21.75376563,113.64787877,-32.3
21.57368642,115.22739086,-99.3
23.58643715,113.51725541,37
23.11060539,113.49916311,11.7
21.7435055,112.91015992,-13.3
21.1900397,113.86957462,-71.6
21.47016442,113.12078149,-34.9
23.68816455,113.8137464,541.1
22.82311949,114.15684357,37.3
22.64377936,113.13760543,2.2
21.26764162,113.28459363,-44.4
22.34542054,114.04842998,46.6
22.26096157,115.39213075,-48.3
23.33980898,114.72334777,184.2
21.68246086,115.09456707,-86.5
22.06697547,112.61370865,19
22.41129047,114.35594769,106.4
22.57326649,113.10539296,1.2
21.71676915,114.31317267,-49.3
23.10684231,115.12289555,71.8
23.72068029,113.53718139,56.5
22.46232355,114.45362619,-10.4
23.64312644,114.03800295,135.2
22.39980837,113.10491256,-1.8
22.63129302,112.61224842,54.7
22.14473563,112.96297407,317.6
21.36796199,113.9245428,-57.5
22.96634639,114.68293923,30.1
22.80371987,115.05784015,104.1
21.53417381,115.0960802,-93
22.68452394,115.35334298,-6.2
21.53434108,114.78598976,-80.1
23.27665121,114.85618439,583.1
21.91636665,113.30103961,
21.38717794,114.26851298,-70.7
22.13565766,115.50245977,-68.2
23.07605333,114.62657008,34.1
21.68672626,114.24359441,-47.5
23.10210902,112.95149005,0.6
22.62236919,115.11583512,-16.8
21.91639844,113.7018594,-1.7
23.04956904,113.17618612,3.6
22.7446004,113.10934884,1.6
22.22036889,114.16930627,
22.85093602,113.86256736,41
22.18804001,112.99691917,183.9
21.26524034,113.63962919,-51.4
21.66441405,113.85342728,-48.4
22.55642577,115.53604458,-24.8
21.71777616,114.2261493,-55.6
21.1492728,114.81126662,-89
23.41509582,113.77986287,24.5
22.57740583,112.64468548,41.9
21.23536001,114.35208135,-76.5
22.7665445,113.88022775,28.3
22.14787471,114.10759306,-17
22.84218605,114.44668299,38.8
23.3502043,114.33691247,124.4
21.85758224,112.9990201,0
21.80860492,114.41950847,-50.9
22.82797008,115.21453984,-0.2
22.63934616,115.4202341,-7.8
22.4540168,115.55626726,-35
22.33876604,114.53839131,-24.8
23.17107425,115.14127456,249.2
23.48425441,113.5831171,354.4
21.91857102,114.55346542,-49.9
23.18188558,115.14273822,492.7
21.51192112,115.16945943,-104.7
23.54805672,114.97707839,312.5
22.94510083,114.40348856,48.6
21.32455061,114.13363771,-70.8
21.45700075,114.75082311,-80.1
22.78526645,113.04126334,63.3
21.86847111,113.35063762,-15.6
22.83789744,115.31525345,8.7
22.51619125,113.07533984,1.5
22.40654909,113.14204464,1.1
21.04182017,114.55657648,-85.8
22.66362524,113.66182353,-1.4
22.13230633,115.11450362,-52
23.1863649,114.19869261,84.7
21.3343848,114.64344916,-82.8
23.76822758,114.16685755,129.3
22.03153511,114.73328091,-49.4
22.86348023,114.07692276,46.3
22.50396621,113.38928248,0.4
21.7801215,113.35170492,-28.9
22.37041972,113.82551458,-2.4
23.25510819,113.98100722,122.5
21.14843091,113.8305629,-73.8
22.15717482,113.01794512,24.2
23.43148222,113.29094189,13.5
21.9562465,114.76401839,-55.9
22.78562795,115.41434299,
21.64072958,115.39445153,-107.4
23.03064675,114.09358314,13.3
23.72190363,113.89985341,890.7
22.38729737,114.19710176,4.9
23.27149208,114.92902834,228.2
21.10278474,114.64325209,-87.7
22.42041072,114.78636391,-25.3
22.19948747,113.71890076,-3.6
21.78811005,113.37516675,-26.4
22.04143988,113.40942736,-0.2
22.85184553,114.1972787,117.1
22.88157463,114.13155924,425.9
22.31048262,115.31628514,-41
22.53537277,113.81664722,-1
21.03010574,114.0799316,-72.3
22.81719016,114.83988527,42.4
22.96889577,115.16396315,493.1
21.98266185,113.59903406,-12.2
21.73662964,114.72551643,-69.6
21.65751984,114.40487148,-58.8
23.35865817,113.5089062,33.9
22.17966144,114.5514854,-33.6
21.5328797,114.04748216,-56.5
21.7892559,113.40039207,-25.4
22.50963517,114.29379207,
23.37410651,114.02561732,239
21.47571603,114.57108521,-75.1
22.52344386,113.84136025,
21.48349126,114.90702607,-85.4
23.28533718,113.92678715,116.6
23.03776839,113.78623047,24
23.11039345,113.83830857,11.8
21.65425489,115.25162063,-99.2
21.96199579,114.94984426,-65.5
22.98411317,115.38311254,6.8
23.09290433,113.83719401,3.7
21.67047514,114.47681002,-61.9
22.19554831,112.89686746,73.1
22.33324951,115.0550316,-33.1
22.38275816,112.68678722,5.8
23.11348003,113.99376103,2.8
22.68531774,113.41061019,-1.8
22.18237096,113.33650588,-1.1
23.30884758,114.19855872,63.1
21.05575842,114.6422497,-86.6
22.98836571,114.21599795,13.2
22.60272681,113.62621172,-1.1
22.75709408,114.52686068,17.6
22.63209449,114.71090867,-0.5
21.9795364,115.19471798,-66.9
21.47193604,113.52696266,-39.1
23.06017359,113.94411774,1
21.50843912,113.46592234,-42.3
21.23582976,114.43625915,-78.4
22.34251453,114.10912884,3.6
22.41315047,115.3455341,-30
21.77059441,115.30618463,-94.9
23.00666343,114.5341279,20.8
21.73765273,113.34476542,-37.6
21.61985042,115.38125089,-106.4
21.95016141,113.97872267,-31
22.20831506,113.25869137,55
23.3393173,114.84007116,579.5
21.9964253,114.23811235,-11.9
23.1109048,113.12364507,7.4
21.41784294,113.38013542,-42.5
22.67374943,114.15676338,45.2
22.14211195,113.18826754,36.8
23.14752985,113.70599639,-3.8
21.39658629,114.17049752,-63.9
23.30803584,114.76231441,211.1
22.56398805,113.62217999,-3.7
21.63662313,114.53850206,-69
22.02780405,112.65453574,51
22.90451331,113.86474225,42.4
23.23426303,113.08264547,3.8
22.65618201,113.79581789,3.3
22.07262606,114.90857983,-53.7
23.16988232,113.24730865,2.7
22.04868526,113.03348885,-1.8
21.8821348,114.57708909,-54.5
21.523894,114.43072499,-72
21.70718597,113.1274571,-22.9
21.66012164,114.31045833,-50.3
21.43075178,113.0988696,-33
23.2754446,114.41680351,418.4
22.63865763,115.18879861,-16
23.54403913,114.26401757,66
21.61079595,114.48084115,-66
22.84764257,112.79538806,33.5
22.79691908,113.28895416,-1
22.90863908,114.19448718,347.1
22.51476854,112.66648037,47.7
23.03174955,114.5840285,15.6
23.32180885,114.9548984,242.1
23.345068,114.90517954,260.1
22.92033895,112.95466076,17.2
21.57326022,115.35928453,-104.2
23.16326955,115.14098263,203.2
23.48720005,113.76273523,16.3
22.79846684,114.47717578,42.1
22.52896108,115.15109561,-19.5
22.76000504,113.57930548,123.9
23.3986585,114.70101262,168.3
22.69743285,113.01754058,29.7
23.18726495,115.36130566,146.6
21.11392377,113.70435096,-71.1
21.80618339,113.32120386,-21.7
21.33934878,114.15292334,-69.3
22.85597463,113.25461618,4.4
23.2761484,115.08646318,455.2
21.73314953,114.61479047,-64.9
21.78227997,112.93036037,-10.9
21.06406835,114.50956838,-78
22.6570815,112.71237176,229.8
22.11152076,114.07720477,-12.1
22.98406691,112.95411814,2.6
22.41916596,113.22505286,-2.7
22.35997887,113.71954533,-4.5
22.68022772,114.98147848,0
21.55892423,114.22000501,-60.4
22.8422153,114.93637138,28.2
21.85734776,112.80775266,-4.4
22.48768458,112.89285865,
23.23807795,112.87444421,23.1
22.5902645,115.07331044,-18
22.46128355,115.13407496,-23.7
22.06634246,115.19116948,-69.7
22.07936942,113.97367549,-5.4
21.98849361,112.94055633,121
21.20500186,113.86132382,-69.9
23.26081758,114.91873081,233.5
22.38876069,112.86387258,137
21.59169996,113.6438003,-31.7
22.82169688,113.86077883,27.5
22.52153786,115.40682691,-23
21.73010041,114.73491632,-70.6
21.84822863,115.03149073,-75.7
23.64082267,113.98937768,174.6
22.05344629,115.35373479,-70.9
21.01677533,113.82207591,-80.2
22.99243221,114.54610418,12.3
22.13211131,114.01790309,-12.3
21.41104836,115.1388454,-101.2
22.6508694,113.99317915,107.3
23.34334194,115.28387284,396.2
21.98814597,114.63684707,-48.3
21.68166373,114.69085362,-68
22.14502569,114.23180373,-11
23.7815997,114.37548059,249.1
22.32249527,113.76890386,-4.8
21.85275372,115.09390456,-78.2
22.0221679,114.84009562,-55.2
22.40368803,114.42051579,-1.6
23.09106692,113.17613785,5.8
21.45179065,114.4196839,-78.9
23.26715275,114.98057808,182.2
21.27463025,113.55919994,-52.6
23.06173365,113.36104666,
22.47119552,113.08166976,
23.82984545,114.22073921,377.7
22.98658548,114.73585341,86.7
21.69790062,114.76812747,-74
23.33837976,113.59264265,34.2
22.25198451,115.38050548,-45.8
23.50478214,113.65894016,75.9
21.35242087,114.73762323,-87.3
22.14981765,115.41178056,-64.7
21.1585989,114.59408259,-82
21.5261879,112.95575856,-33
22.83861789,114.14803371,21.7
22.94107357,112.79534897,0.1
21.78685663,114.95784623,-75.6
23.01773709,114.69795311,24
21.79202982,115.15875795,-84.8
21.07261215,113.98022845,-78
23.59506899,113.62454986,59
22.25813937,114.19330994,195.4
21.63253566,113.31835544,-38.8
22.50421616,113.43360335,32.8
22.05404829,114.35452016,-30.5
22.16723648,115.00221965,-49.3
21.09473159,113.92094119,-77.1
22.04156167,113.25086133,
23.14086624,115.42460868,38.9
21.4750393,114.19257768,-57.5
21.09685342,114.63783562,-88.6
23.4680787,113.52386697,36.5
22.07109911,112.71388105,87
23.40174172,113.41675289,13.1
22.84021775,114.00294525,25.4
21.38041943,113.77292313,-46.7
22.77257441,113.69205921,1
21.94248019,113.24232441,5.2
22.86192256,115.39919693,103.7
23.40509238,115.06151179,163.2
21.78770669,114.06052415,-44.7
22.68970126,114.72558424,-0.9
22.12069519,113.75116863,
22.82979266,115.4581156,3.1
22.61961127,112.65409746,54.8
21.54649546,114.47620089,-59.8
22.2706836,114.45455391,-25.2
22.56525592,113.3705229,1.4
22.97293009,113.00685026,0.7
21.21724485,113.6190654,-60.9
21.83049722,112.69536923,-0.5
22.91615915,115.14701779,175.6
22.67278717,115.50687882,-0.4
23.3006221,114.31211298,479
22.39549076,114.61610967,-23.9
22.7709245,114.45527912,32
23.32601299,114.90023737,154.8
23.53514585,113.5563591,60.9
22.35757688,114.97210764,-29.6
22.89862697,113.38519473,-2.3
23.27252024,114.70381702,65.7
23.046205,113.6926477,2.1
22.82581874,114.23130822,173.7
21.41442069,113.43192044,-46
22.64008184,114.07333855,87.3
22.24086435,113.70582836,-4
21.43739684,114.41880693,-84
23.76393872,114.13786798,467.8
23.32430968,113.77635759,177.8
22.08078881,113.60151417,-4.7
21.60808178,113.970394,-54.4
23.31870133,113.71255101,25.2
23.64637117,114.16255894,262.4
21.87060231,114.10594832,-37.3
23.43134729,114.71526573,298
22.75997719,113.48214222,-3.8
21.32087004,113.57124568,-50.9
22.91601984,113.78308979,64.1
22.9675455,114.00356196,10.9
21.07765205,113.64270214,-67.2
22.63286125,112.59536175,56.8
21.38560115,114.68034693,-94.2
22.67359593,113.04591199,0.8
22.10820055,115.5357399,-68
23.61402576,113.33041486,179.5
22.4213025,112.74167025,0.7
22.83939434,114.68095559,163.6
22.57379816,114.82895929,-4.3
21.08538308,114.65018521,-87.5
22.57837885,115.16834988,-18.1
21.84096643,113.53807232,-26.6
22.31597023,113.92979232,-7.1
22.50318562,113.58218106,-0.7
22.18824947,115.55635704,-60
23.00442865,114.00690346,10.4
22.07557143,112.84689401,7.8
23.10136736,115.08297051,71
21.29485659,114.82556742,-94
22.25556025,114.42125875,-26.6
21.69581773,114.97638842,-81.1
22.92149613,113.359971,0.5
21.63425358,114.31578583,-54.8
21.52256677,113.66138452,-47.8
23.18316424,115.18062827,114.7
22.82535438,114.92714085,21.5
23.22367432,114.54507874,29.8
23.64164533,113.97290814,219
21.21507635,114.75394832,-96.3
22.34121382,113.50487526,33.3
22.78398067,114.85032218,33.8
23.38445741,115.0785669,263.4
23.19166865,113.66218545,34.5
21.69278319,114.07431131,-52.3
22.81109099,115.14279264,
22.26610261,112.96020345,563
22.03264283,113.76088625,-12.7
23.04241206,113.62407222,3
22.77379889,113.83871026,8.7
23.44145436,115.04287178,101.6
23.76106561,113.59171465,333.7
23.41712205,113.66681548,63.4
22.5033706,113.66658137,-2
22.49122146,113.90255191,124.2
23.67699588,114.09120932,299.6
22.59853323,114.12223797,36.3
21.00246442,114.43796125,-89.7
21.54242425,114.93637496,-85.9
23.1900683,115.30870494,140.5
22.15883163,115.50640827,-65.9
23.04935132,113.30342526,-4.5
21.57930781,114.25410832,-57.1
22.14182099,114.18233971,-23.8
22.98527705,115.40528091,7.4
23.46073563,114.2983533,184.4
21.95555361,113.78256612,-8
22.04488593,115.1516414,-73.1
21.93060478,113.27807403,57
22.96789314,114.78133837,43.9
21.25104564,113.56395131,-55.3
22.87769328,114.92441536,83.2
21.31050931,113.21426088,-37.9
22.53108835,113.05557629,1.1
21.92207198,113.16760534,-0.7
21.88644116,113.42948827,-16.1
21.1229669,113.60417261,-66.2
22.98369027,114.85967517,55.3
22.22672279,112.97150249,358.7
22.7851558,112.61948025,43.8
21.98402253,114.84553498,-56.5
21.40712834,114.84384252,-82.6
22.71551011,115.31503423,-6.4
21.48436951,113.14087156,-34.8
22.32368914,114.3003998,48.2
21.14628329,114.43079268,-77.9
23.05115982,114.19065142,22.4
22.44617663,113.43792064,103.5
21.23327188,114.62021089,-84
22.0658608,114.36736471,-34
22.66354017,115.62157016,-18
22.28381089,114.76157634,-30.9
23.18287259,115.00782227,124.2
21.24935286,113.83838775,-66.7
23.15508651,114.6258726,33.7
23.31967822,115.11030112,382.2
22.54122814,112.86559275,40.6
22.71835469,113.26368388,-2
21.01824155,113.70553041,-77.3
23.38682502,114.62186391,189.8
21.65076583,113.7242911,-41.2
21.09011513,114.73660448,-94.1
23.4752626,114.8596802,109.8
21.80761518,114.31456995,-46.1
23.64480457,114.2121888,176.4
21.9500016,115.42735151,-81.5
22.02006438,115.23534451,-64.9
22.016933,114.69433219,-49.2
21.38832811,114.36648348,-75.6
22.6579236,115.22881497,-14.5
22.50647639,114.42548424,-14
22.08059574,114.45692501,-35.4
21.64662221,114.96337375,-85
23.44879082,113.94281296,31.6
22.37576955,113.34019064,9.8
21.99913727,112.99590325,
23.45675103,113.11275761,21.1
21.88406802,112.89003219,6.2
22.10081202,113.64526285,-6
22.14891166,115.24924601,-54.9
21.40378138,113.68185916,-46.9
23.27569642,114.0427011,481.7
21.64692587,113.54640695,-41.7
22.43924828,113.77659926,-1.6
21.10306448,113.62982836,-67.7
23.49777542,115.05421849,105.8
22.57700527,114.22562743,415
22.43630632,114.53180104,-8
22.66707489,112.58899794,136.7
22.6463431,114.86980269,73.9
22.64925148,113.02503247,55.1
21.72267252,114.54692411,-69.4
22.10326758,114.00841296,-3
23.42308623,114.83954806,51.6
21.75712239,114.558257,-74.5
22.28240605,115.66166116,-50.8
21.12674923,114.2503626,-79.3
21.21466288,114.40264264,-75.1
21.38602639,113.57654099,-43.8
23.13969433,114.08252038,2.3
22.54640142,114.39050208,-13.3
21.92541524,114.72066644,-57.4
21.10017235,113.69698912,-71.6
21.65004706,113.91301068,-45.8
21.7538481,113.28708271,-25.1
23.11628441,114.54199737,16.3
22.79254696,114.78601798,
23.72498012,113.56175661,92.3
22.25735816,113.77579129,-7
21.54523845,113.02981063,-32.1
21.73812253,113.93157448,-41
22.79617105,112.82846326,44.2
22.93257905,113.64015835,-1.4
23.1222054,114.89112886,272.3
23.31622723,113.9141575,70.1
23.77654313,113.7578197,211.3
22.60290875,115.56031813,-22.1
23.63895808,113.63209442,65.5
22.96107757,114.62876536,32.6
23.20733046,113.84528346,2.3
23.50927223,113.28777125,75.9
21.4544049,114.62535869,-80.6
21.59841327,114.89330867,-83
23.64156682,114.45577628,322.2
23.26855681,114.54659783,36
21.64388057,114.18045797,-48.6
21.92390582,113.44305333,-12.5
23.56623958,113.55089419,35.4
23.45557877,113.04375933,18.8
21.24286842,113.33369297,-46.7
22.50323246,114.35175412,
21.99736275,113.15592726,-7.7
23.34165239,114.31657342,136.5
22.97932916,114.66818693,9.6
22.87429738,113.68650522,87.9
22.44052384,112.74784002,3
21.08029379,113.95984743,-76.2
21.05776233,113.52436467,-78.2
23.64206462,113.78414361,356.6
21.94761961,114.20753042,-37.9
22.92140803,112.73395175,6.7
23.44812482,114.88871777,113.7
23.65682998,113.4355601,38.6
22.02912581,115.59243872,-80
21.63331381,113.62942405,-45.5
22.48055307,115.26478588,-23
22.19957021,114.98989435,-40.2
22.74940263,114.75907256,16.2
21.1308758,114.84310946,-99.4
22.44270696,114.9710833,-25
22.3436977,114.16973358,153.9
21.64670035,112.97629831,-23.5
21.93954388,115.56779152,-87.7
22.51520453,113.54170957,-4.6
23.01055389,115.01727869,143.6
22.19600403,114.83402428,-39
22.35473224,114.77341712,-28
22.22501292,114.17807231,
22.73261098,115.5128047,3.5
23.35470761,114.50089176,22.7
23.79282435,114.26174103,87.9
23.09160557,113.45923303,1.6
21.70126686,113.85179549,-41.4
21.65298532,113.80341792,-43.7
21.30210089,114.74768125,-86.3
23.3152702,114.90294116,373
21.85262614,112.720819,-1.4
21.92604931,113.81920471,-25.9
22.1973495,114.69369047,-42.3
21.22741513,114.68561725,-84.8
21.92461166,113.87912415,-29.5
21.21967437,113.9145921,-71.2
22.81663811,113.47295346,-2.1
22.92308213,113.39861162,0.8
23.70482161,113.61384185,388.9
23.39463115,113.41792287,16
21.36524046,115.01764528,-93.7
21.55652179,114.17206147,-58.4
23.07654107,114.50203792,14.7
21.49368116,113.19257575,-34.4
23.58493823,114.56616527,184.2
21.79895551,113.94924524,-3.9
22.3151889,115.13875242,-34.7
21.4271813,113.02820518,-37.8
22.63204383,114.56232399,208.9
23.71562628,114.04380016,116.4
22.93214844,115.0696781,110.5
22.52345093,113.09950833,-1.1
21.90989082,112.84464824,-1.2
22.38733361,114.61162133,-24.9
21.88949841,114.31437252,-42.9
22.03817312,115.28029467,-65.6
22.54132299,113.04161773,34.1
22.25759603,114.17994699,195.3
22.64540145,113.44231118,0.3
22.41889226,112.86508909,23
21.5487795,113.45909696,-33
22.7287214,113.52456788,-2.2
23.00131392,114.09868385,6.2
22.37161985,113.63815575,-1.2
21.02879996,114.14467406,-72.5
21.13290079,114.17608682,-75.7
23.46719049,114.67334422,65.8
22.60387054,115.29506697,-18.1
22.87231276,115.01351723,185.6
22.17487604,114.61697915,-32.5
21.67828332,114.46808647,-61
22.26781282,115.08399621,-39.4
21.01218479,114.51181785,-80
22.87621358,115.43586562,14.5
22.77645938,114.25672937,118.8
21.62076845,114.57035906,-72.2
22.3592787,112.74567924,15.9
21.63379661,114.78971413,-78.4
23.42598869,114.85890163,77.9
22.56849033,115.21229889,-19
22.97086544,112.69565738,26.2
22.91792835,113.86740571,33.5
21.99263557,114.05387026,-29.4
22.25160456,115.63690167,-61
22.54001792,112.81973894,55.8
22.35507359,114.31955774,111.9
21.98454827,114.26743232,-37.2
23.04292068,112.89695687,0.3
22.24363196,114.0442633,49.7
23.54428598,114.90740371,317.5
21.95050014,114.05195858,-34.1
23.40485969,115.02573662,106.9
21.12883887,114.38887877,-77.2
21.27760276,113.53947753,-50.4
23.34283212,115.09531218,404.1
23.77476954,113.88987333,211.8
21.04363011,114.55387825,-85.7
22.54838955,114.24386784,8.2
22.20042726,115.49861095,-60.5
22.75334645,113.91904636,23
23.11494243,114.50485222,15.2
21.33178248,114.42854342,-82.8
21.59353233,113.38407229,-35.5
23.32239299,114.58833692,201.5
21.665062,113.21336665,-28.7
22.51024305,114.23955394,126.2
21.48269014,115.23611419,-105.2
21.91213583,114.363494,-42
21.24489517,113.44161273,-61.5
22.58689887,113.18957763,-1.7
22.2189497,112.73327239,26.1
22.26128199,115.15225361,-42
23.70904236,114.57874575,351
21.10492511,113.89710671,-76.3
21.93249653,113.12537262,
22.16214384,112.74611844,24
23.53867055,113.36533217,192.7
22.18210205,114.28461743,26.3
23.79843186,114.08641191,174.6
22.00915056,114.68587964,-49.4
22.13805364,113.074638,-1.8
23.02056647,113.33184232,5.4
21.75566882,113.05163062,-17
21.99132387,113.68240067,-4.1
21.46125103,114.33884263,-80.5
21.26354356,114.20735544,-76.4
22.37827312,113.90246725,
21.42854846,114.49156038,-72
21.19538798,113.29266662,-51.2
23.19959148,113.66849952,36.4
21.22744182,114.35749382,-74.8
23.53123053,113.58901874,33
22.811775,114.15124648,25.8
22.12710633,113.00856843,
21.36768902,114.93244328,-107.1
22.0628646,112.88601622,16.2
22.89605986,113.11632711,
23.778713,114.32848757,449.3
21.17890639,113.70806983,-65.6
21.50029561,113.82983096,-43.9
21.80020505,115.12007963,-84.3
22.88001862,115.22662365,3.3
21.29192737,113.19161828,-44.7
23.01095107,114.18227859,3.9
21.38249204,113.43271226,-52.5
23.57305747,114.73463814,63.7
21.56444779,115.21728425,-101.9
22.98427197,113.15337128,0.3
22.38246784,112.92831247,267.1
23.13054977,115.44167385,24
22.19422275,112.81310483,41.5
22.8354305,113.10332308,3
21.39080948,114.71372289,-89.1
21.24330225,114.35846599,-77.3
23.63102429,114.86842661,742.4
22.49700419,113.89360968,58
23.36081625,113.52976059,43.7
23.56454654,113.938297,89.5
21.62145067,113.00984398,-27.6
22.73267423,114.56360198,6.3
22.80690204,114.41764817,23
21.48534094,113.91725082,-51.6
21.71700942,113.4543834,-31
21.23778,113.5776723,-57
22.75857097,113.98352707,125.1
22.13966265,113.49173855,2.3
20.95910893,114.259787,-84.4
21.72807563,113.28438548,-28.4
21.45691778,114.99794478,-93.2
21.73211848,115.32656351,-99
21.8450734,113.15486238,
21.6019183,115.13703097,-96.9
21.04240208,113.92236162,-78.8
23.65834236,114.47423046,578.3
21.49178838,114.60993784,-78.5
21.91635816,114.20378827,-38.8
22.17149658,114.42173489,-27.3
22.70705958,114.4200018,63.4
22.23474107,115.50810062,-56.8
22.54536959,113.07324508,3.7
21.67239238,114.9498749,-80.9
21.14043381,113.45686608,-63.2
22.57139605,114.94335858,-14.8
21.93021027,113.02279693,0
22.90447925,115.13647431,161.1
22.56575108,114.71562046,-2.7
23.3139988,114.14906771,165.9
23.52304343,115.07997257,151.3
21.33242098,114.52133537,-83.5
21.72648396,115.02525389,-80.3
22.44786946,112.63761251,14
22.65217787,113.78738676,
22.24972623,112.98391199,197.8
21.38838434,114.81230039,-84
23.67396871,113.7065654,237.4
22.33540601,113.06752209,
23.72950571,114.42069906,110.7
22.67841268,114.85745505,135.3
23.54739357,113.48667023,39.7
23.41626189,113.15547387,11.6
22.84735231,114.381428,188.4
21.9410894,113.17606545,-0.3
23.41147187,114.96274485,78.7
23.09087707,115.42390802,15.4
21.3804443,113.92567888,-55.7
22.06101392,113.88871149,-8.7
22.37140333,115.67311737,-34.1
23.31725838,113.31621577,5.3
23.3838371,113.80629585,87.3
22.74165912,114.89754299,
22.55071052,113.18083798,
21.73481609,115.49075062,-100.4
22.4393556,112.92824907,3.6
22.97710672,114.84287946,44.1
21.5434413,114.33037909,-60.6
22.58415793,114.23128675,163.2
21.93885693,114.6662607,-54.4
22.73100988,115.38112359,126.5
23.56610233,114.47093093,249.6
21.32551402,114.61265069,-94.3
21.43807017,115.03046361,-93.6
22.72290854,115.04684144,-2.7
22.43611185,113.364258,29.4
21.83183025,114.8163643,-68.6
22.66689305,115.48818555,-3
21.93183144,113.23043328,113
22.03117655,113.9547962,-12.1
23.0365356,115.29812005,206
22.18490711,112.66305305,42.8
22.65694441,114.36354444,94.3
23.73571859,113.62494777,215
22.93175903,113.32411498,31.1
23.55565109,113.88995438,395.8
23.01230379,113.68847917,-1.9
22.20151376,115.52351513,-56.9
22.21381282,115.46485149,-52
22.18608914,112.70704475,3.5
22.72871712,114.03624613,48.8
22.52853315,115.13451506,-20.1
21.82183104,114.92992546,-72.1
23.11261465,115.38284706,17.1
22.1433663,114.20374685,-24.2
22.45683527,114.61504662,
23.26113784,114.06622545,61.1
21.85709913,113.55643745,-25.6
21.78215194,114.58131761,-73.6
22.58627919,113.55404529,-1.6
21.91990793,115.22733841,-77.1
23.38297699,112.9852051,2.7
22.42703407,113.40969529,94.5
23.80565847,113.9593004,313.1
21.41338385,114.54505151,-79.8
21.94216146,114.63722216,-52.4
21.83917025,112.75118344,-3.1
23.36440119,114.47591476,45
21.4889737,113.99517871,-53.9
22.95164762,115.50545173,6
22.28757338,113.34835565,0.5
21.90418971,115.53532468,-91
21.65197832,113.63870352,-39.1
23.7302594,114.62243159,112.5
21.45819522,112.96689055,-37.3
21.56934275,113.38846803,-41.9
21.80697027,114.98785368,-76.1
23.15257212,115.41957714,17.9
22.39382648,114.4073904,-6.5
21.64588965,115.24303841,-97.8
22.63119546,114.94289123,-3
22.02532981,114.76614701,-51.5
21.41900616,114.81624682,-78.9
21.98065439,114.87488123,-59.7
21.08484319,114.05783195,-75.2
22.59373596,115.21722217,-17.2
22.53271602,115.20400339,-20.6
21.79446887,112.69151356,-2.1
22.386658,114.17937777,162
22.94028813,112.86285935,
22.16870366,113.03552497,8.3
21.24908035,115.01831986,-102.1
22.27983535,112.56165024,4.5
21.7547814,113.07149269,-17.9
21.08646701,114.20812212,-80.8
21.61543014,115.01842422,-86.6
21.72831104,114.06059997,-46.3
21.7428587,115.47321354,-105.5
23.30709065,114.20719091,301.4
22.58998382,115.33182693,-19
21.09909844,114.63364927,-88.2
21.46759992,114.67066842,-76.4
21.48808251,113.5995415,-48.7
22.10781204,115.40782437,-73.8
21.67356099,114.22784308,-50.2
23.08409642,114.80709879,427.8
22.60079618,113.00138447,12.9
23.11106819,114.86114899,470.2
22.84686004,114.96639167,64.3
22.19652814,113.21425696,31.7
23.20713551,114.81581808,413.8
22.14670183,113.66074795,-5
21.87308456,113.23356213,-0.9
22.02294539,114.80791086,-53.4
23.66438138,113.66704619,51.6
21.48112739,115.03262762,-95.2
22.07020087,113.16788259,-1.8
21.93512987,114.09040809,-30.1
22.06981927,113.97895622,-0.7
22.56478171,114.71766124,-3.3
23.23441155,114.9933187,151.2
22.87233828,113.2664075,0.8
22.98992598,114.44213236,33
22.08106164,113.15563989,-1
21.86172693,113.8826071,-29.1
21.19095902,114.7450506,-96.7
21.703636,112.98286569,-19.6
23.73737045,113.65983536,229.9
22.10083031,113.42157235,-2.4
21.58447525,113.99787319,-47
21.73357044,113.61637936,-30.5
21.79313255,113.1875003,-16.3
23.2255982,114.6380912,18.1
21.12719948,113.8950113,-74.2
21.43802056,113.78704122,-45.9
22.63479789,115.05370483,-15.9
23.02391994,114.02597042,6.7
21.76692092,113.41128073,-28.3
22.20158258,114.12968327,16.5
21.82007563,114.55177941,-66.6
23.6580358,114.4486582,244
22.40135993,113.86398473,-1.6
23.16179922,114.07036457,9.6
21.95629545,115.04948614,-62.7
23.57238634,114.28024377,63.7
21.28626358,113.62448271,-49.8
22.41475363,113.04070854,0.1
22.53501895,114.14072751,26.1
23.46554405,114.69667309,50.9
22.84619322,114.30113866,153.9
21.94411707,112.87411327,38.3
22.57939791,115.42422241,-21.3
21.65561507,115.09381928,-87.8
22.89234709,114.63076146,49
22.9809037,115.39655949,5.8
22.08384881,112.87773099,109.3
21.49394674,113.72645579,-41.8
23.59156981,114.45295642,528.5
23.31399741,113.06393681,2.7
21.56931525,114.07998702,-56.7
21.35088127,113.30957106,-39.3
22.20169554,112.66374389,43.7
21.78657899,114.95113338,-75.1
23.19575216,114.25102995,14.1
22.01957847,114.05407388,-23.7
21.53764857,114.70366601,-73
21.12738337,113.93796451,-73.2
22.15185398,115.08703671,-49
22.59976744,112.75500015,125.2
21.38133175,114.07019141,-60.4
22.10356933,114.72571933,-42.8
23.31375468,113.13011778,3.6
23.05665237,114.51660489,37.3
23.23029644,112.95798449,3.4
21.61276029,112.93886572,-25.7
23.27379604,114.23038812,36.8
22.85849697,113.6189969,-4
23.07894198,114.20262757,9.5
21.97336837,114.23249192,-21
22.85823358,113.38144381,-2.2
22.50518253,112.69422468,30.3
21.65672042,115.28067226,-99.4
23.19543947,115.00440283,88.7
21.06868265,113.61751697,-68.7
22.32423069,113.12724571,116
23.35249328,113.80415064,35.6
21.87567055,115.21593173,-80.8
23.36667547,115.16809348,678.6
23.04443711,113.59062831,0.4
23.62486361,113.58983184,48.6
22.61674098,115.02579792,-17.5
21.64436971,112.89733563,-14
22.73461837,113.77229356,0.4
21.10754074,114.52425733,-76.2
22.35010827,114.13215374,114.6
23.50408867,114.75144444,81.7
22.28547879,115.12021474,-38.3
22.05191674,114.5033407,-38.8
22.4577758,113.32667175,25.9
21.93265592,114.75056394,-57.1
23.3530514,113.61275099,41.8
23.02788362,115.48965836,45.6
21.85553931,112.70838124,-0.6
21.02847277,113.85117306,-81.3
23.05494845,114.25966422,14.2
21.55009076,113.52323518,-35.5
23.39897187,114.66953973,32.2
21.84270948,112.92394489,-0.6
22.28166458,113.36589084,83.8
22.55589053,114.5548223,56.2
21.70276882,113.07388109,-22.7
22.74857388,115.4692708,6
22.62807381,115.56336564,-14.2
23.3258969,114.14745055,116.8
21.05738213,114.11130749,-79
22.50748322,115.53522503,-28.3
22.55956134,114.0753111,21.3
22.23625885,114.31134342,-6.7
21.58685607,115.33495117,-105.3
23.72724499,113.79731417,706.8
21.1207117,113.60421675,-66.2
21.49890726,114.48440925,-74.2
21.69951978,112.87846189,-16.1
22.63198834,114.54852518,382.7
21.35692422,114.64194243,-86.8
23.51249113,115.08695795,98.9
22.49817237,113.24625513,-0.5
22.40336905,115.51443076,-35.4
22.31445503,114.8003484,-29.4
21.82172271,113.26641698,-16.4
21.24786586,115.03618729,-102.7
23.17990465,114.44144451,12.8
21.91417031,112.91047691,322.8
22.4685732,115.40156068,-26.8
21.76988076,114.44813274,-59.6
23.30634255,113.0216031,3.9
22.94959362,115.47846966,5.9
22.6193632,113.02389762,61.2
22.59469155,113.04241555,15.1
23.01567673,114.78108846,25.1
22.67797459,113.74139784,-2.8
23.27375832,114.79271586,174.4
22.23596183,112.663734,21.4
23.11154864,114.93085331,244.5
22.65950827,115.23783717,-14.4
22.96454079,114.26670088,18
22.71682694,114.84030187,12.1
22.32094858,114.5220124,-24.9
22.14006119,113.25403556,-1.7
21.92714077,113.43898227,-11.7
21.84844352,114.41864319,-47.9
21.00247737,113.87114991,-81.8
22.217517,113.64497665,-2.8
22.05027212,115.52709475,-75.1
21.34788222,113.19517386,-31.7
23.52764167,113.23651099,77.2
22.6629433,113.55527984,-2.4
21.04198487,113.97136162,-78.8
21.47468184,114.59641946,-77.1
22.56746595,112.86017063,10
22.36956839,112.86137823,175.1
21.89529725,113.78647989,-28.9
21.08255604,113.60500337,-68
22.17415977,112.78898179,124.6
21.86230568,113.92565031,-29
21.36901848,113.33845811,-41.8
22.72719071,113.78355166,1.3
21.92494738,112.74306914,1.5
21.25689648,113.32618086,-45.3
23.61161721,114.42338673,57.4
23.59776221,113.59157778,39.8
22.55735218,113.13903848,-0.5
21.43526094,114.03651564,-59.8
23.18070354,115.26719939,373.2
22.6137711,114.20408627,150.7
21.19005929,114.70556689,-89.2
22.27701993,114.51956502,-26.3
22.33209444,114.35884885,
22.18313312,114.37386774,-30.9
22.75827256,114.30556949,36.2
21.66126126,114.42350541,-60.3
22.50156172,115.59192749,-31
23.00156943,113.767808,24.4
22.25274901,113.01407268,82.7
21.81701629,115.16101825,-84.2
21.77986352,113.00522472,-12
23.08563486,114.04038376,2.6
22.16879582,113.16078137,
22.52080083,113.98218648,1.3
23.41593137,114.54748903,25.2
21.41090566,114.28527013,-67.2
23.73901794,114.38760352,273.4
22.07807481,114.34246966,-15.8
23.29604824,114.67015426,87.4
22.17063319,115.22374581,-51.8
22.31315432,115.31701162,-40.9
22.12449664,113.80302807,-0.7
21.13799692,114.32156262,-75.1
22.01780375,114.05520684,-24.5
22.10627572,115.41599204,-71.5
23.14702357,115.1398281,129.2
23.25196005,113.30664289,8.6
22.00705314,113.929658,-19
21.66148775,113.44484493,-31.4
21.37810523,114.90827884,-102.4
21.66991775,114.26527108,-52.5
23.18081431,114.68101118,261.3
23.51887839,114.21984137,355.9
23.08378501,114.8135993,408.8
23.34996231,114.37448064,337.4
22.48548514,115.17279024,-23.2
22.91569616,114.20241312,227.3
23.55561653,114.8664977,147.5
22.99722002,112.72220914,57
21.09266508,113.78505228,-75
21.55971123,114.00110098,-49.6
21.99167495,114.44516984,-43.8
21.33571338,114.94094591,-101.6
23.34217423,113.54002297,32.5
21.56500242,114.59495768,-78
23.58486889,113.93668545,302.9
22.32005354,112.66363321,17.5
23.62466042,114.38379761,50.2
23.73412491,114.1093605,137.4
22.1212422,115.61172608,-70.7
22.68417525,114.8478266,59.6
21.12722151,114.19011047,-80.7
22.77537855,113.20446322,1
21.4562948,115.01917734,-94.2
22.02240006,115.2957876,-68.9
21.47629837,113.97798252,-55.1
22.86071469,114.26515472,69.6
22.26131118,114.51876041,-27.1
22.50021052,114.73196102,-19.5
20.97512236,113.85662808,-83
22.06427781,113.04449931,-2.1
22.76867454,115.62193642,-4.9
22.7582822,114.66032545,
21.93495923,114.82516717,-69.2
22.30702235,113.3741266,89.2
21.89877174,115.34745445,-84.9
22.79259808,114.89363024,47.9
21.84047452,113.64352079,-28.7
22.45515981,114.23633401,
23.09153937,114.21608614,3.9
23.19578974,113.56120553,23.5
21.72628263,115.14407232,-89.2
21.33320463,113.94772454,-65.8
22.57496849,112.58184308,43.1
23.1958207,113.23721705,-2.9
23.24925968,115.12677333,215.2
21.16876115,114.42687114,-76
23.12143558,113.7762383,5.7
22.82189042,114.34100822,180.9
23.40287939,114.226185,486.1
21.97822594,114.72123629,-53.1
21.94088184,112.71190923,244.2
22.9239767,114.19746219,163.4
22.46930057,114.5699064,-1.7
21.93242414,115.18214913,-73.6
23.03027169,115.22080504,259.5
22.18265054,113.72343746,-0.6
22.53053323,113.99849112,9.5
21.72157026,112.94812445,-16.9
22.54506557,114.84125073,-0.4
23.62224611,114.42844778,103.8
22.50301597,112.96295928,
22.79961785,115.03304397,46.6
21.30178846,114.46972632,-84
21.48862203,112.97095795,-35.9
23.33922364,114.82829579,480.7
22.59708031,113.81678342,0
22.16668216,112.59568504,17.5
23.52713441,113.88061807,499.1
23.1675518,113.36797678,15.3
23.52485784,114.81453872,41.2
21.42480696,114.11938205,-57.6
22.19092932,114.03911913,-0.5
23.01390998,113.12149182,6.1
21.81736992,113.98653554,
22.49280273,115.27504615,-22.7
22.00828085,113.22958028,4.7
22.39763687,114.41516939,-4.9
21.30704306,113.66974937,-46.2
22.5078772,114.60516119,312.7
23.10260971,113.8378921,
23.26385656,113.98852978,260.4
21.65518807,114.01480366,-50.9
22.57146022,113.69354041,-2
21.48986163,114.18864701,-56
22.75033415,112.83138336,176.3
23.06192952,115.04356468,45.3
21.80596581,114.37846475,-47.9
22.5146099,115.16950291,-21
22.66257065,112.8339865,154.9
21.97977303,114.74324122,-53.1
22.98972494,112.8526227,
21.69363451,113.47061893,-31.5
23.27136967,115.35706512,599.7
21.74306239,114.86799731,-73.7
22.58150751,114.11203316,18.7
21.50771361,113.49894414,-45.4
23.14318039,114.41355451,16.3
21.82290421,115.0129967,-75
21.41219003,113.58700823,-40.2
21.72161709,114.94710449,-78.2
22.00553791,113.62926708,-5.7
22.57482065,115.61930149,-25.3
21.44932614,113.2439023,-33.2
23.74695119,114.58888945,114
22.9216406,114.94678401,778.9
21.34694483,114.87212501,-88.9
22.97509591,112.83240744,54.5
22.49642657,114.18249969,133.7
22.37157332,115.05308193,-30.1
23.14667941,112.80408221,5.3
21.9805591,112.93574374,131.9
22.65232725,113.45331125,1.2
21.47171409,113.13257418,-34.6
21.92174983,115.08070398,-69.1
21.8418172,114.01528388,
22.15436507,114.93043707,-52.3
21.37725308,113.9724036,-59.1
23.10905408,112.90426612,3.8
21.29365817,114.93032485,-90.9
23.17869171,113.1463123,0.1
23.00539757,113.19415011,3.1
23.18605134,115.01798504,123.4
22.9040322,112.65986952,51.9
21.14096852,114.04784561,-76.5
23.35867741,114.92100482,90.7
22.82172483,114.65655359,152.4
23.19594368,113.93683648,5
22.54371786,114.74004799,-16.2
22.57092157,115.63366114,-26
22.44413131,113.46039771,112.4
21.46554246,113.14224763,-34
21.81316542,115.0361766,-74.8
23.73996544,114.25438892,65.4
21.64295184,113.77894033,-38.8
22.52080895,113.84243156,
22.16841098,115.54092446,-69
21.72750503,114.56322433,-74.5
21.62168944,112.90026548,-1.5
23.42098471,113.13406178,43.8
22.11316382,114.15114594,-25.9
21.38580147,113.77923842,-45.9
20.99037293,113.80099838,-78.2
22.98839704,115.06024975,615.6
23.30199202,113.75806061,79.1
23.35291865,113.98619785,584.4
22.57935028,113.07900165,8.7
21.22680265,114.46403874,-77.3
21.556814,113.88817324,-49.3
23.54627479,114.90792321,326.8
21.86604593,113.26878778,-2.6
22.44646417,112.60126115,4.1
23.19286927,113.01631925,-2
21.95138517,112.95539639,205.2
22.71760294,113.12707474,14.4
23.34230494,113.03083974,7.7
23.25642377,113.49680562,61.6
22.54831348,113.23394046,-0.6
21.19296828,113.80871583,-69.4
23.0608601,113.21692007,5
22.48865517,113.46584261,29.6
22.40441353,113.4722446,90.6
21.93226608,114.6973912,-56.1
22.84162513,115.35067046,9.8
22.37375732,113.32755079,25.9
22.80476213,113.63188462,13.1
23.10324151,112.87803776,19.1
23.70953532,114.22452246,130.5
22.41292713,112.73613016,0.9
21.60414978,112.81356615,-0.1
22.24066646,113.82305804,-5
22.64549284,114.07194118,88.8
21.32479514,113.57627764,-50.8
21.85125195,115.33497928,-89.6
23.46928289,113.84033212,22
23.06585948,114.81443026,95.2
23.6524139,113.53058054,99.6
22.98966674,112.72581339,23.5
22.23843419,115.11014451,-43.1
22.20115725,114.72885435,-34.8
22.89351237,114.9640925,148.9
22.71298413,113.15335433,5.2
22.62039961,113.87698351,26
21.50436514,112.98258006,-34.1
23.04717043,112.75872859,1
21.35155334,114.95209885,-107.9
22.93756355,114.61133273,35.3
21.40713732,113.53080516,-40.6
22.61886039,113.40544162,0.1
22.4926029,112.69379401,13.6
23.04764545,115.45822157,31.9
23.26161229,113.26775815,5.8
22.2496467,113.00089282,76.1
22.32391149,112.55287705,8
22.94749075,113.28455416,1.4
22.02482209,114.0506931,-21
22.33183906,114.46015602,-24
23.123406,113.31702599,13
22.5653757,114.02533328,99.5
22.76274703,113.69603462,0.4
21.8556792,112.77595103,-2.9
23.63260374,114.38289104,65.2
21.77074071,113.63111088,-31.2
23.256313,114.8862222,637.7
22.37058663,112.8957495,98.2
22.00289093,115.04438149,-71.5
22.52966327,114.8196141,-4.9
23.74739719,114.2118373,224.8
21.83878536,115.10529561,-78.2
23.05824598,112.84794482,0.6
22.13848238,113.40857667,-13.3
22.89749277,112.90513369,
23.08040679,114.09800586,4.2
21.4142438,115.13450996,-101
21.45428353,113.27906793,-33.1
23.63470943,113.655042,77.4
22.61712358,113.3716112,1.1
23.16755918,114.70418768,130.1
21.10681062,113.77228308,-73.6
23.15154474,113.10899076,2.4
22.7979243,113.21339231,-2.8
21.63647457,113.76662217,-45.6
22.48018153,112.75002338,2.2
21.60011336,114.91548992,-86.5
22.27522063,114.26942768,9.2
23.37168678,115.22703714,461.1
22.09777626,114.614712,-38.8
22.38196471,113.52426878,15.5
21.97708537,115.20286884,-67.2
23.75127974,114.08449296,462.3
23.22057769,115.29271948,129.7
22.47499795,114.19783961,62.3
22.50965212,114.45566207,-4.1
22.21628764,112.86141112,22.3
23.05831203,115.11578956,185.4
21.11232174,114.64196977,-85.5
21.66118471,114.78199817,-76.2
23.50661704,113.46115496,56.7
21.57648057,114.80210832,-83.3
21.90074723,113.24366085,146.6
22.30997576,114.34038045,
22.35426226,115.38726978,-37.9
21.52249322,113.33459585,-30
22.51281119,113.23632317,1
23.11041665,112.97532773,10.5
21.62017011,112.8597611,-0.2
22.81140928,114.80644525,0
21.50011424,114.16310369,-55.5
23.46994839,113.19479999,28.4
21.94902091,114.41085058,-41.6
23.15755295,113.28675846,38.7
23.73346356,114.15191717,84.3
23.31936712,114.40822353,521.5
22.83178369,112.66407536,64.3
22.39175611,114.94346363,-27
21.67016639,112.94434865,-20
23.23088019,114.48963737,93.3
22.43181312,113.01676615,0.2
22.00470229,113.44874787,-1.6
21.34752007,114.83268172,-90.4
23.25858002,114.01481728,229.9
23.50056819,113.83104037,344.6
22.7921174,113.99882867,104.7
22.21905709,113.51848472,1.9
22.20793609,114.42948354,-35.4
21.93677887,112.72627776,151.5
22.77535834,114.84234331,7.8
23.24442483,114.08963836,33.1
21.90598546,113.33543399,-9.2
22.29322738,113.38390709,183.2
23.75363743,114.29878618,224
21.62896295,113.5450684,-43.5
21.57706873,113.95082701,-47.3
23.26654844,114.94806973,325.7
23.06275129,115.4165803,12
22.81073855,114.37905945,155.1
22.9879194,114.81067954,30.2
21.85545568,114.45472776,-49.2
21.44053757,114.13088914,-54.4
21.63993938,112.93661682,-22.7
23.13722546,114.67797011,41.1
22.76912162,115.03980658,2.8
22.65828782,112.94261186,76.5
21.75726692,113.84934512,-34
22.50276906,115.44032216,-25.9
22.29104899,112.81922629,21.7
22.24319603,114.87233622,-36
21.35131535,113.77284837,-48.8
22.92887253,115.13331874,57.4
21.12972525,113.73295707,-73.5
21.77417493,115.07951772,-82.1
23.82640397,114.01247373,342.3
22.13063985,112.67607938,37.2
23.27352048,113.17559475,-1.2
21.28128295,113.97006175,-72.7
21.25304233,114.69553686,-99.9
21.55030251,114.00886185,-51
22.41571441,112.57217075,57.8
22.87467627,114.0457037,295.9
22.6448255,114.84781199,105.2
21.61121512,114.33524221,-59.8
22.52752285,112.72257411,32.4
21.61762265,115.16174729,-98.3
22.50676189,115.13660862,-21.5
21.28892418,114.81983279,-93.8
22.72409567,113.97847759,98.1
21.53879859,113.41358031,-37.8
22.81889556,114.78693407,12
21.13329651,114.14470372,-78.1
21.29375495,114.95143474,-93.3
21.4154858,114.55474705,-80.7
22.64278099,113.6396957,-2.6
21.38675958,114.84716901,-86.4
23.17449453,112.94761672,22.1
23.58584381,113.22806967,128.3
23.35671528,114.85303292,270.1
21.052029,113.59040677,-73
22.21736146,113.83121213,
21.93835591,112.79503665,-0.4
23.68048913,113.83715519,865.4
21.66602508,114.44636936,-61.9
23.12104606,114.35059424,185.2
22.9879072,114.71289696,30.8
21.27320364,115.05471603,-103.8
21.7512643,115.45797247,-107.5
22.82874614,115.04043827,9.9
23.31166231,113.54262139,40.4
22.57717778,113.29323042,1.1
21.41443279,114.67485431,-92.7
23.24518911,114.19282347,40.9
22.65926976,115.32331943,-13.4
21.18942104,114.23379492,-76.8
21.8429399,114.21361159,-49.3
23.09959778,114.97963456,244.3
22.88083202,113.68597733,134.2
21.99102143,113.3343223,-0.4
22.70948003,112.78868248,323.8
22.56090203,113.26236712,0.7
22.05429123,113.55756312,-1.7
21.04850832,113.69957831,-74.5
22.45878785,114.74772737,-22.3
23.21495003,113.09802468,2.2
22.09427772,113.83207289,-9
21.52293877,113.43902617,-38.3
22.20596034,113.88700823,0
22.43317144,112.99152783,0.3
21.36827312,113.09131798,-38.3
23.32386189,114.9273751,180.8
23.22843394,114.74319299,203.5
22.53227454,114.23265214,3
21.90759538,115.3791929,-86.5
21.86764292,115.46345298,-91.8
22.16299872,115.53473598,-68.9
22.78824495,115.58422754,-4.1
22.34957397,113.26088826,
21.63861169,113.38512723,-38.6
22.42686765,115.03736587,-26.3
22.06409754,115.61630765,-77.4
22.06308988,113.87091771,-14.4
21.56401525,114.55856167,-71.8
22.42323626,114.81646864,-25.3
23.1332309,115.45970395,224.8
23.12386562,113.97734372,3.1
21.33342602,114.20643903,-71
22.53599024,114.73965569,-17.2
23.26524095,115.29400892,238.3
23.81680396,114.156605,189.2
21.51557116,114.23662089,-58.6
22.97300191,113.77774633,51.1
23.77658781,114.14316922,231.5
20.99585131,114.012138,-68.2
22.44717158,113.3331068,20.7
22.66897505,115.2456224,-14
21.51678767,114.06618884,-56.6
23.4835553,114.4144662,29
21.66839164,113.60093844,-32.5
21.48916067,114.83637592,-89
22.05533546,114.00807452,4.9
23.53075921,114.0248008,255
21.63299143,114.58375097,-76.6
21.64868469,113.98574453,-48.5
23.38160181,114.0905472,363.1
21.54435365,113.41166865,-38.1
22.50998423,114.58144587,443.1
23.80518933,113.82435699,178
21.20921459,114.44593159,-77
23.14879027,114.1193508,
21.01302375,114.29488297,-72.1
22.82723252,113.02587864,1.1
20.95785514,113.98238807,-80.9
22.51898499,114.05556201,6.8
23.66534015,114.67784252,33.1
22.6801206,113.11775067,13.4
23.69002997,113.59223893,283.1
21.68971653,112.98476642,-20.7
23.58237167,114.93114423,437.2
22.32568095,113.63681738,-2.4
22.75767631,113.08940049,0.7
22.00189026,115.39539614,-74.2
22.42501477,112.87114882,19.1
23.31287181,113.97742757,546.2
21.9724267,114.81314174,-57.6
23.180115,114.37419348,9.5
21.88874994,114.79873572,-62.5
22.85717954,114.91511751,58.6
22.13043661,112.57973528,9.7
21.46842165,113.83043836,-45.8
21.88966203,114.3959903,-43.9
22.94590488,112.9262208,2.4
21.8291104,114.70910346,-64
22.42998592,114.92837002,-25.2
22.74944932,115.05539397,-0.4
21.31995509,115.05301117,-96.1
21.79694182,114.9946338,-76.9
23.32200811,113.58659249,22.3
22.16718867,115.02993582,-49.8
21.25221973,113.19954253,-44.3
22.55176111,112.67442004,74.6
23.77651427,113.69759352,392.6
23.72544517,113.88764252,974.1
22.40206944,114.69805527,-16.4
22.41257694,113.2227855,43.1
23.27462156,113.28841543,9.1
22.54999862,115.38098082,-21.6
22.81197479,114.16206525,30.5
21.54608442,114.47455322,-60.7
22.01374629,113.99857042,-8.5
23.77218244,113.80910899,287.4
23.11556279,113.02867302,31.9
23.04200416,114.12536161,6.4
22.46348046,112.92052612,7.9
21.48557267,114.1215599,-55.4
22.98189852,113.0247188,9.9
21.48336527,114.86367328,-90.8
22.85518575,113.85473829,32.6
23.69730548,114.51876188,413.1
21.98936926,113.06583701,-1.4
22.87061024,114.80750819,72.2
21.9270653,114.02193627,-25.1
22.35584162,115.49811954,-40.3
22.76777273,112.7493121,69.1
21.89686489,113.49119613,-17.9
21.36885117,113.90185088,-55.9
21.32379175,113.92347172,-65.7
23.15316686,113.89044407,2.5
21.26904474,114.35805113,-76.2
23.81455841,114.02007639,462.6
21.84634416,114.92440818,-70
21.06190928,114.34800494,-81
22.93448039,112.86074354,1.6
23.18366242,114.90830965,202.5
23.35820779,114.12672892,74.5
22.68914361,115.47624325,
21.57122126,114.07436477,-56.4
22.91463699,115.0209552,166.8
21.52812649,113.69066367,-46.7
23.43468114,114.82820052,82.7
22.12839915,115.27462148,-56.1
21.52204004,113.59487692,-41.1
22.23695178,115.31076544,-54.9
22.7517598,114.9054133,1.6
22.4150859,112.88014919,38.3
21.59204747,114.0317425,-49.6
21.79294801,113.58412416,-29.6
21.54976144,114.46012745,-68.9
23.34399937,115.01635162,138.1
22.16648794,115.47291515,-59.5
23.47250628,114.10804925,214.6
23.43710405,114.28260895,174.8
22.65319934,115.07378617,-10.6
23.64722359,113.88900282,405.8
21.51283338,114.81591338,-84.4
22.58202509,114.60810017,-6
22.73960142,115.30819862,-6
21.73880473,114.65048759,-60
21.10220977,114.74039875,-94.5
21.56585291,114.0874998,-56.5
21.88105484,115.54448696,-93.1
21.8886933,113.48709507,-18.8
22.26703172,112.66446714,22.2
21.86673982,114.33977531,-44.9
22.55124881,115.39963235,-22.3
22.1528387,113.26558426,-0.6
22.38320301,115.23190813,-31.9
22.19563027,114.97286387,-42.2
22.81182262,115.60691921,-3.5
22.25282928,114.08727527,-2.8
23.72669906,113.49394183,172.3
22.81347438,112.94921361,0.2
22.97366897,115.51610008,40.3
22.90521771,113.13327198,
23.12533981,114.76074037,149.1
22.66619867,115.5595521,6
21.88229974,114.71544,-68.4
22.49831003,114.75380581,-19.2
22.33728533,114.81311681,-28.3
21.97050958,113.90595401,-27.1
22.05360427,115.60387583,-78
21.36066777,114.45413617,-88.2
22.56597422,113.32473019,3.1
23.13205767,114.72830576,122.2
22.10981591,112.97248248,0.4
21.57254483,114.15724223,-54.7
21.03427047,114.22289252,-76.3
21.96778353,114.58432008,-47.4
22.7924343,112.70296112,54.8
21.59137644,114.54383192,-70.9
22.96263808,113.21881536,5.7
21.4832631,113.02037891,-35
23.72863224,114.03902658,399.6
23.34100401,114.00216624,371.6
21.4713161,113.43426219,-43.7
23.42020871,114.87604517,69.5
23.34685161,114.12056772,24.3
22.74995918,114.26679466,33.3
22.1112376,114.22486691,-31
22.45817693,113.08252379,-1
21.2104343,114.11498075,-73.4
22.0326633,114.54335248,-40.9
21.63169828,113.67008763,-45.6
22.81936448,113.63240663,-1.9
21.3195396,114.10398155,-71.2
21.86846227,113.44009211,-17.8
21.00051963,113.92942346,-76.1
21.61637313,114.03298829,-51
21.9093749,112.71802457,21
23.3993614,114.3245019,38.9
22.60683249,113.9165174,19.5
22.78667788,114.92952584,4.6
21.82618794,114.35042667,-47
22.93089262,114.1432856,97.5
22.38708958,114.22446846,204.2
23.34375986,113.28798949,5.2
23.4933507,114.31789828,70.4
22.85102707,115.39306756,24.4
22.69875229,113.39331363,3.6
21.66238305,114.7241363,-73.1
22.07424253,114.24842856,-20.2
21.40845188,113.35461506,-39
23.23526683,114.20413868,48.1
21.49558367,114.1390135,-56.2
23.74018919,113.66574475,198.1
23.33347964,113.16286338,0.5
22.09773297,113.32301219,0.8
21.12413299,114.21899787,-82.6
22.51911517,112.88369228,2.8
21.5916051,114.15716705,-51.9
21.37786831,113.7749437,-46.7
22.92629423,113.81881339,29.2
23.40602932,113.04734365,4.4
21.81141775,115.45245851,-95.2
21.38804122,114.42074964,-88.1
21.84964115,113.72933185,-30.9
21.89584747,113.66193486,-21.1
22.03122033,113.59074036,-6.9
22.31005179,112.68394124,2.9
21.48948802,114.58793522,-75
21.9013783,115.19256505,-77.3
21.83594279,114.23982849,-45.9
22.13427987,114.55073615,-34.2
23.18425133,115.05383854,225.4
22.18120734,114.5340478,-31.7
22.99896564,112.8825731,0.4
21.41538506,114.48489608,-75.1
23.25540527,115.01546315,175
22.23831617,114.6419804,-29.3
23.28492435,114.12877053,42.5
21.08496026,114.09354942,-72.1
23.42074196,114.67390379,104
22.97233646,114.65286379,25.4
21.40347685,115.09822672,-100.2
22.36506868,113.92863299,
23.00461706,114.00129813,7.9
22.42511624,114.16843613,309.8
22.76798307,114.76000066,
21.29454194,114.0769755,-74.1
23.2757918,114.4075991,442
23.61578221,113.52076342,58.5
23.16099307,114.97574716,111.2
22.20020975,114.80486545,-40.3
23.1452482,113.66608918,
21.29157842,113.43465562,-55.3
23.78179238,114.00427479,554.8
21.52562134,114.36174657,-63.4
21.34123935,113.51117769,-46
21.17631683,114.75722816,-93.6
21.52812928,113.83126487,-45.8
22.50932491,114.82499197,
23.21932258,114.75776355,289.1
21.61452502,114.24738398,-55.8
23.50986649,114.62134265,39.6
23.39640154,113.70414735,179.5
21.80419239,115.13635864,-84
21.22565648,114.67947944,-82.1
21.81626896,115.03414449,-74.3
23.50455915,114.60864456,48.9
21.54088567,113.28421017,-37.8
21.33813948,115.03804406,-94.9
22.6453371,115.02238484,-15.3
21.54039077,114.93787023,-86
22.14887906,113.10365192,-3.5
23.19350268,114.73451316,459.7
22.49995962,113.49973347,6.1
22.28484317,113.92257306,99.4
22.91766067,113.01223773,0.3
23.74634077,114.48237817,100
23.01026,114.17183199,4.3
22.61291379,113.77719079,-1.9
22.94595398,115.54419969,0.7
22.3678723,113.95174416,5.8
22.1222045,114.03541855,-1.3
22.00131496,113.13531117,-3.7
23.38278367,114.12268742,190.4
22.04365449,112.74733175,2.6
21.7759437,113.16424891,-17.4
23.09072431,114.41123404,22.3
21.63717047,113.20523514,-28.9
22.60699814,113.9377321,26
21.67914617,114.12608953,-57
23.68294024,114.43379647,282.5
22.26043233,112.85635513,12
23.18920109,113.92936768,4.8
22.97860037,113.93892089,14
21.15462,114.61152812,-80.1
21.7338261,113.83185214,-38.8
23.06125249,113.33952353,3.6
21.49913063,113.36261301,-37.2
23.48967956,114.88684966,152.1
22.30307358,113.04383397,2.2
21.78899722,114.60436266,-69.7
22.48041106,114.74897402,-20.8
23.2219481,114.67599837,203.3
23.73849092,113.94503239,615.4
22.42955232,113.53701718,0.1
21.05519312,114.32364886,-77.3
22.99891173,114.51678715,11.3
23.52389683,113.4139947,99.8
21.30478356,113.78434599,-54.6
22.01859981,114.05502309,-24.4
21.21610256,113.86375561,-69.9
22.07949569,113.92859335,-16.5
21.2317019,113.45026032,-62.9
22.2837132,112.707077,12.4
22.23298761,114.95144344,-38.5
23.01332731,113.01193508,1.3
22.58368651,113.78729365,-2.6
22.30948552,115.34367655,-40.6
23.45519155,113.97862961,41.5
21.68163673,113.05931624,-24.9
21.55915588,113.05376961,-32.5
22.10251439,113.33199298,3.2
21.72850651,114.96902453,-79.1
21.61014954,114.29336302,-55.1
21.33041449,113.50395076,-46.1
23.02639854,114.82454419,31.3
23.54021353,113.2791932,149.1
23.48674614,113.568246,151.8
21.65969291,113.75806356,-38.2
21.63202931,113.24570099,-30.3
21.40454296,113.48897912,-43.8
23.67213858,113.60764588,341.7
22.06741555,112.75167799,1.5
23.11211441,113.62248616,-0.6
22.69597085,115.50012727,19.9
21.67589807,113.4430908,-31
22.74094505,114.43113276,24.7
22.58203277,115.52494327,-23.3
21.27138349,114.50838057,-78.6
22.85404067,114.61346579,43.9
23.56586786,114.82904607,111.8
21.90958003,112.68202041,371.5
22.2017417,112.91152833,461.9
22.79267503,113.01366374,26.8
23.26712208,112.89180088,20.9
23.337483,114.76079838,146.5
22.59930511,112.84755774,46.7
23.52970531,115.05090014,173.5
22.72881132,112.70148671,227.9
22.54342547,113.15430471,-1
23.56227281,113.30138338,184.1
22.18408652,114.94833572,-42.7
21.58964659,113.04676538,-30.2
21.63065227,113.05096113,-28.4
22.81405579,112.81686593,97
23.07514799,114.87874047,112
22.83875143,113.79601799,77.2
22.78705664,114.60216009,404.6
23.30245999,114.98588485,295.5
23.07972521,115.14910612,511.2
23.08267986,114.8919139,171.1
21.42605836,113.75372641,-42.5
23.11380574,113.80074591,5.3
22.56487882,114.94985466,-19.8
22.33594741,112.75629051,12.6
22.51952938,112.97047396,5.7
22.25507901,113.31759766,-2.2
22.70192726,113.98838799,81.7
22.85751884,113.31999352,1.5
23.81462945,113.91028022,228.3
23.20669246,114.24723063,21.1
21.66554786,113.10550987,-27.9
21.67098662,113.93648013,-49.4
21.90116346,115.4896707,-91.5
21.0129364,114.51673008,-80.5
22.15739083,114.99222992,-55.2
21.96952002,115.15051168,-66.1
21.55595033,115.03128387,-89.7
22.38199232,114.62243784,-25.4
22.30978999,112.85336945,98.2
22.91536428,113.08833546,1.9
22.70084642,115.15330051,-12.1
21.82333318,113.04496517,-6.5
22.36213182,113.3798688,11.5
22.334119,114.02558168,
23.52111406,113.21560042,218.1
22.7515822,113.12747681,
23.38409272,113.17823656,7.2
22.87126523,113.90707144,31.4
22.00409353,112.79122834,4
22.40194228,113.94237177,123.5
21.11478337,114.56393846,-82.2
21.85114436,114.1747125,-40.4
22.90296267,112.84087191,0.7
22.33754523,112.75987958,5
21.04436461,113.96981864,-78.8
22.90708916,114.02870273,40
22.27691505,114.21589727,154.1
23.46780305,113.38723898,119.9
22.87019176,114.95505259,45.7
23.04129039,114.27485927,20.9
22.25569494,112.81267009,6.9
22.44262864,115.32596782,-27.4
22.12337629,113.7360016,-2.2
23.13310548,115.34873629,64.6
21.1503847,114.52576043,-76.7
22.77175824,115.51686772,5.4
22.58084593,114.35561906,-3.9
22.93114512,114.29694041,179.1
22.32568221,115.58555397,-42.8
21.4784322,114.73791876,-80.9
22.88565433,114.52274201,180.7
23.60852377,114.01762445,38.2
21.95724633,113.35045954,-2.8
22.9669558,112.71881774,52.9
22.60844745,113.47917489,2.9
22.88759438,114.31789027,346.6
22.34815481,114.91737292,-29.7
22.9622457,113.93006519,18.6
22.37137144,115.58643196,-38.9
22.21261731,112.98430413,546.4
23.23269248,113.51593082,190.2
21.33482874,114.87100993,-91.3
21.93533942,114.27997419,-47
23.33524465,114.00098676,293.6
21.48976036,113.44163807,-48.3
22.36527932,114.06035406,
21.56501314,114.38465204,-67.9
21.64551835,112.98811526,-24.8
22.96271727,114.56805048,33.2
22.85401684,113.12488438,1.5
22.60384496,115.53228474,-21.1
21.55421477,114.74382579,-78.7
22.04830429,115.10741823,-61.7
21.40504212,113.32928471,-39.1
22.24760428,114.99655346,-37.9
22.96580689,113.36790889,2.4
21.70622705,114.21340822,-55.1
21.77194171,113.65750937,-33
23.68552965,114.54411686,761.9
21.79688807,115.27700467,-91.5
23.05988518,115.44314823,18.7
21.33947274,113.09968825,-42.1
22.0107559,112.75074364,163.3
21.63973261,112.87924204,-7.2
22.43862096,114.5932326,-2.2
23.6285725,114.23716877,57.2
21.83460676,113.3248674,-16
22.65267571,112.98832197,33.3
22.73401299,115.56823438,
22.54236813,115.61938653,-28
22.63719473,115.34796972,-16
22.61074119,114.444934,433.7
23.05776652,113.73581094,6
22.05985548,114.77171903,-48
22.68072701,113.71287487,-6.9
22.84729964,115.44837569,7
22.26907103,112.5931298,0.6
21.99285093,113.36744729,2.3
21.48512185,114.19656583,-58.2
21.35128284,113.45242856,-50.6
23.14116228,112.88920222,1.1
22.15883846,114.84752098,-48.9
21.21850494,113.72681058,-67.5
22.92410969,114.13070354,83.9
22.32608201,113.14260601,30.4
21.20116871,113.89401052,-72
22.35410051,114.27941086,
23.474239,114.64984902,64.7
21.90760283,112.95063679,345.4
22.36640282,113.63737065,-1.3
23.33821335,114.76655955,69.9
22.49738679,113.31053052,22.8
23.52666837,113.57848197,23.9
21.0559463,114.6721039,-82.7
22.07799957,114.71634137,-45.1
22.37618492,113.33729413,17.7
21.10168327,114.2906819,-77
21.53258387,112.93759006,-32.9
22.39929727,115.67329464,-34.1
23.30933364,113.37554094,42.3
21.05436479,113.60841597,-71
21.52959111,113.92187223,-49
22.89295423,113.39219297,1.1
23.08229583,113.74908809,3.8
23.06374722,112.71817194,0
22.30662847,114.56624892,-25
