Latitude,Longitude,elevation
38.73414695,-9.2073225,100
38.74008998,-9.18632673,147.2
38.7453127,-9.07654385,-0.7
38.67177061,-9.13476638,
38.74953689,-9.13637632,71.9
38.68045529,-9.11461331,-1.7
38.74437872,-9.09920029,7.2
38.69082456,-9.11145722,-3.4
38.74526189,-9.22571726,151
38.6875686,-9.16977705,
38.74806313,-9.18998819,75
38.7073012,-9.19530127,75.9
38.71690669,-9.18676339,125
38.7542803,-9.16309533,97.4
38.7854003,-9.10407302,23.8
38.78697155,-9.16827362,47.8
38.65378638,-9.15504589,50
38.74910788,-9.1770371,97.9
38.69280741,-9.07593098,-1.1
38.72828675,-9.07788952,-0.8
38.72836813,-9.16980825,35.8
38.68929291,-9.08660209,-1.2
38.69901688,-9.09636225,-2.9
38.71639407,-9.21479967,75
38.68941431,-9.09178861,-1.6
38.69132904,-9.17579211,
38.77217558,-9.20571448,50
38.76078502,-9.1323819,92.1
38.70729331,-9.20890958,81.7
38.65476611,-9.11606559,
38.69417842,-9.20599352,2.2
38.77170366,-9.15129005,110.1
38.75625778,-9.17634262,89.7
38.70071717,-9.21850075,28.1
38.77195368,-9.15129728,111.8
38.71576837,-9.21139892,93.2
38.72637002,-9.13547008,40.3
38.73556039,-9.071696,-0.9
38.77216005,-9.18906995,110
38.76745064,-9.13279132,100
38.6637101,-9.1844512,52.8
38.72264495,-9.16915092,72.1
38.69610433,-9.13927421,
38.7325554,-9.04944634,-1
38.75134059,-9.06798154,-1.3
38.75511871,-9.08626863,-0.2
38.70583826,-9.05937082,
38.7328956,-9.10458904,4.4
38.7707987,-9.15734864,81.2
38.68755556,-9.14115366,
38.68217079,-9.12169213,-1.5
38.74091444,-9.21966923,130.5
38.65946565,-9.16993773,45.6
38.68297297,-9.1538406,40.8
38.76092707,-9.19949102,98
38.75667853,-9.19017634,91.4
38.66816351,-9.16636011,24.4
38.74373201,-9.1035233,22.7
38.753249,-9.09238851,
38.6675774,-9.12540275,
38.75547913,-9.1745968,87.6
38.71307541,-9.05834486,
38.68806408,-9.09779089,-2.1
38.65543221,-9.12130613,
38.70986976,-9.07326372,-2.6
38.77971698,-9.13468121,103.1
38.70190663,-9.18881507,49.3
38.69872214,-9.12906927,-0.1
38.73693549,-9.05645224,-1.7
38.78254341,-9.12806134,94.8
38.79010385,-9.1160003,50
38.76823994,-9.08631595,-0.1
38.71690333,-9.15192654,64.9
38.68094381,-9.18730209,
38.68231687,-9.13167435,-0.5
38.72557714,-9.10603753,
38.76402075,-9.17112619,118.9
38.77732053,-9.15698438,94.4
38.73652883,-9.15128236,72
38.74575113,-9.11977728,63.4
38.68167974,-9.16288126,74.7
38.71840635,-9.07607706,-2.5
38.67823466,-9.12583958,-0.4
38.69508828,-9.16401784,
38.767227,-9.10651271,25
38.74817731,-9.09124075,
38.68833103,-9.05839249,
38.72154306,-9.08989871,-0.9
38.68185539,-9.07810397,-0.2
38.68892988,-9.17168211,
38.74222926,-9.1810751,75.3
38.74005677,-9.05776481,-1.9
38.66834319,-9.13726934,
38.68156337,-9.16328694,73.4
38.74316338,-9.13968181,82.3
38.72187304,-9.19664876,172.6
38.77103224,-9.19966443,63.6
38.71809111,-9.19587053,157.4
38.70665886,-9.10743546,-0.1
38.72352281,-9.09459376,-0.2
38.76763407,-9.19878288,89.3
38.68530937,-9.07738234,-0.4
38.74258305,-9.21406352,134.4
38.79210191,-9.15231303,125
38.72678136,-9.12447262,64.9
38.72825633,-9.12599501,66.9
38.71573744,-9.10340495,
38.67486058,-9.17941131,85.1
38.66693838,-9.13049338,
38.69903381,-9.18149885,9.8
38.74538101,-9.15564463,92.3
38.72074976,-9.21149302,73.6
38.69392453,-9.16700393,
38.78858156,-9.11734931,55.6
38.76912183,-9.1669786,112.7
38.71399348,-9.20726302,125.2
38.76018549,-9.1418947,95.9
38.7572597,-9.11918316,81.1
38.75304763,-9.13635423,87.6
38.73570168,-9.17777363,118.6
38.67990728,-9.14907131,12
38.65943311,-9.18343043,45.5
38.73089923,-9.14753845,73.3
38.69014627,-9.12477062,-2.2
38.66282535,-9.16247335,25
38.76903521,-9.20539037,60.4
38.70419096,-9.0495651,
38.75691708,-9.20430119,100
38.68825851,-9.07741744,-0.7
38.70449271,-9.19331228,44.8
38.78648409,-9.1771016,25
38.76792878,-9.17856312,121.4
38.73972577,-9.1829015,105.4
38.76657649,-9.1247957,80.1
38.7350176,-9.16707548,49.9
38.70759118,-9.14455649,2.9
38.71193805,-9.20140963,134.9
38.76215216,-9.11523931,76
38.70392972,-9.05431484,
38.69256935,-9.20047409,
38.6997467,-9.1664339,
38.72673832,-9.19284849,175
38.73273504,-9.05501713,-0.9
38.68528399,-9.11848318,-2.3
38.71342093,-9.16883351,88.3
38.76660412,-9.12603604,89.5
38.77403538,-9.19661374,49.9
38.74433401,-9.06035259,-2.1
38.69266024,-9.18261858,
38.78204577,-9.10235849,24.9
38.75779421,-9.18869107,98.3
38.73482248,-9.20860563,100.2
38.77126432,-9.14738289,118.2
38.69447899,-9.21715461,11.2
38.77843558,-9.15829647,89.9
38.74425061,-9.21825271,114.9
38.74670544,-9.177362,112.9
38.71997322,-9.08013174,-1.9
38.74232928,-9.07461325,-0.8
38.76449407,-9.17579059,116.9
38.74888012,-9.20007246,75
38.70102928,-9.22510992,26.4
38.73840498,-9.18876728,170.9
38.74062938,-9.10867287,46.3
38.73032132,-9.2065265,109.7
38.65916259,-9.10439218,
38.73483984,-9.09677659,
38.67499364,-9.11005523,-0.8
38.70104075,-9.11171904,-1.1
38.76790028,-9.19225648,100
38.72170216,-9.15138593,60.3
38.69565348,-9.20727093,7.4
38.72248284,-9.07521671,-1.8
38.67475939,-9.07691484,
38.76329692,-9.16879163,110.4
38.7337423,-9.07570128,-0.7
38.7849947,-9.10332897,21.7
38.76746955,-9.11637124,61.2
38.68833404,-9.093772,-1.6
38.73628417,-9.12104727,58.2
38.66004173,-9.16963427,39.2
38.6759801,-9.16373057,50.6
38.7247295,-9.13430784,38.4
38.73225074,-9.10440386,4.5
38.7145399,-9.13927722,9.6
38.66983651,-9.19885228,105.7
38.70307901,-9.09095305,-2.9
38.71598288,-9.12716175,71.9
38.67100773,-9.17136988,60.5
38.69211188,-9.14832207,
38.69153381,-9.11202899,-3.4
38.71279817,-9.17643018,31.8
38.65735977,-9.16959841,50.3
38.75091712,-9.16448785,96.9
38.6537038,-9.14757873,29.6
38.78775612,-9.16294475,92.1
38.78042033,-9.13751188,112.3
38.73024672,-9.18736411,200
38.77911207,-9.09496757,10.3
38.71776724,-9.0930369,-0.6
38.69664329,-9.20382868,9.3
38.70537291,-9.21560892,71.4
38.71605909,-9.09657654,-0.1
38.71694031,-9.07945065,-2.6
38.73134072,-9.07197402,-0.9
38.75861009,-9.16094021,89.2
38.6968422,-9.14616178,
38.73198151,-9.08193186,-0.6
38.69368548,-9.15659519,
38.72873172,-9.21914347,94.8
38.68186056,-9.07717242,-0.2
38.67879701,-9.09502285,-0.6
38.75048323,-9.05425885,-2.2
38.74598358,-9.11302523,70.7
38.68451178,-9.17069865,
38.71746517,-9.16926303,96.6
38.73144528,-9.1447774,77.3
38.71684088,-9.04912414,
38.71701971,-9.1781515,69.1
38.66369701,-9.1349721,
38.71425502,-9.07889107,-3.3
38.67023949,-9.09401685,0
38.72162984,-9.16563981,95.2
38.66375573,-9.08950231,
38.69607126,-9.17072961,
38.77325835,-9.13504583,99.9
38.68397566,-9.08890718,-0.5
38.73379861,-9.09351382,
38.76198425,-9.20492981,75.1
38.73545481,-9.0872564,-0.2
38.71849391,-9.20642224,124.8
38.76688143,-9.11459221,52.5
38.67203432,-9.15777887,24.9
38.68003039,-9.18473057,
38.77866735,-9.14689943,121.4
38.70149009,-9.14737374,
38.75878798,-9.0756847,-0.8
38.76459228,-9.12718347,100
38.7555582,-9.16350547,96.4
38.73564882,-9.20363874,113.3
38.71757011,-9.06262817,-0.3
38.72835647,-9.14472882,66.3
38.73185368,-9.11515967,59.5
38.68310339,-9.17137098,
38.71702879,-9.05869873,
38.79341242,-9.14552428,136.1
38.76920099,-9.1406555,100
38.73193098,-9.18560247,192.4
38.71391303,-9.19756042,118.9
38.66647926,-9.12861823,
38.68993152,-9.10027115,-2.8
38.66246642,-9.14346943,20.5
38.70253494,-9.08724461,-3.5
38.6972917,-9.21485556,21.7
38.7629118,-9.06975982,-1.3
38.76025086,-9.12268899,96.4
38.74290553,-9.09717517,0.3
38.67996308,-9.08760541,-0.2
38.78465831,-9.17792361,25
38.65162041,-9.12889379,0.1
38.72317261,-9.0999359,
38.7087981,-9.07809623,-3.8
38.67922243,-9.09947783,-0.9
38.76360272,-9.11942612,81.2
38.66868091,-9.15531397,24.5
38.66361491,-9.09047717,
38.76077221,-9.07276347,-1
38.69673134,-9.10964606,-2.8
38.74119234,-9.11652627,28.6
38.65327134,-9.16494616,57.2
38.71216434,-9.19291737,99.9
38.79230805,-9.16055236,46.9
38.70459967,-9.15259043,
38.78927085,-9.14380447,129.8
38.69854916,-9.14862904,
38.66022648,-9.15698265,41
38.70703541,-9.1971786,84.5
38.66200185,-9.18504141,49.8
38.73612122,-9.14512625,78.4
38.76062695,-9.11437849,73.2
38.68565365,-9.06258711,-0.1
38.75415483,-9.1647625,100
38.76153434,-9.2112982,100
38.69333289,-9.05721732,
38.72017985,-9.16514708,90.4
38.78291759,-9.14646286,125
38.7049654,-9.07914544,-3.7
38.70437639,-9.13876872,
38.7328354,-9.0902449,0
38.74812259,-9.19155904,75
38.71408625,-9.12141845,3.3
38.73381134,-9.08110488,-0.6
38.75995345,-9.08711709,-0.2
38.7166325,-9.07159386,-2.3
38.70167771,-9.19051179,31.2
38.7762355,-9.19297349,34.6
38.70625347,-9.06968368,-1.2
38.74908425,-9.21890922,101.3
38.78559356,-9.15128276,142
38.69762753,-9.0768859,-2
38.69164408,-9.0577297,
38.74070372,-9.14173631,80.9
38.65830405,-9.1134942,
38.76401186,-9.18449773,101
38.69302419,-9.21291175,6.2
38.68187097,-9.17996261,
38.67402424,-9.08459149,
38.68294321,-9.1719098,
38.76946428,-9.11534765,50
38.72064273,-9.12328695,75.7
38.66934434,-9.10763559,-0.2
38.77513515,-9.19151986,49.7
38.7656504,-9.14231464,100
38.7103419,-9.20422559,121.2
38.78523008,-9.14723563,125.3
38.75772029,-9.19865825,98.7
38.70442869,-9.20898528,68.3
38.72310015,-9.09318042,-0.4
38.71170557,-9.05281921,
38.66286326,-9.1485957,25
38.72456995,-9.22453272,74.5
38.77187677,-9.10689965,29.3
38.7376467,-9.0712385,-0.9
38.76769927,-9.21137741,93.3
38.76005151,-9.20924427,100.2
38.77689094,-9.18606428,74.3
38.70781868,-9.17680395,27.4
38.76466357,-9.10624705,28.6
38.69439176,-9.18830172,
38.69238191,-9.16934036,
38.75515816,-9.12865409,78.5
38.74179106,-9.15455459,77.3
38.67835126,-9.12161315,-0.8
38.76302073,-9.18489949,100.3
38.66978811,-9.10431464,-0.1
38.74983565,-9.16489129,88
38.73505381,-9.07881645,-0.7
38.75033638,-9.13907978,85.2
38.77850959,-9.11475135,50
38.76599352,-9.20593022,69.7
38.75245755,-9.19426334,75
38.66834505,-9.11981499,-0.1
38.70680234,-9.13425083,3
38.74933073,-9.15194806,77.6
38.78390961,-9.11445901,57.8
38.76076746,-9.12047401,98.5
38.78427463,-9.13579499,117.5
38.68404231,-9.1256407,-1.5
38.71694864,-9.11949216,3.5
38.78249776,-9.1449205,128.4
38.75038937,-9.16696289,98.1
38.67134445,-9.16984546,61.4
38.69945475,-9.08071214,-3.3
38.74290255,-9.06280631,-1.8
38.76723424,-9.08632727,-0.2
38.78705591,-9.14394401,125
38.73264839,-9.15869627,110.1
38.69686694,-9.17733241,
38.78957173,-9.10590431,27.1
38.6833126,-9.12710211,-1.2
38.7245542,-9.12776042,70.5
38.69068125,-9.14701878,
38.69032142,-9.15193714,
38.76652825,-9.1395434,100
38.67087264,-9.14569284,
38.67614745,-9.17810655,108
38.7178709,-9.16049542,97.4
38.72354193,-9.20789653,84.3
38.71941587,-9.14235444,32
38.75076645,-9.17232617,73.8
38.70008977,-9.08777469,-3.6
38.76704011,-9.18540677,104.6
38.67820532,-9.16817162,96.9
38.67733376,-9.08952652,-0.2
38.7347631,-9.11100438,37.8
38.71257539,-9.05299989,
38.65338811,-9.11209902,
38.76613621,-9.11241936,50.1
38.72541456,-9.09656783,0
38.7879126,-9.14767645,146.4
38.71686733,-9.15737067,75.7
38.79006601,-9.13166536,102
38.65291949,-9.13013373,4.4
38.69930724,-9.11212723,-1.8
38.77334297,-9.12779106,81.5
38.73694489,-9.13353943,61.1
38.75480284,-9.16345267,97.5
38.72112063,-9.19035121,163
38.65724125,-9.11806965,
38.68482342,-9.12598702,-1.7
38.677919,-9.18984363,28.4
38.72366429,-9.13084325,87.1
38.71157067,-9.08626942,-2.2
38.71875492,-9.06447802,-0.6
38.73230606,-9.13274712,57.2
38.76100356,-9.12018769,91.6
38.67674804,-9.18701192,75
38.76350052,-9.0950163,2.4
38.65915629,-9.14172586,27.4
38.7055423,-9.20725697,74.9
38.67132061,-9.1809274,97.3
38.68269445,-9.12261415,-1.5
38.73316467,-9.20360829,118.5
38.66768216,-9.08616863,
38.75066818,-9.05762418,-2
38.77539709,-9.13826137,103.8
38.75613685,-9.21458357,100
38.66515743,-9.10414516,0
38.71775406,-9.16764362,97.1
38.70625938,-9.21068514,91.1
38.75431401,-9.18473676,85.3
38.72925281,-9.10801443,3
38.76495532,-9.13649821,106.1
38.77506929,-9.10598889,33.1
38.69274814,-9.14768228,
38.76574215,-9.13510563,103.1
38.73773224,-9.11910838,44
38.70707761,-9.2174918,75
38.7406881,-9.21596982,129.3
38.72431025,-9.13392555,39.5
38.67194673,-9.19595849,90.3
38.73247039,-9.05886285,-0.8
38.69460707,-9.0637456,-0.1
38.67809395,-9.07431586,0
38.73029693,-9.05142551,-0.5
38.71707744,-9.20472665,151.8
38.73556886,-9.05575613,-1.5
38.72327795,-9.14512442,33.9
38.74411056,-9.12065011,61.4
38.71195929,-9.1586133,69.7
38.77549139,-9.16345469,78.2
38.78231289,-9.10162105,23.4
38.65711185,-9.14541398,28.8
38.72545763,-9.11414902,5.9
38.66782381,-9.16014293,22.4
38.73022639,-9.16893484,45.5
38.72097755,-9.12576387,75.7
38.68985424,-9.12391635,-2.2
38.68806105,-9.06605317,-0.4
38.73721796,-9.19167164,177
38.72249739,-9.18993662,169.5
38.67576771,-9.1688451,86.9
38.74965647,-9.06897853,-1.3
38.76140316,-9.15885463,95
38.77645121,-9.15835425,90.5
38.74186618,-9.08927084,-0.1
38.76393024,-9.07417454,-1
38.78751029,-9.16149671,78.2
38.70837986,-9.06398923,-0.3
38.71899946,-9.23044566,95
38.70965706,-9.19683547,92.1
38.71108282,-9.06538226,-0.7
38.7210151,-9.08912763,-1
38.7298593,-9.18256921,170.3
38.69448541,-9.19958836,1.4
38.72717006,-9.08333167,-0.7
38.75768583,-9.11804235,80.4
38.68631983,-9.11665027,-2.6
38.72750599,-9.2134414,75
38.66941974,-9.13972872,
38.76476165,-9.15614981,100
38.76315966,-9.06891758,-1.3
38.76529512,-9.11968301,75.1
38.73937578,-9.21234961,123.3
38.69327131,-9.17982097,
38.70048865,-9.19663461,23.7
38.69921952,-9.10064892,-2.3
38.67859074,-9.0693138,0
38.77538872,-9.18721087,122
38.68437799,-9.10963636,-2.4
38.65270015,-9.15244768,47.3
38.74964935,-9.07071738,-1.2
38.71636782,-9.19219592,117.4
38.7144885,-9.18900282,114.7
38.77002748,-9.1524333,100
38.68150812,-9.09450172,-0.8
38.72108324,-9.18491399,135.4
38.71230293,-9.21798776,69.1
38.77143932,-9.15287588,100
38.76172181,-9.12312109,104.9
38.76159469,-9.09453934,4.2
38.69039624,-9.18159715,
38.7700608,-9.1592745,86.1
38.71360146,-9.05350645,
38.76577989,-9.0836284,-0.4
38.71877596,-9.06178678,-0.2
38.72526821,-9.11563893,22.7
38.73522982,-9.06860098,-1
38.6914026,-9.17625288,
38.66308044,-9.11509404,-0.1
38.74164459,-9.15611272,74
38.7629094,-9.07278675,-1.1
38.67066568,-9.08611391,
38.75570543,-9.10721737,51.4
38.74055441,-9.21728556,131.4
38.69137905,-9.15589963,
38.76586822,-9.07982772,-0.6
38.75810356,-9.19173382,88.9
38.66663287,-9.10723509,-0.1
38.74584585,-9.15455952,90
38.73253007,-9.16815547,49.4
38.71555479,-9.04881836,
38.73651209,-9.13247085,59.3
38.78521675,-9.14752927,125.1
38.73773148,-9.14785199,74.6
38.74785289,-9.12538224,71.9
38.65477582,-9.13667467,22.1
38.78888258,-9.17054842,25
38.72537768,-9.14294171,82.7
38.73136598,-9.21441542,89.7
38.78734516,-9.10349493,20.5
38.73077163,-9.17155914,77.3
38.73179596,-9.09021195,0
38.69666507,-9.20396649,9.1
38.67921669,-9.14402142,0
38.73735465,-9.15695247,64.9
38.71008377,-9.11855324,
38.72929287,-9.13160463,106.3
38.66386349,-9.08825291,
38.72236794,-9.18846986,159.7
38.68552735,-9.16018328,0.1
38.73973907,-9.07986404,-0.7
38.74008965,-9.05499357,-2.2
38.68967972,-9.22169428,
38.76770744,-9.20237912,75
38.7748609,-9.08196449,-0.5
38.71180276,-9.12303188,
38.77713032,-9.1052761,34.2
38.69863515,-9.20893508,20
38.68475079,-9.06199159,-0.1
38.71096121,-9.13855054,6.9
38.69970696,-9.08717418,-3.6
38.75989371,-9.08583161,-0.3
38.6969421,-9.11610309,-1.9
38.70906527,-9.1938518,75.5
38.6953846,-9.17671856,
38.67196653,-9.17142821,68.5
38.66075242,-9.17585314,30.6
38.71978319,-9.09223729,-0.7
38.72882855,-9.21433957,75.1
38.67564441,-9.1531988,21
38.74683885,-9.05492728,-2.4
38.67744569,-9.18839794,81.2
38.65578967,-9.13394345,7.2
38.67969211,-9.11190109,-1.6
38.76858286,-9.14930767,100
38.69021079,-9.10202152,-3.1
38.72898276,-9.20384953,127
38.77069504,-9.13338265,97.5
38.78321784,-9.10660118,31.2
38.79025308,-9.13158803,102
38.66842752,-9.1598839,24.3
38.79351506,-9.12480434,74.9
38.77932953,-9.15819403,90.4
38.74111462,-9.05585509,-2.2
38.73563037,-9.15914783,82.8
38.70838702,-9.12575652,
38.73513914,-9.07179237,-0.9
38.67698899,-9.18862306,98.2
38.72393906,-9.05829187,
38.75450529,-9.19476967,79.2
38.67935693,-9.15975747,56.5
38.75243721,-9.10308594,34.5
38.69848508,-9.07566868,-1.9
38.65250929,-9.12873962,1
38.71423599,-9.09395781,-0.5
38.74061337,-9.05392317,-2.3
38.72859655,-9.14325383,72
38.68516425,-9.14746823,5.5
38.68093164,-9.09688215,-1
38.70873735,-9.08458439,-3.1
38.71576628,-9.19455463,127.1
38.72257365,-9.13614219,38.1
38.70897757,-9.17528779,25.1
38.75034054,-9.20820472,80.6
38.76879868,-9.07655604,-0.9
38.78678483,-9.11539139,59.3
38.74409718,-9.22103589,115.1
38.76015732,-9.1097273,55.6
38.76405906,-9.20231748,84.9
38.71979576,-9.20850209,99.4
38.77708309,-9.14586644,122.6
38.75512615,-9.06682861,-1.3
38.73369164,-9.15719842,97.3
38.7512961,-9.0577891,-1.9
38.75519568,-9.10666936,50
38.69853124,-9.10849924,-2.1
38.76591642,-9.2113076,95.1
38.66520889,-9.13390273,
38.77717343,-9.13030669,100.9
38.78074197,-9.11540506,54
38.73069708,-9.13910472,61.9
38.74593708,-9.16462208,84
38.66008421,-9.16381743,31.1
38.7034358,-9.16534863,3.1
38.73767951,-9.15658093,64.9
38.76364192,-9.19586036,89.4
38.71843373,-9.17761746,49.9
38.76537076,-9.14286251,100
38.73335989,-9.21455818,99.7
38.71924611,-9.12103983,47.3
38.68382776,-9.16476074,1
38.72928968,-9.17880734,112.2
38.73178027,-9.21280687,85.9
38.71031343,-9.12142879,
38.68261202,-9.15062408,24.7
38.74365472,-9.20475068,100
38.7831297,-9.09696302,14.6
38.77528164,-9.17418538,100
38.69865962,-9.09292393,-3.3
38.69696349,-9.20276587,12.5
38.77683797,-9.07946567,-0.8
38.7009013,-9.16410365,2.5
38.7320492,-9.18284016,151.8
38.72837583,-9.21114339,79
38.68679283,-9.18654117,
38.65725003,-9.1414222,34.7
38.75638773,-9.09064486,0
38.71445109,-9.10189397,0
38.69442457,-9.18775763,
38.76381729,-9.13507051,100
38.71538735,-9.16299165,90
38.70282641,-9.07885443,-3.5
38.66119769,-9.09678916,
38.71872082,-9.10345399,
38.757041,-9.1813414,93.1
38.77146436,-9.16631463,92.9
38.72832377,-9.20227441,150.3
38.72153336,-9.07728907,-1.8
38.68151535,-9.10223669,-1.3
38.72942796,-9.15919558,112.6
38.68203703,-9.10534974,-1.6
38.71646029,-9.18596684,125
38.74106895,-9.11160665,44.2
38.78462621,-9.15071419,126.8
38.68814837,-9.13438258,-1
38.70394482,-9.11984117,0
38.67624808,-9.08123673,
38.69053409,-9.20358866,
38.76571,-9.16753363,119
38.72352035,-9.11453183,9
38.74029763,-9.20440454,100
38.6906891,-9.14025659,
38.69916318,-9.20698868,19.9
38.76832983,-9.07957796,-0.6
38.78798006,-9.1043179,22.7
38.65904931,-9.11336433,
38.77083802,-9.10073427,25.8
38.70550468,-9.05448311,
38.6681013,-9.15396283,24.3
38.78963791,-9.14698148,149.3
38.77726406,-9.1749734,96.5
38.7150574,-9.16711306,90.2
38.68909185,-9.05968022,0
38.69299564,-9.12453609,-1.4
38.69128873,-9.20768292,
38.74047022,-9.11030258,41
38.6691454,-9.15515271,23.8
38.72087035,-9.1107185,
38.75204005,-9.08135543,-0.6
38.76997807,-9.14200155,100.4
38.75126399,-9.08256521,-0.5
38.77739621,-9.11037123,49.4
38.68766705,-9.12231614,-2.3
38.70779378,-9.21979701,75.6
38.68700393,-9.07084438,-0.5
38.70610497,-9.22386034,35.4
38.65370849,-9.15746201,50
38.65167044,-9.12304057,
38.69253086,-9.06099916,0
38.70434952,-9.11161815,-0.3
38.67859371,-9.18547596,10.9
38.73596746,-9.11836647,28.8
38.66225761,-9.15475885,51.1
38.74612799,-9.21356553,107.5
38.67693942,-9.13315882,
38.70454643,-9.10093619,-1
38.67229147,-9.182165,100
38.7316145,-9.14030948,65.1
38.66506136,-9.16054865,23.2
38.67569464,-9.15135106,17.6
38.76290017,-9.08800451,-0.1
38.67473855,-9.14481929,
38.69922859,-9.22110553,19
38.78879099,-9.17558597,25
38.76078968,-9.14299897,96.9
38.71378374,-9.22298051,28.2
38.6577856,-9.13278148,0
38.73249791,-9.17084236,85.5
38.75545702,-9.21178442,100
38.73248217,-9.12146694,43.8
38.75804518,-9.08144599,-0.6
38.71192532,-9.12232527,
38.7352772,-9.21819293,135.8
38.69009525,-9.06758525,-0.5
38.7599979,-9.11862116,93.5
38.78977454,-9.15206362,131.4
38.71881091,-9.05255485,
38.73064988,-9.21026714,91.6
38.78589204,-9.1292756,96.7
38.69735393,-9.20065587,14.1
38.75531885,-9.12649608,103.9
38.65229873,-9.14395208,25
38.69142379,-9.12344396,-2
38.78578606,-9.1429718,125
38.68017522,-9.18321636,
38.77702267,-9.09192918,2.8
38.74988812,-9.14674092,76.9
38.76062181,-9.06939327,-1.2
38.77576223,-9.12470522,90
38.78428487,-9.15975274,87.7
38.67129026,-9.18117665,98.8
38.67102375,-9.11306486,-0.5
38.67474405,-9.07621105,
38.70002695,-9.20071726,24.9
38.7080633,-9.11536595,
38.71166967,-9.16185429,76.6
38.73474534,-9.18774647,208.3
38.70377239,-9.19556063,46.6
38.7419887,-9.13320766,81.2
38.70095398,-9.05332028,
38.78345532,-9.12204158,75
38.74337517,-9.2077833,107.9
38.77520765,-9.13344858,97.9
38.76599516,-9.14603219,100
38.67256088,-9.10125254,-0.2
38.68777394,-9.16338783,
38.67694874,-9.19439313,45
38.71300723,-9.06190324,-0.1
38.69471222,-9.06953148,-0.6
38.76161613,-9.18618838,100
38.72028289,-9.05801219,
38.75324819,-9.18342021,82
38.77623651,-9.07886001,-0.9
38.68397685,-9.18743418,
38.69767475,-9.22123038,13.9
38.69255229,-9.11837348,-2.2
38.67211205,-9.19934874,100
38.78222434,-9.12019757,72.5
38.73863001,-9.18094374,102.9
38.74174528,-9.08914613,-0.1
38.78371605,-9.10444956,25.2
38.70580304,-9.1979615,71.1
38.67227664,-9.09888711,-0.1
38.67367821,-9.12331197,-0.2
38.75571049,-9.17057004,100
38.73076841,-9.10265853,
38.71789403,-9.09336434,-0.6
38.73784397,-9.12236053,63.6
38.67760454,-9.11968578,-0.9
38.75051667,-9.21622508,99.8
38.66018296,-9.14265648,25.2
38.70663495,-9.04909417,1.3
38.77253571,-9.09268186,3.7
38.69164972,-9.15396103,
38.68660845,-9.08254871,-0.6
38.72292036,-9.18054021,70.9
38.77765996,-9.18849738,44.7
38.67133598,-9.11165774,-0.5
38.69632966,-9.110151,-2.9
38.74871899,-9.19765296,75
38.70982603,-9.17151035,69.8
38.69333404,-9.18372645,
38.68847598,-9.11814393,-2.6
38.70937858,-9.05377857,
38.71628447,-9.17123301,81.1
38.70052326,-9.07639364,-2.4
38.74120481,-9.20018736,112.8
38.76856965,-9.15100786,100
38.78481515,-9.15575484,116.9
38.75633271,-9.11460236,71.1
38.73478668,-9.06663708,-1
38.74493795,-9.06964163,-1.2
38.68227518,-9.10408029,-1.6
38.75805023,-9.20988478,98.7
38.7179842,-9.18251781,116.5
38.66824464,-9.07805008,
38.78150214,-9.11262903,50
38.68024174,-9.20139294,
38.74520582,-9.21298202,122.9
38.70801824,-9.08956114,-2.2
38.70233289,-9.15775604,
38.67306673,-9.14279572,
38.72367662,-9.10773768,
38.7488266,-9.05966791,-2.1
38.77534699,-9.19165031,46.7
38.67488408,-9.10175453,-0.3
38.75344093,-9.20382717,97.8
38.6637779,-9.18388777,52.7
38.74021128,-9.20753909,108.5
38.69512508,-9.20486673,3.4
38.76567284,-9.15480209,100
38.70533305,-9.11041872,-0.2
38.65280603,-9.14006034,25.3
38.71048708,-9.17545036,26.7
38.77855267,-9.19217162,25.1
38.70094357,-9.20870486,33.8
38.68497507,-9.1258566,-1.8
38.68861448,-9.17393238,
38.65234201,-9.15928325,50
38.70089142,-9.11353614,-1.1
38.71922263,-9.126872,66.7
38.70406437,-9.09698918,-1.9
38.7654371,-9.19803919,98.7
38.77109882,-9.19982837,62.6
38.73083518,-9.07994529,-0.7
38.77729098,-9.10711937,40.5
38.70427452,-9.16584906,24.2
38.76969506,-9.11755046,50
38.75806523,-9.20317338,99.9
38.69704931,-9.10516705,-2.5
38.71518994,-9.05111509,
38.68071031,-9.14732892,1.9
38.78352769,-9.10122053,18.9
38.79136722,-9.15719332,100
38.68545489,-9.14537795,
38.7041222,-9.16340802,19.5
38.68825908,-9.15337252,0.1
38.76198761,-9.14283937,99.8
38.67627571,-9.12017895,-0.7
38.76786711,-9.19842997,91
38.75467668,-9.06296338,-1.5
38.77199373,-9.12527227,75.2
38.72710969,-9.17038473,60.5
38.77586735,-9.13312309,97.2
38.75899161,-9.21760246,94.7
38.72102718,-9.05802248,
38.740543,-9.16008514,70.7
38.69800843,-9.19835462,14.7
38.76000416,-9.09002267,0
38.75734835,-9.0926077,
38.67997034,-9.14933182,14.5
38.71430806,-9.17956189,87.2
38.7499756,-9.17848034,91.3
38.70959851,-9.18515943,75.2
38.71121348,-9.16775905,82.9
38.67306382,-9.07348664,
38.68658773,-9.07815253,-0.5
38.75556629,-9.1424124,84.3
38.75315372,-9.22014002,99
38.67187739,-9.20153959,99.8
38.65659793,-9.11222418,
38.68745119,-9.09494794,-1.6
38.67980824,-9.15050874,20.6
38.78504773,-9.1359251,117.9
38.75223596,-9.13913987,84.5
38.65677755,-9.13191181,0.7
38.6749047,-9.09524845,-0.3
38.74946945,-9.15036639,74.5
38.66181845,-9.11645046,0
38.7736735,-9.15016014,106.1
38.68817642,-9.05859018,
38.79187984,-9.13627801,115.8
38.74113235,-9.20166928,107.4
38.65665828,-9.13226174,1.6
38.7048165,-9.10412429,-0.5
38.75378806,-9.11627586,73.7
38.69791885,-9.1397018,
38.69248193,-9.19638608,
38.77379917,-9.12541532,83.4
38.67394652,-9.16502201,45.2
38.78505318,-9.0994142,12
38.73966525,-9.14175374,77.3
38.74160061,-9.18734283,145.7
38.75786251,-9.12331655,91.3
38.68599077,-9.14638204,2.1
38.72877519,-9.15745051,104
38.74666632,-9.07899049,-0.7
38.74683498,-9.054439,-2.4
38.69751599,-9.10643178,-2.4
38.76565615,-9.10288398,26.5
38.76811201,-9.07305872,-1.4
38.79172719,-9.15988906,82.5
38.69834976,-9.12556073,-0.1
38.69951026,-9.10952508,-1.8
38.78894856,-9.17180791,25
38.70814591,-9.2010107,103.7
38.72128153,-9.20477898,119.8
38.71872455,-9.20593619,126.9
38.75373262,-9.19895024,91.7
38.72630412,-9.07989189,-0.9
38.6661934,-9.09800915,
38.73201296,-9.19750527,179.6
38.73308327,-9.22630381,129.8
38.66728176,-9.17599008,50
38.78206196,-9.11118558,49.3
38.77871401,-9.1177428,55.9
38.7138508,-9.05759958,
38.785639,-9.09976439,10.2
38.70590777,-9.11019272,-0.1
38.70146775,-9.14688397,
38.74985659,-9.19739959,75
38.773999,-9.12325213,76.4
38.74012981,-9.1896467,165.6
38.66639566,-9.16653745,23.1
38.69384805,-9.18825824,
38.73592436,-9.1131382,42.9
38.73945539,-9.05129511,-2.4
38.71380512,-9.08686499,-1.8
38.72978826,-9.17642779,97.1
38.69629033,-9.16231958,
38.66300539,-9.17469524,25
38.7876042,-9.14388244,125.1
38.69602435,-9.06988228,-0.6
38.71107518,-9.16106546,83.3
38.70366643,-9.21886129,52
38.65816657,-9.16449515,43.2
38.73250059,-9.21299028,90.5
38.74387816,-9.18771491,93.9
38.68328202,-9.20957517,
38.7301665,-9.20600765,113.1
38.76866257,-9.20292134,73.6
38.75241789,-9.21052282,93.9
38.69704607,-9.16056384,
38.67825902,-9.09342552,-0.5
38.70530619,-9.15898956,3
38.78121906,-9.1397846,119.8
38.66478441,-9.0914328,
38.76218149,-9.09734061,12.7
38.75945766,-9.11107227,63.4
38.73261375,-9.11314812,54
38.66796331,-9.15681599,25
38.76880851,-9.09092313,
38.65925441,-9.18055121,42.4
38.73962348,-9.18031016,87.9
38.71201355,-9.12936792,29.7
38.76257617,-9.06696388,-1.4
38.69516996,-9.09200753,-3.1
38.75913388,-9.18322877,98.6
38.78431493,-9.12789362,92.5
38.70171438,-9.12663865,
38.68074076,-9.07284256,-0.1
38.68872601,-9.18462372,
38.65120349,-9.15278857,45.5
38.77836915,-9.11810035,57.8
38.76897039,-9.14670828,103.6
38.73906147,-9.13216236,68.1
38.73140965,-9.08531033,-0.4
38.74857855,-9.15909175,100.8
38.7083627,-9.16361321,74.1
38.70963497,-9.11494793,
38.76645528,-9.17200387,123.7
38.68363422,-9.07874551,-0.3
38.6584115,-9.18008352,48
38.67492945,-9.17015735,91.4
38.75147284,-9.08091536,-0.6
38.73857917,-9.1140323,55.6
38.76811607,-9.0697373,-1.7
38.67980145,-9.21270609,
38.76017707,-9.08952739,0
38.68273068,-9.14025141,
38.72491543,-9.14192502,81.6
38.78960121,-9.11777153,54.5
38.72989145,-9.07213345,-0.9
38.69039288,-9.08487688,-1.3
38.72773435,-9.1794699,139.4
38.71429002,-9.20241836,151.2
38.71677886,-9.0938299,-0.5
38.7059434,-9.10277468,-0.5
38.6749599,-9.07837727,
38.75418988,-9.06393274,-1.5
38.73947302,-9.20489215,100.3
38.76653992,-9.12557086,86.5
38.68169712,-9.13689026,-0.1
38.69477012,-9.20752372,4.9
38.67333091,-9.13102417,0
38.68814193,-9.21939433,
38.75814221,-9.19653722,87.2
38.78290812,-9.18358015,25
38.75852847,-9.19105466,92
38.7293037,-9.21519187,78.8
38.65535148,-9.1093897,
38.69947369,-9.07031058,-0.8
38.78446889,-9.10868234,41.5
38.77116285,-9.14347231,103.9
38.67732731,-9.17977941,58.9
38.69786106,-9.18392759,5.2
38.67982557,-9.13808747,
38.70347098,-9.06687757,-0.5
38.78658083,-9.18070651,25
38.72109613,-9.22311875,66.3
38.75654687,-9.06964143,-1.2
38.70419734,-9.08708015,-3.3
38.67129879,-9.11469551,-0.5
38.7784043,-9.14584385,123.5
38.71613623,-9.11519648,
38.69754974,-9.21934353,16.7
38.68088745,-9.13676947,-0.1
38.67999946,-9.07755649,-0.1
38.71186105,-9.09947044,-0.2
38.69451391,-9.13082684,-0.7
38.67881529,-9.07335073,0
38.73216414,-9.14393191,77.3
38.66397478,-9.12813634,
38.7307179,-9.19642766,193.1
38.70566003,-9.05339294,
38.7130951,-9.20609804,125.7
38.70487444,-9.21189591,87.9
38.78425915,-9.14940493,125
38.76386038,-9.07356977,-1.1
38.24180874,-8.56046424,75.6
39.30068946,-9.76621529,-141.5
38.818683,-10.33686218,-1279.5
38.81468956,-9.07298491,
39.25576419,-7.63767167,225
37.61528657,-9.26774143,-582.3
37.92694942,-7.66479978,74.9
38.31351402,-10.55117388,-4838.7
38.05093474,-8.28622944,74.2
39.80339684,-8.4677801,126.3
39.15573399,-9.30723513,25
38.67628222,-7.74546523,245.4
39.0310853,-9.38691276,68.8
39.31156147,-9.17878192,25
37.79535823,-9.63059649,-1488.3
38.01167533,-9.04483414,-147.4
39.11291322,-7.72669596,198.6
37.78680855,-8.20358894,200
37.75587652,-8.80456988,50
39.74334309,-8.26921335,270
39.66692382,-10.42608243,-4083.6
39.70315285,-10.30926197,-3755.7
38.30962816,-10.1673203,-4430.9
37.88268668,-9.9404113,-2481.9
38.56365322,-10.33509979,-4422.2
38.59489267,-7.84774613,232.2
38.61419721,-9.3087815,-13.5
39.55832767,-10.14493652,-4103.4
39.81543805,-8.10644288,301.4
39.11875661,-8.71310989,7.7
37.88703619,-10.28640124,-3343.8
39.50701386,-9.77897101,-2706.6
39.09312761,-9.5332247,-56.6
39.60802349,-8.43336783,134.3
38.85329708,-8.03412968,166
39.6013724,-8.17244144,300
38.57942925,-9.70001504,-911.2
37.67762522,-9.79719379,-2013.1
39.61298856,-8.86803563,177.9
38.25467157,-8.87238998,-99.7
37.31949816,-8.73349085,237.7
37.85786624,-9.76626773,-2211
39.09049373,-7.93872195,178.3
39.47157214,-9.24217679,-21.5
39.08393475,-8.82778977,18.9
38.61503403,-10.11471508,-2971.9
39.38346418,-9.8638585,-1036.3
39.07742929,-9.07232202,147.4
38.77655607,-7.57312773,375
38.47598791,-8.25041895,175
38.21162519,-7.66222132,202.5
38.78808293,-8.87808342,22.3
38.59622828,-8.55221552,73
37.42814927,-8.42926728,141.2
39.93572906,-9.63575713,-259.9
39.11289661,-10.51853762,-1570.1
38.40873582,-8.54989343,
39.11453786,-9.69497641,-75
39.58811242,-9.78812129,-1857.2
39.8851891,-9.60128993,-165.5
38.74828142,-8.1165695,250
38.80374537,-9.66736561,-85.9
37.83377101,-9.25693048,-511.4
37.82603328,-8.84626745,-20.7
38.78559184,-9.64673397,-77.5
37.93598335,-8.91027698,-43.1
38.70736139,-10.3101983,-2191
39.64005782,-7.87182711,181.8
39.69365983,-7.76292181,249.4
39.97722924,-9.81687265,-1269.3
38.98788428,-10.64821881,-2044.9
37.91844905,-8.30229885,76.6
38.94063666,-9.51421924,-78.7
39.27301594,-10.76388951,-2914.3
38.83273314,-9.67020999,-102.5
40.01631743,-8.88208806,46.7
37.88424613,-9.50999867,-1206.1
38.63350663,-7.40208231,175
39.95979989,-9.51302066,-147.9
37.56170204,-9.96522128,-2889.4
38.24164659,-10.23542978,-4394.8
39.07683109,-8.58161225,69.2
38.97473665,-8.43779858,34.2
38.10518739,-10.78568649,-4476.2
38.11713281,-8.46882403,98.4
38.53581912,-7.82276255,249
37.58140904,-10.0822318,-2282.9
37.81661394,-8.44341881,75
37.85578171,-7.92107419,126.1
38.99283119,-8.97846856,53.7
39.3095849,-9.92741037,-276.5
39.80605857,-9.91713849,-2739.1
39.70150869,-9.49719113,-145.9
39.45847195,-9.17923165,35.6
38.78503071,-8.26045169,166.3
39.40392201,-7.91626555,262.5
38.67868414,-10.03101894,-1103
39.50915526,-7.61632715,300
38.91911063,-7.68928853,300
38.12724111,-8.25226069,82
39.59961619,-9.90127165,-2136.9
37.58277829,-9.7438467,-2393.1
38.09503103,-10.16245835,-4554.7
39.3119977,-9.50453204,-62.7
37.64799906,-8.85968624,-89.1
38.21029963,-9.85395175,-2061.4
37.33553357,-8.81390364,82.5
38.59144528,-8.87218098,50
37.7941167,-8.17424453,200
38.97446753,-7.31379706,337.2
39.09569664,-10.64771878,-1795.3
37.47457653,-8.73520724,138.8
38.09591044,-8.67537789,205.3
38.5127746,-7.62153175,203.7
39.81945217,-8.33522113,353.8
38.88966274,-9.04368769,19.9
39.72737625,-9.46459769,-140.5
39.99038641,-8.73406161,49.4
38.27697645,-9.45240874,-1459.9
38.75553586,-10.08992645,-1078.9
37.86600886,-9.39467116,-555.7
39.15140742,-9.50263076,-45.8
39.24017512,-9.94255266,-259.7
37.89369306,-9.06909394,-186.1
39.39948715,-9.4753199,-21.6
38.32678237,-9.02811063,-135.7
39.57902053,-10.25308341,-4297
39.72525715,-10.38785697,-3920.3
37.45343995,-9.82118505,-3375.3
38.58948017,-9.85792192,-1218.3
38.0264385,-8.48488772,122.3
38.02223495,-9.26293921,-761.7
37.8725543,-8.98753823,-117.2
40.13784303,-9.10594922,-79.3
39.52038921,-7.98729109,144.1
37.93665133,-10.52877209,-4504.6
39.54756399,-8.40562971,50
37.41775761,-9.67625056,-2513
38.27615605,-8.27925664,50
39.5944425,-8.20284923,275
39.12217841,-9.22623507,77.3
37.92149929,-9.26220051,-543.6
39.24484579,-10.65027665,-2519.1
38.163895,-8.43601224,75
39.02498946,-7.50023389,241.9
39.31887442,-7.7486327,252.7
38.91886927,-7.32223757,350
39.22659746,-8.3599346,125.6
38.99768729,-9.61222992,-105.1
37.44109578,-8.60506657,243.8
37.73794458,-10.12523934,-2897.5
37.9566,-10.68852136,-4914
38.92840092,-10.04729931,-158.8
37.97893191,-7.78439891,175
37.98313339,-8.91312768,-24.5
37.40894485,-9.5823334,-1601.1
39.56201878,-8.40296053,75
39.13226506,-8.44283528,75.1
38.38251885,-9.69632949,-1787.6
38.59328021,-8.80670144,31.7
38.70204721,-8.1765562,250
38.65424805,-8.69144675,52.8
37.89681856,-10.38313562,-3707.9
37.34257077,-8.83349716,49.7
38.87917988,-9.33644384,91.2
39.88940194,-10.06900609,-3773.5
38.6037329,-7.5702214,246.3
37.9394991,-10.52179395,-4509
37.81959033,-9.82126414,-2343.8
38.25804665,-8.58031399,100
37.94044715,-9.70060277,-2116.7
37.33182948,-9.4822328,-1207.1
39.8340925,-10.3228128,-3910.9
37.6963454,-10.09435298,-2830.6
39.61257053,-8.99822983,45.1
39.45936615,-9.77817243,-2122.9
38.20822973,-9.10100906,-406.4
38.14823845,-8.90180533,-116.4
38.23574501,-9.57949204,-1264.6
38.61984546,-10.46770996,-4492.9
37.66366512,-8.32044498,175
38.79705611,-8.45122553,86.6
37.74268152,-8.70301346,198.4
39.15903196,-10.61719674,-1950.8
38.09585549,-9.69655545,-3404
37.57834121,-8.48218087,147.4
38.91160652,-8.11908786,149.9
39.32236078,-10.65796413,-2605.7
38.07504219,-10.02390928,-3767.6
38.62529688,-10.45034739,-4144.7
37.37550012,-9.37043167,-986.1
37.54456925,-8.6830044,150
38.72940181,-9.2231833,122.4
38.40603598,-7.75215821,198.5
39.28509126,-9.04510647,99.8
37.44932471,-9.30505417,-811.9
39.32098275,-9.0267813,99.8
39.12009139,-7.39291018,300
38.00184999,-9.19778702,-493.6
38.06368931,-7.5088613,175
38.24636585,-8.14527605,96.9
39.65187721,-10.19793084,-3509.8
38.99206309,-9.32444433,81.3
39.84601173,-8.35297525,233.7
38.46056216,-9.75006241,-1661.1
38.8221701,-9.37382627,157.2
38.73026847,-9.26359524,104.2
39.71264606,-9.42231923,-142.5
39.35434211,-7.64822732,300
37.91362604,-8.23670527,100.5
37.93315131,-8.49767135,99
39.07589979,-8.74231092,15.8
38.62106857,-9.05258903,4.1
38.95749618,-7.85473751,220.9
39.53945717,-8.81147538,475
39.43724278,-9.36275646,-65.9
38.79313507,-8.003494,284.3
37.41249949,-8.42309843,175
39.22960312,-9.24037654,58.4
39.10213122,-7.60095604,225
38.65468878,-8.93521048,25
38.53759733,-8.28659746,200
39.97427164,-9.94568361,-1902.8
38.15950895,-9.0194672,-147.1
37.846347,-8.21044978,221.2
40.06338345,-8.63484213,25
37.70993253,-8.2859481,142.5
40.11171227,-8.97791176,-35.6
39.54078936,-10.5505424,-3853.5
39.57703544,-8.22714134,250
39.8700803,-10.25448038,-4062.9
38.7017351,-9.45387612,50.6
37.54449873,-10.07496483,-2674.4
37.53656833,-9.34008482,-823.2
39.48658414,-10.50224393,-3871.4
39.59825318,-8.22186323,240.4
39.9434467,-8.23745097,450
38.44315826,-9.195334,75.1
37.93119255,-10.15029095,-3380
39.21864652,-9.95493837,-254.3
38.56006626,-8.0570736,374.6
38.09913855,-8.5245004,149.3
37.54235224,-8.80520341,-1
38.69218643,-9.0053335,
38.2744013,-8.58219912,100
38.63918516,-10.08053501,-2281.8
37.98309896,-9.16991126,-417.6
38.84427785,-8.59178735,90.4
39.07652699,-10.5667021,-1578.3
38.43627321,-10.13520478,-4726.1
39.6228733,-8.24995556,153.2
38.77374349,-8.45863413,80.4
38.98533927,-9.54392991,-92.6
38.83685865,-8.08130245,150
38.30200713,-10.73362997,-4950.6
39.05258206,-9.69314704,-112.1
38.77683915,-8.9530698,-0.4
37.58140937,-8.2124313,238
39.12980459,-10.40298676,-1293.4
38.04249202,-7.64619643,90.6
37.35951001,-8.58159105,231.6
38.93585752,-9.70792086,-125.8
39.48105555,-8.15823857,50
37.99262748,-8.42362497,75
38.86823392,-10.14686349,-1381.3
38.4261873,-8.32973693,75
39.95469418,-9.49813653,-151
38.90834084,-10.68112744,-2368.5
39.24361767,-8.82085521,52.1
38.4990582,-9.2625179,-393.3
39.0274575,-8.11938689,121.8
38.34184285,-10.75999903,-4952.5
38.25954453,-7.67266722,300
38.40046923,-7.90873807,244.2
38.43008535,-8.04483645,200
38.33726577,-10.62546706,-4878.3
38.53185949,-8.31675449,196.2
37.6668006,-10.0777509,-2764.9
38.45631916,-9.60477452,-557.9
38.35209825,-8.34424985,100
38.6902297,-10.90507029,-3943.3
37.80027313,-9.02359455,-163.2
40.06116662,-9.3420687,-122.5
38.54406916,-7.79991699,250
39.7471659,-9.88370652,-2510.3
39.76850524,-8.68800395,200
39.83449746,-8.99078714,9.8
39.20756119,-9.20951545,75
38.61859013,-10.41741002,-4465.1
38.25269645,-9.24230292,-1115.5
39.48650663,-9.14701802,15.6
39.59024228,-9.82018777,-1716.2
39.73806481,-8.25782624,300
38.18841278,-8.8590029,-89.3
39.20599143,-9.87974801,-186.5
37.99443837,-10.60380809,-4899.5
38.92101652,-8.94691545,1.1
38.49950908,-9.94697755,-2771.6
38.08787006,-10.3170382,-4574.3
38.79135706,-9.42985401,236.8
38.54076214,-9.99005012,-2022.8
38.72460711,-7.49348086,270
40.1416866,-9.15086448,-90.7
38.4957577,-8.49711852,49.7
39.01258766,-7.383563,293.2
39.37114013,-10.75721565,-3435.8
39.37488178,-10.78145863,-3596
37.61287583,-8.60940417,50.1
39.42605214,-9.5720518,-74.4
37.98956776,-8.00265243,168.6
38.32294842,-9.62007626,-2600.1
38.66297679,-9.96542636,-1315.4
38.70245727,-8.62835452,75
39.44526709,-9.69084159,-1197.9
38.68765796,-8.91073638,29.3
39.6681451,-9.35630344,-119.7
39.13909437,-10.74368496,-2092.9
39.70341302,-10.16128028,-3251.5
37.8593521,-7.97739765,150
39.16697973,-7.81342511,150
38.38282034,-9.29882461,-316.4
38.07250963,-7.63230987,83.6
38.82690925,-10.00557576,-392.5
39.65679865,-9.34363279,-116.4
38.8899089,-10.03276221,-152.5
38.93565343,-9.50393826,-69.8
39.08312365,-8.19832978,169.9
37.74746881,-8.3896215,150
38.3833591,-10.07333743,-4717.6
37.9808718,-9.18310493,-441.1
39.59480076,-7.90264921,277.5
38.22935004,-8.06354953,125
38.55125352,-8.8778971,36.4
37.80117361,-9.12891533,-350.9
37.81686515,-8.93761234,-114.7
38.68675634,-10.70174944,-4269.2
38.74516388,-9.08725304,-0.2
38.91768715,-9.36697049,120.9
37.97549067,-9.54616051,-1445.7
38.205688,-9.09611958,-362.1
38.72012464,-7.77489012,275
37.90726991,-8.33407932,75
39.98239613,-9.45176409,-141
38.56868701,-8.17516333,350
38.84968872,-7.32251892,300
39.11316714,-10.41350498,-1309.8
38.85915531,-7.96612761,174.5
39.28433829,-10.24830847,-1172.8
39.09525118,-8.44210882,131.4
37.62694903,-8.95305005,-143.6
39.17092696,-9.55347051,-56.2
38.27108106,-7.62134392,201.7
37.41033774,-9.34355959,-934.4
39.66935385,-8.78914212,114.9
40.05029115,-9.6937906,-504.1
38.70626724,-8.07231427,275
38.98610092,-9.61527338,-112.1
38.47158851,-8.21877041,197.5
39.74214147,-9.72936055,-1650
38.31593863,-9.82297503,-3252.3
38.33137485,-9.41355097,-1512.2
38.83934603,-10.22973383,-760.6
38.60526643,-9.32685375,-17.1
38.20753995,-9.28067506,-931.9
37.82083583,-8.86349331,-32.2
37.77683177,-8.56123978,125
39.52561606,-9.46027996,-1422.5
38.74592712,-9.13827187,75.2
37.45429779,-9.23615039,-578.9
39.82760641,-9.63066142,-715.7
38.80021483,-8.57624852,50
39.16094512,-9.92429704,-186.5
39.13849909,-9.6878635,-91.7
39.29321857,-9.8911306,-237.4
39.7247193,-9.36312099,-119.9
39.71235676,-9.4938321,-144.4
37.68081212,-10.24108899,-3094.3
38.93215829,-8.86337006,11.9
38.82300655,-7.79600424,225
38.53083432,-8.59415815,87
37.73119575,-10.28273453,-3314.8
39.24971519,-10.82211524,-3163.1
39.62725024,-8.47021127,179
38.6355945,-9.05826122,15.7
38.90605821,-7.92124671,200
39.09021417,-10.50378751,-1557.4
39.5832055,-8.05053101,312.3
39.00586125,-10.11257624,-143.5
39.71594742,-8.52588689,135.2
39.32546751,-8.08991027,153.1
37.37115983,-9.19859864,-380.1
40.01980431,-9.86955118,-1377.6
38.05178883,-9.77241291,-2882.3
38.58158645,-7.95977415,278.1
38.04222785,-9.27307686,-857.6
39.05620169,-10.40609686,-1310.8
37.74676345,-8.33828703,125
38.14785005,-10.71041655,-4730.7
39.16106366,-10.66918942,-1980.1
39.00876001,-7.64282789,224.2
39.12260645,-8.43273636,77.6
38.51564407,-10.28213455,-4647
37.90526209,-8.13543263,149.2
39.47033557,-8.0164306,46.9
39.25610871,-9.85619873,-173.3
37.78987695,-10.46069976,-3730.1
40.01827178,-9.401632,-122.7
39.14370235,-7.36413272,316.4
37.75469768,-10.2346194,-3259.4
38.56928354,-10.42807489,-4497.4
39.72185079,-8.35816231,264.7
39.53619124,-10.43180904,-3686.6
38.5571112,-10.55887929,-4739
39.47791035,-9.01969615,112.5
38.75245296,-7.67243639,456.4
37.90399448,-9.292469,-589.2
39.78206369,-7.99327226,457.3
38.63727557,-9.91887837,-1431.9
38.55396204,-7.70828051,225.4
39.30720156,-9.66463964,-69.3
37.69221918,-9.1513888,-392.5
39.31228925,-8.22305888,199.6
38.53333148,-8.88670422,25
37.6699295,-9.72657688,-2229.1
38.03285286,-7.64031773,82.2
39.7298696,-9.53357978,-149.2
39.21216743,-10.39693402,-1635.7
37.62091251,-9.44689182,-875.8
37.38809273,-9.44686489,-1154.4
38.31858833,-10.62353401,-4868.7
38.04472011,-8.69495395,149.9
38.79921535,-10.17326905,-1030.6
39.50300324,-10.57172956,-4035.1
39.63405491,-10.17864765,-3965.9
38.61281472,-9.66223524,-421.2
37.87465807,-8.73313636,133.2
39.28509505,-10.60422321,-2437.9
37.62515757,-9.71681226,-2327.1
39.060451,-7.82137468,150
38.19360157,-9.74447574,-1697.6
39.35197194,-8.71010237,105.3
38.6651202,-8.2277723,175
38.62810955,-10.61347307,-4506
37.93368229,-10.43542734,-4160.2
37.49234849,-8.91326846,-117.8
38.12673268,-8.24703249,82.5
38.64399432,-9.25822487,
38.45123859,-8.85305135,
37.73661065,-9.58841034,-1271.9
39.26084144,-8.6776761,95.8
37.82993059,-10.20989936,-3173.8
37.89290073,-10.02924618,-2484.6
39.4598636,-7.85703873,223.7
38.95425928,-8.68643896,25
38.23218001,-8.99088949,-150.7
39.00194191,-9.04289389,146.3
39.11243358,-9.8035079,-137.6
38.75745739,-8.65764603,75
38.61966854,-10.88017849,-4549.8
39.53868651,-9.80412631,-2785.3
38.32623548,-10.11025619,-4675.6
38.18206077,-8.12795161,81
38.11173886,-7.57249639,140.6
39.40739535,-10.37543813,-2323.5
39.26420824,-10.41069124,-1662.8
38.32036451,-9.2326317,-577.6
37.98423742,-8.37403829,64.9
37.39082419,-9.08788373,-249.6
38.38731431,-9.92491123,-4397.2
37.73028907,-8.70185808,232.3
38.9610107,-7.6757437,253.5
37.79163683,-10.12819348,-3063.8
38.08820029,-9.85039601,-3829.5
37.69612241,-9.16711871,-416.9
39.70991768,-10.24739187,-3552.1
38.46778932,-10.89618132,-4915.2
39.4565232,-10.48792901,-3751.8
37.9830175,-8.64329519,150
39.42751742,-10.64349677,-3601.1
38.73448454,-8.64371991,75
39.30566335,-8.95718729,101.6
38.61396676,-8.90386275,52.5
37.83076014,-9.0403673,-192.7
38.90061934,-9.4345977,53
38.6079247,-8.22122288,283.2
38.48026586,-7.73680019,204.2
38.48698394,-10.89610516,-4913.3
39.1626976,-9.07864355,220.3
39.06441443,-7.87212022,163.5
38.72985808,-10.89633704,-3672.2
37.50315948,-9.61044731,-1607.3
37.7415232,-9.01134555,-167.8
38.39388701,-10.30945552,-4615.2
38.10058054,-9.18803312,-662.9
37.65208456,-9.31865214,-623.9
38.90460678,-8.86329632,13.5
39.37928875,-7.93158221,247.9
37.76783479,-7.80133698,171.1
37.56234091,-9.77484922,-2870.9
37.64648559,-10.05400711,-2438.1
37.91705892,-9.28047751,-570.8
38.89971242,-8.47629238,50
39.19217556,-8.01087743,192.3
37.78870259,-9.47592675,-1090.1
39.09205255,-9.48182696,-29
38.89479633,-9.56487796,-102.9
38.37805862,-10.61745559,-4898.6
38.26313425,-7.83866658,270.3
39.07951674,-10.84813622,-2650.3
39.14454475,-9.73959659,-125.4
39.47743318,-10.1781923,-2422.4
37.82261986,-8.86247359,-31.1
39.18736477,-7.80000278,150
37.87000516,-9.65941,-1848.6
38.76338479,-7.53890878,348.5
38.56663406,-8.40343069,125.3
38.77139265,-10.55417956,-4028.8
39.83441092,-9.06016212,-37
38.92934405,-7.48283667,302.8
38.43738153,-9.73304956,-1726.3
40.01509243,-9.94582843,-1697.6
38.91389733,-8.23849392,120.3
38.43126542,-7.64618331,200
38.64134754,-8.34693798,200
37.97154066,-10.53303676,-4683.9
39.01221948,-10.47283716,-1473.8
39.14160728,-7.40333964,325
38.67348591,-8.48156195,129.6
38.47278005,-8.45077024,123.6
37.83144981,-8.16538491,200
38.61932766,-8.0820951,300
38.34378057,-9.60560896,-2207.7
38.53803495,-9.66969647,-885.5
38.01423642,-8.51262751,143.5
38.13977036,-9.21868416,-732.6
39.62927204,-7.84130297,207.6
37.94109891,-9.3224394,-636.2
39.06291996,-8.21797123,150
37.49850783,-9.0622058,-230.1
38.37416182,-8.56605765,50
38.86460227,-9.60562195,-108.3
38.33667728,-10.67428775,-4884.4
39.73612831,-8.68044763,150
39.18893822,-9.84769185,-156.9
38.96720504,-9.20803105,252.3
39.66561018,-9.38847788,-108.8
40.00003141,-8.74664226,25
38.12962812,-9.4453964,-1315.4
39.25939432,-10.05177544,-318.6
37.84394692,-9.76113494,-2154.2
37.98330517,-8.52561526,100
38.13519266,-10.57339415,-4890
38.85406148,-9.30766201,206.8
38.50633602,-8.69144729,25
39.64384083,-10.18816725,-3558.3
38.62448339,-10.56782401,-4643
38.56664548,-8.30523987,229.4
39.6986862,-7.85381583,303.6
37.6806017,-10.023333,-2439.2
39.44352245,-10.70661028,-4012.4
38.05192379,-9.34006817,-1001.5
38.16700184,-8.70890634,87.5
38.43870551,-7.5251241,200
39.65556248,-9.71124963,-1401.5
39.74875622,-9.19398613,-76.7
38.90974586,-8.66227638,50
38.6331798,-9.4730911,-94.4
38.91128674,-9.05792051,160.4
38.55753534,-8.33967805,215.1
39.38919803,-8.84760175,76.1
38.90453019,-10.44399372,-1984.8
38.63830706,-8.04947504,350.1
37.67666764,-8.07769536,195.2
39.25714878,-9.82236231,-161.4
38.98954105,-7.62445819,233.5
39.28971711,-9.54182864,-61
38.09742553,-9.60285653,-1963.7
38.5499537,-8.53799667,94.4
37.78000368,-10.50258506,-3835.4
37.81697037,-8.52018157,84.1
39.93967875,-8.88036189,75
38.86934247,-10.13806651,-1502.3
37.84113906,-8.26366308,133.1
38.83015117,-8.73797742,35.7
38.69689286,-9.00161681,
38.81880254,-7.34602754,285
38.54701785,-8.11855053,350
38.90147852,-9.92330655,-136.6
39.04877672,-9.66472225,-110.6
38.8312013,-7.90725109,225
38.54239552,-8.53059348,79.4
40.07051001,-8.54141541,98.4
37.5054254,-8.63994667,76.3
39.73465048,-8.92668582,104.7
38.20448254,-7.65197005,192.5
37.95734792,-8.17351219,100.3
38.4930262,-8.52487802,167.9
38.93313754,-10.63025973,-2167.2
40.0711734,-9.24981259,-93.5
38.9436926,-8.4250034,50
39.15324735,-9.84572633,-154
37.9496246,-9.88317176,-2212.6
38.84588941,-10.11063799,-1027
39.78954729,-8.16085412,230.2
38.08718241,-7.84775922,175
37.73748424,-8.65431255,150
38.95878001,-10.22704354,-1027.1
38.81806471,-10.71032315,-3286.3
38.66269539,-10.72020316,-4191.7
38.31649623,-7.91054623,200
38.43266937,-9.82849647,-2555.2
38.21050872,-9.1178744,-505.4
37.85779533,-8.19480418,181.1
38.50702534,-7.31507176,120.3
37.99344781,-8.62720554,150.4
39.15242711,-7.85408705,138.3
38.94754569,-8.56665589,69.3
38.77555354,-7.30468127,261
38.4580357,-8.82113991,
38.0742104,-9.04527372,-240.1
38.20517709,-7.87926067,254.1
38.05016894,-9.05150383,-255.5
39.05964301,-9.89417555,-164.9
37.68682986,-8.21192667,197.9
38.90330158,-8.14974516,132.5
37.41251167,-9.54936278,-1506.3
37.82444136,-10.31418967,-3409.6
39.29075898,-7.95032893,200
39.07706539,-9.48287105,-29.4
39.45526629,-9.9489003,-2800.7
39.57640959,-10.50477547,-4200.5
40.02405156,-8.97092179,-27.3
38.45756271,-9.73701288,-1576.7
38.94900284,-9.30531994,284.7
39.59476347,-8.51515712,125
37.48633301,-9.75701741,-2989.9
39.28070247,-7.57102519,286.9
39.86331064,-8.59506747,124.8
37.39897688,-9.39527775,-1059.3
39.03084879,-9.42161456,
37.53786024,-9.22563797,-543.3
39.30840969,-10.2801169,-1333.2
38.25086051,-8.64907439,75
39.78445009,-8.84056476,25
37.41532698,-9.55679934,-1536.9
37.72747049,-8.2012804,200
37.91280416,-9.86776048,-2382.6
38.35132557,-7.46908441,178.4
39.63212991,-8.88385675,117.1
38.28591672,-9.35417988,-1994.4
37.79897324,-9.48936319,-1032.5
39.64542236,-9.26478179,-333.3
37.72183605,-10.10744284,-2841.4
38.33667379,-9.78411264,-3125.3
39.28043597,-7.53932555,307.1
39.76548413,-10.01951815,-2891.2
37.35968067,-9.0675554,-183.5
38.0918039,-10.69715015,-4940.9
37.59150014,-10.20612117,-2844.3
38.20550157,-7.83760199,301.5
38.69426578,-8.03534898,299.3
38.70104895,-8.8443665,24.9
37.66910089,-9.72305005,-2186.5
38.87040922,-10.23419128,-1225.1
38.36727915,-8.97426319,-93
37.84729843,-9.25409555,-515.3
39.4769251,-10.2351241,-2559.2
39.34263943,-9.0878081,63.2
39.42899964,-8.04297681,175
38.91552675,-7.83883629,200
38.17947215,-9.90442978,-2678.6
38.14458968,-9.82136298,-2549
37.97563742,-10.51398401,-4605.6
39.19720981,-9.3294718,96.1
37.91682518,-9.56235136,-1378.9
37.52897426,-8.56161562,50.8
39.17099774,-9.26326899,50
37.72996877,-9.84117978,-2353.6
39.40188273,-8.11313295,150
39.2003256,-9.40121393,-29.4
38.58614073,-9.85515233,-1235.3
38.48025815,-8.0149525,200
38.49695169,-8.79331617,23.1
38.9342069,-9.43992383,-1.2
38.03143398,-10.67326512,-4919.8
37.48803251,-8.92808759,-123.4
38.65993864,-7.43846673,227.6
39.92485944,-9.71072691,-699.6
38.90898943,-9.2617115,282.4
37.47642711,-9.31080665,-823.6
39.18829963,-10.79480619,-2736.7
37.82511949,-9.03138404,-177
39.7344425,-8.01558437,475
38.70079434,-10.62353337,-4535.9
39.59549806,-9.91459763,-2147.7
38.22242255,-9.56961973,-1271.8
38.41714286,-9.12715054,-8.6
38.76148674,-8.06365522,263
38.58380683,-10.08495118,-3353.9
39.87501103,-9.21259545,-85
37.99014045,-9.13095281,-355.3
38.91913858,-8.66725623,69.4
38.05331697,-9.20532668,-585.5
38.0430482,-7.67516097,169.8
39.41201108,-9.04495136,75
38.71270413,-8.28424959,187.2
38.36551841,-9.80859831,-2953.1
38.50809347,-7.80919865,225
38.84363879,-8.81740858,23.5
37.48567355,-8.77650027,67.9
39.32909775,-7.57303599,300
38.66383686,-8.630371,80.1
37.9343349,-8.20084379,75
39.32609273,-9.0398236,116.3
37.75997669,-9.98784758,-2343.9
38.88501641,-10.28930167,-1470.5
37.89993493,-9.91491275,-2486.6
37.82903973,-10.16718486,-3167.4
37.75029492,-8.7679049,68.5
37.63405702,-8.79986402,80.1
38.99820364,-10.76358682,-2472.5
37.95646826,-9.94150641,-2678.8
38.87744238,-10.38293517,-2061.6
38.59603701,-8.49570829,58.4
39.64700198,-8.85765414,129.8
39.5974348,-7.83411357,141.4
39.74668254,-10.40950882,-3942.2
39.04810938,-9.1197313,174.9
39.3428635,-10.60290261,-2477.6
39.09242268,-10.12366376,-313.5
37.66817003,-8.97735963,-125.5
37.94102739,-9.97257191,-2684.1
38.3030601,-7.71532459,300
38.33596575,-9.9841966,-4478.6
39.85314924,-8.06630494,377.9
38.47700337,-9.82102209,-1692.6
39.38531034,-10.42177213,-2221.2
39.12144251,-10.54633943,-1593.8
38.88663752,-8.56886121,75
39.1323625,-9.42191487,-13.9
38.58232646,-10.11583579,-3636.2
39.54911429,-8.84315685,461.7
38.84122355,-8.11005272,174.6
39.50530185,-8.08334145,170.4
38.64304436,-8.59183412,98
39.20399179,-10.24513144,-1058.4
39.70274171,-9.05882577,
38.20284043,-7.87823797,233.4
37.69409428,-8.36951658,150
39.26369869,-7.64388457,232.9
37.6608639,-8.45072479,261.2
38.88751077,-10.09931337,-716.5
38.77657581,-8.20114988,205.5
38.3253736,-7.63788758,325
38.11193164,-8.8766332,-94.4
38.01190874,-9.66941031,-1948.3
39.20163593,-10.03489572,-335.1
38.50205691,-8.14837969,204.6
39.39966982,-8.84429021,96.8
37.75709111,-9.88314269,-2307
37.98525851,-9.0276956,-122.5
37.75487985,-7.99669401,176.6
37.73301011,-8.78979755,30
39.86940973,-9.49753987,-146.4
39.14404449,-9.84907715,-154.5
37.85024522,-9.10711426,-280.8
38.06124062,-10.2335816,-4537.4
37.83274918,-9.85482856,-2385.2
40.03038139,-8.63343541,23.4
39.14194329,-10.62231759,-1854.1
38.28423134,-9.9642252,-3902.5
37.58768518,-8.10608886,260.2
37.29693747,-9.22349223,-468.5
38.516412,-8.56618101,72.9
38.3665858,-9.57370746,-2064.8
37.51265142,-9.333429,-832.7
39.79727053,-8.31752138,253.2
39.03344139,-8.26556105,68.1
38.64563243,-8.01961031,314.1
39.52543923,-7.83779055,121
39.19409926,-8.35614417,124.2
39.82895926,-9.25861271,-118.1
37.58869457,-8.30769628,174.2
37.6533593,-10.07256644,-2666
37.97219237,-8.90632889,-7.1
38.60351759,-10.83768051,-4627
38.23687937,-8.70335118,73.2
38.38477223,-9.19793138,-81.9
39.45337101,-10.32082782,-2409.5
39.53767655,-10.63178171,-3998.3
38.18656842,-8.7153406,82
38.96429504,-9.09060658,372.1
38.21618772,-8.12467034,100
37.5582418,-8.64902398,50.2
38.40286996,-7.95556691,212.3
40.03059416,-9.24922499,-117.9
37.91192823,-8.54669259,106.5
38.8247274,-9.23073558,266.4
38.13711694,-9.53995726,-2353.9
38.64956916,-10.38384416,-2410.3
39.12428127,-8.51397597,50
38.09905342,-7.5816268,134.6
39.04190783,-7.74265819,175
37.96553605,-8.52734705,123.5
38.92984273,-10.88362377,-2958.1
39.63536105,-9.44864119,-146.8
39.25113655,-9.48658907,-65
39.83180874,-10.29988709,-3869.2
37.99915484,-8.71244692,170.1
39.55525967,-7.90049374,227.7
38.30746831,-8.04691092,198.8
37.55772568,-10.06525374,-2618.3
37.6926665,-8.97533292,-87.5
38.72301976,-10.64934825,-4475.9
39.48311724,-10.1775875,-2486.3
38.72349411,-8.49468238,92.7
38.92445463,-7.58748591,274.2
37.74722301,-8.01423999,183.7
38.54114736,-10.45299725,-4584.1
39.59244446,-8.41956409,123.8
38.16264654,-9.27320501,-848.6
39.19369788,-8.62488522,25
38.44128545,-7.34794593,150
37.38670208,-9.08588141,-242.5
38.58581287,-8.39965023,188.9
38.6568037,-9.59024653,-114.5
37.71501397,-10.4003967,-3501.6
37.5172477,-9.36348828,-933.6
38.81397176,-7.54693479,426.7
39.89266011,-8.9217203,26.7
38.62639107,-9.26612166,-5
38.89830567,-9.80381965,-121.6
39.3978776,-9.94510753,-1822.1
38.09841572,-9.87203472,-3999.7
37.89314825,-8.57581167,122.1
37.90751444,-10.1651124,-3089.5
39.16484194,-8.8005402,57.1
39.28471416,-9.11835447,83.1
39.89050668,-8.0878388,574.3
37.85128861,-9.49224889,-1089.2
37.98989346,-8.24507947,92.7
38.04675364,-9.68729565,-2898.3
39.23629862,-9.77089013,-133.6
37.58444764,-9.17656422,-429
37.62831212,-10.2788833,-3157.4
38.15773266,-9.19989749,-711.5
38.71990159,-8.64432414,84.8
38.48386754,-9.21248908,-10.7
38.19260432,-9.21861866,-783.2
37.29029542,-9.22691752,-451.2
38.186556,-9.17373006,-472.5
37.61238285,-10.20037747,-2839.9
38.78636878,-7.54531377,331.2
38.5442953,-9.59693871,-151.6
38.58892837,-10.62020326,-4711.2
37.61856011,-8.89507615,-109.2
39.45277221,-10.40670073,-3162.3
39.04291699,-7.49833835,249.9
38.32596103,-9.35333386,-1446.3
38.16211696,-9.82381668,-2540.3
37.80825507,-10.19709659,-3209.9
38.6604129,-8.43640045,131.2
39.01584667,-10.19117662,-244.9
39.78970208,-8.92196714,81.7
38.14248257,-9.81031965,-2413.8
37.58940208,-9.98221154,-2783.1
39.3758279,-9.37925468,13.5
38.23679428,-8.5555859,75
38.9324058,-10.76121174,-2497.3
40.09921672,-8.92765633,-17.7
38.20893867,-10.14356823,-4197.1
39.84431321,-9.36552312,-102.4
39.4776771,-10.02045953,-3149.6
37.85016376,-8.12845101,214.5
38.5516866,-7.75842656,207.9
38.26727562,-7.91490636,175
37.85981906,-10.48087698,-3907.1
38.65244528,-9.67987511,-436.8
39.352609,-9.88551402,-780.1
38.76952153,-10.8058833,-3719.5
38.20937526,-9.34310807,-1069.4
37.78194962,-8.02931177,188
37.37598732,-8.88701586,-60.7
38.15261661,-10.25751102,-4545
37.90876288,-9.39810772,-943.3
39.0583906,-10.71975976,-2138.4
39.9727302,-9.21649698,-85.4
39.74905392,-8.21484057,225
39.00698573,-8.30288962,59.6
39.11939707,-9.95982792,-168.9
38.41442269,-9.92086454,-4038.7
39.24437252,-10.62358114,-2436.8
38.81223072,-7.95539097,214.3
40.02574668,-9.850469,-1329.7
40.09249476,-8.68945424,53.7
39.52387272,-8.43560412,75
39.44930845,-10.41094645,-3149.7
39.59791915,-9.4663821,-272.7
39.58434341,-8.80370491,193.7
38.26258443,-9.64202535,-1751.2
39.35473879,-9.15297277,55.2
39.69268427,-9.69345413,-1440.1
39.49754489,-8.89808266,430.1
38.937065,-8.46224992,50
37.77945511,-8.27706702,150
37.78522566,-9.65748945,-1581.2
39.08502838,-9.65303744,-89.9
39.50662075,-10.60880698,-4079
38.64861158,-7.44904973,245.2
38.06955622,-7.82269488,188.2
38.98666152,-7.767386,220
37.51370098,-10.08107118,-2790.7
38.26559469,-10.77126465,-4947.8
38.26210075,-8.62477289,78
38.67868451,-8.1511582,255.6
39.71282921,-9.96405421,-2414.1
37.96232309,-9.51466356,-1338.9
37.96648608,-8.78518948,54.4
37.91749211,-10.15222696,-3201.5
38.33274384,-8.28483521,57.8
38.99279256,-9.15321703,319.2
38.91844812,-9.18678867,224.6
38.37185594,-8.82770559,-5.9
38.92217189,-9.4144312,79.8
39.17199671,-9.50168256,-48.2
37.87773874,-10.44255498,-3797.7
39.143855,-9.18554466,96.5
38.09281853,-9.64655102,-2587.4
39.52021803,-9.90108044,-3170.1
38.2252949,-9.73235096,-1917.6
39.33859809,-9.04296807,125.8
38.17834662,-7.45215156,126.2
37.81218553,-8.96709444,-143.7
39.94208541,-9.02432613,-39.2
40.05803722,-9.41965609,-127.9
39.17908878,-9.38748443,-6.3
37.90513428,-9.96541697,-2586.3
38.98005212,-10.81335303,-2708.3
38.8083655,-9.87059684,-126.9
39.45477558,-8.72152685,125
38.38232487,-7.99019555,199.9
38.06809682,-7.84741368,199.5
38.77452637,-8.9328902,2
39.78618615,-8.26474158,398.1
39.68407303,-10.04515388,-2766.8
38.67000444,-8.44394769,149.9
39.14638549,-8.41086333,125.3
37.36987138,-9.57018003,-1519.7
39.40928339,-8.46853207,21.6
39.94319259,-9.48902422,-149.5
39.39784489,-10.48468884,-2447.7
39.44533079,-10.44973026,-3303.3
40.03562931,-9.6163533,-253
37.50509594,-9.43755229,-1149.1
38.19726806,-9.58111655,-1668.3
39.70233633,-10.42898603,-4106.1
39.51546455,-8.10585644,200
38.02607131,-8.26112275,75
38.60551756,-7.55964522,262.6
39.935194,-8.87375436,75
39.27490873,-10.50265888,-2216.1
38.85110099,-10.69598913,-2926.6
39.31031029,-9.83892741,-193.8
38.17063327,-8.98521118,-136.4
38.22844014,-7.97140908,150.5
38.72230989,-10.83682328,-3909
38.48354256,-9.05049678,100
39.94627837,-9.47166984,-145.3
39.69698701,-8.64029097,225
39.28995363,-8.31971709,174.1
38.30734614,-7.51495257,250
38.37574022,-8.52741493,22.6
37.38178296,-9.63236441,-1881.8
39.41119631,-8.60620035,75.9
39.93216148,-9.85456705,-1515.2
38.98494907,-8.35850646,62.9
37.96523184,-10.26290719,-3864.7
38.64471694,-8.02757189,300.4
38.46636624,-7.50303962,235
37.69821109,-9.83642964,-2328.4
39.75763583,-10.40122371,-3918.7
38.4545256,-8.51973881,74.5
39.11864499,-9.41591278,-2.4
38.98727834,-10.91811194,-2973
38.5968651,-8.96107946,70.9
37.57628309,-9.27054372,-625.2
39.74884257,-10.29482173,-3510.6
39.53613928,-9.32001867,-101
37.878573,-10.45782988,-3889.6
38.82448198,-8.29463427,100
39.98478536,-9.71374519,-672.4
37.81508162,-9.65153497,-1645.7
38.16015021,-8.9792765,-135.6
38.54023717,-10.78675276,-4860
38.99916468,-7.97594321,125
38.81848987,-9.23933962,299.9
38.12246687,-9.38223995,-1153.2
38.79858683,-10.80423695,-3404.3
38.38617386,-8.72661366,25
39.19615537,-7.90975289,200
39.00447115,-10.44199589,-1431.1
38.16324418,-7.89624277,175
38.19353822,-8.36792189,82.5
40.14474227,-9.1995638,-100.3
38.58250873,-9.38790346,-80.7
39.06952289,-8.89053837,60.6
39.47191173,-8.95673898,171.4
37.84190828,-8.65892524,125
38.61613326,-10.89173719,-4529
39.60539101,-10.01652635,-2304
38.28799543,-10.40325099,-4720.3
38.0306011,-8.04987997,195
39.29382884,-10.60202055,-2443.4
39.05549567,-8.44677087,122.2
38.57058204,-10.92761352,-4658.9
37.79902176,-8.21138554,227.5
37.47226535,-8.78691005,68.2
37.28942907,-9.17731321,-294.1
39.94178284,-8.47658926,230.5
37.56630581,-9.77257682,-2834.8
39.47514018,-10.069011,-3016
39.02674111,-7.63857909,227
38.44610928,-8.78682196,0
38.93714843,-7.41314328,275
38.37644573,-7.34518095,175
39.69826017,-10.10815556,-2335.7
39.8292306,-10.25198979,-3851.8
38.37247965,-9.11408537,-133.6
38.75443432,-9.32278931,147.2
38.93942078,-7.51462652,275.5
38.70427874,-8.34357126,137.7
39.39585344,-7.87069843,274.9
39.32756681,-10.56806681,-2400.2
39.16915901,-7.73873192,194.9
37.73365398,-10.24170821,-3239.8
38.78283026,-9.46460013,299.8
39.42123803,-10.10556719,-2254.4
39.10323456,-10.66570413,-1854.2
39.58334054,-7.93954646,249.8
38.89911164,-7.89199357,187
37.35817699,-8.6765958,174.6
38.55893383,-10.97982971,-4807.4
38.89411393,-9.1112246,241.3
38.73654417,-9.55978598,-74.2
38.59082918,-8.79820621,32.4
38.65225471,-10.39778594,-2522.5
39.84299955,-9.95055911,-2745.3
39.94774591,-9.48231107,-148.7
37.79675024,-10.10113845,-2937.4
38.78006798,-8.17814553,200
38.3220593,-8.89183847,-89.9
37.45440202,-9.73212424,-3277.2
37.8663689,-9.74650026,-2130.7
39.38608303,-7.9833886,250
39.09094161,-9.18803203,145.7
37.46897826,-8.76377292,97.5
39.14867836,-8.44276751,124.7
37.90214892,-7.68830741,146.2
38.06647261,-7.72552694,186.6
39.04428203,-9.18852492,91.9
38.41000209,-10.38950218,-4810.8
39.09535097,-10.33471453,-1118.4
38.81427841,-9.07944327,
38.53314417,-10.51068116,-4676.1
37.85502357,-9.08994129,-248.3
40.04027589,-9.05310062,-55.4
39.93895629,-9.63727451,-269.5
39.53179412,-8.8044862,470.2
39.28694695,-10.42651152,-1841.2
38.71868253,-9.572375,-90
39.66768403,-8.02016278,360.3
38.83574902,-8.86001511,22
39.32292424,-8.39593746,100.1
39.07795974,-9.31310762,57.3
39.09130702,-9.12699985,144.7
39.10557847,-10.03189419,-251.5
37.55185323,-8.9303377,-127.6
38.49495193,-8.04716387,179.8
37.7840357,-10.26651776,-3333.6
38.30869314,-7.43732399,151.9
37.82415496,-7.73007794,125
38.26714637,-8.52390707,76.7
38.4372155,-8.54253076,44.3
37.69932632,-9.92574737,-2414
39.47211232,-9.60898018,-1006.8
38.44874581,-10.49508552,-4872.3
38.26061896,-10.54269639,-4806.7
37.39216575,-9.05608434,-202.9
38.62793953,-9.41656056,-56.3
37.43831584,-8.52070268,153.7
38.83341553,-7.52838579,466.9
38.58116048,-9.02731523,50
37.84632966,-8.6375651,125
39.94608693,-9.53504169,-153.5
37.5512335,-9.38095645,-948.9
38.11084022,-9.1441612,-535.2
39.3395607,-8.28077582,180.2
39.80624374,-9.72583372,-1481
39.75130265,-7.98019395,518.8
38.69941291,-8.99756726,0
39.49329302,-10.67714089,-4179.9
39.71710551,-10.13747083,-2747.8
39.29386896,-10.14949421,-600.3
39.37544186,-8.75158012,102
38.76357051,-8.79013709,39
38.95538041,-7.67037226,249.7
38.5774394,-10.1654317,-4062.8
38.7044408,-9.03012379,3
39.53531646,-9.92160409,-2756.5
39.96816678,-9.9078303,-1713.4
37.70116501,-10.36751751,-3384.8
38.55728203,-8.44742602,100
37.73563463,-10.04220011,-2627.3
39.34423732,-9.68840228,-17.5
39.28509539,-8.0498844,200
38.44635901,-10.64559534,-4921.8
39.34068269,-9.28407211,80.2
38.47339322,-8.35375734,75
40.01080675,-9.2520538,-106.2
38.98392534,-10.54250093,-1774.7
38.03653135,-10.3018346,-4242.3
38.93805999,-8.55894227,24.6
38.30469841,-7.72705036,284.4
39.56121859,-9.79403969,-2209.8
37.65728802,-9.39808908,-664.8
39.32947042,-8.52356072,16.7
39.62483967,-8.17535318,125
38.66365634,-9.22994193,32.9
37.43535696,-8.61176473,368.7
39.73868408,-9.4879742,-143
39.16012352,-8.1232191,146.3
38.42042297,-7.81628369,226.6
39.04360133,-9.5154765,-50.6
38.4386355,-10.940099,-4942.1
38.11868361,-9.3238867,-980.7
38.63050901,-9.33903492,-10.1
39.82623974,-10.20399847,-3878.8
38.06995385,-9.00833141,-140.4
37.80771352,-9.04353707,-188.3
38.09908466,-9.66314359,-2880.5
39.6063148,-9.84154446,-1879.7
37.53548587,-9.86580061,-3084.1
38.99340362,-9.42339475,21.6
38.04906449,-9.37522788,-1069.5
37.58714362,-8.39053014,243.8
38.69821758,-9.77690015,-228.2
39.08029658,-10.03527664,-263.3
37.88979809,-8.06227715,150
39.13197058,-9.90183221,-188.4
38.55429513,-7.50386218,273.8
39.77021234,-8.71007765,168.6
37.8800345,-8.30828713,106.9
39.12301939,-8.51323753,50
38.95341418,-8.99881701,63.1
39.94388492,-9.08631381,-57.3
37.54465852,-9.31965914,-776.1
38.6335656,-9.06330964,
38.70767993,-9.60020126,-99.7
38.36569356,-9.35386815,-1343.7
37.40291213,-9.1528097,-345.2
39.28294562,-9.03926272,84.5
38.86498385,-9.46021917,
38.84048785,-10.93060139,-3137.2
38.33025816,-8.86501786,-61.7
38.88380452,-9.96612843,-137.8
38.60106609,-10.07164636,-2942.3
39.00088401,-10.70200942,-2211.7
39.25837383,-8.09630347,200
39.53727153,-9.92296316,-2774.5
37.97222347,-10.41560407,-4304.3
37.9212737,-10.27139516,-3547.8
39.10339692,-10.18995297,-450.8
38.22713935,-8.50125162,50
38.64472422,-10.14710544,-2149.3
38.68302578,-10.92822965,-3842.8
39.39672099,-10.08631215,-1954.7
37.7665008,-9.86927961,-2152.7
39.46814081,-9.25495367,-32.4
39.62721592,-8.53198601,213.9
38.70092401,-10.5924088,-4440.9
38.42181051,-9.70138739,-1259.3
37.82258619,-9.20870414,-429.8
39.60786842,-9.3046773,-646.5
39.78712363,-8.49908413,209.8
39.16139034,-9.45926061,-40.1
37.82205348,-7.93110096,150
39.03352571,-8.31081414,102.2
38.71930173,-10.06822553,-1407.2
37.70052729,-9.74869457,-1881.5
39.84250663,-9.57336319,-159.5
39.78865707,-8.17953204,232.8
37.37841494,-9.19309093,-398.2
38.95040601,-8.98836559,13.2
39.79061201,-9.49242571,-143.6
39.06859349,-8.51049787,90.7
38.27446233,-9.13349096,-1028.4
39.60992056,-8.09005834,341.6
38.18315681,-7.72624226,164
37.85411457,-9.60946545,-1585.2
39.90567425,-8.82355526,48.9
39.21666629,-9.22110569,50
38.16004849,-9.53712103,-2422.8
39.26301812,-9.93296382,-255.6
38.80595975,-10.46967976,-3186.3
38.61737852,-8.92957292,50
38.36717874,-9.60219076,-1858.3
39.04388596,-9.40518925,75
39.1791711,-9.96434753,-208.7
37.80346379,-8.67600074,151.9
39.35270025,-7.72489801,267.9
37.63877918,-9.94034716,-2666.7
39.43995752,-8.80626413,224
39.08212617,-9.87556381,-164
39.50902411,-8.65820932,224.6
39.24361014,-7.68663485,225
39.45698789,-9.04524603,76.1
38.93632151,-10.31811586,-1242
37.63634742,-9.71107442,-2368.9
38.45750777,-10.793831,-4899.5
38.63760397,-10.69689417,-4425.7
37.97205556,-8.65746927,150
39.28636533,-7.69807418,225
38.96774148,-10.49355872,-1757.6
38.07921054,-9.90718845,-3774.4
39.26211797,-8.53485095,61.3
39.20290643,-9.35311675,
38.58789582,-9.37713789,-57.9
40.03587352,-9.20251186,-98.4
38.36843041,-9.73013289,-2327
39.5607196,-8.31117581,200
39.83719923,-9.95889584,-2818.7
38.90395107,-10.77359989,-2611.6
38.65103138,-9.11118196,0.5
38.16117568,-10.1588997,-4432.4
38.06858251,-10.36242375,-4462.7
37.82712544,-9.68627354,-1878
37.56314851,-8.6615446,100
38.8779454,-10.31924421,-1868.6
39.05040465,-9.87941103,-155.9
39.55556934,-9.77205003,-2222.3
38.19515061,-10.11404422,-4169.1
38.78601997,-7.83744144,250
38.42738234,-9.67480066,-1094.7
37.8284053,-9.3758583,-603.9
39.75417834,-10.1535963,-3306.1
38.82574669,-9.35251636,143.7
39.83609966,-9.96704757,-2959.6
39.23306736,-9.25855806,50.6
37.78343857,-10.19705628,-3224.3
38.88467659,-10.64934601,-2493.3
39.05088269,-10.55897812,-1593.4
38.21877275,-8.74918969,50
39.18128515,-8.60490051,49.2
38.6376124,-10.27759641,-2900
39.14713319,-10.55466473,-1742.9
39.33159373,-8.11032974,160.3
39.25628814,-10.41341932,-1642.2
39.65662664,-8.82091801,75
39.56052123,-10.63472433,-3832
37.36459896,-9.26061193,-786.8
38.37193377,-10.72959474,-4861.3
38.91703453,-10.44833362,-1866.3
39.42304875,-8.89432267,147.9
39.51948342,-7.77877129,200.9
39.5937492,-9.85580418,-1899.8
39.95915198,-9.98846892,-2441.3
39.17483498,-8.70435343,8
40.01043865,-9.27043525,-65.2
39.60601405,-10.38324555,-4481.1
38.45328937,-9.13835192,162.1
39.09961104,-8.62374055,27.3
37.49940048,-9.46394773,-1211.3
38.79619967,-10.25087827,-926.3
38.60021704,-9.00613795,68.1
37.80651288,-8.37722316,100
38.25456182,-9.44328985,-2144.1
39.39651804,-10.49198224,-2444.7
39.18042229,-7.38789099,350
38.35621184,-10.75185807,-4942.8
37.78782125,-7.80998595,164.1
38.28491295,-7.53612728,151.3
37.82249496,-8.72210339,176.4
38.65025768,-10.38467445,-2398.9
37.78697493,-9.24282743,-495.3
38.41775578,-9.42589968,-454.1
39.05026566,-7.66699538,232.6
38.34745296,-9.80930949,-3281
38.8742453,-7.55719831,350.1
38.99137579,-10.36096817,-1490.9
38.73815944,-8.90249307,4.1
39.72102868,-8.72876225,201.7
39.25762428,-8.9101322,50
39.02014465,-7.91335727,173.7
37.36591134,-9.38993637,-1038
39.79650505,-8.1329805,300
38.5544018,-10.9461464,-4739.3
37.83379579,-8.92646501,-95.6
38.78091875,-10.22597479,-1249.2
37.38768622,-9.48573674,-1259.9
38.33208865,-10.21557338,-4627
38.11161635,-10.39074798,-4866.4
39.86711431,-8.46140241,200
38.84091468,-8.8841983,13.3
39.57311055,-10.06901001,-2683.9
39.0191673,-10.53584094,-1663.6
37.98251602,-9.70500416,-1871.1
39.1546266,-8.07771326,109.4
37.94775525,-8.11544361,152.2
39.62661941,-9.06075588,124.5
38.21358275,-10.19454241,-4243
37.80444676,-9.35316897,-727.5
38.94204546,-8.61605632,25
38.30021737,-10.63620601,-4899.6
37.62531836,-8.60210609,154.9
39.09763109,-8.22588997,150
39.2434308,-10.23947634,-1120.2
39.13898619,-7.3816353,341.1
39.3474752,-9.23450647,63.1
39.04938646,-9.12218549,155.1
39.39985099,-8.90175966,126.7
38.49660984,-9.49819124,-134.4
38.24143632,-10.45448693,-4514.8
40.10666196,-9.50954823,-153.2
38.10903498,-10.36582137,-4723.1
37.92629628,-9.74198581,-2137.1
37.54177102,-9.56600421,-1422.7
37.72486377,-10.36002807,-3325.7
40.13082167,-9.34573355,-142.8
39.81983328,-8.43704119,189.6
38.06812019,-8.6117736,200.8
39.27538781,-10.56284157,-2321.4
38.25235522,-10.81845035,-4965.7
38.86993579,-10.73660187,-2799.9
39.12876786,-7.84347839,150
38.78606218,-9.48503335,109.5
39.8668899,-8.1135831,547.3
38.58920133,-8.61066867,50
37.84614072,-9.13521321,-341.8
38.92045568,-10.70341482,-2398.7
39.32595802,-10.1545077,-969.2
39.92921631,-8.18007523,349.3
40.02896177,-9.65098366,-378.3
37.90260828,-9.8274829,-2328.5
39.5281566,-9.54403732,-1527.2
39.10359308,-9.09074443,100
38.60154747,-7.65291192,225
39.13553647,-9.5885365,-69
37.57753119,-8.51756207,150
37.60034877,-8.27810697,214.1
37.4247409,-9.25281479,-624.1
39.46295015,-8.71072921,129.5
39.64192724,-7.99687898,425
38.83002598,-9.28164961,269.9
37.58695036,-9.75462699,-2567.2
39.40556602,-7.72305046,281
39.84132523,-8.51393904,218.5
39.28770328,-10.0506594,-341
38.60931189,-7.35600976,150.2
38.40405587,-10.23225547,-4733.7
39.13123654,-10.3168259,-1126.1
39.90927035,-8.43800723,202.6
37.66072497,-9.86896712,-2494.8
39.76097309,-9.36244981,-123.6
39.32583947,-8.86739758,69.1
37.42465444,-9.38819999,-1057.6
38.30488505,-8.64126447,66
40.02598992,-8.6781992,100
37.31239275,-8.94538346,-56.2
39.88128782,-9.74058461,-1128.5
38.59076747,-10.31540504,-3898.6
39.84871207,-8.37979618,350.6
39.33889519,-7.6675239,300
37.97397568,-8.70671423,200.5
37.57158327,-8.96572084,-146.7
38.51675702,-10.24956493,-4547.6
39.15888081,-7.66851596,218.8
38.16782129,-10.4644842,-4792.1
37.44490087,-8.7438786,36.6
38.54377199,-9.9555414,-1563.2
37.99782457,-10.53496741,-4809.8
38.64483437,-7.88641952,272.6
39.00465136,-8.90685518,2.1
39.84980735,-10.3078989,-3984.8
37.66918799,-9.88471645,-2620.7
37.70807716,-10.12239313,-2864.8
37.93324176,-10.67086569,-4987.6
38.95511603,-8.83557322,12.5
39.45502072,-8.98647756,211.9
39.53438073,-9.14946212,
38.22473775,-10.80097979,-4972.8
38.58780598,-7.39114305,206.7
38.19978787,-9.03031095,-150.7
37.81494951,-8.20177932,225
37.83465416,-8.5857694,100
39.80238218,-9.3750544,-128.2
37.93642045,-7.63739415,150
38.2871804,-10.17042711,-4394.8
40.06403508,-9.1679992,-91.3
39.76821196,-9.5052271,-144.8
39.618465,-9.64763551,-747.8
39.64758786,-9.29152595,-251.3
39.84778861,-9.82917586,-1714.8
38.79680466,-7.36740454,283.3
38.2356535,-10.06874992,-3934.7
39.04364672,-9.70459261,-117.2
38.45444829,-8.06226314,175
39.93700992,-10.02269804,-2637.4
38.34539076,-9.71655567,-2175.7
38.33562399,-8.69088284,50
39.42551441,-9.33014177,-45.5
38.56825745,-9.95117831,-1868.3
38.64602353,-7.53141607,275
38.27516875,-9.98415766,-3409.8
37.66984509,-10.33783328,-3259.6
38.99618739,-10.64272682,-1995.9
38.08725871,-8.65248088,255.9
38.06092792,-9.86398212,-3293.7
39.811783,-8.75974351,100
38.24037422,-8.4665106,84.8
38.18761917,-10.21152183,-4437.6
39.64372959,-8.22203959,125
39.32631747,-7.73821925,266.9
37.6777198,-9.53091691,-1010.7
38.56986393,-10.90327338,-4676.7
39.21753459,-10.31993655,-1157.6
39.63060304,-9.95681945,-2059.8
39.82498747,-9.51519109,-143.8
39.73960825,-10.01371708,-2641.1
40.0051725,-9.16183103,-75.7
40.09767724,-9.20870931,-87.9
38.14544265,-7.56398339,150
38.95789475,-9.70294046,-119.6
38.06401902,-8.56918454,222
38.40530538,-10.76511647,-4940.5
37.51464097,-8.29299871,179
38.65456145,-7.41099535,228
39.83118978,-9.80511353,-1788.2
38.34200633,-7.936742,225
38.12053262,-8.26824004,87.8
38.5892335,-10.90288665,-4625.8
37.56908345,-10.16856574,-2756.1
38.38245318,-7.69002813,214.5
39.52839407,-9.55849899,-1447.5
39.22826622,-10.27853662,-1092.5
37.64039651,-9.00487207,-181.2
38.26418847,-8.76266082,50
38.07541643,-9.40844363,-1169.6
38.72803326,-8.23459119,200
39.2165917,-9.08795567,100
38.50175055,-7.63059444,225
38.96758799,-9.2877287,196.4
39.3416919,-7.58323385,316.7
38.05712049,-8.61978384,200
39.6901781,-9.75315209,-1680.2
37.70633322,-9.73282569,-1862.2
39.16942325,-9.8191612,-145.8
39.4244132,-9.188958,25
39.39210858,-8.3045276,112.5
38.30414127,-8.56999268,86.3
38.39442365,-9.88016478,-3273.6
39.81716844,-9.7454804,-1599.7
38.08841359,-9.25552433,-864.8
38.71130683,-8.50398142,88.3
38.14811514,-9.99999065,-4103.4
37.64420312,-8.56639515,100.7
39.91359943,-8.55810355,374.8
37.76939044,-8.63806246,125
37.96798417,-8.9582698,-110.7
38.26393944,-8.28425315,51.5
39.83996924,-8.02987847,356.5
39.4067612,-7.96158938,225
39.69105929,-8.05385612,280.6
38.23070061,-9.28499032,-1141.9
38.97772558,-10.44987421,-1599.2
38.94782668,-10.73446461,-2394.7
37.73948147,-9.75319638,-1846.1
39.05352515,-7.54998349,200
39.10892246,-8.51209389,100
38.24571407,-7.89175408,250
39.49243931,-10.53264152,-3920.3
38.96411925,-8.64571519,50.4
39.22235878,-9.08610583,125
37.9976995,-8.92397043,-74.5
39.0402026,-9.62880073,-99.4
37.42980916,-8.5542848,149.8
38.60622049,-10.86087524,-4603.4
37.93574961,-10.24450135,-3579.9
39.53556749,-8.43579072,87.4
39.86903657,-8.89693231,22.7
38.56520983,-10.74968633,-4855.4
38.70207907,-7.30274999,175
38.04565433,-8.90944882,-101.4
39.66380788,-10.47301878,-4224.7
39.79128679,-10.11324701,-3344.9
38.1274509,-7.6040907,94.9
38.40024779,-10.74054838,-4880.4
38.25797682,-9.55744857,-1359.8
38.47973947,-7.80974206,200
37.36611476,-9.10708827,-256.7
37.66627109,-9.27253418,-578.2
38.34201806,-9.1232355,-181.5
38.68807968,-10.76292274,-4052.4
38.10169064,-8.60965254,226
39.15394709,-10.61884681,-1918.5
38.57910646,-9.17185696,69.7
39.587397,-8.24571368,125
37.89718077,-10.26826238,-3348
38.96342526,-10.8028805,-2647.4
39.77720457,-9.08231343,-41.5
39.75646514,-8.00562526,447.2
39.34074107,-8.66965875,59.9
38.84506567,-10.47136866,-3179.1
39.29025695,-8.72736179,72.1
40.1015487,-9.11769466,-80
38.25328617,-9.20749253,-1107.1
37.80154111,-7.79655983,150.3
38.04090915,-7.64807328,75
37.81829299,-9.55115641,-1208.2
38.81285905,-8.69377834,38
39.09583594,-9.08663452,100
39.00934632,-9.22591923,173
39.35599023,-10.26265054,-1599.8
38.50758436,-10.55135253,-4780.9
39.09621352,-8.50733976,100
39.3024443,-8.4969791,45.1
39.42732087,-7.68511878,300
38.23683576,-10.24967517,-4355.3
38.59532536,-9.54984836,-119.7
37.85524851,-8.30375116,100
39.99344136,-9.54421682,-155.3
38.16650144,-9.82159662,-2511.4
39.25937855,-9.23713825,133.4
39.62666232,-10.13886328,-3500.6
37.42111267,-8.75518097,97.6
39.67873508,-9.30738019,-93.6
38.05563812,-9.08779509,-347.3
39.70929104,-9.51676151,-145.3
38.62808103,-10.31925835,-2507.7
38.86836492,-8.43136945,106.9
38.93773675,-8.91160397,2
37.8790203,-9.768755,-2203.2
39.30204334,-8.14547731,175
37.88753567,-8.95720921,-83.1
39.08984097,-8.25836604,126.9
38.46280968,-7.40715518,206.4
39.56576955,-8.23161521,225.6
38.30295064,-8.38557362,50
37.61625031,-9.52767971,-1253.5
38.87731556,-8.91824203,1.2
39.07852449,-7.79725885,178
37.69519699,-10.23163754,-3144.4
38.86424613,-10.116709,-1546.3
39.08934974,-9.17409218,216.5
37.77099975,-8.98857869,-150.5
37.63920647,-8.11081041,230.3
38.48634548,-7.84046901,225
39.72148973,-10.38260733,-3920.7
39.08414854,-8.49310942,100
38.83298578,-7.61794878,325
37.85214065,-9.66620134,-1837.3
38.27705951,-8.94002142,-319.3
38.31313483,-9.49955415,-1717.1
38.15478239,-10.17639333,-4465.8
37.51184236,-9.47323445,-1222.7
39.23540101,-8.56347349,32.2
38.68251053,-8.87780269,15.8
38.23616913,-9.0496378,-169.1
38.52069099,-7.56873326,244
38.22599417,-10.67123871,-4894.5
38.82924536,-9.09595388,52.2
38.03480552,-10.01289605,-3281.5
38.09929471,-10.62906998,-4909.3
39.51829287,-10.4250823,-3643.8
38.37452042,-9.0849328,-130.7
39.0782858,-8.23963523,175
37.51536617,-10.01698376,-3528
39.3077375,-10.43135034,-1851.3
39.03016574,-9.18118358,123.8
39.25183276,-7.54870843,231.3
38.43264713,-8.39344543,39.9
37.45918646,-8.45140581,150.9
38.46789921,-8.57015111,57.4
38.89391125,-10.73369321,-2662.8
37.91172141,-8.90925789,-46.1
39.22335294,-10.39585504,-1547.3
39.38857374,-9.15394658,38
39.38133554,-7.82214735,225.5
39.79119081,-9.8192006,-2353.3
37.38861938,-8.53401178,434.8
38.14493658,-7.63909196,125
38.14726857,-10.27729704,-4577.6
39.68008157,-8.06058692,343.7
38.00524686,-10.30687152,-4039
39.27721108,-10.64865716,-2574.3
39.01383911,-9.33973925,109.9
39.04106388,-9.59772727,-86.7
38.81500762,-7.8520851,249
37.43734201,-8.92225487,-122.8
39.58168152,-10.06876599,-2566.3
39.46265773,-9.79714866,-2317
37.60453876,-10.23187467,-2943.5
39.72310688,-8.69964396,125
38.77403994,-9.47839728,241.4
39.44153663,-8.31022597,100
39.66675676,-9.17525615,-72.2
40.00955622,-9.29791813,-68
38.99886531,-10.28646582,-1234.2
37.99384006,-9.3484266,-837
38.24787409,-7.68754734,300
39.69689764,-9.26040656,-92.8
39.89871923,-10.18992227,-4028
39.62419702,-9.63703847,-603.2
39.53877584,-8.56328916,76.8
38.49252413,-7.37583194,200.1
38.49162475,-10.72867127,-4865.7
38.97741942,-9.65784622,-121.1
37.44464718,-8.92860486,-129.3
37.49519923,-9.66009749,-1861.2
38.23278796,-7.4643615,175
39.98677568,-8.39912168,275
39.17841981,-9.95859973,-198.8
37.50803091,-8.94857664,-133.5
38.29600876,-10.80808296,-4963.6
38.25973215,-7.83320769,294.7
39.06977305,-8.31732337,112.6
37.47827063,-8.55204897,77.2
37.54349987,-8.41674216,187.9
39.43811741,-8.29726479,100
37.94640305,-7.94882969,164.5
39.79784057,-8.52261063,225
39.34884762,-8.6339918,25
39.67386458,-8.72536876,300.1
38.41689129,-7.39381507,145
37.42245687,-9.18439336,-386.6
38.13142192,-10.54696046,-4878
38.3493707,-7.76415219,275
39.97071257,-10.04985493,-2214
37.89715847,-9.61554205,-1651.1
37.57632899,-8.57523286,145.2
37.76231533,-9.45973894,-802
39.19104725,-8.49482894,100.7
38.1726172,-7.5312747,125
38.28621529,-7.87069041,200
38.24520142,-7.67654563,275
38.02904263,-9.0871376,-312.6
39.01428919,-8.28707718,57.9
38.8098459,-9.39935799,80.3
37.90398633,-10.38570212,-3750.9
38.14674195,-8.51827037,59.2
38.27048157,-7.56121182,225
38.86475361,-8.79030665,25.7
38.85189158,-8.02935278,171.9
38.61867428,-9.53809053,-105.4
40.00426744,-9.57185777,-165.5
39.56566739,-10.62655919,-3823.2
38.98590299,-10.74171203,-2395.8
37.66938662,-10.32606667,-3215.8
38.42731832,-10.56120971,-4836.7
38.76759039,-9.34737467,159.1
38.85450299,-8.2493816,105.3
38.35192439,-8.44227148,84.6
38.58469365,-10.09613162,-3438.7
39.33947669,-8.27593614,175
38.56001996,-8.93124221,165.1
39.23549745,-9.78958974,-133.2
39.37768779,-9.6743064,-272.8
39.75638438,-8.53717355,199.1
37.66756996,-9.02573433,-208
38.82211921,-8.72903538,50
39.65076813,-8.31870734,179.1
38.37430225,-7.7564327,225
39.68601766,-9.3549975,-120.3
38.80439821,-9.71597273,-67.8
39.41241455,-8.69990921,123.2
38.85841273,-8.52899965,100
37.61538629,-8.50512548,204.7
38.4700739,-10.59810646,-4843
37.45422734,-8.56702092,147.7
37.73016657,-10.38432892,-3424.4
38.207135,-8.02660805,133.8
38.31533364,-10.46186526,-4822.2
39.2967625,-8.84401739,95.7
38.11670056,-8.51383095,106.1
37.80895475,-10.20088611,-3217.8
39.80406381,-9.14264825,-64.5
38.75061035,-9.93690221,-332.3
39.61951667,-10.32774054,-4233.1
39.31580765,-10.33076766,-1523.5
38.45434089,-9.05197207,178.2
38.4384234,-9.40283636,-157.2
38.66211436,-7.91589866,290
39.81715937,-8.32460481,276.4
37.70879857,-7.8553358,175
37.32449797,-8.72176407,188
39.75849213,-10.20535263,-3535.1
38.25999979,-7.66860174,300
38.74200292,-10.56274712,-4232.9
38.68356112,-9.66599722,-128.6
38.46709392,-10.85501201,-4901.4
39.36057056,-9.6523929,-20.7
39.12909053,-9.54927439,-51.2
39.71149032,-8.05417268,350
39.32671963,-8.15085152,175
38.33326413,-9.94990629,-4374.4
38.61317541,-8.32104718,225
39.00620905,-9.30545221,108
39.13855702,-7.90161739,175
38.05474664,-7.9231528,198
38.77112248,-7.72998138,283.1
39.07234995,-10.66390645,-1840.2
39.09791064,-7.98553516,150
39.47029648,-9.55059318,
37.96830016,-7.83959234,215.3
39.95618166,-9.56527292,-167.7
38.09073785,-8.77565023,18.9
38.98196641,-10.7128851,-2260.4
38.08463038,-8.45528202,134.8
38.84023684,-10.48813459,-3104.5
39.26972706,-8.70217232,57.5
39.51390343,-8.93595317,157.4
37.59602659,-8.16293736,257.7
38.91251512,-10.07736512,-246.1
38.84689467,-9.86382463,-114.9
38.42985723,-9.1057001,-0.3
39.51871046,-10.66780183,-4114.6
39.27172783,-8.30769501,157.7
37.61294434,-10.14395799,-2721.3
39.62383825,-10.46165631,-4470.9
37.57247588,-8.42879092,248.8
38.43582722,-7.53033926,204.7
37.40019722,-8.77826173,100
37.57801942,-10.21367167,-2887.2
38.82374462,-9.99257885,-658.9
38.37234247,-10.3067592,-4710.7
38.77650681,-9.30179354,150.7
39.41960138,-7.61809418,325
40.0591135,-9.35454628,-125
38.35511021,-7.75310982,250
38.34588541,-10.71426425,-4922.2
39.31488575,-10.00557406,-21.2
39.01480528,-9.41616906,25
37.98097614,-8.15081131,129
37.6409515,-8.52668693,150.8
37.80690543,-9.61734332,-1455.7
38.49455034,-7.70389968,199.6
38.83197356,-9.3897815,175.4
39.04353472,-10.49281993,-1517.5
39.20256806,-9.1247504,97.8
39.19839238,-8.23868452,175
38.33340646,-10.08145724,-4715.2
39.27220862,-7.8076434,173.8
39.83142241,-9.54505941,-151.7
39.20335762,-8.84917484,100
37.58597329,-9.40681751,-933.9
39.20870485,-8.86392123,100
38.06932718,-10.12654928,-4286.7
38.55870886,-10.71969487,-4821.2
38.83147498,-10.64954091,-3183.8
39.593261,-8.0531606,275.1
38.08797483,-7.52097775,175
39.16664716,-7.9016638,191
39.08461406,-7.51199364,275
38.66045663,-8.97644869,24.9
38.93794823,-8.28426737,117.7
39.94232428,-9.43090869,-131.8
38.21811063,-9.74251047,-1881.5
39.1532791,-9.19443176,99.5
39.73625775,-8.65800112,192.7
38.72676645,-8.83995965,25
38.28199362,-8.54817844,90.4
38.7725199,-8.93993519,0.2
37.88501867,-10.19566424,-3003.6
38.084233,-10.52982718,-4866.8
39.04134448,-8.39541567,100
38.23132955,-7.77872635,250
39.69428311,-8.05846885,276.4
39.27003359,-8.53845548,43.6
39.70912111,-9.74096472,-1469.4
38.18835449,-9.64966983,-1705.9
38.88748225,-10.17229181,-1379.9
39.93491077,-8.33429274,488.1
38.85143876,-7.52622095,400
38.81463569,-9.42114348,110.7
37.87354912,-8.17701165,185.3
39.2954163,-8.11821747,194.3
38.84403682,-10.5701762,-3090.8
39.18053897,-10.56636847,-1926.4
39.37333279,-10.19266707,-1610.9
38.02154282,-8.26493015,75.1
39.5202412,-9.52841992,-1263.6
38.19424059,-10.26975973,-4471.3
37.75481384,-8.59501636,150
37.3422522,-9.16591986,-377.1
38.35223831,-8.86938591,-51.5
40.08342514,-9.4020593,-121.1
39.84183615,-9.56959798,-161.4
37.54798683,-10.11630446,-2600.7
39.45007318,-8.69854811,74.1
37.48935831,-8.24007526,293.4
38.34653421,-8.63600927,63.2
38.20423892,-8.38344458,81.5
38.90601526,-8.25482058,100
39.10985955,-9.9342626,-155
39.58955347,-8.67785468,448.5
38.20671453,-10.59553523,-4878.3
37.41036534,-9.6879622,-2634.5
39.26833619,-8.51111249,47.4
39.08345545,-7.77034801,183.5
38.0669295,-10.65696295,-4930.6
37.91847133,-9.25812858,-536.4
37.30732006,-9.30040928,-836
38.22948155,-10.15979602,-4208.6
37.86401136,-8.1854313,175
37.99485005,-8.30708492,74.9
39.8914386,-9.07713998,-52.6
39.03003748,-10.62298008,-1798.7
38.32557903,-7.74073699,319.4
37.61311216,-9.74909521,-2530.8
39.72329604,-8.57514827,175
38.03293146,-9.10381094,-347.5
39.03306112,-10.15034951,-247.1
38.3135769,-10.42652213,-4791.6
38.9404313,-8.58829375,25
39.75618835,-8.26939059,280.4
37.60801179,-10.15311008,-2725.8
38.35321873,-8.23101108,157.6
38.22291251,-9.11250645,-460.3
38.4291216,-7.79085599,225.2
39.81983933,-9.88043375,-2558.8
39.14727744,-9.38576976,
39.24380122,-7.96050593,198.2
38.9006839,-10.59015941,-2398.1
39.19214649,-9.05868553,345.6
38.42364081,-10.42873398,-4838.8
38.32534581,-10.55895908,-4852.1
38.39623355,-9.19824627,-24.8
37.65112884,-9.19628449,-459.3
39.53552985,-7.87159879,250.8
37.61824326,-8.74027181,70.4
38.82273914,-8.91673651,7.6
38.98965754,-8.78728253,4.4
37.80855273,-8.45595675,75
38.07680652,-10.37766373,-4592.4
39.56127863,-8.41041388,79.3
37.54064572,-9.27535621,-689.9
37.98151713,-8.82399192,29.1
38.12145341,-10.08640933,-4607
39.08587368,-10.00218321,-231.9
37.30621292,-9.24393843,-562.7
38.32420412,-10.20570705,-4577.9
38.55705379,-9.1993382,
39.34737837,-9.23934803,82.8
38.66946889,-8.76083186,38.1
38.91742538,-8.19086858,136.2
38.81630363,-8.50829843,75
38.95682223,-10.64573796,-2122.5
37.78027943,-9.49052728,-1098.7
37.99427022,-9.58548236,-1645.3
38.72907507,-8.26453591,200
39.15469292,-9.00753023,126.1
37.44952875,-8.99420761,-157.3
38.36794392,-9.00272522,-106.4
38.35672344,-7.9449204,250
39.03002299,-9.02830115,107.1
38.39595862,-8.07338039,185.8
39.01352513,-7.83804611,200
39.2168141,-8.29935291,101
39.98751524,-9.6091237,-217.1
39.66749661,-9.03662681,117.1
39.43118918,-7.88002496,260
39.14233152,-10.28966893,-1122.2
39.17209859,-10.2596204,-1054
37.99757433,-7.82770242,178.4
37.62899196,-8.97081898,-151.2
39.06053803,-9.58786401,-68
38.73631321,-8.42136481,100
40.00499047,-9.41797475,-123.9
38.09458732,-10.39179154,-4786.9
38.28558698,-7.46856794,175.7
39.33075256,-10.05880221,-453.7
38.80456424,-7.81886962,250
39.39777066,-9.22402058,18.5
38.68292995,-8.9937998,0.5
39.38299105,-9.01441877,125.6
39.29235595,-7.5111563,377.4
38.23148153,-8.36691915,100.8
38.93950405,-10.75467903,-2473.2
37.52083194,-8.64450127,76.5
39.67046322,-9.09080564,-8.4
38.02809454,-9.980132,-3363
37.97020497,-8.13032181,173.9
38.99709198,-10.36840146,-1439.9
37.90026051,-8.48144046,75
38.63998743,-8.33948229,212.2
38.38605943,-8.13220134,207.6
38.10136882,-8.15789741,100
38.85085464,-7.33373206,317
39.4190555,-7.95514904,266.9
38.37277181,-9.89197147,-3269.6
38.47747237,-7.93000481,225
39.09163344,-9.26224151,30.5
38.7529115,-9.50686359,-7.7
37.84528983,-9.41445118,-742.1
39.22454524,-10.74993325,-2238.8
39.14197353,-9.11530017,270.1
38.83035865,-10.8347833,-3131.3
38.81785382,-8.83970034,25
39.55314125,-10.31089229,-3858.1
37.65376105,-9.05723573,-259.3
38.81438286,-7.40423329,290.1
40.103643,-8.91125735,-10.3
39.31283658,-8.03616966,200
40.01319552,-8.50473897,338.6
38.84374573,-9.76945622,-79.7
39.60065366,-7.69545508,150
39.31101095,-10.3927149,-1747.8
38.26291447,-8.534471,77.6
37.68048485,-8.00383004,200
38.13005146,-7.50014863,150
39.68101164,-10.49465886,-4292.8
38.79262917,-8.37416905,114.9
37.77681614,-9.52409705,-1116
38.94409678,-8.25328321,123.6
39.80081722,-8.76699448,82.4
39.0883118,-10.43290807,-1325.8
39.63781252,-8.26847477,225
39.77727568,-8.33292844,303.7
39.28753084,-7.98285528,128
39.76936713,-7.95374668,440.4
38.51385242,-7.60442,226.4
39.61904571,-8.90719458,100
39.35707988,-8.66271434,73
39.73754527,-10.08329722,-2158.4
39.01668236,-8.61274779,79.3
39.38770502,-8.32908912,150
39.92180678,-9.45251813,-134.5
38.36560207,-10.42463421,-4823.2
39.36683917,-7.74575763,250
37.69221145,-10.30185018,-3187.5
37.89270603,-10.31616968,-3472.6
38.27186626,-10.70738038,-4927.4
39.65973654,-8.00628085,325
39.22203836,-8.85728816,100
38.09536266,-10.66108597,-4927.8
38.1801308,-9.54637832,-1868.9
39.68110546,-8.07349735,322.6
37.46556056,-8.30014262,326.2
38.48887262,-8.45935158,108.2
38.93323093,-10.80384439,-2576.9
37.75188068,-9.1509691,-411.6
37.31194814,-9.15178111,-317.4
38.88164778,-9.74643126,-129.6
38.72111814,-7.85981096,285
39.16740906,-9.08075889,263.2
37.6571099,-9.4981144,-1018
38.02341252,-10.50858779,-4704.4
38.15013133,-8.76613063,25
38.38943277,-7.70282326,200.8
39.29324475,-9.10314735,126.3
39.72374544,-8.750277,129
37.92265989,-10.52099525,-4438.5
38.16352905,-8.18398729,50
37.90537553,-8.7541043,56.9
37.67458482,-8.47347323,250
37.64008585,-8.21701403,200
38.62565588,-7.82336988,265.8
38.13431803,-7.56582082,139.7
39.85201578,-8.56356764,177.3
39.29221385,-10.11030379,-441
39.80394273,-9.86021712,-2321.9
39.28863936,-9.16126406,29.3
38.61019189,-10.75997829,-4618.4
37.80513755,-8.45145066,80.3
39.80942577,-9.93685431,-2975.4
39.8635269,-9.75645498,-1517.9
37.9774536,-8.77088576,69.1
38.79898155,-10.40709186,-2110.1
39.43566864,-9.04091573,91.4
38.78982903,-10.71848177,-3589.1
38.06916349,-8.72086105,86.4
39.5044699,-9.92186308,-3388.3
37.92185916,-7.63040964,141.3
38.36708564,-10.40699129,-4806.5
39.26572446,-7.94447623,180.2
37.96274322,-8.26530775,70.9
39.65659621,-8.72981565,397.8
37.35059071,-9.2090487,-416
38.78329032,-8.46006479,75
38.28728984,-7.74197453,289.9
39.09015617,-9.83325759,-150.4
39.90221798,-8.08297698,569.1
37.86251331,-10.47148457,-3875.2
38.31311276,-10.34945717,-4695.8
38.28480194,-10.62262429,-4881.5
39.47837491,-9.2597368,-49.7
39.04834898,-10.06360556,-289
38.94765891,-8.9867012,6.7
38.23698287,-9.63494936,-1440.6
37.9028109,-10.1232187,-2887.8
38.28176027,-10.18878487,-4432.3