51.56231434,-0.16550381
51.4518394,-0.14850437
51.45364917,-0.20083086
51.48805184,-0.20337339
51.45818696,-0.05874243
51.53074034,-0.13214253
51.46464454,-0.10926389
51.482649,-0.13119237
51.46214632,-0.09413755
51.53797407,-0.18197582
51.46848798,-0.18978865
51.55933562,-0.20676196
51.50194896,-0.18368757
51.53436676,-0.13114087
51.55274153,-0.21155589
51.49437322,-0.11254128
51.52323833,-0.05779402
51.47760554,-0.1634191
51.46789434,-0.21830958
51.52832366,-0.22924722
51.46646752,-0.11932698
51.4487218,-0.18715725
51.47125413,-0.03797326
51.4407122,-0.10120341
51.4542836,-0.12524715
51.44425465,-0.11519293
51.48359675,-0.18018993
51.51152791,-0.19212575
51.53604757,-0.15084471
51.5566082,-0.09409366
51.49516962,-0.05460668
51.49845299,-0.14885485
51.54200886,-0.10516252
51.52981313,-0.14128473
51.46691179,-0.17916421
51.45140985,-0.17785379
51.5424442,-0.10511402
51.5076865,-0.02411875
51.47839527,-0.14591183
51.50103578,-0.01519592
51.48140167,-0.05314272
51.53520872,-0.06967506
51.54690682,-0.13440984
51.50888484,-0.1221897
51.52354756,-0.08223511
51.44456237,-0.10196301
51.53562584,-0.05005652
51.53083985,-0.0430332
51.53730088,-0.21517183
51.5560047,-0.13185541
51.55039046,-0.04273023
51.51886703,-0.17701405
51.44871591,-0.14353391
51.56386631,-0.13127496
51.55233644,-0.08442203
51.47963661,-0.18231083
51.50463524,-0.20509709
51.54565412,-0.1047348
51.55174693,-0.12015853
51.46821416,-0.07675772
51.49012651,-0.14641062
51.45447947,-0.05895449
51.48771291,-0.04442302
51.51753724,-0.12206449
51.46881628,-0.16385522
51.54064822,-0.22597771
51.48399118,-0.03956729
51.47870965,-0.18880752
51.52751051,-0.02702275
51.50381524,-0.20698138
51.46964066,-0.12818814
51.52304163,-0.08101527
51.55188981,-0.16121492
51.52224709,-0.18067799
51.50460609,-0.08697583
51.56122158,-0.14097874
51.54648513,-0.19393381
51.45406494,-0.13945388
51.53802363,-0.04015293
51.49854916,-0.2379835
51.50247336,-0.16741716
51.49860472,-0.0759097
51.50444838,-0.0273397
51.51413464,-0.07983979
51.54864269,-0.19778787
51.55043072,-0.14975666
51.57279124,-0.09052686
51.53469884,-0.18767159
51.55032422,-0.08385369
51.53863047,-0.21550556
51.5502671,-0.07840161
51.54198292,-0.10944365
51.4868699,-0.14096667
51.48848198,-0.14117281
51.53629431,-0.08566606
51.48984369,-0.15211251
51.47175996,-0.05346123
51.46670803,-0.03791245
51.55197831,-0.1919944
51.45811285,-0.1515486
51.49842553,-0.1505285
51.55781839,-0.05697283
51.50384771,-0.12182223
51.56257661,-0.12289887
51.47896194,-0.22213574
51.47152184,-0.03736135
51.51605994,-0.18056382
51.51898379,-0.12018271
51.47141309,-0.18460195
51.45333836,-0.14074183
51.55648631,-0.0565867
51.50120587,-0.04114667
51.5014065,-0.21594766
51.46868319,-0.21944629
51.47768064,-0.19040978
51.5595382,-0.18113577
51.47906398,-0.10497418
51.45215784,-0.05459233
51.48606822,-0.10470976
51.52676247,-0.04205689
51.49888805,-0.18684713
51.48220327,-0.09596394
51.49419174,-0.2070139
51.47838883,-0.13080205
51.46516859,-0.09410272
51.45873245,-0.04844508
51.5158698,-0.0947689
51.48028789,-0.2150556
51.49280846,-0.23963336
51.48641784,-0.06932189
51.53672012,-0.18699988
51.55774934,-0.13619104
51.47565185,-0.18670251
51.4971508,-0.14810771
51.54724506,-0.07906776
51.4438926,-0.13254624
51.52170598,-0.06415886
51.52983671,-0.13289871
51.49432181,-0.11693231
51.48228044,-0.23479617
51.55848388,-0.15279361
51.57272094,-0.1249922
51.56088985,-0.16020767
51.50358868,-0.15912746
51.46588942,-0.06896992
51.47593876,-0.03530378
51.49097444,-0.17252066
51.46898519,-0.08766596
51.50062461,-0.16132019
51.48084178,-0.19143507
51.52276934,-0.13985653
51.51479526,-0.24031521
51.4927545,-0.14642624
51.47609644,-0.13344668
51.52676883,-0.22194086
51.51915663,-0.14937969
51.56129096,-0.14186907
51.48258111,-0.1562561
51.52058537,-0.22422645
51.45090015,-0.18840184
51.50453571,-0.03578241
51.47690415,-0.15474629
51.47582348,-0.18777089
51.5049564,-0.23100761
51.55290095,-0.15698604
51.49614468,-0.24172506
51.56562399,-0.13840538
51.50278543,-0.17527096
51.52424578,-0.11168144
51.53773918,-0.1900535
51.48731627,-0.04070332
51.52529292,-0.20034885
51.45283493,-0.09020131
51.43872184,-0.09414002
51.50797585,-0.22152775
51.53356467,-0.03038943
51.47758704,-0.21559771
51.51054795,-0.14512701
51.50447641,-0.07241532
51.530582,-0.16707126
51.49176256,-0.20512455
51.50164438,-0.01661438
51.45871706,-0.15501567
51.46703083,-0.06107083
51.5337146,-0.09332991
51.48478695,-0.04420094
51.55559494,-0.19393367
51.53042433,-0.23517656
51.55967139,-0.16926493
51.46992633,-0.05295639
51.53698989,-0.16374545
51.48643541,-0.10332617
51.52528739,-0.08905144
51.51787589,-0.14068855
51.5436927,-0.04357465
51.46328254,-0.14618505
51.52769409,-0.22113948
51.52244045,-0.16254828
51.52791476,-0.04420221
51.47339102,-0.14588753
51.52592246,-0.11988711
51.57111775,-0.12722162
51.54309539,-0.14755904
51.49897585,-0.1546107
51.49075045,-0.19863935
51.46345167,-0.17833667
51.47006263,-0.09659751
51.50976167,-0.2117344
51.52498255,-0.19602478
51.52145775,-0.18387823
51.47370893,-0.17049746
51.45042382,-0.13656834
51.52404641,-0.13357164
51.4963828,-0.06093234
51.5210591,-0.03218786
51.4609488,-0.18280291
51.52583432,-0.12203753
51.5060359,-0.07512518
51.47872231,-0.03898464
51.4911947,-0.20048637
51.51795816,-0.04974071
51.50581092,-0.06343347
51.46710257,-0.20484289
51.51995819,-0.10370998
51.56960661,-0.12541456
51.48667645,-0.1739419
51.553995,-0.1527098
51.52576443,-0.1203619
51.48803831,-0.1571691
51.47747603,-0.04262973
51.46710415,-0.11682403
51.5738074,-0.09446131
51.49835181,-0.01269988
51.56191129,-0.1497283
51.49394057,-0.03596291
51.49729924,-0.02677601
51.5110607,-0.05357542
51.4546083,-0.15693265
51.57345074,-0.16789943
51.52683196,-0.03046016
51.53508513,-0.10910483
51.51833876,-0.08661788
51.53812934,-0.16932212
51.47020803,-0.06287487
51.49807906,-0.12881396
51.47919936,-0.08665133
51.54851698,-0.03855737
51.5458244,-0.0843482
51.51566885,-0.12471079
51.549956,-0.21377639
51.49899121,-0.15388713
51.46701978,-0.12892907
51.5119265,-0.13236483
51.47291045,-0.12366031
51.47526916,-0.16713669
51.48754607,-0.10993807
51.56581707,-0.19154473
51.55158983,-0.12286221
51.46760483,-0.05062477
51.52512465,-0.06173395
51.53887331,-0.18727175
51.51403951,-0.11557022
51.53535039,-0.15443216
51.53808176,-0.10483088
51.54494962,-0.08395403
51.52582807,-0.12779614
51.52863583,-0.10827567
51.52260494,-0.16036403
51.53470987,-0.11582609
51.46468224,-0.09384069
51.48578909,-0.11405272
51.47885343,-0.10508556
51.4590102,-0.10707748
51.46241226,-0.20161751
51.46906778,-0.22475692
51.45597128,-0.19753506
51.51031621,-0.22374262
51.49742322,-0.14630811
51.48796279,-0.22643362
51.53029992,-0.0338168
51.55940366,-0.14418107
51.56547225,-0.12338043
51.50249439,-0.18492276
51.51394602,-0.05517392
51.52234856,-0.15704036
51.48481194,-0.02691537
51.45197549,-0.15164596
51.46505723,-0.14850858
51.4808293,-0.08263892
51.56299905,-0.05614454
51.46463757,-0.20550875
51.51225037,-0.14781202
51.51129862,-0.13683327
51.50914242,-0.23851858
51.53319346,-0.05526589
51.47076745,-0.04026675
51.48933843,-0.18599866
51.57003794,-0.09950698
51.5469633,-0.14261685
51.46119116,-0.11442981
51.56453164,-0.07363974
51.46759364,-0.11567495
51.47570695,-0.08558745
51.47108861,-0.12813968
51.52312128,-0.04700427
51.47156588,-0.10154263
51.47788795,-0.17830027
51.53413039,-0.15624277
51.48879697,-0.12646637
51.50067353,-0.20840188
51.46731007,-0.04757935
51.48119032,-0.05682499
51.53548467,-0.16877463
51.5212144,-0.08828499
51.49367776,-0.07537531
51.47087924,-0.04107136
51.47519757,-0.04751135
51.540847,-0.20629125
51.54349981,-0.22840826
51.50908335,-0.19729986
51.4914927,-0.20705045
51.52091695,-0.06353453
51.46849553,-0.10556198
51.51395596,-0.14317641
51.47020614,-0.11270231
51.5210977,-0.17660142
51.54057799,-0.21963873
51.50643269,-0.2414184
51.47187151,-0.16196755
51.53328206,-0.21682778
51.49791423,-0.08164318
51.57690378,-0.12205415
51.47327475,-0.0925175
51.50113398,-0.13260164
51.49526266,-0.04926997
51.53146631,-0.14623081
51.53756867,-0.20126288
51.50872106,-0.19564127
51.52593806,-0.17077931
51.53136208,-0.04655376
51.56446056,-0.12179811
51.49520885,-0.19674959
51.47129558,-0.03322276
51.56103245,-0.18227894
51.52344747,-0.05859437
51.48250041,-0.12417499
51.56048704,-0.19074739
51.55519258,-0.08355545
51.52199127,-0.09355609
51.50528378,-0.06209566
51.45112777,-0.18936056
51.46262084,-0.14130752
51.57628599,-0.11363159
51.53037997,-0.04702162
51.56787696,-0.15906284
51.45990881,-0.12270997
51.5498122,-0.03703873
51.56201252,-0.09783687
51.55253238,-0.05748783
51.5687044,-0.06794391
51.51619952,-0.06875678
51.55013662,-0.13353781
51.53134295,-0.11244563
51.52719771,-0.16142636
51.54762755,-0.04241284
51.53526635,-0.19208682
51.50708706,-0.09462702
51.45395989,-0.18628898
51.51569931,-0.23901223
51.51295086,-0.15168387
51.53872567,-0.13196751
51.56908396,-0.1467517
51.55968142,-0.08657859
51.48106292,-0.09745747
51.51806326,-0.21574368
51.55001412,-0.158756
51.51874064,-0.11232533
51.52667393,-0.10846252
51.54332973,-0.20138242
51.54812008,-0.08123083
51.54590339,-0.19747788
51.54251945,-0.11382316
51.55897853,-0.17933704
51.57276812,-0.10530766
51.49998873,-0.16983751
51.54318652,-0.04538037
51.48948565,-0.13973794
51.5592618,-0.17331249
51.51957945,-0.229385
51.53538432,-0.07710695
51.56599515,-0.1860349
51.53447746,-0.14427047
51.47601903,-0.14350907
51.51819242,-0.11478471
51.47926175,-0.13827761
51.48130546,-0.23192698
51.50229083,-0.20141966
51.46404753,-0.09325302
51.50241132,-0.0626752
51.44883544,-0.1219366
51.51499774,-0.04141763
51.55165979,-0.16335207
51.48014934,-0.22583476
51.57675424,-0.12316982
51.52405929,-0.04230564
51.48562294,-0.1659153
51.44706002,-0.0762873
51.52519553,-0.20193146
51.47780366,-0.14497226
51.4476149,-0.12345107
51.50365326,-0.23920542
51.51464016,-0.07558338
51.52140264,-0.14601326
51.50111854,-0.23616341
51.48474176,-0.1767614
51.44365258,-0.17299831
51.49927584,-0.23127096
51.53713594,-0.11797543
51.56927434,-0.08656237
51.48885308,-0.18975419
51.52807513,-0.12038625
51.53656133,-0.09701193
51.52554425,-0.04622419
51.52613619,-0.20201066
51.51244438,-0.09186287
51.45420414,-0.14027325
51.53481425,-0.15187688
51.45118919,-0.05586352
51.45798237,-0.19061205
51.54229475,-0.16965327
51.50853781,-0.12787337
51.55996636,-0.16281645
51.52049375,-0.09543381
51.54242139,-0.18333865
51.45759386,-0.12491661
51.56144794,-0.05891653
51.50740341,-0.08050435
51.47825785,-0.12951642
51.45411277,-0.06386645
51.54489581,-0.19617359
51.46849164,-0.16066572
51.47544067,-0.09224748
51.55980115,-0.15412848
51.49999846,-0.15788473
51.47905492,-0.06193803
51.5238386,-0.19777986
51.43682398,-0.10669999
51.5428096,-0.17872458
51.48532364,-0.14189441
51.52194363,-0.10906245
51.52412804,-0.14769185
51.47218297,-0.05460174
51.54794172,-0.21877378
51.50727825,-0.05316594
51.52786797,-0.05883723
51.52048281,-0.14349397
51.56426469,-0.11326033
51.57022938,-0.17047815
51.52593754,-0.10325659
51.55957691,-0.12069001
51.52966472,-0.14503242
51.45274459,-0.11635887
51.47890721,-0.09198972
51.49363107,-0.13633095
51.50618536,-0.06617186
51.54527328,-0.15286231
51.49592102,-0.08485909
51.47830648,-0.19903385
51.52244756,-0.22911711
51.52087931,-0.1390016
51.49766953,-0.11654682
51.47457547,-0.04675198
51.55438752,-0.09519098
51.51890058,-0.10213953
51.55754139,-0.13355108
51.5182486,-0.21411943
51.48420753,-0.08968275
51.4486433,-0.16171069
51.45377453,-0.17355357
51.50704075,-0.16301439
51.52921657,-0.06906994
51.50026228,-0.13141971
51.50259851,-0.13435183
51.48149284,-0.1058475
51.49605567,-0.18907096
51.51856117,-0.07908852
51.49909445,-0.05749907
51.5102104,-0.04147407
51.56617466,-0.15212735
51.48487366,-0.09654779
51.52680464,-0.2165161
51.55362775,-0.13329251
51.49686829,-0.13617034
51.5284138,-0.03053369
51.50916916,-0.14681774
51.52277907,-0.18047351
51.51591603,-0.15370534
51.52824747,-0.19555871
51.46970103,-0.0719729
51.47853511,-0.15806647
51.47992328,-0.14610836
51.56127525,-0.17818727
51.5668339,-0.07190086
51.52087286,-0.18686062
51.46775468,-0.10274802
51.4847961,-0.11167257
51.5744502,-0.12917811
51.56122716,-0.07477231
51.45797514,-0.07891774
51.51014281,-0.23274218
51.50172225,-0.12941467
51.49575089,-0.17627597
51.48052833,-0.1346542
51.50152169,-0.01233619
51.52152308,-0.03883292
51.54129601,-0.16928319
51.4510138,-0.18325696
51.49923807,-0.1190923
51.48217094,-0.20344481
51.4818583,-0.01920944
51.52795385,-0.0824936
51.54910279,-0.18633752
51.52768922,-0.07533432
51.55717817,-0.05622848
51.44586826,-0.14380788
51.5402226,-0.20847704
51.50002796,-0.02277361
51.53009295,-0.03035634
51.52195625,-0.0656534
51.4952285,-0.10708235
51.56591153,-0.17787368
51.4556048,-0.12761887
51.49141026,-0.03961837
51.45365,-0.0794883
51.46747219,-0.09042881
51.52170137,-0.23253425
51.52795306,-0.12692207
51.54023407,-0.17229092
51.52904683,-0.19307045
51.5171276,-0.08363186
51.47468606,-0.05323316
51.45482139,-0.08486285
51.50571217,-0.1994594
51.55538688,-0.14417214
51.53733676,-0.13629154
51.47083727,-0.09017627
51.48275377,-0.10442188
51.54793389,-0.11287675
51.57020748,-0.1832388
51.47643934,-0.11866217
51.53268367,-0.17626642
51.46496679,-0.12689135
51.46239362,-0.1689871
51.49498318,-0.20525846
51.51137662,-0.19271621
51.55596486,-0.09398639
51.447591,-0.14650775
51.52130391,-0.18122714
51.51009352,-0.21339155
51.49646031,-0.13240963
51.53100508,-0.14075039
51.53576119,-0.08763025
51.53316683,-0.23606115
51.57819682,-0.11502586
51.45169213,-0.08845592
51.4447721,-0.10587234
51.52107664,-0.20090442
51.53851775,-0.03717454
51.46181588,-0.1263016
51.47208278,-0.19914051
51.49170129,-0.19535338
51.56359737,-0.16364223
51.51458279,-0.1766282
51.53430802,-0.05100973
51.4783125,-0.16068639
51.47817603,-0.23043226
51.45355211,-0.17764708
51.50016603,-0.02731454
51.5180309,-0.16874407
51.55932685,-0.10237968
51.49846609,-0.2420908
51.49680772,-0.01888251
51.44252991,-0.09200599
51.48340998,-0.19186232
51.52828771,-0.20537088
51.50528477,-0.10686676
51.52759464,-0.11630545
51.51375799,-0.24318248
51.50727607,-0.11856745
51.55688166,-0.05201805
51.47450231,-0.1247897
51.48028327,-0.22825554
51.46465479,-0.0928571
51.47165484,-0.07103107
51.55211202,-0.15801704
51.48017937,-0.03875601
51.50599009,-0.19228539
51.55921351,-0.11472724
51.56656708,-0.15530996
51.48815557,-0.18304963
51.48074939,-0.09201096
51.53431735,-0.19902453
51.51854025,-0.13296892
51.4638788,-0.05938923
51.46835126,-0.1303042
51.52907146,-0.20430284
51.45485116,-0.17339038
51.53704827,-0.06720436
51.45271217,-0.0712815
51.51302312,-0.08420183
51.46019712,-0.13062488
51.53166967,-0.19772851
51.53973611,-0.20724271
51.51255922,-0.19874347
51.51284991,-0.21191237
51.567168,-0.09408491
51.56318522,-0.1903924
51.47827311,-0.06681552
51.45519597,-0.10554935
51.52922233,-0.1577069
51.48162289,-0.15445238
51.51243976,-0.10867257
51.46275023,-0.086383
51.51036099,-0.06308262
51.55488949,-0.06331574
51.53043019,-0.15981415
51.45001895,-0.0754729
51.53679189,-0.1724538
51.54254413,-0.05675871
51.53353885,-0.05535641
51.49119761,-0.05695013
51.47664654,-0.1688266
51.56440251,-0.15157319
51.45340878,-0.10949939
51.44116847,-0.10026731
51.5698694,-0.1586809
51.48438494,-0.03011274
51.57190104,-0.10011095
51.56714796,-0.13475759
51.5013873,-0.23403676
51.53863885,-0.07409856
51.54536079,-0.09333358
51.48635757,-0.05015603
51.46269161,-0.21733663
51.5290809,-0.1692195
51.49304857,-0.14504158
51.50152414,-0.0508884
51.53244818,-0.11407966
51.49070342,-0.04600137
51.50203233,-0.13725335
51.50205553,-0.22480882
51.4835962,-0.18271468
51.54553319,-0.05016196
51.56059915,-0.10264675
51.55057143,-0.10786345
51.50486519,-0.03423823
51.49767154,-0.04253209
51.46129069,-0.09634926
51.50974878,-0.09456486
51.53436618,-0.19294614
51.46885216,-0.21923833
51.53841069,-0.09895072
51.45837471,-0.17304021
51.49787347,-0.2317468
51.47245064,-0.12671806
51.52070053,-0.20478304
51.50167568,-0.07874667
51.48459896,-0.23621928
51.48791219,-0.22408887
51.50570477,-0.17410196
51.56136401,-0.0793454
51.53208453,-0.17001341
51.54204498,-0.218278
51.4987775,-0.05531241
51.47686876,-0.13714514
51.55099105,-0.08373231
51.51389514,-0.11043619
51.47789206,-0.14694787
51.48154088,-0.06428127
51.47820068,-0.07139045
51.49613514,-0.23421876
51.54515979,-0.13705069
51.56955982,-0.0708839
51.53610401,-0.05260686
51.47256305,-0.1880403
51.48827886,-0.18282699
51.53582984,-0.17144459
51.54920322,-0.07402365
51.50623218,-0.17554035
51.51808051,-0.06275498
51.50803441,-0.13904312
51.54323107,-0.22338584
51.5290643,-0.11509479
51.48879131,-0.16323421
51.51225845,-0.12981481
51.50937368,-0.15382749
51.56084466,-0.0646638
51.52338547,-0.03874215
51.49988395,-0.12329662
51.44926322,-0.10831319
51.50695957,-0.0608326
51.53817474,-0.16293279
51.50157785,-0.12282615
51.5712134,-0.12921334
51.57379507,-0.16594912
51.46475763,-0.13817326
51.51368113,-0.11232284
51.48524999,-0.17887571
51.48570063,-0.19582024
51.51145664,-0.18197587
51.51387331,-0.0241552
51.53719737,-0.10792648
51.56324934,-0.11522658
51.463635,-0.0519174
51.45864629,-0.05593666
51.46270574,-0.19667759
51.46964551,-0.2110583
51.55199633,-0.14109202
51.47172114,-0.22076073
51.52287398,-0.21393643
51.56279219,-0.07757908
51.47717378,-0.09565805
51.5216881,-0.21702836
51.51540703,-0.13812286
51.55577825,-0.09487325
51.55526256,-0.06526541
51.47192831,-0.13714881
51.53841175,-0.09980278
51.44047879,-0.08861509
51.49263242,-0.14478309
51.55755207,-0.17699426
51.49686639,-0.02379893
51.53783662,-0.09085322
51.55109224,-0.17931039
51.49982467,-0.10983785
51.47498138,-0.03053122
51.46124569,-0.12669851
51.5569667,-0.06204489
51.50941054,-0.14000873
51.52488567,-0.11224181
51.45284118,-0.12788817
51.45841512,-0.05585894
51.51483587,-0.14467879
51.50512329,-0.15538332
51.54720428,-0.18938711
51.51604754,-0.17739974
51.46543668,-0.0641767
51.47716154,-0.2313261
51.55763699,-0.0909572
51.45451006,-0.18367793
51.52098686,-0.18047888
51.54946992,-0.13289497
51.56925744,-0.16301893
51.56692257,-0.13665361
51.49470695,-0.23275542
51.51142533,-0.07096003
51.53881616,-0.06837701
51.55159509,-0.11074563
51.52725551,-0.06235274
51.48624035,-0.08432187
51.43556575,-0.12433376
51.51177269,-0.15547
51.51035342,-0.13583549
51.45662979,-0.1704394
51.50167383,-0.09022553
51.45173835,-0.13905932
51.48167568,-0.2205089
51.46667112,-0.04300382
51.54395944,-0.18255567
51.530736,-0.17762036
51.49306905,-0.15720781
51.48055276,-0.17963271
51.55391889,-0.10380949
51.45659424,-0.05431958
51.54937042,-0.14186726
51.55541992,-0.11057608
51.5423759,-0.2188069
51.53379462,-0.14060809
51.46903811,-0.1232048
51.48694584,-0.04349048
51.55238337,-0.08617854
51.4538262,-0.12049099
51.51337265,-0.12141521
51.47973578,-0.06422171
51.46739505,-0.08156994
51.53567247,-0.15471562
51.49860103,-0.06188344
51.46226725,-0.14494269
51.55068179,-0.19706449
51.54560875,-0.08137608
51.55890427,-0.10154711
51.55429429,-0.11162483
51.52347904,-0.16290995
51.51394684,-0.16530633
51.52851059,-0.04738566
51.48483815,-0.21375777
51.44068889,-0.0955489
51.4438155,-0.14265978
51.57369694,-0.14330946
51.45654954,-0.12380413
51.53727726,-0.05591515
51.51345042,-0.087331
51.49406342,-0.03381185
51.48488858,-0.15451686
51.45794042,-0.07509195
51.52951862,-0.10831299
51.46193712,-0.06285143
51.48575472,-0.15524027
51.54346956,-0.18816429
51.46239959,-0.14867398
51.47636594,-0.1403986
51.51138992,-0.09114349
51.47744854,-0.14559658
51.57197411,-0.07669849
51.49984095,-0.04833747
51.49778854,-0.12050362
51.48733458,-0.1343343
51.53649963,-0.11930977
51.52694302,-0.21673352
51.56306741,-0.12291435
51.53413168,-0.13725581
51.47019047,-0.07082129
51.56783011,-0.14110259
51.46496939,-0.19821421
51.49508158,-0.19910314
51.52327099,-0.17369117
51.46383409,-0.15322949
51.48020951,-0.05959612
51.5577576,-0.19406928
51.56458969,-0.06531572
51.53142767,-0.22881579
51.54973387,-0.10623813
51.48835202,-0.07507254
51.51121723,-0.15317265
51.46793378,-0.09398241
51.4685847,-0.08504205
51.56741599,-0.10765431
51.55552648,-0.17446172
51.56225826,-0.11790192
51.50474883,-0.19331844
51.45478365,-0.19002212
51.48624254,-0.09472485
51.55869104,-0.13176048
51.49914524,-0.10365364
51.53656953,-0.11928187
51.53235747,-0.16406082
51.56655468,-0.19367357
51.49096514,-0.13938616
51.46956857,-0.09905913
51.50790667,-0.24022015
51.48670645,-0.10984568
51.55549447,-0.16883573
51.44905462,-0.08556458
51.51611584,-0.11015621
51.53998764,-0.08471706
51.45297015,-0.10977352
51.48879052,-0.04626171
51.45664902,-0.17690533
51.51899784,-0.14936126
51.47781448,-0.12343934
51.54009341,-0.14291823
51.48739004,-0.20359751
51.49468893,-0.12553215
51.49113801,-0.08173083
51.49156469,-0.22552148
51.55700015,-0.16733054
51.52296148,-0.10411026
51.50016137,-0.03022706
51.4779659,-0.11812937
51.51014681,-0.14261757
51.55884156,-0.06558542
51.54310532,-0.12831994
51.56152747,-0.1579121
51.52948281,-0.17549896
51.54419596,-0.05552972
51.53687327,-0.19897459
51.47948912,-0.0603023
51.4742486,-0.08805827
51.46415008,-0.09784994
51.5312764,-0.15735564
51.45487796,-0.09320869
51.52889142,-0.12944331
51.54465148,-0.08808901
51.49786118,-0.07059535
51.51822678,-0.10844915
51.56016163,-0.10543931
51.51087187,-0.08656666
51.55185786,-0.10917236
51.44609646,-0.12883259
51.54646626,-0.17890685
51.51803131,-0.2372873
51.57210215,-0.08619376
51.49186084,-0.1599589
51.49159955,-0.11941444
51.49280526,-0.03308185
51.50081769,-0.18443458
51.47238832,-0.17226484
51.47302518,-0.07630725
51.5382942,-0.03991794
51.54578562,-0.16553783
51.54007771,-0.07647086
51.51589265,-0.06384367
51.57266405,-0.10348947
51.50069338,-0.07488064
51.46722475,-0.1679305
51.53089124,-0.05138319
51.52714165,-0.08519436
51.51729583,-0.11874204
51.49005182,-0.21845504
51.51605266,-0.24173758
51.53764943,-0.14422311
51.5187184,-0.14745364
51.50604758,-0.03843661
51.50568605,-0.23003196
51.48365328,-0.03112531
51.45327677,-0.12803579
51.44437099,-0.0912031
51.52859755,-0.1071178
51.49776432,-0.22272231
51.49663125,-0.13550501
51.56516343,-0.18016849
51.43619116,-0.12276915
51.48365869,-0.04401771
51.54243241,-0.13504242
51.45932723,-0.13296776
51.48064234,-0.20994493
51.46061659,-0.15240417
51.54154011,-0.21716976
51.52707216,-0.18649566
51.53267606,-0.23460017
51.49486837,-0.05832375
51.48333842,-0.05754988
51.53666189,-0.21648678
51.49728254,-0.16523008
51.5459447,-0.15528745
51.57274177,-0.12857151
51.48605135,-0.04108088
51.50924378,-0.10974487
51.46819892,-0.08467157
51.55266013,-0.13319292
51.55529278,-0.14601714
51.5358922,-0.2137479
51.56599679,-0.10748827
51.55928326,-0.15119637
51.51226315,-0.05543834
51.56497957,-0.08358378
51.4979033,-0.08986395
51.48181612,-0.09280088
51.49674324,-0.12447828
51.5123357,-0.1929891
51.47862301,-0.11203033
51.48651723,-0.22201593
51.45511838,-0.10103142
51.56852615,-0.17004899
51.57675692,-0.10062649
51.4849094,-0.10103946
51.44803979,-0.1432636
51.53820423,-0.15372275
51.55825228,-0.09374421
51.51340593,-0.13648711
51.55365274,-0.1200932
51.53786376,-0.12954396
51.50985572,-0.09185888
51.53728437,-0.22629662
51.51249867,-0.02822336
51.48827342,-0.06943121
51.4789202,-0.02806161
51.52259503,-0.19694295
51.50947035,-0.2317348
51.50403347,-0.12260992
51.52399668,-0.21089767
51.51941051,-0.03661675
51.47812156,-0.09407793
51.46587328,-0.04096746
51.50822534,-0.19697388
51.52179,-0.10600004
51.53779975,-0.11947094
51.56841121,-0.13199282
51.48931429,-0.22259907
51.5540931,-0.16169385
51.54250585,-0.22265381
51.44921937,-0.1282133
51.55242081,-0.18390054
51.52972827,-0.22648734
51.53912999,-0.20929934
51.46127,-0.20341518
51.48902735,-0.18598903
51.46662091,-0.05263267
51.47914798,-0.12272663
51.53172187,-0.05535406
51.4502474,-0.14281809
51.5057555,-0.20123386
51.5703176,-0.11859596
51.54128068,-0.1621351
51.4552144,-0.18748993
51.49677231,-0.08588329
51.53306457,-0.20831133
51.49724805,-0.02388886
51.49655343,-0.0941803
51.52370984,-0.1872296
50.90003764,-1.48501433
52.05151734,0.56750315
51.01217744,-1.51458989
50.97233329,0.88376698
51.69922691,0.69234433
51.61686998,-0.39411634
51.2262098,0.82122233
50.25895166,0.37357088
51.89746119,-0.4080294
52.02197647,-0.40447056
51.01855453,0.80513802
50.15919492,0.61824456
50.95880761,0.15513403
51.99891767,-1.68556023
52.69203946,0.82009272
52.55690833,-0.71655268
51.06238431,-0.85162097
52.49754884,1.57440214
50.71600999,-1.47006907
52.43471229,1.23094854
52.36233105,-0.63001492
51.56012309,1.36153206
51.78305326,0.78030766
52.8637594,-0.23238506
52.53576826,1.00472839
52.16788452,-1.14130823
51.92597359,1.50695503
51.8356283,-2.34625378
51.67779578,0.97303028
51.76719663,1.97514734
51.85539556,-0.4184465
51.32533087,-2.35669528
51.38993407,1.37063688
51.48885073,0.6772208
50.64713775,0.61993246
51.8211019,0.16439947
52.38192072,-0.37958704
51.65372966,0.27243323
50.4573898,-1.67815641
52.23200096,0.5617662
51.83645893,0.46303919
51.47974706,-0.53061977
50.43608003,1.17547994
52.50199795,1.19833002
50.87776092,-1.02868499
51.54572783,1.4685262
52.09667264,0.46291461
51.13158663,-2.24911865
50.31902811,0.72853464
52.51060458,0.27475255
51.9056713,0.11477562
51.25717564,1.45884436
51.04621742,1.37942103
51.25238559,1.08089862
51.62869157,0.49179518
52.07177896,0.51767584
50.54612654,0.6834599
51.7784115,1.00835215
51.78115827,0.56751345
50.1809541,-0.11036484
51.06700021,0.62267449
50.45733145,1.08291059
52.70336634,-0.62542691
51.94447242,0.74705461
50.4991375,-1.13054432
52.6210959,1.09952742
50.90371714,-0.50432619
50.81195019,1.26160567
50.93169541,-1.57266863
52.64178322,0.80898941
52.1758877,-0.14932918
52.32666991,-0.4782311
50.49712464,-1.30854329
50.75517449,-0.21243615
51.99850264,0.48601712
50.52131786,-0.23195549
52.01100542,1.36308777
51.29784816,1.65521335
51.40071928,0.91492759
50.44379769,0.19460941
51.91382016,-2.10604624
51.49452524,-1.3555452
50.7292939,-0.23407652
51.46704529,1.55087426
51.54350169,-0.48388257
51.61167602,-0.85604767
50.54231123,0.72001133
51.83552485,-1.9268101
50.38580505,0.26381992
51.40015082,-0.1345439
51.48412598,0.59928959
51.03753085,1.61065884
50.38844732,-0.86325407
50.26422389,-1.25059623
51.60473526,-0.0331195
50.39155752,-0.88129661
51.62270789,1.36625611
51.79762832,0.56524758
51.11017485,0.99270782
51.96338107,-0.26460604
51.27001496,1.10925588
51.46370693,0.96318767
51.11946458,-0.49192274
51.8639568,0.0473295
50.39163011,0.71379065
51.83562721,-2.22019447
51.56627402,-0.3884475
52.28835177,1.12386849
51.6629661,0.08305677
52.23511357,-1.02865478
51.57899935,-0.14434433
52.24934173,-0.37713934
51.2945356,1.92676279
50.42230362,-1.55714613
52.05755318,-0.29032344
50.7956019,0.03420692
52.16461551,-1.99538182
52.51765333,-1.25441938
52.09364654,-0.06009255
51.48754443,-2.22957568
52.4973596,-0.07782856
51.27919906,1.20317323
51.08579938,-1.52978231
50.08714928,-0.40406336
51.72342176,-2.24719208
51.76280781,-1.22658236
51.88240435,1.88739758
50.56739176,-1.65907741
51.58120828,0.63796251
50.80356465,0.89539054
52.10395088,0.55811847
52.1006219,1.06670127
51.53258855,1.43488219
50.46835234,-1.4869147
50.34163935,0.92066866
51.62961008,-0.50823566
50.41200929,0.73801256
51.58179491,-0.57140429
50.6861435,-1.86577946
52.32469719,0.38506541
51.9235342,1.44530944
51.53678056,1.19272147
50.39301884,-1.29279064
52.48219515,-0.03339266
50.73727463,0.34229692
51.95832837,-0.47102491
50.49303036,-0.57464154
50.36163292,-1.21960969
51.33506285,-0.58302439
52.17760524,-1.28349911
52.83824207,-0.34247258
51.42719052,-1.78276269
51.0209919,1.98311439
52.05270059,1.23821283
50.85179896,-1.4426435
52.81173235,0.18874573
51.26946571,1.4434331
52.11952667,0.19557832
51.44880238,1.03365083
51.95288663,-2.28488011
51.01087958,2.00010346
51.23427452,-2.30755793
51.30444278,-1.03943504
51.59486268,-0.94438953
52.10335487,-0.84478581
50.91449894,-0.82710117
51.76903192,0.30689373
50.7212168,1.04572862
52.59612703,0.46462423
52.05560702,0.68674879
50.73095484,0.42067567
50.50328337,1.00177276
51.61819866,1.77408228
50.42239628,-0.86221445
51.91223302,-0.24367923
52.33690528,-0.93727326
52.68197599,-0.27544119
51.01560722,1.78344036
50.94713057,1.74669403
52.20582744,0.17458258
50.4035218,0.75725882
51.77615082,-0.07525082
50.43754963,-0.88347478
50.38895144,0.91886513
51.03795085,1.60623524
50.50569045,-1.08211017
52.48061243,1.57515532
51.11637277,1.49534668
52.6267365,0.30379282
52.2125771,-0.06852731
52.54388867,-0.25103405
52.84157799,0.45159296
51.11114097,-1.15312726
52.11179119,-2.21766899
50.65962245,1.49397062
50.52072301,0.52769548
51.01002192,-1.06899456
51.82423365,0.75963494
51.55691612,1.38935449
52.47231733,-0.42199809
51.05298967,0.53496411
52.19149218,-0.85364681
52.04265336,0.09538567
50.59853557,-0.63906019
51.86935727,-0.52778144
51.46669462,-0.07693448
51.87148465,1.84714177
52.03085914,0.57155861
51.30295634,-0.50286483
52.31272193,-1.93028475
50.42970401,-0.80192399
51.11910536,-1.40985349
51.09592417,-0.00816875
50.95662367,-0.75741864
50.19134769,0.43095057
52.21312016,-1.95698692
51.57921505,-0.86731602
51.85524088,-0.77967293
51.98586729,0.76753184
52.15709467,0.84173767
51.29945265,-0.50922419
52.77331659,-0.99494405
50.99816815,-0.4255716
50.71078805,-1.89294555
52.36074177,-1.0309203
52.58044734,-0.95982366
51.88936776,1.59979517
52.28122361,0.3720306
51.37575475,0.50229721
50.31067139,-1.24190681
51.12851436,1.1055664
51.46601998,-0.95832056
52.12268618,-0.76497653
51.12667772,1.21262343
51.82773999,-0.55773579
52.71863132,-0.01556041
51.3141104,0.1195207
51.17309152,-1.6279658
51.13338647,-0.97125816
51.29871814,0.01835137
50.37543148,-0.17957547
51.71349115,-1.62495299
51.695731,-0.38567743
51.27953012,1.2789525
52.48844079,-1.50394235
52.40683355,1.53388668
51.3650504,0.64189759
52.22682254,0.69767973
50.26763409,-1.14967673
52.02778728,-1.57445383
51.27433855,2.05523681
52.67550325,-0.58520156
51.96861662,1.60291496
50.91618576,1.88041291
50.87037673,0.13107136
51.32250775,-0.4775597
51.84634385,-1.4884691
52.56661732,0.93533636
51.92356639,0.88753699
52.06390144,2.00914146
51.13267263,-0.29031963
52.02601528,-1.89305326
51.12798772,0.10960076
50.45248782,0.85643091
50.5435852,0.40591021
51.4049891,1.0792482
52.50850407,0.11539191
52.59083947,-1.11534609
52.85320675,0.04821663
50.96502629,0.17089383
51.31772469,-2.23550714
52.51354979,-1.76193655
51.81679896,-0.14391916
51.62701024,-0.60635284
52.13386545,-0.30469609
51.93079123,1.67329755
52.62048667,0.57391814
51.36683527,-0.88038355
51.85955146,-1.34024845
51.61828078,0.33635976
51.04578056,-1.48281186
51.80725681,1.41109041
51.7940123,1.36132802
50.81020472,-1.51019785
50.36099746,-0.15249297
51.90970984,1.47221292
50.99084915,-0.69203878
51.35077658,-0.41581845
51.62285361,-0.27615296
50.33451529,1.08941769
51.63049877,1.62062499
52.16479383,-1.10502596
52.21964713,-1.77884091
50.90442389,0.00470181
50.29488682,0.83809981
52.12358315,1.26937599
51.13403311,-0.97394936
51.41699385,1.83291969
51.64754065,0.60653065
50.35070777,-0.09186147
50.21771371,-1.06523707
51.9182271,-1.09759017
51.29137655,0.52957206
52.8346366,-0.73264708
50.44112084,-0.00008898
50.95512157,0.67420085
51.69802121,-1.35567315
51.54433183,1.49057238
51.70587454,-1.25296126
51.40836269,-0.80864488
52.37451593,-0.97973253
51.10914034,0.4893185
51.3167326,0.72855252
51.70316435,0.45015607
51.69259367,-1.03534455
51.85733781,0.38190419
51.78963833,-1.71918868
51.41013052,-0.85294125
50.50557607,1.16971874
51.94990047,-0.95868758
52.00578002,-1.59041011
50.55993779,0.07225881
50.87887054,-1.8996544
50.79120815,0.12392374
50.7211626,-0.16972614
50.73929434,1.41286035
52.71793725,-0.97134649
52.44593333,1.46634673
51.20756668,0.46519178
50.56908906,-1.25690599
51.38404531,1.83796365
51.20575794,0.22285916
51.51638067,-1.29392481
52.88867831,0.20053248
51.17314172,-1.3078388
51.03727153,-1.09517505
52.16903727,0.34284242
51.39043776,-2.23429406
51.17799877,-1.36081873
51.40649951,0.71767954
50.60199664,-0.33319599
52.22288549,-1.55686235
51.42425116,1.78874981
52.39119006,0.16955208
51.6868529,-2.06294555
52.14682223,0.12819018
51.42571691,0.86115866
51.9758459,-1.78674975
51.92838651,0.70499996
51.76979374,0.22770619
51.89839698,1.67750354
51.98952378,-1.81703922
51.23263085,1.8520876
51.73429966,0.68607168
51.91336047,-0.86646082
50.85038329,-1.23806465
50.58866915,-1.38186071
52.88366252,0.47727028
51.79468544,1.22075253
50.63800446,0.03498269
51.8406642,1.90515897
50.86236915,-0.98891347
51.87850385,-0.52127397
50.25143807,0.13548123
50.70638819,-1.85740389
52.72904599,-1.3096772
51.93934151,1.82202385
50.74640931,1.34876535
51.12803544,-1.83221817
51.45547886,1.96735162
51.01250571,1.02468712
51.57919672,-1.33450203
51.39187968,0.98058752
51.08566038,-2.10763443
50.76738216,0.43088303
52.60002344,1.30890074
50.44062019,0.73343308
50.70388491,-1.69792361
50.99927671,-1.21166574
52.51780899,1.18839485
51.70942304,0.75926639
51.52397606,0.01798802
50.61375827,1.57453082
52.36566745,-0.94978955
52.12086723,0.25828301
51.69633228,0.0015938
51.82474812,1.10145176
50.77644206,-1.13030737
50.25169527,0.27421446
50.24762984,-1.15290456
51.98938352,1.25841726
50.88304153,-1.22918188
51.36905831,-0.49870653
52.4837946,-0.30846769
50.82843401,1.34204047
52.49883431,0.39759978
52.57827068,-0.67112314
51.15475692,0.14900603
52.80734383,0.40237996
51.31329092,1.14203906
50.88251816,-1.77930023
51.74937465,-0.23052646
51.64089649,1.47344907
52.26129215,-1.18653731
51.08433187,-0.11720539
50.71945367,-1.75780494
51.65133677,0.31005723
51.58462799,1.88541284
51.66866262,0.13520384
52.2089898,-0.22055283
52.28422569,-1.70129277
51.06711951,1.43088648
50.08412551,-0.23102768
51.46029244,-2.44991182
50.87901773,1.18811318
51.51948231,-2.03990562
52.43085264,-0.31820335
51.81464298,-1.18428728
50.26022899,-0.64096766
51.97534119,1.06034476
51.61819234,-2.20481339
51.00454383,0.63391254
51.74963447,1.66048118
50.87160046,-2.05259751
52.52863976,-0.97023355
51.67496386,1.75542679
51.54961765,-0.45160845
52.13645097,0.69567763
51.28603142,-2.28886791
50.23546969,-0.18785614
52.54016408,-0.57138475
50.64433134,0.09604153
50.69016204,-0.26321272
52.77682027,0.17864879
51.8499058,1.46537887
52.54729169,-1.25167843
50.22936681,0.39820165
51.94427571,-1.06933047
52.09074073,-0.97806569
51.74575726,1.52547012
50.51902955,0.76428384
51.25815215,0.40286137
52.17401978,1.33870868
51.37218886,-1.04415851
51.21057226,0.08387474
51.00388628,1.87492455
50.66100793,-0.90281256
51.7751706,0.69286191
50.28421277,0.47208299
51.89843347,0.95727985
50.75405331,1.42411127
51.99648606,-0.75288025
51.85639675,-2.20525143
52.05229656,-2.03505569
51.37263669,-2.37779103
51.11389501,-0.32459378
52.35317214,-1.69593953
52.2861142,-2.07996288
50.23790883,0.38660227
52.25849745,0.72895466
52.75206583,-0.09372338
52.08290985,0.05149883
52.18691174,1.7834041
50.94714246,1.32404423
52.26921068,0.78717308
52.7185012,-0.54771763
51.54630043,-1.22546004
52.02210745,-0.67784343
50.62504012,0.67510692
52.47950443,1.25589586
50.88298491,0.0477596
50.29049347,-0.59158124
51.37026742,-2.21357531
51.71246742,-1.98075207
52.48696791,-0.56959603
51.15771363,0.36578755
50.38300382,0.64490691
51.33866833,0.01492541
51.25092429,-0.11480808
51.54684603,-1.76586145
50.15269984,-0.08729502
52.40989409,-1.93230837
52.37853748,-1.50702362
51.77770039,-2.17744456
50.46212073,-0.90000788
52.84767307,-0.41105911
50.45512397,1.07261135
51.01178725,-1.56721823
50.38673409,-0.46043529
52.64788061,-1.45100593
52.21402522,-2.15856233
51.15828932,-1.56217901
51.20568325,0.62712736
51.50962359,1.69149457
50.73039649,0.27138002
50.84221704,1.08805567
50.63431808,0.9107989
51.45415908,1.14094397
52.40901372,0.26307629
50.76224353,-0.23743162
51.98580543,1.28737834
51.77821945,-1.60033961
51.60248856,-0.34664629
51.96507967,-1.34387166
51.66560366,-0.20158853
52.6147094,1.00910222
52.06533912,-2.15152055
52.08481304,-1.38377181
51.01927968,1.90623106
51.92475607,1.97806825
51.56091794,-0.76015686
52.74768871,0.01344186
51.16259717,-0.72198094
51.74940672,2.16527846
52.01419012,1.9425531
50.27103645,0.0760891
51.05465288,-0.42886503
51.72392344,-2.32432974
51.95157623,1.54677844
51.58976453,0.34891185
51.52936506,-2.44096648
50.69713072,-0.64983184
51.44735586,-0.09779473
52.76937253,-0.23820028
51.74419076,1.09483488
51.24289638,-0.76267521
50.19692856,-0.80065249
50.40769706,0.29462136
50.3393857,-1.35593025
51.5421187,-1.26275694
51.63608075,-1.03292748
51.96200211,-2.02737842
52.09806789,1.95582999
51.87692031,1.7705193
51.8041495,-1.78276303
51.90590085,-0.76918615
52.38115854,0.00177929
51.25273367,1.41832229
52.634673,-1.01200916
51.43726911,0.92030858
51.38526799,-1.34981547
52.09900806,1.72911933
50.40211487,-0.01700564
52.68414521,-1.42881311
50.72157142,1.51102085
51.06591877,-2.29210058
51.17864171,0.72139871
51.80773078,-2.21928474
52.88079436,-0.14323368
52.39908777,0.51470299
52.35087177,-0.77183874
51.71734571,-0.93189934
51.44199146,1.25946834
51.91101004,0.62153284
51.04817828,-0.23057815
51.44632893,0.4020946
51.24638111,-1.50736758
52.21916719,0.99618977
51.74179494,-0.9342342
51.27266507,1.19345899
52.43404381,-0.81963212
50.32246174,1.0411455
51.91675565,-1.27939008
50.78783711,-1.40443138
52.15409886,1.06012712
52.27661531,0.15641451
51.50094925,0.66989861
50.66923148,1.35929408
52.28773172,-1.75543453
50.99901054,-0.25638276
52.6535887,0.722903
52.5023456,0.69004991
51.2660301,-0.46005017
50.76955435,-0.77259494
51.46619924,-2.38890709
52.67699613,0.95173384
51.84951454,-1.79240674
52.19364397,-1.9063375
51.66764511,-2.41318989
51.02057098,0.7331067
51.79840646,-1.11024958
51.5852909,1.87522773
50.79943339,1.58782763
51.27524213,1.68421738
51.5768198,0.41290275
51.98305023,1.93981372
52.49839073,-0.64248619
52.03327401,0.05807666
52.33720939,-0.62249394
52.12444023,0.00814674
50.58966798,-1.34909442
50.44914665,1.22707501
51.82298764,-2.07242525
51.57278232,-2.32532844
52.37962996,-1.33727434
52.25041815,0.06687674
51.33175223,1.24619841
52.76395128,0.30376889
50.47893398,0.00531563
52.08859153,1.04095718
51.91843062,-1.29755012
52.27279071,-0.68305382
52.2226281,1.36865258
50.74218167,-1.78915425
51.01352987,1.783944
50.07206677,-0.31581568
50.27263581,0.18731798
51.17570371,-0.05045424
51.67297567,1.27445616
51.46269789,-2.42399459
52.59212237,0.13155985
51.65502357,0.96917482
50.33595182,1.01800201
51.74395571,-0.10839283
51.26604402,0.90559992
51.32106575,-0.74456616
50.53166955,-0.17418848
51.08363119,1.28095388
52.23730893,-0.46468007
51.73232922,-1.33961381
50.82167252,-1.62782428
52.59373395,0.39457953
50.26630689,0.286528
52.43981889,-1.37180084
51.71109012,0.77321247
52.58595595,0.75711348
50.98906496,0.92848401
52.7987828,-0.10565122
51.72663902,0.29784849
50.73593866,-0.90734853
51.0484592,-2.18533157
51.82634195,1.82337745
50.20833937,0.72583453
51.20868557,1.04439676
50.47491692,-0.95667134
51.62282124,-2.18719819
51.68421714,-1.16978222
52.02278438,-0.27515231
52.40031748,-0.55177089
51.86406722,1.17660876
51.48572797,-0.18644858
50.95270205,1.59269963
50.19304733,-0.38422903
51.09077119,-0.3126765
50.71874705,-1.28260551
52.19971587,-0.34656078
50.45798191,0.07555479
52.0492356,-1.48173854
50.51511322,-0.66904037
50.89337933,-1.67064458
50.35751067,-1.4770209
51.07351109,0.66954806
52.65002725,0.38812811
50.2408423,0.9582766
52.67341309,0.22622193
51.17501245,0.45588618
51.80550563,-1.31980853
52.89540859,-0.76678786
51.20316422,-0.90691359
52.05315047,-0.21684185
50.10468844,0.07837975
51.7975252,0.90962471
52.52475818,-1.50906472
50.74753749,-0.46882519
51.42352608,-2.23461709
51.25515043,0.51502615
50.86755307,0.9413376
52.45895983,-1.59634228
50.67221201,-1.99558311
50.75326954,-1.89548421
51.04187809,1.51252435
50.68154073,0.05771548
51.21067485,-1.36562207
50.71649985,0.72036349
51.34940212,-1.71778812
52.66290338,-1.3092269
52.19805524,-0.61330747
50.96377938,-0.10999934
52.2689979,1.18823052
52.22595601,1.02016787
51.28677826,-1.39490193
50.66344395,-1.37154539
51.67157479,-1.26286065
51.72529046,1.75895231
51.47391838,0.13942306
51.20730737,1.54448789
50.18577615,-0.19500618
51.58865872,1.03788039
51.62137341,-0.71499979
51.66446331,1.84154219
50.38669533,0.74745569
52.25604652,0.81893849
51.05596128,1.62187702
51.43254106,0.86398808
50.43317758,1.38858451
51.24910749,0.75634853
51.71977615,-1.84453207
52.74838912,0.42928406
52.05278714,1.89455702
50.90900473,1.13919004
52.73666922,-0.22822832
52.02163952,0.92379047
51.45873012,-1.50918495
52.38307742,1.65998181
52.90231977,0.13701279
51.60133633,-1.77519393
50.47692554,0.01836431
52.8221353,-0.20840479
51.10404383,1.02484559
51.61353741,-1.54801429
52.57747411,-1.69120536
51.72478213,-1.56871599
51.07031547,1.73265119
51.04610673,-1.39952104
51.53801256,-0.22108474
51.74369678,-1.1629552
51.9782023,-0.43377383
50.71049234,0.52039927
51.48335081,1.63140058
51.25653093,-0.85581914
52.40551274,-0.325086
50.80913653,1.15957108
51.74218126,1.22440801
51.39241994,-0.62089645
52.44925038,1.04658697
51.03395706,-0.50427476
50.43241037,0.38777394
50.61736549,-0.64719839
51.78818524,0.47462759
51.38107298,1.15836562
50.97573144,0.29708668
50.17275386,0.60717926
52.87093821,0.03549366
52.79927672,-0.96897106
50.53872266,-0.0148079
50.73846769,0.56849021
51.03973748,-1.62507287
51.57745052,-0.34334028
51.41426714,-0.46526363
51.98416384,1.13699159
52.27199417,-1.4084811
51.0834171,-0.80889906
52.62580509,-1.04191773
51.80433743,0.35377056
51.48178401,0.29463543
50.60252673,0.65477074
50.52805746,-1.50382767
50.90857368,-0.05225742
50.31315716,-0.0693094
50.74645692,-1.78545655
50.90889382,-0.8154362
51.43565293,-1.83328905
51.06288419,1.55823488
51.45674945,2.04125362
51.70756145,-1.35307894
50.99967555,0.3963798
50.92507596,1.64395718
50.69834062,-0.33529216
51.64674979,-0.27915531
51.32672371,-1.39659875
51.14997585,-1.0071747
50.78769523,-0.09144033
50.32912388,-0.67838568
52.26302237,-1.66128374
51.95341881,-1.84018039
50.76912544,-1.50971341
50.1363929,-0.60004083
51.25731153,0.62281305
51.36971492,-0.95557693
51.06750905,-0.48707845
52.22321094,0.23067209
52.92818576,0.22266956
52.21635642,-1.01927809
51.16146393,1.25438023
51.81598619,-2.16413783
52.10480384,0.15819705
51.52003663,-2.38996021
51.08073733,0.25331368
52.31273103,0.23362865
51.4076844,0.0641938
52.71447706,-0.37745996
52.24939817,0.87851927
52.80163779,0.20380483
52.87940498,0.04190667
52.62922744,-0.44576443
51.68151026,1.80445487
50.38924728,-1.38321046
51.29205764,-2.29213115
50.98103341,0.23780606
52.44271885,-0.74055023
52.78875352,-0.62869232
50.76771785,-1.200027
50.71939221,0.88217247
51.24908533,0.53150401
51.19582495,-0.97770344
52.78775572,0.86679563
52.26341903,1.32378416
51.30985327,-2.37140772
50.89510057,-1.80806141
52.25481017,-0.2439997
51.26623008,-0.37863291
52.05998901,-0.12828733
51.38917521,-0.79349341
52.79585819,0.84511973
50.88268835,1.00908267
52.07108885,-0.60997921
52.178585,-0.35081264
50.81259038,0.73030619
52.92411566,-0.1852829
50.32735944,-1.21274361
50.22054432,0.6046913
51.27939163,-0.43126361
52.56950868,0.00798332
52.39684559,0.46108615
50.67105926,1.54393461
50.89653162,-0.78507397
52.47947545,-1.43347678
51.44186683,1.300765
51.60072405,1.50260955
51.9995555,1.58448002
52.49863899,1.50035695
50.30785777,1.02361669
51.67298252,-0.23593736
51.14218475,0.20308393
50.42292343,0.76013099
52.18945132,-1.34676017
50.60114396,-0.28637874
51.77520097,-1.4855299
51.26308596,2.06693553
51.78380208,-0.36851503
52.25272925,-1.82783602
51.8645471,-1.86145373
50.67045358,0.61883089
51.88728727,-1.1781088
51.40889748,-2.16995939
52.35404474,1.69103762
50.44027401,-0.6669819
51.76315597,0.57964575
52.70012639,1.15375291
51.05970432,2.05318003
51.32321013,1.26628203
52.40259506,0.57452086
52.11404238,1.29862558
51.09044829,0.88832417
52.80590096,-0.26366761
51.83888154,0.77361963
50.54866676,-0.73681904
51.78801715,0.71402398
51.66980273,1.62071342
52.15107089,1.88690052
51.38863898,1.74103007
52.64030712,-0.36614607
52.56674789,-1.16930964
51.2902841,0.37441392
51.46883115,-1.59316553
51.75975479,0.76245447
52.34907846,-0.66368511
52.14946707,1.58722043
52.07248659,-0.34106989
51.51704744,-0.22339445
52.04371765,0.62699599
51.70731628,1.27703958
52.83962007,-0.91586259
51.47072546,1.88518332
50.72780736,-0.69120729
52.11417029,0.6491211
51.50425921,1.91392257
52.40458628,-1.50251885
50.36606308,0.75751177
51.52733595,-2.41323048
51.81411633,0.71657723
52.41309033,0.6799386
51.19360899,1.00539424
51.94138835,-0.85334033
52.03772136,-1.33525856
50.61381769,-1.79943775
50.75539588,-0.0879701
50.25790198,0.99886641
51.60158698,-1.19507043
51.71642147,0.71051954
50.28359984,0.13235999
52.25800271,-1.89914444
50.36540024,-0.8989029
51.86265165,2.1168491
51.52775182,-2.1280853
50.91038945,0.42860879
52.19796137,-1.42306909
50.63496547,0.12196933
51.56197675,-0.81508732
52.24955224,-1.96669658
50.68022985,-0.37319002
51.83459806,0.86909591
50.47026929,-0.97969076
50.68649486,0.49996398
51.15686116,-2.32139319
50.82814826,-0.28727293
51.48225725,1.99704535
50.95958175,0.81290298
52.39630074,0.0694182
51.51690562,-0.44169342
51.41714498,0.55124754
51.91361597,-1.67094146
51.20908626,1.9366781
51.56456585,1.65266181
50.9223756,-1.84646309
51.25672254,-1.36100494
52.52926487,-1.22396397
51.70390354,0.07451983
51.04445785,1.81513883
51.24429402,-0.86457657
51.53667084,-1.48236273
52.26907788,1.60723699
52.49174585,1.17636974
52.26370042,-2.0863535
50.38204483,-1.32795337
51.18558141,0.1775726
52.24625722,-0.33424979
51.96270925,-0.41631733
51.40500793,2.0891482
52.36563042,0.50487141
51.00906739,1.75226226
51.74934119,0.00231149
52.53926754,1.11889798
50.9309168,0.80991186
52.10570995,1.12851269
52.39882977,0.52016391
50.16295192,0.28304874
51.42947209,-0.78575707
50.48598782,0.80224428
50.23842347,-0.67590659
52.35045143,-0.04800123
52.01354317,-2.25051275
52.08754968,1.56568826
51.51492638,1.24708692
51.72942831,0.48261014
51.79685063,1.25252649
51.86047342,1.81724004
51.23570942,-1.36039618
52.23294045,0.56439313
51.48162433,0.86630107
51.01919527,0.6782189
51.7536475,2.00834062
50.64879447,-1.80820419
50.47091233,-1.04388945
52.1266445,-0.12635549
51.73258363,-2.37562384
52.36739101,-1.99305463
52.07115789,-1.27295984
51.06919655,-1.70543703
52.11641925,1.62845682
50.74395357,-1.50608216
50.6471323,0.09107102
52.13204198,-0.68973961
51.11342737,0.40705872
51.90170813,0.2028833
50.71661278,1.65374444
50.17944067,-0.42818526
51.78082732,0.96220115
51.70886375,0.25674434
50.27220978,-1.26546186
50.38997521,-1.21526639
51.86611799,-2.14786421
52.00410527,1.3248051
50.97762866,1.03069954
52.61637971,1.13626421
52.38962394,-0.03729576
50.41425236,0.37363496
52.59243639,0.00370464
52.74501066,0.03929912
51.81243774,-1.06434401
50.61271726,0.93945138
50.85379939,-0.80066689
50.85916492,1.6186623
51.55851245,1.21469843
52.51222735,-1.18990701
51.699946,1.79491062
50.96540292,-0.51104358
52.00008057,1.12035881
52.2066836,0.67708354
51.31359752,2.10699518
51.80583105,-2.00023046
52.39930984,-0.11082635
50.42003366,-0.14790844
52.91175042,0.11580206
51.18211191,0.18172987
50.39569563,0.40577331
51.36097392,-0.57204927
50.70860361,0.86630207
52.90526441,0.01087146
50.08631316,-0.27013736
50.95040639,0.78191827
50.85693398,-1.24115376
51.36455262,-0.83139178
52.35159541,-0.08483268
51.69211103,-0.99563843
51.6322228,-0.7138932
50.5636272,0.36257478
52.17756103,-1.20631414
51.13273651,1.89197327
51.48995004,1.16855155
51.79225167,0.61970967
51.05820669,0.15321775
51.83376286,-0.12666683
51.74348773,2.01200066
51.94086209,0.61396566
50.57321446,1.44529452
52.17415468,0.57992087
52.52084139,-1.56477293
50.36548205,1.2119815
52.63756188,-0.0568997
52.21738539,1.24602973
51.97772459,0.94812051
50.90756628,-1.91657845
51.04838886,-0.48697315
52.51681254,0.79196322
50.74055659,-1.95221056
51.08460527,0.01571451
50.67746879,-0.40014799
50.57003967,1.62502588
50.77842809,-0.67407812
50.49238387,0.58821362
52.33528755,-0.01228413
51.94689475,-0.58082496
52.28957504,-0.77971628
51.9663006,1.05466836
50.40869291,0.19993021
50.14223516,-0.24562341
52.00315295,-1.25855098
52.07559362,-1.36416877
51.03841564,-2.01140072
52.31735056,1.31850168
50.9729653,1.39247799
51.30797981,0.53153433
50.18802887,0.35461695
52.07432632,-0.98580353
52.56443166,-1.50972973
52.51478263,-1.74507486
51.00622153,1.28609391
52.5243695,1.37883328
51.89515373,1.95953986
51.96203694,-2.1945204
52.52787122,0.60912166
50.8620375,0.73695875
51.21696494,1.4740028
50.95715264,0.79018841
50.51570124,0.15717395
51.19341437,-2.10222534
51.71807137,-0.58058534
51.22823361,-0.23113236
51.28818623,1.03701676
51.56269279,-2.44190217
51.72884061,-1.83764151
51.53050113,-0.10906609
50.6019215,-0.44869583
50.68005211,0.57073565
50.41258249,0.03373648
50.40679253,1.31173727
50.28874582,0.78050165
51.76948621,-2.12702563
52.00447271,0.36542987
52.83810376,0.0347195
51.20800854,-0.65756008
51.51813093,0.99964279
51.7358196,0.58710572
52.3786295,-0.39583578
51.29796007,1.10126961
50.92355174,0.35656682
50.09585821,0.05900079
51.99974937,0.83903789
51.10902123,1.91807825
50.50456107,-1.42170476
50.66772299,1.15749751
51.1533715,-0.00237358
50.48770014,0.2256969
50.76548421,-1.86461717
51.83844477,-0.57375561
52.63762753,0.51989692
51.4784483,-2.32260076
52.09678421,-2.0983887
51.82228783,-1.10436188
52.29304764,-1.04830937
51.99985156,1.81648725
51.78898321,-1.07607784
52.19834237,1.46726841
50.70308898,-1.67667681
52.00268619,0.29054635
52.50154849,-0.42270208
50.61611545,1.14944265
51.62967813,2.03928523
51.79153228,1.89016388
52.12402801,-0.56762075
52.7272426,0.71600473
51.04275279,-0.9144895
52.53452929,1.43778639
51.31530041,-2.11957528
51.72967466,1.36740578
50.17221993,0.0966122
52.07757852,-1.91068666
51.23216883,-0.56765867
50.84077229,-0.35090198
51.96555922,1.24598695
50.10297856,0.38089247
50.87704773,0.76468216
51.52675916,-0.66359505
52.26645933,-0.66297257
51.46703645,-0.59770124
50.94802132,1.73917492
51.51108784,0.31546839
51.31987023,0.06385477
51.61745612,-1.26524967
51.56724279,-1.90912243
51.64791581,-1.38801004
51.42972232,1.15989276
51.25313954,-1.02744608
50.94628689,-1.13481031
50.91692776,-1.03290467
51.52553648,1.85470358
51.2466011,0.82012062
51.57081188,1.74919167
51.61386113,2.16576236
50.45943854,1.22350816
51.875216,1.73487425
50.80152231,-1.01430015
51.78586462,1.47346843
52.4065209,1.14287708
52.49514113,-0.19849743
52.24426494,0.05278563
51.23786651,-2.16678413
50.86775523,-1.74171068
51.96518134,0.75359265
50.27567672,0.87047119
51.23995715,1.18870728
52.73412137,1.0320057
51.71918203,1.44045726
51.82475281,-1.20534517
52.56401082,-0.60085673
52.71499501,0.69265791
51.87399562,0.24243471
52.71677608,-1.12035883
50.93240003,-0.36686142
51.21490769,0.53230463
51.40053259,1.79277232
52.36925476,-2.00108666
51.74816682,-1.89905091
51.0802907,-0.58040486
52.49500664,-1.20724114
51.39191569,-0.77639353
51.03093972,-1.48445182
51.97731504,-1.38902417
51.41469427,-1.4111932
50.23575285,-0.37637603
51.49344332,-1.97538742
50.74185799,-0.59108924
52.44143135,-0.06161187
50.71419049,0.07598078
50.86375879,-0.9521774
50.97624897,0.08996366
50.89193413,-1.55012952
51.60397817,-1.51897514
50.37724944,1.08749329
50.35964137,-0.80227996
50.7240388,0.79241381
51.56160343,1.4441443
52.46306452,1.10233054
50.16637761,-0.68963025
52.4860781,-1.68586192
51.51706538,-0.75252618
51.6813914,1.95146289
50.66674842,0.51145774
50.39691259,-1.22302051
51.83522567,0.36842449
51.30872032,1.95306953
52.42194795,0.90196323
52.38688775,-0.01778287
52.50185045,-0.43713933
50.18472162,0.31141877
50.10628269,-0.43291262
51.22890488,-1.71032769
51.44050647,-1.37030083
50.29909294,0.06179575
50.94696507,0.12408813
50.62435984,0.79316621
51.63404286,-0.76646339
50.80111521,1.42381465
52.18446687,0.13601552
52.36996551,0.79517199
51.32117253,-1.29033017
52.80376584,0.571916
52.76811434,0.7749787
50.67978265,-0.60044908
51.41557975,1.69225013
50.63137883,1.62350932
50.29682928,0.49363102
52.75058082,-0.7528397
51.40877784,-0.05408698
51.95859357,-1.74117555
50.5223682,-0.51330263
51.04432105,0.74175906
52.39446826,-1.62065278
52.5942709,-0.89744001
51.25713271,0.11767549
50.31733246,0.77712197
52.40715203,-0.73102866
51.71002423,1.58895851
50.70273684,1.63680125
52.34372503,-1.95850915
51.43942661,1.83678066
52.57071249,0.31058654
51.20873641,-1.49678727
52.01964479,-1.78439899
51.76002079,-1.50951012
51.02667715,-1.15280393
50.91689907,-1.57740734
51.73492601,1.89550093
51.83127725,-2.29841739
50.53886471,0.9975335
50.40080234,1.13748535
52.18850553,0.10390844
51.34943544,1.62753668
51.9198705,0.34743083
51.06467993,0.4235649
52.90901407,0.08641234
52.26303864,0.62975029
51.39421777,-1.53161325
52.5823414,-0.24249623
51.41434507,-2.0222255
52.24786311,1.35752372
51.80094308,1.97620914
51.78379975,-0.87556548
51.74260654,0.48419885
51.75827184,-1.84061511
50.23275585,-0.71953304
51.97880209,0.01762928
50.33806043,0.30669965
50.17808813,-0.50592693
50.12872589,-0.48156964
51.72472603,-0.42803174
52.2820385,1.80167717
50.76118946,0.57149477
50.71282993,-1.34458559
50.60857091,-1.20965439
50.39841473,0.05422403
52.12247207,-0.95335398
51.51869201,-0.55203604
52.59258661,0.91302712
51.48542222,-0.24122351
52.27794542,0.89620436
51.04617348,2.05652044
52.60437002,-0.7162415
51.11979958,-0.30848274
50.32698544,1.00086679
50.42873165,0.25063752
52.35248944,1.39403791
52.15394161,-2.09350339
50.69897296,0.04843837
52.30578709,-0.34244057
51.45226018,0.55051953
50.16777729,-0.25853282
52.10943408,-0.7940647
51.58101919,-0.40803163
51.62248167,0.20446348
52.25206719,0.74984909
52.65445205,-0.2556287
52.40125006,0.982294
50.54270624,1.18183736
51.11563988,-1.21572343
52.42501733,-0.53699446
50.80530826,-0.86002883
52.15693293,1.60033225
52.58852459,-0.53228733
51.35066226,0.94525132
51.6132315,0.16046513
51.80191055,-1.02080406
52.5471478,0.17905696
50.78415876,-0.02797916
52.328384,-0.77485646
51.33052688,2.04051987
52.33662589,0.32109036
51.67409234,0.15092262
50.93348774,-0.63586505
51.2616438,0.30553242
51.35572689,-1.93310306
51.17120602,-0.59289663
50.88606794,-1.91393777
51.97907918,1.36794673
52.15295988,0.97088506
52.57303523,-0.25620096
51.7427784,-1.57013
51.92718805,0.24571334
52.22330109,-1.17042429
52.55753181,-0.41911823
51.56412431,-1.05714374
52.33039187,-1.87212445
50.35910518,-0.33234124
52.70911822,-0.11038715
51.1786602,-1.78796289
51.52961107,-0.40908031
51.52566194,0.60421179
50.33676362,-0.43767671
52.02773781,1.32231871
51.42863503,0.79880504
50.1576256,-0.18683561
51.44800828,-1.05033022
52.69804687,0.46224891
52.57040183,0.13182769
52.44014735,0.12621533
50.87431854,-0.89565049
51.79212785,-0.51573624
51.95351527,-1.71399515
51.14461314,-0.09943445
51.79144835,-0.11638393
51.72976864,2.11191002
50.56877395,-1.40241969
51.78746001,-1.29128191
51.20983424,0.8822983
52.02780419,-2.30017255
51.59782073,1.08145072
51.61779904,1.96940625
51.59320039,-0.32369331
51.99915253,-1.8943012
51.23192997,0.57746465
50.52568421,-1.63152387
50.66894152,1.08912935
50.67556856,-1.49328614
50.94663914,0.35589178
51.98153835,1.11717776
52.25324084,-1.18737245
52.36879901,-0.14339199
50.2499937,-0.14473791
52.78008461,0.28693536
52.00562144,1.62230532
50.82817846,-1.75151847
51.73900205,-0.95319095
50.61274063,1.48776962
51.52589251,1.96364155
51.25394651,-1.50983656
51.87073976,0.97742227
50.26256747,0.86117592
51.14290198,1.83402644
50.48819124,1.15526908
50.39498296,-0.69601227
51.94010851,-0.81432524
51.77756801,-2.00123874
52.12238618,-0.0526398
50.7232448,-1.25592796
52.24891314,-0.59797693
51.57209237,0.61231578
50.59653465,1.62472284
51.68597948,2.03047983
51.58828074,-1.21176668
51.73511651,1.78060044
50.98825634,-0.61839125
51.98573927,-2.22384692
52.10555727,1.63221979
52.37918645,0.56462634
51.48888313,0.33596345
52.46581955,1.19676177
50.90159177,0.1822146
52.75594824,0.69638603
50.79214201,0.23352524
50.24372686,0.37265971
50.43836844,0.24481723
51.10536503,-2.27905938
51.43828302,-2.24897926
50.99307839,-0.09520076
51.8469696,-1.76018824
50.58107362,-1.00363446
52.09630918,1.55410712
51.36960297,1.13105258
52.34266262,-0.99267315
52.22212005,1.1684547
51.5972977,1.63077927
51.3451531,-1.91428581
51.892304,1.9501602
51.7570995,-1.52369881
51.75577715,1.60061266
51.9072438,-0.90903089
52.90358553,-0.43672447
50.87199198,-1.10548755
51.31969857,1.03928202
50.74904386,-1.74779954
51.753004,-0.71146236
51.05984858,-0.02782717
51.75936998,-2.22335953
51.69911697,-0.61292192
51.25701268,-1.48909818
52.5101722,-0.420493
50.42584827,-1.19699631
51.20761498,1.08242624
50.68792856,-0.62592669
51.45600538,0.051954
51.1995443,-1.56685408
52.54479353,0.55535116
51.02394118,2.02996481
50.86985065,1.03386509
50.68273267,-1.52010135
50.66408451,-0.93409367
51.66806343,-1.51494387
52.35881925,0.09527689
52.09724148,0.63942221
52.33458643,0.24908017
50.70566111,-1.88886291
50.52021228,-0.59598616
51.87825253,0.96444667
51.19196002,1.99864637
51.96151235,-0.93029826
50.23346375,-0.30388039
51.25649913,-1.17909653
52.65966448,0.41505698
50.27645971,-0.67584379
52.0669067,1.50014291
52.78835017,-0.61275292
52.15325841,-1.988305
50.61685704,0.37720171
50.59180931,1.50137592
51.77399171,1.375358
52.57125625,-0.43634452
51.66457869,-2.05411677
52.82984458,0.47629827
51.28011046,-1.45470119
51.33100321,-0.34699944
52.70343205,-0.56756476
52.16864172,-1.94169156
52.06986133,-0.66768958
52.10511058,-0.98782231
51.2139498,1.43058569
52.78895008,-1.13254234
52.1002991,-0.93010306
52.66499916,-0.9415548
50.65395045,0.8966246
50.71181835,-0.22397501
50.26753927,-0.74789241
52.59869756,-0.57426724
51.55148139,-1.25274852
51.29752748,-0.34558925
51.09190872,-1.04529951
52.18935773,-2.18022501
52.80678813,0.30756203
51.28289465,-0.17574327
50.20310805,-0.99787088
51.00274349,-0.00237897
52.0058058,-0.09309982
51.8260247,-1.48815526
51.42707792,-2.39371262
51.63993414,1.60802549
51.84193327,-0.17927391
52.39767538,1.6919783
51.30854408,1.90630318
51.64550928,-0.2850655
50.91242025,0.16597203
50.83611603,0.34109882
52.75344835,-0.3972002
52.46612672,0.71457283
51.51922266,-1.78113005
50.79997684,-0.38118949
51.24424,-1.27445677
51.59250404,0.10368865
50.46649342,-0.89305344
50.8931417,0.65228059
51.63176312,-0.95566585
51.77417894,-0.40497887
50.32398698,0.96634733
51.10915341,-0.18271947
51.13417616,-2.02992933
51.88337894,1.98907973
51.48925569,-1.7049438
52.56428961,-0.5914994
50.72664895,-1.39876197
51.69426314,-1.55515342
51.16158057,-1.09578625
51.80451942,-1.49497427
51.82778647,-2.36572584
51.6943482,-0.5559313
51.61684678,-1.53408364
52.55881109,-1.61500342
52.25264993,-0.39858811
52.01116134,1.35357968
52.10165368,-1.52374564
51.49257862,0.22426278
51.33033415,-2.10516921
50.77714248,-0.94717514
50.30511555,-0.24370388
51.66425121,1.3588134
52.46119446,-0.60404724
52.76815423,0.79579294
51.5657257,1.24523136
50.62387315,-0.94961918
52.11999491,-1.126167
52.86688819,-0.41816055
52.12789964,-0.10168868
52.54380093,1.07814672
51.32802119,-0.06401084
50.78975449,-1.30678682
51.47293269,-2.40746886
52.19156575,-1.64915875
50.79636756,-0.0466239
52.42911049,1.50997684
51.22625911,1.89368466
52.08235472,1.10257977
52.75291186,-0.55295029
50.95051166,-1.86744556
50.99272253,0.50201254
50.15108595,0.62915757
51.21880754,0.31713146
51.53382816,1.79085188
50.43787793,-1.3573993
50.67498582,-0.65094678
51.83649007,-0.99979076
52.79256978,0.80071225
51.44948619,0.21560488
50.71846867,1.37864144
51.61721287,-1.53161605
52.53007742,1.32112724
52.14431496,-1.5657402
50.63570137,-1.65145177
51.4529548,-0.50141423
51.00174664,0.60976665
50.62264674,1.41396433
51.82549188,-0.22131839
50.51835302,-1.70972223
51.12082968,1.01866353
52.71934234,-1.24614085
51.75952981,0.1960928
51.77982212,1.72300138
51.25275087,-0.68550973
51.64811997,1.15914751
51.87078634,-0.134361
50.6221907,-0.46054371
50.62390328,-1.59126104
51.02089777,-0.1753164
50.09843995,-0.52857846
50.25117658,-0.61126404
51.54308651,0.52686604
51.790269,-1.87763147
50.97283291,-2.12655803
50.57959708,-0.64828394
51.57100253,0.75321162
50.54192088,-0.43478993
52.58362513,1.1783445
50.65965203,1.4368894
52.56991996,-1.64535109
52.86579959,-0.47229871
52.29308574,0.21198615
51.72073385,1.51427818
51.36097447,-2.11478795
50.99964989,-0.53722449
52.84326893,0.35989977
51.50887997,2.13709166
51.77663889,1.0226984
51.56384201,1.03132451
50.88888489,-1.71795395
52.2052904,1.83534298
50.66463549,-0.86959234
51.95998643,0.76902878
52.46769352,0.87610888
51.71406068,-1.32097339
52.3924021,-1.11794862
51.78954053,0.80081822
51.09054048,0.69799647
51.28250428,0.21662636
52.02815018,-0.82970995
52.66938192,1.21853982
51.70942648,-1.70078636
52.09812531,-0.24281056
52.49678213,1.11653931
51.68565555,-1.10690561
52.56123932,0.13752451
51.41932943,1.55646048
51.77403074,-0.58964479
51.08230807,-2.31522445
51.01402908,0.43924116
52.40980713,-1.84818801
51.60498988,0.38402058
50.86016872,-0.15420935
50.91540913,-1.57393536
52.1718419,0.79211534
50.60439306,0.27093612
51.02533419,0.21144174
51.69388829,-1.52097557
50.31157137,0.56406604
52.45063821,0.92312115
51.34320801,-0.54841607
52.75336922,0.05877157
52.77676199,-0.83841181
51.44848024,-2.40204244
51.83123474,0.70514886
50.30055132,1.05180134
52.7096692,-0.76367959
51.54788466,-1.46814953
52.02845056,1.62980088
52.58966157,-1.67636599
52.04128579,-0.88218694
51.50404245,1.69892291
51.44085406,-1.83106833
50.43026886,-0.3796835
50.15692538,-0.3777522
52.86257061,0.62242203
52.47014971,0.68775942
51.3782126,-0.15246706
50.1001305,-0.44359659
52.52568067,-0.14243349
52.47029363,-0.61710945
51.84175252,-1.99773774
51.34570974,1.36046731
52.04409419,-0.18034979
51.54695563,2.12271403
50.63119781,-0.05852255
50.3140923,-0.84408496
50.36713715,-1.42295526
52.24788552,-2.01950005
51.29131585,-0.3752147
50.52383809,1.20403905
51.6708059,-0.77707126
51.49460238,-0.78029275
51.30590839,1.34487958
51.94198532,-1.98695689
51.85973268,-1.14553309
51.39266689,-0.19795265
51.20030504,1.30364434
51.27688667,0.69106248
51.61783885,1.0048791
52.22522279,-2.05550351
50.82406903,0.69185486
52.30196764,-1.74563362
50.68317319,0.59608195
50.68351195,0.18075869
51.02845921,-1.56493029
51.01849879,-0.84848507
50.33610988,0.73905171
50.76176649,-2.03601376
50.24329105,-1.16644363
51.716937,-1.04617281
51.77923198,-0.32859288
52.90455534,-0.42224636
52.17968031,-1.36644895
51.45901183,-1.9591269
52.20055523,1.83351801
52.59305972,-0.96979893
50.62323146,-1.27528719
51.75896081,0.89815328
51.88828983,0.98330227
50.43859501,0.51899359
52.40917541,1.51056885
50.86494147,-1.20833494
50.89852931,1.81807047
52.74148482,0.12241464
50.96491804,-0.33720974
51.20759926,-1.75152059
51.74724589,-0.47535608
50.4951701,-0.02533433
52.42503326,-1.01866302
50.94367613,-0.44377989
51.97539035,-1.92961147
50.21928406,-0.34611633
50.13911763,-0.70591314
50.60237231,-1.17891447
52.22330055,0.80543642
50.55097404,-0.09656074
51.75125439,-0.82186667
52.07091223,-1.63254695
52.87292324,0.1399229
51.02360308,-1.82051012
50.75997143,-0.68691418
51.62220926,-2.35328083
52.64788441,-1.50710898
51.10465281,-1.9169102
51.70840142,0.83153016
51.57235908,-1.69658532
51.02394125,-1.20970854
51.18956266,-2.23913617
51.46598274,-2.40367529
51.26246576,0.66611906
52.21484353,-1.08578341
50.43107875,-0.99813793
50.48857523,-0.72868123
51.4433727,-1.27703821
51.6162826,-1.5443786
51.1777531,-2.05902802
52.47884503,0.1905165
50.56869088,0.71866111
52.05151172,-1.66671083
52.31598484,-0.86794895
50.81581459,-1.93061564
51.54143856,0.70241691
51.56885482,-0.01221789
50.88829172,-0.23596819
51.75035671,1.92652686
51.56638135,-2.30446029
52.79983088,-0.17011441
51.86272564,1.43026661
50.60865532,-1.82212672
50.07739538,-0.35081679
51.8416758,-2.07763853
51.22065347,0.08421396
50.80580241,0.34826278
51.10058654,1.93534453
50.18431238,-0.25546874
51.34173477,0.03050838
50.78775421,-0.8715931
50.69488947,-0.26218636
51.84937675,0.84038796
51.58120486,2.03689018
51.3932705,-0.69537139
51.64578648,1.70449994
51.41614396,-0.45335102
52.37395989,-0.56084552
52.17742506,0.82580375
52.25694169,-1.15111406
52.60979586,-1.56333635
52.04248651,0.57875412
51.73417815,0.16174534
51.01525712,1.8613926
50.22659069,0.40153583
52.09610969,0.22057895
51.42047391,-0.41972601
52.59027849,0.52604996
50.83923486,1.85565944
52.2350664,1.77682167
50.099701,-0.56364638
52.09210577,-0.80696963
50.75614066,1.75172724
52.26019806,-0.94096294
52.56309995,1.43755679
52.33997025,-0.23385314
51.20380127,-2.35341581
51.44107646,1.773241
51.88541266,0.00639948
50.4732537,1.14207153
51.02845329,-2.03034192
51.86652948,0.34874536
51.49910973,-1.23080011
51.4984688,-2.08362676
52.24540838,1.0513288
50.90566569,-1.43383354
52.33866411,-1.50965093
52.39318753,0.37225485
51.25312275,1.81388658
51.07968142,0.29491164
52.21343453,-0.02663615
51.42412623,-1.50366228
52.5733563,-0.44825236
52.59476296,-0.34713968
52.02353285,1.29179892
51.69668505,1.02991064
52.20163471,1.17429982
51.4962567,-0.81441738
52.15093408,1.79946729
52.04931999,0.90026386
50.81384387,0.42740604
51.29093384,1.08333423
51.08859446,-1.53195909
51.56247973,-1.69955287
50.29312914,-0.74037832
50.97961589,-1.64982382
50.20772017,-0.98386085
51.12165774,1.3146199
51.27273203,-1.03847364
51.44160489,-1.18005343
52.80884085,-0.86288036
52.53701561,-1.2228063
52.13182441,1.61179443
50.99227724,-1.87258289
51.07721339,-2.03110473
51.91895725,0.18324292
51.44867917,-0.21676268
50.40253594,0.85713437
51.72871807,-0.82626354
51.15285978,-0.55309407
50.27219005,-0.73511071
50.84256285,0.82791791
51.41731546,1.2684831
51.48886864,1.48877334
52.58893247,0.1763816
51.58540165,-0.00344098
50.3205842,0.00189449
51.16966289,2.10468551
50.372561,0.95605803
52.54922135,0.65949594
52.85208202,-0.18095209
51.03792265,-1.64388347
51.82270155,1.11336931
52.61783321,1.17641368
52.4744609,1.28528346
51.03212332,-1.67799552
52.35583091,1.07140459
50.91896819,1.52432497
50.09312319,-0.16896411
52.83889665,-0.37897628
51.26840557,0.5465616
52.59299003,0.53729003
50.97161001,-1.72666118
51.09016016,1.28623546
50.50615072,-0.63222595
52.33403833,-1.04265687
52.01280793,1.19936406
52.56004464,-0.27280208
51.45016161,-0.38957432
50.19342853,-0.61815042
52.27397405,-0.4813014
51.05468989,-1.9176682
52.58715673,-1.35452533
50.85034361,-2.03672406
50.60540922,-0.64409274
50.78007155,-0.3549034
52.54464131,0.88882269
52.22255725,-2.14333801
51.50032438,-2.06970688
52.27529982,0.72506127
50.85922698,-0.42677739
51.24822832,0.11184443
51.62078468,-1.57665602
50.71270334,-1.62297015
52.25801466,-1.40140398
50.20159038,0.65117791
52.69173005,-1.21407453
50.40444133,-1.01157426
52.45078683,-0.90790046
50.7498284,-1.48958156
50.34401668,0.20237268
50.74935863,-0.36892318
50.71172828,-0.15979765
50.55275146,-0.57249789
50.91501417,0.39398222
50.56635603,-1.17725237
50.43248039,-1.53363013
51.5853229,-1.32757088
52.30404655,-0.49464703
51.2936099,-0.76568318
51.88774023,1.98835487
51.74669338,0.99576176
51.75439102,1.19880307
51.66853842,0.97253363
52.87730155,-0.55321675
51.34308088,1.60628739
51.36817049,1.36892614
51.2742328,-0.38633876
50.77389723,0.36237054
52.08451915,0.42928427
50.71117748,1.71984993
51.5722381,-0.63594532
52.69805929,-0.16097431
52.83083372,-0.16954408
51.98533803,1.73929718
52.93834177,-0.32638571
52.44260806,-0.04372172
51.81647268,-0.06118043
50.9265316,1.70387193
50.21549143,0.31949553
51.95650668,0.29938826
51.33933067,-1.61204225
51.8221733,-2.29096014
52.17878392,-0.45070057
52.22796335,-0.98536785
51.36320797,0.52527087
52.6506781,0.58450772
51.62691408,0.70544244
50.34088579,0.92664493
50.39040003,0.24142117
51.71215046,-1.06902808
52.20956524,1.18201709
51.47670603,-0.26491235
51.87876532,1.31202793
52.01767737,-2.12339342
50.99114255,0.0605281
51.61688516,-2.33752914
51.2179009,-1.06056666
52.40580873,-1.61560874
51.0911406,0.12273111
52.74777613,0.48576871
51.39635017,0.41291755
51.62493778,-2.21278365
52.45517053,0.22105474
52.03162847,-0.36776012
52.16097531,-1.88430846
51.60981574,-0.25572999
51.90428717,-1.10863845
51.74674119,-1.69956759
51.79823805,-1.9953546
51.21563183,-1.07234166
52.6184591,0.41933395
50.14913673,-0.44563231
52.68849349,0.60987393
51.7403886,1.95093574
50.57608687,-0.74161927
50.83873385,-0.53646835
50.42332664,1.25740442
51.25105994,1.33084432
51.13871095,-1.39672973
51.27157315,1.22018215
52.12147847,0.40780106
52.11732058,-1.13818833
51.96469648,-0.86264978
52.63836138,0.48439482
52.70813748,-0.39922653
50.76132812,-0.12478506
51.220963,-0.31748594
52.76380348,-0.66397579
51.58065219,1.95325607
52.3723136,0.47321466
51.71026796,-0.4911709
50.91095257,1.50265102
52.38718921,-1.94617921
52.11884652,1.36210458
51.93268457,-0.60644584
51.64051506,1.81591156
50.94454175,1.10690089
51.70399781,1.45048068
51.05018319,0.03466204
52.09301119,-0.47678503
51.03253294,-0.31463623
50.92595926,-0.75417123
51.40421254,1.15665293
51.43605254,-1.72016909
50.99368697,-1.63244207
50.89619362,-1.66709637
52.39033589,1.34145346
52.59325395,0.23805543
50.96264721,1.76018662
52.65041063,-0.55457371
51.47918352,-1.72936649
51.85471521,1.26803589
52.51073484,0.0340338
51.7502317,-1.78833518
50.53303075,0.76030605
51.40911465,-2.21141138
50.50458803,-0.63232402
52.26918231,-0.81700011
50.7432067,1.27933297
51.34846922,-2.08013123
50.90460785,0.05381521
51.02038404,-1.21454734
52.26754375,-2.08965759
51.23077208,-1.40576201
51.50444529,-1.97589633
52.11558736,-0.50526984
50.43403708,1.26935453
51.01140217,-0.85529673
51.80627514,1.94009855
52.37977685,0.20573004
51.6657267,-1.18264344
50.77869911,-0.14939233
52.10470098,1.92690323
50.70250779,0.5534528
50.68053155,-0.40202594
51.63669525,-0.95195585
51.18985417,-1.3455146
52.8994895,0.23768166
51.17424547,1.7345193
50.96460138,1.17807404
51.14414618,-1.85429063
50.92392938,-1.58886681
51.43515366,-1.32319345
51.60918095,-1.71499098
51.48192822,-1.37279296
51.62901397,-0.22629655
50.51279808,-0.26691161
51.9990928,-1.6591884
51.78949131,-2.29720385
52.42928348,-1.61344931
52.77514554,0.93660776
50.44679213,0.46675166
50.16053769,0.4092535
50.98421425,1.21657331
51.32721043,-0.67359229
51.21475351,0.14918438
51.84028303,-1.59364938
52.58108094,-1.5678919
52.47481244,1.34373038
50.9049286,1.58711631
50.96729399,1.38300504
51.57784112,0.08711597
51.0991599,-0.50873388
51.22499881,-0.69782393
52.55425984,-0.56148791
52.66680987,0.61499559
51.11728788,1.98941136
52.36106188,-1.71500113
51.17853012,1.6515962
50.55783233,0.43196123
52.88558079,0.58636005
52.12258438,0.47248155
51.57185981,-1.21971385
50.33189015,0.59568574
52.91963907,-0.13639794
50.84285772,-1.10851895
51.93457847,-1.27428683
51.02440755,1.31771038
50.17001987,-0.06235566
50.45610152,0.30292593
52.85429831,0.01306521
52.1283376,-1.28796458
51.44128017,-1.39174255
50.84546115,-0.49957303
52.56387866,-0.8239703
50.28546771,-0.80384714
52.39140658,0.85259417
51.80097047,-0.78497597
52.75915679,0.02550201
51.03035686,-0.75850784
52.04708246,-0.15209856
