Latitude,Longitude,elevation
-37.84069074,144.89838714,
-37.78758133,144.93940107,19.3
-37.85123879,144.99229119,25.8
-37.83719706,145.04525964,40
-37.86894208,145.01176784,42.3
-37.78548181,145.01951945,27.6
-37.79074615,145.04676766,28.1
-37.86471132,145.01446493,43.7
-37.79046123,144.9443808,18.7
-37.85848098,144.95111507,
-37.83453636,145.01788607,35.6
-37.76740381,144.95649898,52
-37.75826425,145.00033041,63.1
-37.78505219,144.94409311,22.7
-37.79776802,145.04858989,52.6
-37.81753275,144.99707247,25.7
-37.88501128,144.96436967,-0.6
-37.8118508,145.01793881,38.5
-37.84818987,144.9567282,7.5
-37.79640386,145.03029483,45
-37.81620243,144.95438519,30.9
-37.86627163,144.93911781,-0.6
-37.79905767,144.96023224,52
-37.8011802,144.91766907,6.6
-37.76174477,144.96828735,58.1
-37.79770264,144.89662991,25.1
-37.83341928,144.95011935,7.1
-37.83762599,144.98981677,28.5
-37.8710876,144.93405275,-1.9
-37.85182637,144.98765174,20.8
-37.76441509,144.94702501,55.4
-37.81035973,144.98219826,44.4
-37.74532393,144.97327109,55.6
-37.75745617,144.96452905,60
-37.75721202,144.95045481,47.5
-37.8392339,144.94988416,8.2
-37.79243243,145.00829865,28.5
-37.83932965,144.91730548,3.6
-37.83179772,144.90217008,5.1
-37.81929382,144.9266749,
-37.74778101,144.95171534,63.8
-37.77999907,145.01329237,42.1
-37.83989134,144.96625421,8.3
-37.79216478,144.99482395,31.4
-37.82115298,145.01453869,17.5
-37.81602208,144.87433538,16.5
-37.78689133,144.95292578,44.1
-37.76940286,144.93661,18.1
-37.77396752,144.93922834,27.8
-37.75795,144.95448459,56.3
-37.80144594,144.89400004,23.1
-37.76833981,145.02761963,48.2
-37.81792822,144.95787464,52.7
-37.81985148,144.89840959,14.9
-37.77982666,144.96057905,52.6
-37.79186094,144.97313796,32.6
-37.78612809,145.02032528,23.1
-37.76555671,144.95939444,51.9
-37.79309158,144.97554432,32
-37.80139802,145.03748553,54
-37.8120683,144.89143803,23.7
-37.82647596,144.94133285,6.7
-37.80018142,144.92891007,10
-37.79923478,144.92815348,12.9
-37.8686253,144.91126397,1.1
-37.87778482,144.95183257,-1.4
-37.85035477,144.90984121,
-37.83071941,145.00121262,15.1
-37.82378224,144.94445853,4.8
-37.86613731,144.95473191,0
-37.78650793,144.89731005,6
-37.74345715,144.95299572,63.8
-37.85845029,144.90388894,1.4
-37.77629925,144.92736091,43.9
-37.86877188,144.93017412,-1.9
-37.86482921,144.95253483,-0.1
-37.77580307,144.92573712,43.4
-37.74432926,144.9593067,67.7
-37.78500372,144.98392822,39.9
-37.78287006,144.96907906,43.8
-37.82565207,144.89468274,10.5
-37.8350106,144.93572752,4.3
-37.86571714,144.99991195,20.5
-37.76988001,144.97558903,49.6
-37.87095117,144.93801068,-1.5
-37.78216835,144.8878072,41
-37.78801222,145.03161856,14.1
-37.84513945,144.95166127,6.2
-37.77257703,144.92900964,40.4
-37.76828918,145.02274727,49.9
-37.74368113,144.94322431,63.4
-37.80660518,144.87617329,25.2
-37.7819792,144.94439225,19.8
-37.86651236,144.91845497,0
-37.84468893,144.89417187,10.5
-37.81731588,144.89557498,19.3
-37.86181551,144.990429,23.1
-37.78810351,144.89377548,37.5
-37.7715064,144.9039341,13.5
-37.76807828,144.9270301,37.6
-37.77735349,145.00530441,41.5
-37.76201136,144.98848235,47.9
-37.79349796,145.02143618,51.4
-37.83812158,144.87913474,22.6
-37.80748877,144.99333198,23.1
-37.82505577,144.98796595,9.5
-37.77103244,144.96976749,47.5
-37.76625485,144.95405022,52
-37.81293354,144.87827678,19.7
-37.82127227,145.01607331,17.1
-37.86980345,144.92005551,-0.2
-37.82378965,145.05148786,51.3
-37.84509584,144.91929312,
-37.75040259,144.97879495,53.3
-37.8370106,144.91224424,4.6
-37.86241191,144.96134289,
-37.8547199,145.01518783,49.6
-37.8002375,144.90458347,24.8
-37.76667345,145.02432631,52.6
-37.86096804,144.91128201,1.7
-37.76776271,144.94665372,53.8
-37.80067519,145.00813547,18.9
-37.78193105,144.97288858,39.9
-37.74761338,144.93019678,29
-37.82357687,144.98447727,10.4
-37.80764611,144.91596417,6.8
-37.86809673,144.92977205,-1.9
-37.78669239,145.00823684,27.2
-37.77789533,144.98334532,43.6
-37.86018074,144.95231575,
-37.78241249,144.89809543,5.9
-37.78444194,144.97405675,37.9
-37.83710972,144.96341458,14.3
-37.77881735,145.03582215,25.6
-37.79206003,145.03442169,27.7
-37.76703573,144.95923599,49.8
-37.8500445,144.90085362,
-37.74540651,144.94114779,51.7
-37.87041472,145.00017991,21.6
-37.83950031,144.9431793,7.2
-37.79413332,145.00192418,22.4
-37.77488767,144.88935183,40.2
-37.79360635,144.94363318,25.2
-37.86802837,144.9089628,4.7
-37.78421099,144.94968137,41.3
-37.79473317,144.92070995,8.1
-37.83390525,144.88199572,19.3
-37.87154263,144.98057114,10.3
-37.82487327,144.95601907,12.2
-37.80330424,145.04924402,48.4
-37.87981841,144.99592144,16.1
-37.8205545,144.87630087,11.2
-37.82229319,145.02571013,30.3
-37.86207566,145.00831293,43.5
-37.77605487,145.03860817,38.1
-37.78594089,145.00599884,28.3
-37.75857441,144.95327187,53.6
-37.85179253,144.93846131,
-37.88597821,144.97105221,-0.1
-37.74640729,144.97832928,50.6
-37.80247012,144.95311211,36.4
-37.82254737,144.89412361,12.6
-37.84924882,144.88544205,15.3
-37.7687665,144.99502377,49.2
-37.80824965,144.99163004,23.9
-37.75579749,144.95638813,59
-37.80592906,144.99911356,21.1
-37.86827636,145.0066398,32.2
-37.78949674,144.88797668,39.6
-37.84921596,144.95430457,8
-37.75534363,144.97794319,51.1
-37.86328035,144.97634611,19.3
-37.80534855,144.92266051,8.1
-37.8735439,144.99863217,17.3
-37.8856512,144.95124464,-2.6
-37.85565946,144.99355182,27
-37.84488438,144.91789194,
-37.77185128,145.02079916,44.7
-37.78960195,144.95680976,58.6
-37.76527435,145.0063851,60.5
-37.83847026,144.96624112,11.7
-37.85508852,145.03803004,39.7
-37.8287005,144.91517286,6
-37.76301199,144.96706664,58.4
-37.79557441,144.92705815,24.6
-37.84895189,144.97397386,5
-37.82211271,144.9880372,13
-37.82997282,145.01333894,12.4
-37.87090942,144.97082257,
-37.87272022,144.93440909,-2.2
-37.76489931,145.02535834,51.5
-37.81208717,145.04293817,54.3
-37.78749969,144.9460893,33
-37.86060976,144.90343376,3.7
-37.85949776,144.942742,0
-37.83347699,145.00254817,14.7
-37.7998363,144.92752977,10
-37.86037073,145.00607836,42.6
-37.7817732,144.93535976,27.1
-37.78159767,144.93956788,11.7
-37.79434346,144.95160556,35.9
-37.77962881,144.9000693,9.5
-37.74839064,144.99916016,61.7
-37.85394863,145.00906215,45.5
-37.84354451,145.04139199,14.8
-37.80088419,144.99990533,24.8
-37.78520713,144.93729561,9.1
-37.79978345,144.95508307,33
-37.7840411,144.8894244,39
-37.79112935,144.95481169,69.4
-37.84879676,144.91159418,4
-37.76325801,144.9844578,42.3
-37.81628749,144.97266472,19.3
-37.78070309,144.94273693,16.7
-37.80278662,144.96513125,47.4
-37.87014116,144.94716194,-0.8
-37.87706029,144.97641699,3.8
-37.84558866,144.88717199,17.1
-37.802619,145.03021417,73.4
-37.84265621,144.94721971,7.2
-37.77998813,144.9668936,43.1
-37.77766768,145.0378975,31.2
-37.7701712,145.01534749,46.9
-37.78387288,145.01692003,39.6
-37.83077558,144.99745415,16
-37.85907462,144.95425711,
-37.81660136,144.91125877,5.9
-37.76566104,144.94088225,39.3
-37.80222732,144.97395291,49.7
-37.85638842,144.97504749,5.9
-37.81231598,144.91364641,4.8
-37.82570174,145.03935519,37
-37.74680421,144.96016411,67.7
-37.87594756,144.96457195,
-37.87647602,144.9584198,-0.4
-37.8172321,144.92740977,0.1
-37.85778945,145.01660494,56.3
-37.80716224,144.90721018,4.9
-37.84112085,145.04795166,36
-37.81017067,144.94275765,6.3
-37.81158513,144.98969936,24.4
-37.86219701,145.02576863,52.2
-37.85238545,144.89576989,12.5
-37.82470562,145.04927858,47.1
-37.78382606,144.88439099,40.6
-37.87953704,144.97027165,0
-37.88303099,144.97436201,
-37.76661573,144.99434935,50.4
-37.79331378,144.9847163,28.8
-37.81230187,144.98411356,44.8
-37.76241215,145.00142029,57.6
-37.77627853,145.03872469,37.5
-37.83960473,144.96876346,10.2
-37.84641727,144.9648691,5.7
-37.83202449,145.03246607,36.9
-37.83607026,145.03899006,27.5
-37.83571221,144.98470096,38.2
-37.78541716,145.02207211,24.6
-37.78613725,144.96858973,45
-37.8283012,144.97541989,33.3
-37.8041833,144.89086783,25.7
-37.84455433,144.95380363,7.6
-37.84793456,144.95097119,7.8
-37.84052925,144.94482305,6.5
-37.77367487,144.97377279,46.4
-37.82175145,145.02104827,23.4
-37.78813971,144.88582063,39.1
-37.80433161,144.90179167,16.2
-37.83722586,144.99332095,12.7
-37.75822132,144.9228088,39.4
-37.8012238,145.03239539,74.3
-37.82570843,144.89293412,10.8
-37.82252903,144.99968404,28.4
-37.84082259,144.93363317,7
-37.79938883,144.9344909,8.2
-37.85906306,144.96438889,
-37.86653199,145.00450026,26.3
-37.83249422,144.92989558,12
-37.84245314,144.91450579,0.2
-37.8299942,144.97231926,26.2
-37.80728612,144.95440727,35.5
-37.81848796,144.96949911,11.6
-37.88222217,144.97990305,7.3
-37.78932135,144.92512822,23.5
-37.81217045,145.02057985,34.1
-37.77539682,144.89513488,12.8
-37.86111783,144.9892845,26.2
-37.79263774,144.95770578,46.5
-37.79745469,144.9071771,19
-37.80500091,144.94302298,23.1
-37.82138012,144.88483343,11.5
-37.83066362,145.05032984,49.7
-37.8836479,144.95480897,-1.8
-37.84491115,144.99550025,19.3
-37.8579816,145.02169382,50.1
-37.80174191,144.90939254,9.2
-37.76187562,144.90054542,11.7
-37.75547185,144.92043042,48.2
-37.84586106,144.96514924,6.4
-37.85057699,144.98753385,22.5
-37.83507438,144.93170077,7
-37.78199209,144.92816168,30
-37.82852553,144.96601964,11.5
-37.7836488,144.94456164,23.5
-37.78624902,145.03991683,18
-37.80679936,145.02416486,70.4
-37.75790166,144.97590908,54
-37.84063817,144.93112646,11.7
-37.83710568,144.90073924,7.7
-37.77460501,144.91840022,32.4
-37.86040671,144.92239377,-0.3
-37.75092507,144.99984833,64.3
-37.77634095,144.96190492,52.9
-37.81081846,144.99850627,22.6
-37.80791551,145.04126339,70.9
-37.80526061,144.92403544,6.7
-37.77628377,144.95624523,50.7
-37.8453131,144.91812499,
-37.83007688,145.01847245,18.5
-37.84440173,144.98900994,19.9
-37.78137922,144.91717108,22
-37.77769751,144.98384835,43.2
-37.78697406,145.00345019,39.7
-37.86875624,145.0007704,22.5
-37.81733521,145.00745836,19.3
-37.82385874,144.98973783,11
-37.82883758,144.96570826,12.2
-37.80677277,145.04571375,70.1
-37.79238242,145.01173234,26.3
-37.75300338,144.97235165,56
-37.75731764,144.92307973,44.3
-37.80804998,144.94514506,22.4
-37.86171192,144.94870632,0
-37.79858154,144.93248291,22.8
-37.86796345,145.02369814,49.6
-37.81424243,144.92825218,9.8
-37.75504513,144.98710784,50.3
-37.81918506,144.95298658,11.5
-37.88209504,144.95970856,-0.8
-37.78258754,144.97185373,42.8
-37.85980003,144.91315049,
-37.79252838,144.92547054,29
-37.85017507,144.98625912,22.1
-37.81689597,145.05224345,78.4
-37.80669541,144.94251228,16.3
-37.84773002,144.9871588,20
-37.81843459,145.00055036,20.5
-37.84260256,144.93912002,9
-37.79596183,144.99265167,23.8
-37.80960044,145.03134245,51.5
-37.80627938,144.93498346,2.9
-37.811383,145.04146446,60.7
-37.84246195,144.99949647,14.2
-37.78244026,144.96690094,47
-37.83509373,144.94008727,6
-37.81090784,144.91684876,5.3
-37.7705334,144.8975083,6.3
-37.77201665,144.89585635,7.7
-37.8553025,144.93843016,0
-37.76189031,144.90266305,10.6
-37.84520363,144.98025688,17.4
-37.82118794,144.88857683,11.6
-37.84234127,144.91693227,
-37.81647052,145.00874234,19.8
-37.76054775,144.91126624,32.4
-37.79180945,145.02815839,25.1
-37.80504691,144.92781405,5.8
-37.84204634,145.01621014,55.5
-37.81629947,144.91196498,6.3
-37.85167451,144.9001519,
-37.87640086,144.92009754,-0.3
-37.83691682,145.02182486,46.4
-37.80595919,145.04068688,72.7
-37.80003312,145.00378379,22.7
-37.87241196,144.9282172,-2
-37.82217172,145.02356657,21.3
-37.78921415,144.94637024,30.4
-37.74632449,144.97243113,57.1
-37.86185412,144.9480582,-0.1
-37.85742567,144.93067239,-0.5
-37.85257336,144.89624846,11.5
-37.80895105,145.0244494,57.9
-37.74189513,144.96475406,65.1
-37.81378361,144.99503936,20.2
-37.7837187,144.97732221,40.5
-37.7853084,144.92643076,26.1
-37.81697465,144.91904426,9.5
-37.74703982,144.96905241,61
-37.84771721,144.9030653,
-37.82322889,144.893127,14.9
-37.78368941,144.93944757,10.5
-37.83188762,145.01265036,20.3
-37.81494024,144.95119513,14.9
-37.80487365,145.01239584,63.1
-37.76998347,145.0138787,46.1
-37.83247596,144.98360788,38.8
-37.84407519,144.90450462,4.3
-37.80582412,144.88686451,26.4
-37.82614013,144.95261488,7.4
-37.75765625,144.97266967,55.2
-37.84713321,144.96646852,7.2
-37.83663171,144.9381365,5.1
-37.86370352,144.95178257,-0.1
-37.80906768,144.94279887,9.4
-37.84806683,144.95779375,9.7
-37.78255782,145.00962102,37.5
-37.85479543,145.01348664,51.3
-37.81947727,144.88448677,13.9
-37.8447431,144.96565333,7.6
-37.83221986,144.89246469,15.1
-37.86991554,144.91258693,
-37.81154163,145.02674816,39.9
-37.84134346,144.90076389,2.3
-37.80315231,144.95733757,39.2
-37.79465745,144.9240781,20
-37.86618072,144.91249473,7.1
-37.85699991,144.99097509,28
-37.780539,144.92752875,34.1
-37.86806192,144.90455308,13.4
-37.85918397,144.91882024,0
-37.76189086,144.94554405,51.5
-37.81597346,144.97418432,21.5
-37.83065599,144.87816759,18.9
-37.86417112,144.98454855,14
-37.77523399,144.94270706,35.3
-37.81924521,145.0404728,38.8
-37.82830336,144.94183333,5.5
-37.77557008,144.89912612,8.2
-37.74243269,144.97486738,53.4
-37.85797601,145.03603471,50.6
-37.74951481,144.93059257,29.3
-37.79830945,144.96558311,50.9
-37.83628774,145.02067997,46.4
-37.80217872,144.92090326,4.5
-37.76981441,144.97100012,49
-37.82746513,145.00747362,18.3
-37.76145488,145.00707522,69.1
-37.77863849,145.03392482,29.7
-37.76961586,144.98250026,44.9
-37.80326375,144.97581977,45.9
-37.83373551,144.9747444,16.9
-37.8501237,144.90994228,
-37.82384625,145.03526322,31.8
-37.79442999,144.88623748,34
-37.86366504,144.90914895,6.9
-37.80176759,144.87881533,30.9
-37.77459952,144.97625505,46
-37.77466304,144.90568048,9.4
-37.77725313,145.00891621,41
-37.8076294,145.01419593,34.2
-37.86599996,144.99753286,17.3
-37.79931165,144.90156484,27.2
-37.82715271,144.89436921,11.7
-37.86729494,144.97842921,9
-37.84249913,145.00977369,33.1
-37.82536066,144.94909291,7
-37.83502772,144.99777349,19.6
-37.85584488,144.89082275,14
-37.79101918,144.99089231,39
-37.83033927,144.92731675,7.4
-37.79693105,145.01835789,19.1
-37.79153366,144.87949624,37.9
-37.79146724,145.0156145,20.6
-37.79352089,145.01079162,33.7
-37.83104683,144.98250842,24.3
-37.75703192,144.92758464,45.7
-37.77450337,144.98770242,35.2
-37.76701468,144.89749142,7.1
-37.78999925,145.01479039,29.5
-37.79739132,145.04882325,54.2
-37.76679635,144.98381742,45
-37.77910499,145.01205382,43.7
-37.76910269,144.90468953,13.1
-37.87307378,144.9424931,-1.7
-37.87735624,144.9557867,-0.8
-37.75281919,144.95242971,56.7
-37.87152892,144.9610723,0
-37.78585325,145.03604355,21.7
-37.7527243,144.91586579,46.3
-37.80634838,145.02058114,62.8
-37.84952288,144.92639584,
-37.87136814,144.99286582,11.3
-37.78162042,144.98450524,40.5
-37.77000815,144.97323224,49
-37.79672005,145.01851063,20.7
-37.78578335,144.91293342,10.2
-37.81789389,144.91412301,8.9
-37.85101673,144.95565274,6.3
-37.77129605,144.89236089,22.3
-37.80594854,144.95716451,33.9
-37.77691963,145.02544514,39.4
-37.86254195,145.01088117,40.5
-37.82048307,145.04654646,47.2
-37.81574655,144.88934311,19.8
-37.80403531,144.99250177,25.1
-37.79606661,144.93952858,10.7
-37.81354263,145.00366498,21
-37.77589551,144.96529253,47
-37.87588124,144.93745145,-2.7
-37.86302629,144.93758616,-0.3
-37.76818041,144.99818275,52.6
-37.77832436,145.01435551,42
-37.76463747,144.92310734,42.3
-37.81050718,144.9400469,4.9
-37.76640667,144.9614419,51.8
-37.84023797,144.91107751,6
-37.80976461,144.92164441,6
-37.793968,144.89209128,31.9
-37.84473951,145.02855458,35.7
-37.76617031,144.97685145,49
-37.826465,145.01164791,18.1
-37.78583557,145.03074934,26.7
-37.81834858,145.00201648,20.5
-37.77904168,144.95221708,45.4
-37.83169569,145.01246776,18.2
-37.83839884,144.93478837,5.8
-37.80007483,144.93206018,11.4
-37.827198,144.90135765,
-37.82849692,144.99227882,12.8
-37.75417542,144.96035057,64.2
-37.76671213,144.9056436,11.8
-37.75574151,144.91035191,30
-37.84692275,144.88233836,15.4
-37.8340032,145.02755775,13.6
-37.85291231,144.9170351,
-37.77794513,144.89346067,14.7
-37.81554471,144.97894625,18.8
-37.74950058,144.96025152,65.7
-37.79627587,145.00970498,21.5
-37.8095672,144.93122129,7.2
-37.81833127,144.94314707,0.1
-37.85129429,144.92592063,0
-37.84898174,144.92202606,
-37.81287249,144.92172347,4.4
-37.84915839,144.98047023,20.3
-37.88526063,144.97647184,
-37.8342509,144.96035538,20.4
-37.79733113,145.01072515,27.6
-37.82070953,144.99646227,31.3
-37.83991164,144.99669525,19
-37.80083573,144.93899022,7.2
-37.83805094,145.04360225,32.1
-37.80234312,144.98866019,24.7
-37.82135081,144.89621006,13.7
-37.81657441,145.03948425,38.7
-37.77098097,145.01005916,45.8
-37.865745,145.01226457,40.4
-37.79779357,145.02372679,66.1
-37.82073818,144.9730965,10.6
-37.81186298,144.88689702,22.5
-37.77772171,144.89979827,6
-37.75191856,144.96778928,58.5
-37.85764258,144.91290769,
-37.74566317,144.97952079,43.9
-37.76303683,144.95659845,51.6
-37.77472118,144.93314247,26
-37.75687842,145.00008787,65.4
-37.85069475,144.99904041,25.2
-37.77813492,144.97888693,45.2
-37.86921399,144.94385656,-0.9
-37.87656539,144.96143563,-0.2
-37.77857368,144.92025307,26.7
-37.81088284,144.91355492,3.5
-37.81719779,144.99365854,37.8
-37.79654851,144.97233063,37.2
-37.79868182,145.04252868,35.3
-37.82785628,144.92300136,10.6
-37.86930503,144.91492219,
-37.7915667,144.97669097,32
-37.81152657,144.92661394,5
-37.81140163,145.02310974,38.2
-37.77061277,145.0201987,46.6
-37.7894589,145.04759828,34.7
-37.79298729,144.95171138,45.1
-37.75780337,144.98838306,49.6
-37.86387922,144.93737017,-0.4
-37.8556457,144.97697875,10.6
-37.80149284,144.88489831,28.5
-37.74339717,144.9479406,66.8
-37.8826523,144.97678356,4.3
-37.8244571,144.93313679,8.7
-37.8670572,145.00025281,21.8
-37.76433385,144.9591139,53
-37.76888898,145.01770111,48.7
-37.81751226,144.93224147,5.9
-37.75386805,144.94873111,55.9
-37.83847749,144.98962054,22
-37.86988952,144.94786143,-0.7
-37.82890378,145.00395677,15
-37.88047946,144.95074727,-2
-37.81199863,144.87336008,18.1
-37.82971746,145.04179368,37.5
-37.7594269,144.92820277,39.5
-37.85774347,145.02376235,53.9
-37.82093638,144.93438691,0.7
-37.84137328,145.02176635,47.6
-37.79779167,144.88513717,30
-37.81598055,144.95846751,49
-37.86676437,145.01171664,39.1
-37.83478714,144.98732246,41.7
-37.80479876,144.90003593,20.8
-37.85934922,144.96720037,
-37.87881573,144.97150842,
-37.75892951,144.98404822,44.7
-37.81082218,144.9932665,25
-37.8752989,145.00148589,20.1
-37.80593243,144.98793637,25.9
-37.79334478,144.97752111,30.6
-37.78618847,144.92354703,23.1
-37.79881183,144.95660388,49.4
-37.76383986,145.02164158,54.2
-37.80723899,144.97173027,52.2
-37.74905525,144.98481604,57.3
-37.8494027,144.90098697,
-37.80217577,145.05286391,59.9
-37.82950098,144.92640053,7.1
-37.79392399,145.00965961,30
-37.79935964,144.88370467,31.6
-37.86504205,144.93489132,-0.8
-37.80583645,144.9553774,36.4
-37.82932936,144.95179625,6.6
-37.81784689,144.98225413,21.2
-37.85805621,144.92514974,-0.5
-37.8154668,144.87522422,14
-37.8734095,144.98604103,13.1
-37.86800651,144.90258148,13.7
-37.83970084,144.89357754,6
-37.84957596,144.97208336,8.6
-37.7915123,144.89683287,31.1
-37.76662199,145.01442951,49
-37.78660125,145.03701035,18.9
-37.77049851,144.90877329,15.7
-37.81998669,144.98865965,22.5
-37.8166175,144.98413066,29.3
-37.7916282,144.92755087,30
-37.81219795,144.88930001,22
-37.8684723,144.98421673,14.1
-37.83866923,144.98535723,27.8
-37.78739177,144.98665664,40.4
-37.85840673,144.98566561,30.8
-37.80500338,145.02557936,70.2
-37.78056447,144.97199587,41.2
-37.80684469,145.05150728,64
-37.86046307,145.02989971,62.8
-37.81279422,144.97095097,57
-37.79331788,144.88208654,36.2
-37.81416022,144.98807837,26.7
-37.85457513,144.98236696,16.8
-37.87193491,144.97429479,0.9
-37.84647521,145.01771833,60.6
-37.82889453,144.88756458,17.9
-37.81965068,145.03910222,34.5
-37.74994696,144.96382091,62
-37.81228196,145.02522026,36.6
-37.86390375,144.91498878,5.8
-37.75776683,144.9718661,57.2
-37.86765041,144.9991806,18.9
-37.80460463,144.8808306,30.1
-37.85552312,144.89462292,15
-37.87662258,144.97573209,5
-37.82841241,144.94799292,10
-37.86752183,145.02504831,52.9
-37.77099993,144.95070256,49
-37.86916616,144.93337463,-1.7
-37.83387331,145.01887735,31.5
-37.79910396,144.94103083,9.7
-37.88047233,144.94684475,-2.5
-37.81083314,144.974111,49.6
-37.79241736,145.03221571,28.3
-37.80090276,144.91112768,4.8
-37.7896761,145.03511259,15.5
-37.81064309,144.9088515,2.8
-37.82376964,145.03706817,36.3
-37.78652067,144.9794371,36.9
-37.86421218,144.9299788,-1.6
-37.78925525,145.03093193,14.6
-37.75478211,144.95112127,48.5
-37.74813443,144.94240955,63
-37.85229596,144.97454265,7.1
-37.80589593,144.95152043,35.9
-37.78286714,144.92974785,32
-37.84750793,145.03351183,52.2
-37.84781895,145.03199004,56.7
-37.83367109,144.87876976,20
-37.79572644,144.91092243,3.9
-37.78756743,145.04713833,27.6
-37.84786499,144.88933221,17
-37.81460987,145.03101284,43
-37.80558575,144.89537854,23.8
-37.84505427,145.04080751,11.4
-37.83915521,145.02371615,41.4
-37.84979782,144.91567629,
-37.78113794,145.01217823,41
-37.76453885,144.99244126,48.9
-37.80517665,144.96925424,51
-37.75886617,144.9100543,31.7
-37.78487645,144.91133046,9
-37.81326474,145.03288813,52.8
-37.74824957,144.99010237,56
-37.79279182,144.93959765,12.2
-37.77404733,144.99166407,41.3
-37.85751316,144.89920616,13.2
-37.7766187,144.88665289,42.6
-37.87770787,144.97359328,
-37.78249222,144.91750526,22
-37.74321703,144.94894566,67
-37.79128827,144.96516568,54.7
-37.7595437,144.94100571,37.7
-37.82799248,144.95459784,8.9
-37.86020572,144.96366589,
-37.77563278,144.99097797,42.7
-37.81557987,145.0363941,38.6
-37.84726238,145.00638032,33.9
-37.809532,144.8940706,24.3
-37.78364543,144.92289848,26.6
-37.77208879,145.01582743,47.6
-37.84224911,144.88616038,17.8
-37.76318228,144.89924384,6.2
-37.83151578,145.00187388,11.1
-37.74691293,144.95663602,58.8
-37.85113755,144.9512045,
-37.77634347,144.98464909,43.3
-37.80635844,144.96635424,44.9
-37.80710168,145.01410652,39.4
-37.77637786,144.90102655,6.4
-37.84746612,144.91140304,4.3
-37.85944106,144.92099132,-0.1
-37.82600392,144.90145314,
-37.7623756,144.90332847,10.5
-37.76487549,145.00996294,59.8
-37.8380457,144.96457059,15.6
-37.85766774,145.01901324,52.8
-37.82894709,144.94533265,7.2
-37.76141293,145.00412967,65.1
-37.78700659,144.99471998,40.6
-37.82595692,144.99776544,18.5
-37.76162401,144.90426667,22.3
-37.84260622,145.01698308,55.2
-37.81582649,145.0323077,46.3
-37.74493311,144.94016462,53.8
-37.7739113,144.89640083,9.8
-37.79847539,145.04549583,37.6
-37.8318794,145.04517524,41.8
-37.78769738,144.90972844,8.5
-37.76942277,144.92896027,38.8
-37.83431874,144.9675051,10.3
-37.86404269,144.99129975,14.9
-37.75642616,144.92909875,39
-37.75457418,144.98042446,41
-37.8376734,144.99829818,15.8
-37.81080477,144.95050424,24.9
-37.80050296,144.95836383,43
-37.74924136,144.98567444,60.7
-37.83517156,144.97124972,13.9
-37.82275216,144.87383287,17.7
-37.78502318,145.01805456,33
-37.83918866,144.9212768,4.8
-37.81933558,145.01986493,30.4
-37.79430392,145.034885,39.1
-37.83563775,144.91852766,6.9
-37.800524,144.96094834,44.3
-37.83131032,144.88954074,17.6
-37.78389184,145.01346904,39.5
-37.86222191,144.96972103,
-37.82907689,144.99927497,16.6
-37.80313185,144.95191522,34.6
-37.79106121,144.89970188,6.7
-37.82305464,144.89317938,15
-37.80146795,144.87850723,31.2
-37.76066942,145.01897113,52
-37.76637937,144.914431,43.2
-37.83526858,144.91292499,8.4
-37.80387465,144.96363133,46.3
-37.86983268,144.98172429,13.8
-37.79884211,145.01240308,19.7
-37.82393528,144.91857954,5.9
-37.82106347,145.03570817,33.9
-37.77680923,144.92756754,43.6
-37.83595298,145.04173152,33
-37.80503607,145.00641438,24.7
-37.82049554,144.99731987,31.5
-37.74386847,144.96992737,58
-37.86330809,144.97010339,0
-37.8264232,145.01343882,21.3
-37.86253539,144.93845834,-0.2
-37.85350771,145.02351375,61.8
-37.81705531,144.96756541,24.2
-37.79164577,145.04544425,31.5
-37.74385818,144.98151589,48.9
-37.85081632,145.03503108,43.2
-37.815855,144.99951924,20.1
-37.78823842,144.98486397,37.2
-37.77631278,144.97838701,47.5
-37.81486171,145.04572093,66.7
-37.80344333,144.91252352,6.2
-37.76976983,144.89719721,6.1
-37.81062969,144.95554309,40.7
-37.78086269,144.89743205,8.1
-37.80662612,144.91726186,5
-37.81935991,144.91733232,1.1
-37.80212239,144.9658649,48.8
-37.78987545,144.89085922,35.3
-37.76445472,145.01303332,50.5
-37.84508388,144.90174045,0.1
-37.87030644,144.99613462,14.3
-37.78563128,144.98448072,40.3
-37.86163553,144.91635443,
-37.87397399,144.97174994,
-37.87349168,145.01387209,36.8
-37.80729123,144.97825841,51.5
-37.79306377,144.89323156,34.8
-37.80506573,145.01081088,61.9
-37.75793549,145.01015741,63.7
-37.78114152,145.02102988,37.2
-37.75577853,144.96075654,62.8
-37.8714555,144.95286799,-0.4
-37.8528717,145.00063032,33.2
-37.84278478,144.92160005,
-37.8294551,144.98173129,14.4
-37.86437021,144.92246098,-0.4
-37.78769222,145.00040701,40.1
-37.81084618,144.95977055,45.9
-37.77203033,145.01403234,47
-37.84106563,144.95104469,9.7
-37.80816262,145.00774057,15.1
-37.79896827,145.00087103,16.8
-37.87900857,144.99000586,10.7
-37.87627656,144.97776854,6.3
-37.76280748,144.95883097,52.1
-37.76112443,145.00862825,62.9
-37.8118896,145.01500351,14.6
-37.81915327,144.90859996,4.5
-37.76183587,144.96266842,58.1
-37.81796026,144.99177558,29.8
-37.86502468,144.94975623,-0.2
-37.76330642,144.97503034,50.2
-37.81195475,144.9582721,40.9
-37.84616912,144.91119443,4.6
-37.83354457,144.90331191,7.5
-37.84327873,145.01411905,50.8
-37.82438782,144.98404415,10.4
-37.7757895,144.91143459,13
-37.88246531,144.96889309,-0.1
-37.78955662,144.9278299,21.6
-37.79092698,144.97464843,34.4
-37.80449526,144.99991383,17.2
-37.83691638,144.93549963,6.4
-37.8665986,145.01103756,37.8
-37.76797837,144.93800246,19.9
-37.82984861,144.92417113,9.2
-37.85065704,144.91285569,
-37.85613884,145.00823715,41.6
-37.80652967,145.01609287,57
-37.7773048,144.90483267,5.7
-37.75852272,144.97483374,53.2
-37.8097634,145.03470108,67.7
-37.87383779,145.00792107,26.9
-37.85996585,145.01919778,56.9
-37.79778866,144.97804967,34.2
-37.81640001,144.90501149,3.2
-37.81180802,144.94560077,9.9
-37.76260166,144.91711578,46
-37.80315511,144.98804152,24
-37.76977403,144.96567687,50.7
-37.79029934,144.93850426,11.8
-37.82604019,144.98718381,7.7
-37.78174537,144.91467103,19.6
-37.78682802,144.9270817,22.7
-37.82813088,144.89894404,
-37.77631078,145.03254537,39.8
-37.88020653,144.94072806,-3.3
-37.78582262,144.90461107,16.8
-37.83796613,145.04931964,60.7
-37.87280905,144.96060161,-0.1
-37.80929885,145.00798558,13.8
-37.77158269,144.99355366,54.8
-37.7528583,144.95885292,64.5
-37.8073322,144.9529529,38.1
-37.85094705,145.03161675,58.5
-37.80911923,144.99524256,21.7
-37.85644344,144.99135132,27.4
-37.82505823,145.04701134,47.5
-37.87073373,145.01657702,38.9
-37.845864,144.8991425,2
-37.83706499,144.99424638,12.5
-37.75349906,144.96346275,63.3
-37.74890283,144.9381974,53.4
-37.76609968,144.9790259,46.1
-37.85790788,144.89644629,14.9
-37.77291621,144.94107858,40.3
-37.77462569,144.92325918,40
-37.78529063,144.93347588,27.3
-37.82170122,145.04264308,39.9
-37.8195665,144.94206447,4.1
-37.80277193,145.02973989,72.1
-37.79282702,144.96644525,50.9
-37.79825321,144.92883256,18.2
-37.79720682,144.96560339,51
-37.7622896,144.95182734,48.8
-37.76073121,145.01554293,55
-37.78627295,144.92529191,25.3
-37.82185532,144.89607563,12.9
-37.84347299,144.94459476,9
-37.78515251,144.90789349,24
-37.84473905,145.03370025,49.7
-37.80864122,144.90539339,6.6
-37.75702635,144.92835912,42.6
-37.81736745,144.88450385,16.2
-37.77413414,144.97611205,46.1
-37.85602339,144.92361817,-0.1
-37.77763627,144.96749032,44.6
-37.85411778,144.90760893,
-37.7485625,144.94115524,61.6
-37.7661749,144.9307253,25
-37.81014447,144.96396948,37.2
-37.79971994,144.95591316,38.1
-37.7559668,144.96938391,60.1
-37.76339517,144.91190893,41
-37.84071765,144.88262658,19.5
-37.7521855,144.92541429,40.2
-37.79103402,144.91881974,6.8
-37.77901782,144.95865243,49.1
-37.77463626,144.89703905,5
-37.87971749,144.94612089,-2.5
-37.8131804,145.03890263,56.2
-37.77016154,144.9752248,48.7
-37.84648435,144.91554827,
-37.76683098,144.98219365,48.1
-37.78565105,145.03053595,28
-37.77531179,145.02554635,41
-37.86054207,144.92729444,-1
-37.8324124,144.92910352,10.7
-37.79272624,145.01098133,30.1
-37.8382279,144.92590303,6
-37.87688197,144.9446076,-2.2
-37.79599578,145.00721151,22.3
-37.77390228,144.96353489,47.6
-37.75885771,144.95951611,61.1
-37.85802733,144.99158582,28.8
-37.76875449,145.00535705,51.5
-37.81350822,145.03905113,53.9
-37.79986343,145.00822546,18.1
-37.78611613,145.01307563,24
-37.80138133,144.88314648,29
-37.78597923,144.9120239,7.2
-37.85215247,144.96483833,6.8
-37.82782011,144.9132194,4.8
-37.83984379,144.9518281,10
-37.82197143,144.93387648,6.1
-37.87959423,144.97230226,
-37.86821357,144.93418923,-1.4
-37.79603462,144.88250284,34.5
-37.82615643,144.9511329,7.2
-37.84915165,144.88832686,17.8
-37.78650563,144.95050194,44.4
-37.81125031,145.04660223,68.4
-37.7679823,144.92646999,39.3
-37.80760223,144.92491997,6.7
-37.804989,144.98022588,44
-37.84789906,145.01346788,39.3
-37.87811924,144.92788677,-2.2
-37.79037628,144.99004622,37
-37.80215474,144.90430279,22.5
-37.82821732,145.05299222,48.9
-37.76431659,144.94555522,55.6
-37.83944517,144.94851876,7.9
-37.81638782,145.02200981,26.7
-37.84952804,145.04097377,20.2
-37.80979891,144.95537892,38.6
-37.80809386,144.91016836,6
-37.86512546,145.01231105,40.5
-37.85538178,144.98026339,20.1
-37.82202239,144.87724612,9.3
-37.84828641,144.96989996,11
-37.83271927,144.99491838,16
-37.77577032,144.97071528,46.7
-37.83213592,145.00745514,12.3
-37.86133938,144.91038928,1.1
-37.86139218,144.99577561,24.1
-37.83743091,144.87891203,21.8
-37.78704374,144.91730642,4.8
-37.77709899,144.97794579,47.4
-37.83475757,145.0428568,41.5
-37.85207133,145.02862139,69.1
-37.81577924,144.95807297,44.6
-37.83922517,145.02983171,12.6
-37.75690977,144.92519664,47.5
-37.87568554,144.98236869,9.3
-37.76768489,144.90493252,12.1
-37.80299611,144.96721965,48.4
-37.81428447,145.01944995,36.1
-37.75904966,144.94409418,46.3
-37.79783152,144.97693047,33.2
-37.83766381,145.04797026,52
-37.77174771,144.99168439,41.4
-37.8122612,145.03779938,61.2
-37.85349836,144.98889902,20.8
-37.81523279,144.87245119,17.7
-37.80742373,145.04988792,72.8
-37.76117057,144.98842273,47
-38.1716475,143.56097211,133.9
-38.57675318,146.32079515,381.8
-37.42839736,146.15470653,1060
-37.64001837,143.8412996,388
-36.82007731,144.57660448,209.5
-37.41523555,146.24736452,400.6
-38.23814257,144.01915331,125.2
-37.57761265,144.93119477,222.9
-38.48129123,144.47715062,-70.2
-37.86508919,145.83484648,460.8
-38.14020253,146.40784091,157.8
-37.03188343,146.3132723,912.1
-37.83374352,145.62207381,270.1
-37.22747514,145.19390209,271
-37.81781405,146.29383499,1441.8
-38.61678302,144.60045645,-80
-38.10460279,145.30715642,46.8
-36.99790562,146.2162671,522.8
-37.79627604,144.11361493,311.8
-38.9014339,144.39175751,-75.3
-38.66736344,144.18408971,-72.3
-39.18620815,144.56646735,-64.9
-38.71247959,146.12010294,158.9
-37.75279737,146.31146608,687
-37.71965399,144.73959479,98.4
-39.14869363,145.23389699,-61.3
-37.3646632,144.93133943,406.9
-38.09940714,143.3626597,128.6
-37.07689508,145.26103138,287.1
-38.25728474,144.95719919,-18.6
-37.81281751,143.37254111,256.7
-38.74249474,143.6322023,204.7
-38.41106284,143.99047633,361.9
-38.02240639,145.61287816,158.9
-37.49403603,144.37640284,582.4
-38.22288277,143.24920162,146.8
-37.16680319,145.72377101,273.9
-36.48509548,144.57128593,131
-37.74803586,146.15721382,1033.7
-38.84147238,144.83597167,-55.1
-37.52811344,144.02557703,602.5
-36.89235126,144.11143906,281.4
-37.859575,146.00231558,287.4
-38.58245656,145.57693347,15.2
-37.53218189,145.36128883,510.3
-37.42177251,145.51355648,516.1
-37.98775709,145.99498365,351.8
-38.02339926,146.11772167,192.5
-37.99256436,145.55691119,249.4
-38.43117645,143.40473166,204.6
-38.55848938,145.93619343,61
-38.02726242,143.63290984,132.5
-37.092,144.95930842,266.6
-38.42513193,144.49371164,-71.8
-38.38827652,146.08327311,91.6
-38.01704415,145.22802287,19.1
-37.25115132,143.93950461,343.2
-36.49894833,145.69851934,163.5
-36.89036644,145.32420603,220.1
-38.5905108,144.14223749,-67.3
-36.41781756,145.38406142,116.5
-38.50916369,143.85379377,506.4
-36.49122975,145.11348517,116.2
-36.6010827,145.6330791,148.8
-38.25203229,145.89380936,144.6
-37.11806087,146.5609007,1057.7
-37.38519783,145.39396603,346.6
-37.77412462,145.1208807,87.3
-37.4295178,145.23987917,466.8
-38.29051752,144.65773091,
-38.46338587,146.15613206,209.3
-38.88423533,145.38127308,-74
-39.04668454,144.98156285,-79.9
-36.48942817,144.31776155,138.8
-36.79806903,143.8676094,193
-37.34675524,144.09985822,625.1
-37.38507378,145.21530619,633.3
-38.35535899,146.2502712,190.4
-37.3385045,146.13710236,324.2
-36.52704885,144.31863959,156.3
-38.02732034,143.3485144,132.8
-37.40112448,144.25016199,751.3
-36.96420161,145.51993962,510.5
-37.82045223,144.92912867,3.1
-38.42727244,145.36351194,0
-37.72599806,144.46781769,140
-36.81113289,145.13855292,131.8
-37.91659793,143.76688503,186.7
-38.57044595,146.13113824,120.9
-37.95477484,144.72304699,
-38.29815483,143.90334535,104.3
-37.05685785,146.05393118,340.3
-36.80660535,144.22468443,295.6
-38.86054067,145.23775942,-68.6
-37.91572377,146.64117074,374.8
-37.89391787,144.15844936,226.6
-36.70156121,144.44920321,192.4
-37.83355129,144.26678506,331.5
-38.04941021,144.8504844,-22
-37.79493319,144.89880128,31.1
-37.09755004,144.40283733,373.4
-36.92349923,144.78827583,201.8
-37.24705731,143.56539537,360.4
-37.67053189,145.47693326,86
-36.56352218,144.18641711,151.5
-37.05241797,143.94682658,248.1
-36.47634628,145.49675314,123.6
-37.48391216,145.99832597,796.2
-36.97756219,144.76940756,266.8
-37.07268345,143.99862266,233
-36.50695348,145.2900595,117.1
-38.04337508,144.3888888,24.3
-37.53023857,144.12300569,602.1
-38.03417289,146.50196304,366.9
-39.0874251,145.40674681,-71
-38.25103382,144.60169406,13.6
-36.82994414,143.79717557,230.6
-38.74819852,145.17793837,-73.4
-36.54030448,145.22494554,119.3
-38.46571229,143.43230933,173.4
-36.97816617,144.54653858,253.6
-38.79892177,146.03585692,96.2
-38.60690599,143.60015926,408.6
-38.03011184,146.16801826,223.4
-36.3814502,144.73650227,121.6
-38.54140704,144.27196822,-57.8
-39.1865453,144.84760213,-66
-38.19677086,143.9877661,74
-38.01561378,145.59901758,179.2
-38.10005133,145.60352394,23.9
-37.9569553,144.90659384,-15
-38.28360224,145.32472784,
-37.84910847,145.0539362,26.2
-36.56971812,145.50193037,136.8
-37.66716123,145.67702505,881.6
-38.89766166,144.54083592,-61.2
-38.1893984,146.37713685,24.4
-38.46552509,144.15617334,-16.5
-38.52478469,144.66201427,-70.6
-38.39155411,144.30167945,-10.1
-37.9925823,143.31405358,145.7
-36.7335781,145.93011861,428.8
-38.873248,144.82937915,-63.4
-38.04565696,143.260137,143.3
-39.15330877,144.48406721,-62.6
-37.07044741,145.39266803,458
-38.1577964,143.43638716,113
-38.23591749,144.66274908,
-37.58174498,144.76465669,205.8
-36.95120383,145.34237663,365.1
-37.05716296,143.79251886,207.7
-36.95403165,146.42241429,618.9
-38.8287018,145.8110859,-42.1
-38.43561439,145.73107296,164.3
-37.95244578,144.94669878,-13.5
-38.17572094,144.05432257,108.5
-36.70109288,144.15023732,200
-37.60144649,144.47028381,259.2
-36.98704025,146.22283229,610.5
-37.44762781,144.87928397,283.5
-37.42521077,143.93804736,571.1
-36.97132168,143.83005623,184.4
-38.42411758,144.27598287,-25.4
-37.98644176,145.05739802,23.8
-38.83649424,144.47171994,-78.4
-38.56648411,146.28678245,434.2
-37.81790507,144.38106601,133.8
-37.30069978,143.70909976,378.2
-38.77985441,144.01288064,-76
-38.4643458,145.72505027,132.7
-37.20953548,144.47078345,507
-37.19672553,146.37359171,564.5
-38.93659594,144.92752177,-75.4
-37.82373753,143.53932907,233
-38.2975602,146.48481306,189.2
-37.24565823,145.98462661,462.9
-37.69282623,144.03943108,484
-36.56859258,145.34789411,120.2
-36.80471837,144.36401435,202.1
-38.98074894,144.20830127,-59.2
-36.58581448,145.64139862,159.7
-38.6681578,144.82393168,-73.6
-39.09859596,144.27964534,-74.7
-38.68051114,144.9163079,-73.7
-36.74070587,145.15461977,131
-37.10606221,146.34711284,581.1
-36.87141611,145.56002712,309.3
-38.45961564,145.45302516,8.1
-37.77165132,143.89070764,339
-37.85823241,143.47315517,264.7
-36.80885544,144.77548764,216.7
-37.11089815,145.06616807,221.8
-37.4195845,146.43376268,1124.6
-37.11842058,145.62286071,317.9
-36.98218081,144.75001331,301
-38.55719584,145.45558105,
-38.00532225,144.62889891,
-38.53578134,144.24563329,-52.4
-37.4922946,143.25831853,311
-37.32554551,145.17310389,572.4
-38.23416221,144.24376352,90.1
-38.93068722,145.38680543,-69.2
-36.66473286,145.500959,150.9
-38.11168353,145.76290279,41.2
-37.56351284,144.27260784,469.7
-38.09436759,144.29498902,77
-39.01022489,144.45864897,-78.5
-38.19652072,145.326176,5.3
-36.55125142,144.51229925,145.6
-38.52606917,143.47007694,222.1
-36.45845753,145.28125278,115.5
-38.26192229,143.70394686,113
-38.43178935,143.43433248,159.9
-37.14635651,144.18713928,268.3
-37.35613966,144.89726781,304.3
-37.65266881,144.11411331,475.6
-37.06996595,146.042875,325.9
-36.62167795,145.07089993,129.7
-38.58857492,144.28175346,-67.3
-36.93417605,144.64057503,217.6
-38.52096263,144.40081052,-69
-38.82607649,144.86390967,-40.3
-38.51310418,143.8783445,552.2
-38.37394192,144.39246,-47.8
-37.83398618,145.76315877,552.2
-37.99206941,144.77473558,-11
-37.48981738,146.23921789,647.7
-36.51430692,144.97903981,105
-37.27047096,145.86663715,344.8
-37.36509346,145.12088115,381.7
-37.47128065,144.00528611,621.8
-37.28700861,145.10785307,437.1
-37.94707176,146.67758435,114.3
-38.63716511,146.41216867,142.7
-36.73615909,144.03223152,187.1
-38.53201052,144.16063959,-63
-37.69514483,146.62364047,324.5
-37.16424225,144.91995152,276.7
-38.90945131,145.18812358,-67.7
-37.72684803,144.58237641,106.8
-37.09232199,143.46046545,237.4
-38.47822903,146.50520227,580.1
-38.40549935,143.72998969,189.3
-37.34027439,143.36074828,447.9
-36.8296141,144.53109132,189
-37.13759737,145.84828781,348.7
-37.08336364,145.27678355,339.2
-38.68700398,145.67272409,-1.2
-36.83362396,144.6677212,265.7
-37.40997393,145.49146088,445.5
-36.66750688,144.40292872,163
-37.1230328,144.86715678,250
-38.08664992,146.31782301,162.1
-36.64545484,145.93543489,199.1
-38.32036741,143.95655273,121.2
-37.2792409,146.48084505,1217
-38.62969175,145.47068849,-23.8
-37.28388179,145.53983523,416
-37.65476553,145.61606578,772.5
-38.88695258,145.14604938,-70.9
-36.56428185,145.86816892,190.2
-38.46376297,143.99025351,214.4
-37.09574782,146.19472761,501.1
-38.63690943,144.52368405,-78.9
-38.09550792,146.00530495,156.1
-36.50964104,145.64806528,139.4
-39.11773044,144.24765935,-69.7
-37.79230114,143.24904299,245.6
-37.59992204,145.36311465,210.3
-38.63014944,144.25723937,-71.5
-36.60235945,144.76922865,145.6
-37.10054886,144.84116743,335.1
-38.54385447,144.98077514,-32.3
-38.32239275,146.60508381,260.5
-37.83483063,146.28832713,1487.1
-36.89876985,145.43234694,429.5
-38.37571247,145.08365451,69.6
-37.3764139,144.2932334,731
-36.88847981,144.3607127,240.9
-38.01293905,146.62819778,203.4
-37.98860926,143.92910238,169.1
-38.71522843,146.16920367,35.9
-38.64176861,145.22346043,-59
-38.65906138,145.62501828,31.1
-38.31031684,145.30772821,6
-37.71644036,144.12128008,396.8
-37.41267289,145.69841775,250.4
-38.50485666,144.57074194,-74
-37.15094335,145.31933614,156.6
-38.8348974,145.80462218,-45.3
-37.71249963,146.22888256,919.6
-37.55893704,143.75983444,422.6
-36.91359764,144.96620767,190
-38.7320067,145.85438089,7.4
-37.00107365,145.87837257,311
-38.99373982,145.10095014,-65.8
-38.8091119,144.84331717,-44.2
-37.64518805,145.28181971,173.3
-36.882107,145.29079662,191
-37.51164699,145.85570395,996.3
-38.7649866,145.79030489,-28.9
-38.73886905,144.87135651,-39.3
-37.11451567,143.82250483,223.6
-38.36618099,144.09452703,202.1
-38.74941875,143.94431914,-81
-37.3408537,144.27296964,713.7
-38.30486855,145.02537365,21.5
-36.79935614,145.18943822,130.9
-38.3759153,143.55803151,154.6
-38.40144017,146.49039468,517.3
-37.22662483,145.79148006,308
-37.59480441,144.65712277,253
-38.7241079,146.01043905,63.2
-38.52905034,144.91318342,-33.2
-37.16669262,143.57875785,274.1
-38.04662865,144.51783638,
-38.42649604,143.86591157,156.6
-37.96893518,143.84929682,168.2
-38.71583088,144.97225917,-65.9
-36.58228856,144.70709006,170.6
-37.01569426,143.84873207,209
-38.24934346,143.44913254,118.9
-36.74742733,144.74778984,184.1
-38.23214137,144.5867601,38
-37.26335448,145.35075581,326.5
-38.70396672,146.30099226,
-38.75873753,145.35689013,-45.3
-37.00385104,145.71390637,387.4
-38.40122681,143.83075097,146.8
-36.92948829,146.31276304,821.8
-38.550771,145.23839793,-15
-38.75318846,145.04877328,-71.8
-37.50613119,145.86437711,1193.4
-36.52368399,145.76705958,204.6
-38.02363679,145.92035739,227.4
-38.21364671,143.75663013,123.7
-37.67395599,146.60314278,416.5
-36.60061075,144.66530471,159.7
-37.91932595,146.70883707,137.6
-37.93522728,144.12679145,209.1
-37.34358939,144.49854465,571.5
-37.4650448,144.56180943,440.5
-38.49369332,145.40763153,-1.4
-37.48905083,144.1368191,612.7
-38.60555307,143.98708368,-22
-39.04549089,144.97064199,-77.8
-37.92447186,144.62639186,19.6
-37.42910959,143.83973784,421.8
-36.78084115,143.9504332,169
-37.74429122,143.67273287,393.7
-37.38139399,144.05563785,618.7
-39.23923887,145.13236522,-61.1
-37.80870137,144.1097364,346.1
-37.46852037,143.65541385,404.8
-37.56617159,144.40099643,311.3
-38.80051773,144.93346235,-33.2
-38.98883872,145.94424111,-51.1
-38.83398335,146.11443827,
-37.3069889,143.2908912,440.8
-37.7198031,143.80233941,401.9
-38.80498313,145.39437052,-57.4
-36.8980264,145.17420661,142.8
-37.98588208,143.55735802,147.4
-37.14385602,144.92936858,259.7
-36.62542532,144.98114557,146.8
-37.58041578,145.18818757,165.3
-37.70116012,145.12288175,67
-38.39010531,144.43587928,-54.8
-37.23480087,143.39070806,376.4
-37.26128705,145.42622172,320
-37.25098474,146.38455021,1254.3
-38.50112896,143.41568555,120.8
-38.86234173,146.20465084,16.2
-38.48824037,145.19997807,39.1
-38.51363279,143.71373328,195.1
-39.10882078,145.53625146,-69.8
-38.6282921,143.90919616,
-38.84270599,143.81868246,-69.2
-38.13320393,143.26962758,147
-37.99987209,145.81206163,175.7
-38.42015936,145.49788745,4.4
-37.10758914,144.68944109,450.4
-36.97621298,143.96984676,197.8
-38.74824656,145.17755587,-73.4
-37.01749824,143.91807947,205.5
-37.26897082,143.65811144,318.2
-37.39852569,143.6618464,530.1
-37.91329561,145.1854121,109.2
-38.63359594,143.97878498,-53.2
-38.53394307,145.11136959,-0.2
-37.52796514,143.97894793,579.4
-38.16793246,145.13741677,96.5
-37.93576349,145.33118472,177.2
-38.60797462,145.99137822,33.4
-37.7651457,145.4289507,134.5
-37.43134695,143.46706034,370.7
-37.34090126,145.58325314,669.1
-37.36398628,144.10748259,648.2
-38.63229209,145.98255468,21.3
-38.9902184,145.14806885,-51.7
-37.68645759,144.30201407,284.6
-38.96145183,144.48760179,-79.9
-38.46892804,143.46134164,191.6
-37.03835261,144.40370773,362.7
-38.20789557,143.67702941,120.6
-38.87115829,143.84821255,-72.5
-37.96272732,144.11246761,189.2
-36.42468885,144.71015976,136.4
-38.27798399,146.41728292,88.1
-37.30692719,146.1073723,550.6
-37.37059118,145.48135756,208.6
-38.8968224,145.39479755,-73.5
-38.2986557,144.21096417,63.1
-39.23439294,144.82507961,-67
-36.97385011,145.28315714,193.6
-37.78416798,145.69228054,738.2
-36.75542936,144.48852633,184.7
-38.30492198,145.13274446,80.2
-36.39400897,145.20156034,110.7
-37.37817611,143.62632084,513.7
-38.69347163,144.74305141,-79.8
-38.41418082,146.50997543,442.1
-36.41741966,145.33235026,113.6
-39.09186727,144.92739632,-57.1
-37.91265556,145.10450535,67
-37.31154586,145.78798106,341.5
-39.14533467,145.02745153,-62.9
-36.53619852,145.80522776,185.1
-38.88758784,143.8218533,-73.6
-38.20814686,145.30880459,9.7
-37.03382557,145.91720206,375.9
-36.49157782,145.114769,117.5
-37.43622312,144.90217081,242.5
-37.73953097,146.03762046,646.5
-37.21207063,145.40282236,176
-38.62074727,144.82050893,-73.9
-38.2353521,144.52037122,54.9
-38.26367355,144.16930956,82.7
-36.90890936,145.8854547,813.5
-36.7677438,144.05718719,215
-38.54046224,143.82376182,383.8
-37.26847255,143.90073487,428.7
-36.98200687,143.85097258,201
-37.12856733,144.79090338,405.6
-38.06271537,145.90639759,155.6
-38.19554952,144.8541028,-22.2
-37.64595416,146.55122686,460.3
-38.21012767,146.72272703,46.3
-39.23839338,144.6465665,-64.5
-37.68985512,146.28258668,907.5
-38.22995781,145.3407408,2.6
-37.91640232,144.91603182,-10.8
-37.33381527,143.77249364,357.2
-38.52291538,144.85804216,-32.6
-38.79702082,143.84494222,-86.5
-37.11877271,146.31925821,669.9
-37.57275601,144.25623608,516.5
-38.1035404,144.55213329,-8.3
-36.83368774,145.09532549,128.6
-38.65639547,145.46203189,-18.4
-37.74070911,145.93242958,710.4
-38.34411517,145.90731848,346.4
-36.98794061,143.58541205,225.6
-36.62385991,144.06879806,148.6
-39.16852026,145.39518929,-65.5
-37.54283985,145.63874093,407.4
-39.21041187,145.0766125,-59.3
-37.06965818,143.56643346,253.9
-37.0125108,145.69257585,413.7
-37.51936082,144.31701721,636.4
-36.57792344,144.20037355,145.9
-36.78597797,144.22965344,267.9
-38.3881701,145.62744034,81.2
-37.4675387,146.57744798,781
-36.94336377,145.55064987,454.8
-38.97984123,146.01937403,-66.5
-38.00058263,146.36058543,372.9
-38.03388226,144.05174657,112.9
-38.89692038,146.0767618,-35.6
-38.18668433,143.71360336,119.7
-38.1419554,143.91487726,96.2
-38.23992233,145.28609062,8
-36.94954623,143.55446802,275.1
-36.6601367,144.43386001,184.1
-36.72070808,145.00333368,164.2
-38.81031691,145.0985503,-68.7
-38.45420816,146.53679164,406.6
-38.04874696,145.07842647,-5.4
-38.363767,144.8034034,
-38.62043228,145.60632514,45
-38.80460438,145.64603614,-53
-38.38816071,144.64575261,-59.4
-37.08282088,144.14491392,263.5
-38.72989026,146.30679779,-34.2
-37.58101286,146.6629776,640.4
-38.16539784,146.32962913,56.9
-37.66709949,143.48498853,359.4
-37.75714963,146.44616423,632.5
-37.31859078,144.40138536,580.9
-37.5943381,146.53208075,1085.4
-38.01804308,145.14146566,4.6
-37.35792218,144.91042191,320.7
-38.75804164,146.25237508,-34.6
-37.83877692,143.35505026,230.6
-37.82667515,144.01237737,356.7
-37.77278251,145.88331568,732.5
-36.81887123,144.8516548,181.7
-38.24228222,146.0422737,344.3
-37.69113547,144.30722038,335.3
-37.89350367,143.73042753,184.1
-36.5173711,144.35163139,155.7
-38.225661,144.36752401,18.1
-38.96572342,144.95371009,-65.6
-37.16874348,145.69013933,250.1
-38.45172893,144.47121595,-70.2
-38.19395129,144.1302414,168.8
-37.34222472,146.68694428,907
-38.84742174,145.91541236,65.3
-37.21659937,144.23021144,366.2
-38.33010226,144.8897553,-3.2
-38.26001324,144.23907317,51.5
-37.58503251,143.51984778,366.2
-38.24965861,145.26290263,
-36.39337205,145.01797672,107.2
-38.39502562,144.20965209,81.5
-39.04008649,144.31727948,-54.7
-38.61648341,143.59996297,427.6
-36.60562163,145.27108751,124.5
-36.50258776,144.66925965,137
-38.43786547,145.69748275,154.9
-38.92326262,145.6123785,-67.1
-38.54157556,146.12819948,77
-39.06436722,144.28800021,-64.5
-37.27795855,143.30717309,457.9
-37.01179877,146.0308425,347.1
-37.67176059,144.55946982,152
-36.55748003,145.72196853,172
-38.69996526,146.09170603,65.4
-36.46432107,144.9108167,106
-38.64311947,145.21037241,-60.9
-38.63217174,145.06666826,-63.1
-38.47531808,144.64965942,-67.3
-36.53149952,144.38427782,178.3
-37.7569,144.95516725,57.7
-38.19657282,145.54614436,10
-38.16199127,146.48078164,37.1
-37.10588454,145.09308713,185.7
-37.97393446,145.77360135,124
-36.98091573,146.41964594,1029.2
-38.93397216,146.07545308,-47.6
-37.97183057,144.23246263,97.4
-36.74594019,145.95321641,232.2
-37.55795924,145.97172612,777.6
-37.45480107,143.6627038,423
-39.00852282,145.309395,-67.7
-38.49487417,146.12017633,122.3
-38.64963115,146.02433239,40.1
-38.80838791,145.70902433,-52
-37.22410157,144.65791733,702
-37.48306607,146.1197262,714.5
-38.38505239,144.88632109,9.7
-36.94543281,145.38322674,453.9
-38.05469308,144.88372053,-21.9
-38.18070778,144.93818222,-21.9
-38.8971581,144.38285741,-76
-38.18121341,144.02994206,98.4
-36.44119156,144.92935999,105
-37.59427578,145.84541676,956
-38.17857413,143.767893,123.1
-38.61419123,144.2542891,-68.6
-38.0003533,144.61167334,2
-38.57902548,143.79571154,571
-38.74686753,145.80143117,-14
-37.66632909,144.49828731,140
-36.94982835,145.92283296,590.4
-37.22726623,145.60024935,488.3
-37.53595438,144.88596055,282.2
-39.02418098,144.53375884,-73
-36.77744277,144.71376776,248.6
-38.96827979,145.80967283,-74.8
-37.11758586,143.63815149,294.1
-36.86206656,144.93119804,161.5
-38.22588726,146.14137752,160.4
-37.88240138,144.49490238,79.3
-37.01792889,144.5278082,273.3
-38.75698436,144.76193222,-74.3
-37.30643725,145.46527648,197.5
-38.50095122,145.03960911,-2.5
-38.03584076,145.79219761,84.6
-38.24805187,143.28097585,140.3
-37.97899923,145.57180014,180
-38.86665458,145.74028324,-66.1
-37.50436225,143.86846059,494.6
-38.11600102,144.92549018,-23.3
-38.79115647,143.9652209,-77.3
-37.35408997,146.66169042,782.1
-36.53147194,144.18630732,125
-37.63557116,143.95669615,517.9
-36.98268621,145.75542147,378.7
-38.70175082,145.37300617,-26.4
-38.64377508,143.78571101,366
-38.26907177,144.26689656,34.6
-39.03354095,145.14455291,-46.2
-37.37293268,144.71063461,526.9
-37.55395383,144.87774343,272
-38.59227957,144.55618009,-80
-37.57390088,146.13292578,778
-38.26250901,146.60115387,151.5
-38.50627786,146.20988454,171
-37.48820293,146.52169171,738
-36.75046947,144.63449484,216.9
-37.64180844,146.3872896,805
-37.77412761,144.47514993,210.9
-38.54639502,144.94830719,-46.4
-39.15243281,144.91848688,-56.5
-37.67054838,144.76853337,110.7
-37.80574472,146.56428338,731.1
-37.96623814,145.27295426,86.5
-38.26378407,144.62175732,0.1
-37.31976776,143.46928418,505.9
-38.86948913,145.71132753,-66.6
-36.87925542,144.20701407,305
-38.27872465,145.06395105,34.3
-37.72660964,146.051673,556.6
-37.0139418,145.39575573,358.8
-39.21424524,145.05312633,-61.1
-37.88591692,144.55468758,66.4
-37.21639993,145.44045637,170
-37.7367572,145.27004271,135.6
-38.78378311,143.71578545,-65
-37.70495563,144.72536195,117.7
-37.71245885,144.15169001,394.5
-39.16477417,145.55116229,-67.6
-37.84370133,144.99302056,20
-36.72213692,144.94770568,207.9
-37.69111654,143.44021461,360.8
-38.10739744,144.61432948,-0.5
-38.49161321,145.05423797,-4
-38.05622769,144.52087718,
-38.72776483,144.80580248,-63.7
-38.41402761,145.6049085,48.8
-38.10791668,145.0104416,-18.2
-37.63443141,143.17268485,284.7
-37.98144968,145.40443066,196.9
-37.93503135,145.73516365,319.4
-39.18646995,145.274086,-68.7
-37.49517923,145.78564352,856
-37.2316941,145.17067254,459.4
-38.08947757,146.36416817,222.6
-37.52964387,143.57669784,397.5
-38.93156489,144.49088639,-78.6
-37.93774111,146.66615381,172.8
-38.47105184,146.02071034,82.1
-37.44246522,145.24002756,479
-37.79071673,143.21657548,239.7
-37.87305607,144.65025454,32.4
-37.49630175,146.60162896,988.7
-37.91373869,144.32002992,110.6
-37.09816829,144.94158957,225.9
-38.59417143,145.85618989,60.4
-38.16849579,144.62101039,90.8
-37.75796668,145.36058441,140.8
-38.07364495,146.45001925,266.2
-37.43297546,145.06063401,266.4
-36.5510398,145.69748139,164
-38.47122586,146.39286285,330
-37.57814099,146.54425441,703.3
-38.57461975,143.77921268,460.9
-38.04186309,146.56357911,296.1
-38.70161985,144.44805599,-72.6
-38.14277282,143.92103286,96.5
-37.11345119,143.65222397,304.4
-37.39583966,146.43943623,973
-37.48310013,144.06656507,647.5
-38.87000829,144.81502924,-66.4
-38.0533946,145.5075032,110.7
-36.9935585,145.79188321,329.3
-36.41644384,144.66456594,123.7
-38.85291704,144.85548369,-54.5
-37.32457318,144.69831498,581.1
-37.26912918,145.60874602,638.4
-38.56571703,143.64472216,280.2
-36.86364643,144.88950067,160.4
-38.56528793,143.72538943,395.2
-38.53715772,144.78067339,-72
-36.99847463,144.37740718,333.8
-37.59533039,144.74681302,210.1
-36.38932907,144.86391724,103.5
-38.96869135,145.87447647,-53.2
-38.52790142,143.447983,203.8
-38.43778276,145.42827571,
-37.59529268,144.50138959,243.1
-38.75127194,144.5637106,-80.7
-38.91065283,144.99509836,-50.2
-37.56023083,143.30059784,391
-37.54171563,146.00531932,630.7
-38.85446332,144.44339769,-75.7
-39.14308879,145.30626797,-55.5
-37.68730868,146.06124098,827
-37.15185921,143.98006274,288.6
-37.9647246,143.8194997,168.5
-37.86893914,144.57789878,52.1
-37.48521156,144.0617513,638.2
-38.05803909,143.79374683,136
-38.80463133,145.95811294,70.9
-37.46255354,144.39932603,608.4
-37.93242708,143.85944526,186.7
-37.38771338,143.23553178,364.2
-38.21777735,144.15199375,129
-36.58152133,145.74315356,169.5
-38.1951429,143.35497366,113
-37.11581479,145.47845967,489.8
-38.78385997,145.83908231,-6
-37.98083234,145.82534485,214.5
-36.65844871,145.45187596,146.6
-37.98332425,146.61366537,291.4
-38.05174185,146.47626521,306.4
-37.23892262,145.96126255,509.1
-38.02729717,145.01354804,-14.4
-37.16123321,145.46640302,176.9
-37.81168095,143.25227988,235
-38.54724301,144.01191145,-29.7
-38.76592749,145.93785257,44.4
-36.48765053,145.64097515,139.9
-37.76968023,144.42841441,173.4
-39.07603586,145.61450109,-56.2
-36.74815972,144.01267601,194.7
-38.74952934,144.05517245,-72.1
-37.07344726,146.48247709,773.3
-36.97028873,144.62902792,242.8
-37.50570049,145.54491072,799
-38.25958567,143.44972935,113
-37.60916266,144.08116404,534.4
-38.23082234,143.43610484,117.1
-38.45752792,145.3308233,-2.3
-38.32008357,145.48373134,-4.5
-36.81440057,146.26959511,653
-38.09289478,146.23938591,88.6
-37.25946387,145.3679317,262.2
-37.33918946,145.87157492,708.6
-38.38448979,144.55487467,-68.1
-36.88903469,145.00732119,173.3
-38.6335125,145.80254717,4.4
-37.60203221,144.85402427,217.1
-36.91696935,143.90543608,179.2
-37.6774554,143.267134,289.9
-38.52380017,146.31272761,450
-38.26553757,145.36629855,-35.7
-38.24753041,146.0388642,259
-37.35913258,145.69452916,232.6
-38.90599732,144.63472287,-65.4
-37.90813895,143.98836172,257.4
-38.43062087,143.35511733,160
-38.06962551,144.54638665,-0.8
-38.83797711,144.12746426,-83.3
-38.07774333,145.3795121,39.1
-38.16857482,146.34359177,107.9
-37.53057423,146.5897879,532.2
-37.40434717,145.4623594,269.4
-39.08918676,145.41024938,-71
-37.03509638,145.54197383,543.9
-37.75069799,144.76949261,68.6
-38.18617422,145.61323102,17
-37.85813112,143.7035802,255.3
-36.7491639,144.82214753,193.7
-37.30435104,145.79380662,290.8
-37.42274086,144.72125062,389.8
-37.38968547,143.89284967,441.4
-38.82257798,145.70546381,-55
-38.39117121,144.72048179,-27.1
-36.77873021,145.15509041,134.1
-38.42955561,145.86122392,194
-38.35122803,146.09428108,113.2
-36.85882336,145.82572453,635.4
-36.39574061,144.78204041,164.2
-39.18088876,144.60856724,-62.7
-38.30389865,143.30959857,165.7
-37.19968912,143.71169859,301.3
-37.82353621,145.1929216,155.4
-36.62603085,144.56307382,152.7
-38.16575134,146.50354716,29.5
-36.92267157,145.48755688,449.4
-37.39089466,146.33729502,1066.4
-38.32769006,145.10123374,127.2
-37.98814879,146.37141622,411
-37.35522942,144.5999292,770
-37.26633906,143.93911785,391
-37.13786338,143.79988633,268.1
-38.21169905,143.97459566,84.7
-36.55884221,144.349983,183.6
-37.35567859,145.39262972,361.8
-38.75207798,145.06314129,-70.4
-38.74147206,144.67457662,-84.5
-37.51216424,146.69478026,644.5
-37.72976011,143.57348329,349.3
-36.55260724,145.74121624,172.1
-38.39486432,145.62479326,55.2
-38.58044097,145.65880466,24.3
-38.69438449,145.49540424,-15.5
-37.07553543,146.51814352,817.7
-37.7605587,146.11790489,996.4
-36.65787331,145.78814992,215.8
-37.8742893,145.49358494,138.2
-38.15638086,146.22510307,85.2
-37.12131346,146.35135958,768
-38.56422329,145.70552053,40.6
-36.77912649,143.92048949,158
-39.12623059,144.41017457,-69.2
-36.8905616,143.65859696,205.8
-38.94775006,144.62795587,-63.8
-38.46151211,143.45980458,170
-36.8230158,144.0590757,218.1
-39.00181239,144.3108064,-63.4
-38.65238045,143.98222822,-66.4
-37.68941234,144.54890707,130.4
-37.33017715,143.30979887,400
-38.82518075,143.72476633,-59.3
-37.04489064,143.8549293,264.4
-37.48328985,143.61930044,392.5
-38.49466641,145.61566977,170.5
-37.25106762,145.35742102,244.4
-37.66620496,143.36512901,313.6
-36.46924194,145.39774476,117
-37.50732439,143.48662,376.5
-38.47467161,145.09544703,-10.6
-37.75925022,143.56343195,277.1
-37.7647293,145.31591643,151.5
-37.08056253,143.91249448,242.8
-37.47307171,144.95293867,264.9
-37.84759229,145.28144608,108.7
-38.33542092,145.79198953,140.8
-38.35005225,146.5239871,256.5
-37.74440956,144.19148536,423.1
-37.22479576,146.01113557,271.4
-38.60179201,143.93643294,-0.2
-37.99507253,143.71975389,147.1
-37.92698652,144.6162055,19
-38.98186248,145.36679593,-67.8
-39.06596148,145.49951579,-68.3
-37.66298517,146.25423472,891.2
-37.64722073,145.20118809,140.9
-36.86478961,145.98258117,328.4
-39.06272565,144.79125963,-69.5
-37.95764708,143.70177249,151.3
-39.04720752,145.47878592,-68.7
-38.73409093,144.79564457,-64.9
-38.10998384,144.88250358,-20.9
-38.04988839,146.34949071,252.8
-38.81615512,145.02801888,-74.1
-37.47290784,144.15443877,636.2
-38.57560005,143.81089422,608.5
-36.89989595,145.83652601,626.2
-37.66445631,144.69011297,159.4
-38.37507766,143.93238913,153.9
-37.55714536,145.9608773,966.8
-36.74507571,144.64151384,219.1
-37.34629151,143.86563578,389.8
-36.67459136,145.47388794,149.6
-37.3124378,146.11516657,485.3
-37.8354632,143.2032287,231.3
-37.66598376,146.58083175,562.7
-38.24944824,144.55512622,37.7
-37.97944953,146.63412221,282
-37.96346025,144.24156816,91.7
-37.49621289,146.20587237,854.6
-37.15550935,143.72897359,249
-38.04197063,145.62552186,157.8
-36.72796428,144.1491,197.9
-38.37641407,144.62292874,-58.2
-36.93288426,143.66249504,340.9
-37.76997162,146.40573885,461.7
-37.79459751,145.49469522,120.5
-37.48477694,143.87164925,522.9
-38.47991733,143.89352579,491.1
-37.99942248,144.30083709,88.7
-37.01550214,145.83660668,334.9
-37.33863438,143.73792162,411.9
-37.57077822,146.5709221,491.3
-39.04574879,144.87492253,-62
-37.7989382,146.15063761,948.5
-37.01832833,146.03465571,342.2
-38.16298449,144.80144847,-22.6
-37.94519751,144.3780207,50.3
-37.1306775,144.09203787,242.3
-37.16168319,145.61288663,233.9
-36.65619268,145.11318908,180.8
-37.60924413,145.15832629,129.7
-37.15414381,145.75545831,355.1
-37.60547884,143.4754336,357
-38.80582399,145.96809784,74.5
-37.21124688,143.42153921,373.8
-39.16281905,145.52193458,-68.1
-37.86448573,143.47932159,245.2
-36.74686207,146.01371988,210.1
-37.33218962,144.0041375,481.5
-39.03184716,145.79333325,-75.8
-37.62303865,145.54013076,251
-37.54363997,146.74938643,602.7
-38.30868125,144.2012282,74.4
-38.92739009,144.08456829,-73.4
-38.28093193,143.98269438,90.7
-37.63617109,144.71036169,195.7
-38.4756859,143.43576371,215.2
-39.16083641,144.54495254,-59.5
-37.3780243,146.47681215,1010.3
-37.04970788,145.87026646,269
-36.92265123,146.11194086,445.3
-37.21650343,143.94552938,285.1
-37.01545388,145.27259301,247.2
-38.8327135,144.60764517,-76.2
-36.9214007,145.37955331,473.8
-38.53072807,145.81750843,71
-37.34752405,144.67185018,655.3
-38.68353206,144.03578593,-72.2
-37.48140575,144.82769272,255.3
-38.82067457,146.20205444,16.4
-37.90749319,146.69722596,100.7
-37.75424729,143.65602935,312.8
-36.6369519,144.80775404,126.1
-36.45063777,145.30112476,113.9
-37.01267164,145.53058343,517.5
-38.48001891,145.23190658,55.7
-38.30229723,145.06502302,95
-37.91053819,144.61067731,24.2
-36.86069983,145.03333131,139.4
-38.42567869,146.36754896,393.4
-36.75589807,145.76156952,536.8
-37.90125341,146.22809303,521.2
-37.89552843,145.4495063,175.5
-37.04573732,144.46799707,291.5
-37.79760468,145.96012382,489.1
-36.95166909,146.28774104,939.8
-37.49108001,144.27158393,729.4
-36.51084629,145.53781785,124.8
-37.27854593,146.02095322,276.1
-38.68683624,143.91778371,-71
-39.00899825,144.71846171,-66.9
-36.68921452,144.62488905,189.4
-37.72568859,145.78329011,265.3
-37.23667637,143.75607636,323.5
-37.36260658,143.99554333,535.9
-37.42399552,144.14912853,702.3
-37.2579175,145.73166352,270.3
-37.09111087,144.33752487,396.9
-38.91458154,144.642895,-66.6
-38.20933581,144.6783437,
-38.58511161,145.50093607,
-36.94576809,143.50937872,212.3
-39.16950056,144.3826762,-62.6
-38.58073462,145.34020457,-0.6
-38.24287666,145.01888156,
-38.40836037,145.48852204,
-37.0787554,145.80193377,503.1
-38.7909447,143.69360335,-26
-38.84889246,144.72763598,-79
-37.49840312,146.64545047,814.4
-37.38377315,146.05489292,496.9
-38.53289851,143.92205025,247.1
-36.61443638,144.30855962,191.2
-38.43525584,143.69392988,190.1
-38.41374742,143.80975407,139.9
-36.80402158,145.88977398,414.9
-36.95435348,145.42082414,399.7
-38.92122371,144.62773092,-63.7
-38.1099171,146.51117796,162.4
-38.15353601,146.6725392,20.6
-37.075798,143.77166289,259.6
-38.52160858,144.03952503,-31.7
-38.14294133,145.62880856,20.1
-37.35259095,146.64368965,1179.9
-37.6292705,144.32479618,414.1
-37.91343503,146.761404,68
-36.78158587,144.24626366,239.8
-37.02015966,145.05390144,166
-37.35731767,144.64091507,727
-37.40647799,143.25557935,353.8
-37.4667495,146.17578005,678.8
-38.78291487,145.00478792,-73.9
-38.44078891,144.30518142,-46.8
-37.4104541,144.84432688,333
-38.12827578,145.47354923,8.3
-37.01861971,145.6332103,272.5
-36.9428306,146.3303582,844.2
-37.1167381,143.70087017,259.5
-38.73739838,145.35700939,-38.5
-37.45663804,145.42174518,301.8
-39.03519953,145.05781731,-81.5
-38.6386215,146.33172102,103.1
-38.24240016,146.35033181,50.9
-38.77238879,145.3353862,-53.8
-37.87685237,144.61236749,41.9
-38.79925713,145.17209255,-71.8
-38.68366225,145.33401488,-22.1
-38.87009029,144.70636565,-76
-39.03125725,145.81043711,-76.1
-37.68910157,145.20492084,152.8
-37.09810037,146.49283267,1169.2
-37.08099592,145.88347779,322.8
-38.44417608,144.92659601,128.7
-36.88717536,146.35407163,528.6
-37.16501905,143.65415603,261.4
-38.97704639,144.38370923,-77.3
-36.93347076,145.50275826,497.9
-36.94620368,143.58210982,324.6
-38.61172695,145.67423004,41
-36.86246126,146.11743906,671.2
-37.36316518,145.61863056,740
-38.98039359,144.07288742,-70.7
-37.59821781,143.53603849,381.5
-38.3436841,143.35126986,134
-37.32088375,146.42706167,861.6
-39.18962346,145.305155,-71.5
-38.38875865,145.64738831,69.5
-36.65185868,144.1350319,164.7
-36.93017931,144.30712052,413.9
-36.51616608,145.31363329,125.2
-38.47619964,143.63185891,214.9
-37.74664447,145.92736991,673
-38.59362226,145.21415123,-52.2
-37.67856479,144.97388606,88.2
-39.13311266,144.75459847,-60.7
-36.65681959,144.60791227,163.5
-37.10892239,145.31178947,334
-36.91474393,144.32772739,319.5
-37.87147989,144.70685421,23.1
-38.53889779,145.98785841,85.5
-38.18255045,145.94377123,121.8
-37.71485109,143.77592836,399.2
-38.16031358,143.59244374,122
-37.01246551,144.25814417,353.3
-37.82952829,143.48135966,249.6
-37.02683514,144.73007172,339
-38.77527115,145.39795398,-48.7
-37.18375285,146.06367271,305.3
-38.61080986,143.8872024,258.1
-38.49027672,145.17692128,25.7
-37.20359937,144.06774585,308.4
-38.43460151,143.75390305,168.2
-37.57114693,145.74638033,962.5
-36.69695572,144.31879787,186.9
-37.33234904,145.63059968,503.3
-37.66760173,144.80167054,69.6
-38.53831959,144.42670197,-69.4
-36.78977405,145.8886052,521.5
-38.71559232,145.60144288,-17.7
-38.34066842,145.15656529,55.1
-37.07772426,144.95365417,293.9
-38.81240006,144.12968305,-83
-37.91764331,144.17425343,169.3
-38.51275748,145.07184327,-12.8
-38.90802501,144.32772709,-73.9
-38.44625937,143.71489787,134
-38.63839017,143.50565502,444.7
-38.89289189,145.14764832,-71.4
-38.64331363,146.33226334,100.6
-37.5259903,144.26104436,592.1
-37.43868318,143.87439326,470.6
-38.56237653,143.64113512,232.9
-38.34857526,145.39704617,67
-37.07904385,146.32926294,579.9
-37.76615151,145.39928884,211
-37.28793646,146.23135762,389.7
-38.85252967,144.10028015,-86.7
-37.11603846,144.8811733,244.3
-36.54800013,144.21977707,140.2
-36.5187203,144.15943795,126.7
-37.51437093,144.32516243,634
-38.25279158,145.73478276,57.3
-37.95637405,143.33002185,175.6
-37.02084601,146.23781792,600.3
-37.54759088,143.25978403,335.1
-36.42658233,144.94192577,105
-37.76849863,145.13069683,58.8
-37.99878023,144.18802643,107.5
-36.7003279,143.96727176,158.9
-38.92215389,145.47463183,-73.4
-36.8230151,143.81030964,209.8
-37.34875339,145.52090959,290
-36.9621532,144.16074925,307
-37.81916209,146.72600637,199.9
-38.33800622,143.96128896,200.1
-38.73674967,146.34491396,-28
-36.93544762,143.63320053,205.3
-38.12894432,145.39070602,15
-36.95313339,145.31515119,283.8
-36.73633925,144.97225956,193.7
-38.06802714,143.85830355,122
-37.64834067,146.59808752,470.2
-37.65781752,144.88348109,143.4
-38.80941006,144.8391471,-46
-38.52705874,144.8715772,-23.2
-37.64178826,145.78940415,875.6
-38.27239704,144.93519917,-19
-37.22457677,144.5442629,532.9
-36.74858868,144.84881335,198.3
-37.30061954,144.14669432,524.4
-36.97348791,144.55478642,258.1
-38.08272672,145.65140634,42.3
-38.84223658,144.47278498,-78.7
-37.61070674,144.06586932,525.7
-37.5362619,145.82451444,1029.3
-38.90295929,144.04317723,-75.3
-37.25530963,143.39242495,319
-37.09576581,146.22938933,449.7
-37.35232292,145.33868582,446
-38.45194294,144.91397523,163.4
-37.71696086,144.12674654,405.8
-37.17627279,143.54893472,278.6
-37.72977335,144.44298128,148.6
-37.24272468,146.34205059,843.8
-38.23981928,143.95160753,92.1
-38.44010559,146.56473997,616.3
-36.82970161,144.79367892,243.7
-37.09601447,144.21836172,317.9
-37.61037228,145.30758243,246.8
-38.99686426,144.53498919,-79
-39.14238217,144.73021676,-63.4
-38.11108632,143.28240149,127.5
-38.60957453,144.16258049,-66
-37.78520495,145.0265311,30.7
-37.63966338,145.7495173,1180.9
-37.55855079,144.52237116,358.4
-37.21295372,145.77112703,328.3
-38.31666255,144.09396403,155.1
-37.1596676,144.48540115,493.4
-37.8672135,145.67173187,436
-36.97610467,144.64848937,265.2
-37.02872177,143.89131587,221.1
-37.14313394,144.86060827,281.1
-39.10081454,144.94300217,-58.5
-37.61539091,145.57622461,262.1
-37.44293781,143.65556305,434.1
-37.49431442,144.13178117,613.2
-37.0376461,143.50488358,229.8
-36.5683515,145.84899202,187
-36.84668558,145.70576745,553.8
-38.09068785,145.35092291,30.6
-37.61313526,144.05755691,514
-38.88313897,144.01636305,-77.3
-38.115068,146.14888366,125.3
-38.3969645,143.64089318,243.6
-37.67791784,145.93457405,415.6
-36.68672649,145.87921843,225.9
-38.74691242,143.85299977,-81.4
-38.48844374,143.86660039,455.6
-36.81294106,145.60651517,226.3
-37.31438839,143.5815417,422.8
-37.38050722,145.38546863,376.8
-37.23589182,146.04544782,527.8
-38.84963927,143.85178766,-77.6
-37.04114008,145.26837008,261.9
-38.03333499,145.59443411,91.6
-37.26354808,144.39960691,491.7
-38.12657485,144.37502435,-0.8
-38.13899478,144.74221519,-4
-38.31077963,146.30870726,107.2
-37.67855437,146.11588991,1135.9
-36.56522478,145.45734974,133.7
-36.77178654,145.16876386,133.7
-37.26514739,143.92518621,382
-37.49305467,144.06116584,633
-37.26996811,144.05653696,419.4
-39.202466,145.13942212,-61.2
-36.85004548,145.4730172,230.8
-37.98585899,143.89970515,164.9
-37.47292033,144.28329932,619.2
-37.10277104,143.65090421,289.6
-36.68686192,145.51522681,161
-38.53107559,145.30937596,
-38.17731191,144.68897453,15.8
-38.68474652,145.5855447,
-36.72671844,143.96490296,158.7
-38.9481494,145.46297179,-72.6
-37.19806252,145.47121038,218.3
-37.43200573,144.178875,719.4
-37.85543563,145.44013741,267.5
-38.37397236,145.84112267,296.3
-37.9381614,143.6721483,158.5
-37.8701121,146.09299556,571.7
-36.51177106,145.74229852,163.6
-38.09777407,143.43673613,113
-36.50096824,145.44476021,120.3
-38.34131312,145.47877245,33.1
-38.02949176,146.42028319,402.4
-37.51765424,146.45106873,1212.6
-37.9012943,144.20456867,256.5
-37.24434416,143.71683405,303.8
-38.19761927,145.3338872,3.1
-37.86266055,146.19223833,560.3
-37.39886923,146.28109361,596.6
-37.55885211,146.45505768,1063.6
-38.62406824,145.10003595,-67.8
-37.40394803,145.47177442,351.6
-36.55578024,144.77934008,128.6
-37.64956708,145.30904884,211.8
-38.45774561,144.79314938,-44.3
-37.92064907,146.69164933,133.2
-37.53033131,143.21771278,316
-39.13607203,145.14997411,-62.8
-37.31567357,143.93819911,428
-38.09326121,145.57440143,27.1
-36.69040107,145.12104679,137.8
-37.63789348,145.54329982,244.2
-38.34838921,146.34729432,84.4
-37.86996835,144.99451631,13.4
-36.97097454,144.1891897,353.4
-37.40925718,145.50916052,464.9
-37.32873851,144.51427301,548.1
-38.12028568,145.46339291,9
-36.9592676,144.90439898,215.6
-38.06600725,144.68860924,-13.2
-38.16523754,143.63726515,116.1
-37.5253177,144.03698615,630.8
-38.61372993,146.04487303,47.7
-38.93051982,143.94699807,-67.1
-38.55469817,145.76938782,45
-37.80744279,146.69671392,122.2
-38.04646211,144.69685798,-10
-38.35586337,145.80925064,209.2
-38.20709146,143.40484428,113
-37.3698998,143.39295631,448.7
-38.83458783,143.9506734,-71.6
-36.98594572,144.36498769,327.4
-36.85991728,145.4704091,242.5
-38.92827525,144.54058528,-56.6
-38.42048751,146.21929896,306.6
-36.88872477,145.90091008,768.7
-38.47264059,143.91933526,376.4
-37.70762126,143.72943431,471.4
-36.71626523,145.87212511,243.6
-38.21049018,144.08243438,140
-36.72611187,145.38922447,150.2
-38.99461067,144.1064776,-71.7
-37.55210703,144.66646101,385.4
-37.86637902,143.63944661,188.2
-39.05180901,145.91228341,-73.9
-36.86453469,144.99883997,147.6
-38.25693268,145.22035257,16.9
-37.70534648,145.87899528,452.3
-39.00354826,144.73231954,-67.6
-37.24447403,143.3500686,468.7
-38.26361984,145.04417508,29.8
-37.49917315,145.06556109,269
-37.97686475,145.98107652,296.6
-36.74339904,144.63554012,203
-37.85340084,144.62388219,39.8
-36.43072417,144.74484629,145
-37.05707883,144.11543689,304.4
-38.2944999,143.24028343,146
-36.86307192,145.04585991,137.5
-39.03363755,144.93537706,-76.4
-37.27231321,144.27969117,559
-38.8572984,145.03652657,-71.3
-37.69726407,143.42208736,347.6
-39.11981226,144.26275757,-71
-38.40769932,145.11927742,0
-39.00541461,145.34715929,-65.9
-38.26932527,145.52006649,3.3
-36.89030309,145.30241894,208.4
-37.71719846,144.74703126,102.7
-37.17865606,144.78231362,419.4
-39.22436471,145.08774603,-58.5
-36.47044372,145.54382596,122.4
-37.67930451,143.50589697,348.1
-39.12705995,144.75070086,-62.1
-37.6607257,145.27769298,175.2
-38.82625175,145.52413679,-47.7
-37.60060949,143.37486482,352.2
-36.84061727,145.29987397,166.8
-37.65284927,146.34465865,704.2
-38.88491232,144.75749999,-73.5
-38.4555266,144.44633565,-67.3
-37.17678262,143.80152827,279.4
-37.2340144,145.15855254,390.8
-36.81382967,145.98728044,530.5
-38.18382298,144.08877522,157.5
-38.68565314,143.67608358,306.4
-37.07082886,145.81295351,378.8
-36.9859492,145.83721015,494.5
-38.4193786,146.07471409,156
-36.91547008,144.46615151,276.1
-38.84890906,145.16417799,-67.3
-37.87757043,145.10354274,70.3
-37.71480188,143.84061982,432.9
-37.04463614,144.91215149,250.1
-37.75601556,143.23822049,248.5
-37.96062906,143.38664185,172
-37.70498262,146.14269041,1052.3
-37.34882683,143.52971499,407.2
-38.06119461,146.76782104,41.7
-38.50284006,144.339677,-71.4
-37.59644763,145.42610498,147.6
-37.00874325,145.76619017,302.5
-37.55459412,144.06749985,570.4
-36.97191664,145.33283998,367.2
-37.14767361,145.46233897,205.3
-37.45718307,144.78758586,349.3
-37.94187624,145.8296967,350.4
-37.56857064,146.4754135,872.9
-38.43757825,144.42049575,-57.5
-37.37970308,144.34092738,706.4
-37.00482808,144.34318728,334.1
-38.4826324,145.1869228,43.9
-37.34554683,143.41384715,396.4
-38.95867657,144.16962312,-77.7
-38.29594483,144.93088748,-16.9
-37.42422435,143.63009976,438.6
-37.67577747,143.5709621,369.6
-36.61489487,145.42661106,135.1
-37.46119416,146.08698211,710.3
-37.24066151,146.24519245,402.6
-38.7627568,144.27682754,-71.1
-38.61077083,143.65426879,441
-39.0308487,144.94754051,-76.4
-37.59274847,143.46476147,349.8
-37.13781699,144.59879575,417.2
-36.45058008,145.49574564,121
-37.81181609,145.52779333,148.4
-39.0971176,144.44991619,-73.6
-37.12461187,143.72295193,234.3
-37.53013808,146.39028812,649.9
-38.32390022,145.30767709,6.1
-37.52596673,144.44763657,424.8
-37.13573624,145.20258133,627.4
-37.00751652,144.16609631,310.2
-37.19031991,143.31991027,421.4
-38.43626467,145.59111359,71.9
-38.16216844,143.32450552,121.2
-38.9804531,145.31531488,-66.1
-37.04269087,146.10598362,370.9
-38.38155831,143.34520132,143.4
-38.46846016,144.28833517,-48
-38.09159467,144.32439958,56.9
-38.69399799,144.85160809,-66.2
-38.5367801,145.90965523,31.1
-37.73500682,143.21545403,233.4
-38.25551906,145.35321424,-20.7
-38.33733647,146.28843897,166.1
-37.86474008,145.48149405,197.8
-37.71489637,145.4963815,154.7
-37.91672944,144.35125422,85.8
-38.22640829,145.91756524,163.8
-36.65699517,145.94598971,269
-37.82406796,143.9550889,345.6
-39.01182012,145.1398873,-48.4
-37.41158981,146.6130515,1109.5
-37.72542258,144.54130847,115.4
-38.26087743,143.55059077,122.7
-37.53241496,143.92748884,535.3
-37.50126674,145.62596981,478
-37.91928033,143.44319032,195
-36.80791334,146.21343025,519.7
-36.96960245,145.05598814,205.5
-37.17156875,144.17714129,306.5
-36.8889255,143.64777993,213.4
-38.7520264,146.2278424,-12
-36.67861703,145.91143662,239
-37.367068,146.56984717,661.9
-37.96833393,144.96321455,-11.8
-37.55288357,145.97630466,656.8
-37.7954015,144.68975724,69.3
-38.85003148,145.05950492,-76
-38.27815444,145.98231031,392.3
-36.61824829,144.1858419,151.2
-39.12375438,144.53583497,-70.6
-37.16808732,143.95844714,245.4
-36.57223931,145.2516405,120.9
-38.62705014,144.45890687,-76.7
-36.9222828,144.03721514,280.3
-37.38472996,145.72657267,371
-37.8285297,146.1334533,877
-39.14573164,144.4130871,-65.2
-38.9584893,144.73611634,-65.6
-39.22373893,145.15834117,-62
-37.30428694,145.29899076,430.3
-38.36178395,145.40481049,35.4
-37.93241308,145.20131769,80.5
-37.93689587,145.41475214,238.3
-38.02710599,144.0890685,126.2
-36.49737022,144.84508006,105.9
-38.57644107,145.93561435,100.4
-37.14552179,144.66231871,544.6
-37.14731306,144.13945834,235.4
-38.20855975,146.61579182,50.6
-37.64072694,146.3389329,973.5
-37.39849112,145.20877149,696.3
-38.54295611,144.08080495,-56
-38.2140989,143.31489264,127.1
-37.15900045,145.35088669,177.7
-37.34040546,144.00858563,541.7
-36.72303761,145.70881811,460.3
-37.60070473,145.556942,854.8
-39.26002888,144.91828877,-64.2
-36.56331016,144.73318316,179.2
-37.53142808,143.96985216,571.6
-37.78965759,143.1372166,229.7
-36.66296347,145.26350258,124.2
-36.41566963,144.95800953,107.4
-38.62541302,145.246637,-53.1
-37.61527281,144.86787752,185.9
-37.68771421,145.88909281,579.3
-36.90945391,145.14196609,138.5
-38.97298584,145.44579959,-68.9
-36.63518984,145.83806513,229.2
-36.77986357,145.39315289,159.4
-38.63701684,144.78134605,-76
-37.06830774,146.21277727,464.1
-38.19312649,143.30683047,127.8
-37.39596453,145.13826568,625.5
-36.99179955,145.78812877,365.8
-37.63557686,146.21051502,813.5
-38.15666918,145.05542383,-9.2
-38.64672079,145.23707833,-56
-36.98591994,145.76691422,415.7
-38.12885195,143.94146331,99.2
-37.12835531,145.82321907,545.8
-38.03904161,146.06327457,229.9
-38.10736,144.4063716,-1.5
-38.03052137,143.56029216,124.9
-37.50950768,145.95887366,691
-37.62035247,145.26446099,211.7
-38.34101882,145.50372373,
-37.59416464,143.75619139,410
-38.00690887,144.13651432,130.9
-38.02364998,145.37678274,72.7
-37.58462238,144.53890305,254
-36.73804341,145.16786137,123
-37.14639263,146.43324639,1730
-38.51545065,145.40431491,4.6
-36.51849429,144.18441828,123
-38.54268602,146.51718401,133.9
-37.35214907,143.55123971,424.9
-38.93350726,145.31409572,-69.8
-38.58296033,145.1267838,-60.2
-38.55809808,145.21233821,-25.4
-37.61350464,145.54143568,325.4
-37.72158268,143.21434426,247.3
-38.02474659,144.96661392,-18
-38.42847335,146.60795488,590
-37.89704119,145.72858698,725.2
-36.96997063,143.76065902,215.2
-36.8923863,144.22825179,297.7
-38.36881113,143.70175518,195.4
-38.78941328,145.03290182,-73.2
-36.45615866,144.6576254,123.9
-38.14052113,145.4851305,6
-37.58933062,144.94036141,203.2
-38.18849109,146.19353797,58
-38.25331349,145.41549038,-22.8
-37.77878341,146.71138231,340.7
-37.34732005,144.93945952,416
-37.405043,145.11194065,643.9
-38.67847103,145.74224564,-2.4
-36.97293219,144.29085629,402.1
-37.14114781,146.49111741,1415.7
-38.64554283,145.17349027,-65.7
-38.34856744,143.90491578,150.1
-36.97585156,145.51651864,510.5
-37.75366825,146.71736581,429.9
-36.40000522,144.77225387,154.7
-37.22071613,144.64591752,720.2
-37.81115502,144.2337531,385.7
-38.13498206,144.40976828,-0.2
-37.90727908,144.92557474,-7.9
-37.26212706,145.09220462,349.8
-37.11656598,143.94040665,256.4
-37.43431419,145.45921704,309
-37.97741141,146.55458193,290.4
-38.06946621,144.37647014,15.3
-39.05013703,144.05322708,-81.4
-36.52764584,144.68495214,151.9
-37.78310211,144.18630585,392
-38.36648779,144.56197185,-63.3
-36.88973915,143.81147535,172.1
-39.19193626,144.7674232,-57.9
-36.57753577,144.96079064,131.4
-38.5276999,144.09928223,-54.2
-37.36656404,143.90095535,446.9
-37.8748131,145.97519607,453.3
-38.69593931,144.30443561,-74
-37.66744612,146.00416833,839.5
-36.9998546,144.22952859,372.8
-36.55161923,144.23272175,140.6
-36.85148046,145.05751382,147.5
-37.09887254,144.32865186,412.9
-37.39819477,143.6603298,535
-37.12568923,145.84833549,358.6
-38.3685479,144.56958124,-63.6
-38.67913738,144.77071518,-78
-38.93690053,144.11653363,-79.3
-38.29390304,144.8606215,-19.5
-37.12119524,144.51103775,418.6
-39.17889094,145.09393435,-62
-38.36806922,145.45671213,0.6
-37.59542218,145.11248019,167.3
-37.82461682,143.31860071,247
-38.20956748,146.32305939,112.2
-38.1675932,143.26372421,139.5
-39.14393913,145.48187174,-70.7
-37.4817026,146.74069666,851
-38.70390952,144.98289666,-73
-38.72120561,145.24951274,-31.7
-38.49885924,146.37987909,408.2
-38.24330148,143.83829831,140.7
-36.90280313,145.37140703,416.3
-37.84810932,143.30151297,240.3
-36.68754525,144.23562522,201.7
-36.95956056,143.78517751,187.3
-37.96597465,143.65009795,148
-37.888301,145.10421266,80.1
-36.94457667,145.66486867,450.5
-36.46792237,145.31323569,116.7
-37.43513698,143.48549065,378
-37.40748819,143.85392406,393.7
-37.41935346,146.59415728,886.4
-38.43269535,144.87699499,18.3
-37.91503362,145.16223979,89.7
-38.08127601,145.86455206,82.9
-37.753265,143.269844,252.5
-38.28367362,143.59084424,119
-38.81140523,145.21337132,-69.4
-37.65668798,146.05078483,957.7
-38.98823314,145.06893916,-67.7
-37.37482746,146.01187461,521.7
-38.18318518,144.90638829,-19.9
-36.84327102,143.61413112,236.2
-38.46732403,144.55283624,-73.9
-37.61296163,146.66748086,627.1
-38.03420628,145.74090759,118
-37.66642699,144.38565756,229.8
-38.16941377,144.58434323,87.5
-37.84685373,143.96202772,321.2
-37.29278065,143.50601844,333
-37.50789047,145.18484565,401
-37.52864392,143.18824967,297
-38.08295345,145.61849025,33.5
-37.20229315,146.10026721,288.5
-38.78161183,144.44490856,-73.9
-37.93818644,146.7510756,107.2
-37.10136493,145.04492895,197.5
-39.19959994,145.30370466,-72.9
-37.71155085,143.76474057,409.5
-37.54909258,143.60225911,373.9
-37.97046061,145.84710641,370.8
-38.22142502,145.77640509,122.6
-36.95614874,143.63173801,204.1
-38.7398931,143.58913008,227.3
-38.87368297,143.99669288,-77.3
-38.62754233,145.96456472,20.7
-36.62621816,144.90697436,120.4
-37.30538216,143.85082418,355.8
-38.13516905,145.52450675,11.1
-36.8782075,145.87962585,748.6
-36.96097147,143.83100178,186.5
-38.09398585,144.06026086,73.9
-37.47592231,146.21243737,931.2
-36.76379995,144.48676479,176.8
-37.12455074,145.22166349,173.8
-36.67163411,145.06061138,135.8
-38.44333375,144.08257723,51.4
-36.90534406,145.52933455,364.3
-36.59637519,145.29079856,120
-36.64072526,144.03849368,147.7
-37.92407888,144.67025984,22.1
-37.4373364,144.00478677,555
-36.94241255,145.72450552,437.2
-39.23508667,145.1860535,-62.7
-37.22598105,145.15351825,394.2
-37.45938749,145.95685335,792.5
-36.51607518,144.6193974,135.4
-36.99727838,143.97995625,216.9
-38.99683864,144.80307768,-63
-36.85200636,145.01157702,139.4
-36.874279,144.05344598,227
-37.79884867,144.03965131,360
-37.4304858,144.61954739,476.9
-37.71683614,143.47714331,280.5
-37.08619486,143.54341265,271.9
-38.37330493,145.74320052,187.8
-38.06424206,145.7771235,50.2
-38.41241508,146.14151803,198.4
-38.71650551,145.85565821,4.7
-36.95530366,145.06026776,179.5
-36.68982393,145.28832469,128.4
-38.91045039,146.08177526,-40.4
-38.42102196,143.32846501,143
-37.47226313,145.01708639,285.2
-37.49173454,143.92649844,565.3
-38.3843578,143.34369344,137.8
-38.34849262,145.2309243,-0.7
-38.88287038,144.6567316,-69.9
-37.50061538,144.33147799,615.3
-38.20268916,144.71752089,0
-38.27353728,144.78553541,-0.4
-37.02899099,143.8997637,216.3
-37.49754561,145.99989299,653.6
-37.6164402,146.31197964,788.7
-37.59395453,143.71885776,389.8
-37.17366302,144.47163662,465.5
-38.49052365,145.48480922,8.5
-37.51972613,146.2740161,688
-38.45608097,143.75117606,145.1
-38.52375221,145.31389568,
-37.1731965,145.96749683,664
-37.165064,143.5126886,302.2
-38.49525392,145.93326665,44.9
-37.8820714,146.03374357,375.7
-37.42884094,145.54393139,878.3
-36.98478225,145.10286523,152.6
-37.6488364,143.36775838,338.8
-36.55784483,145.32317905,121.8
-37.46824714,145.75617296,466.2
-38.00450968,145.75520709,84.8
-37.64240581,143.39753642,352.6
-37.57395188,145.42587062,189.9
-37.25664474,143.62196381,356.8
-36.73039386,143.89167493,155.3
-36.87758637,145.6998456,473.4
-38.87486961,144.58449676,-66.1
-37.95352134,143.53323735,170.4
-37.28194833,145.27346473,268.8
-36.62593603,144.9035186,119
-38.24043937,146.51822444,110.5
-37.52376792,143.52035792,377.3
-38.17776184,143.81288456,119.8
-37.72765882,145.98212587,734
-37.48107466,144.78104935,329.2
-37.66708694,144.61983103,148.4
-37.75442684,145.53624601,140.7
-37.59484146,145.25227806,190.2
-38.1008458,146.03933882,158.4
-38.87568425,145.92222925,71.2
-36.8676902,143.65512824,222.4
-39.16150806,144.74113845,-55.9
-37.30907772,146.03446586,461.6
-38.55145316,145.92436057,45.8
-38.23665171,145.49555966,2.4
-37.88930673,146.73718153,97.2
-37.38721292,143.23937206,363.4
-37.52224505,144.70809479,349
-37.34907693,145.85264445,779.2
-36.64561363,144.01971504,147
-36.88383488,144.00744372,207.1
-37.12089036,144.02075712,228.8
-37.22094603,143.84661918,298.1
-37.18196543,145.97102005,764.2
-37.49815081,144.58363667,461
-38.27400037,146.17941096,255.5
-38.44082176,145.02975372,82.4
-37.12355178,144.27577533,429.1
-38.09875563,146.11502463,154.4
-38.86059098,145.10824069,-72.3
-38.18873897,145.21636812,59.5
-37.78280006,146.36847616,422
-38.37851762,145.31310462,21.5
-37.79422819,145.73303262,713.4
-37.28577228,144.45862375,535.9
-37.85054069,145.60502035,341.5
-37.59634438,146.65886739,432.8
-39.11752769,145.26943091,-58.6
-38.81615147,144.4915894,-80
-37.42335251,146.70656993,1380.2
-38.03334913,146.08049715,263.5
-37.47302001,143.50100996,376
-38.36919556,145.40973604,17.7
-37.83700129,145.51827317,152.6
-38.87431812,144.50239772,-80.2
-38.67762188,146.37941171,4.1
-36.77031309,145.03882222,164.2
-38.0567761,146.29509592,197.9
-38.29988413,144.18386115,90.5
-38.50769335,145.26982267,2.1
-38.70430711,145.5931042,-6.9
-38.72096098,145.98061505,19.5
-38.77122977,144.55691363,-78.1
-38.3027471,146.34154024,74.4
-38.19609734,145.13970767,58.9
-38.2591953,144.71707855,-0.8
-37.56194708,146.05674783,626.7
-38.4438634,146.14967872,240.7
-38.56317403,145.28451714,-28.5
-37.51146995,144.49153264,616.7
-37.65019932,144.84277305,125.2
-37.48045631,145.65087444,427.8
-38.91902792,145.90718014,-1
-38.1282039,144.66477063,22.9
-38.1530304,146.28494729,50.6
-38.89992636,145.23585183,-66.4
-38.58505809,146.10656346,102.1
-38.94364947,145.63374149,-74.9
-37.63672464,146.36864256,1046.9
-39.1308666,145.007412,-62.2
-39.17981642,144.96913512,-56.7
-36.38444872,144.75469922,125.8
-37.41103161,145.2960575,582.4
-37.19148213,145.85569569,354.4
-38.37259813,145.15692909,14.9
-38.87941654,145.82480144,-52.7
-38.07500381,146.11836299,193.9
-38.74158009,144.17959342,-76.5
-38.75379552,144.63871922,-83.8
-38.04800761,143.78308915,135.9
-37.87115013,146.19110462,458.3
-37.58673613,145.84027837,990.5
-37.92046035,145.23999567,77.5
-38.23029681,144.4470685,
-39.13886258,145.13026951,-62
-37.33798211,145.42467519,265.9
-38.95949571,145.32133299,-67
-37.1183306,144.71173968,549.7
-37.14203304,144.19204123,296.6
-36.54919644,145.2103731,118.3
-38.04416275,144.8638159,-21
-37.3472485,146.30359507,825.7
-38.90867636,145.88543016,-9.2
-37.80488145,145.76308115,322.2
-37.33341476,144.44749573,572.9
-36.98595266,145.09659607,164.4
-38.02907926,144.69248733,-7.7
-38.4728954,143.35150946,125.8
-36.51357675,144.92611223,106
-37.57729182,145.93233614,772.1
-37.79959959,144.48699603,161
-38.61917431,145.21168225,-57.9
-38.9417809,145.61709952,-73.9
-37.80309623,145.88738008,742.7
-39.01753985,145.46511912,-68.4
-38.06333485,144.5735991,-3.1
-37.9378873,144.65499124,14.9
-37.10564414,145.29864011,421.8
-37.64205706,146.10804186,931.1
-39.13857419,144.23808773,-73
-36.56325341,144.48106519,144.9
-38.30532805,144.95984412,-5.5
-37.07244968,144.22904486,302.8
-38.75008062,144.94323383,-35.7
-38.14967019,145.47685493,5.5
-37.3455549,145.53256442,365.9
-39.10127521,145.5624118,-68.9
-38.96733633,145.06282795,-67.1
-38.83844882,144.96335252,-56.3
-38.61916883,145.38045871,-25.8
-36.81767822,144.58745609,197.5
-38.84477234,145.69382143,-61.1
-37.02066267,145.03652846,176.5
-37.21724748,143.36050614,355
-36.73306751,144.40372877,225.8
-38.09969544,145.17676117,35.3
-36.97888998,143.83771465,182.9
-38.51832165,145.15012223,
-38.54474707,144.67234229,-72.8
-37.86866824,145.30754677,320.8
-38.91281623,144.63681145,-65.7
-38.4578535,144.83006316,-7
-37.81087074,146.36596364,493.5
-38.65074806,144.17338579,-70.2
-36.49990035,145.60242367,129.2
-37.99539284,143.75897257,152.2
-38.67557948,143.80923877,363.1
-37.17830576,144.31573323,518
-36.82751526,145.07911619,134.7
-37.81255985,146.31120429,1295.1
-37.29348106,145.02060102,350.3
-38.08031265,144.77032685,-14.9
-38.55067697,143.96140069,70.3
-38.44736825,145.09150369,-5.9
-37.80821124,145.09039154,93.4
-37.21477219,146.10435303,348.1
-38.23809985,143.3383422,137.1
-37.82146484,145.74883593,560
-36.65369179,145.8188369,241.6
-38.41436688,143.37854283,136.2
-37.05275467,144.72444171,343.5
-37.35336381,144.16429275,619
-36.85882322,145.8010737,553.4
-36.52317366,145.22476463,118.2
-38.40756032,143.92296256,263.1
-37.68270333,145.48986023,113
-37.70979828,144.17224601,424.9
-37.40513181,146.66575908,777
-38.18956527,146.10787153,68
-37.04054657,145.20304744,172.6
-37.57429848,143.694612,398.8
-38.20487655,144.66957786,9.5
-37.00499951,143.70738704,204.9
-37.17506579,144.28852674,572.3
-36.97104121,144.01377937,237.9
-38.11452863,143.82478006,119
-36.64232705,144.77164864,133
-36.91621286,145.33969981,377
-38.37358514,144.93206779,148.6
-37.74677536,146.1274795,1015.6
-37.6017509,145.036661,177
-37.81866981,144.41837528,117.4
-37.06433623,145.76166914,506.7
-37.80569433,146.45786206,587.5
-39.03986939,145.84401059,-74.6
-36.7648376,145.27199501,128.2
-38.84935473,145.05197141,-76.2
-38.17511717,143.32263435,131.1
-37.97143365,146.21570537,376.2
-38.16381723,146.591606,24.5
-37.01884914,144.74881682,366
-38.10555412,145.14978522,11.8
-38.46740826,144.35012551,-56.4
-37.20350836,144.41764139,482.6
-37.67646207,144.66261055,141.9
-37.13997066,145.49388013,547.8
-37.59125882,144.72874907,236
-36.59345508,145.67510052,157.7
-36.96850198,145.85542564,393.5
-36.86852504,145.59302872,257.5
-37.92672539,144.54690061,49.1
-37.42720756,144.76094779,394.9
-38.8071459,145.66274223,-53.7
-37.66867805,145.87641456,344.8
-38.55390467,144.98671925,-38.9
-37.45314195,143.97043077,567
-37.07603,146.39315114,962
-38.76264661,143.62929846,46.2
-37.78370334,143.9703408,374
-38.26113264,146.57251072,125.5
-38.39560613,143.8843343,148.7
-38.39110133,145.72388763,141.5
-38.49533837,146.50341345,305
-38.65273657,145.75490882,14.2
-38.52981902,145.53343894,95.9
-38.43389177,144.33189923,-49.5
-37.07754196,145.68966975,509.2
-39.06649274,145.81366629,-65.3
-36.90746836,144.61767878,199.3
-37.38192899,145.23566043,653.9
-38.16723182,146.67870089,23.7
-37.7859056,145.42467472,216.9
-36.62957201,145.57928339,149.2
-36.88520035,144.48027725,221.3
-36.97887217,144.22953098,451.2
-36.78904322,144.95293019,198.7
-36.89895731,145.32661001,245.7
-38.92209906,145.06643304,-56.4
-38.36959288,145.09295455,75.8
-38.27712447,144.69932512,-1.9
-38.78834694,144.87471247,-29
-37.88939358,145.59147628,274.3
-37.68158417,144.49230282,93.3
-36.9835715,144.15101906,284.4
-37.09907947,145.89208252,269.6
-38.07132395,144.49289439,8
-37.79322925,145.87050935,751.3
-36.99199293,145.72382733,340.7
-37.63530945,146.65929623,275.7
-38.68853388,144.85334421,-67.8
-37.76201584,144.8839742,11.8
-37.48383001,144.60911404,456.2
-37.527751,144.82402604,255.7
-37.5300994,144.76655709,280.6
-38.51496186,144.17246723,-54.2
-38.06613905,143.72275794,131
-37.93651863,144.53583549,39.6
-38.95826171,145.33525331,-67.4
-37.68578114,146.5528752,720.1
-38.40310881,144.89785438,18.2
-39.17135062,144.87718774,-55.3
-38.83850397,144.87153413,-45.3
-38.03106937,144.57813511,
-37.64787525,144.16892873,430.6
-38.79381801,145.44200144,-45.4
-38.08825717,145.2908505,45.9
-38.26796821,143.37257421,113
-37.35155551,145.38615625,426.6
-39.20600999,144.59852143,-75.7
-36.45370422,145.44010586,115.8
-38.88078819,143.81255872,-82.7
-37.64398505,146.52470885,983.7
-36.79683665,144.51827626,187.6
-38.18328926,144.16912085,154.6
-37.95230924,143.98926025,193.4
-38.57251121,144.86362073,-65.4
-37.65262042,145.44735982,113.5
-39.03080736,144.46926463,-78.8
-38.05543086,146.21344937,208.4
-37.54152912,146.56277279,565
-38.16334322,146.22456754,87.4
-37.35067137,146.10079766,647.9
-37.2681889,143.33542295,677.1
-38.19149208,144.37537815,2.3
-38.52883305,145.41199217,100.4
-37.46030594,144.2330152,738
-37.38884052,145.58856153,656.4
-36.9069512,143.84705951,178.8
-38.17392947,144.43094876,16.7
-38.82828565,145.29431034,-80
-38.87488468,144.86396576,-63.5
-37.29219676,143.26192382,612.2
-37.23386883,145.62140733,320.2
-38.23307461,146.29787639,279.3
-37.43670307,145.16900962,609.6
-37.7726759,143.85115301,351.5
-38.8043041,144.98455189,-64.7
-38.17533395,143.34791937,118.2
-38.70593989,145.55263755,-21.9
-37.85787747,146.45974054,770.8
-37.66801152,145.77016122,846.5
-37.90364369,145.72306999,532.5
-39.09670435,144.81321861,-65.8
-37.11525792,146.48554065,1500.1
-38.04647816,144.72236519,-11
-38.35722507,144.52023623,-57.5
-37.87721217,143.77391673,216.3
-37.68082622,145.03749845,106.8
-38.57065183,144.61071048,-76
-37.45542271,145.03331547,313.2
-38.20301714,144.18691027,146.7
-38.84281628,144.62471485,-77.8
-38.13647877,144.84851412,-22.6
-37.00215262,145.15857754,160.3
-37.42997955,143.31624804,387.3
-37.21026306,144.72423558,557.2
-36.92600252,144.49931068,263.1
-38.44681943,145.57493462,75.8
-38.60118191,145.4279305,-29.5
-37.10177041,144.04031111,219.3
-39.00917998,144.31123466,-60.1
-37.60983037,143.8777491,471.3
-38.04321229,145.30817751,19.6
-39.21713837,145.32509953,-72.5
-37.11755896,144.9261121,243.7
-37.07326657,145.08896279,180.7
-38.55505913,144.88018769,-56.6
-36.75153041,143.93187027,159.4
-36.94366496,144.04646104,309.6
-38.15436726,144.31248535,82.4
-37.25739576,145.02139716,346.2
-37.25006072,143.33812341,636.2
-38.68611821,145.40082551,-21.7
-36.60754104,144.71981961,204.1
-39.13787269,145.38886853,-71.6
-38.58954838,144.7179711,-75.2
-37.69135582,144.218353,439
-36.76870064,145.49367401,205.3
-37.66641826,143.30750682,293
-38.13941959,143.34049368,117
-37.31590076,144.36866801,520.3
-38.58101143,145.31053848,-20.8
-37.03072251,143.95402497,226.9
-37.79701781,146.76607329,489.8
-37.132249,146.00669747,345.4
-38.85172635,143.75017571,-59.7
-38.71703031,143.64576842,158.9
-38.20772014,145.2147941,25
-37.60931301,146.72829028,826.5
-37.12681005,144.44473249,469.7
-38.52569477,143.61458908,144.7
-38.63129059,146.27661126,204.8
-36.91360453,146.36132106,920.2
-37.9599364,145.81740887,301.4
-38.94748313,143.86964998,-77.8
-37.23104377,146.56888554,1287.6
-38.79612797,145.18034164,-73.4
-38.52435162,145.49943517,90.4
-37.87241899,145.7076949,374.2
-37.44822892,145.62629443,837.5
-38.57649319,143.84409026,440.5
-36.8951366,144.87720308,211.6
-37.99998942,146.40016159,315.6
-37.48159991,143.98720937,639.6
-37.36481415,145.43946928,408.8
-39.03416174,144.39465029,-72.2
-36.68493264,145.73257405,257.4
-38.17376351,144.75713665,-12.2
-37.71007477,146.76135582,482
-38.43985861,143.36812973,184.8
-37.14835486,146.08854473,367
-37.53224041,146.33532454,857.9
-37.76511415,145.0593158,84.6
-37.47836325,146.25994561,552
-37.16966051,144.94630867,220.3
-38.82772003,143.6564449,-41.6
-37.57206025,146.76442912,626.6
-37.81632386,145.46441654,231.8
-38.03972203,145.83414375,99
-37.11200502,143.84756431,271.9
-37.44012885,143.30520322,365.9
-38.57831534,146.50905016,45.8
-37.38414938,143.68996229,453.7
-36.6191518,145.36707261,128
-36.49198478,145.31746238,116.9
-37.32730736,144.21637058,596.8
-38.03052461,146.25092158,311.3
-39.08952911,145.32014079,-64.9
-37.31282842,146.6260511,851.9
-37.79573268,145.66121862,318.7
-37.48010239,145.48230735,661.8
-38.07184417,143.8109428,129
-37.29833538,144.56396774,569.5
-38.81658799,143.75681943,-63.5
-38.21109031,146.22832867,224.5
-38.69981758,145.1943795,-65.7
-38.73670331,145.43778789,-28
-37.93379026,144.69533752,15