0.2764,0.000428610572836163
0.2929,-0.000754807172451355
0.2958,-0.000165454514065522
0.3069,-0.00067605313375918
0.3103,-7.2583271890081e-05
0.3113,-0.000463763181463073
0.3961,-0.000384973608058281
0.4286,-0.00127929537493343
0.455,-0.000133581728230303
0.486,-0.000624490282301993
0.5068,-0.000908749571667977
0.5242,-0.000430939947675624
0.5341,-0.000968452880248383
0.5612,0.000816185592588559
0.6092,-0.0011713291102845
0.6332,-0.00119876377881101
0.6553,0.000618091994130765
0.662,-0.00015754376079169
0.6624,-0.00140133152827138
0.6626,-0.00071789417946666
0.676,-4.48271813081602e-05
0.6981,0.000629308357118386
0.7052,-0.000298994233064231
0.7075,0.00141375545500455
0.7162,0.000388828305750821
0.733,-0.000262166207659953
0.734,-0.00123037755128064
0.7889,0.00149038482661679
0.7975,0.00132766348843527
0.8237,0.0011300579819371
0.8403,0.00160082997737843
0.8431,0.000900942639978308
0.857,-0.000187266223873883
0.8612,-0.00171455949278509
0.9439,-0.0010713123095768
0.9474,0.00188015047686441
0.9773,0.000712440450702401
0.9778,0.00168802901729359
0.9783,-0.00205508959534384
0.9801,0.000457272939370812
1.0069,0.000631155416205287
1.0077,0.00198889301293748
1.0152,0.000198248299212889
1.0153,0.000675092023301849
1.0267,0.00205396266677571
1.0534,0.00203384071605006
1.0646,0.000384276520966287
1.065,-0.00200787768169763
1.0678,-0.00196085920883338
1.0704,0.00131268256346462
1.0727,0.00165783739173153
1.0751,-0.00156372642242375
1.0865,0.00155102870027668
1.0977,-0.000113976069878285
1.0991,0.00218703315438473
1.1182,0.00176082192144023
1.1196,-0.000827459325667856
1.1374,-0.00224635165220866
1.1444,-0.00241456787078542
1.1516,-0.00235448054133869
1.1531,-0.00228965843719187
1.1713,-0.00211603170026753
1.1749,0.00229691381357289
1.184,0.000907028091435169
1.2039,0.00169230650700714
1.2183,-0.00220149328053987
1.2248,0.00118328383608768
1.226,-0.00123784473758182
1.2443,-0.00177745113394279
1.2727,-0.00129361723040589
1.2928,-0.0025831183304279
1.2939,0.000361547537179874
1.3104,0.00204616424101522
1.3296,-0.00151342111835673
1.338,-0.00126974327750151
1.3495,0.00120817004920437
1.354,-0.00288861332344914
1.3866,0.00104157623794543
1.4014,0.00288850151368014
1.4159,0.00283266623677592
1.4185,8.27440497053189e-06
1.4441,-0.00259131759358144
1.4531,-0.00289570921931825
1.4601,-0.00206541254106818
1.4606,-0.00224495637353006
1.4629,7.34309392775856e-05
1.472,-0.00111113172778254
1.4809,0.00297503415231626
1.4941,0.00203888926184526
1.5074,0.00204252134320826
1.5148,0.00294250865272838
1.5159,0.0016929400629826
1.5195,0.00262866335080258
1.5277,-0.00068791386702749
1.5439,-0.00146063046158229
1.5457,-0.00179907003967816
1.5496,-0.00157583934111849
1.5725,0.00023500042214053
1.5785,-0.00318653581913297
1.5805,0.00323488607524447
1.5899,0.00337507810066295
1.5906,0.002347806455957
1.5941,-0.0022015175773471
1.5973,-0.000533584816821975
1.5995,0.00227597512419431
1.6001,-0.00284448044689367
1.6068,-0.00154013929535224
1.6127,-0.0011583544914382
1.6291,0.00275326355007199
1.6322,0.00196645206663959
1.6371,-0.00275121669932443
1.6466,-0.003131754193896
1.653,-0.00331918719663848
1.6541,0.00280158408147679
1.656,0.00343077653508539
1.6724,-0.00347350002743507
1.6863,0.000350546336822521
1.6916,0.00345721813907485
1.6949,-0.0030165363594068
1.7035,-0.00300520169912044
1.711,-0.00358026381726817
1.7182,0.0027371746146001
1.7215,0.00243213288443234
1.7302,0.00331422512391377
1.7343,-0.00359941033737909
1.7409,-0.00237124327073879
1.7773,0.00108843449159801
1.7784,-0.00357016657174514
1.779,-0.00337990376088482
1.7875,0.0034917264561265
1.7895,0.00370044642207423
1.7945,-0.00274619719627101
1.7992,-7.56085323185829e-05
1.8536,0.000950066626081991
1.8602,-0.00385202201958501
1.8683,-0.00358572997555062
1.8697,-0.00185568988140306
1.8725,-0.00158980228308869
1.8844,0.00274108070602841
1.8855,0.00306455798144456
1.8967,0.000798034171742179
1.9103,-0.0036838980644176
1.9126,-0.00410286883469713
1.9155,-0.00380802538405578
1.9254,0.000374279388649423
1.9278,0.00258198883622107
1.9329,0.00179132712596641
1.9368,-0.00395090182820312
1.9406,0.000169582144713853
1.9527,0.00238117322541775
1.9548,0.0039567721149345
1.9604,0.000644756478629382
1.9614,-0.00202920271332485
1.9642,0.00347821301155182
1.9704,-0.00422506599470562
1.9794,0.0031935398154479
1.9824,-0.00414632686904692
1.9949,-0.00168709995606253
2.01,-0.00422848205638049
2.0313,0.00327676141505995
2.0354,-0.00341301962116969
2.036,-0.000880479941930634
2.0367,-0.00348600831894474
2.0532,-0.00313098809154511
2.0568,-0.00423598196871255
2.0648,0.00265726983242764
2.0699,0.00178820033169957
2.0711,-0.00379606095770235
2.0756,0.000420777353412838
2.082,0.00132864138516053
2.0857,0.00220509395176194
2.0857,-0.000341337339393011
2.1009,0.0029245313405295
2.1078,-0.00343108028302863
2.1092,-0.00255776852285328
2.1214,0.00442196728376754
2.1303,0.000912583494893315
2.1331,0.00383426755850813
2.1352,-0.00442400943497834
2.1415,0.00189321114673602
2.1423,-0.00414393670786106
2.1537,-0.00147737505352286
2.1592,0.00294536822552693
2.1671,0.00406192743010036
2.1762,-0.0024634339835754
2.177,-0.00210531659819502
2.1774,0.000318722797098214
2.1821,0.00444140678531824
2.1872,-0.0026850840496877
2.1876,1.0540758236921e-05
2.1928,-0.00224496660835172
2.1955,0.000441282193244241
2.1957,0.00361084925723576
2.197,0.000711390052661631
2.1971,0.0046142490570662
2.1976,0.00456064914262599
2.1989,-0.00284264086703123
2.2055,-0.00456617826589056
2.2147,0.000530942459190165
2.2209,-0.00285416572585184
2.2219,-0.0018635152695281
2.2283,0.00435956460447118
2.2285,-0.00393231859411491
2.2348,0.00464248705893144
2.2359,0.00362889068935601
2.2367,0.00394958402268974
2.2448,0.001803432727145
2.2498,0.00162055006235962
2.2522,-0.00104335480027018
2.2544,-0.00194194682624804
2.2614,-0.00261772150549655
2.2651,0.00281185814413165
2.2707,-0.00483124211037778
2.2716,0.00279348540398816
2.2773,-0.00293972257080943
2.2834,0.00243206841769883
2.2849,0.00430478026762326
2.2887,0.000135021812155411
2.2893,0.00479230457181501
2.2897,-0.000370193688839393
2.2932,-0.00466188725360484
2.2951,-0.00035882067565618
2.2992,-0.00408503339870636
2.304,-0.0026601158042947
2.306,0.00263986879918132
2.3186,-0.000493279558072768
2.3402,0.00309466314928075
2.3406,0.00332742223525395
2.3565,-0.00189933279145782
2.3662,0.00482300033997074
2.3664,0.00492726799887411
2.3667,0.00463293724664471
2.368,-0.00280548220514953
2.3703,0.00171709540364784
2.3739,0.00493645164920764
2.3742,-0.00155775184658058
2.3827,0.00481177519198006
2.3898,0.00476775393224438
2.3956,-0.0037058887238115
2.3964,-0.0032117219740897
2.4162,-0.00325389991899483
2.4225,-0.00502207174120306
2.4234,-0.0051670648845823
2.4264,-0.00281921760073756
2.4327,0.00433639158049637
2.4374,-0.00426305837457353
2.4384,0.00506725765721372
2.445,-0.00352487225322706
2.4484,0.00335685477186942
2.4502,0.00177379097217356
2.4554,0.000475570027522298
2.4565,-0.00395265722580573
2.4623,-0.00471773904207362
2.4636,-0.00489646945469513
2.4726,0.00237074082069366
2.4756,0.00482474198508731
2.4781,0.00461731953856148
2.4877,-0.00517978078135251
2.4942,-0.000940889439175141
2.4978,0.00472379698766456
2.4981,0.00481702954441499
2.5115,-0.00112777859220214
2.5213,0.00180068137285794
2.5218,-0.0018048346153452
2.5269,0.00321041651119236
2.5275,-0.00260352992737323
2.5278,-0.00216778871910428
2.5312,0.00528314342531111
2.5333,-0.00482318818730576
2.5349,-0.00527820936767265
2.5385,6.14346824763246e-05
2.541,0.000734015973692159
2.5449,-0.00532500990512697
2.5471,-0.00145071508963435
2.5512,-0.000379023906485365
2.5655,-0.00488509289047645
2.5669,0.00340515460672597
2.5722,0.00127913040073091
2.5743,-0.000538382587154551
2.5834,-0.00430530032495113
2.5848,0.00513980404908576
2.5934,0.00283614649684694
2.598,0.00395409884958786
2.6113,0.00546019983931068
2.6115,0.00105550825041245
2.6194,-0.00392473231902368
2.622,-0.00512923973196999
2.6283,0.0044533082174576
2.6309,0.0055043884993613
2.635,-0.00136411768457911
2.6423,0.00536209939284271
2.6433,0.00554506915439923
2.6444,-0.00378484708648319
2.6461,-0.00415384256256779
2.6645,0.00275237812174778
2.6696,-0.00499270142794117
2.6803,0.00468175096413237
2.6806,0.0053988223913346
2.6828,-0.00264295007651949
2.6967,-0.00572530528139836
2.6973,-0.000910980220799384
2.7054,0.00221341323912894
2.706,-0.00293454608197141
2.7101,0.00505715854393962
2.7129,-0.00579007272586507
2.7146,-0.00361842741139862
2.7243,-0.0056694740693608
2.7284,-0.000310520019141336
2.7318,-5.25623794520591e-05
2.7322,0.00402206518980641
2.7394,0.00480503500547114
2.7558,0.00398642506306723
2.7569,-0.0051303358798096
2.7616,0.000799190727227117
2.7755,-0.00490622334084989
2.7788,0.00583587703567989
2.7838,-0.000364950146657161
2.7907,0.00336084149938642
2.806,-0.00593787440099725
2.8135,-0.00468912846655867
2.816,-0.00555706877153295
2.8173,-0.00544530224228268
2.8189,-0.00332637731025143
2.8211,0.00530107753545828
2.8284,-0.00585210971336059
2.8293,-0.000196736065093184
2.8305,0.000179209962341442
2.8312,0.00119954551525225
2.8385,-0.00368428577295976
2.8407,-0.00579675743334374
2.8456,-0.00610561465025317
2.8472,0.0032209363714597
2.8503,0.00537060862658656
2.8527,0.00560747497338632
2.8591,0.00414776654669735
2.8607,-0.00312365983530505
2.8678,-0.0051888937025466
2.8679,-0.00516409330920942
2.8746,-0.00199003187937086
2.8789,-0.00246047004146854
2.8825,-0.00415623661380415
2.8861,-0.000598681785373589
2.8915,-0.00292465886349991
2.8928,-0.00510073800660704
2.9038,-0.000423697652633503
2.9049,-0.00217993899536095
2.9122,0.0043839775539678
2.9247,-0.005944550102706
2.9269,0.00349585582875589
2.9297,-0.00593322543083552
2.931,-0.00573565965346168
2.9335,0.00115355310045695
2.9448,-0.00476458515985279
2.9478,-0.00436660126983268
2.9591,-0.00301484439508259
2.9623,-0.00442861581212206
2.9668,0.00543236081914333
2.9816,-0.00622207815378184
2.9848,0.00470235375952477
2.9886,-0.00623028509276224
2.9905,-0.00501049663194664
2.9921,0.00569505373043144
2.9949,-0.00289591164206238
2.9982,0.0062133358324683
2.9996,0.00502698150574332
3.0058,-0.00636855267151049
3.0157,0.00262133982685731
3.0324,0.00140240618576026
3.0385,-0.000761977541404502
3.0423,-0.00293060968273862
3.0449,0.00410636648162788
3.049,2.15038862698691e-05
3.0559,-0.00262661304998435
3.0576,0.00587596670491752
3.0594,0.0035565082491642
3.0607,0.00353164474339795
3.0642,-0.00528986542946441
3.0669,0.0064319291054411
3.067,-0.00649030816847862
3.0696,0.00427414003240534
3.0902,0.00626866679120619
3.0944,0.0046276752908434
3.096,0.00613515487033212
3.0991,-0.00612239503425149
3.1013,-0.00125933361634178
3.1066,0.00601302583421548
3.1106,-0.00649463689878083
3.114,-0.00398423934579828
3.1287,-0.00420625362791238
3.1299,0.00609134275174528
3.1309,-0.0016073391603002
3.1316,-0.00652337671252035
3.1539,0.00403438029897263
3.1732,0.00371666226317613
3.1745,-0.00631031765444279
3.1811,0.0032784092799405
3.1833,-0.00651039454387714
3.1855,-0.00677329917556335
3.1946,0.00136996107819787
3.198,-0.00657141246287907
3.2045,-0.00387867720028146
3.2083,-0.00211868870656184
3.2091,-0.00545688938894529
3.2106,-0.00675905148371347
3.2326,0.0021274436752452
3.2335,-0.0046115467811978
3.2466,-0.00463175585962139
3.2491,0.00666363151980587
3.2493,0.00554542234899413
3.2583,-0.00328366048803019
3.2609,0.0068511023130986
3.2675,0.00215637591807383
3.2695,-0.00284135058311508
3.2722,-0.00683238673412889
3.2727,-0.00494131807598785
3.281,0.00119778000994453
3.2844,-0.000586894344505318
3.2966,0.00483647393038433
3.2984,0.00695747101095012
3.2987,-0.0047924176258034
3.3031,0.00378014567205209
3.3058,-0.00248693561661106
3.3133,0.00412505518622241
3.3134,0.00325679311184901
3.3203,-0.000553863316924197
3.3248,-0.00591056298512482
3.3278,0.0039003698629676
3.3286,-0.00505601098718733
3.3294,0.00606442468097779
3.3315,0.00529525906842698
3.3374,-0.00181714840509573
3.3384,-0.00685842310804441
3.3407,-0.000554673547816353
3.3455,-0.00565274371393798
3.3456,0.00680247914620447
3.3486,0.00207089566408714
3.359,-0.0069440052910994
3.3623,0.00702931645978078
3.3627,-0.00682112152980663
3.3668,0.00150937731213485
3.3723,0.00392863779925579
3.374,-0.00342963917763761
3.3752,-0.00202608292238349
3.3845,-0.00703305725217263
3.385,-0.000360595636202277
3.3851,0.00632422589898241
3.3951,0.00654194295974841
3.3991,0.000703914668440664
3.4031,0.00627208065391072
3.4062,0.00399378471704859
3.4081,-0.00215118328458752
3.4159,0.00470758824292572
3.4209,0.00700168660151812
3.4236,0.00118463032259974
3.4249,-0.00648857718754137
3.4267,0.00314067287239261
3.4269,0.00598836297865324
3.4277,0.00638988690156639
3.4304,-0.00282620770398534
3.4459,-0.00144349086737661
3.4474,-0.00286619016557621
3.4476,0.00716942636479168
3.4553,-0.00704567729879191
3.457,0.00592083092609919
3.4596,-0.00674175912386943
3.4701,-0.00721245105983881
3.4714,-0.00082132879101815
3.4727,0.00666753228442696
3.4743,0.00513270862937265
3.4754,-0.00340314833160793
3.4807,-0.00449208310337967
3.4829,-0.00205867749023625
3.4831,0.00319743168863296
3.4849,0.00684457542333528
3.4881,-0.00562323195973757
3.4886,-0.00500552391557996
3.4963,0.00196908856426115
3.5106,-0.000660705746610812
3.5129,-0.00670157801308147
3.5218,-0.00590275544791963
3.532,-0.00341377910234364
3.5375,0.00736659861150457
3.5389,-0.0056927191281253
3.5457,0.00485843092703142
3.5474,0.00659221548679767
3.5486,0.00735443303698302
3.5533,-0.00614133261284477
3.5539,0.00739431416079839
3.5544,0.00701335923143853
3.5638,-0.00514330939516139
3.5638,0.000661032348139745
3.5641,-0.00747816277939384
3.5649,0.00590562052659527
3.5693,0.0070838670359219
3.5749,0.00650157474239466
3.5814,0.00428108287853135
3.5958,0.00688037138472897
3.5984,-0.000198936828229357
3.5984,-0.00193139088349081
3.6001,-0.00179210357121118
3.604,-0.00237683546778955
3.6049,-0.00236039888223871
3.608,-0.000638883706130855
3.611,0.00531062295865103
3.6127,0.00375307576710426
3.6129,0.00758016323059119
3.6151,0.00483314309941241
3.6167,0.00180239782942149
3.6263,0.0074033726357503
3.6269,-0.00252550573952837
3.6294,0.00757700041550624
3.6356,0.00721811687170382
3.6498,0.00602427644990655
3.6518,-0.00210393029726319
3.6534,-0.00267188731582779
3.6604,0.00523633500341081
3.6668,-0.0028204172740609
3.6691,0.00123004132639171
3.6823,0.00248043624518379
3.6951,0.00474641758835048
3.696,-0.00773850521451402
3.6985,-0.0078375876631096
3.6999,0.00638976783997292
3.7026,-0.00178485409715723
3.7027,0.00396822725452584
3.7034,-0.00783252288597636
3.7076,-0.00434040296403326
3.7082,-0.00767312097994965
3.7127,-0.00703577026297353
3.7185,0.00399584948491416
3.7187,0.000249567896308367
3.7194,0.0053719918790307
3.7197,-0.00289240102035215
3.726,-0.00502511978870546
3.728,-0.000375029190581522
3.7295,-0.0076840504561444
3.7367,0.006869672084306
3.7403,-0.00703488888920356
3.7471,0.00377447498656469
3.7533,-0.00320050246383641
3.7542,-0.00738043526182652
3.7599,0.0046255937410371
3.7622,-0.00559928507512986
3.7628,0.00328656825292795
3.7662,-0.00561115773518939
3.768,0.00712834195983403
3.769,-0.00630681824719215
3.769,0.00375405273489138
3.7709,-0.00800291377586015
3.7737,-0.00301387058918801
3.775,0.0050795767896572
3.7781,0.00537190781512109
3.7923,-0.00776651017519292
3.8012,-0.00806755318516839
3.8029,0.000841117806352543
3.8121,-0.00629424119609912
3.8191,-0.00384753043206754
3.82,-0.00481458733615048
3.8207,-0.00786788966413088
3.8241,0.00796397653291647
3.8293,-0.00769079427029418
3.8391,0.00607527448959067
3.8464,0.00530273749016175
3.8548,0.00624274587718077
3.8587,-0.00609639468887346
3.8637,-0.00498908388007013
3.8689,-0.00757541747146506
3.8769,0.00785082884116273
3.877,-0.00803562465497487
3.8771,-5.6930745434336e-05
3.8778,-0.00714092479001227
3.8818,-0.00799102762505655
3.883,-0.00709713218549135
3.8868,0.00288651447147847
3.8909,-0.00191784868111311
3.8918,0.00201628499723938
3.8933,0.00787622601016968
3.8976,-0.0049744789676005
3.9014,0.00241402819811265
3.908,0.00640281755708783
3.911,0.00804628674468777
3.9111,0.00437510530920004
3.9114,-0.00816170344544886
3.9161,0.00827071503379884
3.9221,0.00800875545258783
3.9235,-0.00792503751544338
3.9253,-0.0082007296990767
3.9259,0.00181066640670746
3.9268,-0.000417201746835349
3.9274,0.00670920572088463
3.9352,0.00803305386705899
3.9455,0.00790689489326146
3.9462,0.00745750146403346
3.947,0.00724314924865688
3.9492,0.00157814187280314
3.9505,-0.0052081181634791
3.9536,0.00706717191742223
3.96,0.00197806311766646
3.9626,0.00691659815659706
3.9706,0.0083564837742709
3.9715,0.00746399380009333
3.9751,-0.00719503791314802
3.9787,0.00821805502710182
3.9788,0.00719137429394889
3.9809,0.00719326224853933
3.9837,-0.00830722029340247
3.9837,-0.00417667746710748
3.9874,-0.00819035660246037
3.9885,-0.000720734049088456
3.9903,-0.00357327344853253
3.9934,-0.00849582976921015
3.9943,0.00798964885692888
4.0042,0.00804640163220105
4.0132,-0.0076759080295572
4.0176,0.000961968617370523
4.0267,-0.00589962986071324
4.0322,0.0083658352490632
4.0338,0.00848493966019426
4.0386,-0.00859756687665936
4.0417,-0.00841715619318517
4.0418,0.00811158934203071
4.0447,0.00458436214901425
4.0477,0.00842777333986522
4.0521,-0.00561846526430099
4.0599,0.0085571641103126
4.0627,0.00399006316698181
4.0628,0.00576392081882648
4.0638,-0.00739985490120354
4.071,-0.00857740711997845
4.0743,-0.00491325241172724
4.0766,-0.00432340405270981
4.0804,0.00763407884522582
4.0816,-0.00143385129142626
4.083,0.000699522899148874
4.0837,-0.0084289019821151
4.0893,0.00417701497676415
4.0925,-0.00594309356888711
4.108,-0.00863183321718619
4.1152,0.00346402671554724
4.1156,0.00147666112676426
4.126,0.0069903562274769
4.1271,0.0032439336430361
4.1272,0.00193081344930324
4.1292,-0.00629268245396197
4.1297,-0.00872592593915833
4.1324,-0.00443727217189416
4.1359,0.00464206022522262
4.1375,-0.00875314209150257
4.1397,0.0081477673217929
4.1408,0.00581664157417805
4.1429,-0.00633114818563296
4.1449,-0.00487501798358192
4.145,-0.00479012251163446
4.1453,0.00867835244322723
4.1462,-0.00769264809769066
4.1537,0.00832022858079196
4.1557,0.00511990216350799
4.1576,-0.00876213135218773
4.1604,0.00121021106018482
4.1628,-0.000690868690555568
4.1639,0.00668556991354041
4.1643,-0.00886296808132236
4.1664,-0.00421947995126892
4.1707,-0.00426479398731683
4.1732,-0.00586057752248781
4.1736,-0.00872458119293995
4.1792,0.0042886849351369
4.18,-0.00338514927817624
4.1875,0.00462711287861861
4.1881,0.00526887217584093
4.189,0.00882942264995989
4.1938,-0.000421006509990995
4.1948,-0.00258849245474302
4.1963,-0.00631313849891413
4.1978,-0.00782457412186854
4.1997,-0.00506932464073806
4.2118,-0.00828511272035382
4.2199,0.00815102973065862
4.2206,0.00572838008100174
4.2297,-0.0089280648238157
4.2301,-0.00866054744675449
4.2305,0.00750390407444712
4.2364,0.000635372162250292
4.2372,0.00558230191694431
4.2376,0.00157505447186157
4.2386,0.0083200675586923
4.2402,0.00890380344606978
4.2427,0.0023856674638969
4.2491,0.00621557785623317
4.252,0.00297785467069289
4.2522,0.00874808515843117
4.2583,-0.00175022095608846
4.2583,-0.00830647534999773
4.2641,-0.00865122237608951
4.2651,0.00352046654300242
4.2676,-0.00319088529916733
4.2693,-0.00252294834153233
4.2708,-0.00555076025710743
4.2712,0.00453472540062005
4.2733,-0.00894839426089966
4.2744,0.00616614462836829
4.2772,0.00867182591240656
4.2782,0.00550669107765778
4.2797,-0.00878692857340901
4.2802,-0.000830215402909396
4.2829,0.00738118830338763
4.2831,-0.00220845268010006
4.2846,0.00755880903375772
4.2849,-0.0017367790137861
4.2894,3.63258186641957e-05
4.295,-0.00567867800647015
4.2958,0.00453848641859889
4.3053,0.00906042081464165
4.3065,0.000593636927561647
4.3071,-0.0091754814868894
4.31,0.0020244347955467
4.3125,-0.00909898966083222
4.3131,0.00113546633112094
4.318,0.00905387504864308
4.3181,-0.00913198423403738
4.3189,0.00908851150760714
4.3244,-0.00545953013415801
4.3245,0.000366400821252277
4.3307,-0.00137553142989688
4.3352,0.00189689498732992
4.3468,0.00654689953914289
4.3518,-0.0091568833736515
4.3549,0.00403557948557154
4.358,0.00554272939421008
4.358,0.000547702235995651
4.3624,0.00352807828788837
4.3648,-0.00921996486080623
4.368,-0.00817831867108776
4.3691,0.00858263582691077
4.371,0.00298914190610411
4.3739,0.00868775759015783
4.3774,0.00266449121989787
4.379,-0.000270278437959348
4.3817,0.00806662979650596
4.382,0.00492760124446789
4.3821,0.0060252838791568
4.3887,-0.00578200558131936
4.3906,0.0090677697062107
4.4003,-0.00126636555580806
4.4003,-0.000451573488665424
4.4004,0.00599935257115103
4.4013,-0.00182525130333655
4.4022,0.00621836032223211
4.4032,-0.00772133781339068
4.4098,0.00879955207926741
4.4137,-0.00765239150535901
4.4156,-0.00504207085551656
4.4202,-0.00873496209045399
4.421,0.0039510613312288
4.4216,-0.00701996052603793
4.4268,0.00188744176518707
4.4277,-0.00493440553118596
4.428,-0.00376757907732816
4.4293,0.0035259626514641
4.4346,0.00936182392694729
4.4371,0.00588118341920207
4.4453,0.0089945159434146
4.4503,-0.00600758371209409
4.4505,0.00519277494391979
4.4528,-0.00521037704301897
4.4568,0.00829044645709054
4.457,-0.00782913643857341
4.4594,0.00196246706301206
4.4611,0.00559324704717312
4.4613,-0.00121825761599048
4.4628,0.00040377317862017
4.4633,-0.00836278919081845
4.4633,-0.00805950881959383
4.4672,0.00573600928222451
4.4674,0.00241428464440396
4.4684,0.00938252877737078
4.4717,-0.00168309891033758
4.4753,-0.0052862430707421
4.4764,0.0013559624933297
4.4838,0.00885419880580507
4.4898,0.00265731554890092
4.4963,0.00745114255959667
4.4975,0.00532144931262568
4.4984,0.00233176590741202
4.5017,-0.00966304944506025
4.515,0.00391082152538669
4.5165,-0.00443374002341912
4.5223,0.000734869781897629
4.523,-0.00367732086619821
4.5235,0.000733929630023056
4.5297,-0.00924587786898989
4.5311,-0.00199481039068594
4.5363,0.000509632196131982
4.5366,-0.00377000642093961
4.5373,-0.00485454169215949
4.5383,0.00939103113193696
4.5386,0.00574318729847878
4.5413,-0.00812248970129037
4.5429,0.00190464379379041
4.5432,0.000980723908853953
4.5498,-0.00894740702967489
4.5539,-0.00964066460038371
4.5593,-0.0031426575803577
4.5676,-0.00972482248298601
4.5712,-0.00323903681058635
4.5729,-0.00839075939317357
4.5828,-0.000830262947236093
4.5837,-0.00236583800798229
4.5846,-0.0076917489039543
4.5892,-0.00186817504670245
4.5952,-0.00602677101711091
4.5973,-0.0025984268645507
4.607,-0.00548862752740931
4.6079,-0.00226110144684366
4.6178,-0.00817133342849274
4.6226,0.00273891057346454
4.6275,0.00940805543046785
4.6304,0.00886637008911606
4.6338,-0.00963964816102258
4.6368,-0.00894762343097888
4.6377,-0.00701753940332761
4.6381,0.00930948118099018
4.6421,-0.00974185911862779
4.6439,-0.00860581948720629
4.6461,0.00969310279329605
4.6472,0.00863720106184829
4.6475,0.00871818382364875
4.6507,0.00437650274453283
4.6525,-0.00352742553489538
4.6548,0.00976168603313621
4.6583,0.00967250231522598
4.6609,-0.00742401030197826
4.6626,-0.00562877225623559
4.6646,0.00308330692932213
4.6664,0.00316110793144997
4.6667,-0.00497761341619185
4.6738,0.00907628508174341
4.6757,-0.00474423286336201
4.6761,0.000644203600492332
4.68,0.00539974139279842
4.6869,-0.0081508655702951
4.6877,-0.00103509689315295
4.6886,0.00867448688276617
4.69,-0.00643005913298822
4.6905,-0.00886867552222625
4.693,-0.00152295616174936
4.7001,0.00882476388505982
4.7031,0.00988909336224175
4.7103,0.00838665415020845
4.7109,-0.00882237612855175
4.7115,0.0098007869197021
4.7151,0.00160695663797128
4.7155,0.00568442358043431
4.7159,-0.0034142326424913
4.7169,0.0078040255539964
4.718,0.0021696795796835
4.7247,-0.00708662677609162
4.7282,-0.000151482693548921
4.7291,-0.00999569792279065
4.7314,0.00846433916354705
4.7346,0.00992380174130059
4.7348,-0.000849200976970721
4.7407,-0.00260572062503339
4.7421,-0.00669994349240977
4.748,-0.00715520601040875
4.7508,0.00951375387470144
4.7516,-0.00844663557198633
4.7517,-0.00974588980551072
4.7522,-0.0098900269227391
4.7532,-0.00916599584883659
4.7534,0.00660139245890878
4.7548,-0.00562114436506622
4.7622,0.00156575840297801
4.7625,-0.00122096401882477
4.7699,-0.0100936369674773
4.7717,-0.00781319382334456
4.7818,0.00840501141558025
4.7846,-0.00963299937876361
4.7848,0.00264052199300924
4.7852,0.00984058403548893
4.7855,-0.00941187966252599
4.7898,-0.00548135637715053
4.7907,-0.00359778593447579
4.7935,-0.00853372852920664
4.7937,0.00431244887568383
4.7945,0.00934471030999173
4.7946,0.00962851467426251
4.7989,0.00327869874520648
4.8021,0.00700897954746171
4.8025,0.000849992707559366
4.8079,-0.00907501491724538
4.8082,0.00762282724295638
4.8089,-0.0101882974842393
4.8121,-0.00849997786021195
4.813,0.00954220576835052
4.8276,0.00661032883714352
4.8276,0.0100886336243002
4.8286,0.0100162951720035
4.8341,-0.00746182883854019
4.8368,-0.00714964126056472
4.8437,-0.00985188670019443
4.8465,-0.00235268962961133
4.8483,-0.000253648599770173
4.8484,0.00157467217218876
4.8527,0.00194312375035821
4.8583,-0.0102940106335181
4.8613,-0.0105209298848647
4.8623,-0.0102324745214775
4.8632,-0.00302605034449055
4.8682,0.0102109142884563
4.8743,-0.0018668182996695
4.8765,0.00222180736299293
4.8786,0.00722824280876022
4.8799,-0.00868513288024975
4.88,-0.00341997188777121
4.8829,-0.00340069046195524
4.8844,-0.00859537040867409
4.8884,-0.0097619991365363
4.8943,-0.00608168262890718
4.8954,-0.00406161198021682
4.8971,-0.00605519666115217
4.8977,0.00159064720590063
4.8998,0.00920489196329743
4.901,0.0103615923467162
4.9018,-0.00887011135580718
4.9084,0.00514991210069482
4.9097,-0.00713217950112366
4.912,-0.0103184344439251
4.9152,0.0100689371748164
4.9175,0.000884686730075579
4.9201,-0.0103690018908358
4.9222,-0.00375735523955534
4.9333,-0.00674305773284711
4.9383,0.00786990293489787
4.945,0.00925117921507379
4.9468,0.00320171960028848
4.9469,0.00751685126266466
4.9565,0.00978327701702941
4.9585,0.00990996998085247
4.96,-0.010503621659856
4.9609,-0.00952925888482703
4.9618,0.00997327621632049
4.9621,0.000825262311376029
4.963,0.00396444331217261
4.9667,-0.00695581301302539
4.9671,-0.00470002575519324
4.9706,0.00531105966662437
4.973,0.000324680490811247
4.9774,0.00133338424854923
4.9782,-0.00908629812768247
4.9852,-0.00843172029375427
4.9854,0.000461576641376027
4.9855,0.0103232380963307
4.9883,0.0101458254817608
4.9893,0.00957616840000952
4.9916,0.0104739657955841
4.9941,-0.0103021679018163
4.9941,0.0102409780727308
4.9965,-0.0038479004617713
4.9996,-2.1112577143434e-05
5.5085,-0.00820292258499489
5.6326,-0.00113467976356318
6.2435,-0.00405370144635686
6.7604,0.0112783754561461
6.9528,-0.0144721433184056
7.5256,0.0115736784481042
8.8229,-0.0125070532315146
9.0403,-0.0134136761211039
9.2441,-0.010955348709361
9.3861,0.0197467904511761
9.6041,0.0198568859693555
9.6722,-0.0133583326576758
10.0653,0.0158170764421417
10.2848,-0.00672314845022726
10.346,0.0171015146618672
10.6596,0.0225820160886432
11.4571,-0.0128615033989874
11.6495,0.0192999144562247
11.7047,0.00235497226616488
12.555,-0.0276342815680124
12.9041,-0.0178932570798729
12.97,0.0162851495549017
13.1046,0.0173048516753802
13.437,0.00950477146408879
13.5818,-0.00797419890669637
13.8557,-0.0094189400136333
13.9251,-0.0226699028036812
14.5468,-0.0312498121234697
14.5514,0.00538753215703203
14.5597,0.030764377251689
14.6993,0.0255487325684562
14.9876,0.0288032855721099
14.9926,-0.0291944207229022
15.0307,-0.00750681697742728
15.2158,0.0290487227469782
15.3467,-0.0230977563719854
15.5861,0.0323872969989001
15.7805,-0.00414030853848857
15.8285,0.0268917283656478
16.0319,-0.00178649632298189
16.4395,0.0339756639916793
16.7926,-0.0319549385441675
16.7965,-0.0284075905034697
16.7997,0.0254589048165812
17.1194,0.00506224178584702
17.176,0.025571004959815
17.1846,0.029949816648422
17.3831,0.00660897591355791
17.3869,0.0242188560743344
17.3898,0.023389521483594
17.5221,-0.0397848568560484
17.5641,-0.0395185757719254
17.5907,-0.0219832819919183
17.7024,-0.0341407004166427
17.7263,0.0193377173394431
18.1633,-0.0010724793584167
18.5045,0.00773771252455191
18.5795,0.0359291274924018
18.7248,-0.0426179241225704
18.8698,-0.0359113614859119
18.9876,-0.0067753488834974
19.1653,-0.0457036953700722
19.2031,0.0203636856969283
19.3884,0.0246135495613835
19.5611,-0.0326130003062275
19.6372,-0.0451573033494199
19.6846,0.0390149298500688
19.8967,-0.0336885774153899
19.9009,-0.0421945142458249
20.0429,0.0198149246464681
20.1276,-0.0157519263825741
20.1921,-0.00403238963740549
20.3019,0.0232465801700528
20.3619,-0.0454583130789494
20.4689,0.0411884747053257
20.4806,-0.0439259539342807
20.7469,-0.00428578177095318
20.9182,0.0385474143305728
20.9462,-0.0147408854312445
20.9645,-0.000322845673590422
20.9671,0.0431356477368858
21.1925,0.01338532483366
21.2074,0.0382599415431351
21.2246,0.00745286945507218
21.3455,-0.00818894989011199
21.3734,-0.0497699021083804
21.6531,-0.010673514484985
21.6666,-0.0268136416269122
21.7618,-0.0481847020156003
21.8954,0.014917178183417
22.046,-0.0356279776134834
22.0582,-0.00401927454077011
22.3861,0.0349970400564246
22.4749,0.0442126153206743
22.5624,0.0190128673361869
22.5837,0.013466552323834
22.8447,-0.0540546218315434
22.9121,0.0116526763802263
22.9625,-0.00930086765380977
23.0944,-0.038390975836009
23.1418,0.0382107829974352
23.5092,0.0064631794851735
23.5778,0.0495187909706303
23.8097,0.0492922220379093
23.8552,-0.0302437677463132
24.0142,-0.0562180792179916
24.0442,-0.0415804084228384
24.1625,0.0463010565280015
24.1636,-0.0146895684648278
24.2028,0.0442642007458041
24.2292,-0.0203505555072248
24.3209,0.0241521683026207
24.3906,0.037598709396196
24.5323,0.0334076594343315
24.5822,-0.0316040787014096
24.8073,-0.0580965997574125
25.0853,0.0446798210356114
25.0854,0.0514942967015273
25.2731,-0.0484124177425862
25.3748,0.0531644013429187
25.481,0.017398103395081
25.659,-0.0440604496644035
25.6739,0.0344407468198398
25.6967,0.0518663510780399
25.7435,0.0526689789627603
25.9946,-0.0626434452175886
26.0279,-0.0519732777721913
26.0336,-0.0200457684289219
26.0518,-0.0636577484474721
26.1863,-0.062104288034476
26.2301,0.0322642357686647
26.3312,0.0547502008033405
26.4036,0.00539911700675688
26.4772,0.0491041346668055
26.6959,-0.0606987369854544
26.7968,-0.0510012440808687
26.8028,-0.0480547328078451
26.876,0.054867555888233
27.026,0.0483693771338807
27.1244,-0.0672146471507808
27.1259,-0.0045503436294041
27.2763,0.0269696194496056
27.3204,-0.0229982422257962
27.348,-0.0397078013067294
27.363,-0.0587879449676976
27.3904,-0.0181889421139729
27.4642,-0.0217444385749808
27.7458,-0.0370980112078634
27.7939,-0.0219991393158097
28.0957,0.0366602583454032
28.11,0.00805929146750373
28.4119,0.0503620168168588
28.4912,-0.0358978023821557
28.5014,-0.0685497525830279
28.649,0.057924728954827
28.7182,-0.015474700495524
28.7794,-0.0459734187760823
28.9442,0.0536728456150151
29.017,-0.040227745853791
29.0514,-0.0573225515600839
29.098,-0.0454395536515086
29.213,0.010800184272437
29.2193,0.0224543339526093
29.2412,-0.0712403481171968
29.3334,0.0176563648101009
29.3744,-0.0516716135095052
29.4212,0.0566134161223601
29.439,0.00258273955449084
29.4419,0.00251580130323603
29.7536,-0.0634276184628497
29.7759,-0.0229203036281227
29.8208,0.0486621660582216
29.8925,0.0142085584911804
29.9241,-0.0375405317119402
29.9453,0.0374764913353722
30.0071,0.0225330074914929
30.0362,-0.0398657603106045
30.1206,0.0538377546307878
30.14,0.0330512664288847
30.1769,-0.0276417020944741
30.2583,0.00893391796116916
30.3402,-0.068732860278292
30.4472,0.0580214280236646
30.4582,0.0214239119959458
30.5916,0.0513976118809296
30.6325,0.0647980426555144
30.7039,-0.00114452626623773
30.7821,-0.00962017707324492
30.8244,-0.0647611499200345
31.113,0.0650315092418978
31.1996,-0.0596610087863176
31.3791,0.0617583059601579
31.3889,0.0103544598016896
31.5683,-0.051874831299159
31.6623,0.0662788796561244
31.712,0.0665196724236488
31.7151,0.0562878046967867
31.7902,-0.0676754592285249
31.8587,0.066582503091869
31.8725,-0.04154686843615
32.0796,-0.0202368546728522
32.212,0.0648431155607554
32.2888,0.0675290209711363
32.5129,0.0500593350916319
32.5767,0.0619379312638841
32.6321,0.0407349970104676
32.7073,0.0593326151871736
33.0027,-0.0116683105102311
33.1021,-0.00447156904580481
33.1798,-0.0266528226884688
33.1885,-0.0866827687211469
33.1952,0.0496241358071572
33.2224,0.0253006902534381
33.2878,0.0536230283354726
33.3162,-0.0137509255392132
33.3493,0.069829143083652
33.3875,0.0597191042656462
33.4844,0.0625534489780435
33.5555,0.0322845022693272
33.6289,0.0642063480120427
33.654,0.0285567582090067
33.9518,0.0718423451705661
33.9658,-0.0805101529029528
33.9665,-0.0181935137671587
34.0874,0.0694623478270913
34.1394,-0.0882928487905872
34.191,-0.0133257554122537
34.193,0.0652239104151775
34.2789,0.0076663351676558
34.5022,-0.063416215962917
34.5181,-0.0106358525643344
34.5313,0.0201005281320263
34.6441,-0.0923688217703571
34.6758,-0.0881402951923533
35.079,0.0309072365071756
35.0914,-0.0942995584104551
35.0951,-0.0871391764298508
35.1219,-0.0832097065459294
35.1544,0.0556480615695705
35.2052,0.0057534542229547
35.2152,0.0418681646148968
35.2769,-0.0654839705361852
35.3338,-0.0102748576574072
35.4268,-0.00882830528664158
35.6555,-0.0114807262029046
35.6702,0.0706025681193623
35.768,-0.0928801642733745
35.8872,0.072509050999372
35.9828,0.0668633913980585
35.9922,-0.0812472848570209
36.0478,-0.00101466865698541
36.1204,0.0758441849928957
36.173,0.0646475502749837
36.2157,0.0071733524780484
36.218,-0.013081935540896
36.2818,0.0643391544097369
36.2944,-0.0674814966425359
36.3412,-0.0640492645635788
36.4937,-0.0796446765652519
36.5317,-0.089463324235723
36.6018,0.0315492546382288
36.8168,0.0713680241798542
36.8455,-0.0404195802325162
37.1668,-0.00977277592005521
37.1703,-0.0190621256278121
37.1989,-0.0392355632879742
37.2823,0.0770735066186532
37.3426,-0.0321894709983397
37.3581,-0.101836666829499
37.4042,-0.0157317482268411
37.4337,-0.0763896362632224
37.4425,0.0651213334487437
37.5992,-0.101050875286383
37.7636,0.047210903278696
37.7807,-0.0794219492488182
37.8044,-0.029033478236542
37.8503,0.061282475997686
37.8816,0.0602609964820715
37.8826,0.0568303337108844
37.9665,0.0671799331813503
38.0486,-0.0848609797403626
38.1346,-0.0764543008785452
38.1416,-0.0121744213672912
38.1996,-0.066000065561127
38.2332,-0.105072410126532
38.3033,0.0207356528536593
38.3285,-0.105358261132785
38.4901,-0.0957024171422276
38.6093,0.0812583966048734
38.6486,-0.0869845160640708
38.7062,0.0811896483810841
38.7994,0.08108480181982
38.8426,-0.0961389138314601
38.9959,0.0270579829497279
39.0356,0.0720735490281257
39.0837,-0.0299979982298808
39.084,0.0136164368967115
39.2823,0.0371775035942221
39.3546,0.0554672226856781
39.3643,0.0742131562975743
39.3892,-0.108603919936911
39.4577,0.0671833402198487
39.4783,0.06789055086481
39.6828,0.0803665131028168
39.7011,0.0413836186306753
39.734,0.0552346857058126
39.7485,0.076764098733328
39.751,-0.102086754613914
39.8348,-0.0830705985343201
39.8665,-0.0794034887517441
39.9082,0.0159425001196141
40.0121,0.0620011672636736
40.0991,-0.1032164126864
40.2053,0.0530807115871283
40.2555,-0.107247306141581
40.3109,-0.0414579098187815
40.5183,0.081178463847138
40.5322,0.0491651148510783
40.5519,0.0652183626411613
40.5966,0.018850407772824
40.6977,-0.113172349070162
40.7994,0.0236366535562169
40.8062,0.0169359136123219
40.8297,-0.101851396573934
40.8646,0.0838808399567554
40.9418,0.0531273531303427
41.143,-0.0588574983482175
41.2512,-0.109679680324824
41.2977,-0.0812703881760797
41.2986,0.0698757535387031
41.3084,-0.080064125079943
41.325,-0.115920480705263
41.4336,0.00796146694024458
41.4665,0.044243269189657
41.4933,0.0721335755581833
41.4979,0.0865148185299702
41.5571,0.00061367985340155
41.5828,-0.0473737044879385
41.5979,0.0731903811889936
41.7693,0.0647461454369065
41.8267,0.078863580556316
41.8286,0.0869483147002938
41.8387,-0.108537650985426
41.8482,-0.115584906339578
41.8946,0.0740758575951048
41.92,-0.111907808495438
41.9653,0.0876881213316594
42.0136,0.0551199380001464
42.058,-0.0863196190213458
42.1134,-0.00344720588122982
42.1552,-0.112746013631551
42.2178,0.022379286017113
42.4355,-0.0674270048479357
42.4709,0.0888335221334131
42.4872,-0.0800721401394
42.5434,-0.10305972130022
42.7923,-0.108841494818215
42.8936,-0.0949792842193631
42.933,-0.118888297364272
43.011,0.0867259493127364
43.0484,0.0269348678072348
43.1435,-0.0800770605375476
43.2719,0.0354674926497864
43.2722,0.0131353731220329
43.403,0.0236960228487675
43.4665,0.0891495131713
43.5884,0.0867549724657763
43.5935,0.0913317201093164
43.613,0.0733088193019
43.6427,-0.116607672449142
43.6779,-0.0903420196822324
43.6858,-0.0626847742873409
43.6905,-0.10020707806482
43.7445,0.0909081588313683
43.7535,-0.101967767425919
43.8195,-0.0572733447092091
43.8345,-0.00830998227556989
43.8988,0.00918534066622101
43.9443,0.025109496499816
43.9787,0.0063992972441369
44.0561,0.0319313522952172
44.0809,0.0900919605636332
44.1326,0.0292367035773466
44.1619,-0.12809140845625
44.1661,0.0919076798483616
44.2327,0.0378274826737268
44.2664,-0.113781999214886
44.2875,0.0883199891247841
44.3202,0.0841754523325591
44.355,0.0709152927744441
44.5089,0.0896860824325714
44.5504,0.0911151209679488
44.5513,0.0941601093502413
44.5828,0.0808655957078415
44.6094,-0.00893530422226263
44.6396,-0.0391491320284132
44.8303,-0.00862040426512323
44.8978,-0.0598546858829039
44.916,-0.0352449027155757
44.9564,0.0717111900557867
44.9789,0.0950160068522905
44.9998,-0.0426580558283263
45.0269,0.0947861776558199
45.043,-0.13378349483316
45.0787,0.0853976261558813
45.125,0.0582510086238699
45.1454,-0.133034676991919
45.2157,-0.0657850251072816
45.2419,-0.0475245295894382
45.25,0.00718720687933683
45.4057,-0.00906860500526818
45.42,0.061658235492942
45.437,0.0799895358571661
45.5566,-0.131939615708774
45.8055,0.0848914193651993
45.8653,0.0899266546638486
45.9818,-0.0376169490585596
46.0032,-0.0105394871184856
46.0491,0.0782477036168601
46.1968,-0.0634742886963551
46.2174,0.0877989593112858
46.3624,0.0979503945594615
46.3977,-0.128035649235819
46.4152,-0.0918908393662932
46.4976,-0.0638164454845409
46.6082,-0.0963324929303653
46.7045,-0.0389775323250277
46.7156,0.0987435736485907
46.7586,-0.0254848431365602
46.7745,0.0952138676694148
46.856,0.0353483760670983
47.0119,-0.139588507286462
47.0868,0.0948812985487706
47.1481,0.0725538293068695
47.4014,0.080109858698016
47.5322,-0.136292077946273
47.5357,0.0660807870919271
47.5561,0.0632063846823741
47.6115,-0.144937568087819
47.6405,0.016258140025684
47.6528,0.0974039304669105
47.6686,-0.13784729606116
47.7029,-0.117735831904085
47.7201,-0.14503813776858
47.7389,-0.0404784346682305
47.778,0.073350132182469
48.0343,-0.143977516770555
48.0545,0.101751001248722
48.0842,0.0999007155263598
48.0847,-0.136333554379569
48.155,0.0765904201389489
48.1828,-0.145142872897935
48.1858,0.101866147198244
48.2856,0.0626850001293846
48.316,0.102418318211804
48.3368,0.0714369029429349
48.3666,0.0556435037192031
48.3854,0.0884174937980902
48.4085,-0.143238622216579
48.4575,0.102529189920894
48.647,0.0962756007866119
48.6889,0.102994744871395
48.7531,0.0317010525289376
48.76,-0.119839558961765
48.7762,0.0511027535027253
48.8851,0.0531326251924611
48.8971,0.100866803202052
48.9297,0.103906979842201
49.0131,0.0928658121316985
49.068,-0.033085540364354
49.0697,0.104414532578566
49.2512,-0.109542497701042
49.3226,0.0983660022520496
49.35,-0.00662017645628765
49.4037,-0.145736123902914
49.4467,0.0772280583236125
49.4648,0.105235793028619
49.4651,0.104859019366884
49.489,0.103403709169932
49.4971,0.104596155351494
49.5277,0.100298408420798
49.5429,0.0320527950665195
49.5643,-0.10084904892588
49.6108,-0.0515192400895472
49.7223,0.107024114460749
49.7501,0.102196889267418
49.7713,0.105533308455236
49.8218,0.107455395938338
49.8861,-0.15256632501945
49.9096,0.105431076766948
49.9731,-0.154768414101376
49.9803,0.0076339824583016
49.9968,0.0749482590001449
50.02,0.107688388289766
50.0299,0.106735249035594
50.04,-0.119731362518564
50.1004,-0.139090734925226
50.1081,0.0188273414049647
50.1557,0.030336276106901
50.2192,-0.144605146139945
50.2688,-0.0252621678633957
50.3307,-0.0946874973776843
50.3598,0.020579117286303
50.3986,0.0945102002789682
50.4115,0.0453583085026565
50.4462,0.106509506226985
50.4479,-0.10092755824472
50.4669,-0.106108110990192
50.4682,-0.0206789567668721
50.4982,0.0239726219093015
50.574,-0.0236475874857049
50.5838,0.0218726138637493
50.5979,-0.0669226347636851
50.6194,0.106988530666897
50.7499,0.0575935512126478
50.8384,0.109506479040121
50.8765,7.16499153625705e-05
50.8772,0.106590945827371
50.8986,0.107542626654464
50.9099,-0.0515665299693282
50.92,0.0713233396347235
50.9497,0.0901016841929092
50.9869,-0.0319915393802788
51.0417,-0.0266634827026806
51.0904,0.109775408268298
51.1477,0.107829461169374
51.1763,-0.0612792154793027
51.2618,0.0627869906122029
51.3428,-0.0613796570081675
51.4102,0.105101862326833
51.4324,-0.0280503035743962
51.5535,-0.0101844081397431
51.6663,0.110068713467484
51.6723,0.0944206180006972
51.7295,0.10662606869554
51.7752,0.0625217603369919
51.8004,-0.137450106231256
51.829,0.110111463814853
51.9237,-0.113683397939162
51.9547,-0.00916007055317181
51.9666,-0.161650808373103
52.092,0.048449744632066
52.1767,-0.00375068285665492
52.2284,-0.0312018529134335
52.2488,-0.149872151859384
52.2763,0.112131995015467
52.291,0.0326354781008007
52.3086,0.113865985613742
52.3555,0.114302006674713
52.4164,-0.156462080093718
52.4674,-0.151951040633712
52.4778,-0.167720973655783
52.4892,-0.0186776893689711
52.6967,0.10632868891323
52.815,0.0126280875530327
52.871,-0.0885151948405465
52.878,-0.168655295892194
52.8914,0.114564702459596
52.8948,-0.126716902396716
52.9149,0.0683876850348284
52.9679,0.0958965148517805
52.9734,0.0814047184665796
53.0637,0.0725748735521137
53.1143,0.00985294769115086
53.1468,-0.00314445423165211
53.1719,0.0798581146610857
53.186,-0.0868735164544887
53.2298,-0.143214601456251
53.2567,0.112627995153865
53.3551,0.116579510774734
53.5085,0.116831224736842
53.5194,0.106334041521805
53.5803,0.117220795560463
53.5938,-0.143077472320321
53.6572,-0.0861582698784815
53.7025,0.0101483258000599
53.7365,-0.0833035965140851
53.7418,-0.1294749700822
53.877,0.0997288152217166
53.9029,-0.0842299259662767
53.9112,-0.0597177005139073
53.9354,0.118371133251983
53.942,0.106374743446224
53.985,-0.155560084452141
54.0512,-0.168516509410956
54.075,0.0174192950339389
54.0969,-0.136282971815568
54.1217,0.0740159179218054
54.1218,0.0212870133635974
54.1425,0.0253213505575047
54.1559,-0.170697339231729
54.1908,-0.0738727863979349
54.2045,-0.174770275407738
54.2296,0.11712800888241
54.268,-0.102777756700469
54.3195,0.0244285774971473
54.4231,-0.0937495411751286
54.4474,-0.110356001310187
54.465,0.00740378183883195
54.6344,0.062746525535502
54.6728,-0.0157500827907882
54.7048,-0.126818526915457
54.8952,-0.0657413125368151
54.9028,-0.0653721104861233
54.9359,0.120162831123551
54.9377,-0.0574300156259255
54.9756,0.00607096696256093
54.9869,0.116677603837701
55.0495,-0.11956683613235
55.0612,0.119765381901509
55.0881,0.0169011178218952
55.0995,0.117137030376732
55.2266,0.0861840983470259
55.2386,-0.171496213762758
55.3683,0.122174841311924
55.3887,-0.139926885717429
55.4596,-0.178130774428091
55.4667,-0.018499126319341
55.5731,0.0850388388300729
55.6862,0.055773403164288
55.8986,0.121005050724484
55.9291,0.124488073723832
55.983,-0.0860007381162262
55.9871,0.123338597627622
56.1226,-0.053577967047957
56.1808,-0.0752512696147818
56.2117,0.121276325436064
56.2552,0.0716975025867441
56.2613,0.0582713182093499
56.2882,0.108724284700124
56.3403,-0.0891146589929903
56.3941,-0.0428266847696506
56.4717,0.109706635274613
56.4972,0.119863840610719
56.5423,0.126843144216018
56.6403,-0.171546032234538
56.8026,-0.13748441138015
56.8039,0.0492658815148985
56.815,-0.185618161364189
56.8194,0.114593354925617
56.9911,0.0902940872049598
57.0192,0.105701123414562
57.0833,-0.0158072209267388
57.1081,0.0932625755594572
57.1341,0.123507746517291
57.2546,0.0896102003363168
57.2712,0.0783037368183912
57.3668,0.0050527736779884
57.3758,-0.118631456485126
57.3826,-0.0120342592329337
57.3888,-0.132908876599537
57.4598,-0.123530760799284
57.4677,0.125352860424535
57.5322,-0.177258233825448
57.5348,0.0298400921109305
57.5493,0.0932544148161867
57.6185,0.122670141051493
57.624,0.115456922913857
57.6277,-0.0252705958240398
57.6761,-0.176146807792421
57.7049,0.123457655576289
57.7166,-0.153850591623133
57.7277,0.105537253846776
57.7516,0.00338540402689347
57.7522,0.12797342799341
57.7866,-0.0623679105345047
57.8297,0.123798459392198
57.9257,-0.0124213530149362
57.9297,-0.0112579714653691
58.0076,0.0663206990771954
58.1468,0.0825280517149807
58.1488,0.0252730102072576
58.1516,0.0426347751711447
58.2364,-0.0781957495148404
58.2777,-0.00836993240660178
58.2946,0.132227395610236
58.361,0.0767365733448457
58.3673,-0.0281563218780505
58.3996,0.0112397650932508
58.4339,-0.052331872162469
58.5752,0.0442761214144909
58.5879,0.101494308567801
58.5904,0.124663948979432
58.6107,-0.150273208863446
58.6545,-0.106093375200999
58.6797,0.127002613252031
58.6868,-0.167709085415161
58.7545,-0.107907694477348
58.7904,0.126702223313359
58.8476,0.093700482966959
58.8724,0.0603604881846067
58.904,-0.0668825291387165
58.9163,-0.0952433644999147
58.923,0.0905732896281961
59.0108,-0.190381294997358
59.1633,-0.200859783742011
59.1703,-0.192517437408789
59.1715,0.125325220868916
59.2075,-0.18090182997863
59.2608,-0.19679529808068
59.3295,-0.159480414609504
59.3455,-0.199347142515478
59.4358,0.0881937779491651
59.5113,0.116286358090235
59.5956,0.126920192834305
59.6055,0.0815736160591314
59.6517,0.0327206944782361
59.6593,0.137177815189887
59.7699,-0.0903748457739582
59.7727,-0.203636384521005
59.7964,0.0375891867933404
59.82,0.129789667276931
59.899,-0.121893855325411
59.915,0.0019728791036755
59.9367,0.125757442263591
59.9673,0.0235342913416048
59.9966,0.137042455884156
60.0258,-0.204101108485716
60.0303,-0.00398343345053576
60.0773,0.0427871582291814
60.1762,0.137143309395221
60.1846,0.138001182795918
60.4303,-0.0612621484914158
60.4435,0.13430195177996
60.4455,-0.204656426521424
60.4653,0.138729679731789
60.6287,0.139755227824367
60.6385,-0.0750825209786115
60.6732,0.135742786854536
60.6942,0.110150686776997
60.7272,0.122505665406088
60.7307,0.122504852992584
60.7387,-0.165602309690868
60.7755,-0.171288618501372
60.7953,0.0162408307406849
60.8084,-0.110537827992971
60.83,0.13758292195682
60.9087,0.119569338386952
60.9516,0.0203303624639233
61.0097,-0.035296754457363
61.066,0.0215818182955232
61.1108,-0.116083463428183
61.1158,0.123154308332417
61.1413,0.136817524031571
61.1566,-0.211283052894018
61.1628,0.133139067454522
61.4476,-0.21270869802585
61.4598,-0.171119912903144
61.5053,0.0755400932389207
61.5088,0.129857383647973
61.6447,0.139909212993004
61.6744,0.0391656104063145
61.6965,-0.185056559243421
61.6979,0.0840960953572107
61.723,-0.0859699694203826
61.7822,-0.155072495167289
61.7905,0.144974623501355
61.8926,0.133010766701439
61.8985,-0.213452110690028
61.9423,0.107403096734608
61.9521,-0.204346062383372
62.1432,0.142524441533368
62.1497,0.108994881741147
62.2091,0.0875322498554425
62.2305,0.0500419759566597
62.2398,0.131611894345909
62.2797,0.142634066471992
62.2945,-0.0148302400911291
62.3013,0.134128624488028
62.3187,0.108881022186587
62.3255,0.131800824916603
62.3663,-0.206522425928888
62.4455,-0.214183040274712
62.4884,0.105780274537175
62.5031,-0.0512590453612631
62.5065,0.0144869219500947
62.5129,0.147804874607111
62.566,0.141736055237537
62.6986,-0.0371315387984907
62.7343,-0.211296944598374
62.7426,0.0126234362220856
62.7502,-0.0746346523541987
62.7676,-0.206507565344481
62.7865,0.139632400478398
62.826,0.140478555569466
62.865,-0.133151542155986
62.9938,0.139471690101388
63.0853,-0.197250391969412
63.1698,0.144326917670782
63.1757,-0.114395945323693
63.251,-0.188933061327873
63.2918,0.136847623682179
63.3111,-0.0866197486574478
63.3474,0.141825757050526
63.3794,0.0680347030817146
63.5463,0.151530236731944
63.6144,0.0138747433789703
63.6849,-0.0771851758691611
63.6914,0.13530662150152
63.6983,-0.0575151497019064
63.7239,0.122863244443217
63.7636,-0.0913909644066706
63.7661,-0.109168795042471
63.8948,-0.145156377775322
63.9269,0.0230766126415958
63.9831,0.13557669615124
64.0707,-0.222025690052675
64.1102,0.131607985888628
64.2041,0.0202472492497776
64.2329,0.122402291085251
64.2937,0.150784944828487
64.3167,0.148995809380892
64.3675,0.14037393286921
64.5168,0.15140509241985
64.5407,0.143773839917046
64.5856,-0.210986973575942
64.5903,0.0969161583810205
64.6558,0.153983512704698
64.6838,-0.165736070424316
64.6999,0.136655788872474
64.7392,0.131800960725798
64.7546,-0.120825447680559
64.7547,-0.175764024924703
64.78,0.046982876715802
64.8467,-0.134648428055996
64.885,-0.0910504994861299
64.904,0.156452253293267
64.9568,0.0722561949045115
65.0011,-0.217178954634662
65.0085,0.0445643806234131
65.0548,0.132626549160548
65.0583,-0.0721348322281727
65.0597,-0.163577404996701
65.0711,0.133990127730016
65.0802,-0.0634006839053995
65.1626,0.136302657933555
65.1992,0.155871636205447
65.2365,-0.091176090824689
65.2558,0.0588507340057163
65.2866,-0.223013299552463
65.3795,-0.112507172049817
65.4129,0.150093633112732
65.4178,0.157618236765131
65.4197,-0.230348302537493
65.445,-0.216001825913807
65.4761,0.148197182922161
65.479,0.159074477051846
65.4891,-0.225924696893344
65.5451,0.0666666237048474
65.6022,0.116369698375763
65.6027,0.11637845019024
65.6597,0.139008985951818
65.6629,-0.180260547373109
65.6781,-0.0949015362173355
65.7655,-0.0435368820609767
65.7733,-0.23737099936119
65.7765,-0.238150062641651
65.7766,-0.231242859080922
65.8009,0.15291709354355
65.817,0.139625988795657
65.8249,0.139337571616835
65.87,-0.0905207199676852
65.8834,0.0971919418887239
65.8882,0.140126145894939
65.8914,0.0766986125187685
65.9442,-0.223047145733773
65.982,0.100217993736308
65.9956,0.16061782588605
66.008,0.140139320920653
66.0599,-0.123955161180788
66.077,0.120507470829068
66.0875,-0.0240320023662264
66.1459,0.162791185340652
66.1624,0.0324030049741424
66.2196,0.160459950270322
66.3262,0.15195070215087
66.3379,-0.222454378647697
66.4623,0.156814064158198
66.5127,0.151158273554927
66.5495,0.141043728869448
66.6832,-0.234698059966561
66.7341,0.142107506079881
66.7675,0.0694153330057361
66.8537,0.153168266562048
66.8572,0.155453524631795
66.8607,-0.210489138907775
66.8692,0.153419100058059
66.8824,0.151531596832641
66.9255,0.0593745331871105
66.998,0.14084275818972
67.0158,0.0494298064366063
67.088,-0.204746941929884
67.1311,-0.168297002287346
67.1648,-0.165342463603238
67.1945,0.153678953135184
67.292,0.0931321602755446
67.294,0.0217102655271901
67.295,0.0697036450041963
67.3029,-0.0743232002446206
67.3478,0.0138781123122129
67.3594,-0.223538493223984
67.3636,-0.124329668669247
67.3813,-0.0715196037552772
67.3994,0.153719288700387
67.4137,0.0227146959527005
67.5028,-0.176591426807974
67.5067,0.139106305542612
67.5113,-0.246946149436084
67.515,0.140418018491815
67.5226,-0.249009713202199
67.5887,0.16766207974139
67.6092,0.162560047704915
67.6223,0.126555163342829
67.6952,0.1645431833592
67.7023,0.117430969826088
67.7347,-0.0330346864109998
67.8189,-0.0914312020889554
67.8483,0.162596916155579
67.8603,0.165910793509468
67.8697,-0.243535930132268
67.8786,-0.148465884376265
67.9775,0.157500722591507
68.0103,0.164975994271117
68.0521,-0.250306598112815
68.0915,-0.151474919563015
68.145,-0.0150818290606338
68.1502,0.14610987169948
68.1724,-0.227618512300509
68.196,0.143885182698241
68.1968,-0.0678604581107152
68.2651,0.0869992929759889
68.2821,0.123524806130746
68.2828,0.168746520346517
68.2834,0.102221523799258
68.3042,0.0710350407030802
68.3113,0.162849267595561
68.3544,0.171440626820882
68.3827,0.118875953928551
68.3919,0.125778870646968
68.4089,-0.237102240905188
68.4482,0.144524638371792
68.4859,0.146426035781445
68.5625,0.166511628221016
68.5641,-0.0455534247037122
68.6738,0.148045660202087
68.6922,0.0732003243872299
68.7674,0.0423575265803606
68.7707,0.115141961218825
68.8283,-0.165032801503457
68.8723,0.172793531384031
68.8867,0.123144680533017
68.9588,-0.217869247645979
69.025,0.125155111078342
69.0598,0.147227982536492
69.0778,0.139415307336819
69.12,0.139056836765747
69.1714,-0.212530645611537
69.2093,0.174459480945714
69.24,0.0819575626048987
69.2437,0.137586827419938
69.2822,-0.186836661512828
69.2907,-0.0589854860608909
69.3465,0.144606207215077
69.3752,0.119040949482525
69.3761,0.170553464615736
69.3821,-0.203144240232589
69.4192,0.136787093971293
69.4438,-0.0072155552387585
69.4705,0.166463898646882
69.507,-0.100348618215321
69.5246,-0.207076068424854
69.5293,0.176497753235225
69.544,-0.158179254704194
69.6868,0.155853409968756
69.7284,0.0721086037465852
69.7289,-0.0344219688267486
69.7718,-0.125116767559732
69.7804,0.159155088139087
69.8115,-0.25967956090372
69.8262,-0.241145006155378
69.878,-0.231778689514172
69.9879,0.151523261961358
70.0188,0.17364612806287
70.0556,0.0854686827997568
70.0765,-0.178480092445952
70.0861,0.173930377400794
70.0959,-0.113409519122499
70.1505,0.143784707033987
70.1607,-0.241351454059966
70.1761,-0.2657495133694
70.2417,0.152155177584433
70.2508,0.1190011514297
70.3648,0.105972047041917
70.3837,-0.0245481440027362
70.3968,0.179699100614201
70.4168,0.13670207053417
70.4442,0.148189140498246
70.4608,0.0467282354488248
70.4898,0.164500803509583
70.4919,0.0625540110895315
70.5142,0.181030046125073
70.5689,0.0299095111136012
70.6263,0.168698142780713
70.6635,-0.0369465487897145
70.6641,-0.114353692298295
70.6736,0.151719752895602
70.6782,-0.202274415085
70.7312,0.157927673865018
70.7984,0.149711093065392
70.8506,0.149841791701419
70.8739,0.181021520200318
70.9231,0.154061618514717
70.9317,0.180280312883099
70.9583,-0.204233838162935
70.9768,0.146301693553255
70.9861,0.171348902641995
71.0017,0.182479099006969
71.1231,-0.24681368772724
71.229,0.156498035513323
71.2729,-0.270245846272203
71.284,-0.0263019137130698
71.2933,0.180701414672143
71.329,-0.0763232175271185
71.3357,-0.02505147686432
71.3421,0.143451510015083
71.3898,0.18410010467035
71.4549,0.0136011549852668
71.5245,0.133976601115066
71.5265,-0.120989848641742
71.5322,0.176186636494123
71.5719,-0.0623565571482629
71.5958,0.175124238479185
71.6849,-0.189113172568653
71.7136,0.147897339915758
71.7797,-0.2409977116844
71.7888,0.147405613732062
71.8186,0.106503828772048
71.8259,-0.2730918616395
71.8604,-0.266067943704272
71.9007,0.166080556516761
71.9158,0.166832659222464
71.9911,-0.102898720371968
72.0054,0.104633052029115
72.0337,0.18153198551272
72.0359,0.147097641337027
72.0685,0.187782504332361
72.0713,0.170345706993402
72.1291,0.187395105674327
72.1572,-0.105098249350448
72.1654,-0.258853933253519
72.2105,0.150131741155633
72.2134,0.0940081400264603
72.2471,0.023666214821489
72.2623,0.153538093199828
72.2734,0.188507892371419
72.2809,0.177309822644546
72.334,0.157338347163318
72.346,0.134048344532445
72.3479,-0.177485682707058
72.3536,-0.171714836259525
72.3576,0.102353578250842
72.3658,0.0685185351221804
72.3814,-0.188885633310761
72.3928,-0.219429045632495
72.5159,-0.159516188011807
72.5208,0.0501902758471573
72.5407,0.034650839590654
72.5736,-0.0956755046587858
72.588,0.184531934347646
72.6063,-0.0925429023035491
72.6489,-0.163643806412978
72.6523,0.12824484340878
72.6709,0.189985030780122
72.6907,-0.12983279878236
72.692,0.189498650229183
72.6941,-0.273808687843157
72.7006,-0.264370919306884
72.7044,0.190197134050493
72.7436,-0.233074621108116
72.7545,0.143968805271598
72.77,-0.276689405773965
72.8215,-0.275523024894255
72.9216,0.159259525959683
72.9406,0.185220978117229
72.9516,0.160968302893565
72.961,-0.194777340448425
72.995,0.0971102597596882
73.1093,0.190248277468399
73.1556,-0.255033778260227
73.1899,-0.0955938791116751
73.1902,0.0965477224676334
73.2492,-0.240881667395527
73.33,0.0178967258110561
73.3327,0.193445842457947
73.4208,0.145258827212473
73.4309,-0.286402056617916
73.4316,0.103463209997585
73.5021,-0.262606984471219
73.5141,0.151022909978977
73.549,0.193769436471499
73.5626,0.147479996897175
73.5995,-0.161650322026816
73.675,0.183329090029815
73.675,0.142980632367156
73.7568,-0.268044814344464
73.759,-0.199667701374679
73.7653,-0.126729827052756
73.8298,0.0574649047733686
73.8401,0.121320731222667
73.9129,0.157733365888191
73.9503,0.190695071025857
73.9793,0.175065486056468
74.0127,0.158752752631543
74.0161,-0.246798111153225
74.1394,0.172374550728051
74.1503,-0.288789558415488
74.152,-0.244065154595106
74.3022,0.1272528518586
74.4231,0.157909886371215
74.4441,0.177576549991485
74.4815,0.168654028345912
74.4927,0.157627500390305
74.5115,-0.259494247821664
74.5268,-0.211491088762202
74.541,0.00122808478921854
74.6028,-0.198214794737012
74.6582,0.024383164549306
74.671,0.163156340805955
74.6907,0.198449518674707
74.734,0.0958294219707199
74.8096,0.142643425521229
74.8455,0.139092917857155
74.8884,-0.224540785002731
74.9317,0.163018924043712
74.9943,-0.0536892990032385
75.0275,0.148298703462018
75.1452,-0.292323949350418
75.1656,0.195644057204376
75.182,-0.277021826715213
75.2153,-0.295984570927075
75.2194,0.164275288752506
75.2279,0.143274372911108
75.2886,0.179510425391044
75.2908,-0.230209087688422
75.326,0.153570166243767
75.3765,0.200584455036562
75.393,0.0379824601559307
75.4036,-0.0386850212715331
75.4262,0.200655027031772
75.4581,0.0306158590510677
75.4775,0.159666833519594
75.5137,0.0585250890819538
75.5225,0.0536152260681035
75.6035,0.160174997332831
75.6638,-0.255623164927826
75.7051,0.172151437695192
75.7136,-0.288599324321865
75.7143,0.117914172958592
75.7951,0.0746111423002702
75.8085,0.15983339830359
75.8733,0.0548889872995773
75.9765,0.172325621708254
76.0402,0.0443747701781376
76.1364,0.0971410627555827
76.1495,-0.069711835380275
76.1517,-0.115602074550566
76.1663,0.173165592477829
76.1756,-0.195782061899919
76.1885,-0.275211841295956
76.1976,-0.292041792894224
76.2229,-0.250409422098983
76.2573,-0.289032347383255
76.261,0.206600703349608
76.2799,0.0240479847828823
76.3256,-0.0752509714058505
76.3389,0.205010768014404
76.4876,0.127816550387266
76.556,-0.132476981355381
76.5905,-0.161834159287281
76.6669,-0.0142270515643048
76.6801,0.138901099549898
76.6919,-0.0863082426241846
76.7029,0.197009312814814
76.7725,-0.146940151215773
76.7778,0.191526067642727
76.7837,0.157380859151104
76.821,0.207203362769718
76.8305,0.0678528252671526
76.9162,0.0680465445668403
76.9227,-0.0871310715491518
76.9818,0.174823834555852
77.0193,0.0225361113780309
77.0907,-0.261218977595291
77.1514,0.197830021466132
77.1769,0.187389696067086
77.2316,0.0459400875984954
77.2751,0.143278799044467
77.2806,-0.251173117476071
77.3051,-0.268727189190585
77.3381,0.115889388787934
77.3551,0.085558703321297
77.4191,0.070663032123619
77.4514,0.165864626115919
77.4625,0.203490737803136
77.5392,0.115994885024406
77.5452,-0.00778362098422747
77.5896,-0.244542958374993
77.6062,0.163646301497494
77.6541,0.0671867486341
77.6892,0.188605530806043
77.7066,0.204400345101391
77.7318,-0.247973169367725
77.7475,-0.16919137036065
77.7989,-0.0695562066658084
77.8008,0.054766309543524
77.8134,-0.294576762521302
77.831,-0.0318445599476433
77.8807,-0.197428637232719
77.9178,0.195278190362828
77.9341,-0.220091538798926
77.9413,-0.262926133479269
77.972,0.117571557538824
78.0168,0.119440247254673
78.1099,0.18757042368982
78.1134,0.210658855020768
78.1495,0.168608357297998
78.1899,0.213791997895044
78.2095,-0.207874542922553
78.2207,-0.314971587496188
78.28,-0.222197176730631
78.2867,-0.304246765837334
78.3124,0.0872352853638318
78.3314,0.213002673762446
78.3614,-0.00379228784254337
78.3916,-0.164642796800862
78.4023,0.0831818958232731
78.4136,-0.302507170114026
78.4194,-0.0391256315059394
78.4258,0.123278183648125
78.4522,0.216693387034866
78.4532,0.200224665793769
78.5039,-0.300902624858324
78.5312,-0.283966777663608
78.5421,-0.307845167372179
78.6014,-0.23421825045537
78.6047,-0.314202763164332
78.6501,0.116506438941357
78.6839,-0.287175795468201
78.6986,-0.194115699134201
78.7491,-0.0719743035673162
78.7625,0.188101802574167
78.8428,-0.144030663695389
78.8558,0.142688509302332
78.8572,-0.298306370234258
78.8921,-0.114403673744562
78.9298,-0.31568299174252
78.9619,-0.145274571700199
79.05,0.219925065717632
79.0763,-0.309112339013211
79.0847,0.189486544920484
79.0982,0.182562698593486
79.1246,-0.216323604794823
79.1446,0.168793145667252
79.1717,0.0796291544959757
79.3345,0.221965691409949
79.3801,-0.32394159447297
79.403,-0.258250002677627
79.4396,-0.303465663378716
79.4567,-0.0442775732020237
79.5098,0.206677922428426
79.5193,0.21323138638239
79.5568,0.218997609844294
79.5736,-0.106421597217448
79.5968,0.168289213328805
79.6574,0.222246637742501
79.6693,0.113498140268945
79.7015,0.211794504679077
79.7075,-0.27456342422154
79.7369,0.182138042972255
79.7376,-0.0605582866111831
79.7657,-0.142688751545464
79.8888,0.164345251791502
79.918,0.224474948864
79.9457,0.1828429727925
80.0468,0.146489589719096
80.0545,0.213182923109784
80.131,-0.321087000399714
80.1908,-0.0926555267540436
80.1917,0.0944534192394997
80.2799,-0.314492888995574
80.2925,-0.242994691905551
80.3407,0.0920314784536203
80.4314,0.120663206895713
80.4497,-0.264769402167005
80.4544,0.173286583296957
80.4856,-0.0567560353442786
80.4913,0.226810353170436
80.4955,-0.00640694610029868
80.5012,0.227165803582309
80.5076,-0.0372358653951324
80.5133,0.0912257146081288
80.5227,0.21799350271543
80.6064,0.220801362148208
80.6481,-0.247652529939174
80.6591,-0.334485184883661
80.672,0.147583498606238
80.6813,0.219730193151804
80.6981,0.164181923508494
80.7173,-0.317710774992577
80.7233,0.0703837345725589
80.7891,0.212532339775166
80.8064,0.20522932549207
80.8209,-0.275506847700797
80.8316,-0.288300824951293
80.8426,0.134801499028981
80.8621,-0.336093247863445
80.9134,-0.179311532510241
81.0733,-0.198209760767767
81.0943,-0.141576238015759
81.1091,-0.332731691971361
81.1972,0.0289006538019123
81.253,-0.324754770933836
81.2592,0.183746845156563
81.2736,0.230935095842582
81.2783,-0.325133722105875
81.2843,0.033191063538581
81.2846,-0.147232183990653
81.3525,0.166969002856419
81.3651,0.0758207455119049
81.3957,-0.195675981993503
81.4333,-0.0870324441205099
81.4423,0.0589651137451312
81.4433,-0.337082005247794
81.4507,-0.00141439911428165
81.4763,-0.116566987410749
81.506,-0.0477778751596958
81.5064,0.115561943271956
81.528,0.222427542052856
81.5666,-0.235611742368846
81.5748,0.182607334767212
81.6065,0.111367232586957
81.6129,-0.169943078801182
81.6724,0.177335921408826
81.7087,0.224442879704057
81.7405,-0.199752034534313
81.7813,-0.280509320348827
81.8092,0.176049738987487
81.8246,-0.278191031443939
81.8639,-0.316386088970006
81.8718,0.164561069132645
81.902,0.157811873229448
81.9297,0.20376837127948
81.967,0.235080576317088
81.9704,0.235073698428465
82.1243,0.235937259829754
82.1519,-0.128279236679504
82.1606,0.174133188820122
82.1628,0.173825935272617
82.1875,0.174262221761879
82.2011,-0.289876787719635
82.2049,0.162660058245422
82.2575,-0.345314392875579
82.3171,0.219240531329859
82.3425,0.189836407001707
82.3921,0.224232231142835
82.4317,-0.341179764592781
82.4876,-0.101232304496435
82.5644,-0.28760329101793
82.621,-0.0510986816592549
82.6285,0.176460835856602
82.8159,-0.223177866443194
82.8376,0.120409673366453
82.8564,0.216447067871599
82.8684,-0.344095567205997
82.924,0.0674890597885707
82.9341,-0.3238033084656
82.9422,0.211815746955253
82.9966,-0.300380697436523
82.9978,0.14364897859754
83.0179,0.240714988832664
83.0632,-0.295213616268768
83.0671,0.197034024985044
83.0826,0.00722214295943502
83.1555,0.152535118210437
83.2059,0.115844954409042
83.2577,-0.232164940735132
83.3318,0.162191908314512
83.3557,-0.32310523548152
83.3595,-0.0439620034002388
83.3816,0.0794515733869332
83.4259,0.0282181582586389
83.4569,-0.0522904055767839
83.479,-0.0273854085911864
83.5224,-0.207913902624711
83.5306,0.00777833220968205
83.6176,0.105648511509457
83.6187,0.21359630704319
83.619,0.209067109081076
83.6435,0.150733533119919
83.6635,-0.104293596585379
83.6709,0.096569601131165
83.8449,0.209147072228717
83.8494,-0.107860793885635
83.862,-0.357460975626736
83.8897,0.236181237820929
83.9371,-0.00341254926902934
84.016,-0.103665959039034
84.0323,-0.0987220181142163
84.0615,-0.0668345661749896
84.0972,-0.296639451995375
84.1007,0.177825167510036
84.2537,0.0777215047224047
84.2776,0.20851574710592
84.3026,0.177957159367594
84.3376,-0.165068728924382
84.3441,0.00227291406496022
84.3748,0.203244618103824
84.396,-0.181310917253427
84.4247,-0.0326456033934903
84.4296,0.183556282360072
84.4629,0.186469165704793
84.5521,0.174723103753166
84.5689,0.239388879636692
84.604,-0.109232407864624
84.6302,0.24776195081094
84.6544,0.126436732978277
84.6566,0.186118276026647
84.7612,-0.223057443858949
84.77,0.215214568035378
84.8502,0.0993566596010282
84.852,0.164749371305874
84.9111,0.213482958747036
84.9224,0.115284112687078
84.9547,-0.320070346902511
84.9633,0.226469175143265
84.9746,0.101093591505844
84.9783,0.249114185648267
84.9966,0.055866547865449
85.0177,0.2002610007752
85.0304,0.0507206128629605
85.0344,0.217194437266187
85.0586,-0.204024190532692
85.1093,0.179990783087405
85.1966,0.180021142627169
85.2267,0.193423641698203
85.2356,0.243422874831907
85.2563,-0.294218437339069
85.2605,0.177007465099706
85.2689,0.152343153381167
85.3011,0.244289881059444
85.384,0.213758716587762
85.3876,-0.363784604615603
85.4608,0.192515534072797
85.467,0.180783835546407
85.4698,-0.318012651325887
85.5284,0.202865227719542
85.6127,0.00311654264658046
85.6235,-0.355249509010605
85.6744,-0.11047916017813
85.6915,0.247039900549453
85.7324,-0.368821838095698
85.7811,0.223558550051109
85.8378,0.241304015355666
85.8417,0.0710016849564568
85.8815,-0.291373854763492
86.06,0.15297838370175
86.0729,0.053228052609569
86.0741,0.197092493339653
86.0876,-0.343133292637191
86.1066,-0.00408260057716348
86.1602,-0.0819065243932329
86.2679,0.259733821667893
86.2909,0.0422038508526015
86.2986,0.191297381442212
86.4097,-0.077370413757393
86.4163,0.258466591279074
86.4242,-0.278587261967047
86.5012,-0.342583519467766
86.5474,-0.188789475657302
86.5951,-0.26304752641613
86.5977,-0.26674097626406
86.7065,0.210741650671309
86.7192,0.212065684640223
86.7899,-0.329728764635817
86.8005,0.170837274537575
86.8091,0.10502604263587
86.8572,-0.182807399457758
87.0705,0.0767644646801955
87.0796,0.148738339793042
87.1201,-0.0519234357761746
87.1352,0.114804018392732
87.1645,-0.187682518349419
87.179,0.26169538967747
87.1849,0.215817172558786
87.1881,0.210480414336217
87.1894,-0.107684799523909
87.2745,-0.380897874517686
87.2888,0.196598748066421
87.3209,-0.108193318988654
87.3489,-0.350566578330785
87.3734,0.191998051722024
87.4107,0.253037680234556
87.4237,-0.182676359047349
87.5032,0.0778041397563953
87.5217,-0.275855741983932
87.551,0.244278836616687
87.5583,0.18984273120229
87.5649,-0.192897631301221
87.5771,-0.0819879967376949
87.6007,0.255432634939382
87.6013,0.132150586568386
87.6988,0.263095810689407
87.7471,-0.372004577507326
87.8133,-0.200140224405999
87.8201,0.262526564816454
87.9445,-0.094175518895284
87.9565,-0.375114808942413
87.9597,-0.0831461700226299
87.9856,-0.0398857198308207
87.9963,-0.369680022044861
88.0992,-0.0524007700580711
88.1183,0.25570780072421
88.1207,-0.159775912322132
88.1308,0.193317197511874
88.1878,0.264837091070021
88.1939,0.082596162534486
88.2032,0.0170811686480903
88.2188,-0.371550261447396
88.2327,-0.252180604809112
88.2452,0.0839634555278792
88.2567,-0.367980667611974
88.2965,-0.281028712015825
88.3173,0.18054341419932
88.3351,0.18635493628048
88.478,0.196212967557088
88.4809,-0.357436436465193
88.5049,-0.358921606978498
88.5589,0.213502023502926
88.6118,0.235413144915739
88.6511,0.208379234317903
88.652,-0.310364329303255
88.6911,0.118934952905974
88.7292,-0.363311136409123
88.7743,0.250421770130515
88.7808,0.254740159214165
88.8861,0.247172380355437
88.9389,0.187977429386365
88.9631,0.253715870955233
88.9833,0.258876048349634
88.9996,-0.0968943068794488
89.0193,0.178707517117132
89.0604,0.206963730552332
89.1058,-0.370108644974323
89.1509,0.275531416134044
89.2102,0.191458603575782
89.2115,0.198869330194299
89.2654,-0.3044096355965
89.292,-0.391744854978384
89.3717,0.0147916144575362
89.3818,-0.191686174186188
89.4276,-0.33599115241401
89.5004,-0.016435325490292
89.5176,-0.0351247300055633
89.5363,-0.230009036678084
89.6328,-0.27059896862356
89.6374,-0.382961083001618
89.6804,0.0774591570774277
89.7225,0.258961081127282
89.7701,0.0558107245272197
89.7981,-0.196220384214897
89.8299,0.0162532313877222
89.8412,0.190078800182846
89.9108,0.190346258125331
89.9162,-0.355401203027824
89.9183,-0.15996042279221
89.9229,0.275833007543824
89.9484,0.215789767485603
89.9641,-0.150298145619971
90.0065,-0.398672978586561
90.037,-0.0593255745967838
90.0462,-0.162144999207399
90.094,-0.0862733836392664
90.1454,-0.102822635897382
90.1499,-0.0898531344312943
90.2266,0.201761591976165
90.2433,0.136068065747281
90.2778,-0.133322486542411
90.3245,0.223557953469282
90.3357,0.277095582858678
90.3403,-0.306286961294362
90.3707,-0.397679496854437
90.3788,0.201414650196156
90.4023,0.275890367402781
90.4085,0.244258136355668
90.4104,-0.0367252686218222
90.4389,0.222498081587617
90.4856,-0.107879551105626
90.5026,0.225249209314455
90.5487,0.234317708274887
90.5596,0.281647144015224
90.6393,-0.379770953148693
90.6675,-0.135581672832402
90.744,-0.212594666646623
90.7472,0.219639964847516
90.7663,-0.289730871757314
90.7827,-0.293035762562823
90.8372,0.10636762863669
90.865,0.277706566897109
90.9674,-0.361203540348015
90.9764,0.232040637095452
91.0062,0.140119745120103
91.0405,0.191648147711447
91.0706,-0.252739356325478
91.0714,-0.0980483856598511
91.1024,-0.117700205576455
91.1118,-0.00977086500229518
91.2211,0.109398767841384
91.2245,-0.359497465282004
91.2402,0.194925597864355
91.2627,0.0725115320067431
91.3145,0.0924459424724233
91.3267,0.201232491614974
91.3697,0.286341170098439
91.3885,0.108513288984625
91.4578,-0.373104824338938
91.4616,-0.379397892331596
91.4722,0.174327125001199
91.5315,0.0299623323835192
91.5879,0.251275543808674
91.5979,0.153343698616396
91.6696,0.0239082019623993
91.674,0.288700086552879
91.6773,0.285867848239718
91.6921,0.210640470077621
91.7255,0.25260856233001
91.7282,0.288129578644899
91.7602,0.212245577040306
91.788,0.197727084188912
91.8056,0.197746605533453
91.8181,-0.308208745766919
91.8207,-0.256566770154251
91.8414,-0.291346745866434
91.861,0.175858255992125
91.9039,0.272770362335464
91.9139,-0.146006655538372
91.9256,0.179171151615705
91.9316,-0.372918174784047
92.0065,0.18237168516913
92.009,-0.0867251710466945
92.0746,0.192843952999581
92.0823,0.207167379090848
92.0934,-0.402009938695684
92.0991,-0.381239263772784
92.1206,0.210839410441594
92.2474,-0.346349652571803
92.2995,0.0101512550156144
92.3193,0.242644418672455
92.3581,0.273236015745567
92.439,-0.423719493211706
92.4521,-0.373596246299982
92.4991,-0.381941480797465
92.5172,0.29453006771304
92.5315,0.194905707575359
92.5972,-0.157094569739129
92.6175,-0.0289463566620469
92.6341,-0.421111863317876
92.667,0.173035638839437
92.7387,0.237772523116107
92.7398,0.255963346926819
92.7795,-0.379774161970076
92.7925,0.29413428205919
92.7932,0.286619719323895
92.8878,-0.407033976083355
92.8967,0.206296407817931
92.9272,0.0874195795779116
92.9992,0.280629308193454
93.022,0.261590266510865
93.072,0.269135760816752
93.078,0.293529229611906
93.0988,0.246524672325691
93.1766,-0.424416743375843
93.1771,-0.107920705321746
93.1949,-0.401265548717831
93.2524,0.0945681859362963
93.2931,-0.27281101313946
93.3183,0.298920090635903
93.3366,0.197773048686912
93.3471,-0.425243337490315
93.3607,0.0607925936717493
93.396,0.166026256937343
93.4243,-0.19615249059305
93.4259,0.121347184269297
93.4393,0.216562593724845
93.4524,-0.428102298681409
93.4589,0.29942146726097
93.5364,-0.0804081742164158
93.561,-0.244393877962281
93.5858,0.242840914006479
93.6253,-0.184191077164456
93.636,-0.388502003484575
93.6898,0.112029515657326
93.6907,0.301687558997159
93.7096,0.14794357912443
93.7763,-0.434090503501821
93.8268,0.0144717371394307
93.8317,-0.121292269945243
93.8552,-0.388964352085893
93.8645,-0.0864739615244758
93.8646,-0.360383434700168
93.8827,0.288071002031913
93.8991,0.177809579390598
93.9201,-0.398430783078197
93.9228,0.195579892557177
93.931,-0.054842163270294
93.9349,-0.106481736628126
93.9376,-0.391852649302237
93.9691,-0.27997277222083
93.9906,0.056474046007736
94.0263,-0.398811115795539
94.0408,0.283648960221967
94.0733,0.02577042031362
94.1449,0.283793723922486
94.2087,0.2448344969782
94.2093,-0.0671748318338814
94.2166,-0.332001336615988
94.2349,0.184894319255449
94.2353,0.296147369989768
94.3128,-0.161858964703555
94.3375,-0.0455118705377657
94.3465,0.123096906937064
94.3595,0.161665668972574
94.36,0.221781339168359
94.3673,-0.263465839868687
94.3702,0.049940110312761
94.3865,-0.336443475644856
94.39,-0.416451466944366
94.3929,0.199586519780453
94.4868,0.300054833959891
94.5114,0.0649140944329218
94.5542,0.23385603245751
94.5899,-0.266597252347552
94.5928,0.19261473557934
94.5953,0.00952745463736449
94.6261,-0.436463195313365
94.641,0.289409631322286
94.6529,-0.196551112611431
94.6886,0.0525865766711036
94.7053,0.0647195099395645
94.7819,0.277936281324386
94.7865,-0.437193698391496
94.7958,-0.182353308223043
94.8212,-0.244461110026236
94.8354,-0.259453027428961
94.8681,-0.439612463783604
94.8739,-0.374240654734194
94.8908,-0.431860131816521
94.8996,-0.362437387320512
94.9089,0.200918226827369
94.9836,-0.0216152201645343
94.9985,0.292294032176457
95.0195,0.219791394341172
95.0319,-0.434618579621613
95.0445,0.173974255762673
95.0636,0.195512009062739
95.2052,0.274323684093503
95.2365,-0.324018823187103
95.2935,-0.299833256992855
95.3086,0.309460536611226
95.3208,0.217286663294132
95.3549,0.215518352281691
95.3983,0.279056685820279
95.4009,-0.18667834576749
95.4135,-0.0686260419948326
95.4728,0.248941270227604
95.4995,0.0767846710284346
95.5024,-0.180145089099184
95.5187,-0.268510517542268
95.5562,-0.44768870904646
95.6392,-0.349576053463906
95.6408,-0.150105226398992
95.6414,-0.445507846580284
95.7444,-0.391939187997849
95.7446,0.298176646097787
95.7468,0.253634968281546
95.7674,-0.141286060764159
95.7787,0.258572057139261
95.792,0.13000298112226
95.8174,0.186617764175182
95.8175,-0.0777225589085049
95.8422,0.21839370784059
95.8699,0.294908502631003
95.9053,-0.16436227421633
95.9074,0.202892951236549
95.9099,0.0155923982537445
95.9809,0.305739100949793
95.9834,-0.441908375516945
95.984,0.231489374628794
95.9936,-0.440066200647848
96.0126,0.301527834449132
96.0222,-0.389151072300351
96.0365,-0.449451130917168
96.0585,0.220954575885955
96.084,0.272335188429466
96.0842,0.298283883211184
96.0982,-0.217257810267014
96.0997,0.0916265854394567
96.1224,0.108667662545216
96.1391,-0.243197576550855
96.1485,-0.434982108618556
96.1798,0.0161419978897754
96.2045,0.27484219569439
96.2442,-0.207783298090263
96.2469,0.295719824691915
96.3042,-0.454440529326675
96.3304,0.16270597429714
96.351,-0.448645303028357
96.3686,0.210965686683721
96.3706,-0.42232639536482
96.3707,0.245792594794779
96.3709,0.267397495571871
96.3768,0.279175082604894
96.3951,0.151503624121318
96.4295,0.190558961830149
96.4384,-0.335968268747081
96.4395,0.28041889620566
96.4708,0.231328523960073
96.4831,0.125839527432404
96.501,0.308585749872037
96.5033,-0.449979922784294
96.5395,0.310039626376764
96.5426,-0.378825681134302
96.5547,0.120890412341964
96.5692,-0.263749933458186
96.5741,-0.39729481877275
96.5833,-0.450875496297627
96.6031,-0.257917830460102
96.6057,-0.369786475401185
96.6115,0.275953230259404
96.6549,0.204468972154544
96.7014,0.198881354512892
96.7057,0.297183187708015
96.7066,-0.319944501687999
96.7305,0.0810552459452083
96.7902,0.171571313506334
96.7995,0.17516717613934
96.8517,0.155451487125248
96.861,0.158224719972281
96.8816,0.310443832916505
96.8939,0.20141913922896
96.9115,-0.45624711772254
96.9196,-0.31728410761994
96.9471,-0.254056653321172
97.006,0.000531771505734469
97.019,0.247181140370245
97.0315,-0.157166108444628
97.0347,-0.244806669278873
97.0388,0.214861811699677
97.0671,0.186981051410584
97.0797,-0.428219516590417
97.1436,0.284594686015424
97.1883,0.315616631682119
97.2177,-0.0944898491661093
97.2261,-0.462868003770737
97.2302,0.169171186957286
97.2325,0.140541751069506
97.2687,-0.458938351374172
97.3059,-0.301477459146014
97.3163,-0.414635075589601
97.4054,0.0723736173352734
97.4086,0.104093767252778
97.4164,0.263882544320907
97.4226,0.243883378517424
97.4619,0.130789573480641
97.486,-0.0107608785143043
97.5131,-0.420942472562672
97.5134,-0.429794903421893
97.5135,0.157299449498936
97.5374,-0.0683952034653146
97.627,0.240886371837362
97.6455,-0.371604617298587
97.6513,0.0731623225434248
97.7035,0.199954530476816
97.7305,0.271891334884202
97.7582,0.300722699825471
97.7694,0.326836624220832
97.8261,0.257695111145281
97.8831,0.0115753320663288
97.9098,-0.286847473831841
97.9936,0.220771875644331
97.994,0.0790895448124189
97.9974,0.190963216392319
98.026,0.15419989065245
98.0392,-0.0741638856751479
98.0704,0.00406375107924362
98.0926,-0.238735274474678
98.1014,0.136766787686284
98.2043,0.152672093824222
98.2183,-0.224459880744604
98.219,0.265548004416246
98.2217,0.257098605621621
98.2418,0.20832264732546
98.2486,-0.392883261636655
98.2938,-0.466548561704869
98.3008,-0.464309509016545
98.3026,0.21351649452231
98.3062,0.10607436112501
98.3533,-0.272951396219852
98.4174,-0.399332441852295
98.4363,0.286930185229025
98.4485,0.200341526397736
98.453,-0.198649105624213
98.5088,-0.138768427044113
98.5395,0.213421944503139
98.542,0.293331544423296
98.6185,-0.107045907122924
98.6208,0.0674109455385405
98.6272,0.21008471575793
98.653,0.230167527909558
98.6718,-0.0845127825989493
98.7026,0.251332116453483
98.7351,-0.471357775414688
98.8039,0.0725979544085504
98.8124,-0.20122240599926
98.8501,0.314134080168643
98.881,-0.319353941701721
98.9019,0.0864770176527401
98.9228,0.197005068444099
98.926,0.154252830154348
98.9483,0.188144120365095
98.9516,0.307335173981642
98.9885,0.274439766507584
98.9945,-0.476498619811679
99.0263,0.218706799261838
99.0896,-0.0100785709311282
99.0921,0.0863331814975794
99.1843,0.0573919739306206
99.1929,-0.466688432737726
99.253,0.237648716311725
99.2913,0.289972900761128
99.4239,0.261412112193995
99.4738,-0.0220464624214003
99.4748,-0.453870387897055
99.4789,0.217047081358757
99.5119,0.285299461929142
99.5698,0.296702801688326
99.5963,0.00279129225893371
99.6421,-0.429718581531532
99.6448,-0.355711194874885
99.6499,0.336673675888107
99.7151,0.293111102127597
99.7151,0.325773272019788
99.7204,0.313133545708382
99.7358,-0.194675560433282
99.7535,0.303468631053391
99.7728,0.308543256085215
99.7875,-0.130453159731744
99.8055,0.21902643031811
99.836,-0.36318892061
99.8793,0.295908726522413
99.8877,0.310718583511374
99.8879,0.114556334822353
99.8898,0.207045878331115
99.916,-0.0426300131492496
99.9192,0.169921532521855
99.9431,0.020447246730086
99.9583,0.148148812421567
99.966,0.210676149255718
99.9759,0.242201114629026
99.9995,0.334087182027289
