Latitude,Longitude,elevation
55.74229488,37.58040766,142.2
55.72803645,37.71329011,132.2
55.73161716,37.51160799,160.4
55.74863381,37.68177316,137.2
55.76162792,37.61180462,159.6
55.7481261,37.64221108,125.2
55.72977463,37.64761448,127
55.77119121,37.541946,146.7
55.70958664,37.66503192,143
55.72828538,37.57841186,133.8
55.78801616,37.57943618,168
55.74915083,37.49411679,141.3
55.77941645,37.68876329,141.5
55.78056254,37.68605786,140.4
55.76254361,37.56919402,147.4
55.7514655,37.61475026,143.4
55.73722928,37.63300696,127
55.78702683,37.53779765,152.5
55.69287643,37.67359962,126.3
55.79322247,37.69300844,147.3
55.74440315,37.73258095,143.9
55.75277399,37.49727084,133.6
55.72697054,37.63446639,132.1
55.71395684,37.59897365,152.4
55.7303536,37.6975605,134.7
55.72811023,37.69822203,141.1
55.71829373,37.59355348,147.7
55.78819074,37.73129171,141.6
55.75998572,37.70515923,146.9
55.76216144,37.67062343,135.2
55.76450056,37.73540742,158.1
55.72606497,37.68568093,144.7
55.7742805,37.72968511,152.8
55.73961659,37.64464425,122.8
55.77484527,37.58652282,159.4
55.69110749,37.60299185,148.2
55.7220624,37.59578873,141.3
55.76406149,37.6954749,136
55.78981333,37.64723418,153.8
55.74266903,37.62537245,128
55.72602471,37.57652494,140.8
55.74483012,37.49280687,139.4
55.76689301,37.72441698,149.7
55.79205295,37.7167175,143.1
55.74873696,37.53414029,127.9
55.75166819,37.54199086,126
55.73818982,37.50371585,143.7
55.71344703,37.67662395,142.1
55.74038374,37.59040642,143
55.78985523,37.72565597,134.8
55.76535334,37.6669908,141.1
55.81707012,37.67681237,141.1
55.78584699,37.64249503,159.4
55.77742647,37.62251716,151.3
55.74563704,37.51861012,130.5
55.72741133,37.5623777,137.4
55.74102294,37.67420982,148.7
55.77736014,37.6113662,160
55.74443514,37.72987509,148.6
55.77905582,37.6528706,152
55.71975115,37.61240396,136.2
55.75195763,37.55540296,121
55.80417408,37.61897451,164.4
55.80702925,37.67830225,152.1
55.75471404,37.52402053,131.3
55.72435898,37.64279093,124.8
55.81215048,37.62952715,152.7
55.78420443,37.62927057,158.8
55.71899751,37.64582759,125
55.79505274,37.71525688,143.5
55.7531319,37.60356923,149
55.78274532,37.60416583,160.9
55.77123615,37.68043909,145
55.78259368,37.67775802,144.1
55.81132651,37.56794247,167
55.78638119,37.52902984,146.5
55.75538996,37.49157375,130.8
55.77748967,37.51838324,147
55.71932107,37.55394848,124.9
55.7289135,37.62432576,132.1
55.7118918,37.52448117,183.4
55.74816111,37.50557966,135.9
55.70599405,37.62854447,120.6
55.71733373,37.68812788,139.2
55.73762825,37.52652235,153.2
55.81476388,37.65192086,141.9
55.7564161,37.60120094,154.7
55.76765557,37.58882651,157.6
55.74035291,37.61452989,127.5
55.76971588,37.53551322,148.1
55.68745917,37.63425441,124.5
55.72913616,37.51758708,138.4
55.71165221,37.51942518,180.6
55.75794632,37.73344406,150.1
55.79228576,37.56078219,168.1
55.76888333,37.51729224,141.3
55.69541277,37.55633288,186.6
55.7581433,37.63072825,158.4
55.7560267,37.52591833,132.6
55.70612198,37.52434043,194.1
55.80550876,37.53734429,165
55.80081782,37.65995062,161.2
55.75913995,37.52351288,145.2
55.73489097,37.57319141,140.6
55.71793456,37.62362214,136.2
55.75504144,37.73839787,148.8
55.78472334,37.62916028,159.5
55.79697114,37.5688654,169.5
55.78291914,37.61996971,150.8
55.82522367,37.61971944,161.6
55.76724715,37.5743031,151.5
55.74353949,37.67265628,145
55.75364659,37.54161714,128.5
55.69948822,37.59850522,145.2
55.75026547,37.63948431,124.8
55.77708655,37.65279247,153
55.74033555,37.6604319,146.8
55.76711171,37.7397549,163.4
55.74952321,37.51246611,126.8
55.79901687,37.64250486,163.6
55.74474163,37.51777926,132.6
55.71210784,37.55088088,120
55.71495712,37.52908667,170.1
55.73183949,37.59890176,122.2
55.77502569,37.63761116,164.2
55.70822118,37.67037807,140.6
55.80895675,37.70376467,138.2
55.77222071,37.71536353,149.2
55.73299342,37.61786231,136
55.73754623,37.59343708,135
55.71211234,37.70508226,125.4
55.73903421,37.70186338,143
55.68681933,37.62413903,137.4
55.78772689,37.62704196,156
55.7685486,37.69651764,143.9
55.78348686,37.72314024,140.4
55.76400999,37.6765571,138.5
55.79474101,37.52611364,154.6
55.77615464,37.70649256,141.2
55.8121365,37.53896609,161.1
55.77351577,37.54580987,150
55.72952488,37.67353575,144
55.73350811,37.63811565,127.7
55.81260266,37.68182528,148
55.73458822,37.70502193,136.9
55.81990188,37.59022133,164.7
55.73612448,37.58653255,137.5
55.77144472,37.65409627,149.2
55.8119184,37.60016476,161.8
55.7453401,37.70981683,150.1
55.77950769,37.5846643,157.1
55.80344124,37.56865988,166.6
55.80544156,37.60936635,161.2
55.72034933,37.67351954,147.6
55.69465553,37.62856559,120.4
55.72218173,37.71964071,132.3
55.80194507,37.60729313,160.6
55.7812933,37.61618327,153.6
55.76755321,37.65173907,161.2
55.70647166,37.57824355,155.9
55.72925815,37.69600026,138.5
55.80826156,37.57926023,166.3
55.77018378,37.68039017,142.6
55.74832177,37.66153311,135
55.69746158,37.5891936,153
55.73189538,37.55246177,124.8
55.78448288,37.65568327,152.2
55.81674348,37.66239492,145.9
55.78720525,37.63007008,159
55.73054711,37.64712919,128.5
55.70516113,37.55783372,172
55.74926354,37.57283457,124
55.69406144,37.59180947,160.5
55.75672007,37.56729154,132.8
55.77751101,37.65963064,148.5
55.7818338,37.62270587,148.8
55.7548453,37.55306241,131
55.75771074,37.6384727,158.9
55.75845201,37.55122556,137
55.7836285,37.60737393,158.9
55.8004761,37.54307221,166.7
55.79621856,37.5975432,163.7
55.69991876,37.65087209,129.6
55.70244804,37.59708922,152
55.82214084,37.61516756,153.1
55.70300475,37.6096713,147
55.80846895,37.6264623,162
55.75157978,37.70166139,148.9
55.75874065,37.62391987,152.8
55.73513017,37.64146572,125
55.68688654,37.61919488,132.1
55.80712771,37.58070816,169.1
55.75434296,37.68531119,142.7
55.78176472,37.56404305,161
55.77146021,37.67307947,140.4
55.74461338,37.51071615,137
55.70402442,37.57794039,168.2
55.76213469,37.59941114,157.4
55.77733227,37.61460451,158.6
55.73567312,37.60344653,121.1
55.78318613,37.57048753,158.2
55.76740495,37.71067931,147.2
55.70945264,37.58501215,147.9
55.81052823,37.67405196,149.4
55.80517689,37.53647296,163.8
55.77949024,37.60034762,160
55.73018913,37.6286476,138
55.77738921,37.60805098,162
55.75977046,37.51712352,132.2
55.76272853,37.66282096,144.1
55.7306889,37.53590158,132.6
55.7435427,37.67116082,146.9
55.77248457,37.7182572,152.7
55.71179502,37.58693735,154.3
55.72163153,37.64592535,125.6
55.73292084,37.62221858,135
55.73763308,37.55146678,127
55.75560225,37.50563058,127.5
55.70208639,37.5443256,192.2
55.70455011,37.66658534,137.8
55.8116557,37.58664254,167
55.71032872,37.6874719,135
55.75338298,37.52186876,133
55.69813419,37.64803661,128.3
55.78830762,37.59476127,168.4
55.73517766,37.66653537,142.6
55.72996312,37.54291262,123.7
55.74714631,37.66972406,140.5
55.76868958,37.5652526,152
55.80536959,37.66427313,158.3
55.7976901,37.55576956,173.6
55.75099517,37.54210562,122.1
55.77689443,37.50595919,146
55.81741259,37.59560785,166.4
55.8121031,37.53991575,162.6
55.75319388,37.52312571,134.5
55.75996374,37.70039545,141
55.74589466,37.737803,149.4
55.80384372,37.55333387,171.5
55.74381302,37.70697775,151.7
55.8253538,37.60340076,166.2
55.82171884,37.64419976,143.2
55.80354905,37.69043278,142.5
55.73403406,37.64362004,122.6
55.7817035,37.54270741,152.5
55.74106365,37.6957621,139.6
55.76569967,37.74036992,162.7
55.80473683,37.70286828,131.5
55.7649247,37.72550181,151.3
55.72694162,37.53180945,148.1
55.79287342,37.69001783,151.9
55.7250359,37.59601357,126.8
55.78020772,37.58839458,162.9
55.74584088,37.61688429,125.2
55.80670281,37.64420034,153.3
55.82408773,37.58155377,163.3
55.79263202,37.61433546,165
55.80327389,37.64213885,161.3
55.74330617,37.66008047,144.4
55.69898019,37.55523968,178.1
55.7640088,37.5816477,148.7
55.69458458,37.5847097,166.8
55.7376043,37.61690868,130
55.74585889,37.71936774,152.1
55.80983874,37.68722092,147
55.8030339,37.58579902,167
55.76402921,37.52776961,135.3
55.73537253,37.63599764,125.5
55.7773445,37.72882985,149.9
55.73708305,37.65385019,139
55.73460659,37.55123999,126.6
55.7553909,37.58014724,145.7
55.69598061,37.56892355,176
55.76095648,37.62112611,145.6
55.75790617,37.56459832,143.5
55.78324872,37.68891392,135.8
55.77965186,37.69936247,130.3
55.80555685,37.70769001,144
55.7698742,37.56112444,151.9
55.7291591,37.63669823,130.6
55.77370261,37.51990957,144.8
55.82216881,37.57883793,163.2
55.7754964,37.71073358,150
55.69238896,37.63088316,121.9
55.79026062,37.66271049,151.8
55.75177488,37.65991639,137.5
55.82594324,37.58761197,163
55.74273509,37.59536286,139.1
55.70057557,37.54734628,181.3
55.71401218,37.60622875,140
55.73885242,37.59027618,141.1
55.75574679,37.61169624,142.2
55.81625944,37.61362332,162.3
55.76865944,37.71880585,148
55.72911314,37.57710888,133.6
55.81070564,37.69078529,138.5
55.70000509,37.63771996,131.2
55.71726429,37.60967305,139
55.75076035,37.67099963,127.8
55.77507119,37.59260694,162.5
55.7601074,37.57767824,137.4
55.77922122,37.63676843,164.5
55.68936587,37.63654965,123.9
55.71290307,37.70406998,124
55.7559372,37.61603241,148.7
55.76658414,37.5290797,139.7
55.72468219,37.59260259,121.1
55.75209184,37.65513244,149.5
55.71205528,37.59809962,154.4
55.74776995,37.56219526,134.1
55.76948417,37.72657859,153
55.72201649,37.63309992,128.1
55.73507302,37.73514824,140
55.80018495,37.6832645,148
55.78455766,37.61051754,165.2
55.77865768,37.62610715,153.4
55.77410906,37.67257144,144.8
55.77535349,37.64687977,159
55.82441507,37.6135147,161.8
55.78321225,37.73004881,145.6
55.79492874,37.66605492,157.2
55.74561397,37.51742942,131.1
55.73550757,37.61152775,135.6
55.7862382,37.71008314,131.5
55.722039,37.5154649,134.7
55.77135241,37.59692057,166.3
55.80571675,37.57549534,169
55.78493476,37.55997758,159.8
55.71934581,37.67803742,147.3
55.767068,37.64706092,160.7
55.68698342,37.63674193,123
55.7176887,37.68257756,145.5
55.68949905,37.57613191,175.3
55.78959556,37.67718971,150.5
55.78723439,37.64266534,157.7
55.70932903,37.59810729,151.9
55.74734667,37.59005772,146.5
55.80113434,37.71094953,140.3
55.77709748,37.65904166,149.7
55.81448395,37.61676122,159.5
55.73353752,37.59434547,127.9
55.8078996,37.68171936,149
55.75937825,37.54899605,137.8
55.77460143,37.65913642,146.2
55.75321749,37.62274501,149
55.75481935,37.61862294,151.4
55.73269874,37.53110046,139.6
55.76899762,37.65363661,157.5
55.80376975,37.70139971,128.6
55.72235432,37.53559192,162.9
55.69526591,37.55275787,192.2
55.75878615,37.66985444,126.5
55.74315957,37.73893434,151.6
55.69871441,37.53900331,191.9
55.71452281,37.63523511,126.4
55.80948712,37.66712388,151.2
55.79993283,37.66280128,162.7
55.77490254,37.59749409,168.2
55.71643769,37.71462015,126.9
55.69957463,37.6866314,120.9
55.73603359,37.51735923,156
55.82065969,37.66162036,136
55.80245807,37.58477382,167.8
55.71214399,37.67367593,138
55.69783865,37.67577153,121.2
55.72813319,37.56397678,139
55.69724949,37.61386235,130
55.7648545,37.51914257,139.3
55.76449482,37.58412893,149.9
55.72680018,37.7197369,130.7
55.70831256,37.60489869,147.6
55.8275129,37.60392048,168.3
55.71373731,37.59898523,152.5
55.80171658,37.55848917,172.8
55.76476338,37.63135065,166.4
55.79032791,37.53027245,154.2
55.75558987,37.55952567,127.9
55.69635037,37.58715466,157.2
55.75369949,37.4987944,131.7
55.69797458,37.62930776,121.7
55.78902841,37.72483671,132.8
55.76774933,37.58990504,158.3
55.76348932,37.61818687,147.5
55.74602684,37.63856804,123.6
55.81253126,37.65261386,141.2
55.73276229,37.50508162,165.3
55.6907786,37.56783362,174.3
55.76369938,37.52576246,136
55.69049972,37.66366591,123
55.70352034,37.6888566,123.5
55.77993003,37.6618852,150.5
55.73125836,37.51168153,156.5
55.71187472,37.61808416,135.1
55.75290377,37.54403623,127.6
55.76766586,37.53236754,145
55.82103844,37.61950022,154.1
55.72837807,37.6307777,134.1
55.69485868,37.55668834,185.7
55.77098151,37.54809204,152.2
55.78852468,37.54013795,155.8
55.78243371,37.59007571,162.1
55.7167399,37.68572641,138.4
55.77219725,37.61165556,158
55.80910207,37.69685185,131.1
55.81938036,37.59004719,165.5
55.69830395,37.63346763,127.4
55.74805606,37.72305708,150.8
55.81797587,37.62091114,162.3
55.75790492,37.60793691,149.7
55.80744634,37.67926798,148.9
55.76137867,37.71374884,149
55.81992768,37.61017699,161.5
55.70286409,37.56441326,168.8
55.78918048,37.65285649,154.2
55.77414731,37.65217616,152.1
55.7111504,37.70683968,124.6
55.7657428,37.5509879,151.5
55.75175904,37.71299683,152.2
55.72368391,37.57044406,134.5
55.74467967,37.60197188,132.3
55.72818547,37.66922982,143
55.69315007,37.67160909,125.3
55.77341647,37.58209788,154
55.76404826,37.53370021,141.3
55.82075292,37.60103326,160
55.79580352,37.57280615,166.6
55.74110123,37.68223065,144
55.80710753,37.69202149,143
55.8250207,37.59689312,163.4
55.81330037,37.60764279,158.9
55.7120134,37.62703566,128
55.77054255,37.53905349,149.3
55.79974411,37.57045888,167.8
55.79680155,37.5279107,158
55.73562653,37.53404351,135.8
55.71633906,37.72141056,127.6
55.71981207,37.60770757,139.6
55.75777873,37.7154936,151.2
55.72648404,37.5349557,150.7
55.79957769,37.64889248,154
55.78364752,37.57245037,162.8
55.69889518,37.57905304,166.4
55.76874267,37.67836668,138.9
55.7573522,37.64851465,161.5
55.76140242,37.53937297,138
55.7525042,37.68695349,142.1
55.70097306,37.62821279,120
55.76150491,37.50042671,123.4
55.68814335,37.61660027,132.2
55.73385922,37.69666111,134.1
55.70590872,37.65941224,138
55.76264263,37.74446088,153.6
55.75415106,37.70081373,146
55.75848531,37.66491679,133.6
55.72212007,37.55840883,126.2
55.82332865,37.60453258,163.4
55.72980013,37.63341225,131.4
55.80899394,37.69821928,129.5
55.76190848,37.66496057,139.7
55.81188601,37.59494428,164.9
55.69222883,37.65954225,123
55.69198214,37.62312718,135.2
55.82556307,37.58577045,163.2
55.7571882,37.60700379,147.4
55.72025765,37.56029472,124.5
55.71076417,37.59699381,152.8
55.69973205,37.62557831,124.9
55.76485281,37.56099526,153
55.76985714,37.65379053,155.3
55.82587971,37.59770388,163.3
55.8244278,37.61307645,161.9
55.79827563,37.55281861,172.9
55.79021667,37.62900165,158.7
55.72779238,37.52854551,140.6
55.71191929,37.55155503,120
55.78369393,37.62915911,157.9
55.72716726,37.50776978,147.1
55.78905953,37.50868479,152
55.74977284,37.6179602,145.5
55.74004072,37.62811917,128.1
55.79267339,37.60177617,159.5
55.70621915,37.56286762,163.1
55.78544326,37.61590453,157.3
55.81421401,37.5656584,170.7
55.76679822,37.58558934,156
55.7810658,37.72681815,148.1
55.79547977,37.58984412,163
55.730306,37.69505712,135.9
55.80444721,37.56161053,167.9
55.82793704,37.61949518,162.4
55.77265202,37.49849319,142.6
55.74710529,37.71956616,151.3
55.72404805,37.67516819,146.4
55.73421954,37.59369253,127.4
55.74826297,37.68980639,142.6
55.74604339,37.72948772,146.9
55.81743619,37.56160328,172
55.77260681,37.51087933,140.1
55.8163439,37.57007405,165.2
55.8039508,37.64863435,158.3
55.76606499,37.58644981,154.2
55.73508992,37.67879178,139
55.79881018,37.69531463,139.5
55.79281496,37.55618397,170.3
55.76016283,37.71960882,146.9
55.81079998,37.5983858,161
55.71980346,37.70834029,132.5
55.76511021,37.56347216,153.2
55.82122135,37.60252785,160.9
55.75476368,37.59899119,151.8
55.74030512,37.57888115,141.7
55.72436784,37.72881275,135.5
55.81881332,37.66658726,142.9
55.71791076,37.55732856,123.3
55.8117598,37.56763657,166.8
55.78004845,37.55789717,160.3
55.74578666,37.62363561,124
55.74039851,37.71423977,140
55.78275917,37.53679843,152
55.68881713,37.63085039,120
55.8015293,37.557549,172.1
55.77127429,37.53814089,151.8
55.7205565,37.56458605,127
55.73024271,37.71877345,139.1
55.8204782,37.59746228,160
55.70671621,37.56231045,163.9
55.80656611,37.66915177,155.1
55.81613446,37.56363944,167.9
55.74478624,37.65908289,139.6
55.68791566,37.5974639,167.5
55.76078602,37.54619773,136.6
55.77125644,37.72885537,153.5
55.68348693,37.61623872,134.4
55.79573392,37.53069646,159.1
55.75634797,37.63191161,149.3
55.74271867,37.54011595,143.5
55.78548588,37.61681178,155.8
55.75377406,37.61570843,145.1
55.7418808,37.67108381,149
55.79148055,37.55753005,166.4
55.75257552,37.53238671,131.7
55.6949027,37.66702274,123.8
55.80794012,37.6515498,151.8
55.73614482,37.72263142,136.8
55.75513927,37.54285212,133.1
55.70352542,37.6417106,130.7
55.75757204,37.71443094,151.1
55.77757647,37.68029777,138.9
55.81717301,37.55663615,175.9
55.75558465,37.71377085,152.1
55.72487717,37.65755417,120
55.7639366,37.70294207,141.2
55.76939293,37.70962795,150
55.72886087,37.55339045,122.1
55.71390541,37.60582805,141.1
55.72134954,37.65643889,120.2
55.69811886,37.66420277,123.4
55.72064577,37.58368989,131.7
55.7228368,37.59125496,121.2
55.71262194,37.61633215,137.3
55.75813746,37.66263726,141.7
55.80536356,37.64568716,158.7
55.77073279,37.62035475,147.4
55.76574853,37.7283019,155.9
55.82226519,37.62386125,158.5
55.74504256,37.53870389,122
55.69758127,37.55709646,181.3
55.69512938,37.57154688,172.8
55.75399945,37.6103062,146.7
55.73243675,37.60065873,124.2
55.80138665,37.56224796,170.7
55.79435587,37.64169745,155.3
55.78970902,37.66803667,151.3
55.81427033,37.59519091,167
55.80310552,37.5233904,164.1
55.80533544,37.59755999,161.4
55.71822881,37.71449796,127.6
55.75723415,37.7451417,148.3
55.69887794,37.67994858,118.5
55.79114766,37.66007102,151.8
55.7506727,37.61264181,136.3
55.82335775,37.65754172,139.2
55.79853805,37.61475251,166.5
55.78119688,37.69719221,133
55.82101912,37.6640787,139.5
55.725257,37.68343564,144
55.73893571,37.57830893,139.9
55.77347825,37.73619821,156.7
55.71005788,37.62228085,130.2
55.70964871,37.59287794,150.7
55.75314983,37.72255303,150.3
55.72445552,37.54185365,120
55.7928437,37.6412064,157.8
55.77673651,37.72390993,150.3
55.73505805,37.6838922,140.1
55.78896471,37.65742542,150.4
55.68770021,37.5751074,177
55.73927349,37.703036,141
55.80896097,37.62462254,161.1
55.70206171,37.69121381,122
55.79103066,37.59228065,170.4
55.70630463,37.58296865,151.7
55.78671757,37.53394551,150.2
55.73640931,37.7211276,136.4
55.69522325,37.56197882,182.4
55.70017278,37.60689471,139.7
55.73625517,37.51553308,157.2
55.75292078,37.70004103,146.3
55.78529894,37.52785514,148.3
55.71018404,37.55110217,128.1
55.73372522,37.69287146,131
55.79126431,37.63599689,161.4
55.73749686,37.53282865,148.1
55.75834836,37.53259425,135
55.78102914,37.58716982,161.3
55.68939809,37.63813916,123.7
55.8074035,37.65833725,152.2
55.69309734,37.64897861,122.9
55.76879866,37.58659069,157.6
55.72480127,37.60551307,140.2
55.74308443,37.53833222,140.1
55.76229293,37.68945332,135.4
55.75869307,37.66933705,126.5
55.76928968,37.54646343,153
55.69733374,37.6388298,124.2
55.80722435,37.56345058,169
55.77932116,37.51671952,149.7
55.77182981,37.70109855,134.8
55.6912221,37.62803953,120.2
55.7745584,37.50199958,146.6
55.74786845,37.61198456,124.3
55.77234428,37.59120965,165.8
55.7173095,37.69577954,135
55.69092944,37.61580846,139.8
55.73789485,37.68818879,145.8
55.72542615,37.61955529,136
55.71148995,37.71736339,127.8
55.74889154,37.55630641,132.7
55.79132312,37.60151142,162.8
55.75425249,37.53629043,129.8
55.73909844,37.57590123,137
55.71428364,37.54242008,124.6
55.79111639,37.53225517,157.4
55.72286863,37.62708281,136.3
55.80622315,37.55088456,167.3
55.7444035,37.52079084,131.9
55.73993182,37.62005433,128.2
55.73772828,37.70301907,140
55.77595001,37.6176068,150.8
55.71763584,37.52129607,161.8
55.75466272,37.62140487,154.5
55.81675441,37.63505782,151.1
55.69921756,37.54014209,190.3
55.69794421,37.5430003,188
55.70421548,37.65748726,135.7
55.69521222,37.66199582,121
55.75515362,37.59089033,153.3
55.69562492,37.59822071,148.9
55.79768063,37.55469835,173.5
55.70315369,37.62474804,125.6
55.72369894,37.59589968,128.4
55.78656113,37.59915993,163.4
55.82597611,37.62837574,154.9
55.79718931,37.60267281,163.6
55.72089611,37.65976209,138.2
55.7578237,37.59092765,154.9
55.74887877,37.55054942,123.4
55.78980271,37.62672866,155.7
55.75688942,37.57993075,144.4
55.78993201,37.5887824,170.2
55.80246129,37.71108548,142.3
55.82360521,37.6278799,158.9
55.74700718,37.52468223,121
55.7275949,37.59310421,120
55.73468541,37.66721062,141.5
55.76898552,37.57780352,152.8
55.71957193,37.65641438,120.9
55.78185765,37.60662942,154.7
55.78187729,37.64535142,155.5
55.73792927,37.66708903,144.2
55.77142036,37.63302089,159.9
55.73424773,37.62011729,133.1
55.80366866,37.52557042,164
55.80761938,37.61880633,162.8
55.70254476,37.61422965,132.7
55.71290044,37.52272635,181.9
55.76681447,37.5103788,141.5
55.73247624,37.53809771,140.7
55.7421959,37.55954085,128
55.71596391,37.59992,147.1
55.73988609,37.49223892,142.7
55.7100677,37.70145514,123
55.69179313,37.66271342,124.7
55.71771831,37.65849403,133.3
55.79630812,37.69051157,153.6
55.79985155,37.58215155,170.4
55.79388193,37.6365492,160.9
55.70635684,37.56958836,160.7
55.79196645,37.58262123,167.4
55.79800882,37.59967954,164.6
55.72132815,37.63654944,125.1
55.79022682,37.52454038,154.1
55.80471695,37.70099409,130
55.72325101,37.60528971,145.9
55.69293609,37.57830742,169.4
55.7919537,37.64410407,155
55.7593348,37.57419613,145.2
55.74714679,37.54901477,129.7
55.72450694,37.60866074,141.5
55.72789602,37.70581391,139.6
55.73600259,37.68147154,141.4
55.7329839,37.70721721,136.2
55.74489523,37.53612974,121.6
55.77374241,37.69452921,130.3
55.77787563,37.62025159,146.7
55.71618768,37.6445295,123.7
55.77308942,37.70911048,148.6
55.74932058,37.6756306,135.2
55.78576345,37.73402619,142.1
55.76997378,37.73707759,158.8
55.74880481,37.62444387,122.3
55.80862483,37.54104014,163.4
55.75224273,37.73274277,153.7
55.73679143,37.67766953,144.3
55.72228056,37.50694416,129.9
55.72914167,37.55130019,120
55.72004675,37.52712977,159.4
55.77980778,37.55845114,159.5
55.78158432,37.64792384,152.2
55.80757306,37.56109405,169.2
55.7477845,37.70123769,149.9
55.82333571,37.62109734,159.8
55.70911749,37.7133809,122.3
55.69734979,37.63572956,127
55.7575632,37.69052253,142.3
55.8239656,37.6575777,140.2
55.71582969,37.65299181,123.1
55.70141663,37.67970617,127.1
55.72004456,37.56582549,125
55.79761951,37.59036725,163.8
55.71540247,37.64786107,121.3
55.80462189,37.57920825,167
55.81318529,37.55504394,175.2
55.73206303,37.50455061,166.6
55.77394857,37.56011421,150.8
55.81154065,37.69134064,131.7
55.74486743,37.60529205,131.4
55.7047338,37.56742501,168
55.74114807,37.65155653,142.9
55.81248175,37.55849151,171.2
55.69443662,37.59650883,147.5
55.76611029,37.66443526,147.5
55.7765954,37.57385347,152.1
55.82362535,37.61031883,160.1
55.73820722,37.6476109,124.6
55.71001124,37.63131891,124
55.75894273,37.59578515,155.4
55.80725511,37.54912707,166.2
55.7340713,37.70078133,132.8
55.80966379,37.62846003,158
55.72976193,37.57190544,139.9
55.76913645,37.50376057,132.2
55.72453508,37.52287988,136.4
55.72509735,37.68176508,145
55.75671557,37.56018262,131.5
55.77962497,37.66060916,149.2
55.75866245,37.69500334,138.9
55.72627999,37.59594817,122.6
55.70626959,37.63716118,121.9
55.81198368,37.616534,156.8
55.69159874,37.58238463,171.2
55.71174305,37.61183009,136.9
55.79431743,37.63798969,157.8
55.78982459,37.58419081,166.8
55.74092124,37.67228114,149.4
55.77336113,37.54533099,149.8
55.73255531,37.73010812,136
55.75730047,37.51818038,131.4
55.79556498,37.52443704,157.4
55.70930916,37.58614997,150.8
55.81395775,37.55974741,173
55.69117708,37.6500282,125.5
55.75722149,37.66729468,130.4
55.74735313,37.60361467,136.5
55.78705833,37.56766324,158.7
55.80205802,37.67894766,149
55.80488036,37.70924486,147.8
55.79288317,37.51941285,158.3
55.72108421,37.52127873,145.6
55.72273053,37.52827458,151.7
55.79554954,37.66050259,162.9
55.80400218,37.57618978,167
55.78144621,37.71626718,140.2
55.82016601,37.61745718,159.7
55.73562449,37.64489795,127.2
55.72392135,37.5620362,133.5
55.74113212,37.61606212,127.4
55.72558242,37.5819335,129.3
55.7087122,37.61413332,136.5
55.76927105,37.7026382,140.3
55.76277438,37.69128338,135.2
55.80103932,37.54565689,168.9
55.79064357,37.710685,140.8
55.75667056,37.60367456,153
55.7504776,37.62139079,136.4
55.78877109,37.58063212,167
55.68580457,37.59069455,172.8
55.73044273,37.58515939,134.3
55.76484959,37.63412095,168.9
55.75811678,37.6107339,151.6
55.6949704,37.56678735,178.1
55.73370695,37.559967,120.6
55.80884619,37.63576624,161.1
55.68457382,37.60131243,163.7
55.8013353,37.67424148,157.4
55.78160027,37.61268609,156.1
55.73311232,37.62921608,132.6
55.72982533,37.59020685,129.7
55.73419315,37.50607055,162.4
55.72299705,37.52737812,149.6
55.80097863,37.60786734,163.3
55.70092759,37.69535171,123
55.81196113,37.63070776,154.3
55.76153946,37.62926842,166.3
55.80816301,37.56525434,168.1
55.73022559,37.5732362,138.1
55.80621106,37.64242372,157.3
55.7085106,37.65525442,135.9
55.75572199,37.6034617,153.1
55.8276149,37.60323827,168.1
55.72177432,37.69447312,145.9
55.72216796,37.71755699,131.5
55.73660228,37.57627938,139
55.79721476,37.65006706,153.1
55.71035814,37.64858114,122.4
55.76125077,37.49407539,135.4
55.78377904,37.69122519,135
55.77808116,37.70226409,127.1
55.78183608,37.64949052,151.8
55.75740653,37.58207235,154.2
55.7325973,37.51373102,155.5
55.78362781,37.63333388,164.7
55.6939735,37.58368221,167
55.73878043,37.59852351,132.2
55.68929938,37.58433699,170.5
55.77082237,37.52014344,142.9
55.72478738,37.53168443,151.4
55.72286461,37.53916834,136.6
55.75431678,37.55523855,134.9
55.70678798,37.61896803,132.3
55.78764821,37.51203593,155.3
55.76996201,37.67096713,138.4
55.80800712,37.60709612,159.9
55.81144981,37.56937495,167.4
55.69166205,37.57503472,172.4
55.70936308,37.67699443,138.7
55.75425651,37.62458783,157
55.78650055,37.51211279,157
55.68471785,37.63737802,118.7
55.78547073,37.53745973,151.1
55.75161695,37.55742013,121.8
55.72371788,37.69589105,154.7
55.79690072,37.66752817,157.8
55.73023229,37.63593913,128.3
55.70807973,37.65370933,136.5
55.78841011,37.67180531,148
55.70764033,37.60677659,141.9
55.81549507,37.62470584,158.5
55.69904829,37.61378092,128.4
55.7762221,37.57995155,152
55.72105468,37.59519282,143
55.78737672,37.55366786,160.3
55.78645529,37.5974281,165.7
55.76906375,37.51812601,140.8
55.73367027,37.69058425,131
55.78081978,37.62875372,159.1
55.71413227,37.63018778,130.2
55.77709315,37.7396241,154.2
55.76616904,37.66078122,150.7
55.8057579,37.70289902,130.8
55.72614997,37.60743084,144.2
55.82317383,37.57854384,164.9
55.75527464,37.59810258,152.1
55.77726551,37.71797583,146.9
55.71186713,37.68595475,137.6
55.80197803,37.63064787,161.5
55.71725429,37.55225015,126.1
55.69941729,37.61424929,128.3
55.75686341,37.58670529,154
55.76554934,37.53529349,142.6
55.79733565,37.666217,158
55.74091079,37.56069399,126
55.70627254,37.58247331,152.4
55.79244266,37.60487601,160
55.69365031,37.56470429,180.8
55.80115118,37.69676729,127.8
55.76158122,37.59554383,159.7
55.73539387,37.57931839,137.5
55.75459453,37.59452599,152
55.75710778,37.52709651,133.2
55.74368253,37.5689289,126.6
55.7926138,37.6805771,152.8
55.81061569,37.64890035,146.7
55.77329012,37.54515045,149.7
55.78672223,37.726522,137.2
55.78788039,37.72584375,131.5
55.78430912,37.60506538,159.3
55.7798645,37.51104142,145
55.76333071,37.66549256,143
55.76111263,37.6096105,162
55.72179161,37.58203724,130.2
55.77145845,37.49837275,141
55.78083598,37.51629412,153.1
55.72884376,37.51123635,147.9
55.72470844,37.53681552,159.9
55.72997867,37.61852823,138.7
55.795905,37.56617343,166.3
55.73281377,37.59944905,121.3
55.77139002,37.64161448,156
55.78971438,37.61290782,163.2
55.76814002,37.69914831,143.8
55.79144858,37.53782537,162.3
55.79315173,37.66121819,158.8
55.78814149,37.64874085,154.6
55.80858741,37.6134545,166.6
55.75191062,37.57920042,138.8
55.7469027,37.60230984,137.7
55.72520755,37.59246841,120.3
55.78354994,37.70614658,135.9
55.80412874,37.618032,163.5
55.81391088,37.63364857,158.2
55.7607193,37.64791055,161.6
55.78414966,37.5453664,159.8
55.78646563,37.55940508,162.7
55.71117677,37.58860165,156.2
55.8097614,37.68072654,145.1
55.68448087,37.60540056,153.4
55.77793536,37.65611025,151.1
55.7128544,37.5190468,182.7
55.76947416,37.57464156,154.6
55.75052314,37.54472369,127.4
55.70561071,37.56325851,162.9
55.74493467,37.5875861,145
55.80444641,37.58120098,169.2
55.80782701,37.59142658,164.5
55.77377633,37.57298995,151.1
55.70483575,37.62580756,126.5
55.73750822,37.49632706,142.4
55.68578873,37.64659009,118.7
55.78062872,37.59917313,161.9
55.70357576,37.55163934,184.1
55.71001218,37.51803206,178.8
55.75850757,37.59088149,154.7
55.72273373,37.61194778,137.6
55.69964986,37.61153664,130
55.79616695,37.55840096,177.9
55.69243306,37.58953406,167.5
55.72767733,37.69080378,143.1
55.75194288,37.64853233,143.3
55.69139181,37.6301201,120
55.68752628,37.62412859,134.9
55.76164539,37.50270716,124
55.75448253,37.63508989,132.7
55.72234282,37.51723476,132.6
55.74718064,37.56342536,134.2
55.77332644,37.73432167,157.8
55.76384135,37.53984581,139.6
55.77935751,37.58285076,158
55.68540505,37.64004718,120.2
55.69108608,37.64930171,128.3
55.77021891,37.55491454,155.2
55.699682,37.57969911,170.2
55.78687653,37.61421095,161.9
55.75629907,37.52665216,132.9
55.75393305,37.5171589,120
55.73322549,37.56199209,123.4
55.73070873,37.71062839,130.7
55.79330381,37.63559955,159.6
55.77952431,37.60653405,158
55.70359443,37.64854259,133
55.71864749,37.71906492,130.9
55.74280075,37.68698714,141
55.77066467,37.68675487,135.5
55.7468265,37.68845073,138.2
55.80547461,37.66933168,156.5
55.80426514,37.67497128,153
55.80228386,37.68244831,147.9
55.81902535,37.59244245,161
55.80959371,37.63525275,160.8
55.72814889,37.55197061,122
55.8114547,37.67205354,152.7
55.7728707,37.62535203,151.7
55.74931112,37.584917,141.4
55.69247703,37.57822137,169.2
55.69381228,37.65792546,122.3
55.82322972,37.62606036,161.5
55.73776181,37.65523802,139.4
55.79125806,37.64377972,154.9
55.70241451,37.57771705,169.4
55.7792733,37.62049133,145
55.95196701,40.13626498,164.8
56.38400173,39.27230255,214.8
55.39744754,39.77111486,130.9
54.66406318,37.30797382,244
55.44448445,35.12867013,220
55.36744876,39.0815949,155
55.62985144,38.01105419,131.4
55.16830127,36.4889075,169.1
54.38529132,37.06835294,218.5
56.28319873,35.6505752,153.4
56.73116289,39.40777263,167.9
55.16638816,36.23077708,187.6
56.36100972,39.47597243,196.2
56.40603618,35.4140442,151.5
57.02085676,37.71138907,122.5
55.7203741,35.2109923,244.7
55.52512306,36.17310781,197.5
54.47645308,37.66917729,226.1
56.04646983,38.37900839,164.8
56.00695845,38.69501812,139.7
56.09163283,35.72158172,171.6
55.63140099,38.26799032,143.8
55.01019478,39.24855243,103
56.84213977,37.18468607,141.4
56.7397408,38.92531329,170
55.54575896,39.55486013,127.9
54.50260695,38.03889007,254
55.27836995,37.00832539,207.9
55.82111468,36.66118868,216.1
55.17249079,37.25753326,180.7
56.3395116,38.06919829,249.4
56.01157517,36.41581534,298.1
55.84388276,35.4632074,242.1
56.30592984,37.09401721,151.5
55.67328653,38.10609075,150
55.88860255,37.75756936,159.7
54.84389825,37.05537648,241.2
55.03067685,38.92860849,121.6
55.33098162,38.30641242,163.6
56.14108715,39.41464555,178.8
55.96827109,36.18713841,256.3
56.01822739,38.73780432,154
56.17468747,36.79690677,221.5
54.84096623,36.32864057,156.4
55.3869157,36.83524721,209.6
56.97305573,38.8636015,187.2
56.00219576,38.41103927,165.2
55.20442916,39.33097131,120
55.44869173,38.60264575,107.8
56.11098871,35.50863244,199.3
55.03732928,39.09518118,102.6
55.16396906,36.69326807,179.7
55.17513545,37.89271279,188.9
54.57520126,38.18174221,216.2
56.82244059,38.11399412,137.5
55.50343222,38.31088437,106.3
56.27892976,39.45974415,173.5
57.0742912,38.17980569,131.4
55.40772752,36.75158504,197.6
55.85109627,35.79079298,187.6
55.27762172,37.068033,233.1
55.94956673,39.928362,135.4
56.2263598,39.47826251,146.8
55.82556251,39.39149177,112
55.81749087,38.10001514,162.1
55.65553168,38.97477367,114
54.45344316,37.67702097,261.3
56.70863477,39.45915434,144.6
56.18747842,35.27577632,188.2
55.29442104,36.01866557,223
56.9647548,38.49763438,149.6
55.05989409,39.08215606,101.2
56.7502959,35.81923941,139.2
56.26989379,36.34504928,180.3
55.6046115,39.41733788,146.3
56.78980191,36.49735736,133.9
55.98266322,36.92437919,202.3
55.98479866,39.00931812,132.2
56.28519047,35.9258053,136
55.83780105,35.35578749,265.7
55.49090995,35.94978228,218.2
55.69397152,37.31850944,196.4
56.75830871,37.36361732,137
55.78179589,36.50368902,202.4
56.63554092,37.19046685,129.8
55.03077685,37.29284438,137.6
56.03649942,38.22469651,165.6
55.35286387,35.58853103,266.8
56.4906057,37.02147825,119.1
55.71468832,37.69199887,134.6
56.66396273,38.901948,154.5
55.72330961,35.77316811,201
56.5893076,38.5999698,188.5
54.63676417,37.93892756,193.5
55.35701436,37.96310187,174.6
55.99633755,38.65850876,132.2
55.32688748,38.92068868,152
54.39978169,37.50344585,258.5
56.92486452,37.92587299,124
55.09544827,39.75667331,118.1
56.08149471,36.13001609,235.8
55.04712356,36.91652896,174.8
54.5223637,36.59170931,233.7
55.82079576,39.10403067,128.7
56.28262632,35.95103084,129.3
55.47532747,35.43860668,274
56.8426649,38.88092285,137.4
56.66440303,36.16239529,121.5
54.82177958,38.68916737,179.2
56.49039078,39.56631357,208.5
55.83172158,38.83448109,134.2
56.18168847,39.18911028,192.9
54.89717741,39.4801338,100.4
54.88191332,39.02073851,141.1
55.81678195,38.20270084,155.9
56.50817685,38.69632575,211.4
56.44669562,37.64735205,161.3
54.4943696,37.86301494,217.4
55.29598625,39.78138316,144.3
56.04648533,38.72639794,147.6
56.05192497,38.56233402,132.5
54.31229283,37.54983204,234
56.90902437,39.11323748,162.2
54.59104408,37.20723374,197.1
55.26728892,38.44164559,156.8
55.08175986,37.32751639,186.2
56.61053402,37.93336935,146.7
56.87889787,38.34237158,132.1
54.6897927,36.56008569,219.8
54.70568482,38.76706626,173
54.95350388,38.44324144,169.7
55.83631157,36.02901582,228.7
56.7784335,36.9070924,124.7
55.01654619,36.2893166,184.9
56.41640988,39.34761567,157.6
56.1275981,39.75063139,186.8
55.36446369,37.13162017,192.5
55.92050433,36.23501376,217.1
56.8084207,36.64806061,141.6
55.40972524,38.64209901,102.6
55.59825876,35.07316402,185.8
55.609736,38.55851707,158.1
55.8725726,39.85005892,102.2
54.5418941,37.91220486,243.1
56.39575188,36.63764069,150.4
56.66981802,37.49190695,136.5
55.91374339,36.39992868,205.1
56.26723203,36.15663413,173.1
54.97606674,39.36235556,122.1
56.75885329,37.48992378,136.6
54.53659197,38.95059153,143.6
55.9318177,35.8879066,215.8
56.02653008,39.42783072,166.6
56.55992861,38.17501155,232.8
55.72135317,36.50685721,233.9
55.59120189,39.61785599,116.9
56.00853463,39.60384637,126.4
55.56637995,38.12297466,116.5
56.05813629,39.15671272,152.8
55.81109364,35.108703,240
56.66324168,36.88182877,139.2
57.06358666,36.85328455,134.9
56.35299788,37.3795305,169.3
56.97071902,38.39030456,140.8
55.57049539,36.73805489,206.3
55.15920259,37.40865507,175.2
55.33281445,37.44640495,184.3
56.31603889,36.23674528,166.5
56.89945534,36.80109724,137.9
55.83759533,35.93186772,198.6
55.6652742,36.0296943,179.6
56.90620882,38.36834094,140.9
55.25610276,38.37131129,164.9
55.08148379,36.72892938,178.7
56.38595047,38.39695422,239
56.03751155,39.01926061,149.7
55.38464116,38.00474024,165.6
56.58715663,36.21659555,135
56.72605299,37.50074086,124
56.80968853,37.07431844,134.1
54.94444713,37.30363247,179.5
55.44743921,38.93539052,134
54.71632909,37.56402183,215.9
56.07340848,35.84056739,166
55.71891802,36.93722692,180.4
56.12300922,38.94712759,168.2
56.4125573,37.14582764,169.9
57.02127139,37.30220583,125
55.68560283,39.37368295,146.1
54.90021732,36.27774275,199.9
54.83525466,36.64420778,197.6
56.61161671,37.32320148,132.2
54.80495094,36.36886118,174
55.61237011,40.04117741,118.8
54.57940036,37.3357503,231.3
54.66535863,38.28068107,198.8
55.74514683,38.09893525,132.4
56.80494808,37.30744624,132.3
54.69733077,39.26512774,145
56.84768556,36.8342037,141.9
55.71729424,38.97618748,144.2
54.70493539,35.88839231,167.5
55.04374248,38.2313227,196.2
55.40010418,36.25307759,203.2
56.39482381,38.63169367,188.2
55.42483546,37.09706711,205.4
54.74312715,37.69679866,217.5
56.40317146,39.5454993,183.3
54.76997002,36.44948627,223.9
54.97108665,35.99111692,196.1
56.38026257,39.19926484,215.1
55.20806485,38.08316759,175.7
54.95669541,36.49163359,219.4
54.60920589,36.51513306,233.6
56.56082319,36.44514227,140
55.42208466,38.02388659,172.2
56.11478307,39.01688298,169.1
56.39485207,35.37713014,151.7
55.53509136,36.60970634,166
55.87693247,40.04218705,142
54.74613765,36.92059098,164
55.12235391,35.62917508,219.5
55.35564063,38.337996,123.4
55.15083236,38.57608461,157.2
55.58105716,36.72691712,195.2
56.27318856,38.55215526,157.4
56.2279288,39.92089002,141.7
56.90312359,38.0286395,124.8
55.91524774,37.65219823,183.9
56.72178894,35.77528249,157.6
56.08983538,39.16321755,149.7
55.03869988,36.84468243,185
54.98818474,38.05682844,195.7
56.78779127,38.23297842,143.6
56.4505283,38.9334358,206
56.03222122,39.17537443,139.4
55.58679943,39.08203818,122.9
56.06122487,39.53813291,139.7
56.2166813,38.11303315,195.9
55.15154942,35.60241151,238.1
56.0149059,39.00798039,159
55.8154954,35.9980923,186.4
55.67810235,38.07943272,155
56.20963732,38.52648558,158.8
56.66084819,36.51925068,120.3
55.88656664,39.94343976,101.7
55.18018058,36.28708849,187.1
56.16147069,35.99775688,152
55.51067689,39.12986617,150.1
56.61544826,36.27495886,128.2
54.69014569,38.77385721,169.2
55.77085252,39.00674759,117.2
55.90385218,37.54186049,182.9
56.69010785,36.57454612,143.5
57.06872685,38.58940375,221.6
56.4834318,37.32195654,156.8
55.41222725,37.72240261,138.1
55.54888346,38.98807201,131
54.92118732,36.09595827,198.3
55.27872172,39.65338636,154.4
55.04339847,39.4226816,124.1
54.6317331,37.78115705,235.8
55.636925,35.66791632,203.9
55.69072523,38.82469519,127.5
56.02973236,39.10645189,130.5
55.78510345,37.02124794,160
56.4356543,38.94865308,166.9
55.11782627,36.58660241,183.9
56.87109197,37.30881713,126.5
54.49291302,37.06101381,148.3
55.08950139,39.65410432,114
56.41390848,39.09665417,186.6
54.53927468,38.49338938,187
54.87670504,35.66708032,189
55.48793827,36.28618044,191.1
56.02885211,37.51422514,204.9
56.05558515,36.46733846,235.6
54.58571036,37.4933243,235.7
56.95679014,38.67011157,165.3
54.87478428,39.40445436,97.2
57.14579862,38.19913907,163.4
55.32037108,37.77139674,187.6
55.73355931,35.75626085,195
55.95885727,37.32369371,183.9
55.63952902,38.58310517,157.7
54.36457709,38.06112438,212.4
56.77836065,36.44053682,141.1
55.66732563,38.0202679,131.4
55.84588133,35.6058478,251.1
55.29847346,36.94696242,219.5
55.35120794,36.09384101,216.8
54.39465901,38.10430115,188.3
57.15135105,38.05921301,144.2
55.65410595,39.63449663,118
56.54443189,39.1098443,209.8
55.03412996,38.81375773,143.9
56.97742289,38.92240216,182.7
56.19540166,39.36692125,195.5
55.31905929,36.71365166,211.2
54.5380225,37.92425285,228.4
55.66109463,37.66829952,123.2
54.4351065,37.81117048,236.9
56.46419108,35.57423777,169.8
56.93104947,37.79688552,128.1
56.87795623,36.13200289,150.5
55.20242966,35.46817767,224.7
55.45137429,35.59050328,252.7
55.87214853,39.28658881,107.7
54.97314449,38.4151688,170.4
54.76395679,37.33328721,227.1
54.75563168,39.19836039,162.5
57.06722498,37.28500589,119
55.96193447,37.02495169,225.3
55.30233925,38.19837163,148.2
55.79240024,39.18369228,120.7
56.08071042,39.73267293,156
54.37697715,37.33336782,240.4
55.43819885,35.26428476,238.2
55.90346106,38.23912999,129.8
54.39451977,37.20922815,197.8
55.26629614,39.14834969,135.4
55.65893516,38.37679311,148.6
54.53115227,36.83611029,213.7
55.82337411,39.41442411,112
56.42884146,38.74414727,184.9
56.34088584,38.48865853,214.7
54.78297039,38.29334998,202.3
56.00141016,38.25748989,170
56.22242887,38.73532705,174.6
55.40502278,39.14454511,130.8
56.32493235,39.77053057,169
56.49842914,39.75019795,154.7
56.98016416,37.12991569,125.8
56.48546233,37.30672012,160.2
55.46465007,40.05484984,134
54.91763281,37.12415603,158.6
55.91377984,35.05712101,233.8
56.93397982,38.12449741,169.4
55.81009679,39.41204337,120
55.38373388,38.91838457,150.6
55.21450848,35.5561365,241.2
54.34598154,37.47259819,241.5
55.61698447,35.86950564,214.2
56.55885806,37.95500706,175.4
55.84937375,37.3098604,165.4
55.64669494,36.91026658,194.1
55.17790896,35.40516243,232
56.72702139,37.94091102,143
56.88076101,36.75832886,141.2
56.17404969,38.09316424,167
55.83463518,40.13444565,153.1
56.97421615,36.73528658,151.9
56.55400404,39.3505233,200.8
56.54653311,39.32012554,194.1
56.44148056,36.09370166,125
55.94904968,38.0529496,162.7
55.33461971,38.70419391,108.2
55.59083567,37.63491849,179.1
55.26562707,37.37980824,197.1
56.00407489,37.62450813,162.8
55.7084136,38.53794019,155.3
56.27613103,38.34670398,203.8
55.02695442,36.27881701,166.1
54.34854188,37.05075232,195
54.73368736,38.52859634,192.3
55.36770709,37.89895091,155
56.04207531,39.87850901,157.2
55.65327143,37.13675454,193.3
55.15172798,39.43373957,112
54.65150509,38.46598326,200.8
56.35290239,35.49787541,159.6
55.11561322,36.77658296,173.7
56.27984526,37.42875897,217.4
55.82010949,35.35297194,248.6
55.51478866,37.59595145,174
55.7028726,38.20586007,137.1
56.03344303,39.57730249,142.5
54.73226544,37.3590811,202.7
56.45227692,38.64172514,205.6
56.09724587,39.15788544,158.4
55.09878891,39.05076631,97
56.51095025,38.10230363,185.4
56.60108829,37.89485184,138
54.59676013,36.5296349,219.2
55.57232148,40.10988376,131.9
55.83853148,39.64907652,116.2
54.95714884,38.82916583,173.5
56.13328718,36.40859903,225.3
55.13847698,38.70392429,114.2
55.89543891,38.48276399,129.6
55.61507764,39.50868792,134
56.31354109,36.825384,196.1
55.36747035,38.30952735,160.8
55.39493042,38.58797173,100.4
56.83816912,37.2673291,134.6
55.51841472,37.72520627,148
55.4337666,35.46056213,267.6
54.5769432,38.10380978,212.4
55.86443665,37.31619266,190.9
56.71713188,37.84447805,127.7
54.41213046,37.72974282,250.5
55.82696313,38.41508111,154.9
56.09457677,40.12555422,104
57.02568476,36.44280692,139.9
56.15797074,35.40206604,187
55.95488905,38.96909272,132.1
54.78430744,36.20677453,170.3
55.58301735,37.30202485,203.4
55.09270733,39.19072098,110.6
55.83290237,38.1002521,142.4
55.53288873,39.45467966,130.4
55.49762255,35.7457118,196.7
55.23805807,38.08857247,170.6
55.72084523,38.60108217,144.7
54.86234923,35.88554012,172.3
55.10404699,39.19716463,102.9
55.91827379,35.85284834,210.9
56.01200649,36.29162827,256.9
56.3731644,36.28756608,137
56.06409009,37.5103677,223.7
55.45964561,39.78726922,122.6
55.3209583,36.5454688,208
56.07679974,36.92587676,172.2
56.90805927,36.04588394,133
56.25450079,39.33708306,212.2
54.99995257,35.71965516,193.3
55.48466519,35.84382127,220.5
55.10665905,39.86875316,121.4
56.09508061,39.29211424,164.9
56.33885263,38.02602797,227.8
54.96808536,38.99921235,127.7
55.08683959,35.79535704,230.1
56.61289019,35.52897234,163.7
55.89989508,39.97494447,104.9
56.57001801,39.39506621,179.6
55.8879489,36.64403374,202.6
56.84267342,38.49542182,143.2
55.54485288,36.48162075,203
55.56646062,36.08696016,170.5
55.22948393,39.58956563,125.6
55.55048218,36.34178629,214.3
55.82024642,37.55822688,177.6
54.49819801,37.62280069,224.2
55.14343484,37.76321897,208
57.08581118,37.82976412,114.2
55.92334473,37.73203921,174.5
55.63063011,36.78980102,206.1
55.60277809,36.48445892,204.6
55.75980286,39.52870975,117.1
56.55464297,38.32630203,233
54.95229513,37.18937352,179.2
55.35494692,36.18524164,160.2
56.24780959,38.6984481,173.9
56.15066315,35.34516365,207.6
57.11785667,37.83662911,121
56.85672385,36.71006139,127.5
56.48398327,37.72157028,155.5
55.82981504,38.9337909,140.2
55.27969666,35.58069893,248
54.91806378,38.97922187,156.2
56.94451155,36.46854508,145.5
56.02752642,36.03301385,243
55.85077682,37.67499593,146.9
56.30993185,39.72574428,211.5
56.15984738,39.20752239,203.6
54.67629583,38.93166098,147.5
55.76276253,35.60255444,238.9
54.6451621,38.95659305,174.1
56.85919221,37.13803397,142.1
56.34212262,36.49830784,216.9
56.81894806,37.41989181,126.6
56.25896206,36.16621419,172
54.59519763,37.36670246,191.6
56.10923287,35.72652883,161
55.64258265,36.9273235,206.6
55.6878609,39.89541038,112.2
55.85048162,39.28297605,116.8
56.37590136,37.37739008,135.7
55.10128037,38.62966542,142.5
56.24968037,38.80723277,169.3
55.01892029,37.24790396,166
55.81566834,37.98975829,172.3
54.56770789,38.28961554,208.7
55.04404569,37.53536678,185.3
54.65771808,38.92248099,184
55.62691616,36.37896249,179.8
55.38169345,35.76950407,196.6
54.79982335,38.39107742,160.7
55.98434932,36.93216849,208.1
54.5872276,38.35560722,185.6
55.55443759,35.10401901,210
55.03718462,37.07419365,178.9
56.6701531,39.42215551,161.5
56.71391979,38.89678257,137.6
56.1315435,38.15382678,193.4
55.38283855,39.10332195,138.8
55.33161532,40.02161737,120.9
55.23119203,37.02708904,194.5
57.07723175,38.28545267,126
55.23898427,36.60518585,189
56.15794055,36.78474813,195.8
55.310048,36.31436534,192
56.58229082,39.17327653,218.9
55.80000952,37.78869035,159.2
55.6656895,39.69676097,130.1
56.41167815,35.31100143,162.6
56.0948039,40.07753835,116
54.85065981,38.00878218,136.4
55.40705625,38.48331725,103.4
55.94151735,36.34188071,245.3
54.89944725,37.83786508,180.8
55.85916829,40.03106027,124.7
54.83810566,36.36990125,144.6
54.47445813,38.270502,209.7
56.02466822,37.55387024,181.9
55.96683855,35.6922981,240.6
56.09225022,37.5163137,183.7
56.23998377,36.29948936,226.4
55.76233603,40.14486763,125
56.33208823,37.55003686,156
55.2681411,37.46599882,172
56.47975462,36.66076628,169.2
54.5043648,36.98058393,210.3
55.13837484,37.29791658,176
55.95207702,37.85233432,140.1
55.31313518,36.91879406,190.2
55.19467262,35.34372396,226.2
55.47598352,36.55120946,192.9
55.44446879,39.40421135,128.3
56.23158352,39.58709574,208.8
54.96688229,37.10395276,184.7
54.79712986,37.44470931,142.4
55.58971597,38.71377171,143.4
55.23581698,36.55210093,202.2
56.17033815,36.50442068,246.4
56.76569733,38.98564806,168.9
56.4126562,36.41580792,135.1
55.15597528,36.89369262,165.7
55.0655834,37.64025516,156.8
55.97567663,37.01566989,234
56.20211097,37.23413704,263.4
56.48468761,35.82171311,132.8
55.29096254,39.74352236,151.1
56.91354259,37.97237778,132
56.49756973,37.83903693,174.5
56.67455142,38.2896921,149
54.77757926,36.02553538,165
55.17510298,38.01531503,201
56.2411983,36.64430505,233.8
56.37211975,36.40635016,163.5
56.76784231,35.81772518,134.2
57.09913673,37.04885888,138.9
55.93104098,39.62780531,118.1
56.39152283,38.24388417,222.8
55.6884515,39.23050654,150.4
55.870396,35.63975032,229.6
55.34396407,37.57636565,173.2
55.61459573,39.360978,137.3
55.91946144,39.82260317,133.5
56.59450909,39.57904567,155.9
56.6516505,38.80215671,197.6
54.5220826,37.09804477,179
56.01011963,38.0002242,190.2
55.16994737,36.08309853,218.4
54.98516768,39.76227469,113.1
55.4333671,38.29912044,127.5
56.24338752,39.33713428,211.5
55.79156428,35.63603929,214.3
56.02811681,39.53445963,133.9
56.39367143,35.83486148,150.8
55.13769067,36.26426092,173.9
55.4033873,36.66330341,199.8
55.43805154,37.30261408,146.5
55.7352176,35.70725876,221
55.8011863,37.35939971,125.3
54.83736296,37.87064248,148.3
55.14170515,38.17941891,179.1
55.26303599,37.89741511,179.2
57.03361253,37.50852074,115
55.47315863,35.79155209,242.5
56.86960219,39.07256969,163
55.8457312,36.06357692,242.6
55.77106712,39.50296258,120.9
56.57800821,39.72938368,145.1
56.71258857,38.13847197,132
54.77277465,36.02643161,176.3
56.03033748,36.9610866,211.2
55.41731162,39.07260227,156.5
54.97597148,37.0847475,184.2
56.26012366,36.57062984,264.7
55.96654714,38.61809074,148.3
55.73375379,36.49516221,218.6
54.6458844,38.5794202,158.5
55.13367849,39.0606169,115
55.61871125,39.995004,119.6
55.56776087,40.12425188,132.2
55.8990708,39.0552365,118.2
55.8946618,39.27089816,112.4
55.15325762,37.67710583,181.5
54.71608792,36.35559959,210.4
55.28730756,37.1567237,223.4
54.65164011,39.15099365,152.5
54.80764983,37.90260195,220.3
55.23787517,35.27230241,239
56.76219362,39.1161061,191.1
55.2888416,39.18925429,166
54.49860232,37.67090428,234.1
56.04036004,39.36109697,155.5
54.98783686,39.67961621,116.4
55.52816269,36.61355384,169.7
55.39329586,38.91416537,136.6
54.92707027,36.33876317,189.7
56.67176464,38.9797451,198.6
56.21621155,38.55134334,167.5
57.02676198,38.39093645,154.6
55.77696636,37.7203267,147.7
55.13306296,35.50560854,220.3
54.59044222,37.61853408,226.8
54.56119588,38.16855178,219.5
55.16426311,36.11400574,212.3
56.67346389,39.09395485,191.5
56.91710718,39.03343599,145
54.88566639,39.4063061,98
55.73757099,37.3622513,197.7
55.83411016,37.63188746,143
55.92356451,36.94089927,191.4
55.60193212,38.87626741,122.6
57.027497,37.58036022,117.4
55.10482016,37.40312063,192.2
54.56542974,36.90722871,225.3
56.35872868,36.23058419,157.9
56.03036714,37.76622192,157
55.69113954,35.91209089,188.1
55.92717145,39.94293924,99
56.29697168,36.9437308,211.9
56.78134018,37.14925381,127.6
55.75713602,38.0839691,147.6
55.54179016,35.47069148,253.4
56.26024981,36.62883189,249.9
55.92241896,38.53893565,140.2
55.41355423,38.40991903,104.1
56.18924418,35.2062213,204.6
56.06504568,36.01386745,243
56.19300675,38.55643546,174
56.0110777,36.07471675,266.5
55.11925915,38.89081128,151.1
57.07619124,38.64286544,223.3
56.75681025,39.06654933,199.8
55.93163053,35.93752547,207.8
56.08404968,35.23333813,230.3
54.68114283,38.14988231,205.2
56.33922763,37.34769427,156.1
56.8079891,35.97870061,131.8
56.76067871,37.29567662,129.4
56.36083774,37.92254934,219.7
55.46447425,36.623074,169
55.17305861,39.20165471,118.5
55.77816072,37.50229408,149.2
55.22988709,39.47908471,126.1
54.86061092,38.25579041,103.6
56.92714845,38.64800989,169.6
55.22834634,37.96300934,167.3
55.67810816,38.55117899,163.1
56.18641997,37.47368949,215
56.5637702,38.16759896,219.5
56.76672723,36.66480383,138
55.73985399,37.08163357,154.1
55.82753816,37.728667,166.1
56.27963636,39.68192652,184.7
56.66036342,35.80855308,177.6
54.97602426,39.52033629,123
56.07633979,38.44703763,160.6
54.70822625,37.41817769,213.3
57.00970771,37.12936253,138.5
56.05364839,36.53073935,234.5
56.27553606,37.39636398,225.4
55.35111891,37.089956,209.9
56.81132349,36.86349283,136.4
55.26012433,38.80960073,132.5
55.834111,35.20565523,245.5
56.35069007,38.6060798,168.8
55.45794239,38.31835376,113.5
55.20539211,37.38376058,178.7
55.42560681,39.268904,137.2
54.94688477,36.47017875,213.2
55.12133961,35.534584,211.3
54.92985306,37.42824034,167.2
54.7727773,35.92036791,157.8
55.50576884,37.52512095,167.2
55.65003361,39.99764295,125.4
55.14890253,37.09933476,188
55.84040736,36.5186398,212.3
55.66903802,35.64186639,184.1
54.49314719,37.30458069,219.5
55.68811983,36.58342769,187.3
54.8292379,36.19174095,194
55.13672415,36.06866337,201.8
54.64880037,36.92762477,245.9
55.98273267,39.09565362,126.2
56.86845318,37.79067366,130.2
55.60865439,36.48778118,193.4
54.51942613,36.36947941,146.7
55.83822472,35.76243853,194.8
55.34772851,38.15793513,145.6
55.7461727,35.38721412,229.2
56.42986567,37.67132555,202.9
56.12303249,39.50519766,135.7
56.83720704,37.82707893,133.2
56.43718615,38.77640521,169.1
56.78471722,38.36071871,124.8
55.70270376,40.17181558,152.4
55.5228252,37.14328817,174
57.00147415,36.66161722,140.6
56.00290543,37.26977522,217.9
55.19924095,38.9439485,153.3
55.76959433,39.95490665,115.5
56.84624891,38.68872205,142.3
55.38435337,36.76182332,178.5
56.70050699,39.586385,127.8
55.60518047,36.62983389,182.9
56.60685525,39.70165566,165.1
54.36495115,37.17141511,206.1
55.88494343,37.03032343,213.5
55.3539829,38.57522216,103
55.97554235,38.26854164,148.6
55.31508807,37.5464416,178
56.88568578,36.88981157,135
54.5634405,38.79470445,134.1
55.45098811,36.38757952,207.3
56.74277002,35.8782121,147.4
55.94464641,36.18557657,242.8
54.75860188,36.1611701,140.5
54.94994568,38.78797926,113.9
55.3048657,38.76422234,140.7
54.6063995,36.38650654,211.9
56.30555764,36.35692966,176
55.05198974,35.61521308,211.6
54.66449629,36.88589411,221.8
55.8866059,38.18758298,128.2
56.94753385,39.07904083,152.4
56.04520568,38.89304073,138
55.18350963,37.08647179,188.4
56.04648086,36.54982909,263.2
56.03254538,37.3397637,226
55.88233037,35.27603946,234.5
54.69908819,39.10960449,175.4
55.72163585,35.50716602,216
55.17846671,38.71768947,107.9
56.82459653,35.93324709,135.1
56.43153298,35.48430859,155.7
55.90258571,39.65381852,105.2
55.6812636,36.05258046,183.5
55.7688986,38.47600833,151.7
56.03457738,35.80707374,203.5
55.25048257,37.38487356,207.1
56.23357138,36.24567651,212.9
54.69196969,37.76827869,202.4
54.75035898,38.20297081,198.8
54.43139974,36.61740262,172.9
54.95016315,38.80230336,164
55.39534032,39.2218519,119
56.27277318,39.39496433,184.5
54.51036202,36.90518876,195
56.24067782,36.72618932,213.5
54.69763753,38.79057467,163.9
55.36239853,38.22503524,144.7
55.48393117,36.25068082,181.7
55.34905814,36.74807232,164
54.4014117,37.36062571,200.1
55.0678153,37.02931037,172.9
55.69338493,36.0264307,210.5
55.4991933,39.56888409,134
56.44989923,39.87284119,146
55.98712299,39.87241453,153
55.30445804,36.76497034,178.8
55.72541403,37.56220872,136
55.8518399,36.5367841,199.1
56.49264885,37.75275154,176.8
55.7769459,35.10619766,274.1
54.42956909,36.85460476,112.3
55.17161616,36.94468827,157.3
55.00614884,38.43470282,177.6
55.79480653,35.62694525,215.5
56.55475153,36.03695975,132.4
54.83747355,37.14679762,201.7
56.8408048,36.65212202,132.8
55.97086332,35.15421396,238
56.30838499,36.07750469,156.9
56.13545096,38.98739131,172.5
56.44160594,37.52184494,136.9
56.98211352,37.40291794,113.5
55.22353696,35.40203001,228.7
55.01349344,35.96648256,189
57.07643361,38.43182204,174.3
55.45977242,37.95493723,151.9
54.33279678,37.64921145,225.3
56.7838691,38.28686834,137
55.81971199,37.68767866,148.1
55.33804665,36.36328286,207.7
56.07184887,36.3243994,264.6
55.65859435,35.39311459,214.9
56.07064719,36.50100359,228.9
55.3674537,35.32021036,269.1
55.2922492,37.31921482,197.1
54.99198856,39.56578358,118.2
56.94486626,36.64051126,145.2
55.12853942,36.38546672,205.1
55.8654586,36.85569615,199.9
55.36721806,37.61871682,182
55.64700564,39.20076575,122.4
54.52482136,36.58623336,230
56.31421781,35.69441726,168.6
56.321436,38.26371623,229.8
56.97082999,37.48524085,112.3
57.11603575,37.66689536,110.3
55.37736803,39.62536771,145.4
55.22542356,35.54557003,248.7
56.92664453,38.72681429,167
56.28356438,36.95116597,192.9
55.80805367,37.91483143,163.1
54.41480535,37.31827013,238.7
56.01314748,37.85789942,163
56.14212161,36.07361642,176.1
55.04515476,38.22357805,181.9
56.91899694,38.90845305,190
55.05712843,35.38949589,243.2
55.13722497,35.51343099,227
56.77756734,39.44848274,173
54.72264063,35.92705786,178
55.56750724,36.93159468,192.4
56.24736994,38.64491128,164.2
56.3669196,35.97687597,146.4
56.59073108,37.94364277,145.6
55.12223089,36.78619019,191.4
56.55042466,38.65677305,229.4
55.49640297,36.02807242,209.3
55.29961363,36.17130983,162.3
55.35997412,38.00805326,155
56.08440906,38.97773367,158.2
55.606922,37.80038807,155.8
55.7493417,39.60480443,133.1
55.65781581,36.16942562,210
55.60729431,36.33670865,207.8
55.10574538,36.0119778,208.6
56.00117318,35.38246752,231.5
57.12031736,37.1698874,121.5
55.50330049,38.03244575,154.3
56.70104004,35.76903608,179.6
55.89994566,39.60059179,123.2
56.03111414,39.20090762,147.5
56.32367399,39.68856557,162.3
55.69164393,38.19197787,154.2
56.15987045,36.25804767,183.7
54.47732731,37.57530164,214.6
56.40871374,37.5901805,158.3
55.22115023,37.74523405,193.4
54.78868696,38.95504334,182.7
55.32119073,35.70784576,224
55.16560697,35.98784248,217.7
55.32405057,39.25876506,167.5
56.53730001,38.4601219,229.2
55.96691738,39.69223344,142
55.03575639,37.32811529,168
56.86681359,37.84027519,133.7
54.51443451,37.87842666,228.6
56.27178639,38.08329941,248.9
54.61615289,36.45499588,223.2
56.07206935,38.75410455,150.7
55.54540193,36.23651443,206.8
56.04366305,35.84502481,205
56.72767443,39.54120318,146.4
56.33680065,36.76231621,166.4
55.34848554,37.54431905,168
56.18518992,35.92208013,134.4
56.10973749,36.27184501,251.3
56.99444981,37.43122264,115.8
56.91023164,37.89363246,137.5
54.64553998,36.01755096,164.7
54.99855808,39.14043971,105.1
54.33335408,37.29751563,207.7
54.81555734,36.28911957,180.1
55.96349398,35.89509661,238
54.88202781,38.52266482,178.1
55.90525794,36.34947226,220.9
54.7976137,36.24178426,182.9
56.56939488,35.93640462,165
56.35533469,37.00317395,169.3
56.83763988,38.46260339,132.6
55.51067883,38.20807854,107
55.11432878,38.4725518,180.9
56.50662948,37.27846155,142.4
54.76802087,37.8295303,153.5
55.04602309,35.73620472,203.8
55.53760023,35.96328314,185.3
55.0362867,38.56117535,170.4
56.2706038,39.29402232,199.2
56.28140883,36.02072808,166.3
54.94419611,36.95840086,162.4
54.57952679,36.80269483,233.8
54.55474532,36.34503246,193
55.35234412,37.01196309,222
56.92346026,37.58457489,111.2
54.87797643,38.75924539,123.4
56.40911687,38.56648933,184
54.92664599,37.33015519,149.7
56.28595269,35.3440988,167.3
55.02614731,37.27886028,119
56.84739951,38.71433836,150.2
55.50927063,38.75536169,125.2
54.55461221,39.02676352,173.9
54.58023814,37.84497758,182.8
55.67879154,36.21967398,181.5
56.20300467,36.54593705,253.8
56.19182044,36.30938066,213.2
56.95891231,37.86256687,129.6
56.75025347,39.43241438,131.3
55.37131486,38.75558091,126.7
55.21503677,38.34437738,149.5
55.60798655,37.50700571,241
56.20230854,35.62373791,161.1
54.77398102,39.43946025,101
56.10250959,36.31845496,252.4
56.07198633,37.2548002,211.2
54.84056909,36.50021593,233.7
54.89711638,35.77287212,170.7
55.22656789,35.58550027,239.5
55.67829663,37.18059878,192.1
55.7839586,35.16937747,238
54.90246775,36.11716361,186.3
55.48641964,37.90462608,159.9
57.00307538,36.55292786,135.7
55.10692986,39.67834607,119.4
55.62412563,36.23827736,193.1
56.03168661,35.66312452,232
55.45904396,37.63142619,120.9
54.90888572,35.74665889,179.3
55.47806764,40.02349066,132.9
56.62670232,38.15852604,154.8
56.61692926,39.26900771,204.5
55.22872045,36.62589767,181.3
54.80325071,36.49777474,248
56.19985889,36.13997533,160.9
55.57862208,36.37335943,221.7
56.30962642,36.35310943,162.4
54.88866185,35.59907636,198.9
55.93882401,36.56588197,190.2
57.15734406,37.48913561,130.9
55.69489092,36.77073811,194.6
54.77155767,38.6439256,193.6
55.06831808,36.37191127,185.5
56.51682375,38.50464161,203.8
57.07863175,38.17307664,126.3
55.85768895,35.96942098,219.7
56.36736317,35.48333868,171.9
56.78318813,35.89257629,153.7
56.32236289,37.73846367,238.2
55.64180252,36.28489789,185.3
55.5586577,36.03728304,171.8
54.46746227,38.11772514,189.1
56.07192633,36.0456997,250.7
57.04835373,36.96243403,151.3
54.54710545,36.28291092,199
56.02421106,38.11476103,173.3
54.78108874,39.25975966,138.4
56.62309622,36.90920804,144.1
56.90527245,36.98406633,154
56.15264956,39.20486945,184.7
56.93345902,37.825676,128.2
56.7809765,36.08718898,151.7
56.65457132,38.37835628,161.3
55.47457393,37.49722557,138.3
56.95217662,38.77143855,165.4
56.31146295,38.58359621,198.4
55.52624357,37.73326634,161.2
55.09937795,37.10983513,124
56.09270046,38.50869542,150.3
54.97357421,39.23785523,100.3
55.67563402,38.4585497,167.5
55.75442668,38.42612207,135.7
56.33416451,37.15453189,211.4
55.62152751,35.91489349,187.5
54.75382407,39.43309899,103
55.80844626,35.60982449,249.3
56.33271717,38.40762023,199.9
56.74185366,35.76954018,143.1
55.82914448,39.13061921,125.8
55.21877965,39.05834275,166.2
55.80673353,38.66593344,125.7
54.71371414,36.86386729,174.7
56.45306082,36.03139346,125.7
56.48925825,39.02110691,188.8
54.77884434,36.39786974,235.1
56.80975912,35.98943105,132.2
55.09906174,37.52852227,144.4
55.87620338,37.45287754,171.3
54.90934523,35.86182663,175.1
55.52583013,35.65689437,259.4
55.66049185,35.35289862,220.2
54.92462285,38.47267606,193.4
56.57662508,38.87443144,212.3
56.21981727,36.79301597,225
55.3486553,38.25536053,138.3
57.09202548,37.67788114,110.5
56.88829145,37.78680162,122
56.28978831,37.12558245,154.1
54.9679036,39.68434839,125.2
55.23195991,37.51936829,191.3
55.46696419,36.60843214,168.1
54.96724428,38.54900169,172.3
55.48619304,37.76746588,121.9
56.11325799,37.71807314,188
54.93977837,36.95909531,153.1
54.63534518,36.49794785,199
55.16352131,37.96066678,182.3
54.74115908,38.27490808,202.5
56.21293992,35.83286748,141
55.8988452,36.7429849,192.3
55.86561106,38.45533438,134.8
55.4286851,38.96029486,134.8
57.03361589,37.39795203,124.6
56.36733355,38.0188376,200.7
54.97618579,37.89632647,199.6
55.19697514,37.51869579,195
56.20623062,38.41375475,185.5
55.99668908,39.49209884,153.2
55.66226415,38.54134053,156.9
56.61794546,35.54885575,169.1
56.16346135,35.48944941,173.8
55.58268836,35.92754846,192.5
54.9051969,38.58651029,159.7
54.39027836,37.41404076,254.7
54.97196174,39.71196525,123.2
55.13840513,35.67175961,236.7
55.48062632,37.9129725,160.1
56.01202648,38.50876704,151.5
55.0900366,37.37196978,183.9
55.54288673,38.06190414,157.9
55.78572992,35.57586155,244.9
56.12294421,39.17055223,166.9
55.64855232,36.58801852,151.3
55.97619016,38.89786834,140
56.24999991,35.46241857,158
55.4972343,35.24147199,240.3
55.36297819,35.31290203,246.9
56.61988848,36.08209589,120.1
57.0987226,37.44504473,125.2
56.39835557,35.57896005,169.3
56.08907004,40.08969284,115.7
56.58393244,35.62361634,153.7
57.02229118,37.6561289,118.5
56.85454512,36.59911588,143.2
56.1219698,36.16672971,172.6
55.01801594,38.94980473,137.6
55.40951867,36.41191965,212.3
54.98340822,37.42121769,193.4
55.97288955,36.19614776,244.6
55.10474451,38.39710847,162.9
56.35151556,37.43199811,185.9
56.27778347,35.59206075,153.9
54.89968366,39.16090778,149.1
55.79358574,36.62936839,221.6
55.52021955,39.91742611,117
56.153199,38.54247375,161.4
55.22385825,39.23712911,138
55.40488813,37.66906907,169.8
54.91771505,38.16622223,133.2
57.14844712,37.21525567,134.7
56.09179243,39.47287182,153.3
54.92891114,36.89201781,144.1
55.84022891,38.95654069,121.3
54.95953896,38.07638443,158.2
55.70459758,40.02539425,127.1
55.20511019,39.35089553,117.5
55.79155705,39.83722572,107.7
55.62225504,35.77102498,190.9
56.35353854,36.84388639,189.6
55.95496558,39.64839395,116.7
57.0125321,37.94434914,121
55.56630732,36.38144065,221.3
54.60616672,38.21423988,212
57.19895542,37.80379702,129.8
56.77149124,37.04285288,120
54.47004771,38.35443779,213
55.35408485,35.73782855,233
54.97660985,36.99890246,179.5
56.80039844,37.2086486,122.2
56.22112224,35.55392467,165.1
55.55856193,35.60712521,260
54.42104235,38.53349886,190.5
55.67846537,37.77740566,132.4
54.86092996,35.95830725,166.9
54.91273842,38.62100238,152.7
56.29863325,36.04603112,154.9
55.78571355,37.67194222,143.8
55.30619458,39.11418371,183
54.51516037,36.97339761,218.5
54.82947643,39.22220123,127.6
54.59548614,37.29547125,228.2
55.48193234,37.02615043,211.9
56.53806935,39.30108951,181.7
55.37098973,38.80514272,137.4
55.57090285,36.00231421,199.8
55.33596221,38.21985102,143.9
56.41099205,36.36308085,137.5
54.97477374,37.62008403,185.5
54.79236917,37.46282079,186.4
56.67626045,36.54542998,145.6
54.78412974,38.00784541,205.7
56.14309311,39.47640673,182
56.46746464,36.18082096,133.7
56.63965945,36.21419306,134.1
56.63900135,38.37235054,192.2
55.55279384,38.67215081,133
55.70304846,38.35493318,146.4
55.36252149,36.9159529,221.1
56.61641141,38.35197244,217.8
56.57402851,37.19733404,137.3
56.54353196,37.96505616,202.9
56.42945886,35.63407812,159.7
57.08682458,36.86276162,138.3
54.73363877,36.99465124,182.8
54.7805593,37.83616509,204.1
56.06944401,36.71803386,188
54.92983569,37.76736584,158.9
56.92188223,38.59277556,168.8
55.90244616,38.39527548,134.2
56.44947086,37.87263062,155
56.14305815,39.01996816,175.7
56.22573878,39.39255309,176.4
55.30967878,36.22529588,197
55.31427099,38.36492363,141.2
56.95524272,37.22696417,124.7
56.65838525,37.76881302,123.8
54.97539714,38.78555995,106.2
55.8690444,35.16706849,246
55.80722097,40.1640395,156.2
54.54778612,37.3391591,198.1
55.64658739,40.00273793,124
55.98046663,38.66413068,133.4
57.14520227,38.10424087,155.9
56.29432729,38.27905481,234.8
55.5837814,37.62456713,172.2
55.36808658,37.79788184,180.1
54.55979685,37.32136534,234.3
55.90220165,37.28786662,188.7
55.83484541,35.15453004,250
56.12200512,38.60376751,158.6
55.38911332,38.47708162,102.8
56.20172145,39.67391593,198.7
56.18223256,37.46454541,215.2
54.70423683,36.9386141,189.5
55.07012038,36.54562829,156.7
55.94186542,36.16155051,238
56.52728822,37.43845103,149.6
55.41485456,38.02848667,173.4
55.58268828,37.77929351,167.8
54.45897541,38.46764065,135.4
55.00202232,37.51363699,195.2
54.74337231,37.69125698,220.2
54.342613,37.58007652,260.3
55.95216973,39.16276592,138.4
55.64590949,35.66687198,199.3
54.87801641,39.51117818,99.8
55.04761076,39.24886357,101.3
56.06788252,36.15229138,226.8
56.65039415,36.13238473,125
55.60281827,37.52035412,225.5
55.82643934,39.16882493,124.4
56.81910696,36.63822758,132.2
54.82470534,38.3621718,216.3
56.60129406,39.27837605,169.3
55.24609768,37.87318403,179.8
54.83195003,37.16933601,187.6
56.19991193,38.84216767,140.9
55.01674334,38.13064996,144.5
56.04866491,35.48978627,222.8
56.08608848,39.67866,158.1
56.46230642,37.47999536,133.2
56.12019886,35.25466173,221
56.15062048,39.9597429,131
56.24389847,39.65708126,202.9
54.55817152,38.0613629,238
55.22104336,36.87951495,190.2
56.49949223,36.82331994,170.2
55.73753674,39.75920505,126
54.64686694,37.97289359,214.6
56.98241384,37.47672972,109
55.71519635,39.74593367,122.6
56.18924753,36.56774229,256.5
55.17261104,39.53831978,114.8
55.48952328,35.32724355,277.9
56.00791885,38.35472413,146.6
54.77898602,35.99922411,169.5
54.85325011,37.37626585,169.6
55.82360931,36.41696607,220.1
55.87105537,35.0535786,209
57.0023516,38.35788498,151.7
54.68492888,38.37672992,175.3
56.10791262,35.54787792,177.3
56.18154784,35.39507264,181.7
55.49966662,39.70944423,139.8
55.91265236,39.60996068,108.2
55.73115909,35.86427241,204.8
55.74343629,35.16292502,266.1
56.57580792,38.23178241,249
54.64557838,37.73961214,234.7
56.3369131,36.8591095,228.4
55.73572691,39.17609024,130.7
55.39121153,37.19855374,196.5
56.1164687,37.71603671,194
55.5188803,38.90865138,116.4
55.65474059,38.93173914,119.6
56.86023153,39.25703163,158.9
55.18547065,38.67370626,123.4
56.53825241,38.17719346,150
55.73069559,39.26464956,162
55.02620573,38.65043467,156.1
55.8751539,35.07943424,209
54.93518309,35.75938231,154.2
56.30738471,38.2559589,209.8
56.77947155,37.03806092,120
55.95254409,40.00583546,110.2
55.46536986,35.89183591,221.4
55.73919539,39.48703911,116.2
56.18248821,37.74279164,234.3
54.46590983,37.6268081,214.3
55.27708111,36.96543928,187.4
56.13256679,36.85691946,163.8
55.51015924,36.55619646,186.4
55.92373318,36.91913876,201.7
55.30957782,38.39864307,147.6
55.50842579,37.03033122,204
56.23802762,35.61591715,155.3
56.95071769,38.59076837,168.8
56.84400725,36.26672555,145.8
55.07700051,36.06348961,179.3
55.31558566,39.33846539,137.3
54.81075491,39.1425952,167.3
55.82725584,35.13409976,236.1
56.96018178,38.31091435,160.2
55.33190347,35.91905781,205.1
54.55994852,36.47959191,214
56.28914295,38.89395933,173.4
56.45241377,36.07737055,132.9
55.9487074,36.72971876,176.8
55.72279891,35.8032788,202
57.08610649,37.63969468,125.2
54.92854622,36.01396007,198.7
56.62253818,37.33551355,138.8
55.48738286,36.07973589,197.3
54.76831129,36.2313945,155.1
55.67646698,38.85824325,136
55.34705841,35.38739879,267
56.57326027,37.15113953,124.3
54.64860229,38.34808242,171.4
56.25026918,35.46288888,158.2
55.58763813,35.44890306,256.7
56.77318302,39.05380023,189.8
54.54610629,37.02898198,193.5
55.60455117,36.46305691,192.9
56.85079789,38.24074628,149.9
54.69088184,36.33356206,232.4
55.55081555,38.13591721,110
56.30673968,39.3947457,141.1
55.52945988,37.38096473,140.3
55.67270135,39.96237767,119
54.92069856,39.28170438,101
54.45507212,36.69534743,202.1
55.97073857,37.30587472,177.8
57.0709767,38.41186313,171
56.26824279,36.0542633,152.5
54.42352271,36.76110478,204.2
55.06428586,38.2535313,167.8
55.57215073,38.78394184,127.9
56.49981062,36.82916003,161.9
54.91109554,36.76579904,202.1
56.4098502,37.52162104,183.8
55.72528502,37.38169631,175.8
56.64208847,38.41027019,198.9
55.94025773,39.40172011,143
55.11668468,36.96546121,149.3
56.66624128,37.81025731,124.6
56.29065928,36.9162354,175.1
55.12808954,39.90550928,117
56.35567746,36.1705889,152.6
55.13935237,39.62545062,115.5
55.82433993,37.76608699,160.3
55.33591093,36.26614024,182.5
56.34935838,36.85716845,190
56.44557194,38.3197775,207.6
54.69302021,36.94857681,220.3
56.10727431,39.18012005,157.4
55.37973221,38.51532664,109.1
55.05601969,37.37557957,191.1
56.75279881,36.9948572,136.3
56.2013972,37.30364487,218.6
54.85311034,37.94351052,117
54.85455466,36.31305593,186.2
55.96583785,35.59797914,218.1
56.20658382,37.07820034,254.8
55.94851091,38.54258523,149.4
54.75251803,36.34794339,220.6
55.88702805,37.63387919,158.7
56.75727803,37.2838028,126.8
56.13752472,37.08008102,243.6
55.90477515,37.73692495,148.2
56.09224561,35.68018371,178.3
55.30676774,39.16786334,162.1
56.18460055,38.46412432,178.8
54.64421857,37.34415627,228.5
56.56458928,36.96569918,147.5
55.07856346,37.50983662,183.4
56.60527909,39.31533136,172.2
56.08768538,36.10006749,253.4
56.0473464,37.56288085,196.1
56.11158792,39.78755762,175.4
57.01742917,38.62369444,182.5
55.02682548,36.95354913,173
55.77783668,36.36527507,224.3
54.93445268,35.64641743,219.4
56.1626875,35.31550186,201
56.93596479,37.90866815,126.5
56.70047524,37.69030348,131
56.53139206,38.31362516,194.8
55.24208289,36.64054871,196.7
56.10776733,39.65420986,156.4
55.24013679,35.91606261,220
54.97090266,37.03040791,183
55.92192945,35.98212935,226.5
56.23424909,36.11485757,140.1
56.7300859,37.97936085,140.6
55.31397992,39.3388285,134.4
56.20214183,39.07302358,202.2
56.23023254,35.58547902,157.2
56.59311945,36.62184702,137.4
55.57799236,39.85831989,130.3
54.40604472,37.55587511,257.8
54.6360507,36.81876711,237
55.94873163,39.13187883,124.7
55.0236303,38.7770886,142.7
55.22669172,39.36055848,113
55.7623412,36.31217762,233.6
54.53114719,36.89284359,161.2
54.64004912,38.70913989,202.3
55.32878892,36.04977606,219
56.81516182,38.30566907,133.9
55.07107548,37.65345499,134.1
56.67956645,38.1786605,127
55.1257519,39.70496454,126.3
54.85986666,37.02852146,237
56.19675904,39.69681934,209.2
56.4635605,37.06639228,133.3
54.90323206,36.20767043,203.6
55.81329422,36.66292544,231.7
54.3927428,38.04525281,222.3
55.10513894,38.54995737,157.9
55.60031004,36.25708419,180.9
56.61865883,37.3500675,134.8
56.19773726,37.61916853,190.4
56.4446292,39.43543109,200.9
54.43015475,37.8953766,239.8
56.72701457,37.27731501,134.7
56.53647184,37.05509079,127
55.78425905,36.86514647,203.2
55.28314153,39.34702381,131.3
56.55756477,35.71304432,151.7
55.11081467,38.95973309,143.3
55.57278008,35.46267701,263.5
56.31958117,37.77258371,212.1
56.58715075,38.9294974,225.2
55.71838532,37.13348343,166.9
54.84875348,36.89533757,232.5
55.99732795,35.30722642,237
55.87634545,38.47311724,127.9
55.72141461,38.391429,145.8
55.92699723,37.45316252,192.6
57.01343975,36.81213729,139.1
54.82807017,36.56022808,219
54.90969948,38.52578677,166.4
55.50283928,38.17125965,144.3
56.31083194,39.23500301,183.4
54.63554104,36.42936288,249.7
55.20603983,37.46644468,200.4
55.94421875,38.82322292,132.6
55.88094998,39.58705871,127.2
55.31611992,39.31114647,135
54.96323502,38.79036473,126.9
54.61761151,36.51635544,217.3
55.50381987,37.85098521,126.6
55.68918255,37.42070091,168.1
55.96525075,37.70682855,176.3
56.01149008,39.94562874,115.6
56.51780919,37.1940051,126.5
56.97867372,37.28212572,121.2
54.46816471,38.29230763,193.8
55.06694911,36.40260573,211.1
56.30281517,36.03013521,145.2
55.61432995,36.45313121,148.6
56.70325523,37.07087791,138.9
55.18720886,36.67877154,154.3
55.24939973,36.1080437,200.8
56.77851596,39.1156834,174.7
54.86644341,35.99159637,175.5
56.45150451,36.9438769,127
56.05194286,35.95461362,189.6
56.1719876,38.49221648,145.6
56.64768072,37.7779126,137.1
55.86277153,37.89098559,177.6
55.33783599,36.69400532,181.5
55.25835499,36.24349039,210.4
56.0237901,37.39545379,219
56.29365872,39.30737728,212.4
55.85336068,39.12582511,111.6
54.89341586,37.34716727,111.3
57.1438801,37.94183843,123
54.51144019,36.55969854,217.9
54.34452493,37.09563431,204.9
56.3721818,36.48600912,148.3
55.0324731,37.96056984,167.2
56.93833369,37.83640207,130
57.13707921,37.08150311,134
55.72373505,36.55981293,226.7
56.08120627,36.9109253,190.5
55.6210447,36.0063267,174
55.7569028,38.17869744,139.1
55.99543248,39.41830174,168.7
56.3985905,37.91356587,234
54.66365777,38.92856868,187.3
56.84728656,37.85277365,126.8
55.48444625,35.98431058,210.1
54.64463317,37.35741022,249.3
55.71797278,35.23870601,242.5
54.63329178,38.14602883,202.7
56.69361445,36.68056208,138
54.81377271,38.44160438,193.8
54.48471624,36.81701172,244.4
56.61330022,37.7456411,123.1
55.65171148,37.06964822,196.1
54.95078659,39.51879395,123
55.57740796,38.08308737,107
55.00687014,36.90305678,150.5
55.66494227,35.99488801,176.9
54.85017741,38.70528527,174
56.28627235,39.12761225,204.3
56.05458454,35.20054713,227.6
56.55179523,35.91775358,145.5
54.90837473,39.3863355,98.5
54.59258532,38.64546862,145.2
56.86088864,38.55142151,148.8
55.03519819,36.43507513,190.2
56.77038239,38.75833992,134
55.24004466,35.51714773,230.4
55.78435438,37.39481114,151
56.20729999,37.82025878,220.5
55.31881901,38.21015121,143.6
56.82233582,36.0488174,142.5
55.09305781,36.65836035,166.5
55.49345314,35.31460209,270.9
55.29828353,37.46254769,197
56.81199423,38.73112372,140
55.08085673,35.80606764,210.9
56.34159693,37.13263503,209.7
55.70714786,38.77301005,124.9
57.12948113,36.9118585,139
56.89459009,38.01249052,121.8
56.4521201,38.81097687,191.2
54.6657477,38.25484354,191.5
56.69775311,37.24593293,120.9
55.85955025,39.01157904,124
55.90011224,38.82995155,137.5
54.72761181,38.62680325,172.9
56.5407418,37.99042102,206.6
54.53526392,38.47464845,194
56.78631703,36.78582161,120
54.90636873,38.86086522,173.2
56.34161478,39.88812972,163.8
56.34999576,37.02928124,159.7
55.9818932,37.26372585,197.5
55.10387797,36.33007862,158.4
56.38498185,36.73614086,161.3
56.64929787,36.04340503,124
54.79996618,38.4343982,182.2
55.82216676,39.67577248,110
56.48693185,36.40181568,155.9
56.70179216,36.04019562,149
54.63957081,38.40108351,201.5
56.91160206,37.57660408,134.5
56.13993798,36.96412436,188.6
56.72472024,36.37817945,139.8
55.43000053,38.18027848,120.3
56.37934042,36.88210611,136.5
54.85230159,37.53272752,110
55.96487594,37.85289198,156.8
55.50019613,37.62140143,180.7
55.54997246,37.65364239,158
54.71174898,38.97666961,158.4
55.80285319,35.37493866,233.3
55.01094798,37.50587498,190.4
55.10529436,36.88199669,184.1
54.9547152,37.03385929,172.7
56.08049512,39.08441177,133.9
54.9046026,36.39077358,154.9
54.66909369,39.23451983,136.6
54.78791007,36.53407501,236.1
56.91066461,36.28542526,137
55.97050848,39.99259364,110
55.9934787,37.12946454,227.1
55.49217222,35.77106639,241.9
56.30854725,38.09281388,234.9
54.36810659,38.09913604,209.4
54.91897479,36.08408131,188.2
54.68045187,37.58617919,187.9
56.27915262,37.10877122,206.5
56.0364844,35.77604458,228.1
56.71848179,37.68538937,137
56.62122239,39.28375281,171.6
55.41568886,39.47891691,140
54.66345383,38.19585343,209.3
55.12428757,35.43069633,231.3
55.76916348,38.62079984,136.6
55.90387525,39.44020796,106
55.07679295,37.9441504,186.6
56.00729346,35.20119787,246.4
55.73749314,36.65955756,187.4
54.42863889,37.11055724,162.3
56.13959493,39.73659727,189.4
56.54991496,37.24342462,152.1
55.71332563,38.14494747,127.8
56.31132636,36.52293689,215.8
54.93281895,38.39719878,188.7
54.50119824,36.91545429,223.1
55.24612154,35.94593219,218.1
56.34227049,38.40375026,200.2
55.88054782,35.24489665,262.8
54.37350324,37.73346266,253.3
55.02538912,37.98845177,187.5
54.89544389,38.70701278,153.9
56.04594263,35.35808066,224.9
55.45292894,37.86685781,179.2
55.54841352,38.82302957,129.3
55.12466638,38.77074703,105.1
56.55337686,39.46290024,212.5
56.83185832,37.23736302,125.4
55.9184604,39.00008261,143.4
57.00823242,37.66098829,124.2
56.06824756,36.0480585,253.8
54.93213736,37.014936,157.7
55.39622593,38.23006429,150.6
54.60973349,37.06991625,208.4
55.25587914,37.93384175,174.2
56.46679721,39.14784852,194.1
56.34213466,35.26011774,166.2
54.73965562,39.10906547,200.3
55.84225755,37.87760329,169.6
55.54551774,37.51757845,185
55.03481601,39.52799765,117.4
56.01726208,35.22717093,221.7
55.70611143,36.96822388,194
55.64368555,37.78026727,115
55.16886698,36.56136261,163.8
56.72059389,37.24989713,127
56.36383164,38.13092647,230.8
56.65552501,39.55125787,147.1
55.20107563,37.7101061,185.1
54.92663517,36.13189371,203.7
55.93460396,35.32420026,211.5
56.14031938,36.84384474,172.7
55.48750437,38.72316623,146.2
56.15292861,36.90312179,182.3
56.23726736,35.2666813,175.9
55.49372369,36.79035195,222.8
55.04739511,38.06904915,137.2
54.61970052,37.9875572,210.6
54.81747438,36.03615206,171.4
54.49162637,37.10579331,134.7
56.41028498,36.43949856,156.4
56.4354147,38.69092132,207.7
55.45048906,38.57187625,133.9
55.3504033,36.29339961,193.5
55.47676559,38.82082736,143.2
55.37878566,37.24511228,199.3
56.3573546,39.32613741,210.4
56.56638291,36.24780413,120.2
54.91868848,38.3805605,172.2
56.66370513,37.54827872,141.8
55.28886414,39.31006775,130.4
54.86497207,36.57031783,166.1
57.05886783,36.88674939,131.2
54.68332021,36.88009736,184.6
56.77152912,38.42369854,134.6
56.7238254,39.029996,178.9
56.74742503,39.46670874,127.6
54.35048163,37.5857954,249.9
56.78465254,38.71517797,153
56.05869582,39.55334707,161.6
56.11845956,38.28623537,196.3
55.26167601,36.40640271,207.5
55.64952471,35.10906172,237.6
55.4332529,38.28323636,106
55.57035115,38.47643382,135.5
55.23345096,36.5119084,185.9
56.45746502,39.81167616,185.3
56.30431971,36.91773637,217.1
54.52962832,36.49477083,189.6
57.05296483,37.98724576,119.6
56.34028648,39.03622475,167.3
55.07767481,37.50413745,196
54.80279229,37.61842038,212.9
54.93324329,36.95797309,146.4
56.02822307,38.29491762,145
55.53728908,37.19500361,183.1
55.90906566,37.98889676,147
55.58867992,36.33620043,191.5
55.92390596,36.44597106,226.7
56.50480765,35.72476171,138.1
54.90890181,36.70851791,226.8
55.39213978,38.98381852,142.3
55.44210216,36.79186954,213
56.95549729,38.42950326,148.5
56.64525591,38.75513622,186.9
57.10371453,37.79584808,117.4
55.92011869,36.93819405,203.5
55.93667307,38.04039526,165.9
56.71740205,38.89677007,136.8
55.63953161,39.92417686,126.2
55.44714708,38.82459593,143.9
55.5861207,35.4934603,239.7
56.36207767,35.31549232,161.1
55.8541074,37.45308124,171.6
54.71562617,36.60021289,226.8
56.0136965,37.8523037,155.2
56.00933305,37.81031672,143
56.23392715,35.66920118,147
56.22100322,38.47797699,176.9
57.16888411,37.95654537,116
54.93455316,38.34503238,190.6
54.73776645,35.88127644,187.6
56.94184811,38.79290466,167.1
55.5978433,36.54453052,162
55.58912137,36.19353877,211.5
55.46931564,38.27914578,133
55.95914355,36.53547963,212.9
55.97979337,37.72548479,151.2
55.31893552,36.36667257,173.3
56.26659076,35.99653148,145.4
55.39208402,39.71266493,155
56.25461518,35.63421969,152.4
55.79590097,39.95427484,117.4
56.36232195,39.56629499,192.7
55.44463233,39.50207955,131.8
54.94278511,38.80513633,173.8
56.27351024,39.50205594,192.1
54.7859728,36.92473879,220
54.78024137,36.93821716,205.1
56.72956678,36.63165185,154.6
54.5588789,38.33427351,183.4
54.49951226,37.19771143,240.4
55.34314514,37.42929809,174.2
55.96245869,35.43877055,207.3
56.74545607,37.09322962,120
55.68531597,37.76069113,134.7
54.80739758,38.05824785,189.8
55.51744447,35.67271412,250.2
56.81806956,37.15636933,145.1
55.07456886,38.48736168,178.4
55.47122702,36.85907363,210.4
56.3417253,35.99723324,132.9
56.67487843,39.47400064,162.5
55.78460873,37.15608036,193.3
56.35300582,39.54353459,203.1
56.86626947,36.20910299,147.5
55.80126417,37.64276717,164.5
56.55019469,36.46956938,152.8
54.92088135,37.00836365,152.5
55.41907307,35.70423316,233.6
56.86389104,38.75362719,168
55.08880971,37.69455509,165.6
56.18580849,35.29902841,185
56.35887277,37.01283165,161.3
54.62069374,38.3968686,176
55.14311248,39.40595401,110.1
56.17326767,36.85844012,208.3
56.25184027,36.14278722,169.8
56.49703399,35.54652762,142.1
54.81442315,38.7275429,166.5
56.35611763,37.31515545,203.5
56.86265116,37.69670777,135.3
54.77237366,39.34257988,118
54.38053955,37.1148681,162
56.6541186,39.35085577,160
55.6744355,39.78650051,110.8
55.54846099,36.45385804,221.8
55.85437826,36.11783244,249.5
56.50399828,39.59073187,190.2
55.4862684,39.52580326,131.7
55.63099695,35.1415286,231.7
55.7810333,36.23866103,184.4
55.61264854,38.24876412,148.6
55.62449705,36.78092573,221.9
56.28370838,38.04953361,232.9
54.55069231,38.64750246,185
55.22186786,35.7955092,214.3
56.84990808,37.92722135,127.7
54.43838956,37.87110722,236.2
54.63727101,39.02089509,184.8
55.99302601,39.97221802,99.5
56.28818273,36.96586912,183.9
55.35593562,37.10235054,210.7
54.41395717,37.21620972,184.2
56.14118522,39.81355218,167
55.28721304,37.06680174,237.3
54.58527491,37.65367986,249.5
55.91204483,38.91064707,136.7
56.7687624,39.06303583,179
56.18021985,37.73941797,227
56.91018405,38.52286312,151.1
55.46287568,37.26919406,197.6
56.58115152,39.23960294,199.5
55.58601028,38.25860828,124
55.2651348,38.83814953,146
56.95364866,38.33963398,164.8
55.03234855,36.1949068,183.4
54.88256154,37.95401272,148.3
56.33187629,36.22905614,167.8
54.3768762,37.07678356,225
55.46056068,37.85567225,161.7
55.65941555,36.80563977,193.1
55.08760678,38.35588485,173.1
56.14246395,39.35214404,228.6
55.8545392,36.37738626,229.4
55.41940682,37.42000359,176.5
55.92772737,36.72403619,207.2
55.65143004,39.81540698,115
54.56206084,37.96419464,236.6
55.23838293,35.25395245,229.2
54.53783814,37.16355114,223.7
56.83528895,35.93196125,133.2
56.38563806,36.83292653,156.2
56.16315066,35.27410244,204.5
56.80504592,37.00472582,128.4
54.85428296,36.72047172,235.3
54.63253804,38.4983547,182.4
54.44234597,36.60662446,186
54.90689403,39.47586515,117.3
55.98133967,38.41263489,152.6
55.0656566,39.20309361,100.5
56.64261296,37.50141011,136.1
56.39744687,36.93350888,167.6
54.7737707,39.47526863,108.1
55.61459016,39.58487836,121.2
55.11397704,37.70827015,189.2
55.27959667,38.50093083,146.4
55.70937372,38.42407646,159.8
56.83803194,36.79350591,140.8
55.4214208,37.69111839,159.7
55.61352427,39.84832729,129
55.56535323,38.82489481,137.7
54.67660842,36.88439314,183.5
54.93545608,39.51846326,128.6
55.98775941,39.46634496,169.7
55.42422734,39.74522063,135.1
56.23224597,38.50114195,177.2
55.79846238,37.10346036,141.4
55.07702362,38.69699568,159.3
55.10110632,37.16711071,178.8
56.10809296,39.52278058,153.5
55.45555899,36.67527446,178.2
56.61719905,37.20831355,134.6
56.0069382,36.23097544,226.3
56.47155768,37.62035647,137.3
55.05617178,35.76867571,217.4
56.69794531,38.96411136,208.3
55.84195094,39.66293016,114.6
55.6705526,37.73589626,130
55.96234621,38.66392808,137.1
54.5430935,38.63102869,182.6
56.85134894,37.46597537,124.6
56.95616668,37.10729444,129
56.54652995,36.30588476,136.2
55.45644384,35.8697114,231.2
55.8763816,36.64467393,181.5
56.5790639,38.34910342,240.7
55.25428396,38.24113641,142.6
56.22335902,39.6034415,187.8
55.29735159,37.41308637,190.4
54.47004688,36.56612343,214.8
55.37028746,35.92011887,207.8
56.52218403,36.49039308,145.6
56.72601543,37.74238243,134
55.62440689,36.13801608,214.1
55.55085569,37.32978451,151.9
54.90612653,38.16559672,164.8
54.39037185,37.47553906,232.1
56.0519194,36.85369597,184.7
54.74931926,36.69754271,220.7
55.8736414,38.91407081,125.1
55.36571403,35.42885706,249.8
56.51746764,39.19745004,198.1
55.98189877,37.01019665,219.8
56.67478391,36.84852033,134.4
56.08934266,39.98057782,117.1
55.19469232,37.21621348,184
55.42819816,38.25072876,121.8
56.03936479,35.89270682,177.8
55.47893459,39.06174303,144.5
55.28248874,39.38025225,128
55.52570493,36.49685988,192.7
55.97491989,37.34767006,199
55.44094042,35.27995769,243
55.36517799,38.45690773,139.3
55.98574756,39.71945521,131.3
55.08923243,37.96643797,178.5
56.48381906,35.4662997,164.4
54.94334228,35.56119538,200
56.51328853,36.11306057,123.2
55.43155715,36.2554723,179.1
56.2001825,36.24565306,213.8
55.63606903,39.98220883,119.1
55.88056457,38.96015618,123.7
56.3394376,38.81905072,191.3
54.6934675,37.23097299,115.3
55.41481399,35.96135811,217.2
55.41367846,36.06802083,171
56.24277469,35.20751299,202.7
54.47238233,38.77540999,125.1
56.32023243,35.58870905,159.4
56.05928417,38.85967135,146
55.47890107,38.14079356,141
54.92058277,38.46312155,190
56.27895827,36.99236064,209
54.92825395,39.54332528,126.1
55.60492732,35.26128957,234.7
55.8720497,39.07677066,115.7
55.44540094,37.15581132,194.8
55.31433895,35.48083545,266.3
56.25704969,38.76803597,159.5
56.12589984,36.21544511,234
55.99093883,37.95554208,173.5
56.6840384,38.94557871,176.7
55.91877615,35.67421307,198.5
54.962775,39.1897767,134.4
56.16375544,35.19632778,206.8
56.91687583,36.30514772,140.2
55.9372311,38.27022502,165.4
57.12612354,37.15357945,120.1
56.32748446,37.35370775,203
55.90444533,39.04138907,130.6
56.20785341,35.16222219,198.4
56.57097357,35.61364223,149.7
55.65604655,37.09301086,208
55.98308175,38.67725026,128.3
56.61167917,36.55876679,121.1
54.62214424,36.20028945,200.3
56.78552098,36.69769728,137.2
56.78111685,37.56101219,126.8
55.78946789,39.59131813,125.1
54.68319255,36.4503284,235.9
56.15519767,36.72085122,190.4
55.66048317,36.17444862,205
55.34742479,36.30041953,177.4
56.09076921,35.21063324,235.9
56.36494771,38.86213796,184.4
56.16518869,38.83632728,150.5
55.68907725,36.38744373,220.2
55.50548713,38.21751408,106
55.77014159,37.71864949,148.2
56.42918153,36.10209266,147
56.7761281,39.31060301,166
56.19511136,38.4334913,184.9
56.38325306,39.04789092,162.9
55.48413687,38.89795434,135.4
55.8441423,35.63927557,225.1
55.38178439,35.47306291,270.1
54.73174731,36.65146074,218.2
56.18668522,36.41728799,220.3
54.64435105,36.1373203,221.8
55.9006714,36.23439125,259.2
54.58167518,38.29565398,169.3
56.58416402,36.94705369,141.6
55.78038389,37.08070423,191.5
56.03980906,38.13625046,174.1
56.67620374,37.6324399,143.2
56.5521418,37.97872867,163.5
56.06930968,35.90902558,166.3
54.6891891,38.59930348,183.2
56.47418751,35.9227615,150.2
55.47325233,37.92715578,152.2
56.36408869,36.43580762,170.1
55.28077502,35.40798458,243.6
54.79120907,36.47694327,236
56.07807473,37.25572583,221.1
55.76665142,38.09020639,152
55.74815711,37.56247725,135.1
54.9137513,38.09503597,192
54.60396171,38.34446376,196.5
56.10026084,37.15238345,216.8
54.69279401,36.95797897,227.5
56.04479899,37.70709951,177.7
55.25070478,35.73660445,219.9
54.88557359,37.63887745,168.8
56.06732521,37.36190463,229.9
54.72768352,37.03436465,179.6
56.23760085,39.90037754,155.9
56.06277459,37.49277957,205.2
55.20167985,38.63432762,111.7
56.84876368,36.28434918,139
55.91559578,37.5901346,175.6
56.9552024,37.72823064,132.6
55.88007857,39.55693648,116
56.14532605,36.39646129,218.5
56.78726491,36.50411776,148.1
56.42249045,38.28113443,234.8
54.81770567,36.67892351,217.3
55.5251055,38.31988243,112.9
56.90593056,36.2253746,137.7
56.38567416,35.49185189,162.3
55.28218039,35.46627687,239.8
55.33213625,37.32822782,186.7
54.66356365,36.15401578,237.8
54.87709642,37.39800823,113.3
56.29111061,36.8891109,165.2
54.55523299,37.49294918,251.1
55.57899331,35.1264782,204.4
55.60367055,37.73334012,169.8
56.89266621,36.23884264,136
56.2392909,39.74694452,185.1
55.34334202,38.2871034,137.7
55.28410507,36.14776571,203
54.78008088,37.93137975,208.5
56.36649718,36.38413471,174.4
55.44623735,35.62075451,238
56.18552676,39.67558239,187.9
55.33350339,39.47832748,114
55.91850545,35.73320546,197
55.93635543,36.84946838,162.2
55.26240484,38.18877093,151.8
54.99546673,37.74041788,189.5
54.62893585,36.12106878,227.3
54.81720665,39.48142581,139
55.51895561,39.98655783,133
54.71447842,38.10516375,213
56.21449374,37.5644806,173.8
55.43824919,35.435882,278.9
56.11588333,37.06705425,235.1
55.30617262,35.75649966,223.6
55.52870376,36.86149314,213.4
55.251877,39.30382362,121
54.94987074,39.16455007,134.8
56.08443316,37.20302591,225.4
55.73246062,37.87203204,154.9
54.74698081,37.84899286,207.6
55.83194218,38.91007464,123.8
55.5281507,39.62173898,131.1
54.50461747,37.98651829,199.1
56.61290455,35.66034995,154.6
54.36039855,37.77259918,216.3
56.50759047,37.81008514,164.1
55.74116531,35.27169568,252
54.77133543,36.35124734,205.1
55.7987937,37.1784924,187.5
55.7867225,37.42582933,123.4
56.11135541,36.85311277,195.5
55.18658217,38.59609752,113.4
56.28736613,38.21676393,227.8
55.4130865,35.39832168,246
56.04550264,35.73518897,203.4
55.839436,35.73820645,205.1
55.93865765,40.1275008,166.3
56.80198727,37.7182618,144.7
56.73701306,37.10027668,120
55.28997747,35.76703644,225.5
54.70908003,38.38691029,176.8
55.62298047,40.02774625,119.2
55.72609319,36.17313645,205.1
54.6429821,36.71151321,219
55.8841889,36.72941446,198.6
56.67588562,38.92764708,183
56.70933164,37.37024929,114.1
56.28963337,37.70387126,186.4
55.88010356,37.35956334,169.8
54.72296518,36.27019884,232.4
56.19389126,38.95202633,178.6
54.85330307,38.27600509,143.4
55.6060767,39.51314288,120.6
55.34088457,36.20870222,159
56.04109576,37.21670452,181.9
55.27981873,39.41807441,133.7
54.90783485,35.86127937,173.2
56.6477216,36.24419255,129.9
55.90437779,36.40859727,190.7
55.51473328,39.23420483,156.4
56.71036854,36.93658159,136.3
57.12542944,37.92337561,128.9
55.90569022,37.76645069,148.4
55.98152149,38.58256824,124.1
56.99393485,37.91300527,136.2
55.09516742,38.54581221,159.1
55.15473982,37.77367218,190.8
55.5282267,36.67294605,207.6
55.09566166,39.48163136,104.1