55.74229488,37.58040766
55.72803645,37.71329011
55.73161716,37.51160799
55.74863381,37.68177316
55.76162792,37.61180462
55.7481261,37.64221108
55.72977463,37.64761448
55.77119121,37.541946
55.70958664,37.66503192
55.72828538,37.57841186
55.78801616,37.57943618
55.74915083,37.49411679
55.77941645,37.68876329
55.78056254,37.68605786
55.76254361,37.56919402
55.7514655,37.61475026
55.73722928,37.63300696
55.78702683,37.53779765
55.69287643,37.67359962
55.79322247,37.69300844
55.74440315,37.73258095
55.75277399,37.49727084
55.72697054,37.63446639
55.71395684,37.59897365
55.7303536,37.6975605
55.72811023,37.69822203
55.71829373,37.59355348
55.78819074,37.73129171
55.75998572,37.70515923
55.76216144,37.67062343
55.76450056,37.73540742
55.72606497,37.68568093
55.7742805,37.72968511
55.73961659,37.64464425
55.77484527,37.58652282
55.69110749,37.60299185
55.7220624,37.59578873
55.76406149,37.6954749
55.78981333,37.64723418
55.74266903,37.62537245
55.72602471,37.57652494
55.74483012,37.49280687
55.76689301,37.72441698
55.79205295,37.7167175
55.74873696,37.53414029
55.75166819,37.54199086
55.73818982,37.50371585
55.71344703,37.67662395
55.74038374,37.59040642
55.78985523,37.72565597
55.76535334,37.6669908
55.81707012,37.67681237
55.78584699,37.64249503
55.77742647,37.62251716
55.74563704,37.51861012
55.72741133,37.5623777
55.74102294,37.67420982
55.77736014,37.6113662
55.74443514,37.72987509
55.77905582,37.6528706
55.71975115,37.61240396
55.75195763,37.55540296
55.80417408,37.61897451
55.80702925,37.67830225
55.75471404,37.52402053
55.72435898,37.64279093
55.81215048,37.62952715
55.78420443,37.62927057
55.71899751,37.64582759
55.79505274,37.71525688
55.7531319,37.60356923
55.78274532,37.60416583
55.77123615,37.68043909
55.78259368,37.67775802
55.81132651,37.56794247
55.78638119,37.52902984
55.75538996,37.49157375
55.77748967,37.51838324
55.71932107,37.55394848
55.7289135,37.62432576
55.7118918,37.52448117
55.74816111,37.50557966
55.70599405,37.62854447
55.71733373,37.68812788
55.73762825,37.52652235
55.81476388,37.65192086
55.7564161,37.60120094
55.76765557,37.58882651
55.74035291,37.61452989
55.76971588,37.53551322
55.68745917,37.63425441
55.72913616,37.51758708
55.71165221,37.51942518
55.75794632,37.73344406
55.79228576,37.56078219
55.76888333,37.51729224
55.69541277,37.55633288
55.7581433,37.63072825
55.7560267,37.52591833
55.70612198,37.52434043
55.80550876,37.53734429
55.80081782,37.65995062
55.75913995,37.52351288
55.73489097,37.57319141
55.71793456,37.62362214
55.75504144,37.73839787
55.78472334,37.62916028
55.79697114,37.5688654
55.78291914,37.61996971
55.82522367,37.61971944
55.76724715,37.5743031
55.74353949,37.67265628
55.75364659,37.54161714
55.69948822,37.59850522
55.75026547,37.63948431
55.77708655,37.65279247
55.74033555,37.6604319
55.76711171,37.7397549
55.74952321,37.51246611
55.79901687,37.64250486
55.74474163,37.51777926
55.71210784,37.55088088
55.71495712,37.52908667
55.73183949,37.59890176
55.77502569,37.63761116
55.70822118,37.67037807
55.80895675,37.70376467
55.77222071,37.71536353
55.73299342,37.61786231
55.73754623,37.59343708
55.71211234,37.70508226
55.73903421,37.70186338
55.68681933,37.62413903
55.78772689,37.62704196
55.7685486,37.69651764
55.78348686,37.72314024
55.76400999,37.6765571
55.79474101,37.52611364
55.77615464,37.70649256
55.8121365,37.53896609
55.77351577,37.54580987
55.72952488,37.67353575
55.73350811,37.63811565
55.81260266,37.68182528
55.73458822,37.70502193
55.81990188,37.59022133
55.73612448,37.58653255
55.77144472,37.65409627
55.8119184,37.60016476
55.7453401,37.70981683
55.77950769,37.5846643
55.80344124,37.56865988
55.80544156,37.60936635
55.72034933,37.67351954
55.69465553,37.62856559
55.72218173,37.71964071
55.80194507,37.60729313
55.7812933,37.61618327
55.76755321,37.65173907
55.70647166,37.57824355
55.72925815,37.69600026
55.80826156,37.57926023
55.77018378,37.68039017
55.74832177,37.66153311
55.69746158,37.5891936
55.73189538,37.55246177
55.78448288,37.65568327
55.81674348,37.66239492
55.78720525,37.63007008
55.73054711,37.64712919
55.70516113,37.55783372
55.74926354,37.57283457
55.69406144,37.59180947
55.75672007,37.56729154
55.77751101,37.65963064
55.7818338,37.62270587
55.7548453,37.55306241
55.75771074,37.6384727
55.75845201,37.55122556
55.7836285,37.60737393
55.8004761,37.54307221
55.79621856,37.5975432
55.69991876,37.65087209
55.70244804,37.59708922
55.82214084,37.61516756
55.70300475,37.6096713
55.80846895,37.6264623
55.75157978,37.70166139
55.75874065,37.62391987
55.73513017,37.64146572
55.68688654,37.61919488
55.80712771,37.58070816
55.75434296,37.68531119
55.78176472,37.56404305
55.77146021,37.67307947
55.74461338,37.51071615
55.70402442,37.57794039
55.76213469,37.59941114
55.77733227,37.61460451
55.73567312,37.60344653
55.78318613,37.57048753
55.76740495,37.71067931
55.70945264,37.58501215
55.81052823,37.67405196
55.80517689,37.53647296
55.77949024,37.60034762
55.73018913,37.6286476
55.77738921,37.60805098
55.75977046,37.51712352
55.76272853,37.66282096
55.7306889,37.53590158
55.7435427,37.67116082
55.77248457,37.7182572
55.71179502,37.58693735
55.72163153,37.64592535
55.73292084,37.62221858
55.73763308,37.55146678
55.75560225,37.50563058
55.70208639,37.5443256
55.70455011,37.66658534
55.8116557,37.58664254
55.71032872,37.6874719
55.75338298,37.52186876
55.69813419,37.64803661
55.78830762,37.59476127
55.73517766,37.66653537
55.72996312,37.54291262
55.74714631,37.66972406
55.76868958,37.5652526
55.80536959,37.66427313
55.7976901,37.55576956
55.75099517,37.54210562
55.77689443,37.50595919
55.81741259,37.59560785
55.8121031,37.53991575
55.75319388,37.52312571
55.75996374,37.70039545
55.74589466,37.737803
55.80384372,37.55333387
55.74381302,37.70697775
55.8253538,37.60340076
55.82171884,37.64419976
55.80354905,37.69043278
55.73403406,37.64362004
55.7817035,37.54270741
55.74106365,37.6957621
55.76569967,37.74036992
55.80473683,37.70286828
55.7649247,37.72550181
55.72694162,37.53180945
55.79287342,37.69001783
55.7250359,37.59601357
55.78020772,37.58839458
55.74584088,37.61688429
55.80670281,37.64420034
55.82408773,37.58155377
55.79263202,37.61433546
55.80327389,37.64213885
55.74330617,37.66008047
55.69898019,37.55523968
55.7640088,37.5816477
55.69458458,37.5847097
55.7376043,37.61690868
55.74585889,37.71936774
55.80983874,37.68722092
55.8030339,37.58579902
55.76402921,37.52776961
55.73537253,37.63599764
55.7773445,37.72882985
55.73708305,37.65385019
55.73460659,37.55123999
55.7553909,37.58014724
55.69598061,37.56892355
55.76095648,37.62112611
55.75790617,37.56459832
55.78324872,37.68891392
55.77965186,37.69936247
55.80555685,37.70769001
55.7698742,37.56112444
55.7291591,37.63669823
55.77370261,37.51990957
55.82216881,37.57883793
55.7754964,37.71073358
55.69238896,37.63088316
55.79026062,37.66271049
55.75177488,37.65991639
55.82594324,37.58761197
55.74273509,37.59536286
55.70057557,37.54734628
55.71401218,37.60622875
55.73885242,37.59027618
55.75574679,37.61169624
55.81625944,37.61362332
55.76865944,37.71880585
55.72911314,37.57710888
55.81070564,37.69078529
55.70000509,37.63771996
55.71726429,37.60967305
55.75076035,37.67099963
55.77507119,37.59260694
55.7601074,37.57767824
55.77922122,37.63676843
55.68936587,37.63654965
55.71290307,37.70406998
55.7559372,37.61603241
55.76658414,37.5290797
55.72468219,37.59260259
55.75209184,37.65513244
55.71205528,37.59809962
55.74776995,37.56219526
55.76948417,37.72657859
55.72201649,37.63309992
55.73507302,37.73514824
55.80018495,37.6832645
55.78455766,37.61051754
55.77865768,37.62610715
55.77410906,37.67257144
55.77535349,37.64687977
55.82441507,37.6135147
55.78321225,37.73004881
55.79492874,37.66605492
55.74561397,37.51742942
55.73550757,37.61152775
55.7862382,37.71008314
55.722039,37.5154649
55.77135241,37.59692057
55.80571675,37.57549534
55.78493476,37.55997758
55.71934581,37.67803742
55.767068,37.64706092
55.68698342,37.63674193
55.7176887,37.68257756
55.68949905,37.57613191
55.78959556,37.67718971
55.78723439,37.64266534
55.70932903,37.59810729
55.74734667,37.59005772
55.80113434,37.71094953
55.77709748,37.65904166
55.81448395,37.61676122
55.73353752,37.59434547
55.8078996,37.68171936
55.75937825,37.54899605
55.77460143,37.65913642
55.75321749,37.62274501
55.75481935,37.61862294
55.73269874,37.53110046
55.76899762,37.65363661
55.80376975,37.70139971
55.72235432,37.53559192
55.69526591,37.55275787
55.75878615,37.66985444
55.74315957,37.73893434
55.69871441,37.53900331
55.71452281,37.63523511
55.80948712,37.66712388
55.79993283,37.66280128
55.77490254,37.59749409
55.71643769,37.71462015
55.69957463,37.6866314
55.73603359,37.51735923
55.82065969,37.66162036
55.80245807,37.58477382
55.71214399,37.67367593
55.69783865,37.67577153
55.72813319,37.56397678
55.69724949,37.61386235
55.7648545,37.51914257
55.76449482,37.58412893
55.72680018,37.7197369
55.70831256,37.60489869
55.8275129,37.60392048
55.71373731,37.59898523
55.80171658,37.55848917
55.76476338,37.63135065
55.79032791,37.53027245
55.75558987,37.55952567
55.69635037,37.58715466
55.75369949,37.4987944
55.69797458,37.62930776
55.78902841,37.72483671
55.76774933,37.58990504
55.76348932,37.61818687
55.74602684,37.63856804
55.81253126,37.65261386
55.73276229,37.50508162
55.6907786,37.56783362
55.76369938,37.52576246
55.69049972,37.66366591
55.70352034,37.6888566
55.77993003,37.6618852
55.73125836,37.51168153
55.71187472,37.61808416
55.75290377,37.54403623
55.76766586,37.53236754
55.82103844,37.61950022
55.72837807,37.6307777
55.69485868,37.55668834
55.77098151,37.54809204
55.78852468,37.54013795
55.78243371,37.59007571
55.7167399,37.68572641
55.77219725,37.61165556
55.80910207,37.69685185
55.81938036,37.59004719
55.69830395,37.63346763
55.74805606,37.72305708
55.81797587,37.62091114
55.75790492,37.60793691
55.80744634,37.67926798
55.76137867,37.71374884
55.81992768,37.61017699
55.70286409,37.56441326
55.78918048,37.65285649
55.77414731,37.65217616
55.7111504,37.70683968
55.7657428,37.5509879
55.75175904,37.71299683
55.72368391,37.57044406
55.74467967,37.60197188
55.72818547,37.66922982
55.69315007,37.67160909
55.77341647,37.58209788
55.76404826,37.53370021
55.82075292,37.60103326
55.79580352,37.57280615
55.74110123,37.68223065
55.80710753,37.69202149
55.8250207,37.59689312
55.81330037,37.60764279
55.7120134,37.62703566
55.77054255,37.53905349
55.79974411,37.57045888
55.79680155,37.5279107
55.73562653,37.53404351
55.71633906,37.72141056
55.71981207,37.60770757
55.75777873,37.7154936
55.72648404,37.5349557
55.79957769,37.64889248
55.78364752,37.57245037
55.69889518,37.57905304
55.76874267,37.67836668
55.7573522,37.64851465
55.76140242,37.53937297
55.7525042,37.68695349
55.70097306,37.62821279
55.76150491,37.50042671
55.68814335,37.61660027
55.73385922,37.69666111
55.70590872,37.65941224
55.76264263,37.74446088
55.75415106,37.70081373
55.75848531,37.66491679
55.72212007,37.55840883
55.82332865,37.60453258
55.72980013,37.63341225
55.80899394,37.69821928
55.76190848,37.66496057
55.81188601,37.59494428
55.69222883,37.65954225
55.69198214,37.62312718
55.82556307,37.58577045
55.7571882,37.60700379
55.72025765,37.56029472
55.71076417,37.59699381
55.69973205,37.62557831
55.76485281,37.56099526
55.76985714,37.65379053
55.82587971,37.59770388
55.8244278,37.61307645
55.79827563,37.55281861
55.79021667,37.62900165
55.72779238,37.52854551
55.71191929,37.55155503
55.78369393,37.62915911
55.72716726,37.50776978
55.78905953,37.50868479
55.74977284,37.6179602
55.74004072,37.62811917
55.79267339,37.60177617
55.70621915,37.56286762
55.78544326,37.61590453
55.81421401,37.5656584
55.76679822,37.58558934
55.7810658,37.72681815
55.79547977,37.58984412
55.730306,37.69505712
55.80444721,37.56161053
55.82793704,37.61949518
55.77265202,37.49849319
55.74710529,37.71956616
55.72404805,37.67516819
55.73421954,37.59369253
55.74826297,37.68980639
55.74604339,37.72948772
55.81743619,37.56160328
55.77260681,37.51087933
55.8163439,37.57007405
55.8039508,37.64863435
55.76606499,37.58644981
55.73508992,37.67879178
55.79881018,37.69531463
55.79281496,37.55618397
55.76016283,37.71960882
55.81079998,37.5983858
55.71980346,37.70834029
55.76511021,37.56347216
55.82122135,37.60252785
55.75476368,37.59899119
55.74030512,37.57888115
55.72436784,37.72881275
55.81881332,37.66658726
55.71791076,37.55732856
55.8117598,37.56763657
55.78004845,37.55789717
55.74578666,37.62363561
55.74039851,37.71423977
55.78275917,37.53679843
55.68881713,37.63085039
55.8015293,37.557549
55.77127429,37.53814089
55.7205565,37.56458605
55.73024271,37.71877345
55.8204782,37.59746228
55.70671621,37.56231045
55.80656611,37.66915177
55.81613446,37.56363944
55.74478624,37.65908289
55.68791566,37.5974639
55.76078602,37.54619773
55.77125644,37.72885537
55.68348693,37.61623872
55.79573392,37.53069646
55.75634797,37.63191161
55.74271867,37.54011595
55.78548588,37.61681178
55.75377406,37.61570843
55.7418808,37.67108381
55.79148055,37.55753005
55.75257552,37.53238671
55.6949027,37.66702274
55.80794012,37.6515498
55.73614482,37.72263142
55.75513927,37.54285212
55.70352542,37.6417106
55.75757204,37.71443094
55.77757647,37.68029777
55.81717301,37.55663615
55.75558465,37.71377085
55.72487717,37.65755417
55.7639366,37.70294207
55.76939293,37.70962795
55.72886087,37.55339045
55.71390541,37.60582805
55.72134954,37.65643889
55.69811886,37.66420277
55.72064577,37.58368989
55.7228368,37.59125496
55.71262194,37.61633215
55.75813746,37.66263726
55.80536356,37.64568716
55.77073279,37.62035475
55.76574853,37.7283019
55.82226519,37.62386125
55.74504256,37.53870389
55.69758127,37.55709646
55.69512938,37.57154688
55.75399945,37.6103062
55.73243675,37.60065873
55.80138665,37.56224796
55.79435587,37.64169745
55.78970902,37.66803667
55.81427033,37.59519091
55.80310552,37.5233904
55.80533544,37.59755999
55.71822881,37.71449796
55.75723415,37.7451417
55.69887794,37.67994858
55.79114766,37.66007102
55.7506727,37.61264181
55.82335775,37.65754172
55.79853805,37.61475251
55.78119688,37.69719221
55.82101912,37.6640787
55.725257,37.68343564
55.73893571,37.57830893
55.77347825,37.73619821
55.71005788,37.62228085
55.70964871,37.59287794
55.75314983,37.72255303
55.72445552,37.54185365
55.7928437,37.6412064
55.77673651,37.72390993
55.73505805,37.6838922
55.78896471,37.65742542
55.68770021,37.5751074
55.73927349,37.703036
55.80896097,37.62462254
55.70206171,37.69121381
55.79103066,37.59228065
55.70630463,37.58296865
55.78671757,37.53394551
55.73640931,37.7211276
55.69522325,37.56197882
55.70017278,37.60689471
55.73625517,37.51553308
55.75292078,37.70004103
55.78529894,37.52785514
55.71018404,37.55110217
55.73372522,37.69287146
55.79126431,37.63599689
55.73749686,37.53282865
55.75834836,37.53259425
55.78102914,37.58716982
55.68939809,37.63813916
55.8074035,37.65833725
55.69309734,37.64897861
55.76879866,37.58659069
55.72480127,37.60551307
55.74308443,37.53833222
55.76229293,37.68945332
55.75869307,37.66933705
55.76928968,37.54646343
55.69733374,37.6388298
55.80722435,37.56345058
55.77932116,37.51671952
55.77182981,37.70109855
55.6912221,37.62803953
55.7745584,37.50199958
55.74786845,37.61198456
55.77234428,37.59120965
55.7173095,37.69577954
55.69092944,37.61580846
55.73789485,37.68818879
55.72542615,37.61955529
55.71148995,37.71736339
55.74889154,37.55630641
55.79132312,37.60151142
55.75425249,37.53629043
55.73909844,37.57590123
55.71428364,37.54242008
55.79111639,37.53225517
55.72286863,37.62708281
55.80622315,37.55088456
55.7444035,37.52079084
55.73993182,37.62005433
55.73772828,37.70301907
55.77595001,37.6176068
55.71763584,37.52129607
55.75466272,37.62140487
55.81675441,37.63505782
55.69921756,37.54014209
55.69794421,37.5430003
55.70421548,37.65748726
55.69521222,37.66199582
55.75515362,37.59089033
55.69562492,37.59822071
55.79768063,37.55469835
55.70315369,37.62474804
55.72369894,37.59589968
55.78656113,37.59915993
55.82597611,37.62837574
55.79718931,37.60267281
55.72089611,37.65976209
55.7578237,37.59092765
55.74887877,37.55054942
55.78980271,37.62672866
55.75688942,37.57993075
55.78993201,37.5887824
55.80246129,37.71108548
55.82360521,37.6278799
55.74700718,37.52468223
55.7275949,37.59310421
55.73468541,37.66721062
55.76898552,37.57780352
55.71957193,37.65641438
55.78185765,37.60662942
55.78187729,37.64535142
55.73792927,37.66708903
55.77142036,37.63302089
55.73424773,37.62011729
55.80366866,37.52557042
55.80761938,37.61880633
55.70254476,37.61422965
55.71290044,37.52272635
55.76681447,37.5103788
55.73247624,37.53809771
55.7421959,37.55954085
55.71596391,37.59992
55.73988609,37.49223892
55.7100677,37.70145514
55.69179313,37.66271342
55.71771831,37.65849403
55.79630812,37.69051157
55.79985155,37.58215155
55.79388193,37.6365492
55.70635684,37.56958836
55.79196645,37.58262123
55.79800882,37.59967954
55.72132815,37.63654944
55.79022682,37.52454038
55.80471695,37.70099409
55.72325101,37.60528971
55.69293609,37.57830742
55.7919537,37.64410407
55.7593348,37.57419613
55.74714679,37.54901477
55.72450694,37.60866074
55.72789602,37.70581391
55.73600259,37.68147154
55.7329839,37.70721721
55.74489523,37.53612974
55.77374241,37.69452921
55.77787563,37.62025159
55.71618768,37.6445295
55.77308942,37.70911048
55.74932058,37.6756306
55.78576345,37.73402619
55.76997378,37.73707759
55.74880481,37.62444387
55.80862483,37.54104014
55.75224273,37.73274277
55.73679143,37.67766953
55.72228056,37.50694416
55.72914167,37.55130019
55.72004675,37.52712977
55.77980778,37.55845114
55.78158432,37.64792384
55.80757306,37.56109405
55.7477845,37.70123769
55.82333571,37.62109734
55.70911749,37.7133809
55.69734979,37.63572956
55.7575632,37.69052253
55.8239656,37.6575777
55.71582969,37.65299181
55.70141663,37.67970617
55.72004456,37.56582549
55.79761951,37.59036725
55.71540247,37.64786107
55.80462189,37.57920825
55.81318529,37.55504394
55.73206303,37.50455061
55.77394857,37.56011421
55.81154065,37.69134064
55.74486743,37.60529205
55.7047338,37.56742501
55.74114807,37.65155653
55.81248175,37.55849151
55.69443662,37.59650883
55.76611029,37.66443526
55.7765954,37.57385347
55.82362535,37.61031883
55.73820722,37.6476109
55.71001124,37.63131891
55.75894273,37.59578515
55.80725511,37.54912707
55.7340713,37.70078133
55.80966379,37.62846003
55.72976193,37.57190544
55.76913645,37.50376057
55.72453508,37.52287988
55.72509735,37.68176508
55.75671557,37.56018262
55.77962497,37.66060916
55.75866245,37.69500334
55.72627999,37.59594817
55.70626959,37.63716118
55.81198368,37.616534
55.69159874,37.58238463
55.71174305,37.61183009
55.79431743,37.63798969
55.78982459,37.58419081
55.74092124,37.67228114
55.77336113,37.54533099
55.73255531,37.73010812
55.75730047,37.51818038
55.79556498,37.52443704
55.70930916,37.58614997
55.81395775,37.55974741
55.69117708,37.6500282
55.75722149,37.66729468
55.74735313,37.60361467
55.78705833,37.56766324
55.80205802,37.67894766
55.80488036,37.70924486
55.79288317,37.51941285
55.72108421,37.52127873
55.72273053,37.52827458
55.79554954,37.66050259
55.80400218,37.57618978
55.78144621,37.71626718
55.82016601,37.61745718
55.73562449,37.64489795
55.72392135,37.5620362
55.74113212,37.61606212
55.72558242,37.5819335
55.7087122,37.61413332
55.76927105,37.7026382
55.76277438,37.69128338
55.80103932,37.54565689
55.79064357,37.710685
55.75667056,37.60367456
55.7504776,37.62139079
55.78877109,37.58063212
55.68580457,37.59069455
55.73044273,37.58515939
55.76484959,37.63412095
55.75811678,37.6107339
55.6949704,37.56678735
55.73370695,37.559967
55.80884619,37.63576624
55.68457382,37.60131243
55.8013353,37.67424148
55.78160027,37.61268609
55.73311232,37.62921608
55.72982533,37.59020685
55.73419315,37.50607055
55.72299705,37.52737812
55.80097863,37.60786734
55.70092759,37.69535171
55.81196113,37.63070776
55.76153946,37.62926842
55.80816301,37.56525434
55.73022559,37.5732362
55.80621106,37.64242372
55.7085106,37.65525442
55.75572199,37.6034617
55.8276149,37.60323827
55.72177432,37.69447312
55.72216796,37.71755699
55.73660228,37.57627938
55.79721476,37.65006706
55.71035814,37.64858114
55.76125077,37.49407539
55.78377904,37.69122519
55.77808116,37.70226409
55.78183608,37.64949052
55.75740653,37.58207235
55.7325973,37.51373102
55.78362781,37.63333388
55.6939735,37.58368221
55.73878043,37.59852351
55.68929938,37.58433699
55.77082237,37.52014344
55.72478738,37.53168443
55.72286461,37.53916834
55.75431678,37.55523855
55.70678798,37.61896803
55.78764821,37.51203593
55.76996201,37.67096713
55.80800712,37.60709612
55.81144981,37.56937495
55.69166205,37.57503472
55.70936308,37.67699443
55.75425651,37.62458783
55.78650055,37.51211279
55.68471785,37.63737802
55.78547073,37.53745973
55.75161695,37.55742013
55.72371788,37.69589105
55.79690072,37.66752817
55.73023229,37.63593913
55.70807973,37.65370933
55.78841011,37.67180531
55.70764033,37.60677659
55.81549507,37.62470584
55.69904829,37.61378092
55.7762221,37.57995155
55.72105468,37.59519282
55.78737672,37.55366786
55.78645529,37.5974281
55.76906375,37.51812601
55.73367027,37.69058425
55.78081978,37.62875372
55.71413227,37.63018778
55.77709315,37.7396241
55.76616904,37.66078122
55.8057579,37.70289902
55.72614997,37.60743084
55.82317383,37.57854384
55.75527464,37.59810258
55.77726551,37.71797583
55.71186713,37.68595475
55.80197803,37.63064787
55.71725429,37.55225015
55.69941729,37.61424929
55.75686341,37.58670529
55.76554934,37.53529349
55.79733565,37.666217
55.74091079,37.56069399
55.70627254,37.58247331
55.79244266,37.60487601
55.69365031,37.56470429
55.80115118,37.69676729
55.76158122,37.59554383
55.73539387,37.57931839
55.75459453,37.59452599
55.75710778,37.52709651
55.74368253,37.5689289
55.7926138,37.6805771
55.81061569,37.64890035
55.77329012,37.54515045
55.78672223,37.726522
55.78788039,37.72584375
55.78430912,37.60506538
55.7798645,37.51104142
55.76333071,37.66549256
55.76111263,37.6096105
55.72179161,37.58203724
55.77145845,37.49837275
55.78083598,37.51629412
55.72884376,37.51123635
55.72470844,37.53681552
55.72997867,37.61852823
55.795905,37.56617343
55.73281377,37.59944905
55.77139002,37.64161448
55.78971438,37.61290782
55.76814002,37.69914831
55.79144858,37.53782537
55.79315173,37.66121819
55.78814149,37.64874085
55.80858741,37.6134545
55.75191062,37.57920042
55.7469027,37.60230984
55.72520755,37.59246841
55.78354994,37.70614658
55.80412874,37.618032
55.81391088,37.63364857
55.7607193,37.64791055
55.78414966,37.5453664
55.78646563,37.55940508
55.71117677,37.58860165
55.8097614,37.68072654
55.68448087,37.60540056
55.77793536,37.65611025
55.7128544,37.5190468
55.76947416,37.57464156
55.75052314,37.54472369
55.70561071,37.56325851
55.74493467,37.5875861
55.80444641,37.58120098
55.80782701,37.59142658
55.77377633,37.57298995
55.70483575,37.62580756
55.73750822,37.49632706
55.68578873,37.64659009
55.78062872,37.59917313
55.70357576,37.55163934
55.71001218,37.51803206
55.75850757,37.59088149
55.72273373,37.61194778
55.69964986,37.61153664
55.79616695,37.55840096
55.69243306,37.58953406
55.72767733,37.69080378
55.75194288,37.64853233
55.69139181,37.6301201
55.68752628,37.62412859
55.76164539,37.50270716
55.75448253,37.63508989
55.72234282,37.51723476
55.74718064,37.56342536
55.77332644,37.73432167
55.76384135,37.53984581
55.77935751,37.58285076
55.68540505,37.64004718
55.69108608,37.64930171
55.77021891,37.55491454
55.699682,37.57969911
55.78687653,37.61421095
55.75629907,37.52665216
55.75393305,37.5171589
55.73322549,37.56199209
55.73070873,37.71062839
55.79330381,37.63559955
55.77952431,37.60653405
55.70359443,37.64854259
55.71864749,37.71906492
55.74280075,37.68698714
55.77066467,37.68675487
55.7468265,37.68845073
55.80547461,37.66933168
55.80426514,37.67497128
55.80228386,37.68244831
55.81902535,37.59244245
55.80959371,37.63525275
55.72814889,37.55197061
55.8114547,37.67205354
55.7728707,37.62535203
55.74931112,37.584917
55.69247703,37.57822137
55.69381228,37.65792546
55.82322972,37.62606036
55.73776181,37.65523802
55.79125806,37.64377972
55.70241451,37.57771705
55.7792733,37.62049133
55.95196701,40.13626498
56.38400173,39.27230255
55.39744754,39.77111486
54.66406318,37.30797382
55.44448445,35.12867013
55.36744876,39.0815949
55.62985144,38.01105419
55.16830127,36.4889075
54.38529132,37.06835294
56.28319873,35.6505752
56.73116289,39.40777263
55.16638816,36.23077708
56.36100972,39.47597243
56.40603618,35.4140442
57.02085676,37.71138907
55.7203741,35.2109923
55.52512306,36.17310781
54.47645308,37.66917729
56.04646983,38.37900839
56.00695845,38.69501812
56.09163283,35.72158172
55.63140099,38.26799032
55.01019478,39.24855243
56.84213977,37.18468607
56.7397408,38.92531329
55.54575896,39.55486013
54.50260695,38.03889007
55.27836995,37.00832539
55.82111468,36.66118868
55.17249079,37.25753326
56.3395116,38.06919829
56.01157517,36.41581534
55.84388276,35.4632074
56.30592984,37.09401721
55.67328653,38.10609075
55.88860255,37.75756936
54.84389825,37.05537648
55.03067685,38.92860849
55.33098162,38.30641242
56.14108715,39.41464555
55.96827109,36.18713841
56.01822739,38.73780432
56.17468747,36.79690677
54.84096623,36.32864057
55.3869157,36.83524721
56.97305573,38.8636015
56.00219576,38.41103927
55.20442916,39.33097131
55.44869173,38.60264575
56.11098871,35.50863244
55.03732928,39.09518118
55.16396906,36.69326807
55.17513545,37.89271279
54.57520126,38.18174221
56.82244059,38.11399412
55.50343222,38.31088437
56.27892976,39.45974415
57.0742912,38.17980569
55.40772752,36.75158504
55.85109627,35.79079298
55.27762172,37.068033
55.94956673,39.928362
56.2263598,39.47826251
55.82556251,39.39149177
55.81749087,38.10001514
55.65553168,38.97477367
54.45344316,37.67702097
56.70863477,39.45915434
56.18747842,35.27577632
55.29442104,36.01866557
56.9647548,38.49763438
55.05989409,39.08215606
56.7502959,35.81923941
56.26989379,36.34504928
55.6046115,39.41733788
56.78980191,36.49735736
55.98266322,36.92437919
55.98479866,39.00931812
56.28519047,35.9258053
55.83780105,35.35578749
55.49090995,35.94978228
55.69397152,37.31850944
56.75830871,37.36361732
55.78179589,36.50368902
56.63554092,37.19046685
55.03077685,37.29284438
56.03649942,38.22469651
55.35286387,35.58853103
56.4906057,37.02147825
55.71468832,37.69199887
56.66396273,38.901948
55.72330961,35.77316811
56.5893076,38.5999698
54.63676417,37.93892756
55.35701436,37.96310187
55.99633755,38.65850876
55.32688748,38.92068868
54.39978169,37.50344585
56.92486452,37.92587299
55.09544827,39.75667331
56.08149471,36.13001609
55.04712356,36.91652896
54.5223637,36.59170931
55.82079576,39.10403067
56.28262632,35.95103084
55.47532747,35.43860668
56.8426649,38.88092285
56.66440303,36.16239529
54.82177958,38.68916737
56.49039078,39.56631357
55.83172158,38.83448109
56.18168847,39.18911028
54.89717741,39.4801338
54.88191332,39.02073851
55.81678195,38.20270084
56.50817685,38.69632575
56.44669562,37.64735205
54.4943696,37.86301494
55.29598625,39.78138316
56.04648533,38.72639794
56.05192497,38.56233402
54.31229283,37.54983204
56.90902437,39.11323748
54.59104408,37.20723374
55.26728892,38.44164559
55.08175986,37.32751639
56.61053402,37.93336935
56.87889787,38.34237158
54.6897927,36.56008569
54.70568482,38.76706626
54.95350388,38.44324144
55.83631157,36.02901582
56.7784335,36.9070924
55.01654619,36.2893166
56.41640988,39.34761567
56.1275981,39.75063139
55.36446369,37.13162017
55.92050433,36.23501376
56.8084207,36.64806061
55.40972524,38.64209901
55.59825876,35.07316402
55.609736,38.55851707
55.8725726,39.85005892
54.5418941,37.91220486
56.39575188,36.63764069
56.66981802,37.49190695
55.91374339,36.39992868
56.26723203,36.15663413
54.97606674,39.36235556
56.75885329,37.48992378
54.53659197,38.95059153
55.9318177,35.8879066
56.02653008,39.42783072
56.55992861,38.17501155
55.72135317,36.50685721
55.59120189,39.61785599
56.00853463,39.60384637
55.56637995,38.12297466
56.05813629,39.15671272
55.81109364,35.108703
56.66324168,36.88182877
57.06358666,36.85328455
56.35299788,37.3795305
56.97071902,38.39030456
55.57049539,36.73805489
55.15920259,37.40865507
55.33281445,37.44640495
56.31603889,36.23674528
56.89945534,36.80109724
55.83759533,35.93186772
55.6652742,36.0296943
56.90620882,38.36834094
55.25610276,38.37131129
55.08148379,36.72892938
56.38595047,38.39695422
56.03751155,39.01926061
55.38464116,38.00474024
56.58715663,36.21659555
56.72605299,37.50074086
56.80968853,37.07431844
54.94444713,37.30363247
55.44743921,38.93539052
54.71632909,37.56402183
56.07340848,35.84056739
55.71891802,36.93722692
56.12300922,38.94712759
56.4125573,37.14582764
57.02127139,37.30220583
55.68560283,39.37368295
54.90021732,36.27774275
54.83525466,36.64420778
56.61161671,37.32320148
54.80495094,36.36886118
55.61237011,40.04117741
54.57940036,37.3357503
54.66535863,38.28068107
55.74514683,38.09893525
56.80494808,37.30744624
54.69733077,39.26512774
56.84768556,36.8342037
55.71729424,38.97618748
54.70493539,35.88839231
55.04374248,38.2313227
55.40010418,36.25307759
56.39482381,38.63169367
55.42483546,37.09706711
54.74312715,37.69679866
56.40317146,39.5454993
54.76997002,36.44948627
54.97108665,35.99111692
56.38026257,39.19926484
55.20806485,38.08316759
54.95669541,36.49163359
54.60920589,36.51513306
56.56082319,36.44514227
55.42208466,38.02388659
56.11478307,39.01688298
56.39485207,35.37713014
55.53509136,36.60970634
55.87693247,40.04218705
54.74613765,36.92059098
55.12235391,35.62917508
55.35564063,38.337996
55.15083236,38.57608461
55.58105716,36.72691712
56.27318856,38.55215526
56.2279288,39.92089002
56.90312359,38.0286395
55.91524774,37.65219823
56.72178894,35.77528249
56.08983538,39.16321755
55.03869988,36.84468243
54.98818474,38.05682844
56.78779127,38.23297842
56.4505283,38.9334358
56.03222122,39.17537443
55.58679943,39.08203818
56.06122487,39.53813291
56.2166813,38.11303315
55.15154942,35.60241151
56.0149059,39.00798039
55.8154954,35.9980923
55.67810235,38.07943272
56.20963732,38.52648558
56.66084819,36.51925068
55.88656664,39.94343976
55.18018058,36.28708849
56.16147069,35.99775688
55.51067689,39.12986617
56.61544826,36.27495886
54.69014569,38.77385721
55.77085252,39.00674759
55.90385218,37.54186049
56.69010785,36.57454612
57.06872685,38.58940375
56.4834318,37.32195654
55.41222725,37.72240261
55.54888346,38.98807201
54.92118732,36.09595827
55.27872172,39.65338636
55.04339847,39.4226816
54.6317331,37.78115705
55.636925,35.66791632
55.69072523,38.82469519
56.02973236,39.10645189
55.78510345,37.02124794
56.4356543,38.94865308
55.11782627,36.58660241
56.87109197,37.30881713
54.49291302,37.06101381
55.08950139,39.65410432
56.41390848,39.09665417
54.53927468,38.49338938
54.87670504,35.66708032
55.48793827,36.28618044
56.02885211,37.51422514
56.05558515,36.46733846
54.58571036,37.4933243
56.95679014,38.67011157
54.87478428,39.40445436
57.14579862,38.19913907
55.32037108,37.77139674
55.73355931,35.75626085
55.95885727,37.32369371
55.63952902,38.58310517
54.36457709,38.06112438
56.77836065,36.44053682
55.66732563,38.0202679
55.84588133,35.6058478
55.29847346,36.94696242
55.35120794,36.09384101
54.39465901,38.10430115
57.15135105,38.05921301
55.65410595,39.63449663
56.54443189,39.1098443
55.03412996,38.81375773
56.97742289,38.92240216
56.19540166,39.36692125
55.31905929,36.71365166
54.5380225,37.92425285
55.66109463,37.66829952
54.4351065,37.81117048
56.46419108,35.57423777
56.93104947,37.79688552
56.87795623,36.13200289
55.20242966,35.46817767
55.45137429,35.59050328
55.87214853,39.28658881
54.97314449,38.4151688
54.76395679,37.33328721
54.75563168,39.19836039
57.06722498,37.28500589
55.96193447,37.02495169
55.30233925,38.19837163
55.79240024,39.18369228
56.08071042,39.73267293
54.37697715,37.33336782
55.43819885,35.26428476
55.90346106,38.23912999
54.39451977,37.20922815
55.26629614,39.14834969
55.65893516,38.37679311
54.53115227,36.83611029
55.82337411,39.41442411
56.42884146,38.74414727
56.34088584,38.48865853
54.78297039,38.29334998
56.00141016,38.25748989
56.22242887,38.73532705
55.40502278,39.14454511
56.32493235,39.77053057
56.49842914,39.75019795
56.98016416,37.12991569
56.48546233,37.30672012
55.46465007,40.05484984
54.91763281,37.12415603
55.91377984,35.05712101
56.93397982,38.12449741
55.81009679,39.41204337
55.38373388,38.91838457
55.21450848,35.5561365
54.34598154,37.47259819
55.61698447,35.86950564
56.55885806,37.95500706
55.84937375,37.3098604
55.64669494,36.91026658
55.17790896,35.40516243
56.72702139,37.94091102
56.88076101,36.75832886
56.17404969,38.09316424
55.83463518,40.13444565
56.97421615,36.73528658
56.55400404,39.3505233
56.54653311,39.32012554
56.44148056,36.09370166
55.94904968,38.0529496
55.33461971,38.70419391
55.59083567,37.63491849
55.26562707,37.37980824
56.00407489,37.62450813
55.7084136,38.53794019
56.27613103,38.34670398
55.02695442,36.27881701
54.34854188,37.05075232
54.73368736,38.52859634
55.36770709,37.89895091
56.04207531,39.87850901
55.65327143,37.13675454
55.15172798,39.43373957
54.65150509,38.46598326
56.35290239,35.49787541
55.11561322,36.77658296
56.27984526,37.42875897
55.82010949,35.35297194
55.51478866,37.59595145
55.7028726,38.20586007
56.03344303,39.57730249
54.73226544,37.3590811
56.45227692,38.64172514
56.09724587,39.15788544
55.09878891,39.05076631
56.51095025,38.10230363
56.60108829,37.89485184
54.59676013,36.5296349
55.57232148,40.10988376
55.83853148,39.64907652
54.95714884,38.82916583
56.13328718,36.40859903
55.13847698,38.70392429
55.89543891,38.48276399
55.61507764,39.50868792
56.31354109,36.825384
55.36747035,38.30952735
55.39493042,38.58797173
56.83816912,37.2673291
55.51841472,37.72520627
55.4337666,35.46056213
54.5769432,38.10380978
55.86443665,37.31619266
56.71713188,37.84447805
54.41213046,37.72974282
55.82696313,38.41508111
56.09457677,40.12555422
57.02568476,36.44280692
56.15797074,35.40206604
55.95488905,38.96909272
54.78430744,36.20677453
55.58301735,37.30202485
55.09270733,39.19072098
55.83290237,38.1002521
55.53288873,39.45467966
55.49762255,35.7457118
55.23805807,38.08857247
55.72084523,38.60108217
54.86234923,35.88554012
55.10404699,39.19716463
55.91827379,35.85284834
56.01200649,36.29162827
56.3731644,36.28756608
56.06409009,37.5103677
55.45964561,39.78726922
55.3209583,36.5454688
56.07679974,36.92587676
56.90805927,36.04588394
56.25450079,39.33708306
54.99995257,35.71965516
55.48466519,35.84382127
55.10665905,39.86875316
56.09508061,39.29211424
56.33885263,38.02602797
54.96808536,38.99921235
55.08683959,35.79535704
56.61289019,35.52897234
55.89989508,39.97494447
56.57001801,39.39506621
55.8879489,36.64403374
56.84267342,38.49542182
55.54485288,36.48162075
55.56646062,36.08696016
55.22948393,39.58956563
55.55048218,36.34178629
55.82024642,37.55822688
54.49819801,37.62280069
55.14343484,37.76321897
57.08581118,37.82976412
55.92334473,37.73203921
55.63063011,36.78980102
55.60277809,36.48445892
55.75980286,39.52870975
56.55464297,38.32630203
54.95229513,37.18937352
55.35494692,36.18524164
56.24780959,38.6984481
56.15066315,35.34516365
57.11785667,37.83662911
56.85672385,36.71006139
56.48398327,37.72157028
55.82981504,38.9337909
55.27969666,35.58069893
54.91806378,38.97922187
56.94451155,36.46854508
56.02752642,36.03301385
55.85077682,37.67499593
56.30993185,39.72574428
56.15984738,39.20752239
54.67629583,38.93166098
55.76276253,35.60255444
54.6451621,38.95659305
56.85919221,37.13803397
56.34212262,36.49830784
56.81894806,37.41989181
56.25896206,36.16621419
54.59519763,37.36670246
56.10923287,35.72652883
55.64258265,36.9273235
55.6878609,39.89541038
55.85048162,39.28297605
56.37590136,37.37739008
55.10128037,38.62966542
56.24968037,38.80723277
55.01892029,37.24790396
55.81566834,37.98975829
54.56770789,38.28961554
55.04404569,37.53536678
54.65771808,38.92248099
55.62691616,36.37896249
55.38169345,35.76950407
54.79982335,38.39107742
55.98434932,36.93216849
54.5872276,38.35560722
55.55443759,35.10401901
55.03718462,37.07419365
56.6701531,39.42215551
56.71391979,38.89678257
56.1315435,38.15382678
55.38283855,39.10332195
55.33161532,40.02161737
55.23119203,37.02708904
57.07723175,38.28545267
55.23898427,36.60518585
56.15794055,36.78474813
55.310048,36.31436534
56.58229082,39.17327653
55.80000952,37.78869035
55.6656895,39.69676097
56.41167815,35.31100143
56.0948039,40.07753835
54.85065981,38.00878218
55.40705625,38.48331725
55.94151735,36.34188071
54.89944725,37.83786508
55.85916829,40.03106027
54.83810566,36.36990125
54.47445813,38.270502
56.02466822,37.55387024
55.96683855,35.6922981
56.09225022,37.5163137
56.23998377,36.29948936
55.76233603,40.14486763
56.33208823,37.55003686
55.2681411,37.46599882
56.47975462,36.66076628
54.5043648,36.98058393
55.13837484,37.29791658
55.95207702,37.85233432
55.31313518,36.91879406
55.19467262,35.34372396
55.47598352,36.55120946
55.44446879,39.40421135
56.23158352,39.58709574
54.96688229,37.10395276
54.79712986,37.44470931
55.58971597,38.71377171
55.23581698,36.55210093
56.17033815,36.50442068
56.76569733,38.98564806
56.4126562,36.41580792
55.15597528,36.89369262
55.0655834,37.64025516
55.97567663,37.01566989
56.20211097,37.23413704
56.48468761,35.82171311
55.29096254,39.74352236
56.91354259,37.97237778
56.49756973,37.83903693
56.67455142,38.2896921
54.77757926,36.02553538
55.17510298,38.01531503
56.2411983,36.64430505
56.37211975,36.40635016
56.76784231,35.81772518
57.09913673,37.04885888
55.93104098,39.62780531
56.39152283,38.24388417
55.6884515,39.23050654
55.870396,35.63975032
55.34396407,37.57636565
55.61459573,39.360978
55.91946144,39.82260317
56.59450909,39.57904567
56.6516505,38.80215671
54.5220826,37.09804477
56.01011963,38.0002242
55.16994737,36.08309853
54.98516768,39.76227469
55.4333671,38.29912044
56.24338752,39.33713428
55.79156428,35.63603929
56.02811681,39.53445963
56.39367143,35.83486148
55.13769067,36.26426092
55.4033873,36.66330341
55.43805154,37.30261408
55.7352176,35.70725876
55.8011863,37.35939971
54.83736296,37.87064248
55.14170515,38.17941891
55.26303599,37.89741511
57.03361253,37.50852074
55.47315863,35.79155209
56.86960219,39.07256969
55.8457312,36.06357692
55.77106712,39.50296258
56.57800821,39.72938368
56.71258857,38.13847197
54.77277465,36.02643161
56.03033748,36.9610866
55.41731162,39.07260227
54.97597148,37.0847475
56.26012366,36.57062984
55.96654714,38.61809074
55.73375379,36.49516221
54.6458844,38.5794202
55.13367849,39.0606169
55.61871125,39.995004
55.56776087,40.12425188
55.8990708,39.0552365
55.8946618,39.27089816
55.15325762,37.67710583
54.71608792,36.35559959
55.28730756,37.1567237
54.65164011,39.15099365
54.80764983,37.90260195
55.23787517,35.27230241
56.76219362,39.1161061
55.2888416,39.18925429
54.49860232,37.67090428
56.04036004,39.36109697
54.98783686,39.67961621
55.52816269,36.61355384
55.39329586,38.91416537
54.92707027,36.33876317
56.67176464,38.9797451
56.21621155,38.55134334
57.02676198,38.39093645
55.77696636,37.7203267
55.13306296,35.50560854
54.59044222,37.61853408
54.56119588,38.16855178
55.16426311,36.11400574
56.67346389,39.09395485
56.91710718,39.03343599
54.88566639,39.4063061
55.73757099,37.3622513
55.83411016,37.63188746
55.92356451,36.94089927
55.60193212,38.87626741
57.027497,37.58036022
55.10482016,37.40312063
54.56542974,36.90722871
56.35872868,36.23058419
56.03036714,37.76622192
55.69113954,35.91209089
55.92717145,39.94293924
56.29697168,36.9437308
56.78134018,37.14925381
55.75713602,38.0839691
55.54179016,35.47069148
56.26024981,36.62883189
55.92241896,38.53893565
55.41355423,38.40991903
56.18924418,35.2062213
56.06504568,36.01386745
56.19300675,38.55643546
56.0110777,36.07471675
55.11925915,38.89081128
57.07619124,38.64286544
56.75681025,39.06654933
55.93163053,35.93752547
56.08404968,35.23333813
54.68114283,38.14988231
56.33922763,37.34769427
56.8079891,35.97870061
56.76067871,37.29567662
56.36083774,37.92254934
55.46447425,36.623074
55.17305861,39.20165471
55.77816072,37.50229408
55.22988709,39.47908471
54.86061092,38.25579041
56.92714845,38.64800989
55.22834634,37.96300934
55.67810816,38.55117899
56.18641997,37.47368949
56.5637702,38.16759896
56.76672723,36.66480383
55.73985399,37.08163357
55.82753816,37.728667
56.27963636,39.68192652
56.66036342,35.80855308
54.97602426,39.52033629
56.07633979,38.44703763
54.70822625,37.41817769
57.00970771,37.12936253
56.05364839,36.53073935
56.27553606,37.39636398
55.35111891,37.089956
56.81132349,36.86349283
55.26012433,38.80960073
55.834111,35.20565523
56.35069007,38.6060798
55.45794239,38.31835376
55.20539211,37.38376058
55.42560681,39.268904
54.94688477,36.47017875
55.12133961,35.534584
54.92985306,37.42824034
54.7727773,35.92036791
55.50576884,37.52512095
55.65003361,39.99764295
55.14890253,37.09933476
55.84040736,36.5186398
55.66903802,35.64186639
54.49314719,37.30458069
55.68811983,36.58342769
54.8292379,36.19174095
55.13672415,36.06866337
54.64880037,36.92762477
55.98273267,39.09565362
56.86845318,37.79067366
55.60865439,36.48778118
54.51942613,36.36947941
55.83822472,35.76243853
55.34772851,38.15793513
55.7461727,35.38721412
56.42986567,37.67132555
56.12303249,39.50519766
56.83720704,37.82707893
56.43718615,38.77640521
56.78471722,38.36071871
55.70270376,40.17181558
55.5228252,37.14328817
57.00147415,36.66161722
56.00290543,37.26977522
55.19924095,38.9439485
55.76959433,39.95490665
56.84624891,38.68872205
55.38435337,36.76182332
56.70050699,39.586385
55.60518047,36.62983389
56.60685525,39.70165566
54.36495115,37.17141511
55.88494343,37.03032343
55.3539829,38.57522216
55.97554235,38.26854164
55.31508807,37.5464416
56.88568578,36.88981157
54.5634405,38.79470445
55.45098811,36.38757952
56.74277002,35.8782121
55.94464641,36.18557657
54.75860188,36.1611701
54.94994568,38.78797926
55.3048657,38.76422234
54.6063995,36.38650654
56.30555764,36.35692966
55.05198974,35.61521308
54.66449629,36.88589411
55.8866059,38.18758298
56.94753385,39.07904083
56.04520568,38.89304073
55.18350963,37.08647179
56.04648086,36.54982909
56.03254538,37.3397637
55.88233037,35.27603946
54.69908819,39.10960449
55.72163585,35.50716602
55.17846671,38.71768947
56.82459653,35.93324709
56.43153298,35.48430859
55.90258571,39.65381852
55.6812636,36.05258046
55.7688986,38.47600833
56.03457738,35.80707374
55.25048257,37.38487356
56.23357138,36.24567651
54.69196969,37.76827869
54.75035898,38.20297081
54.43139974,36.61740262
54.95016315,38.80230336
55.39534032,39.2218519
56.27277318,39.39496433
54.51036202,36.90518876
56.24067782,36.72618932
54.69763753,38.79057467
55.36239853,38.22503524
55.48393117,36.25068082
55.34905814,36.74807232
54.4014117,37.36062571
55.0678153,37.02931037
55.69338493,36.0264307
55.4991933,39.56888409
56.44989923,39.87284119
55.98712299,39.87241453
55.30445804,36.76497034
55.72541403,37.56220872
55.8518399,36.5367841
56.49264885,37.75275154
55.7769459,35.10619766
54.42956909,36.85460476
55.17161616,36.94468827
55.00614884,38.43470282
55.79480653,35.62694525
56.55475153,36.03695975
54.83747355,37.14679762
56.8408048,36.65212202
55.97086332,35.15421396
56.30838499,36.07750469
56.13545096,38.98739131
56.44160594,37.52184494
56.98211352,37.40291794
55.22353696,35.40203001
55.01349344,35.96648256
57.07643361,38.43182204
55.45977242,37.95493723
54.33279678,37.64921145
56.7838691,38.28686834
55.81971199,37.68767866
55.33804665,36.36328286
56.07184887,36.3243994
55.65859435,35.39311459
56.07064719,36.50100359
55.3674537,35.32021036
55.2922492,37.31921482
54.99198856,39.56578358
56.94486626,36.64051126
55.12853942,36.38546672
55.8654586,36.85569615
55.36721806,37.61871682
55.64700564,39.20076575
54.52482136,36.58623336
56.31421781,35.69441726
56.321436,38.26371623
56.97082999,37.48524085
57.11603575,37.66689536
55.37736803,39.62536771
55.22542356,35.54557003
56.92664453,38.72681429
56.28356438,36.95116597
55.80805367,37.91483143
54.41480535,37.31827013
56.01314748,37.85789942
56.14212161,36.07361642
55.04515476,38.22357805
56.91899694,38.90845305
55.05712843,35.38949589
55.13722497,35.51343099
56.77756734,39.44848274
54.72264063,35.92705786
55.56750724,36.93159468
56.24736994,38.64491128
56.3669196,35.97687597
56.59073108,37.94364277
55.12223089,36.78619019
56.55042466,38.65677305
55.49640297,36.02807242
55.29961363,36.17130983
55.35997412,38.00805326
56.08440906,38.97773367
55.606922,37.80038807
55.7493417,39.60480443
55.65781581,36.16942562
55.60729431,36.33670865
55.10574538,36.0119778
56.00117318,35.38246752
57.12031736,37.1698874
55.50330049,38.03244575
56.70104004,35.76903608
55.89994566,39.60059179
56.03111414,39.20090762
56.32367399,39.68856557
55.69164393,38.19197787
56.15987045,36.25804767
54.47732731,37.57530164
56.40871374,37.5901805
55.22115023,37.74523405
54.78868696,38.95504334
55.32119073,35.70784576
55.16560697,35.98784248
55.32405057,39.25876506
56.53730001,38.4601219
55.96691738,39.69223344
55.03575639,37.32811529
56.86681359,37.84027519
54.51443451,37.87842666
56.27178639,38.08329941
54.61615289,36.45499588
56.07206935,38.75410455
55.54540193,36.23651443
56.04366305,35.84502481
56.72767443,39.54120318
56.33680065,36.76231621
55.34848554,37.54431905
56.18518992,35.92208013
56.10973749,36.27184501
56.99444981,37.43122264
56.91023164,37.89363246
54.64553998,36.01755096
54.99855808,39.14043971
54.33335408,37.29751563
54.81555734,36.28911957
55.96349398,35.89509661
54.88202781,38.52266482
55.90525794,36.34947226
54.7976137,36.24178426
56.56939488,35.93640462
56.35533469,37.00317395
56.83763988,38.46260339
55.51067883,38.20807854
55.11432878,38.4725518
56.50662948,37.27846155
54.76802087,37.8295303
55.04602309,35.73620472
55.53760023,35.96328314
55.0362867,38.56117535
56.2706038,39.29402232
56.28140883,36.02072808
54.94419611,36.95840086
54.57952679,36.80269483
54.55474532,36.34503246
55.35234412,37.01196309
56.92346026,37.58457489
54.87797643,38.75924539
56.40911687,38.56648933
54.92664599,37.33015519
56.28595269,35.3440988
55.02614731,37.27886028
56.84739951,38.71433836
55.50927063,38.75536169
54.55461221,39.02676352
54.58023814,37.84497758
55.67879154,36.21967398
56.20300467,36.54593705
56.19182044,36.30938066
56.95891231,37.86256687
56.75025347,39.43241438
55.37131486,38.75558091
55.21503677,38.34437738
55.60798655,37.50700571
56.20230854,35.62373791
54.77398102,39.43946025
56.10250959,36.31845496
56.07198633,37.2548002
54.84056909,36.50021593
54.89711638,35.77287212
55.22656789,35.58550027
55.67829663,37.18059878
55.7839586,35.16937747
54.90246775,36.11716361
55.48641964,37.90462608
57.00307538,36.55292786
55.10692986,39.67834607
55.62412563,36.23827736
56.03168661,35.66312452
55.45904396,37.63142619
54.90888572,35.74665889
55.47806764,40.02349066
56.62670232,38.15852604
56.61692926,39.26900771
55.22872045,36.62589767
54.80325071,36.49777474
56.19985889,36.13997533
55.57862208,36.37335943
56.30962642,36.35310943
54.88866185,35.59907636
55.93882401,36.56588197
57.15734406,37.48913561
55.69489092,36.77073811
54.77155767,38.6439256
55.06831808,36.37191127
56.51682375,38.50464161
57.07863175,38.17307664
55.85768895,35.96942098
56.36736317,35.48333868
56.78318813,35.89257629
56.32236289,37.73846367
55.64180252,36.28489789
55.5586577,36.03728304
54.46746227,38.11772514
56.07192633,36.0456997
57.04835373,36.96243403
54.54710545,36.28291092
56.02421106,38.11476103
54.78108874,39.25975966
56.62309622,36.90920804
56.90527245,36.98406633
56.15264956,39.20486945
56.93345902,37.825676
56.7809765,36.08718898
56.65457132,38.37835628
55.47457393,37.49722557
56.95217662,38.77143855
56.31146295,38.58359621
55.52624357,37.73326634
55.09937795,37.10983513
56.09270046,38.50869542
54.97357421,39.23785523
55.67563402,38.4585497
55.75442668,38.42612207
56.33416451,37.15453189
55.62152751,35.91489349
54.75382407,39.43309899
55.80844626,35.60982449
56.33271717,38.40762023
56.74185366,35.76954018
55.82914448,39.13061921
55.21877965,39.05834275
55.80673353,38.66593344
54.71371414,36.86386729
56.45306082,36.03139346
56.48925825,39.02110691
54.77884434,36.39786974
56.80975912,35.98943105
55.09906174,37.52852227
55.87620338,37.45287754
54.90934523,35.86182663
55.52583013,35.65689437
55.66049185,35.35289862
54.92462285,38.47267606
56.57662508,38.87443144
56.21981727,36.79301597
55.3486553,38.25536053
57.09202548,37.67788114
56.88829145,37.78680162
56.28978831,37.12558245
54.9679036,39.68434839
55.23195991,37.51936829
55.46696419,36.60843214
54.96724428,38.54900169
55.48619304,37.76746588
56.11325799,37.71807314
54.93977837,36.95909531
54.63534518,36.49794785
55.16352131,37.96066678
54.74115908,38.27490808
56.21293992,35.83286748
55.8988452,36.7429849
55.86561106,38.45533438
55.4286851,38.96029486
57.03361589,37.39795203
56.36733355,38.0188376
54.97618579,37.89632647
55.19697514,37.51869579
56.20623062,38.41375475
55.99668908,39.49209884
55.66226415,38.54134053
56.61794546,35.54885575
56.16346135,35.48944941
55.58268836,35.92754846
54.9051969,38.58651029
54.39027836,37.41404076
54.97196174,39.71196525
55.13840513,35.67175961
55.48062632,37.9129725
56.01202648,38.50876704
55.0900366,37.37196978
55.54288673,38.06190414
55.78572992,35.57586155
56.12294421,39.17055223
55.64855232,36.58801852
55.97619016,38.89786834
56.24999991,35.46241857
55.4972343,35.24147199
55.36297819,35.31290203
56.61988848,36.08209589
57.0987226,37.44504473
56.39835557,35.57896005
56.08907004,40.08969284
56.58393244,35.62361634
57.02229118,37.6561289
56.85454512,36.59911588
56.1219698,36.16672971
55.01801594,38.94980473
55.40951867,36.41191965
54.98340822,37.42121769
55.97288955,36.19614776
55.10474451,38.39710847
56.35151556,37.43199811
56.27778347,35.59206075
54.89968366,39.16090778
55.79358574,36.62936839
55.52021955,39.91742611
56.153199,38.54247375
55.22385825,39.23712911
55.40488813,37.66906907
54.91771505,38.16622223
57.14844712,37.21525567
56.09179243,39.47287182
54.92891114,36.89201781
55.84022891,38.95654069
54.95953896,38.07638443
55.70459758,40.02539425
55.20511019,39.35089553
55.79155705,39.83722572
55.62225504,35.77102498
56.35353854,36.84388639
55.95496558,39.64839395
57.0125321,37.94434914
55.56630732,36.38144065
54.60616672,38.21423988
57.19895542,37.80379702
56.77149124,37.04285288
54.47004771,38.35443779
55.35408485,35.73782855
54.97660985,36.99890246
56.80039844,37.2086486
56.22112224,35.55392467
55.55856193,35.60712521
54.42104235,38.53349886
55.67846537,37.77740566
54.86092996,35.95830725
54.91273842,38.62100238
56.29863325,36.04603112
55.78571355,37.67194222
55.30619458,39.11418371
54.51516037,36.97339761
54.82947643,39.22220123
54.59548614,37.29547125
55.48193234,37.02615043
56.53806935,39.30108951
55.37098973,38.80514272
55.57090285,36.00231421
55.33596221,38.21985102
56.41099205,36.36308085
54.97477374,37.62008403
54.79236917,37.46282079
56.67626045,36.54542998
54.78412974,38.00784541
56.14309311,39.47640673
56.46746464,36.18082096
56.63965945,36.21419306
56.63900135,38.37235054
55.55279384,38.67215081
55.70304846,38.35493318
55.36252149,36.9159529
56.61641141,38.35197244
56.57402851,37.19733404
56.54353196,37.96505616
56.42945886,35.63407812
57.08682458,36.86276162
54.73363877,36.99465124
54.7805593,37.83616509
56.06944401,36.71803386
54.92983569,37.76736584
56.92188223,38.59277556
55.90244616,38.39527548
56.44947086,37.87263062
56.14305815,39.01996816
56.22573878,39.39255309
55.30967878,36.22529588
55.31427099,38.36492363
56.95524272,37.22696417
56.65838525,37.76881302
54.97539714,38.78555995
55.8690444,35.16706849
55.80722097,40.1640395
54.54778612,37.3391591
55.64658739,40.00273793
55.98046663,38.66413068
57.14520227,38.10424087
56.29432729,38.27905481
55.5837814,37.62456713
55.36808658,37.79788184
54.55979685,37.32136534
55.90220165,37.28786662
55.83484541,35.15453004
56.12200512,38.60376751
55.38911332,38.47708162
56.20172145,39.67391593
56.18223256,37.46454541
54.70423683,36.9386141
55.07012038,36.54562829
55.94186542,36.16155051
56.52728822,37.43845103
55.41485456,38.02848667
55.58268828,37.77929351
54.45897541,38.46764065
55.00202232,37.51363699
54.74337231,37.69125698
54.342613,37.58007652
55.95216973,39.16276592
55.64590949,35.66687198
54.87801641,39.51117818
55.04761076,39.24886357
56.06788252,36.15229138
56.65039415,36.13238473
55.60281827,37.52035412
55.82643934,39.16882493
56.81910696,36.63822758
54.82470534,38.3621718
56.60129406,39.27837605
55.24609768,37.87318403
54.83195003,37.16933601
56.19991193,38.84216767
55.01674334,38.13064996
56.04866491,35.48978627
56.08608848,39.67866
56.46230642,37.47999536
56.12019886,35.25466173
56.15062048,39.9597429
56.24389847,39.65708126
54.55817152,38.0613629
55.22104336,36.87951495
56.49949223,36.82331994
55.73753674,39.75920505
54.64686694,37.97289359
56.98241384,37.47672972
55.71519635,39.74593367
56.18924753,36.56774229
55.17261104,39.53831978
55.48952328,35.32724355
56.00791885,38.35472413
54.77898602,35.99922411
54.85325011,37.37626585
55.82360931,36.41696607
55.87105537,35.0535786
57.0023516,38.35788498
54.68492888,38.37672992
56.10791262,35.54787792
56.18154784,35.39507264
55.49966662,39.70944423
55.91265236,39.60996068
55.73115909,35.86427241
55.74343629,35.16292502
56.57580792,38.23178241
54.64557838,37.73961214
56.3369131,36.8591095
55.73572691,39.17609024
55.39121153,37.19855374
56.1164687,37.71603671
55.5188803,38.90865138
55.65474059,38.93173914
56.86023153,39.25703163
55.18547065,38.67370626
56.53825241,38.17719346
55.73069559,39.26464956
55.02620573,38.65043467
55.8751539,35.07943424
54.93518309,35.75938231
56.30738471,38.2559589
56.77947155,37.03806092
55.95254409,40.00583546
55.46536986,35.89183591
55.73919539,39.48703911
56.18248821,37.74279164
54.46590983,37.6268081
55.27708111,36.96543928
56.13256679,36.85691946
55.51015924,36.55619646
55.92373318,36.91913876
55.30957782,38.39864307
55.50842579,37.03033122
56.23802762,35.61591715
56.95071769,38.59076837
56.84400725,36.26672555
55.07700051,36.06348961
55.31558566,39.33846539
54.81075491,39.1425952
55.82725584,35.13409976
56.96018178,38.31091435
55.33190347,35.91905781
54.55994852,36.47959191
56.28914295,38.89395933
56.45241377,36.07737055
55.9487074,36.72971876
55.72279891,35.8032788
57.08610649,37.63969468
54.92854622,36.01396007
56.62253818,37.33551355
55.48738286,36.07973589
54.76831129,36.2313945
55.67646698,38.85824325
55.34705841,35.38739879
56.57326027,37.15113953
54.64860229,38.34808242
56.25026918,35.46288888
55.58763813,35.44890306
56.77318302,39.05380023
54.54610629,37.02898198
55.60455117,36.46305691
56.85079789,38.24074628
54.69088184,36.33356206
55.55081555,38.13591721
56.30673968,39.3947457
55.52945988,37.38096473
55.67270135,39.96237767
54.92069856,39.28170438
54.45507212,36.69534743
55.97073857,37.30587472
57.0709767,38.41186313
56.26824279,36.0542633
54.42352271,36.76110478
55.06428586,38.2535313
55.57215073,38.78394184
56.49981062,36.82916003
54.91109554,36.76579904
56.4098502,37.52162104
55.72528502,37.38169631
56.64208847,38.41027019
55.94025773,39.40172011
55.11668468,36.96546121
56.66624128,37.81025731
56.29065928,36.9162354
55.12808954,39.90550928
56.35567746,36.1705889
55.13935237,39.62545062
55.82433993,37.76608699
55.33591093,36.26614024
56.34935838,36.85716845
56.44557194,38.3197775
54.69302021,36.94857681
56.10727431,39.18012005
55.37973221,38.51532664
55.05601969,37.37557957
56.75279881,36.9948572
56.2013972,37.30364487
54.85311034,37.94351052
54.85455466,36.31305593
55.96583785,35.59797914
56.20658382,37.07820034
55.94851091,38.54258523
54.75251803,36.34794339
55.88702805,37.63387919
56.75727803,37.2838028
56.13752472,37.08008102
55.90477515,37.73692495
56.09224561,35.68018371
55.30676774,39.16786334
56.18460055,38.46412432
54.64421857,37.34415627
56.56458928,36.96569918
55.07856346,37.50983662
56.60527909,39.31533136
56.08768538,36.10006749
56.0473464,37.56288085
56.11158792,39.78755762
57.01742917,38.62369444
55.02682548,36.95354913
55.77783668,36.36527507
54.93445268,35.64641743
56.1626875,35.31550186
56.93596479,37.90866815
56.70047524,37.69030348
56.53139206,38.31362516
55.24208289,36.64054871
56.10776733,39.65420986
55.24013679,35.91606261
54.97090266,37.03040791
55.92192945,35.98212935
56.23424909,36.11485757
56.7300859,37.97936085
55.31397992,39.3388285
56.20214183,39.07302358
56.23023254,35.58547902
56.59311945,36.62184702
55.57799236,39.85831989
54.40604472,37.55587511
54.6360507,36.81876711
55.94873163,39.13187883
55.0236303,38.7770886
55.22669172,39.36055848
55.7623412,36.31217762
54.53114719,36.89284359
54.64004912,38.70913989
55.32878892,36.04977606
56.81516182,38.30566907
55.07107548,37.65345499
56.67956645,38.1786605
55.1257519,39.70496454
54.85986666,37.02852146
56.19675904,39.69681934
56.4635605,37.06639228
54.90323206,36.20767043
55.81329422,36.66292544
54.3927428,38.04525281
55.10513894,38.54995737
55.60031004,36.25708419
56.61865883,37.3500675
56.19773726,37.61916853
56.4446292,39.43543109
54.43015475,37.8953766
56.72701457,37.27731501
56.53647184,37.05509079
55.78425905,36.86514647
55.28314153,39.34702381
56.55756477,35.71304432
55.11081467,38.95973309
55.57278008,35.46267701
56.31958117,37.77258371
56.58715075,38.9294974
55.71838532,37.13348343
54.84875348,36.89533757
55.99732795,35.30722642
55.87634545,38.47311724
55.72141461,38.391429
55.92699723,37.45316252
57.01343975,36.81213729
54.82807017,36.56022808
54.90969948,38.52578677
55.50283928,38.17125965
56.31083194,39.23500301
54.63554104,36.42936288
55.20603983,37.46644468
55.94421875,38.82322292
55.88094998,39.58705871
55.31611992,39.31114647
54.96323502,38.79036473
54.61761151,36.51635544
55.50381987,37.85098521
55.68918255,37.42070091
55.96525075,37.70682855
56.01149008,39.94562874
56.51780919,37.1940051
56.97867372,37.28212572
54.46816471,38.29230763
55.06694911,36.40260573
56.30281517,36.03013521
55.61432995,36.45313121
56.70325523,37.07087791
55.18720886,36.67877154
55.24939973,36.1080437
56.77851596,39.1156834
54.86644341,35.99159637
56.45150451,36.9438769
56.05194286,35.95461362
56.1719876,38.49221648
56.64768072,37.7779126
55.86277153,37.89098559
55.33783599,36.69400532
55.25835499,36.24349039
56.0237901,37.39545379
56.29365872,39.30737728
55.85336068,39.12582511
54.89341586,37.34716727
57.1438801,37.94183843
54.51144019,36.55969854
54.34452493,37.09563431
56.3721818,36.48600912
55.0324731,37.96056984
56.93833369,37.83640207
57.13707921,37.08150311
55.72373505,36.55981293
56.08120627,36.9109253
55.6210447,36.0063267
55.7569028,38.17869744
55.99543248,39.41830174
56.3985905,37.91356587
54.66365777,38.92856868
56.84728656,37.85277365
55.48444625,35.98431058
54.64463317,37.35741022
55.71797278,35.23870601
54.63329178,38.14602883
56.69361445,36.68056208
54.81377271,38.44160438
54.48471624,36.81701172
56.61330022,37.7456411
55.65171148,37.06964822
54.95078659,39.51879395
55.57740796,38.08308737
55.00687014,36.90305678
55.66494227,35.99488801
54.85017741,38.70528527
56.28627235,39.12761225
56.05458454,35.20054713
56.55179523,35.91775358
54.90837473,39.3863355
54.59258532,38.64546862
56.86088864,38.55142151
55.03519819,36.43507513
56.77038239,38.75833992
55.24004466,35.51714773
55.78435438,37.39481114
56.20729999,37.82025878
55.31881901,38.21015121
56.82233582,36.0488174
55.09305781,36.65836035
55.49345314,35.31460209
55.29828353,37.46254769
56.81199423,38.73112372
55.08085673,35.80606764
56.34159693,37.13263503
55.70714786,38.77301005
57.12948113,36.9118585
56.89459009,38.01249052
56.4521201,38.81097687
54.6657477,38.25484354
56.69775311,37.24593293
55.85955025,39.01157904
55.90011224,38.82995155
54.72761181,38.62680325
56.5407418,37.99042102
54.53526392,38.47464845
56.78631703,36.78582161
54.90636873,38.86086522
56.34161478,39.88812972
56.34999576,37.02928124
55.9818932,37.26372585
55.10387797,36.33007862
56.38498185,36.73614086
56.64929787,36.04340503
54.79996618,38.4343982
55.82216676,39.67577248
56.48693185,36.40181568
56.70179216,36.04019562
54.63957081,38.40108351
56.91160206,37.57660408
56.13993798,36.96412436
56.72472024,36.37817945
55.43000053,38.18027848
56.37934042,36.88210611
54.85230159,37.53272752
55.96487594,37.85289198
55.50019613,37.62140143
55.54997246,37.65364239
54.71174898,38.97666961
55.80285319,35.37493866
55.01094798,37.50587498
55.10529436,36.88199669
54.9547152,37.03385929
56.08049512,39.08441177
54.9046026,36.39077358
54.66909369,39.23451983
54.78791007,36.53407501
56.91066461,36.28542526
55.97050848,39.99259364
55.9934787,37.12946454
55.49217222,35.77106639
56.30854725,38.09281388
54.36810659,38.09913604
54.91897479,36.08408131
54.68045187,37.58617919
56.27915262,37.10877122
56.0364844,35.77604458
56.71848179,37.68538937
56.62122239,39.28375281
55.41568886,39.47891691
54.66345383,38.19585343
55.12428757,35.43069633
55.76916348,38.62079984
55.90387525,39.44020796
55.07679295,37.9441504
56.00729346,35.20119787
55.73749314,36.65955756
54.42863889,37.11055724
56.13959493,39.73659727
56.54991496,37.24342462
55.71332563,38.14494747
56.31132636,36.52293689
54.93281895,38.39719878
54.50119824,36.91545429
55.24612154,35.94593219
56.34227049,38.40375026
55.88054782,35.24489665
54.37350324,37.73346266
55.02538912,37.98845177
54.89544389,38.70701278
56.04594263,35.35808066
55.45292894,37.86685781
55.54841352,38.82302957
55.12466638,38.77074703
56.55337686,39.46290024
56.83185832,37.23736302
55.9184604,39.00008261
57.00823242,37.66098829
56.06824756,36.0480585
54.93213736,37.014936
55.39622593,38.23006429
54.60973349,37.06991625
55.25587914,37.93384175
56.46679721,39.14784852
56.34213466,35.26011774
54.73965562,39.10906547
55.84225755,37.87760329
55.54551774,37.51757845
55.03481601,39.52799765
56.01726208,35.22717093
55.70611143,36.96822388
55.64368555,37.78026727
55.16886698,36.56136261
56.72059389,37.24989713
56.36383164,38.13092647
56.65552501,39.55125787
55.20107563,37.7101061
54.92663517,36.13189371
55.93460396,35.32420026
56.14031938,36.84384474
55.48750437,38.72316623
56.15292861,36.90312179
56.23726736,35.2666813
55.49372369,36.79035195
55.04739511,38.06904915
54.61970052,37.9875572
54.81747438,36.03615206
54.49162637,37.10579331
56.41028498,36.43949856
56.4354147,38.69092132
55.45048906,38.57187625
55.3504033,36.29339961
55.47676559,38.82082736
55.37878566,37.24511228
56.3573546,39.32613741
56.56638291,36.24780413
54.91868848,38.3805605
56.66370513,37.54827872
55.28886414,39.31006775
54.86497207,36.57031783
57.05886783,36.88674939
54.68332021,36.88009736
56.77152912,38.42369854
56.7238254,39.029996
56.74742503,39.46670874
54.35048163,37.5857954
56.78465254,38.71517797
56.05869582,39.55334707
56.11845956,38.28623537
55.26167601,36.40640271
55.64952471,35.10906172
55.4332529,38.28323636
55.57035115,38.47643382
55.23345096,36.5119084
56.45746502,39.81167616
56.30431971,36.91773637
54.52962832,36.49477083
57.05296483,37.98724576
56.34028648,39.03622475
55.07767481,37.50413745
54.80279229,37.61842038
54.93324329,36.95797309
56.02822307,38.29491762
55.53728908,37.19500361
55.90906566,37.98889676
55.58867992,36.33620043
55.92390596,36.44597106
56.50480765,35.72476171
54.90890181,36.70851791
55.39213978,38.98381852
55.44210216,36.79186954
56.95549729,38.42950326
56.64525591,38.75513622
57.10371453,37.79584808
55.92011869,36.93819405
55.93667307,38.04039526
56.71740205,38.89677007
55.63953161,39.92417686
55.44714708,38.82459593
55.5861207,35.4934603
56.36207767,35.31549232
55.8541074,37.45308124
54.71562617,36.60021289
56.0136965,37.8523037
56.00933305,37.81031672
56.23392715,35.66920118
56.22100322,38.47797699
57.16888411,37.95654537
54.93455316,38.34503238
54.73776645,35.88127644
56.94184811,38.79290466
55.5978433,36.54453052
55.58912137,36.19353877
55.46931564,38.27914578
55.95914355,36.53547963
55.97979337,37.72548479
55.31893552,36.36667257
56.26659076,35.99653148
55.39208402,39.71266493
56.25461518,35.63421969
55.79590097,39.95427484
56.36232195,39.56629499
55.44463233,39.50207955
54.94278511,38.80513633
56.27351024,39.50205594
54.7859728,36.92473879
54.78024137,36.93821716
56.72956678,36.63165185
54.5588789,38.33427351
54.49951226,37.19771143
55.34314514,37.42929809
55.96245869,35.43877055
56.74545607,37.09322962
55.68531597,37.76069113
54.80739758,38.05824785
55.51744447,35.67271412
56.81806956,37.15636933
55.07456886,38.48736168
55.47122702,36.85907363
56.3417253,35.99723324
56.67487843,39.47400064
55.78460873,37.15608036
56.35300582,39.54353459
56.86626947,36.20910299
55.80126417,37.64276717
56.55019469,36.46956938
54.92088135,37.00836365
55.41907307,35.70423316
56.86389104,38.75362719
55.08880971,37.69455509
56.18580849,35.29902841
56.35887277,37.01283165
54.62069374,38.3968686
55.14311248,39.40595401
56.17326767,36.85844012
56.25184027,36.14278722
56.49703399,35.54652762
54.81442315,38.7275429
56.35611763,37.31515545
56.86265116,37.69670777
54.77237366,39.34257988
54.38053955,37.1148681
56.6541186,39.35085577
55.6744355,39.78650051
55.54846099,36.45385804
55.85437826,36.11783244
56.50399828,39.59073187
55.4862684,39.52580326
55.63099695,35.1415286
55.7810333,36.23866103
55.61264854,38.24876412
55.62449705,36.78092573
56.28370838,38.04953361
54.55069231,38.64750246
55.22186786,35.7955092
56.84990808,37.92722135
54.43838956,37.87110722
54.63727101,39.02089509
55.99302601,39.97221802
56.28818273,36.96586912
55.35593562,37.10235054
54.41395717,37.21620972
56.14118522,39.81355218
55.28721304,37.06680174
54.58527491,37.65367986
55.91204483,38.91064707
56.7687624,39.06303583
56.18021985,37.73941797
56.91018405,38.52286312
55.46287568,37.26919406
56.58115152,39.23960294
55.58601028,38.25860828
55.2651348,38.83814953
56.95364866,38.33963398
55.03234855,36.1949068
54.88256154,37.95401272
56.33187629,36.22905614
54.3768762,37.07678356
55.46056068,37.85567225
55.65941555,36.80563977
55.08760678,38.35588485
56.14246395,39.35214404
55.8545392,36.37738626
55.41940682,37.42000359
55.92772737,36.72403619
55.65143004,39.81540698
54.56206084,37.96419464
55.23838293,35.25395245
54.53783814,37.16355114
56.83528895,35.93196125
56.38563806,36.83292653
56.16315066,35.27410244
56.80504592,37.00472582
54.85428296,36.72047172
54.63253804,38.4983547
54.44234597,36.60662446
54.90689403,39.47586515
55.98133967,38.41263489
55.0656566,39.20309361
56.64261296,37.50141011
56.39744687,36.93350888
54.7737707,39.47526863
55.61459016,39.58487836
55.11397704,37.70827015
55.27959667,38.50093083
55.70937372,38.42407646
56.83803194,36.79350591
55.4214208,37.69111839
55.61352427,39.84832729
55.56535323,38.82489481
54.67660842,36.88439314
54.93545608,39.51846326
55.98775941,39.46634496
55.42422734,39.74522063
56.23224597,38.50114195
55.79846238,37.10346036
55.07702362,38.69699568
55.10110632,37.16711071
56.10809296,39.52278058
55.45555899,36.67527446
56.61719905,37.20831355
56.0069382,36.23097544
56.47155768,37.62035647
55.05617178,35.76867571
56.69794531,38.96411136
55.84195094,39.66293016
55.6705526,37.73589626
55.96234621,38.66392808
54.5430935,38.63102869
56.85134894,37.46597537
56.95616668,37.10729444
56.54652995,36.30588476
55.45644384,35.8697114
55.8763816,36.64467393
56.5790639,38.34910342
55.25428396,38.24113641
56.22335902,39.6034415
55.29735159,37.41308637
54.47004688,36.56612343
55.37028746,35.92011887
56.52218403,36.49039308
56.72601543,37.74238243
55.62440689,36.13801608
55.55085569,37.32978451
54.90612653,38.16559672
54.39037185,37.47553906
56.0519194,36.85369597
54.74931926,36.69754271
55.8736414,38.91407081
55.36571403,35.42885706
56.51746764,39.19745004
55.98189877,37.01019665
56.67478391,36.84852033
56.08934266,39.98057782
55.19469232,37.21621348
55.42819816,38.25072876
56.03936479,35.89270682
55.47893459,39.06174303
55.28248874,39.38025225
55.52570493,36.49685988
55.97491989,37.34767006
55.44094042,35.27995769
55.36517799,38.45690773
55.98574756,39.71945521
55.08923243,37.96643797
56.48381906,35.4662997
54.94334228,35.56119538
56.51328853,36.11306057
55.43155715,36.2554723
56.2001825,36.24565306
55.63606903,39.98220883
55.88056457,38.96015618
56.3394376,38.81905072
54.6934675,37.23097299
55.41481399,35.96135811
55.41367846,36.06802083
56.24277469,35.20751299
54.47238233,38.77540999
56.32023243,35.58870905
56.05928417,38.85967135
55.47890107,38.14079356
54.92058277,38.46312155
56.27895827,36.99236064
54.92825395,39.54332528
55.60492732,35.26128957
55.8720497,39.07677066
55.44540094,37.15581132
55.31433895,35.48083545
56.25704969,38.76803597
56.12589984,36.21544511
55.99093883,37.95554208
56.6840384,38.94557871
55.91877615,35.67421307
54.962775,39.1897767
56.16375544,35.19632778
56.91687583,36.30514772
55.9372311,38.27022502
57.12612354,37.15357945
56.32748446,37.35370775
55.90444533,39.04138907
56.20785341,35.16222219
56.57097357,35.61364223
55.65604655,37.09301086
55.98308175,38.67725026
56.61167917,36.55876679
54.62214424,36.20028945
56.78552098,36.69769728
56.78111685,37.56101219
55.78946789,39.59131813
54.68319255,36.4503284
56.15519767,36.72085122
55.66048317,36.17444862
55.34742479,36.30041953
56.09076921,35.21063324
56.36494771,38.86213796
56.16518869,38.83632728
55.68907725,36.38744373
55.50548713,38.21751408
55.77014159,37.71864949
56.42918153,36.10209266
56.7761281,39.31060301
56.19511136,38.4334913
56.38325306,39.04789092
55.48413687,38.89795434
55.8441423,35.63927557
55.38178439,35.47306291
54.73174731,36.65146074
56.18668522,36.41728799
54.64435105,36.1373203
55.9006714,36.23439125
54.58167518,38.29565398
56.58416402,36.94705369
55.78038389,37.08070423
56.03980906,38.13625046
56.67620374,37.6324399
56.5521418,37.97872867
56.06930968,35.90902558
54.6891891,38.59930348
56.47418751,35.9227615
55.47325233,37.92715578
56.36408869,36.43580762
55.28077502,35.40798458
54.79120907,36.47694327
56.07807473,37.25572583
55.76665142,38.09020639
55.74815711,37.56247725
54.9137513,38.09503597
54.60396171,38.34446376
56.10026084,37.15238345
54.69279401,36.95797897
56.04479899,37.70709951
55.25070478,35.73660445
54.88557359,37.63887745
56.06732521,37.36190463
54.72768352,37.03436465
56.23760085,39.90037754
56.06277459,37.49277957
55.20167985,38.63432762
56.84876368,36.28434918
55.91559578,37.5901346
56.9552024,37.72823064
55.88007857,39.55693648
56.14532605,36.39646129
56.78726491,36.50411776
56.42249045,38.28113443
54.81770567,36.67892351
55.5251055,38.31988243
56.90593056,36.2253746
56.38567416,35.49185189
55.28218039,35.46627687
55.33213625,37.32822782
54.66356365,36.15401578
54.87709642,37.39800823
56.29111061,36.8891109
54.55523299,37.49294918
55.57899331,35.1264782
55.60367055,37.73334012
56.89266621,36.23884264
56.2392909,39.74694452
55.34334202,38.2871034
55.28410507,36.14776571
54.78008088,37.93137975
56.36649718,36.38413471
55.44623735,35.62075451
56.18552676,39.67558239
55.33350339,39.47832748
55.91850545,35.73320546
55.93635543,36.84946838
55.26240484,38.18877093
54.99546673,37.74041788
54.62893585,36.12106878
54.81720665,39.48142581
55.51895561,39.98655783
54.71447842,38.10516375
56.21449374,37.5644806
55.43824919,35.435882
56.11588333,37.06705425
55.30617262,35.75649966
55.52870376,36.86149314
55.251877,39.30382362
54.94987074,39.16455007
56.08443316,37.20302591
55.73246062,37.87203204
54.74698081,37.84899286
55.83194218,38.91007464
55.5281507,39.62173898
54.50461747,37.98651829
56.61290455,35.66034995
54.36039855,37.77259918
56.50759047,37.81008514
55.74116531,35.27169568
54.77133543,36.35124734
55.7987937,37.1784924
55.7867225,37.42582933
56.11135541,36.85311277
55.18658217,38.59609752
56.28736613,38.21676393
55.4130865,35.39832168
56.04550264,35.73518897
55.839436,35.73820645
55.93865765,40.1275008
56.80198727,37.7182618
56.73701306,37.10027668
55.28997747,35.76703644
54.70908003,38.38691029
55.62298047,40.02774625
55.72609319,36.17313645
54.6429821,36.71151321
55.8841889,36.72941446
56.67588562,38.92764708
56.70933164,37.37024929
56.28963337,37.70387126
55.88010356,37.35956334
54.72296518,36.27019884
56.19389126,38.95202633
54.85330307,38.27600509
55.6060767,39.51314288
55.34088457,36.20870222
56.04109576,37.21670452
55.27981873,39.41807441
54.90783485,35.86127937
56.6477216,36.24419255
55.90437779,36.40859727
55.51473328,39.23420483
56.71036854,36.93658159
57.12542944,37.92337561
55.90569022,37.76645069
55.98152149,38.58256824
56.99393485,37.91300527
55.09516742,38.54581221
55.15473982,37.77367218
55.5282267,36.67294605
55.09566166,39.48163136
