0.0499,-0.000190031267478762
0.0865,-0.000161212470085992
0.1547,-0.000296495414241538
0.1788,-0.000431763078191372
0.218,-0.000794937686127789
0.2781,-0.000618293029922501
0.2999,-0.000819201029417016
0.3005,-0.000731968604667621
0.3035,-0.000870878217802462
0.3173,-0.000394607226672117
0.3269,-0.000800639875496778
0.3846,-0.000490411196336638
0.3915,-0.0010873100317953
0.3996,-0.0007177125329072
0.4025,-0.000567489092485718
0.4114,-0.001215173923518
0.4192,-0.000367950730622069
0.4544,-0.000708615378579858
0.4722,-0.000889747347960546
0.5308,-0.000527593584063846
0.5331,-0.00167275739316197
0.5383,-0.00162319009980971
0.5463,-0.00163325692822192
0.5592,-0.00111064241885983
0.5656,-0.00159579324891368
0.5694,-0.00180451833200634
0.5876,-0.00101103690229853
0.6104,-0.00154183462017143
0.6275,-0.00189909836256075
0.6903,-0.000927219205195895
0.6981,-0.00219858431984854
0.7159,-0.00216267196770159
0.7363,-0.0011241008246754
0.7476,-0.00232911762992105
0.7914,-0.00160056134564424
0.821,-0.00213894691780592
0.8247,-0.00177780147366502
0.8337,-0.00261230578082738
0.8487,-0.00176685897975193
0.864,-0.00261400042772264
0.8898,-0.00277213932291964
0.8899,-0.00146955128297976
0.9038,-0.00213537239221073
0.9349,-0.00262633922784605
0.9446,-0.00261749442049064
0.962,-0.00128508241754666
0.9742,-0.0017896724156985
1.0167,-0.00116234492518807
1.0282,-0.00318333702847085
1.0349,-0.00321127668480958
1.0371,-0.00108910862461231
1.044,-0.00323373401160132
1.0692,-0.00236438313942688
1.0749,-0.00116497539433147
1.1038,-0.0011581758934609
1.1055,-0.00284693746652831
1.1526,-0.00125510959297426
1.1694,-0.00148091848719378
1.1921,-0.00365931359306759
1.2109,-0.00310706138806505
1.2186,-0.00383522520835067
1.219,-0.00137934921161165
1.2376,-0.00377633799219712
1.2391,-0.0020202373617364
1.2437,-0.00246496487027748
1.2441,-0.00363460062473364
1.2595,-0.0013222837211595
1.334,-0.00242246131569779
1.3376,-0.00383841979377753
1.3469,-0.00316556104310473
1.3744,-0.00429343217193234
1.3764,-0.0033550960738078
1.3793,-0.0033628128287555
1.3862,-0.00219860201378475
1.3909,-0.00141950942124414
1.3929,-0.0036369655190609
1.394,-0.00361622424309394
1.4222,-0.00147897802288499
1.4223,-0.0040221061107899
1.4232,-0.00190880355689815
1.4322,-0.00290508742552276
1.4453,-0.00450287958706719
1.4477,-0.00374151597501493
1.4552,-0.00459230856345072
1.4901,-0.00152514350410615
1.4933,-0.00363325008616688
1.4935,-0.00205456785817959
1.494,-0.00441044799429258
1.4945,-0.00296675852605155
1.4954,-0.00154092448075738
1.4974,-0.00430574175179133
1.5061,-0.00161611414015406
1.5064,-0.0045607467005675
1.5067,-0.00152497549629116
1.5269,-0.00246540337078649
1.5273,-0.00307120161488728
1.5283,-0.00152660553734063
1.5331,-0.00176528435363399
1.5442,-0.00263693971703027
1.5449,-0.00292380702158268
1.5654,-0.00426869853052203
1.5678,-0.00268618143646537
1.5691,-0.00486203126476359
1.5753,-0.00290503989253676
1.5782,-0.00161560935617677
1.5898,-0.00223681196585623
1.5946,-0.00165244692217104
1.6148,-0.00176042185104808
1.6253,-0.00165064901222256
1.6369,-0.00184566462579694
1.6405,-0.00290717916994421
1.6748,-0.00363553009506812
1.6809,-0.00444298948984345
1.681,-0.0050622683830055
1.6906,-0.0018850146217424
1.6938,-0.00528401989996397
1.6951,-0.00319793283503511
1.7117,-0.00265285599023835
1.7129,-0.00413065068454865
1.7187,-0.00447504400238929
1.7355,-0.00243310202185931
1.7414,-0.00230978968781659
1.7422,-0.00238058747310244
1.7532,-0.00273416755676781
1.7607,-0.00177489500263506
1.7613,-0.00295045816840034
1.7634,-0.0023138320915761
1.7705,-0.00549655991597553
1.7733,-0.00357707674569174
1.7777,-0.00359688431196159
1.7806,-0.00274026983715348
1.7839,-0.00213682102901291
1.785,-0.00472707013368456
1.7854,-0.00264039952241313
1.7871,-0.00175385923370874
1.788,-0.00538592002073779
1.7904,-0.00183404375154539
1.7924,-0.00445226360975748
1.7955,-0.00461662054422951
1.797,-0.00507200824135556
1.8058,-0.00244743747493659
1.8098,-0.00185177589276098
1.813,-0.00332214879333392
1.8213,-0.00283827885049592
1.8261,-0.00194265759243528
1.8308,-0.00413730673314805
1.8334,-0.0056549993952586
1.8358,-0.00537019259545257
1.8397,-0.00418159048038191
1.8464,-0.00204620035455383
1.849,-0.00521906392514704
1.8535,-0.00245472072079922
1.8554,-0.00425210333433124
1.861,-0.00580304408045418
1.8754,-0.00191045532930745
1.8757,-0.00464051599561732
1.8801,-0.00188969353689861
1.9006,-0.00585836426640651
1.9049,-0.00222949006642548
1.9083,-0.00512253713434641
1.9118,-0.00237504360445828
1.914,-0.0042851818227021
1.9235,-0.00381647664824003
1.9276,-0.00587134230622288
1.9294,-0.00218784500152469
1.9331,-0.0039890703901877
1.9446,-0.00597168332155462
1.9459,-0.00618382807581108
1.9468,-0.00607043377195238
1.96,-0.00208017828275819
1.966,-0.0058183182193019
1.9682,-0.00218660015307348
1.9805,-0.00230560385297718
1.9825,-0.00454064959590195
1.9903,-0.00465422379874147
1.9916,-0.00248946505628234
2.0032,-0.00213644410326674
2.0159,-0.00430329289790432
2.0159,-0.00227131340972742
2.0201,-0.00260319682719379
2.0239,-0.00441957218536126
2.0253,-0.00225182066305774
2.0256,-0.00342882782897158
2.0335,-0.006338367424505
2.0415,-0.00614650275497697
2.0439,-0.00411062135057971
2.0477,-0.0020768997275904
2.0498,-0.00234158909468007
2.0501,-0.00198817512328242
2.0541,-0.00645879912866354
2.0547,-0.00644288839995699
2.0603,-0.00557949041326955
2.071,-0.00391110231693759
2.0765,-0.00445957462477686
2.0809,-0.00515122795493017
2.0834,-0.00312569375822536
2.0867,-0.00218774690696355
2.0975,-0.00316290264812391
2.0992,-0.0036375753941269
2.1029,-0.00211652107408078
2.1032,-0.00245235568425795
2.1051,-0.00355694603027601
2.107,-0.00403898206942355
2.1178,-0.00631676970324646
2.1191,-0.00434798893661092
2.1195,-0.00653470392257915
2.1219,-0.00332763115093693
2.1232,-0.00528153102718898
2.1256,-0.00594755745619491
2.1418,-0.0037738541917296
2.1476,-0.00475936129838406
2.1494,-0.00220201413554788
2.1525,-0.00319340055749873
2.1544,-0.0035461576259892
2.1664,-0.0030912932475422
2.1791,-0.00631081638576791
2.1894,-0.0066272845960178
2.1899,-0.00511148202018985
2.1905,-0.00396289206959244
2.1906,-0.00223197748475412
2.1928,-0.00233392069855354
2.1973,-0.00646854583164647
2.2046,-0.00289246879352589
2.2106,-0.00638462987938837
2.2146,-0.00642565701167053
2.2169,-0.00514977384701831
2.2223,-0.00700364405383569
2.2249,-0.00253227720819593
2.2261,-0.0051462966525988
2.2372,-0.00235401335945262
2.2383,-0.0027450280301351
2.2446,-0.00472308695518819
2.2471,-0.00707248328766408
2.2535,-0.00291528733402657
2.2606,-0.00599054401360943
2.2768,-0.00687633030166612
2.2836,-0.00286354182672577
2.2945,-0.00341697334162205
2.2967,-0.00226162047757628
2.2982,-0.00523771245709348
2.2994,-0.0024474054985677
2.3035,-0.00592006556682101
2.3043,-0.00664194923377437
2.3095,-0.00231089124258599
2.313,-0.00673995020422424
2.3147,-0.00616147745674889
2.3263,-0.00321024842278783
2.3471,-0.00730068445413412
2.3484,-0.00240951946441514
2.354,-0.00529495156682858
2.3573,-0.0031614384549421
2.3715,-0.00292368677977128
2.3729,-0.00729002355127761
2.374,-0.00594001092497587
2.3768,-0.00248436773643013
2.3843,-0.00346797542872146
2.3886,-0.00513623376127192
2.3904,-0.00299161326223363
2.3905,-0.00691147259046021
2.4043,-0.00546459073449279
2.4099,-0.00321072644996923
2.4161,-0.00747988087310025
2.4163,-0.00262352468204874
2.4195,-0.00428157724822986
2.4201,-0.00263513768858648
2.4204,-0.00718372806453438
2.4223,-0.00750674099669713
2.4233,-0.00689866533106231
2.4301,-0.00512499958485257
2.4314,-0.00638481811726876
2.4316,-0.00413806381309989
2.4363,-0.00661912182211477
2.4388,-0.00621765008857844
2.4637,-0.00464110062723755
2.4792,-0.00291353190089128
2.4799,-0.00475993364470906
2.4931,-0.00692013389883384
2.4951,-0.00337266063203989
2.4992,-0.00285648105936165
2.4993,-0.0078673135196472
2.5006,-0.00250567063762164
2.5026,-0.00389285876845058
2.517,-0.00253727800726899
2.5228,-0.00475439733762606
2.529,-0.00288924031061732
2.5369,-0.00765952365159084
2.5461,-0.00408325281938149
2.5465,-0.00254347163594293
2.5521,-0.00704078538261266
2.5526,-0.0029787671973307
2.5549,-0.0031503396326058
2.5566,-0.00744472177667888
2.5761,-0.00815525894994318
2.5765,-0.00272530950675609
2.5958,-0.00538139373003732
2.5999,-0.00431003011228892
2.605,-0.00371322638493066
2.6127,-0.00332569036011687
2.6173,-0.00288024068503967
2.6204,-0.00349965539494068
2.6215,-0.00399501474505781
2.622,-0.00765404691289318
2.6246,-0.00562585724858389
2.6304,-0.00262832099250465
2.6404,-0.0079491563998344
2.6464,-0.00791280835656982
2.6472,-0.00814484959916806
2.6512,-0.004126546441233
2.6565,-0.00369332707783387
2.6589,-0.00604307193503573
2.6677,-0.00844288957811434
2.6677,-0.00467830419264992
2.6683,-0.00817919491167451
2.6763,-0.00787028659397482
2.6793,-0.00415559307648383
2.6817,-0.00269060833619905
2.6862,-0.00322470813934839
2.6864,-0.00456426561468426
2.688,-0.00453720293529702
2.6919,-0.0064133016941077
2.7041,-0.0062886315740136
2.7057,-0.00376683348688234
2.7189,-0.00822567360801063
2.7221,-0.00355068337276165
2.723,-0.00803267271140928
2.7231,-0.00718538186696804
2.7232,-0.00400163081614213
2.7346,-0.00334416910200863
2.7389,-0.00646333815158506
2.7537,-0.00325398139658484
2.7609,-0.00386265636207117
2.7712,-0.00501534471164478
2.777,-0.00337595837959315
2.7793,-0.00339956645136441
2.7806,-0.00521841241304433
2.7864,-0.0087506845798786
2.7887,-0.00645705688072695
2.8227,-0.00556334425771787
2.8254,-0.0071909837313977
2.8269,-0.00365388485149776
2.828,-0.0040723304460748
2.8366,-0.00817997765897349
2.8369,-0.00303686951012194
2.8385,-0.00436790378945418
2.8414,-0.00891780747829962
2.8446,-0.00564024334111402
2.8466,-0.00868116283494347
2.8477,-0.00681857322246238
2.8503,-0.00891652091397876
2.8526,-0.00726010340069783
2.8531,-0.00730961989578205
2.8564,-0.00774601712112988
2.8567,-0.00886175288135416
2.8683,-0.00839490805678533
2.8738,-0.00496653898304622
2.874,-0.00790727947357128
2.8879,-0.00855058207292725
2.889,-0.00868433643494004
2.8955,-0.00334305300570392
2.8955,-0.0059753113454466
2.8959,-0.00906308350549168
2.9023,-0.00570146224986923
2.9075,-0.00880715206103622
2.9149,-0.00310926283486523
2.917,-0.0091403649705164
2.9219,-0.0030106118014448
2.925,-0.00300507023622965
2.9255,-0.00427669479575998
2.9316,-0.00295621231473708
2.9317,-0.00419341894219727
2.9374,-0.00347570511754203
2.9388,-0.00311909951963107
2.9412,-0.00385917380252998
2.9432,-0.00908098304309668
2.9437,-0.00906210616581449
2.9475,-0.00913596755242674
2.9537,-0.00544984626084277
2.9537,-0.00299187847904703
2.959,-0.00722353832592848
2.9617,-0.00705989038133747
2.9631,-0.00684121162334206
2.9633,-0.00565479033110483
2.9804,-0.00317644094555014
2.9863,-0.00294551579950175
2.9913,-0.00760203507235602
2.9949,-0.00332830774586856
2.995,-0.00321582564042089
3.0021,-0.00575934503277908
3.0024,-0.00698825208648035
3.0164,-0.0070226037496055
3.0234,-0.00764406428818054
3.0284,-0.00944677630918545
3.0365,-0.00368080262659687
3.0368,-0.0089393059028513
3.0379,-0.00296054984878902
3.0496,-0.00899860541751885
3.0518,-0.00302546096066569
3.0541,-0.00902503472103122
3.0543,-0.00298235274527725
3.055,-0.00963735974410085
3.0618,-0.00639500597939957
3.0626,-0.00965219326879296
3.0725,-0.00389759646826926
3.08,-0.00569816115887756
3.0833,-0.00426781391477826
3.0904,-0.00711413933563332
3.0922,-0.00686878639115962
3.093,-0.00967897234223436
3.0936,-0.0055939359578443
3.0937,-0.00396105212099007
3.1074,-0.00684094606931263
3.1162,-0.00326674277225569
3.1167,-0.00939035292442236
3.1314,-0.00451159605811613
3.1361,-0.00879397303828489
3.1418,-0.00405248669010216
3.1422,-0.00323597556614663
3.1454,-0.00574493625951122
3.1468,-0.00917390925618822
3.1526,-0.00986594924104889
3.1615,-0.00706906009276143
3.1692,-0.00316852091245945
3.1733,-0.0086886944024851
3.1812,-0.00691052701055161
3.1824,-0.00542445701257188
3.1858,-0.00553288838798016
3.1955,-0.00905292799572788
3.2036,-0.00992494333420924
3.2082,-0.00975850624934038
3.2112,-0.00328049592715463
3.2132,-0.00340776329174108
3.2132,-0.00328328859833471
3.2182,-0.00871433345763517
3.2184,-0.00565639525544581
3.2216,-0.00909285106163349
3.2244,-0.00988106670076894
3.2318,-0.00341888222586206
3.2363,-0.00767154625590827
3.2443,-0.0101916605303094
3.2465,-0.00949559073457928
3.2483,-0.00974662297224826
3.2502,-0.0100406925871508
3.2581,-0.00984954313860831
3.2586,-0.00324337398060637
3.2591,-0.0102322578037315
3.2598,-0.00553771077558585
3.2638,-0.00450657084382167
3.2646,-0.00383477512803099
3.2677,-0.0061134513736989
3.2715,-0.00987180941749832
3.2818,-0.00383712044846618
3.286,-0.00550096370009845
3.2866,-0.00643734692888343
3.2928,-0.00416861423047488
3.2943,-0.0100302213869643
3.2947,-0.0102508624587601
3.2967,-0.00759680034622701
3.2978,-0.00779100395566124
3.299,-0.0103515310042406
3.2993,-0.00350843397135225
3.3004,-0.0103826273759671
3.3009,-0.00626813400010739
3.3103,-0.0102106012603338
3.3111,-0.00594417786226487
3.3119,-0.00972155469641089
3.3132,-0.00792963777546385
3.3192,-0.00334669161651879
3.3221,-0.0102333106320356
3.3295,-0.00656431433761862
3.3301,-0.00366634349828265
3.3355,-0.00476175890644459
3.3386,-0.00331945270373035
3.3423,-0.00327834455460918
3.3433,-0.00691855047795498
3.3555,-0.00334089322467879
3.363,-0.00682569142363576
3.3682,-0.00905978806779739
3.3701,-0.00393868096070804
3.3774,-0.010636345763416
3.387,-0.00734866761767039
3.3899,-0.00335490929518834
3.4016,-0.00800651861210788
3.4026,-0.0106582364913157
3.4073,-0.00935059362465473
3.4093,-0.00633153873182346
3.4106,-0.00600072373364391
3.4138,-0.00892174397445622
3.4186,-0.00416123991736939
3.429,-0.0108034274167599
3.436,-0.00403332000284129
3.4406,-0.00835074691342141
3.4411,-0.0106375412603441
3.4419,-0.0063173998087378
3.4426,-0.00413660726576603
3.4431,-0.00341642494319094
3.4455,-0.00647869108583743
3.4461,-0.0108074428726401
3.4558,-0.00596058238889352
3.4588,-0.00748651838990222
3.4621,-0.00463237792021509
3.4631,-0.00942864964346368
3.4719,-0.00348632252083902
3.4784,-0.00848442320116893
3.485,-0.00454957681457957
3.4884,-0.00922168862418005
3.4901,-0.00750712630859551
3.5019,-0.00797063817861154
3.5069,-0.00382817720162754
3.509,-0.00618156364800848
3.5093,-0.0110658356005713
3.5103,-0.0110628628193936
3.5113,-0.00366148577221592
3.5219,-0.009268662819367
3.524,-0.00567413169023245
3.5244,-0.00600513600066455
3.5257,-0.011041044755236
3.526,-0.00940820216743177
3.527,-0.00915022964988133
3.5274,-0.00651695788521733
3.5276,-0.0111525400700483
3.5378,-0.00802408182085923
3.5396,-0.00596639196494664
3.5398,-0.00347871201581107
3.5422,-0.00467831190447532
3.5541,-0.0111487666321795
3.5615,-0.00934184611615629
3.567,-0.010204186667341
3.5703,-0.00810544308515082
3.5789,-0.0088685766245038
3.5802,-0.0035710840544847
3.5847,-0.00830078292917991
3.5858,-0.0101857365918945
3.5883,-0.00438088964244043
3.5906,-0.0104434693822073
3.5914,-0.00422574676066789
3.5972,-0.00457797857934494
3.6012,-0.0113547345996436
3.6078,-0.00731628274176144
3.6121,-0.00872530918030057
3.6167,-0.0043828527135048
3.6283,-0.00365536764158536
3.6288,-0.0112873598998395
3.6416,-0.00502593018990272
3.6416,-0.0101362784726087
3.6441,-0.0108558409749344
3.6494,-0.00792410197571369
3.6497,-0.00364160700680571
3.652,-0.00364228138001899
3.6538,-0.0109004075927817
3.6547,-0.0114773439895686
3.6559,-0.0036824357717089
3.6606,-0.00632513069918161
3.6628,-0.00363148590045004
3.6674,-0.0112852369084004
3.6686,-0.00443571123395214
3.671,-0.0105764836265863
3.6743,-0.00429097706880865
3.6762,-0.00662295561981896
3.6833,-0.00514699353329817
3.6834,-0.00433381374815367
3.6835,-0.00369760535104025
3.6845,-0.00364522727751382
3.6854,-0.00823994978173115
3.6933,-0.00546149879156532
3.6965,-0.00491263489203808
3.7107,-0.0117149402905148
3.715,-0.00932058196939156
3.715,-0.00934144193915287
3.7156,-0.0114545121479228
3.7184,-0.0117691944153133
3.7193,-0.0100463704460179
3.7294,-0.00581836531537627
3.732,-0.00557964124086174
3.7321,-0.00441380551917891
3.7327,-0.0113821716914972
3.7342,-0.00408154447635756
3.7345,-0.00458528711009798
3.7376,-0.00391760035406241
3.7419,-0.0113764633023634
3.7462,-0.00389697065622663
3.7487,-0.0100552390398558
3.7521,-0.0116475638128875
3.7541,-0.00762303758759142
3.7559,-0.00963140252149008
3.7641,-0.0117297859775625
3.7688,-0.00998300813465081
3.7705,-0.0119280401552482
3.7722,-0.00390221016257408
3.7783,-0.00781538143485605
3.7796,-0.0117944979666409
3.7802,-0.00782550603730536
3.7811,-0.00418014298944014
3.7917,-0.00856490607214022
3.7931,-0.00661362486834971
3.7954,-0.00619749195230135
3.7989,-0.00805442727925287
3.799,-0.00818709359818159
3.8072,-0.00695888465152406
3.8093,-0.00422212314825687
3.8119,-0.00559603993336033
3.8141,-0.0093681272475945
3.8149,-0.00386240681843653
3.8152,-0.00760795054283303
3.8196,-0.00463628615639067
3.8204,-0.00513750229068499
3.8213,-0.0120107392890159
3.8306,-0.00688694745195084
3.8362,-0.0111520869574804
3.8379,-0.00952679944522483
3.84,-0.00516312374072081
3.8461,-0.00736583934380075
3.8563,-0.0121529479509115
3.8588,-0.00808126950474231
3.8678,-0.00383049839919014
3.8679,-0.0122075927910967
3.87,-0.00419503507175767
3.879,-0.0120354291097002
3.8793,-0.00892938756554029
3.8806,-0.00628667930778537
3.8808,-0.0104916783393199
3.8815,-0.00381271620883972
3.8849,-0.00534531559130125
3.8891,-0.00389545000597113
3.8904,-0.00380958952308585
3.8908,-0.00511588708726274
3.8943,-0.0046212217096806
3.8949,-0.00465430175895021
3.8971,-0.0121323495822758
3.9006,-0.00380121880408923
3.9029,-0.0114922723313051
3.9054,-0.00572164153925492
3.9055,-0.0123401671293331
3.9097,-0.00739269143919064
3.9141,-0.00535090636486535
3.9147,-0.00403486690970789
3.917,-0.00968121608202388
3.9176,-0.0122419818582422
3.9189,-0.0107361893420022
3.9208,-0.0074497653574257
3.9218,-0.00404745413212426
3.9266,-0.00391448918184967
3.9319,-0.00821288684262456
3.9337,-0.0041139924656326
3.9391,-0.00405566887228925
3.9463,-0.011509028033418
3.9479,-0.00910017712475231
3.9484,-0.0115926334434735
3.9502,-0.0114042788941902
3.9506,-0.0100340244900758
3.9596,-0.00933982623539231
3.962,-0.00402241331402431
3.9622,-0.0087811927933088
3.9635,-0.00582094052706061
3.9636,-0.0124504483904091
3.9692,-0.00674177093224282
3.9709,-0.00436735839308922
3.9763,-0.00674651691779271
3.978,-0.0125037615561396
3.981,-0.00505175253598988
3.9831,-0.00689659424597
3.9834,-0.0123422011121117
3.9901,-0.00398344268811979
3.9902,-0.0125399167813152
3.991,-0.00940941555543828
3.9923,-0.0125765328549559
3.994,-0.00798176942501527
3.9968,-0.00846953285833107
3.9973,-0.00704879158915528
4.0001,-0.00478828580984647
4.0126,-0.00564678950889341
4.0233,-0.0118250450193038
4.0247,-0.00968843258518781
4.0252,-0.00403569377823132
4.0257,-0.00400755409826115
4.0291,-0.00747001851850726
4.0295,-0.0112089905340742
4.0296,-0.0116840668968603
4.0296,-0.00532114823301555
4.0298,-0.00511550554490725
4.0302,-0.0113508352655911
4.0303,-0.00558636731880746
4.0385,-0.00490843667964125
4.0448,-0.00687312911635551
4.0457,-0.0127999302298285
4.0459,-0.00652856206458541
4.0508,-0.00397209477303928
4.0512,-0.00762458967014457
4.0543,-0.00393728243513003
4.0582,-0.00560902844431865
4.0634,-0.0128477966339675
4.0646,-0.00427812290627561
4.0662,-0.00711742617369637
4.0728,-0.0067136368513836
4.079,-0.00453313805151989
4.0894,-0.00836539335683462
4.0908,-0.00752541047907318
4.0911,-0.0128682072905093
4.0979,-0.0125929837360035
4.1008,-0.0124798909692307
4.1048,-0.0041612057967102
4.1085,-0.010802022675974
4.1216,-0.010974357408978
4.1232,-0.00687707826756156
4.1273,-0.0125740298216392
4.1287,-0.00423295232001308
4.1298,-0.00455009003960161
4.1341,-0.00415140437375072
4.1392,-0.0110478825498159
4.1445,-0.00674920930580214
4.1468,-0.00807219080887389
4.1472,-0.00479637499892416
4.1485,-0.0123334182334647
4.151,-0.00911354649380769
4.1526,-0.0054084021022911
4.163,-0.00450417344418064
4.1648,-0.00670102573235098
4.1701,-0.00921709616281863
4.175,-0.0119608090904153
4.1794,-0.00407721092628144
4.1796,-0.00449548605411376
4.1837,-0.0111841599737375
4.1839,-0.00677268093073469
4.1856,-0.0129721217978913
4.1858,-0.00895736179272966
4.1909,-0.00724131561752994
4.1974,-0.00602172753044083
4.1995,-0.00560108606435517
4.1996,-0.0098972790396461
4.207,-0.00483621214380481
4.2178,-0.0122794358382796
4.2248,-0.00929328956316855
4.2266,-0.00430432084955434
4.2267,-0.013401200617615
4.2345,-0.0127931731927289
4.2352,-0.0134606497954843
4.2358,-0.0127794234958527
4.2453,-0.0100654159610789
4.2505,-0.00427452132085016
4.2545,-0.0135960204755152
4.2563,-0.0112455708270707
4.2598,-0.00797674256951275
4.2631,-0.00975998434702952
4.2641,-0.0132777162634694
4.2673,-0.00453327280192006
4.2719,-0.00645348337059382
4.2749,-0.00459912704468834
4.2889,-0.00653944900130021
4.29,-0.00546884689944083
4.2908,-0.0128738223116889
4.2925,-0.00905306654930538
4.2957,-0.0106043507286442
4.2976,-0.0135060032540677
4.2978,-0.0042920632791299
4.3047,-0.00805668444191099
4.3176,-0.0113920323070191
4.3194,-0.0118514451799374
4.3195,-0.00439497988729531
4.321,-0.00658466470838004
4.3258,-0.0105947709252314
4.3299,-0.00889636293243257
4.3355,-0.00842667704258471
4.3374,-0.0111330488024253
4.3393,-0.00469456285306524
4.3432,-0.0135762323580577
4.3522,-0.0110216086598305
4.353,-0.0139141626305994
4.3543,-0.00947515416006173
4.3556,-0.0121111415691146
4.3708,-0.0139538643236747
4.3772,-0.00750796684621768
4.3777,-0.0131663153315911
4.3827,-0.00455717321546611
4.3844,-0.00837352108261946
4.3864,-0.00526684332585248
4.39,-0.013764626782109
4.3944,-0.00739778141515846
4.3995,-0.010223651535048
4.4159,-0.0129472391218508
4.4163,-0.00438303759410008
4.4185,-0.00426168836529772
4.4188,-0.00473674930979229
4.424,-0.00650217936015274
4.4335,-0.00864028802484373
4.4391,-0.0043833770243431
4.4394,-0.0112626403640945
4.4413,-0.00975042951078731
4.4455,-0.00860418309271349
4.4461,-0.0113236758317852
4.4469,-0.00439105517860927
4.4492,-0.0128802853882259
4.4497,-0.0116044677479001
4.453,-0.0136271925460525
4.462,-0.0104725324550223
4.467,-0.0143028826029621
4.4692,-0.00828071735308278
4.4708,-0.00482966716497923
4.4736,-0.0049702151887665
4.4746,-0.0142821536564126
4.4767,-0.00616418482745917
4.4813,-0.00447322440205156
4.4827,-0.0114281691830671
4.4847,-0.00444432621468493
4.4858,-0.00432300774610717
4.4947,-0.00827475129469057
4.4969,-0.0137852911376317
4.5071,-0.00686967214060896
4.5075,-0.00479304777871015
4.5076,-0.00449432622064627
4.508,-0.00444900698261197
4.51,-0.0143258593453846
4.5128,-0.00470424220545418
4.5185,-0.00510561898126838
4.5194,-0.0142179615713145
4.5284,-0.0112231533315459
4.5294,-0.010248320588973
4.5318,-0.00465898164897993
4.534,-0.00767315475595876
4.5345,-0.0047987854549616
4.536,-0.0118627038748107
4.5362,-0.00530128943220554
4.5374,-0.0138103745350433
4.542,-0.00993706720945209
4.5447,-0.00548078602082391
4.552,-0.00510140862231534
4.5523,-0.0144773763373127
4.5528,-0.00790053680759861
4.5533,-0.013098342713902
4.5562,-0.00462201947663488
4.5575,-0.00533027513317208
4.5604,-0.00835869208121309
4.5605,-0.00653949366534246
4.5621,-0.0145583325738832
4.5635,-0.00675956881753415
4.5675,-0.0142942349651891
4.5677,-0.00652791138306164
4.5685,-0.00515815193903535
4.5741,-0.00957428278967409
4.5783,-0.0120608082325662
4.5823,-0.00969618291323826
4.5837,-0.0126509856307075
4.5842,-0.00444068427143041
4.5845,-0.0144351599317805
4.587,-0.0125662008273615
4.5888,-0.00947838709053528
4.5985,-0.00751161344417639
4.5991,-0.0045492024213587
4.5993,-0.0104784574246457
4.6016,-0.0142701429542678
4.6041,-0.00509861471371398
4.605,-0.0130751683627315
4.6063,-0.01358922965583
4.6089,-0.00598640456361732
4.6113,-0.0101953775342896
4.6115,-0.0142817786818856
4.6121,-0.0062477634100544
4.6175,-0.00917251815934339
4.6301,-0.00622403982015562
4.6314,-0.0101335814336663
4.632,-0.0148159670414776
4.6343,-0.00547289865768885
4.6351,-0.00519245855163408
4.6373,-0.0102521212442843
4.6425,-0.00503977755114526
4.6429,-0.00567963516655645
4.6445,-0.00802735522835363
4.6447,-0.00492000286576566
4.646,-0.0135359742736005
4.6463,-0.00496499601323031
4.6477,-0.0121103883873399
4.6542,-0.00465307967860262
4.6547,-0.0109235178728042
4.6557,-0.00850317895338559
4.657,-0.00857285242810502
4.658,-0.00613407387382559
4.6608,-0.00722215950178562
4.6613,-0.00466743686667659
4.6623,-0.00475185332580175
4.664,-0.00935846439745802
4.6665,-0.0147186077570609
4.6683,-0.00463477955707248
4.6711,-0.00467968191026547
4.6727,-0.00527262307746668
4.6732,-0.0144347144197674
4.6742,-0.0119887430880423
4.6745,-0.0128517458161301
4.6757,-0.00705834455675003
4.678,-0.00460244685590006
4.6839,-0.0120956319241268
4.6899,-0.00683115248223487
4.6905,-0.0109358939439739
4.6918,-0.00475384652717459
4.6931,-0.00521700112480872
4.6939,-0.00459752079842435
4.6994,-0.0114737287886273
4.6994,-0.00694425008777255
4.7013,-0.00969953702511805
4.7026,-0.00477650156108922
4.7083,-0.0150902274195639
4.7097,-0.00590288339904177
4.7102,-0.0146066080406166
4.7188,-0.00900399348248815
4.7205,-0.00996284110286272
4.7272,-0.00918472896922307
4.7281,-0.00458651931876197
4.7301,-0.00532517298562762
4.7306,-0.0147620034437663
4.7326,-0.00662752231730845
4.7373,-0.0138892359136644
4.7423,-0.0111943278296671
4.7429,-0.00464308602608554
4.7443,-0.00468502623803158
4.7481,-0.00960677903723361
4.7491,-0.0150569148556041
4.753,-0.0143208620798063
4.7562,-0.00695560390996608
4.7568,-0.00472587976189054
4.7592,-0.0152927333098436
4.7601,-0.00577429093591153
4.7639,-0.0151110167244379
4.7654,-0.00463857812113755
4.7657,-0.00538894148939129
4.7661,-0.0142135730349331
4.7691,-0.0140806401598734
4.7711,-0.00476649660132722
4.7737,-0.00509599820745876
4.7748,-0.0147621497750041
4.7768,-0.00744441559316211
4.7769,-0.00463216512053055
4.7815,-0.0153514620001687
4.7937,-0.0111710242856837
4.7974,-0.00473048312943014
4.8006,-0.00661688206439148
4.8018,-0.0123235435334932
4.8027,-0.00630187403971672
4.8038,-0.0127766539357603
4.8069,-0.0140562698148941
4.8069,-0.0152258105023195
4.8072,-0.00968133133693527
4.8082,-0.0103743171883997
4.8118,-0.0138099062016916
4.8135,-0.0145481108463636
4.8179,-0.00487238692675085
4.8202,-0.00580835040841343
4.8228,-0.00602049032077101
4.8236,-0.00801906843837141
4.8246,-0.0142192297611974
4.8254,-0.0155253554098822
4.8293,-0.00625897333761039
4.8344,-0.0154763801870033
4.8357,-0.00494584508635842
4.8369,-0.010526930258596
4.8415,-0.00950252081011449
4.8478,-0.00505866969456736
4.8514,-0.00800493613826703
4.8531,-0.011311109223505
4.8563,-0.00536591212899129
4.8588,-0.00679622352746456
4.8606,-0.00730418065885807
4.8625,-0.005475205867425
4.8628,-0.0117712794884994
4.866,-0.0123830164014933
4.8676,-0.00485767039202756
4.8716,-0.00589149969170588
4.8734,-0.0134987067929195
4.8799,-0.0113712071711669
4.8814,-0.00948487784687391
4.8817,-0.00649901772726302
4.8848,-0.0100222809672834
4.89,-0.0152356801655067
4.8908,-0.0057435716316343
4.8924,-0.00608911521998223
4.8992,-0.0121147331844771
4.9013,-0.00516577008744612
4.9019,-0.0143549275551038
4.915,-0.0119311168514145
4.9168,-0.00988953300548623
4.9182,-0.0059331837762473
4.9225,-0.00636626281262487
4.9261,-0.0121629798573304
4.9322,-0.0073822841293012
4.9363,-0.00721507730278237
4.9399,-0.00903031442725677
4.9413,-0.00999451400393081
4.9471,-0.0050182403747181
4.9492,-0.00502775165507074
4.9528,-0.00484373003991401
4.9551,-0.0094688825271918
4.9628,-0.00639297723438581
4.9638,-0.00491898177356198
4.9642,-0.0150277520153024
4.9676,-0.0158496394295105
4.973,-0.0155577123397368
4.9732,-0.00574243503175342
4.9732,-0.00511716892278624
4.9765,-0.00498017703671838
4.9778,-0.0113603040831141
4.9782,-0.0159077994109325
4.9816,-0.00566366999340318
4.9819,-0.00505204984837793
4.9848,-0.0048586582589758
4.9868,-0.00747578106158642
4.9868,-0.00553272296476681
4.9876,-0.0153110120070954
4.9882,-0.0140750164535124
4.989,-0.00878156164616772
4.9918,-0.00501948795982798
4.995,-0.00952058989930382
5,-0.00483026924870344
5.0094,-0.00797395148096403
5.194,-0.00942079431474507
5.4403,-0.00549350303691654
6.5797,-0.0154253225543215
6.842,-0.00709553996897494
6.9348,-0.0092793332631036
7.3287,-0.0236845047795224
7.41,-0.0121192055981982
7.4734,-0.0210658360630074
7.4872,-0.0100388786573316
7.7442,-0.0255762310263874
8.2123,-0.0130775070108804
8.872,-0.0295996933782501
8.9321,-0.0172451435547583
9.091,-0.00905390991091259
9.3184,-0.023668734338349
9.4068,-0.0247782104782832
10.0018,-0.0284277965298472
10.0181,-0.0122585597026035
10.041,-0.0276093731279481
10.4876,-0.0242992112973432
10.5035,-0.036109402184195
10.6419,-0.0134557541450508
10.6714,-0.0213736944695366
11.0851,-0.0112112173750205
11.0929,-0.0111705367243342
11.1015,-0.0117107632773603
11.2298,-0.0111680831748409
11.2936,-0.0190118024809891
11.4241,-0.0109740945177119
11.4474,-0.0110995979343489
11.7454,-0.0401041733198024
11.8663,-0.0233746422910333
11.8944,-0.0114404274464057
12.1144,-0.0430892054208005
12.3909,-0.0268215165163799
12.405,-0.019278686203636
12.5227,-0.012693092781026
12.9472,-0.0437658379720016
13.1888,-0.0408182806648174
13.4365,-0.0258856153913865
13.5304,-0.0124625033532428
13.5808,-0.0479220064940389
13.8966,-0.0479347590972079
14.2982,-0.0136352565608817
14.8853,-0.0187225811281397
15.0469,-0.0141251793956698
15.0542,-0.0554513873088869
16.0382,-0.0213701606659917
16.3064,-0.0557728431888265
16.344,-0.0400576755027409
16.5,-0.0146919669809158
16.6803,-0.0161300241630293
16.8405,-0.0306465738039776
16.9403,-0.0151804161994562
17.096,-0.0407539666356733
17.137,-0.0162995205063048
17.1602,-0.0167743729492535
17.3137,-0.0618076025175753
17.6378,-0.0236439476545911
17.6532,-0.0164740038009548
17.6688,-0.0170523941117899
17.8259,-0.0360388625908925
17.895,-0.0657283318871258
18.0416,-0.0620055157773578
18.0665,-0.014613679726807
18.0731,-0.051227722868834
18.1501,-0.0567043579683109
18.1593,-0.0145758942425687
18.4027,-0.0469857338249113
18.4054,-0.0597675360548315
18.7432,-0.0199610384270201
18.7493,-0.0555959280731209
18.7765,-0.037553279756267
19.0031,-0.0494630127073883
19.0522,-0.0348717099409726
19.1451,-0.0555702290925701
19.2374,-0.0726596737940746
19.2887,-0.0232978070234076
19.5064,-0.0757508990298845
19.5357,-0.0163483242134816
19.6599,-0.0140181847776546
19.8335,-0.0292121659479321
19.8673,-0.0386097089551569
19.9961,-0.0180123701853105
20.0117,-0.0341221942921663
20.0161,-0.0427021652704127
20.0822,-0.0437565986706794
20.19,-0.0725813820015055
20.2588,-0.0209066505680653
20.2735,-0.02348381338712
20.4193,-0.0397988181543312
20.5198,-0.0198775681772396
20.634,-0.079145122309356
20.742,-0.0522799122276005
20.7881,-0.0653871527838277
20.8671,-0.0605749307999979
20.8825,-0.0637443665504804
20.9321,-0.0712190419266783
21.5411,-0.0830810225544063
21.5504,-0.0377871332647928
21.7049,-0.0259017621072388
21.7361,-0.0128899274029379
21.7522,-0.0651472905208479
21.7566,-0.0274737019002487
21.8342,-0.0682021967381417
21.9427,-0.0510334423903771
21.9488,-0.0184736191173016
22.2477,-0.0126846351086343
22.3475,-0.0142667014615583
22.4292,-0.014912244063364
22.5094,-0.038350686536873
22.7431,-0.0136218994424873
22.8049,-0.0507312314110742
22.9721,-0.0122681259037805
23.0057,-0.0752672831996684
23.0914,-0.014713758662861
23.137,-0.0881173805058992
23.1969,-0.0552767366507254
23.2617,-0.0805088384877237
23.2919,-0.0215883274213517
23.5789,-0.026900388253285
23.6669,-0.0175490287895457
23.6939,-0.0481250462822587
23.8121,-0.0103097762424369
23.9166,-0.10212224375686
24.1005,-0.0215033342010713
24.3396,-0.0229954129895305
24.3402,-0.0111666341525378
24.3852,-0.0120364181573294
24.4762,-0.104000253106914
24.4958,-0.0188068313162972
24.5203,-0.0126918689460993
24.6934,-0.0151632627481
25.0104,-0.0287773810917784
25.0518,-0.0980992276496835
25.0942,-0.0797071231923532
25.1675,-0.013473542655607
25.2176,-0.0287441606198868
25.4931,-0.0624617176310558
25.9742,-0.0719550825935578
26.207,-0.115939535315562
26.3095,-0.0720495408613857
26.52,-0.0321005871589257
26.5852,-0.0697401344628865
26.7553,-0.104972601421576
26.7666,-0.0386045141493732
26.8591,-0.0259023853291218
27.0348,-0.11932439652535
27.6149,-0.0253419732291746
27.7129,-0.0213164963456798
27.8018,-0.0077345846153456
27.8074,-0.0856231256160811
27.8447,-0.123648910084629
27.9907,-0.0451561544302059
27.9967,-0.00543643507728575
28.005,-0.00724544827693663
28.0187,-0.00667170862714883
28.1008,-0.112008948873651
28.2567,-0.125982436502085
28.2677,-0.130009099597771
28.298,-0.0265881617032946
28.5112,-0.0273589414967645
28.5196,-0.00685799825436106
28.5513,-0.047706083988988
28.5806,-0.00953589357646933
28.6068,-0.00839316834183634
28.6966,-0.130622698941423
28.6987,-0.13034568154265
28.9389,-0.0695242617574792
28.9962,-0.015750459686263
29.1172,-0.00743617672096164
29.3087,-0.101347161949978
29.4548,-0.0231105578892041
29.4709,-0.137305585410651
29.4756,-0.135292380909942
29.7103,-0.0351328738069334
29.7335,-0.0229152102280992
29.7891,-0.00815799597535261
29.8439,-0.0106514403542946
29.8443,-0.00530457419699104
29.8461,-0.0999944569838256
29.886,-0.03564118453059
29.9908,-0.0245313397593456
30.0465,-0.00744924349903542
30.058,-0.0378434011347117
30.0692,-0.139088295041038
30.2151,-0.0802153971681747
30.2748,-0.0371178741030391
30.3242,-0.0549329911186049
30.5019,-0.135580362347472
30.5344,-0.130974997523854
30.5432,-0.0297612472444655
30.5879,-0.0287836869477083
30.5975,-0.00222226225793776
30.6944,-0.0252260842817797
30.7005,-0.0114407694813217
30.9088,-0.145575943297469
31.1104,-0.14719818260032
31.3346,-0.00796652853711421
31.3871,-0.124456040993802
31.3897,-0.0176289580839253
31.4581,-0.0973017286387474
31.4733,0.00143647523776025
31.5602,-0.078759781706367
31.7078,-0.0106730148129337
31.7296,-0.145968710222682
31.767,-0.0317960787046729
31.8556,-0.146933457417571
32.1758,-0.0472954060554258
32.1977,-0.00558129615118474
32.1978,-0.0271764596194046
32.3011,-0.153655789956801
32.3015,-0.0596143125312096
32.3135,-0.153274534446695
32.5515,0.00050513791018858
32.6795,-0.0247434342598041
32.7575,-0.125342204256071
33.0463,-0.00177732811909692
33.0985,-0.0669033010711857
33.2178,-0.0679404928471143
33.2189,-0.0768464714838046
33.2502,-0.124585492451224
33.3765,-0.0494675586171596
33.3997,-0.0131677858211603
33.4042,-0.109621534629021
33.4204,-0.145608399230269
33.4789,-0.165316773074402
33.5378,0.00573708630601288
33.5896,-0.123173203225903
33.8243,-0.0475386414913217
34.0969,-0.0185838106242144
34.1925,0.0010950030930772
34.2195,-0.0836615456872565
34.223,-0.0292184559107085
34.249,0.00419026525353416
34.2553,0.00683151017850747
34.2616,-0.15291699788861
34.2697,-0.109297607178519
34.5098,0.00814733811481716
34.5578,-0.17372435390152
34.7235,0.00768073118998558
34.7482,0.00244903534206031
34.7756,-0.162736367496926
34.9581,-0.161858456070405
35.1324,-0.024321132750778
35.1701,-0.178635745285185
35.2467,0.00559049672304468
35.3522,-0.163667012349087
35.4149,-0.167774551730787
35.5372,0.00153572455456441
35.5987,-0.160786403965602
35.7019,-0.179926626969994
35.7806,-0.0201035555203362
35.8628,-0.0268228528887988
35.9739,-0.179364963415125
35.9775,-0.0895390503877991
36.0384,-0.163792207250495
36.0928,-0.0255189878929869
36.1072,0.010993071678719
36.41,-0.0335362360931981
36.558,-0.0685443753435848
36.5746,0.00963633854839685
36.5926,-0.0286406800164087
36.6267,-0.0229864669698046
36.6444,-0.177876647457921
36.6579,-0.158901597681975
36.7084,-0.0172253786672698
36.7489,-0.033047992607905
36.7519,-0.0766625667420016
36.9204,-0.0531261264906178
36.9254,-0.183965361576895
36.9432,-0.0484544065293662
37.0072,-0.00257856761952269
37.0459,-0.0389365878033416
37.0585,-0.00314818333367128
37.1742,-0.117765343409893
37.2795,-0.107247660818516
37.2927,-0.0325664540694959
37.3029,-0.142214434639399
37.3794,0.0124548887539149
37.4276,-0.14608440296842
37.4852,-0.12836997664904
37.5759,-0.183330568043132
37.6062,0.015045155657198
38.0395,-0.0459902388227249
38.0775,0.0124779142503328
38.1118,0.0181088310927038
38.2885,-0.193930816620266
38.3554,-0.101833370721621
38.4556,-0.0330725979043862
38.4593,-0.190056006578445
38.4679,-0.0608906126461051
38.4933,-0.137855335683085
38.5141,-0.0352714963628529
38.607,0.0175469144114615
38.6777,-0.173458269488101
38.7114,0.018715202728572
38.7178,0.0120415221627113
38.8182,-0.035758858409821
38.8301,-0.206570028605839
38.8467,0.0112275503856694
38.8765,-0.178480167782588
38.8891,-0.015388029303999
38.8964,0.00702769192837849
38.9481,-0.179889219184204
38.965,0.018074053831306
39.033,-0.205784101551806
39.033,-0.128326269752598
39.1279,-0.027996748915875
39.2956,-0.192096823140162
39.4231,-0.0474501601344883
39.4253,0.00716043299392055
39.4352,-0.0441245841559095
39.4811,0.0223344074617629
39.7997,0.0205591520603861
39.8541,0.0220309812787463
39.8631,-0.0471344147896176
39.9135,-0.0401852933747762
39.948,-0.112226636276645
40.0274,-0.197535514162873
40.0538,-0.013524807475342
40.124,-0.102999445896344
40.2623,-0.000496789989959723
40.5161,-0.0905152559173885
40.5532,-0.215180285934863
40.704,0.0144111944521228
40.7664,-0.070352178988017
40.7833,0.0122715693704194
40.8002,-0.0635099298089941
40.9091,-0.153631915423773
41.0193,0.0227139702864321
41.0274,-0.222389189889562
41.0717,0.020715679400972
41.1604,-0.197353810685954
41.1607,-0.123150254828403
41.2051,-0.111202939504921
41.4603,-0.218088893645849
41.5045,0.0220592095112337
41.5058,-0.118473123030377
41.5412,0.0244026093730909
41.5604,-0.0248873060782557
41.6371,-0.228085036131411
41.6437,-0.0652309308310564
41.713,-0.0394757007128419
41.7794,0.019899556331417
41.7882,-0.0523267142278243
41.8447,-0.0119790900551138
41.9462,-0.232929762919696
41.9943,-0.0352730154300858
42.0263,-0.00157209608949671
42.0391,-0.0324487812227332
42.0843,0.0283111612249911
42.1513,0.0266810108302664
42.1561,-0.0168798322176045
42.1957,-0.0139228663065722
42.2298,0.0121476448783469
42.2661,0.0306682333948132
42.2819,-0.0603449441304633
42.3858,-0.117053499882921
42.4013,0.019562702293797
42.4937,-0.181059444998589
42.497,0.031887317235828
42.545,-0.219885270559281
42.7107,-0.0366263198641761
42.7111,-0.0175817465312917
42.712,-0.216414388126239
42.8309,0.0164441956549624
42.9562,-0.21843017716084
42.9981,0.0134296125908051
43.0343,-0.227020744239553
43.0575,-0.129188519344908
43.0603,-0.0112977856343974
43.0819,-0.178201641463318
43.0923,-0.018366838082855
43.0971,-0.0728200702149309
43.2096,-0.0474882471666405
43.2727,-0.115506139331245
43.275,-0.099365899015055
43.334,-0.149187751507306
43.42,0.035202352039569
43.4262,-0.155864886604803
43.4434,-0.0752658542722457
43.4603,-0.0237849536562962
43.4642,-0.234619585474647
43.4758,-0.161308157624042
43.6587,-0.239571210732649
43.6728,0.0336309059226778
43.6819,-0.123589195091604
43.7251,0.0108919474321141
43.7827,-0.11236991945772
43.7895,-0.217496815733703
43.7966,-0.222841478860452
43.8453,-0.0620135681977771
43.941,0.0184073306785919
43.9517,-0.111701462226854
44.0027,-0.238840053361031
44.1044,0.0354980939842591
44.154,0.010378747327664
44.1705,-0.231980353437642
44.2506,-0.0430826193856788
44.2553,-0.232039475200011
44.3289,-0.24083954668091
44.4169,-0.239343859583741
44.4742,-0.0237404106955594
44.5052,-0.0410973942387827
44.5249,0.029130751025086
44.5753,-0.171272127467105
44.5994,-0.119276276381377
44.638,-0.176147099199362
44.6897,0.00521350285900724
44.7455,-0.00615755212088942
45.0154,-0.0988717697102999
45.1022,-0.111872392183358
45.1204,-0.252795062024141
45.1371,-0.0439833375790926
45.1499,-0.178270980019271
45.1728,-0.0555423548854108
45.21,-0.226517162264329
45.2421,-0.2530532895465
45.3539,-0.0470305622898479
45.3935,0.0350778454621832
45.3951,-0.0525197654270428
45.4037,-0.170878978595454
45.4304,0.0379226852476364
45.5263,-0.0426154083282313
45.5592,-0.17982109406627
45.6598,0.0420482438742269
45.6863,-0.201272700608556
45.7721,-0.0353440277768371
45.8113,-0.265466018066128
45.8224,-0.189252938870922
45.8714,-0.0755760182558944
45.8869,0.0085039137581191
45.982,-0.263441013557902
46.1776,-0.054533810110982
46.201,-0.0432469263033113
46.2375,0.0434866086631303
46.2691,-0.242738437936715
46.3802,-0.174732152011892
46.4018,-0.0604793507823729
46.4623,-0.131973669219576
46.4739,-0.199286574522276
46.479,0.0455451559255451
46.5092,-0.0131915057239524
46.5509,-0.189910375520164
46.6023,0.00293167370393377
46.6228,0.0455922227941699
46.6274,-0.0226822842350671
46.6335,-0.0464785077391738
46.6357,0.0339855301197503
46.7,0.0467293042215928
46.8604,-0.271482288000186
46.8781,-0.18536309969209
46.9131,0.0359803350480377
46.9186,-0.234934095536673
46.9202,-0.153277977691467
46.9734,0.00623093805749875
46.9869,0.0372502345081571
46.9991,-0.0432674958925432
47.012,-0.0336455470429442
47.0668,-0.268989115293252
47.0809,-0.0429950794126839
47.1127,-0.258507966961112
47.2127,-0.106981584238461
47.2189,-0.0361049569279572
47.2457,-0.266115531769422
47.3485,-0.0454954836201864
47.4382,-0.27738028412378
47.4495,-0.253084175020888
47.541,-0.0489966581203447
47.5595,-0.00350208531134655
47.5792,-0.0249481400074032
47.5832,-0.19344678532353
47.7153,-0.0460299451599013
47.7349,-0.162699046012413
47.7376,0.0530989434468125
47.7637,-0.159486755333795
47.7642,-0.0467138850994715
47.8237,0.0121160667995568
47.9555,-0.0297784542561317
48.0301,-0.232332421999018
48.054,-0.25417350024528
48.0644,-0.0212113038320254
48.0949,-0.108357340795607
48.1204,-0.232028429672454
48.131,-0.268858639704114
48.2179,0.0277833932706812
48.4061,-0.28633326500394
48.4949,-0.239112761420969
48.566,-0.254419849145968
48.5738,-0.00853380100942758
48.6228,-0.101173837412837
48.6431,-0.209867727947724
48.6521,-0.0245189394918981
48.7044,-0.165413211944056
48.8868,-0.0335455579103154
48.8966,-0.119182800469424
48.9417,-0.070332735651462
49.0574,-0.0716518187737805
49.115,-0.0537520907152995
49.1342,-0.29022087075731
49.1551,-0.0241682071931422
49.1599,-0.295334769725933
49.2027,-0.225634433349697
49.2891,-0.0358935814771968
49.3004,-0.046386595299758
49.4687,-0.0478858476371968
49.5441,0.000106051709089172
49.6949,-0.214863201339767
49.8167,-0.284886193555927
49.931,-0.0361396111539207
50.0125,-0.0434446342463843
50.146,-0.172279250174007
50.2006,-0.0566069960421132
50.2057,-0.23004589448189
50.2301,0.0373491667263295
50.2864,-0.24457123753524
50.3944,-0.285129900251505
50.4334,-0.216695655807726
50.4491,-0.301820046692079
50.4874,-0.0529484173599641
50.5048,-0.205769268278523
50.6397,-0.229465741056941
50.7572,-0.162453934263119
50.7807,0.013346834433662
50.8237,-0.279232286950915
50.9451,-0.0619845209009497
50.9663,-0.222224300040182
51.0124,-0.23246601086003
51.0357,0.0252936246544522
51.0462,-0.0325302853238725
51.1231,-0.266662598727443
51.1929,-0.0562929335934044
51.2507,-0.0507774602357003
51.3486,-0.254970148995014
51.4079,-0.20825854714996
51.5142,0.0642302059779709
51.5605,-0.078718009670844
51.5798,0.0641212798163124
51.5913,-0.209455021057252
51.5965,-0.191009346345297
51.6625,-0.0930517359045595
51.6685,-0.0475271724709074
51.687,-0.313228540164687
51.7055,-0.0288297995687401
51.7131,-0.31887482475171
51.7135,-0.294745859320464
51.7235,-0.0279541841094186
51.7431,0.0279151140432319
51.779,-0.0248509977444229
51.8215,0.0562729997991909
51.8297,-0.0819574446255231
51.9464,-0.28874036106113
51.973,-0.0677126359689808
51.9772,-0.253070069313821
52.0745,-0.00841925252503017
52.153,-0.0274104271788573
52.1815,0.0707546487608255
52.2587,-0.0483569602133116
52.2624,-0.310496385730808
52.3559,-0.218637370508894
52.4326,0.0247331377196147
52.4868,-0.0640425607098365
52.491,-0.0866905510688412
52.5017,-0.320567996921042
52.5451,-0.0214262622624801
52.5964,-0.263625994866096
52.7093,-0.188245692256949
52.7749,-0.0474524821712947
52.8219,0.0428963099576194
52.8512,-0.245281948348008
52.8528,0.0135910127199139
52.9277,-0.23094703225032
52.9435,-0.138791069805784
52.9562,-0.0236939899549427
52.9711,-0.008329993156444
53.0137,-0.229455003044279
53.2357,0.0755555332593971
53.3158,-0.0966326525025138
53.3244,-0.147249121604581
53.3251,-0.323163464872245
53.3485,0.0767926755145254
53.3903,-0.317499220864825
53.3919,0.011051307890483
53.4139,0.0416200443870736
53.5049,0.0604712974365995
53.5085,-0.0893254503052106
53.5449,-0.298308523749839
53.5638,-0.338701109894764
53.6295,-0.184636134365796
53.7633,-0.0625277475075521
53.8173,0.0734422078975356
53.8703,-0.331450088074291
53.9225,0.0252758613597877
53.9273,-0.33893391719527
53.939,-0.0442477568756061
53.9833,-0.0522019945046779
54.0385,-0.17919822767238
54.0504,0.00478765281626892
54.0862,-0.0613210139165616
54.2149,-0.293021965175072
54.3537,-0.317194758622648
54.3752,-0.347303649653114
54.4075,0.0535465641482844
54.4896,-0.0779130561265333
54.5187,0.0457689097032272
54.5781,0.0193198794876253
54.5847,0.0600222028443014
54.6101,-0.264454899608033
54.6271,-0.240789226252105
54.6279,0.0807769749351692
54.6303,0.0740808317397992
54.6357,-0.338505824133271
54.6411,-0.190657224825081
54.6705,-0.116382558525075
54.7991,0.0208250886636563
54.826,-0.204588646063712
54.8319,-0.277320465720543
54.8408,-0.277059591504965
54.9143,0.00108652134559861
54.9383,0.0841227701135949
54.9889,-0.0357171961683349
54.9973,-0.356989324164729
55.0536,0.0859403239405978
55.1303,-0.11119273387672
55.1446,-0.354903809391672
55.1488,0.00780075845453609
55.1781,0.0623602963341554
55.1943,-0.269374105024802
55.2602,0.088323374487679
55.3342,-0.0273029370590905
55.4331,-0.13102552881324
55.5916,0.0686301468489248
55.7049,0.0320844696472378
55.7066,-0.354569471831596
55.7313,-0.16433254577904
55.7761,-0.0267539460274691
55.7936,-0.0127822009130938
56.0649,-0.0954060722460568
56.0954,-0.313914155345877
56.1198,-0.101348341101676
56.1747,0.0358704456424874
56.2185,0.0858502027435009
56.2258,-0.154142975294349
56.2267,-0.276499576437885
56.2517,-0.320369606621782
56.3606,0.0929309156321523
56.3679,-0.360943126383233
56.4411,-0.371506392177622
56.4764,-0.330016400837003
56.5285,0.0587973220756552
56.5496,0.010601562119966
56.5695,-0.107113499518356
56.6751,-0.056523658589299
56.693,-0.275588988669746
56.7235,0.0282346873391504
56.7398,-0.100229110605646
56.7693,-0.0990081163167744
56.7874,-0.105547993979208
56.803,-0.337935554032903
56.9026,0.077365032502037
56.977,0.0636455120182617
57.0041,-0.0938227357040731
57.0605,-0.302848666046835
57.0948,-0.347784556424749
57.1166,0.0432197375817225
57.1231,-0.318227493373108
57.1552,0.0987300653917274
57.2439,-0.261038878496962
57.2687,-0.374320410735649
57.3731,-0.367283530933364
57.381,-0.31744763148825
57.3918,-0.376597347348358
57.393,-0.0501944175929694
57.4178,-0.034823529225612
57.4814,0.084680464098966
57.5472,-0.372403041575865
57.5695,-0.048194004438308
57.7112,-0.353861509288414
57.7136,0.0401467512270415
57.8171,0.00110903999762968
57.8914,0.101642546613
57.9161,-0.0107660660467701
57.9273,-0.306352438579552
57.9457,0.0985160437264057
57.9484,-0.22885534760276
57.9675,0.0860163562116512
58.0261,-0.0182267823326896
58.105,0.0516326240943599
58.1268,-0.305122182106317
58.135,-0.155260613125392
58.1381,-0.00276028925328831
58.1559,0.074919356538345
58.1727,-0.313183710195979
58.195,0.0751765010702883
58.216,-0.157015483073614
58.2733,-0.0552754017360115
58.341,-0.0837396838812197
58.4052,0.0861873475835822
58.4103,-0.0390961028123158
58.4161,0.100648070468111
58.5469,-0.0144318787340012
58.5922,0.104084802150631
58.6409,-0.254515869266633
58.6963,0.0572747619314171
58.7141,0.079373074066666
58.7454,0.108437529552667
58.8148,-0.113490226069608
58.8548,0.0786246613892914
58.8731,0.039055539484643
58.8784,-0.39550152977332
58.9459,0.0115731358165405
58.9644,0.0900736209251107
58.983,-0.256290227542912
59.0041,-0.332005119461186
59.015,0.064137368905584
59.019,-0.239201311757078
59.0554,-0.0931313505065461
59.0803,0.0181718322901219
59.1623,-0.395540841876219
59.2247,-0.364802807442267
59.2698,0.0897130862576248
59.2773,-0.126573399661488
59.3888,-0.0836846838705583
59.4353,-0.340021161788464
59.4704,-0.0633995949520951
59.5363,0.0171764700382653
59.5443,-0.400163934362929
59.5522,0.0943349854316793
59.5777,-0.157858646969117
59.5917,-0.394915604945041
59.7141,-0.240446692145568
59.7233,-0.155485027690894
59.8099,-0.242940728045276
59.8131,0.102221747041035
59.8214,-0.046468765702727
59.8425,-0.409323376195339
59.927,0.0104315612877812
59.935,-0.207924992875441
59.9881,-0.398301559666713
60.0324,0.112602852744686
60.1544,-0.0580042813229653
60.1901,0.104093593616462
60.2208,-0.0862072582565929
60.2531,-0.32559581748145
60.2785,0.0880263163345774
60.2899,0.114071476069739
60.3119,-0.092145894420554
60.4848,-0.243261617516303
60.5147,-0.0816326162332999
60.5207,-0.41002692462402
60.5453,-0.0431481299920122
60.6501,-0.409824210740233
60.6563,-0.173932912581542
60.677,-0.257472469951459
60.7093,-0.386482573681143
60.7382,-0.372743573744103
60.876,-0.0845421932993702
60.9423,-0.417469988484328
60.9443,-0.219191172353405
60.9492,0.0662045710769377
60.9918,-0.376346616844167
61.0813,-0.0443599766145581
61.0895,-0.00856126721764383
61.0916,-0.396857614520506
61.1311,-0.132463116675211
61.1556,-0.00934783874026834
61.2661,-0.189421079703258
61.2913,-0.42199575585056
61.3435,-0.0492654309499159
61.3958,-0.0031760665592202
61.4088,-0.179258650758591
61.4529,-0.0637514713829646
61.4715,0.0553939506992691
61.4716,-0.334984094681495
61.4723,-0.40395759805584
61.5654,-0.421411513254313
61.5775,-0.113110355143256
61.5875,-0.214775539478758
61.5895,-0.411935512615862
61.6558,0.0137110979742943
61.7459,-0.415929529868784
61.7833,0.0264714454961137
61.7919,-0.0340152001073264
61.8148,0.00455526927483874
61.8433,-0.400819216347521
61.9499,-0.0689858320523129
61.9583,-0.256001330371888
62.0133,0.0953212224642925
62.0155,-0.39705088080315
62.0333,-0.418777018749303
62.0498,0.0261357754580089
62.0721,-0.144134897875006
62.0936,0.091115849673379
62.1272,-0.106484780484884
62.1331,-0.121862017996037
62.143,-0.313214359153548
62.2581,-0.345139144715688
62.3458,-0.372494546784615
62.4592,-0.435782683096157
62.4626,0.0860730003273318
62.4747,0.0148837137824671
62.4798,0.0262627222319622
62.5185,0.0623293082757641
62.5366,-0.0592040458690022
62.5586,0.00406172008356975
62.5722,0.104768803941383
62.6045,-0.365483553708351
62.6526,-0.0686025548088125
62.723,-0.289063257547518
62.7915,-0.197908662293536
62.805,-0.0623115400237353
62.8075,0.0111306297200926
62.8326,0.131111164743714
62.9676,-0.14195411902412
62.9784,-0.118955832901364
63.0099,-0.270881422661972
63.0613,-0.244686372620549
63.0749,-0.413386372328688
63.0946,-0.0399466040731085
63.099,-0.0484648287470861
63.1927,-0.404475957114471
63.2066,0.123276147454781
63.2145,0.0848463605043364
63.2249,-0.412020583943459
63.3315,-0.392794934544028
63.3547,0.118721173309034
63.355,-0.0663383141127554
63.3598,-0.0741156321087644
63.4499,-0.0888497658219052
63.4841,-0.124320211470859
63.4855,-0.225856457176057
63.5351,0.0777063828132825
63.5607,0.0454991777095586
63.6049,-0.420723257494757
63.6155,-0.0617458005654683
63.6494,-0.389115755568668
63.6882,-0.155790805183116
63.6982,-0.0371900395661768
63.8231,0.125390585174067
63.867,0.0417197972619832
63.8727,-0.429486755535386
64.1024,-0.405387195115097
64.1131,-0.179859914663339
64.1514,-0.428942085161182
64.1627,-0.426049368599536
64.1892,-0.457158742529487
64.2086,-0.394352426561099
64.2431,-0.0501120837491413
64.2505,0.0699458638124213
64.2537,-0.398949180433263
64.2584,-0.0471037006972352
64.3918,-0.282870053836092
64.4025,0.0669677841495684
64.4292,-0.0276205401791998
64.4897,-0.330568819969002
64.5074,-0.416830497789036
64.5536,0.00541736122804082
64.6149,0.0585404625331591
64.6527,0.14419062237647
64.6763,-0.419763731910521
64.7123,0.118711212133022
64.7601,0.115839634260013
64.8496,-0.460462427431935
64.8665,-0.416936783622546
64.8985,0.143581576315427
64.9105,-0.314368051028922
64.9184,-0.405916587954906
64.9745,0.0601500416492513
65.0328,-0.281120947962833
65.1752,0.0543503547433062
65.2004,-0.441911717888004
65.2426,-0.00605970370614273
65.2589,-0.44831491730973
65.3218,-0.299342970288265
65.3506,-0.0652170704715189
65.4337,-0.453283758464977
65.5659,0.147873633632287
65.652,0.0971955339071542
65.687,-0.424567449116481
65.7246,-0.273103587582042
65.7958,0.0964576286615113
65.8376,-0.215450860577562
65.8503,-0.229446953490879
65.8699,-0.063635292747577
65.8837,-0.470314088320023
65.9784,-0.477332591581089
66.098,0.126552522050531
66.1143,0.00882731144639592
66.1175,-0.0162772272130525
66.2429,-0.0207490629771172
66.2476,-0.0253904769579378
66.2562,-0.441247602494272
66.2873,0.121639439283825
66.3053,-0.347486758186093
66.4336,0.0146052592812254
66.4894,-0.0450661440154221
66.4988,-0.483485670649756
66.5244,-0.152947086490641
66.5499,0.15877377378105
66.5635,0.0784723236751006
66.566,-0.379086925534764
66.5788,-0.425451536088744
66.5823,-0.0838483976948368
66.5863,-0.0661920500356814
66.5897,-0.484698789211834
66.6087,-0.0580575062096784
66.6173,0.0760019535084666
66.6473,-0.108347009079253
66.7287,-0.466220325558808
66.7621,-0.479127162020873
66.7767,0.0226546717222647
66.7937,0.00248074145073929
66.8274,-0.486383546540864
66.8674,-0.0595522542326989
66.9418,-0.0619160513871577
66.9703,-0.0943582231261502
67.0121,-0.0823677395019615
67.2075,-0.0692366678463969
67.2275,-0.070521607120952
67.2734,-0.477169720200834
67.2991,0.0745168486088659
67.3655,0.154015017789888
67.3911,-0.165746388271813
67.4614,0.0780364267337319
67.5429,0.156193766434924
67.5463,-0.48838029428056
67.5468,0.027318347922602
67.566,-0.482333195692945
67.5921,-0.432576447865628
67.5932,-0.239516414089763
67.5998,0.0102647674628429
67.6648,0.162138382179165
67.8104,-0.021291222083974
67.8238,-0.487550964546045
67.9079,0.163531695567698
67.9497,-0.365229609833506
67.9552,-0.0541562017866966
68.0326,0.113735326605038
68.055,-0.499580169837486
68.0717,0.152134703950111
68.0721,0.151994414408506
68.1044,0.166521558651553
68.1306,0.127592153186527
68.1561,0.161117924606984
68.1576,-0.108812325849073
68.2011,-0.358199408009753
68.2216,-0.192061376972617
68.2659,-0.100917383728159
68.3259,-0.381807811101467
68.3828,-0.102862751061252
68.4225,-0.256353242806895
68.424,0.0597485544163305
68.4736,-0.400567837322001
68.5083,0.159864578734002
68.5235,0.093692970146094
68.5427,-0.152338901725784
68.5551,-0.207153497933248
68.5641,-0.0430922803050606
68.5768,0.0904195552860045
68.6354,-0.0897458588602689
68.645,-0.49010104896881
68.6621,-0.24304912810247
68.668,0.149150202426142
68.7574,-0.109838411121757
68.7648,-0.159545602397216
68.7689,-0.0929539180785213
68.7828,-0.0557265143885246
68.7934,-0.229404025432302
68.8106,0.147137632273456
68.827,0.0404601353547918
68.8439,0.0651558263755163
68.8923,-0.438693081686495
68.8976,-0.0313101000299838
68.9016,-0.517154096647829
68.9051,-0.341308603241799
68.9614,-0.468520378371309
68.9806,0.176628185684578
69.0913,-0.15408924437132
69.1084,-0.277842928089882
69.3942,-0.354503995807335
69.3946,-0.34403480232136
69.4559,0.140252126012683
69.4605,-0.0492204271152303
69.4975,-0.0723117449401656
69.5408,-0.513523579669837
69.5848,-0.488454126468923
69.6274,-0.457740491518905
69.6425,-0.440578023558842
69.8486,-0.485030654553512
69.8532,-0.267457737173544
69.9686,-0.0881542772649055
69.989,-0.279544807464163
70.0077,-0.526387588518233
70.0374,-0.0661951133189831
70.0499,-0.244437670835893
70.0594,0.111306969491295
70.0637,-0.0660638392509298
70.1067,0.0938069482106556
70.1878,-0.519866826528144
70.2019,0.137207402720676
70.2839,0.0307162976671265
70.3221,-0.0550294848783466
70.3718,0.121029830492716
70.3752,-0.448918502517472
70.3904,-0.103344348651177
70.3989,-0.378647673529031
70.4717,-0.415343799514332
70.5402,-0.101062728705472
70.6175,-0.191388186317752
70.662,-0.151795245383809
70.6679,-0.535280446685675
70.7167,0.0491358116565408
70.7566,0.14859145122189
70.7896,0.127072449368015
70.8181,0.162124016185814
70.8969,-0.0695855289741019
70.9168,-0.0839824677978811
70.9669,-0.209764276481479
71.0647,0.191102847705892
71.2544,-0.308425500961718
71.296,0.0382449063311583
71.2975,-0.154573865428276
71.3432,-0.544236181570639
71.4722,-0.0541849760245299
71.484,0.0986971448576526
71.4958,-0.456732112347581
71.4976,-0.355387701964077
71.5766,-0.546426554275556
71.5863,0.165359747434991
71.6053,0.0886896265230064
71.63,-0.429541512171639
71.7057,0.0164592738693301
71.7061,0.18725542012497
71.7656,-0.428439157888974
71.7868,-0.195109373648677
71.81,-0.377734100735921
71.8166,0.156065061329002
71.8413,0.190891253544478
71.8766,-0.0688487681435106
71.8855,-0.548809005351259
71.9692,-0.530833258496429
72.0146,-0.552826292893613
72.2341,-0.48063220357092
72.2368,0.166624189731223
72.2587,-0.52007895696967
72.2676,0.201437221178168
72.2874,-0.301691014188876
72.3169,0.029970172961157
72.366,0.0314572577916579
72.4102,-0.0736919211678924
72.4163,-0.206381990484843
72.4805,0.190771458601361
72.5179,-0.103231554850339
72.5366,0.0278557712919678
72.5822,0.124775712316961
72.5848,0.170799049100125
72.6215,-0.456092628763017
72.7422,-0.212511473794123
72.746,0.0712728714362356
72.7484,-0.460011690111358
72.7579,0.0567712423678302
72.7889,0.194787166995951
72.8299,-0.061583619602132
72.8851,0.137766903310492
72.8973,0.177686461175554
72.9326,-0.189599573563868
72.9598,-0.553541122727253
72.9986,0.194602725517981
73.0162,0.0511199728420308
73.0506,0.172774231769694
73.0538,0.199697475224653
73.1199,-0.139333937326754
73.2228,0.00637737318207598
73.2314,-0.306710415227101
73.2935,0.148386012571223
73.3007,-0.0221677009927674
73.3037,-0.573743362236868
73.3123,0.182973062155924
73.3301,-0.244474958618142
73.4687,-0.433763657755335
73.4791,-0.101355407657181
73.4792,0.0691882680393263
73.5797,-0.173217640995333
73.6731,0.155234295646281
73.77,-0.0655635630040337
73.8679,-0.0836851042786577
73.8732,0.141098695350436
73.8795,-0.123903202586931
73.8929,0.0268288578782006
73.9064,-0.577428998660167
73.9331,0.142157551509683
73.9413,-0.469871440146179
73.9494,-0.575739743852864
73.9822,-0.379500895617468
73.9991,0.202729722072775
74.0496,-0.545060712151511
74.0743,0.133449237926968
74.1237,-0.539156826939291
74.1378,-0.324229773330032
74.1603,-0.17541161361946
74.1692,-0.56017645837737
74.2584,0.112060148965725
74.2702,0.20821682625332
74.3072,0.174857003603847
74.3144,0.0111989491194606
74.3182,-0.213466467301274
74.3314,-0.098081136513855
74.3349,-0.237066833259476
74.3357,-0.0717300644660384
74.3988,-0.499833803475966
74.4783,-0.539493624744424
74.4972,-0.0169395680700291
74.4987,-0.58530148381891
74.522,-0.578949621105963
74.5546,-0.48150952193059
74.5706,-0.447754827392771
74.5956,-0.0899582123741993
74.619,0.102007665037405
74.6394,0.177196207150388
74.6806,0.00215075812494092
74.6897,-0.571770016410113
74.7487,-0.589347791528823
74.7615,0.0239290997116086
74.7871,0.01201286714047
74.8621,-0.585567540042206
74.8836,-0.587414859985415
74.9476,0.222414102474843
74.9488,0.215736387673985
74.9881,0.031332792689355
74.9884,-0.0391963042441148
75.1174,-0.595580251471219
75.1363,-0.191856657626488
75.1509,0.163430177721352
75.1724,-0.0875520268908332
75.1787,0.00657126709202771
75.4492,-0.42774889269208
75.4588,-0.403909628318289
75.4664,-0.580262716199229
75.4854,0.166517557075622
75.5136,-0.520655784778214
75.5169,-0.13941018720439
75.5374,0.182803814208256
75.5574,-0.21261790673131
75.6245,-0.488425097474632
75.7519,-0.225955717542178
75.7586,-0.16464631114782
75.7687,0.211116939111903
75.785,-0.118597608868455
75.7879,-0.391813340974906
75.8036,-0.356264891796684
75.8292,0.151663099052797
75.8814,-0.580781384340966
75.9227,-0.589186497366555
75.9401,-0.080628974107583
75.9758,-0.0919746571076558
75.9933,-0.377927855473288
76.0015,-0.112039484947061
76.0683,0.185779337976442
76.0748,-0.43164906764477
76.0944,-0.606039394240227
76.1419,-0.15272919737761
76.1973,0.198652096659671
76.2308,-0.189003199770681
76.2483,-0.391949451922272
76.3413,-0.131811865542574
76.3436,0.168031024974411
76.3578,0.233289822491258
76.3738,-0.123134098211182
76.4001,0.195368500941257
76.4221,0.0775459205673315
76.4245,-0.592172902543595
76.4331,0.139210796965031
76.4377,-0.0521318903896315
76.4868,-0.513372770103572
76.5465,-0.105685603489263
76.5599,-0.0763654790627299
76.6009,0.233200893751757
76.6218,-0.243619473366039
76.6471,-0.485571892147576
76.6726,0.0543602880617442
76.6981,0.101197984261219
76.7213,-0.271054817391871
76.7615,-0.561362272830465
76.7679,-0.597178204843985
76.775,-0.274361292744345
76.7757,0.0188238703479158
76.8647,-0.454170050798723
76.8685,0.236515554195734
76.8836,0.225947728866103
76.8874,-0.0704124118433072
76.8924,-0.132913830461177
76.9176,-0.53522027756641
76.9193,0.233778146541653
76.9399,-0.0353136693657206
76.9716,-0.362816717262731
76.9911,-0.529886656543809
77.0286,0.15791150056954
77.0589,-0.277002369562595
77.0836,-0.327776686272415
77.1169,0.148413806955645
77.1469,-0.156239551459734
77.1689,-0.542379582289627
77.1819,0.209461696098728
77.187,-0.0848393570899759
77.1882,-0.0090461345285604
77.2044,-0.352930215489394
77.2087,-0.62515488445257
77.2149,-0.351939022699426
77.2613,-0.0913326658649396
77.2799,-0.101714095450262
77.3051,-0.236407349267424
77.3412,0.234068739926798
77.3471,-0.514795524340272
77.3586,-0.555140097999256
77.4145,-0.61948818364607
77.4165,-0.281461706056092
77.4364,0.201006796964805
77.4473,0.0253143477981013
77.4822,-0.0594973241498167
77.5815,-0.0579967353797315
77.6275,-0.0108548570947562
77.6326,-0.383609008571142
77.6856,-0.548846432429983
77.7633,0.174631488593874
77.8329,-0.222242143494071
77.8359,-0.615511424796139
77.8378,0.212398185000907
77.8694,-0.517067266210219
77.9061,0.0462576267631079
77.9193,-0.0450219602492012
77.9334,0.0198672023039848
77.9562,-0.637069639460307
77.9612,-0.0685957183467849
77.9844,-0.105255645871864
78.043,0.0223044934732144
78.0437,-0.28019289107219
78.0819,-0.593607470490568
78.095,-0.496140196428968
78.0977,-0.397721284276074
78.1027,-0.018585638187119
78.1061,-0.297420558547572
78.188,0.00751772764860448
78.2637,0.0748206018454312
78.3419,-0.501683897277886
78.3513,-0.252961233643902
78.377,0.161734673899787
78.3786,-0.0508292965365058
78.3858,-0.335087069974662
78.3989,0.250629557693969
78.405,0.142504457519493
78.4341,0.0973714524244116
78.4424,-0.147345570273174
78.4472,0.0540880659161189
78.4738,-0.246631730294936
78.4916,-0.639429612894929
78.533,-0.542783190107713
78.5406,-0.0856532610190754
78.5429,0.125336048701499
78.71,-0.530553467554284
78.7763,-0.556936492778959
78.7947,-0.0806068490447558
78.8567,-0.338008305262406
78.8572,0.231086909946711
78.8683,-0.143899475934091
78.8718,0.000919601339035125
78.9472,-0.621827006260759
78.9502,-0.419206059205422
78.9651,-0.486220377281143
79.1343,0.135857023826347
79.142,-0.33199826904827
79.1426,0.159735679124239
79.1878,0.222846180458234
79.1966,-0.601508295664033
79.2252,0.161654384764233
79.2256,0.170258819532023
79.2456,0.0984524967886529
79.3359,0.15036053271379
79.3653,-0.198609090039639
79.3913,-0.279650163873256
79.4251,0.0158490921020871
79.437,-0.322847866439247
79.4765,0.258439759893861
79.5534,-0.0503942609387309
79.6207,0.0408707937798027
79.6565,-0.452625460727646
79.6926,-0.337764030258342
79.7024,-0.396705849804761
79.7509,-0.019627652797638
79.7788,0.022667990181688
79.8296,-0.649607367673127
79.8413,0.0505005859016876
79.8602,-0.511549291466366
79.8716,-0.0442788056141694
79.8979,-0.0777696913899177
79.9836,-0.446742735116928
79.9923,0.0394354975633462
80.1205,-0.319726928143083
80.1504,-0.128006997799162
80.2003,0.201562132611741
80.3163,0.212759603300313
80.3395,-0.012277660843381
80.3605,0.112748444576056
80.377,0.169693785794991
80.4608,-0.640309257904804
80.4872,-0.102992198211126
80.4899,0.153520024776583
80.5467,-0.0778097925839774
80.5944,0.26972401423528
80.7008,0.218805761633689
80.712,-0.0783462972399604
80.7538,0.0386898647248586
80.8253,-0.0638748509038294
80.8395,0.0545015042914798
80.8476,-0.132810753900884
80.8476,-0.67590323871714
80.8927,0.24502218739002
80.9166,-0.0776961634324778
81.0216,-0.0748860341882107
81.0485,0.215454241428247
81.1141,-0.5283125254618
81.1288,-0.663379980382487
81.1572,-0.554240733169763
81.1647,-0.119527676178492
81.1951,-0.280069421090218
81.1976,-0.0546385012802801
81.2041,0.0265511178421889
81.2062,-0.160547314323168
81.2188,-0.262046232184957
81.4395,0.131557233587614
81.4548,0.217323956985382
81.4739,0.202081365606006
81.4947,-0.293848435076256
81.4973,-0.569745779684439
81.5175,-0.0896521986013994
81.6592,-0.110088458144006
81.6721,-0.68509994245845
81.7021,-0.349973934948792
81.7474,-0.0662474962705346
81.7742,0.0410822103358441
81.7836,-0.0935910534022639
81.7903,-0.468531660638291
81.8087,0.263724437957023
81.8178,0.252179244088751
81.8821,0.050779195270735
81.9048,0.258810659363817
81.9804,-0.540071043525103
82.0261,-0.679032421082667
82.0613,0.206133057683715
82.0658,-0.0611115887832625
82.1051,-0.0115685745580123
82.1157,-0.0408818963174014
82.1363,-0.222165917177605
82.1527,-0.48991300625967
82.1532,-0.64751313199784
82.154,-0.55779012441667
82.1598,-0.0954389802091811
82.2045,0.284727932308954
82.2052,0.180970473723178
82.2299,-0.656735965548108
82.3113,0.130561370023216
82.3198,-0.310231035851871
82.3262,-0.107476124230047
82.4467,-0.241600854245178
82.4544,0.281232822402373
82.4637,-0.516413011338301
82.5263,-0.58933406775688
82.529,-0.355957818680196
82.5294,0.259376063133345
82.5858,0.284782849706872
82.652,-0.421458451643204
82.6554,-0.516991525020359
82.6605,0.284114125544107
82.6745,-0.444211597466094
82.7192,0.118687899718097
82.7476,-0.647665311459463
82.8556,0.198707204580174
82.8764,-0.217196907248862
82.8776,0.002747624192736
82.9188,-0.239889806131032
82.9363,-0.667086781266832
83.0049,-0.0845449271113807
83.0284,-0.577397325072909
83.0285,-0.707086174960892
83.0344,-0.649767293637396
83.049,-0.493468094096315
83.067,-0.202847776249783
83.0864,0.276728413438789
83.1069,-0.425860340451194
83.1145,0.0568472091822088
83.1253,-0.0768602036678345
83.17,-0.553440845167771
83.2664,0.122757248634542
83.3021,-0.666939916480985
83.331,-0.242488974042416
83.3422,0.0777231113289503
83.39,-0.429901989450073
83.4017,0.233117525298795
83.4083,0.27485428074921
83.4864,-0.0604818336305044
83.5162,0.295477974580677
83.53,0.281142682062281
83.5311,0.00775593127269758
83.5584,0.058054274546393
83.6056,-0.0817398709046415
83.6252,-0.350375543872175
83.6373,-0.0514607063193182
83.6623,-0.321834392319801
83.6775,-0.701934631294392
83.6811,-0.100750559444762
83.7123,-0.0245671558008809
83.7141,-0.162872873787052
83.7326,-0.596645411207092
83.7975,0.293256078894089
83.8705,-0.460854075349857
83.9022,-0.357254447552464
83.9779,-0.640988772260258
84.0272,-0.685369135190982
84.0563,0.13885081466232
84.086,-0.605061179033143
84.1283,-0.0866574078244895
84.1506,-0.619435786322597
84.2142,-0.063587496770495
84.2278,-0.680043595247326
84.2353,-0.128793414807461
84.2611,-0.699264311771842
84.2688,0.0550220791029545
84.3536,0.216398330826209
84.3556,-0.339837421382157
84.4111,-0.703720848684881
84.4332,-0.299723392192973
84.5398,-0.537288933722536
84.5563,-0.254692263460356
84.5599,-0.684623799596977
84.583,-0.433113226527979
84.5873,-0.00684088246634929
84.6135,-0.0344191857727907
84.6255,0.038625126795182
84.6384,-0.177231264408633
84.6489,0.145535519422367
84.7065,-0.0604499384854194
84.7225,-0.733315951966659
84.761,0.294898819511644
84.8073,0.0929969371213701
84.8791,-0.558879169746234
84.9402,-0.0689740014528155
84.9474,-0.0882179616601206
84.9478,-0.588418072842742
84.9665,-0.663014752304065
84.9947,0.294053774098643
85.0049,-0.280574783575929
85.0104,-0.0367214074133955
85.0275,-0.732762348964087
85.0382,-0.0589998467355883
85.0612,0.0881878420543387
85.0882,0.300765356601602
85.1,0.245309856796581
85.1053,-0.625232445417993
85.1077,-0.685696947626951
85.1163,0.293358440205751
85.1358,0.265649876646179
85.1524,-0.0965379480649631
85.2297,-0.162703816516554
85.2454,-0.611447984032637
85.2885,-0.675817251705098
85.3093,-0.0851266142580727
85.3429,-0.717523362350462
85.3596,0.234534772161993
85.3815,0.26626982649735
85.3846,-0.37963460152109
85.3883,-0.010717956242118
85.4557,0.0235407774684973
85.4762,-0.712365908561864
85.4865,-0.117554136159953
85.489,0.219720401730541
85.5459,0.253005295053242
85.5649,0.183200317607913
85.5752,-0.736096355739875
85.5865,0.11626549202883
85.6436,0.11109992731248
85.6996,-0.486166574991103
85.7097,-0.708349866847797
85.7459,-0.703327207866565
85.835,-0.412575093246275
85.8647,0.0413632530169963
85.9044,-0.0937420578657111
85.9053,-0.154481759607052
85.9975,-0.680045345309139
86.0058,-0.690313438438878
86.0686,-0.0356434701091075
86.1,-0.748996510075727
86.1377,-0.597309535919038
86.1519,-0.719263916164849
86.1857,0.302714853501612
86.198,-0.643964467663736
86.2109,0.0824011731244809
86.2154,0.200777941926759
86.2235,0.204890769083264
86.2816,0.316773019089595
86.3008,0.0213089468257692
86.3181,-0.112032479269274
86.3311,-0.448585617307245
86.3317,-0.311542838245032
86.3786,-0.427066402087164
86.4179,-0.0665714692112971
86.4538,-0.671516401162151
86.4772,-0.637528894558713
86.5311,0.192507063581743
86.568,-0.737257025492994
86.5775,-0.0845171240720788
86.5877,-0.713383962922634
86.6229,0.186626990641741
86.6531,-0.157155470648263
86.7443,-0.262412015686834
86.7786,-0.00489197364929339
86.7867,-0.764356445903047
86.8696,-0.165077888754027
86.9201,-0.0831560000400628
86.9201,0.0291615668742082
86.9225,-0.0839831930991579
87.0008,-0.328729699258048
87.0088,-0.664702970767095
87.0477,-0.713236737939141
87.0795,-0.403110476272246
87.1157,0.0720140164469854
87.1374,0.268164232962732
87.151,0.0488588280872619
87.178,0.316479290459824
87.1924,0.331550731041219
87.2164,-0.326903557308128
87.2183,0.031181044149136
87.2431,0.328101951201177
87.2497,0.186614940662352
87.2861,-0.245181820874564
87.352,-0.577647110654169
87.3734,-0.233284115159165
87.3847,0.220443136630081
87.3883,0.289581852452102
87.3905,0.261465822735488
87.4287,0.0618330426987228
87.4373,0.0338683483597464
87.4804,-0.114999583894928
87.4981,-0.751374441237033
87.5079,-0.0878035233081107
87.5422,-0.634293272585182
87.5456,-0.0853502342302477
87.5604,0.242132808670519
87.587,-0.740709872421917
87.6619,-0.723122495832214
87.6884,0.121338495090541
87.7002,-0.0514779932519644
87.7035,-0.0227297633366561
87.7183,0.109565316111258
87.7258,-0.0696788951949401
87.7551,-0.119542609078195
87.8233,-0.736107116555914
87.9042,-0.0854350043443759
87.9652,0.0684600951677794
88.0431,-0.368756350894827
88.1021,-0.349503798847934
88.1062,-0.451335052922346
88.1418,-0.0624323770629189
88.2046,-0.0419795727186454
88.2151,-0.076407541325068
88.2854,-0.53978160487695
88.2892,-0.116164430476019
88.3277,0.164145845145327
88.3803,-0.0851196635520637
88.3999,-0.0444164998029777
88.4135,-0.0890620925805621
88.4189,-0.170256736150634
88.4489,-0.0847256379508536
88.556,-0.285834538581526
88.5837,-0.76861698098395
88.635,0.33015943151247
88.6512,-0.159104791776286
88.6969,0.327562640128704
88.7133,-0.100692128202752
88.717,0.311072596894206
88.7781,-0.625971883742707
88.8001,-0.201760361158108
88.8334,-0.73408810163734
88.8335,-0.366141749776745
88.893,-0.532112571797086
88.9556,0.182541325093752
88.9576,0.252995501588288
88.9647,0.256100441041212
89.0168,0.249204653852459
89.0297,-0.268623014879083
89.0673,-0.670462880595991
89.0772,-0.776517311189124
89.1368,-0.687181990427334
89.1454,0.170483914598222
89.1547,-0.0860942707787871
89.1719,0.205317901419946
89.3208,0.231468805186282
89.3303,0.294531597012252
89.334,-0.626019656794526
89.3502,0.0318201998581031
89.3525,-0.621122811110155
89.389,-0.524657612146385
89.4004,0.30895970275526
89.4037,-0.797022188367109
89.443,0.00821837316817664
89.5059,0.305983518511582
89.5202,-0.802019658352691
89.6114,0.241611009288491
89.6629,0.289983899387963
89.6838,-0.026240137138771
89.6847,0.139642750559801
89.8034,-0.59258510499771
89.8236,-0.591625174786046
89.8306,-0.482189731155316
89.8557,0.0950717787238915
89.8637,0.164032088856175
89.8726,0.264103369461552
89.8798,0.325026261981151
89.9103,0.340914381336134
89.9173,-0.799864467943124
89.9305,0.335982023785959
89.9726,-0.782307453744821
89.9952,-0.748982251289291
90.0053,-0.748859490700298
90.0127,-0.0157284553640267
90.04,0.3489193781285
90.0465,-0.0859121278185171
90.0581,0.140879424526076
90.0697,-0.396742797103713
90.0799,0.00578677663145299
90.0925,0.0496085439449985
90.0968,-0.319695245658224
90.1017,-0.689273660178088
90.2097,-0.148901930524858
90.2662,-0.657910102824005
90.2928,-0.809118818536064
90.2932,-0.364380335948127
90.3045,0.212551527287133
90.3981,0.164815086775661
90.4274,0.205159201492933
90.4711,0.356940496713833
90.5042,0.1975486971875
90.5561,0.357771157936142
90.562,0.0274843932331521
90.6079,-0.367239115420404
90.6355,-0.82481107376357
90.6508,-0.504311745133009
90.6954,-0.256060823387031
90.7259,-0.317340097659752
90.7622,-0.131742140907321
90.7655,-0.436300519155296
90.8417,0.249941568571771
90.8486,-0.713628729937454
90.8832,-0.333503315052198
90.8847,0.159487562093787
90.9012,-0.30286863927094
90.902,0.0784526706095363
90.9223,0.367188806891519
90.9232,0.0850223741342404
91.0024,0.359365126711907
91.0216,-0.482293249960506
91.0408,0.0240825441559451
91.0786,-0.774000544055284
91.1049,-0.554488396933948
91.1202,-0.660944432992693
91.146,0.188171250747999
91.19,-0.0141870636686718
91.2038,-0.563182837047606
91.217,-0.0277338938195015
91.2421,0.017611396932864
91.2461,-0.270454773209892
91.3151,-0.573449630443974
91.326,-0.43327942392888
91.4021,-0.441625700947242
91.4805,-0.190239051520109
91.4961,0.249917542905777
91.5246,-0.122611775840653
91.5763,0.312833455741909
91.6042,-0.0789493090699693
91.6073,-0.0723702061967089
91.6137,-0.814859340298412
91.6402,0.160868516498269
91.6668,0.0134548265388474
91.7023,0.247999953511894
91.8823,-0.829193726735241
91.9307,-0.845073367246982
91.9418,0.366177731146493
91.9477,-0.0892133531657748
91.9641,-0.813037030735742
91.9675,-0.576630213049484
92.0231,-0.675989735861194
92.0551,-0.701397907535707
92.062,-0.457797533146689
92.1515,0.378393457783631
92.1938,0.338854139654359
92.2108,0.346351046505504
92.218,-0.282635031920947
92.2492,0.011717636064688
92.2753,-0.411532519139556
92.2813,-0.104056752356598
92.2826,-0.0698410312648576
92.3818,-0.0907212851554817
92.3955,-0.112949203626201
92.4038,0.357528136088987
92.4163,0.339775604583124
92.4298,0.339767747679716
92.4544,0.379149219180292
92.4548,0.279901940231667
92.4696,0.220906997781654
92.4862,-0.148766891019648
92.5202,-0.437029380291435
92.5515,0.38291724173655
92.553,-0.832147557909295
92.588,-0.247049801547973
92.6854,0.329751585393595
92.6926,-0.272411509319497
92.6966,0.142056343918298
92.7087,0.332023531575771
92.7125,-0.853135811321764
92.7664,-0.562986572104435
92.7778,-0.219898959039369
92.8297,0.348787621279456
92.8302,-0.841469988529553
92.8882,0.135652232862938
92.8918,0.322534921255794
92.9113,0.0177331809934316
92.9616,0.383098503587718
92.9773,-0.0864812545560483
92.9875,-0.166406569336118
92.9942,0.38656732329342
93.0408,0.345292150037167
93.0488,-0.09907729184836
93.1125,0.216350872229768
93.1174,-0.129198050120948
93.1528,0.390755459597528
93.1823,0.263430659586675
93.1923,-0.461575760054671
93.2084,-0.16264577496392
93.3003,0.327195246378224
93.3103,-0.542578996486753
93.3231,-0.0893758429471347
93.3731,0.0542977611807771
93.3852,0.363325660889046
93.3854,-0.723044220673543
93.4102,-0.100896932017378
93.4376,-0.0692448304243669
93.4978,-0.816270215148975
93.5214,-0.482202081807628
93.5221,0.0366217870999748
93.5383,-0.357193107171312
93.6296,-0.189794500093086
93.6503,-0.525028343132675
93.6585,-0.252843170728426
93.7065,0.397525990156353
93.7066,0.145903400503599
93.7073,0.391625918054046
93.7546,-0.470260999233403
93.7758,0.320255927951308
93.7817,-0.233978722579039
93.7905,0.398099064334119
93.8268,0.0709660018292197
93.8309,-0.613303870622659
93.8325,-0.0877383067351616
93.8343,-0.823217972058202
93.8533,-0.389528723623087
93.8611,-0.0132557414351879
93.8628,-0.187680074781184
93.8933,-0.0308232417432777
93.9899,0.395273731166043
94.0209,-0.42064981853413
94.0314,-0.0918779961482272
94.0713,0.180282206893267
94.074,0.150937717932706
94.0917,-0.053145773277933
94.1608,-0.0755999385534381
94.2191,0.272622905273025
94.2657,0.403308420885352
94.2931,-0.251850916137627
94.3143,-0.791265448057459
94.3269,0.13834966795504
94.3521,-0.136193474779802
94.3747,-0.670520679420676
94.3876,0.136196001490447
94.3881,-0.59683241064667
94.3889,-0.551249352651837
94.4113,0.00953617526538153
94.4581,-0.75133798173826
94.4691,0.0744332724220698
94.5103,-0.107205795036151
94.5311,-0.44395438809039
94.5413,-0.0867259763680011
94.5681,-0.877194876816461
94.6183,0.200960061296129
94.6557,-0.727870193964335
94.6778,-0.598069146478736
94.6893,-0.558955274031803
94.7232,-0.0818476210969834
94.7328,-0.570655005073206
94.7988,-0.887571984072181
94.8342,-0.229829254723271
94.8348,-0.789989720574923
94.859,-0.699982770753408
94.8753,0.409620098003657
94.9227,-0.737602884732382
94.9593,-0.124294623962044
94.9898,-0.266841993533802
95.0173,0.308508521375117
95.0654,-0.649782777824313
95.0697,-0.668295683987338
95.0889,0.291540256094891
95.1418,-0.826922037446195
95.1452,-0.709479560355945
95.1606,-0.88532823390527
95.1877,-0.334760081210845
95.26,-0.592314230940119
95.2965,0.38136257133722
95.3182,-0.390226594362133
95.3408,-0.417281289782494
95.3462,-0.761218295249023
95.3515,-0.190876307392102
95.3809,-0.122484375517587
95.4284,0.311016773715579
95.4547,-0.800144985417987
95.4631,-0.053038430502184
95.4721,-0.286192332996109
95.4747,-0.438024347775595
95.4947,-0.892106416579537
95.5142,0.36549856419046
95.5301,-0.857000020665268
95.6182,0.148825717140028
95.6463,0.174743720965495
95.6512,-0.0887842560714773
95.7075,-0.892951667863358
95.7202,-0.0473979376629785
95.7214,-0.608569008030429
95.729,0.0738867955179501
95.781,-0.885616908656331
95.8382,-0.398851795091218
95.8387,-0.284935429789442
95.8446,-0.154151663132254
95.8537,0.0334283526205752
95.8789,-0.645539394925621
95.8961,-0.785901528579259
95.9466,-0.745622065511455
95.9606,-0.0736575169742366
96.0268,-0.682250712384885
96.0289,0.41557329373515
96.0311,-0.0348481850769815
96.0618,0.422419156878249
96.1025,0.398509631386332
96.121,-0.893195197801262
96.1234,-0.752245434069096
96.1972,0.349422254169539
96.2063,-0.665344908448517
96.2533,0.293941249807204
96.2891,-0.835430767347944
96.3518,-0.159172544921205
96.4076,-0.264078804254112
96.4394,-0.294719080914987
96.4809,0.318418210095103
96.4849,-0.855729849208615
96.5001,0.0396507151680368
96.5476,-0.877914468987996
96.6117,-0.393037548373741
96.6421,-0.0871097484560579
96.6555,-0.860293228329454
96.6764,-0.561853908988951
96.7145,-0.529087588220008
96.7341,-0.127418125443072
96.7532,-0.81293352595722
96.8242,-0.150854162576408
96.8346,0.418271370784041
96.8705,-0.926777837924107
96.8757,-0.631435669874847
96.9182,-0.896680172731976
96.9482,-0.921484021803437
96.9909,-0.0987981294862408
97.01,0.0960202041219986
97.0298,0.236864360903382
97.0386,-0.902201892858017
97.0694,-0.802549752111076
97.1111,-0.0345664236793652
97.1339,0.307229376659691
97.1398,-0.093669743932935
97.1841,-0.0231857773257929
97.2566,0.049365072606335
97.2728,-0.859269554909702
97.3783,0.345945000904649
97.4134,-0.840578102012984
97.4693,-0.143875191634734
97.4866,-0.931254993908212
97.5672,-0.377124775937702
97.6111,-0.0894413330652242
97.6355,-0.182060470524036
97.6435,-0.33485470373958
97.6458,0.392340389674459
97.678,-0.0256934204305139
97.6868,-0.0940509749178204
97.7238,0.327691938289817
97.738,-0.0474608655084694
97.7487,-0.0459504587390995
97.7676,0.431676757759789
97.7908,-0.0375644057809978
97.8113,-0.764666138210345
97.8122,-0.169490189511109
97.8286,0.386270768743202
97.8468,0.437102742741473
97.8558,-0.0884545350181014
97.8763,-0.857601515674745
97.9182,-0.156690932455376
97.9324,0.436965765418961
97.9397,-0.787603774826692
97.9466,-0.408626463981136
97.9564,-0.175878374002806
97.9908,-0.0789779308780396
98.0574,-0.375190896062691
98.1007,0.146280986436082
98.1025,-0.5669713543667
98.1025,-0.705648202717185
98.1118,0.0713448791995717
98.1236,0.407248529957883
98.1242,-0.786512989032943
98.1693,-0.683392123626163
98.2076,-0.904380156130557
98.2111,-0.535889509754071
98.2921,-0.319136321553572
98.3024,-0.847155869410244
98.3622,-0.0947742180675988
98.3751,-0.870052536501689
98.3904,0.437446516241522
98.473,-0.702867486073771
98.4787,0.194706008417711
98.5124,0.437499944336949
98.52,-0.132139332903819
98.5262,0.379264802278769
98.5351,0.278688365856993
98.5928,-0.073936448132315
98.5974,-0.484434700596609
98.6056,-0.201132220858554
98.6514,0.227895194437835
98.6538,-0.55410365594058
98.684,-0.878982948760211
98.6915,-0.245452314930446
98.7081,-0.789926639261893
98.7586,0.436636482504568
98.7709,0.264638526768394
98.8831,-0.77100836398732
98.8931,-0.461839406797438
98.9792,-0.0592311284411835
99.0259,-0.84086958699298
99.0329,0.381773947756642
99.0433,-0.378756145222027
99.1158,0.0969954667528725
99.1275,-0.071557307715409
99.1656,-0.963679338867735
99.1884,0.129855026162019
99.1914,0.280734391676845
99.2921,-0.956546532067762
99.3223,-0.405515407560529
99.3457,0.370485860716443
99.3669,0.270051533121048
99.3901,-0.954311708843221
99.4346,-0.963670057052639
99.447,0.454676783197172
99.4826,-0.246520765714934
99.5244,0.0716707724362919
99.5538,0.440883218831701
99.5838,-0.666447357553579
99.5903,0.41318804443469
99.5969,-0.911982838356622
99.6274,-0.877293114007301
99.6444,0.371786769003819
99.6661,0.443753462551072
99.7055,-0.0321147001996422
99.7137,0.125430016797793
99.7395,-0.114493517914696
99.7976,0.450968644309555
99.7996,-0.963506827737646
99.807,-0.0955131924867487
99.8178,-0.0209023332276814
99.82,0.195397358275343
99.8214,-0.947003180222495
99.8322,-0.728413266811899
99.8521,-0.920160434047148
99.8651,0.410251196569774
99.8758,-0.461505411872935
99.9053,-0.719888080608868
99.926,-0.937995060957547
99.9337,-0.822517824622125
99.9494,0.303063892461537
99.9634,-0.514285045149308
99.997,-0.108154459661606
