Latitude,Longitude
19.06697918,72.86535613
19.12490723,72.88655087
19.19145868,72.85141688
19.16196678,72.90235934
19.20041401,72.84890269
19.10970199,72.79138779
19.07733991,72.92084726
19.05734758,72.95025938
19.12529467,72.75989803
19.18034149,72.77769095
18.95890722,72.85109067
19.13340135,72.91554986
19.04452515,72.83032566
18.98911293,72.9438882
18.94417316,72.86527114
19.02710706,72.80076063
19.00977886,72.98182305
18.95733296,72.82732157
19.09544723,72.93487678
19.06516329,72.73655126
19.00492305,72.95515189
19.15717646,72.79264642
19.00907064,72.86520109
19.20269043,72.93468787
19.15740954,72.98446847
19.06424167,72.88067331
19.03566184,72.79838507
19.10877076,72.97567684
19.21907438,72.89831535
19.12996064,72.82534629
19.10421276,72.81504328
18.96488176,72.83558745
19.10271422,72.98738687
19.02220568,72.76273004
19.12032884,72.74702948
19.05408596,72.88230518
19.11709333,72.78379146
18.97397384,72.81392275
19.1204743,72.76661352
19.06033947,72.83774579
19.09328806,72.76104784
19.2054617,72.90833332
19.12624011,72.85916526
18.94001913,72.84037321
19.02522479,73.00447476
19.06456616,72.79661434
19.18414013,72.96491818
19.17249526,72.89662972
19.10694586,72.90427694
19.11502199,72.91482761
19.10639617,72.77096418
19.08149735,72.76519705
19.04308427,72.95427179
19.19741314,72.88434968
18.99696983,72.89995818
19.19434867,72.80261543
19.02957382,72.94760726
19.01083968,72.96276693
19.03036707,73.01689057
18.99918381,72.97665429
19.00085712,72.75240326
19.00396739,72.97155358
18.98782207,72.97138218
19.04391257,72.9801208
19.16747989,72.90409176
18.97677309,72.80549824
18.94652057,72.90009451
19.11573556,72.91096383
19.03056103,72.95287564
19.2157945,72.87709217
19.04597362,72.83881758
19.14086826,72.76451908
19.0257994,72.94298865
19.07184495,72.93988631
18.94357297,72.87562286
19.10368113,72.74077258
19.17649937,72.85193424
19.11205078,72.79808651
19.12298967,72.86396847
19.04521897,72.88208523
19.10547323,72.91217951
19.01488808,72.78646023
18.9967218,72.90827459
19.04377819,72.87123102
19.0315112,72.98072471
19.0496148,72.74417016
19.1012616,72.99473323
19.05635379,72.86850243
18.96125565,72.94341527
19.18760838,72.79861557
19.09564735,72.86039841
19.00268083,72.8327331
19.09364884,72.72627024
19.0924138,72.79344747
19.12779532,72.77056031
19.13916512,72.99261254
19.1191096,72.93050077
19.04653329,72.91108584
18.95492168,72.92421306
19.04270039,72.90331544
19.14495019,73.00590344
18.98711488,72.94679248
19.01098239,72.77130126
19.01711073,72.79474745
19.07893924,72.7460573
18.96464578,72.78727673
19.12070068,72.90577911
19.07113739,72.94911848
19.05721529,72.85710625
19.14906652,72.79533269
19.13971179,73.01224586
19.12698807,72.92597159
18.95090174,72.87276007
19.05358775,72.85031627
19.06450949,72.83456719
19.03958983,72.81660612
19.15052901,72.97548378
19.09476207,72.74153837
18.96218238,72.91301537
19.12705087,72.82685474
19.07546974,72.87417065
19.17171905,72.89428799
19.08952993,72.88424995
18.95558125,72.94282143
19.17508085,72.87773125
19.06714101,72.83467076
19.18017722,72.92180016
19.07107311,72.92541479
18.95726661,72.82519781
19.06494902,72.72623643
19.02165626,72.92681672
19.01156061,72.92411628
19.19475231,72.94780483
19.00271843,72.77736744
19.01258206,72.8573819
19.11667521,72.8029646
19.12831366,72.80119784
19.04840357,72.96527955
18.98705338,72.90571228
19.13088467,72.90353389
19.13520059,72.91578794
18.98993583,72.88976738
19.16770397,72.81979753
19.12506107,72.80436973
19.01315373,72.91269399
19.0938691,72.93606737
19.18014214,72.85463888
19.04276279,72.77346755
19.12755207,72.95797202
18.98021905,72.77976529
19.18062016,72.95651828
19.1665814,72.98811912
19.14998473,72.94896734
19.039065,72.96020233
19.15420324,72.99611501
19.12137009,72.77993743
19.05887183,72.85100246
18.96015477,72.88147056
19.09273293,72.84421056
19.09150891,72.89771471
19.09977345,72.82224151
19.07109426,72.79661539
19.02772303,72.73595479
19.03413955,72.96611843
19.07885744,72.84819617
19.17849188,72.7764849
19.14633346,72.95086434
19.20869315,72.90842783
19.08915412,72.84960319
19.17666624,72.97691897
19.04790265,72.96667995
19.00398594,72.82488897
19.0511396,72.8569638
19.08770321,72.86632996
19.08284503,72.77148336
19.05476228,72.80548576
19.01200666,72.87519968
18.9464643,72.93665795
19.03525762,72.96914434
18.97169241,72.8302513
19.00956345,72.87264352
19.04730175,72.97532094
19.18829176,72.87805028
19.17371085,72.9447178
19.06207576,72.95838362
19.21676517,72.85919693
19.02869648,73.02063974
19.07774971,72.83452768
18.9603952,72.93930845
18.95864014,72.92039411
19.10335155,73.00203956
19.107588,72.8645875
19.06113423,72.98539396
18.96670855,72.86382972
19.18734583,72.97057341
19.13200512,72.74666008
19.16348915,72.98514259
19.08012515,72.91450007
18.96676512,72.9182206
19.11538847,72.90374625
19.09135865,72.99228096
19.12653529,72.9004656
18.93747512,72.85578803
19.14454472,72.75921048
19.00596313,72.83467927
19.09720954,72.75558066
19.0499406,73.02646677
18.96288039,72.83691358
19.15203298,72.82762781
18.94993072,72.81466809
18.99128744,72.78085355
19.06962336,72.84999711
19.01741479,72.75877701
19.18148504,72.92159076
19.10813226,73.01160901
19.11947557,73.0079037
19.1696863,72.91797858
19.16167684,72.78964503
19.13209868,72.80148639
19.0063118,72.85441845
18.9489533,72.82184017
19.10907651,72.92799454
19.01182985,72.74098868
19.17893045,72.84305539
18.93676075,72.90877549
19.02161825,72.98208477
19.00524054,72.81476546
18.97202714,72.88481591
19.15081937,72.91376895
18.99443029,72.75854903
19.18344243,72.96720714
19.11233589,72.82307233
18.95789688,72.88692931
19.10964635,73.01655033
19.0722954,72.82059187
19.07318074,72.76466189
19.02867602,72.9516743
18.95523937,72.83502066
18.9552446,72.93621162
18.97707295,72.77342269
19.11279812,72.83437983
19.19406792,72.8940037
19.04465606,72.80469542
19.13253776,72.90076404
19.04653579,72.80130466
19.07285577,73.00211116
19.09705365,72.76597468
18.98071032,72.96009486
19.10239911,73.02787094
19.09246028,72.91441399
19.18900017,72.94858442
19.10586094,72.85373812
19.17897448,72.91417063
19.20257908,72.85205324
19.10412894,72.81283791
19.0654198,73.01792657
18.99308868,72.94384269
19.10787708,72.75427786
19.00045989,72.8498371
19.08608788,72.91806346
19.08879576,72.77627102
19.10002661,72.93352734
19.08155444,72.8980781
19.14121933,72.99023378
19.1201562,72.9692207
19.12071561,72.98753486
19.13230725,72.82832361
19.19981263,72.89861303
19.11245747,72.84637505
19.17826665,72.84562077
18.9567775,72.88288761
18.94836773,72.94274308
18.98918556,72.87012907
19.03490333,72.96913557
18.99254466,72.90907859
18.99457467,72.93993349
19.11095412,72.89919165
19.15818483,72.92956753
19.09128718,72.84948987
18.98737372,72.85311681
19.06336953,72.96726813
19.12465175,72.96751452
18.9750093,72.79116651
19.00369459,72.75123595
19.18099879,72.7976503
19.0515353,72.97980446
19.06664706,72.76107253
19.01691498,73.00200838
19.1443174,72.97323132
18.96662666,72.87501019
19.06292679,72.89392959
19.02999772,72.88031123
19.13252001,73.00801201
18.95988788,72.92488475
19.01293754,72.91613201
19.01252895,72.95847641
19.10655788,72.78122347
19.05806288,72.86859479
19.10306963,72.87251006
19.11544508,72.95796067
19.14605154,72.75909296
18.99404101,72.90876706
18.96788311,72.97349351
19.0566432,72.94408489
18.97001606,72.85179581
19.04068579,72.85804244
18.96432747,72.9632939
19.15207508,72.85767881
19.19301049,72.96567614
19.13076648,72.90654287
18.97438361,72.98454194
18.96686524,72.84333304
19.05233305,72.79383689
19.1621911,72.79066844
19.08744801,72.84610653
19.1651146,72.88144918
19.21291012,72.90733543
19.02464259,72.84063805
19.13057612,72.95719957
19.14233565,72.77332108
19.16683517,72.80376264
19.09721468,72.80442956
19.06964512,72.93147302
19.1247134,72.82178492
19.07020967,72.7283314
19.06791756,72.91819654
19.03381589,72.86977755
18.95454996,72.92975092
19.18401307,72.85572079
19.09844972,73.02308547
19.20563419,72.82949137
19.16052766,72.98038378
19.13054989,72.7961022
19.09566406,72.93285159
18.97988182,72.834798
19.02968874,72.89079545
19.13147604,73.01463066
19.12332215,72.79942762
18.9511508,72.81675531
19.14429171,72.74543982
19.09240252,72.85330069
19.18718364,72.80772843
19.13550564,72.97785739
18.99508345,72.85000343
19.17345998,72.92801486
19.035985,72.85010328
19.04399763,72.88265117
19.13792631,72.89215116
19.16759183,72.96209323
19.09038269,72.88207826
19.08858948,72.97574351
19.0179043,72.95063627
19.18171582,72.82392357
18.99776542,72.78825172
19.07995464,72.88652942
19.09844426,72.86045067
19.07428492,72.997945
19.03884252,72.74619825
19.03445263,72.81442423
19.05803823,72.85972886
19.04238673,72.94794686
19.06892508,72.79949502
19.05003656,72.94575765
19.15996045,72.75906677
19.01313317,72.86287583
18.98552298,72.93916325
18.96531774,72.87810867
19.02301175,72.92540298
19.17090002,72.9784149
19.19751126,72.86570468
18.94397955,72.85487184
19.09357754,72.92590808
18.94971812,72.87957313
18.99621379,72.99470465
19.14266183,72.74885654
19.17269473,72.9228955
18.940622,72.83166422
18.94942763,72.9510275
19.02633813,72.7616393
19.09192774,72.77355342
18.95576989,72.84067896
18.94685705,72.88015659
19.13757599,72.8650701
19.06373303,72.81167506
19.05669558,72.88756639
18.97281046,72.91647604
19.00053358,72.82879277
19.09128674,72.76593108
19.07154212,72.95446521
19.10096724,72.7878859
19.00844154,72.84676416
19.15634277,72.94895268
19.10423781,72.79765567
19.16793981,72.86869038
19.07778053,72.87968209
19.05129623,72.7824662
18.9743411,72.81362699
19.10074925,72.81163119
19.01549797,72.8479367
19.02959737,72.94635846
19.0507509,72.77402788
18.98273695,72.88148975
19.16862419,72.86855126
19.09361848,72.74448697
19.20208996,72.81396528
19.18244311,72.77861066
19.07930668,72.7415396
19.11750509,72.86474772
19.12479531,72.89704563
19.20754181,72.82330695
19.09897813,72.78036456
18.98958401,72.85430838
19.11004135,72.87091228
19.20185379,72.93268648
18.99503003,72.78433622
19.00397173,72.90786454
19.14359261,72.83588332
19.12845337,72.78683159
19.05941794,72.97651613
19.00124073,72.98741443
19.07393977,72.91297352
18.96888218,72.8438111
19.08754998,72.80625881
19.009054,72.7519701
19.07970257,73.01855474
18.97034946,72.77830099
19.06936424,72.92237171
19.13849208,72.76900078
19.13408248,72.85161698
19.12184124,72.90258338
19.15629803,72.78736211
18.95188313,72.91197313
19.11058184,72.98385333
19.10806553,73.00285086
19.0080654,72.88604517
19.06094183,72.9666738
19.11815455,72.73600698
19.02089474,72.98358849
19.14663372,72.84046525
18.94608857,72.8986887
18.98887957,72.93751031
19.02525238,72.98702924
19.21619206,72.89712474
19.01737434,72.8540064
18.99125714,72.89871937
19.16431651,72.76497103
19.08712442,72.84048172
19.03473392,72.84765135
19.02084533,72.95239367
19.05967247,72.89766133
19.21033834,72.82792199
19.08703653,72.93693345
19.1260835,72.91042777
18.97545055,72.80694069
18.99406328,72.96600108
19.03616389,72.77117777
19.18584861,72.97306766
19.09746629,72.77356733
19.14724785,72.75885228
18.99087704,72.9897793
19.04879029,72.86638764
19.00496452,72.74673207
19.08306529,72.88877185
19.01838698,72.89333633
19.00883697,72.99448797
19.03212342,72.86842616
19.09151197,72.99082147
19.00947943,72.74706905
18.99445056,72.98287842
19.1431049,72.83537282
19.03123647,72.73646092
19.04434084,72.84313268
19.11595052,72.9822712
19.08993769,72.90403287
19.0382201,73.00884921
18.93534021,72.85226571
19.10701399,72.76202083
19.14634343,72.80790644
19.07944932,72.96899637
19.03230764,72.75961977
19.13110517,72.77493137
19.00592921,72.79912218
19.04036596,72.77320298
18.9740202,72.8235926
19.13375057,72.80080652
18.9711658,72.81384036
19.06511415,72.88048975
18.96154112,72.95261529
19.14596586,72.80381144
19.19025922,72.82432838
19.10707197,73.01916845
18.95545171,72.8004471
19.04516432,73.00731211
19.14884219,72.78174983
19.08356339,72.83005627
19.12181643,72.97309353
19.21403605,72.86360179
19.11054161,72.97144981
19.10894022,72.80862388
19.03599577,73.00425223
18.99824298,72.90007109
19.00951454,72.92137449
19.09979281,72.79945752
18.94872157,72.83699385
19.04895258,72.8126525
19.17949879,72.80559246
19.14837764,72.96559205
19.11335276,72.90009066
19.09336441,72.78562981
19.00633113,72.8758127
19.04368965,72.86309543
19.12810089,72.86739536
19.08426369,73.02852797
19.00509054,72.80936635
19.08629765,72.95170868
19.00629624,73.01135287
19.18042857,72.78212019
19.0041733,72.91739789
19.03362317,72.96102224
19.09928623,72.90937416
19.07901803,72.84106811
19.05070226,72.76102307
19.00492681,72.87342069
19.14288264,72.85429678
19.11634217,72.81309526
18.97995997,72.7845822
18.96931167,72.87576078
19.0462121,72.78042673
19.16178269,72.81587795
19.07023684,72.91794213
19.01276722,72.96462906
19.00449201,72.99926807
19.01572203,72.80584006
19.20977892,72.85147647
18.9676249,72.95377942
18.964793,72.96013318
19.01848022,72.82165118
19.06407884,72.7402751
19.03684564,72.85568257
19.17226812,72.85718872
18.99281397,72.9824853
19.06311937,72.90130184
19.07909555,72.89437106
19.0297893,72.93474591
19.02353781,72.98186365
19.06443627,72.97581599
19.12367466,72.7829134
19.09049646,72.82705767
18.94164916,72.90220359
19.16587514,72.97231777
19.04600663,73.02539986
19.10393684,72.94182786
19.03072657,72.7638836
19.08126826,72.80059863
19.14867233,72.99998915
19.02423263,73.00945811
19.00723032,72.88456119
19.03366106,72.8775007
18.98048267,72.82336707
19.10440636,72.94016422
19.03475227,72.96564335
19.11995845,72.9179444
18.98203896,72.96842746
19.05717086,72.91616474
19.02405548,72.89536449
19.02350939,72.9296317
19.02420163,72.97381743
19.01073369,72.95915672
19.15075169,72.83980812
18.96333545,72.82510613
18.95771212,72.81319359
19.11895767,73.00839988
19.04552499,72.75278728
19.13571127,72.81057663
19.10666845,72.84230996
18.95116455,72.94555055
19.0839838,72.75618801
19.12393008,72.83458112
19.02034571,72.8405079
19.09523828,72.91886158
18.99260772,72.92556586
19.06477222,73.02768502
19.18620233,72.89766172
19.1860422,72.92755231
19.00712123,72.79076959
19.10432132,72.9354097
19.07555673,72.89794856
19.15694858,72.7870543
19.12014448,72.75275248
19.02754521,72.83097485
19.01645737,72.79618069
19.12458676,72.74479924
19.10147123,72.92729783
19.05473853,72.78916741
19.1231379,73.01049503
19.05167313,72.84887959
19.04595792,72.97835921
19.13150814,72.86192319
19.05290816,72.92802681
19.17104976,72.88141181
18.97992296,72.8199393
19.12419503,72.93354977
19.05094307,72.91079211
19.02884815,72.82174231
19.05103511,72.93066376
19.00298861,72.93319842
19.16850349,72.81436906
19.17206384,72.98782175
18.99282513,72.94881691
19.14619916,72.99665738
19.10437342,72.8572215
19.08532782,73.02600246
18.96677124,72.91023722
19.09741463,72.74920305
19.03441509,72.87048082
19.21167232,72.8560215
18.98462314,72.93995129
19.08982721,73.02723213
19.14789022,72.90626115
19.0732497,72.97312253
19.15928283,72.96137891
19.17414453,72.88068008
18.96591592,72.90560718
19.07975818,72.90907854
19.03814847,72.81915182
19.14374454,73.00675076
19.18789981,72.92519371
18.96202651,72.85989857
19.0744398,72.81607402
19.12318185,72.86076698
19.13418639,72.99539861
19.10521521,72.75361552
19.14138469,72.79399253
19.04943906,72.77435945
19.00198297,72.97421187
19.06912263,72.99999784
19.14813709,72.78353128
19.21257904,72.85174888
19.033226,72.7567531
19.03233181,72.99276167
19.05587892,72.89783894
19.12715001,72.97192712
19.0273515,72.94559722
19.17990303,72.82637051
19.11350274,72.98142316
18.96096762,72.84279627
19.15381602,72.84093288
19.08755815,72.76781199
19.15304344,72.96510392
18.95976102,72.9025039
19.17145057,72.89901115
19.17272775,72.86549212
19.12485961,72.8054358
19.07228293,73.00908662
19.20063754,72.90569472
19.00447551,72.75477736
19.04041575,72.73539045
19.08879828,72.82305197
19.07417135,72.87900734
19.19411382,72.95353659
19.19069017,72.85699203
19.08661841,72.88543174
19.00559938,72.90362825
19.11382409,72.91653446
19.1014422,72.99961767
18.99030725,72.75938761
19.03937325,72.94747262
19.16822966,72.97305819
19.17989322,72.9552343
19.11415025,72.86049525
19.01762662,72.96280221
19.05312185,72.93564559
19.05242807,72.90173397
19.10156512,72.9568412
19.019843,72.96253734
19.07902247,72.83144871
19.021256,72.84061654
18.9982374,72.75476346
19.01058942,72.75939906
18.99023812,72.91876662
19.01467852,72.98153651
19.046714,72.76060084
19.16120008,72.81889142
19.05552327,72.90847815
19.01256677,72.97013592
18.95070447,72.87627437
19.10271633,73.01355677
18.98448121,72.8706772
19.18586516,72.93759979
18.98536037,72.84132385
19.14506828,72.83644265
19.04187818,72.77114875
18.95636071,72.82914112
19.04199051,72.74328577
19.09959256,72.77639595
18.94088445,72.90737843
19.0619717,72.83978444
19.01615853,72.75004369
18.98680699,72.76561315
19.0530735,73.00402316
19.14089282,72.83265651
18.96934027,72.94783128
19.10379668,72.99047944
19.11342958,72.95855246
19.1491235,72.76282465
19.09251829,72.75849313
19.20283105,72.92136884
19.04111733,72.87849746
19.0885273,72.81863692
19.04205492,72.76487614
19.0301331,72.76803559
19.15407328,73.00556084
19.21235822,72.90832888
19.17517573,72.81222803
18.99589252,72.99914868
18.9953687,72.94159256
18.97454044,72.7809701
19.00984621,72.82937268
19.15915884,72.93171188
19.03696586,72.83993186
19.14710157,72.75399341
18.93382513,72.88564879
19.0757273,72.85459529
19.07966231,72.77378392
19.12870149,72.96474904
19.10048439,72.77359854
18.96396651,72.9598135
19.08911511,72.99827647
19.1950834,72.81656038
19.06196675,72.83466484
18.99022643,72.76134987
19.11545349,72.97166717
19.15514328,72.96000987
19.02050966,72.77047534
19.17219996,72.94413917
18.97807116,72.90220169
18.95934918,72.87361312
18.98631446,72.97153229
18.95022824,72.84290691
19.07797761,72.91793391
19.09404401,72.98130209
19.09006539,72.94834897
19.17118987,72.92848248
19.04691323,72.95601972
19.01993318,72.90812754
19.04145065,72.9838619
18.93895591,72.86914817
19.0314072,72.85746235
19.0195456,72.89690861
19.08307739,72.72665818
19.03330388,72.98381059
19.18020035,72.9792714
19.12362048,72.92865679
18.99868359,72.78693433
19.10412167,72.8152629
19.09630679,72.94659009
19.10872722,72.89572048
18.97568115,72.8856443
18.95555886,72.83856269
19.0895739,72.8637562
19.04456264,72.81191992
19.07649902,72.99589352
19.12687622,73.01407025
19.1836464,72.8617208
19.0541417,72.93042833
19.06749695,72.91671592
18.94953821,72.82132219
19.15016474,72.92986875
19.13066986,72.92256105
19.19061398,72.90090042
19.00772051,72.92048701
19.04784691,72.848594
18.97179074,72.95776753
19.12136657,73.01604846
18.96367988,72.92261756
19.05069349,73.01649799
19.02717447,72.74740014
18.98859784,72.86723778
19.14177328,72.9982389
19.13185744,72.9587159
19.11439076,73.01057087
19.07983787,72.93180856
19.12805376,72.8783642
19.163985,72.90354357
19.09134986,72.91390414
19.16089592,72.82937871
19.0774256,73.00484296
19.16387398,72.92732064
18.95208863,72.90200128
19.02262615,72.83710408
19.08859183,72.7874345
19.0008337,72.85821714
19.13317141,72.74400005
19.12025909,72.96596091
18.94176721,72.8970654
19.10070066,72.96732333
19.12846648,72.83798666
19.18394553,72.91697346
19.1785615,72.86448652
19.08376861,72.82922411
18.93724308,72.90482028
19.19498075,72.80011547
19.07182536,73.02343655
18.95085965,72.81085005
18.98002606,72.81922984
19.17197827,72.98958602
19.20404916,72.9019517
19.08619511,73.01162992
19.12612075,72.85740377
19.05660305,72.75392407
19.09113069,72.93440857
19.11864782,72.81965808
19.08627905,72.72667256
19.11241434,72.77255668
19.03392871,72.82971012
19.09214078,72.78025622
18.93853843,72.85151342
19.14786892,72.89295544
18.93627126,72.90219635
19.13357491,72.99520138
18.9979381,72.87861155
18.96552454,72.95578132
19.20729414,72.93593469
19.10089408,72.96043464
19.10395506,72.91093231
19.0868514,72.75254204
18.99670115,72.85132865
19.15057536,72.84931331
19.10657893,72.75259762
19.1666289,72.91016923
19.08746547,72.9177487
19.0710457,72.87141539
19.0123202,72.9508913
19.11912573,72.87525889
19.01102987,72.85211906
19.14609989,72.96471352
19.15181182,72.79178947
18.97913659,72.88582919
19.16699922,72.76644906
18.95877759,72.85062364
19.14545911,72.90259572
18.94218543,72.88936631
19.16553442,72.86172571
19.14735729,72.76415293
19.18269912,72.84027229
19.16769456,72.77531937
18.94588053,72.81200492
18.97637153,72.776187
19.08152764,73.01342063
19.17186248,72.93999161
18.98824738,72.92262076
18.99705689,72.99878412
19.17874411,72.83326732
19.06555032,72.97823784
19.0253222,72.95747698
19.01265282,72.93011273
19.0772664,72.84079651
18.99486648,72.76726544
19.10456175,72.93203488
19.12284837,72.76513986
19.03974232,72.89357828
19.1237356,72.76298959
19.11659136,72.8840154
19.12255932,72.83517892
19.18210182,72.8096741
18.9403022,72.87945673
19.0448703,72.81397265
18.9826125,72.80174394
19.08367153,72.88132284
19.08211136,72.762671
18.98432513,72.89478368
18.95161447,72.85446628
19.13559968,72.87071796
19.02282167,72.80631362
19.0195822,72.76679299
19.19297084,72.94235608
18.97858223,72.77221952
19.04440291,72.93314083
19.21460379,72.85854285
19.17301369,72.93059241
18.97937376,72.80317697
19.0476057,72.74044684
19.13778948,72.97453937
18.98403759,72.93435617
19.05991171,72.93803828
19.07381358,72.86113601
19.06693611,72.72733245
19.00402801,72.90311821
19.17755499,72.86671027
19.07850907,72.8197858
19.02092651,72.90757998
19.09419491,72.92049642
19.14348214,72.94015556
19.15183098,72.75736698
19.08671174,72.95427336
19.17891272,72.79911859
19.01113781,72.84951001
19.17021645,72.97980012
19.11410747,72.84877384
19.04221314,72.94546635
19.10904323,72.88273429
19.0921404,72.83582519
19.14209504,72.95336188
19.07405784,72.89395724
19.12394759,72.76949374
19.08062905,73.0013845
19.2119028,72.88366606
18.99631237,72.80399153
19.11177548,72.83074353
19.05261078,72.95172714
18.98871969,72.95407289
19.01888015,73.01465327
18.95738855,72.96364555
19.07385689,72.79799476
19.02952315,72.85248304
19.07582607,72.923496
19.114677,72.9528417
18.99218789,72.88519421
19.01767713,72.78159427
19.13462375,72.81246659
18.94290133,72.85336448
19.06247279,73.02102806
19.07709181,72.95314767
19.15278702,72.85108822
18.9889347,72.88064027
19.07049198,72.92049571
19.18710978,72.81814308
19.03878716,72.78520309
19.10325208,72.94051316
19.03556273,72.90457954
19.10958214,72.89374304
19.05178009,72.77398657
18.98356717,72.86673006
19.13141934,72.94313387
18.99291972,72.98992855
19.17379092,72.78935441
19.02064058,73.01583529
19.11928156,72.740976
19.01156151,72.97287959
19.06759602,72.91905003
19.21361147,72.84084026
19.18509241,72.91368408
19.05242902,72.95852811
19.18148793,72.96692105
18.95903094,72.87930871
19.02746157,72.98955378
19.1108965,72.91535977
19.03326212,72.91775855
19.13346854,72.97572382
19.01793137,72.98182739
19.19982441,72.88010522
19.15349193,72.862971
18.97373639,72.79153109
18.93798386,72.91046388
19.116869,72.93912338
18.97619006,72.97059995
19.10583113,72.96329026
19.15943102,72.7766303
19.06763703,72.90155938
19.02642924,72.88086656
18.99286852,72.90603645
19.02745646,72.83409392
19.02615692,72.87011159
18.95863138,72.9242826
19.06510391,72.92939033
19.15351415,72.79775002
19.11312094,72.88088414
19.07597754,72.82160045
19.11463442,72.748099
19.09959365,72.95067619
19.19945908,72.81646128
19.02696001,72.90090443
18.96889744,72.88478073
18.95203285,72.89368192
18.97816105,72.93578706
19.1732431,72.85733294
19.09329444,72.95686734
19.15976996,72.78780588
19.19138609,72.85299506
19.20446186,72.87934185
19.01557079,72.895653
19.0721457,72.88008094
19.18281956,72.83426782
18.99957427,72.76840021
19.00386653,72.84269024
19.05844991,72.98978057
19.11002757,72.90026645
19.06125513,72.74627284
19.15586205,72.79991091
19.01887195,72.88222836
19.02121579,72.75076773
19.09486233,72.89704085
19.07446492,72.83437129
19.02599357,72.85253764
19.04799783,72.83902017
19.09670575,72.81288105
19.17100367,72.91133371
18.98859893,72.82321485
19.0017723,73.00412464
19.00785558,72.75124356
19.09420144,72.9146913
19.05793757,72.94335048
19.08864401,72.95731649
19.09565674,72.73429538
19.09618589,72.9799582
19.12443006,72.8028207
19.10295211,72.80880856
19.16826736,72.76032731
18.97355056,72.79029194
19.1182339,73.00741389
19.05745566,72.96599235
18.99293152,72.78812613
18.95037147,72.80591844
19.12944078,72.90787208
19.06814325,72.95107414
18.96618142,72.95290153
19.10848386,72.86003716
19.13683424,72.89192385
19.17709011,72.78968002
19.07905498,72.75266497
19.1471191,72.92409653
19.19033126,72.965672
19.20975575,72.92651281
19.01318503,72.75469655
19.0720471,72.82133469
19.14804279,72.82365784
19.12257935,72.76339884
19.00558727,72.95516993
19.09952694,72.97145868
19.17484017,72.86828801
19.11052647,72.80743164
19.20859454,72.84157257
19.05023966,72.76064745
19.14250653,72.95767511
19.06504706,72.92947714
19.07306948,72.76822793
19.19095531,72.93145002
19.06516584,72.90014242
19.0088704,72.83788448
19.15217344,72.99588846
19.13761166,72.76943609
19.07683572,72.92171349
19.00428786,72.83424779
19.06676103,72.75436777
19.05973556,72.88845712
19.18901125,72.80624322
18.9511805,72.8657147
19.08687004,72.83524508
19.0070616,72.91244
19.16249194,72.96981644
18.97946339,72.98846266
19.03529414,72.75218372
19.13600268,72.98785399
18.98481718,72.95021922
19.18034999,72.78205702
19.00845086,72.93574897
19.17982816,72.90111682
19.08849074,72.79043152
19.1058779,72.97324668
18.93669729,72.86343926
18.99892191,72.93440028
18.97769571,72.89852383
19.00471846,72.91587282
18.95138892,72.87360877
19.09434461,72.73124886
19.02208698,72.75447556
19.13282759,73.01545391
19.02767851,72.85470092
19.16751499,72.92025238
19.12241805,72.79803979
18.96760382,72.82768483
19.01998382,72.77942194
19.06895517,72.96410547
19.09749828,72.85188075
19.0687137,72.9101848
19.14418262,72.83609569
19.08093809,73.01200728
19.01282926,73.00368163
19.16097553,72.99349392
19.02373631,72.87982591
19.12356375,72.92854931
19.06825043,72.9525902
19.20735136,72.82420424
19.11987012,72.82620308
18.97202841,72.83393513
19.07695952,72.98185073
19.16253962,72.94389819
19.1515318,72.90882157
19.03362284,72.77562656
19.06813439,72.9114515
18.96665696,72.82951267
19.08495422,72.79079189
19.02820419,72.7446972
19.00478547,72.93100858
19.17772813,72.95715647
18.98949727,72.7740931
19.01576509,72.92042738
19.12432511,72.9737762
19.21180189,72.92937874
19.04850664,72.89073452
18.98446457,72.76956506
19.03324038,72.78195291
19.15339476,72.98034085
18.94958306,72.82509975
19.09785944,72.78497619
19.14632631,72.89769216
19.04912354,72.79487951
18.96148076,72.92818365
19.04672448,73.01410656
19.04014344,72.73648017
18.95925003,72.96526491
19.12967194,72.89263947
19.08090285,72.98788634
19.10584924,72.91376646
19.10168447,72.83804163
19.14807377,72.77751515
19.0720827,73.02983763
19.07003159,72.90712952
19.07659998,72.88042328
19.12159039,72.83715864
18.96979284,72.97348219
19.18618446,72.80145464
18.97093208,72.95870672
19.07708899,72.81279845
19.05860622,72.77122897
19.09713414,72.88647222
19.0669775,72.90855769
19.12734891,73.01357593
19.10831868,72.75068434
19.17220831,72.87589331
19.01037159,72.77491262
19.1455647,72.78228494
18.9607271,72.79404214
19.1682892,72.93420321
18.99363103,72.95759973
19.18769341,72.90031397
18.99935302,72.79522102
19.10240704,72.99284732
19.19731589,72.87946678
19.12179761,72.92175805
19.0678375,72.93794825
19.14129871,72.9827232
19.02977911,72.8474774
19.04089209,72.85875695
19.11754691,72.74576097
19.11323047,72.90851126
19.09283192,72.93700138
18.94354191,72.93892482
19.21985019,72.89339723
19.11100955,72.78106139
19.05167382,72.91858613
19.03088304,72.79379119
19.07783327,72.93957647
19.06648778,72.74759235
19.13453665,72.77485172
19.11188201,72.88574575
19.0613473,72.8359249
19.10293955,72.97660185
19.06660065,72.82053499
19.04446022,72.9893616
19.09380282,72.87043012
19.14814311,72.98434568
18.96777827,72.88367066
18.97876943,72.97558837
19.02275489,72.77333602
19.10881771,72.82147111
19.03868547,73.01281858
19.10924643,72.94509715
19.12482153,72.76840069
19.11223701,72.76748982
19.00732468,72.89476998
19.0106968,72.86919861
19.04864289,72.73186703
18.97603166,72.89562376
19.14851507,72.98507236
19.10242589,72.8472534
19.04295927,72.97341131
19.04292,72.73137633
19.14596217,72.78840322
19.01368111,72.74208487
19.03553672,72.86312921
19.12862569,72.85726689
19.16933259,72.97560267
19.18015146,72.81369857
19.11223586,73.0226515
19.00096654,72.9950083
19.00545582,72.97463931
19.07076099,72.77306661
19.09232196,72.83649401
19.02174328,72.9451621
19.10358015,72.99089679
19.08016412,72.97829907
19.05768853,72.98995232
18.94273279,72.90246872
19.17186848,72.93159133
19.11400798,72.93450523
19.1474411,72.9160505
19.01661693,72.75944782
19.01427831,72.79535495
19.06457613,72.96675272
19.06595524,73.02870827
18.94864875,72.81375394
19.17508966,72.89889326
19.1004405,72.75721153
19.163744,72.90909183
19.10298206,72.99997271
19.03810394,72.85188195
19.02919946,72.74331473
19.07477589,72.98368984
18.98786386,72.90387456
19.21193577,72.8597761
19.00594209,72.75794939
19.08391104,73.0259813
19.09669065,72.73479466
19.18845415,72.88597219
19.10484263,73.01751642
19.10861068,72.73034556
19.14774114,72.7873672
19.12446687,72.82874276
19.18402853,72.92179239
19.11308872,72.74101277
19.00386729,72.77325424
19.00064929,72.85773722
19.19048679,72.7871912
19.09465532,72.84742729
19.107801,72.76573218
19.18736626,72.89402272
19.07348159,72.92998225
19.13927336,72.77225438
19.1468249,73.00651966
19.00455926,72.74604044
19.10209246,72.77838822
19.10231506,72.85115352
19.12644533,72.76472662
18.99497025,72.87697529
19.09339748,72.77650597
19.16988654,72.94631282
19.1573418,72.95926725
19.16684016,72.79812925
19.14888367,72.88892902
19.13808752,72.77271251
18.93422495,72.85353902
19.19944957,72.8629026
19.11634687,72.91740911
19.01280823,72.82098509
19.02081042,72.81333807
19.10699568,72.85004288
19.02635064,72.99675116
19.05953353,73.02364729
19.13905485,72.92773841
19.16629593,72.81661601
19.07373974,73.01817698
19.04162249,72.9727954
19.09320952,72.86662101
18.94490553,72.90076164
19.05508011,72.85494628
19.12452531,72.87066076
19.1064655,72.95986343
19.08302983,72.92381285
19.11481824,72.86197481
19.13914562,73.00974337
19.0237165,72.75399749
19.03181113,72.74158536
19.19736322,72.94382866
18.95873741,72.87512632
19.01555958,72.7571901
19.03288321,72.91616899
19.09352787,72.7840817
19.09868032,72.90346581
19.16955752,72.87145355
19.08537636,72.90860981
19.10404396,72.79692517
19.02241955,72.80667004
19.04231023,72.91402593
19.06363523,72.8650676
19.09882527,72.98722336
19.09914281,72.88386161
19.10493071,72.88957098
18.96976111,72.80216118
19.20741534,72.91891529
19.04263508,72.83926919
19.13061019,72.80964514
19.12831724,72.83737028
19.06758222,72.80160977
19.18136311,72.78644424
19.13461848,72.91178615
18.9999671,72.75358922
19.16298229,72.92598745
19.14565499,72.81471942
19.0275424,72.99871628
18.95772563,72.96416309
19.15142249,72.86257233
19.00498997,73.00469073
19.08581475,72.81654515
19.17980499,72.8617594
19.15061954,72.80877667
19.047195,72.84473621
19.18184126,72.90722934
19.11097625,72.93439454
19.12515735,72.91005865
19.08326561,72.9411988
19.16163041,72.96843773
19.12597884,72.75950807
19.05506612,72.96940634
18.94474395,72.92905847
19.1805778,72.79222858
19.05939004,72.77617364
19.1411531,72.95445438
19.03932175,72.77024317
18.94851467,72.89775606
19.21242439,72.84372489
18.98432393,72.89303416
19.1089389,72.74647736
19.06134216,72.75078724
19.06669316,72.76866352
19.06126144,72.81237863
19.07194066,73.02409107
19.04058371,72.92424438
19.0873545,72.83966715
19.07265282,72.88812705
19.01443653,72.81490656
19.07035942,72.77321351
19.03261275,72.88895456
19.02770506,72.91450067
18.9955421,72.96239927
19.06352897,73.01770289
19.05033537,72.85184863
19.16195284,72.95216862
19.20892028,72.90239875
19.07097936,72.90324691
19.01218034,72.82419453
19.0758339,72.89242861
19.1403307,72.86765985
19.14246162,72.90545763
19.01714068,72.86443935
19.05643724,73.02477344
19.07826472,72.78521652
19.00355044,72.95830633
19.14111122,72.8481047
19.01947796,72.81597501
18.98389733,72.7919405
19.18850241,72.78571951
19.04775904,73.02235729
19.09541675,72.9085167
18.97278157,72.89274489
18.96624613,72.95198745
19.14941082,72.82043523
19.13516684,72.97550082
19.07515908,72.78575981
19.07916849,72.74037752
18.97697143,72.87988178
19.15703889,72.97664522
19.2144169,72.85491538
19.00498952,72.80433028
19.15670078,72.93687504
19.05679817,72.79699225
19.13573301,72.83315163
19.08567379,73.00658806
19.0985423,72.77572516
19.02499575,72.77039269
19.10532696,72.75584769
18.9978845,72.99016596
19.07145479,72.99168672
19.00072559,72.81958095
19.05724871,73.02008403
19.03261185,72.78646835
19.11905093,72.97719537
19.19670835,72.8641075
19.19646095,72.95253259
19.0898499,72.99024488
19.03076132,72.80577422
19.13796315,72.82078701
19.08901496,72.93126941
18.99089808,72.94463864
19.10331529,72.81160561
19.16869008,72.85781942
19.21220373,72.88025072
19.14612971,72.93740521
19.03258404,72.81139941
19.02751256,72.73844205
19.06697571,72.98524419
19.16141362,72.88090754
19.06635629,72.97115613
19.12934943,72.86135176
18.94669193,72.8624893
18.94171673,72.83737356
19.21197272,72.86796038
19.06159725,72.76906357
19.18311945,72.84335489
19.05744643,72.82619936
19.03418413,72.86358552
18.99032972,72.84853569
19.05837687,72.82983597
19.12349745,72.76832381
19.06344431,72.96734338
19.11680237,72.99525001
19.0111472,72.9585563
18.98914439,72.969504
19.07493032,72.85703024
19.00577674,72.7649955
19.13412266,73.00312947
19.00700609,72.84227516
19.20440519,72.91217056
18.9576888,72.79714416
19.10305601,72.81063005
18.9531849,72.84125992
19.01669727,72.94553949
18.95095631,72.8982006
19.09617786,72.91703824
19.09273153,72.88287767
19.02927004,72.85321537
18.99606453,72.83542186
19.11719753,72.83412381
18.95440483,72.79651722
18.99613317,72.88624744
19.10692148,72.99062694
18.94799126,72.80638155
19.10132835,72.98388195
19.13027821,72.84343566
19.09312226,72.83775107
19.15202004,72.95615556
19.14595821,72.95214403
19.11130952,72.88692304
19.09916846,72.98928534
19.00191235,72.87195796
19.06251394,72.75572009
19.18253898,72.89302554
19.01325977,72.75280207
19.1091942,72.81562006
19.0457122,72.88536516
19.13804713,72.90333198
19.02114057,72.77787479
19.20914179,72.90818993
19.16173343,72.87522155
19.05935799,72.89584461
19.02057702,72.77591573
19.10741357,72.76352172
19.03925945,72.94119226
19.12463044,72.99947803
18.96041329,72.8923494
19.15611786,72.82401045
19.03654728,72.86852942
19.18752679,72.815313
19.03219712,72.75921639
19.11617587,72.78632672
18.94804796,72.94253221
19.08388973,72.91251976
19.17323222,72.7732885
19.11737492,72.76608924
19.18091449,72.80882387
19.01015767,72.87774968
19.15553518,72.836269
19.1787962,72.86791864
18.96818386,72.87119432
19.02414083,72.90544413
19.08412346,72.80008835
19.20192048,72.92760538
19.06569267,72.80909291
19.01581898,72.92214427
19.06561521,73.0190279
19.14702681,72.81961636
19.14615178,72.95509227
19.03226247,72.93017153
18.95138838,72.82683057
19.13742019,72.95279603
19.11581763,72.86610119
18.95714672,72.81824259
19.08842088,72.95635305
19.02609266,72.76282999
19.18976619,72.93151434
19.03599662,72.98527765
19.18975857,72.84692909
18.95793478,72.94290636
18.95986021,72.88495934
19.12800956,73.00393313
18.97573135,72.86707344
18.99102416,72.97810315
19.10306178,72.7965344
19.124304,72.99619899
18.93991225,72.86713802
18.96114338,72.7934336
19.08824587,72.96341701
19.11669527,72.74194026
19.08818598,72.89185321
19.02571655,72.77284736
19.06603125,72.83806431
19.19611367,72.81105537
19.07298931,72.98390816
19.17687842,72.76968814
19.09469365,72.83545832
19.07337006,73.00328886
19.01969918,72.8550034
19.19481409,72.81380904
19.07021622,72.76353422
19.14788479,72.81090726
19.15684212,72.82434599
19.0228727,72.89904904
19.12585399,72.89207398
19.00234291,72.81170221
19.09994591,72.92523818
18.95170643,72.90657638
18.9691321,72.90342744
19.12897087,72.83487988
19.03057838,72.83608344
19.17579315,72.92076856
19.00089988,72.96609224
18.94479552,72.90036869
19.13394852,72.95379553
19.12746179,72.87360157
18.98719952,72.76206098
19.10237349,72.77750576
18.98394076,72.91348165
19.20792952,72.86858496
19.13028901,72.96537797
18.96952455,72.82494568
19.11408608,72.86897837
19.15629617,72.95150096
19.17411387,72.81658425
19.13905527,72.77358481
19.05261299,72.81155734
19.06249844,72.80424717
19.14948376,72.99938175
19.17187649,72.80273953
18.99574801,72.88169392
19.02545082,72.81504251
19.16778436,72.98553632
19.11621999,72.81996038
19.14731593,72.8901824
19.17538355,72.76918282
19.15429701,72.92047036
19.07042195,72.77912857
19.03480645,72.73130468
19.07775575,72.75401933
19.10890727,73.0120723
19.14235849,72.97274909
19.1535173,72.8979125
19.02791701,72.77529809
19.18378024,72.90981122
19.01277432,72.76646477
19.21866941,72.85760202
19.08804303,72.78990132
19.13185256,72.93905603
19.1808846,72.91402139
19.11464136,72.80755651
19.06886281,73.00601282
19.19141389,72.84132706
18.95769978,72.81844438
19.16256079,72.79299913
19.17755559,72.87506893
19.02058114,72.88957903
19.17196736,72.80180682
19.05016377,72.9726814
19.15920918,72.83280033
19.16013617,72.9452964
19.03776177,72.957794
19.13449213,72.96605894
19.00675084,72.78346717
19.0632541,72.98978612
19.19794153,72.79818441
19.08848984,72.73134899
19.1778032,72.87692706
19.15911619,72.89404039
19.11465962,72.92275837
19.13838382,72.98704117
18.98276908,72.97158576
19.05636031,72.95913797
19.22030212,72.88511816
19.21478356,72.88027304
19.1194625,72.74516424
19.05869578,72.9166605
19.08015604,72.9132018
19.1592391,72.80088103
19.00621819,72.88083531
19.03940408,72.85101087
19.10037462,72.89987395
18.97072113,72.82314042
19.12053516,72.87184657
19.01014241,72.80851755
19.082827,72.97698055
19.01590055,72.77464275
19.037256,73.00682274
18.95503264,72.86579418
19.06718392,72.77170241
18.99900047,72.96343942
19.02279373,72.89188976
19.15312752,72.76979706
19.09384951,72.92107277
18.99093392,72.94093305
19.10819003,72.80310382
19.04401778,72.80281788
19.07839365,72.90606396
18.96977225,72.89955957
19.00820378,72.88126066
19.04782537,72.8201847
19.13931319,72.82602053
19.07996683,72.80015477
19.13334077,72.84842321
19.0074281,72.75378089
18.97859219,72.81727665
19.14187796,72.75544203
19.1171928,73.02282966
19.10653969,72.78775742
19.15583259,72.93819909
19.15070296,72.80951363
19.03204603,72.87322537
18.98681083,72.98151937
19.09502571,73.01338567
19.02923691,72.77807699
18.94267533,72.89968857
19.14672551,72.97034759
19.17845492,72.91392928
19.00404529,72.93704579
19.15293364,72.76513851
18.93926665,72.84827472
18.97596678,72.96176786
19.10094758,72.77946532
19.21552878,72.90647507
19.12948392,72.86173753
18.98216481,72.77348633
19.21058265,72.92752932
19.19923436,72.94898641
18.98268548,72.81055478
19.1961392,72.91273206
19.15622995,72.87997278
19.04841749,72.80336697
19.00912191,72.94597002
19.14720521,72.93837509
19.14668451,72.77653758
19.08481202,72.95817171
19.17516246,72.84739134
19.05334644,72.87768094
19.12878883,72.79287945
19.04128473,72.78801403
19.07759355,72.83794386
19.19508724,72.88760194
19.05112807,72.74106457
19.21319379,72.8926925
18.98812178,72.75711191
18.96671079,72.91803869
19.18400788,72.86490243
19.07275967,72.87819411
19.03601494,72.82817886
18.97680697,72.88806038
18.95059947,72.93389992
19.01228124,72.78126757
19.10126295,72.89022645
19.12893356,72.81479612
19.09977501,72.77219958
19.08777828,72.93987184
18.93379479,72.88631682
19.02159586,72.84151886
19.06566842,72.75240597
19.12365347,72.84288567
19.02478766,72.88468486
19.17629412,72.77165814
19.0620222,72.94617873
19.11164418,72.88959734
19.12193794,72.90780903
19.18661411,72.95966197
19.09005654,72.91596952
19.00379256,72.76617657
19.21264249,72.83427669
19.04695566,72.93964793
19.10138742,72.80319975
19.05651968,72.84964103
19.01983945,72.79252831
18.95578569,72.82951458
19.00531538,72.79102928
18.95738012,72.95349335
19.19459572,72.84810853
19.00712971,72.86600045
19.06541169,72.8950469
19.07909061,72.79056614
19.02067689,72.92806804
18.99111217,72.78660535
19.19615128,72.90889063
19.05164675,72.85418002
18.97571557,72.91008719
19.02516258,72.88909679
19.07708403,72.77277779
19.19830988,72.91737674
19.14022428,72.94804883
19.12996849,72.89230266
18.95306814,72.88391599
19.12946378,72.96381976
19.01408171,72.82317784
19.21755512,72.84909006
19.19191761,72.85366663
18.93771981,72.87532584
19.09920926,72.85974906
19.14637212,72.77388759
19.02349507,72.96571977
19.09284621,72.75259096
19.13192092,73.0083449
19.07128189,72.95218699
19.01585554,72.92351795
19.16965337,72.91485361
18.97533869,72.89158948
18.9819564,72.99341644
19.20404927,72.84690337
18.9572684,72.89452796
19.07622191,72.8618547
19.04865928,72.88461666
19.06193869,72.9461686
19.00831732,72.7724093
19.00341275,72.98091075
19.19576702,72.82403064
19.02039378,72.73866526
19.08309191,72.84540846
19.01164751,72.95156234
19.10599831,72.87979416
19.17490883,72.87916557
18.93496136,72.86804878
19.18352184,72.9621398
19.12510607,72.80048563
19.11270607,72.9634605
19.01833366,72.9856383
18.96422116,72.84230148
19.0504303,72.84555416
18.99071814,72.89260427
19.07566134,73.00531948
19.12048909,72.90867776
19.18285733,72.83763682
19.03977451,72.97436535
19.02088554,72.7951838
19.02846106,72.82724076
19.10625721,73.01662817
19.01607616,72.83844842
19.09313023,73.02087476
18.98259775,72.79207881
19.01081977,72.81262144
18.98566964,72.82091341
19.05788803,72.76563515
19.15198674,72.8397543
19.03381437,72.7542521
19.08743422,72.88074841
19.1200958,72.98847608
19.05102366,73.02507003
19.06508128,73.00224731
19.03099119,73.00858673
19.01070406,72.80197884
19.05209127,72.87439387
18.96636829,72.87879195
18.94299391,72.8301611
19.19017694,72.96211091
19.06668897,72.89726907
19.17351593,72.95581974
19.1404329,72.85974026
19.05550545,72.91816
19.16809285,72.86619635
18.97284859,72.81595953
18.93382736,72.8660891
19.04733608,72.83730934
19.15814466,72.90841858
19.11487504,72.98144072
19.06051558,72.9903596
18.9642565,72.90967692
18.97485207,72.78618156
19.19917651,72.86256863
19.04769548,72.89949286
19.10965436,73.02423292
19.07610305,72.75034001
19.06075184,72.7377464
19.04640028,72.79279447
19.12576298,72.99036827
18.94373773,72.91068875
18.99132645,72.75427575
19.04647715,72.74038724
19.15673212,72.96062389
19.1767614,72.84975145
19.18593451,72.97282075
19.18244312,72.94657664
19.09055599,73.0233967
19.1856805,72.92824429
19.17464425,72.94734648
19.07996557,72.84348919
19.17569802,72.94328128
18.99564885,72.8421885
18.99164387,72.93298709
19.00187458,72.97697447
19.15638601,72.77857109
19.05199294,72.96654195
19.11130378,72.96475411
18.96456302,72.84014371
19.08589639,72.83019774
19.13319244,72.76390489
19.09824681,72.908558
19.18602129,72.92136817
18.96911606,72.95807236
19.04941954,72.74741256
19.10664548,73.02121045
18.95329138,72.92114176
19.10699625,73.02493954
19.07500027,72.77421824
19.11395844,72.97058401
18.96721146,72.85762945
19.03172116,73.02239139
19.03305266,72.82369428
19.14202948,72.90096309
19.19288287,72.93589539
18.94043374,72.90451575
18.97013129,72.95441552
19.07210296,72.80678873
19.01112323,73.01082966
18.97024273,72.78187853
19.2058412,72.8123144
19.13075047,72.89583712
19.18297418,72.8317513
19.00662889,72.81073835
19.17214438,72.85451255
18.95900178,72.79983664
19.03150766,72.8623413
19.16482425,72.95452569
19.17843088,72.93682176
18.99767151,72.88615118
19.1162558,72.87830103
19.02964693,72.75010293
19.19745995,72.91009885
19.15063563,72.81036859
19.12209619,72.74779003
19.02532692,72.88661076
19.17380629,72.79802678
19.03671556,72.92340538
19.18299202,72.78754704
18.97071694,72.88242809
19.06069866,72.8701
19.17644818,72.8127591
19.14459352,73.01115706
19.17350715,72.81156188
19.10401503,72.94718309
19.19856774,72.85089235
19.00087924,72.7637536
19.13016795,72.79270318
19.1058234,72.93619061
19.07891173,72.8598759
18.99900763,72.91954988
19.13546405,72.85486884
18.97758376,72.97588391
19.00187985,73.00796434
19.03397625,72.78065235
19.09803676,72.8931186
18.98118639,72.80236452
19.11914652,72.89680195
19.11627226,72.86851574
19.11797832,73.0047852
19.07925115,72.80330803
19.0892112,72.79160399
19.13415186,72.80614044
19.14975272,72.91953549
19.17825835,72.83562603
19.00294179,72.92299233
19.05234803,72.87766122
18.97278346,72.81601789
19.05671996,72.87140585
19.11259854,72.75595869
19.01725905,72.90605778
19.07784187,72.82986602
19.14837654,72.77828709
19.04816011,73.00389605
19.01787556,72.95915856
19.20231953,72.91116582
19.15112467,72.98223819
19.16818722,72.95098682
19.10648334,72.76408838
19.12470149,72.73384554
19.11727631,72.9079133
19.09125876,72.91928031
18.97635105,72.81931133
19.17495436,72.88154529
19.0231946,72.99852429
19.14229496,72.85328933
18.99011502,72.86070921
19.10843648,72.89170441
19.0230374,72.73734729
19.10772266,72.78220301
18.99197839,72.83963853
19.07687661,72.97584252
19.01184956,72.81444734
19.04204486,72.83858997
19.15586795,72.90676858
19.00627728,72.90663818
19.13022173,72.83732204
19.20137322,72.94275661
19.04317896,73.0090682
19.13871498,72.84734771
18.96833303,72.86848881
19.15629167,72.87143007
19.01388956,72.8165119
18.99961419,73.00750732
19.09335943,72.72678405
18.98879447,72.98469398
19.12332441,72.73571087
19.0173956,72.74702059
19.01469442,72.98476087
19.02049804,72.78892563
18.96380757,72.93305227
18.95639952,72.82001084
19.1620017,72.94779273
18.98762974,72.84189644
19.04076748,72.97878706
18.97155566,72.78313858
19.11733484,72.74208092
19.21740561,72.88403613
19.05575831,72.84513684
19.05043165,72.95808451
19.11473038,72.77964871
19.14244966,72.75808014
19.13215213,72.85509167
18.99059776,72.99916908
18.99374295,72.86912608
19.0442697,72.75288128
19.03906699,73.00957193
19.02216257,72.80100685
19.14993333,72.91895887
19.04493712,72.74666483
18.97845147,72.8702366
19.17020317,72.84614345
19.02908446,72.85642843
19.03470562,72.80059421
19.2051331,72.83182943
19.00479069,72.98930926
19.14473134,72.9099475
18.99023329,72.87086934
19.16129762,72.77441155
19.03867423,72.98893063
18.99316181,72.77266885
19.07999464,72.80584434
19.12648121,72.74736841
19.07770694,73.01855178
19.07980238,72.77493721
19.05181339,72.87072964
18.96780836,72.95014607
18.99258057,72.79707852
19.17778915,72.95462381
19.16229913,72.86536628
19.06994412,72.93493734
18.97211564,72.78414195
19.09066371,72.84532736
19.00649106,72.80926739
19.02394663,72.84121201
19.08046152,72.78372871
19.10264298,72.90837747
19.02244319,72.98885157
18.99667559,72.81643801
19.11039309,72.93013115
18.97232102,72.92818958
19.00261076,72.84858264
19.13201502,73.00348728
19.13043715,72.96241097
19.05579797,72.88738832
19.18653215,72.92348472
19.0577198,72.9687697
19.0254472,72.8041289
19.13742565,73.0056581
18.99591861,72.87513712
19.096791,72.87961516
18.97858389,72.98198581
18.98589361,72.88777536
19.07385383,73.0135161
19.05242343,72.95945768
19.05070049,72.7550404
19.13634456,72.8492596
19.09222895,72.76546129
19.21557283,72.85415786
18.96460345,72.8637716
18.96906553,72.82397795
19.0031288,72.97868265
19.02378983,73.00023375
19.03712177,72.88964537
19.01077046,72.87640581
19.12462697,72.93522015
19.12722809,72.98694797
19.20856667,72.87040267
18.95789167,72.79631448
19.03037279,72.89994222
18.94840706,72.93598084
19.11451413,72.98086644
19.13616274,72.86875668
19.00205537,72.84304123
18.97392897,72.93426511
19.0772796,72.97503223
19.04568303,72.76991381
19.1377211,72.96735611
19.00654839,72.99344183
18.99654888,72.95883379
19.08597981,73.02164165
19.20034533,72.91663819
19.21797446,72.86135254
19.10270365,72.8861798
19.03013445,72.81658458
19.04708186,72.85858824
19.12189305,72.84197821
19.0310439,72.90684585
18.93575122,72.8496812
19.04525768,72.90770803
19.02674476,72.90926295
19.08023501,72.90654043
18.97373189,72.8980978
19.13506597,72.84348975
19.13289652,72.99228176
18.97044742,73.82555909
19.53802354,73.51372933
19.35187644,72.83434715
18.77595222,72.11051463
20.41218967,72.95606188
19.10206122,72.97801306
18.72692946,71.40390391
19.84267127,72.15214792
18.53911666,71.96749341
18.48173388,73.89566211
20.11059417,73.42656923
19.63102927,72.33435346
20.38538338,72.62867735
19.62533087,72.51597666
18.26313218,73.5370639
19.51899533,73.94804001
18.68167828,71.90357086
18.48401549,72.94869072
18.31495705,71.88541219
18.98432383,73.81776654
19.64592568,73.70811661
18.816712,72.05694873
18.80124295,71.50071359
20.13252102,73.3997987
17.899083,73.15748621
19.15469271,73.66131802
19.56657284,74.156367
18.24980789,73.51344322
19.48481705,72.36881599
18.87187424,71.5840647
18.93907136,71.7222554
17.94038762,73.12169328
18.83797919,73.00054298
18.4816804,72.2704078
19.60102058,72.42316609
17.99175521,72.18377666
18.9646726,72.13599699
18.14534923,73.87869048
18.25366976,72.5718614
18.61307995,73.34379716
18.52015689,73.79865543
18.41289378,73.04843075
19.00889684,72.15738968
20.16684202,72.02971358
18.79004308,72.25041533
20.38247683,72.85251069
18.44455731,71.98765894
18.82459928,73.20342909
18.64650667,74.10020107
19.12449121,72.69592669
18.15625241,73.63725124
19.45233178,73.2746081
18.23183909,73.26194237
19.40490108,72.53468034
19.04713956,72.0735411
19.5423754,72.83842021
17.95808989,72.34106682
19.34207131,72.72653764
18.32662226,73.35752747
19.70883158,74.02282241
18.95928219,71.96564176
18.41245109,71.5992618
19.34229086,72.5802283
17.75398677,73.23999346
18.89270759,71.62813851
18.20814181,72.38050724
18.12540944,71.96031935
19.27027194,74.16213854
18.24566318,73.97392265
17.95184641,73.57095764
18.98279041,72.58094806
19.81538344,73.26964204
18.28769708,71.73305402
20.02954906,73.97218496
20.38797899,72.33536589
20.20276028,73.28506255
19.80641917,72.94653242
19.53192646,73.21319232
20.0852114,72.86663992
19.49056678,72.15966034
18.69826982,72.2535197
19.24843685,72.84297922
19.04456522,73.77721131
18.84256416,72.30662478
18.01073006,72.01475425
18.27404495,72.53820059
19.41581632,73.58816478
19.28510593,71.8582528
18.31718416,73.11896732
18.04662305,73.47916239
18.63678834,71.79785538
19.18521647,73.04832384
19.16627211,73.31640639
19.18470505,71.4130445
19.37194594,73.15215857
20.09927977,72.62838834
19.11790024,73.1208079
19.42329987,72.15467988
19.86804116,73.85889724
20.17983623,71.92250227
20.10260263,72.94566188
18.59477969,71.59119928
17.96323645,72.01494061
18.45450841,73.41454994
18.5131283,73.37045581
18.32131138,72.0588306
18.8611975,73.19746508
18.20949377,73.12315923
17.9228966,72.27076578
20.4327323,73.10704672
20.08184827,71.81200313
18.4981355,71.89161999
20.06482785,73.81147484
19.24864279,73.04645008
19.02742701,73.12069468
17.86223203,73.57208933
18.3102017,74.09775774
18.56291047,72.77424604
18.42872208,71.98622965
18.77298697,74.14918924
18.84289257,71.76785027
18.21618745,72.59767975
19.1762499,73.19474832
19.57192942,72.87436639
20.16912469,73.2524546
19.41272273,72.22060368
19.88835021,72.50782871
18.92065764,73.05579361
18.93603232,73.16810963
18.23816174,72.35762489
19.83102466,74.08013478
18.13354604,71.90893463
18.1114617,73.09002061
19.25454998,72.02989593
18.16254531,73.7945229
18.04833694,72.54270252
20.34274374,72.90403289
18.34354147,71.73575972
20.48479758,73.05310996
18.41510906,74.16965568
19.34409567,72.96300286
18.91234939,73.91390347
17.85081262,73.67147761
18.91815124,74.13118337
17.78873149,72.37341329
18.48725119,72.18664665
18.18775144,72.94681775
19.97919436,73.6340232
20.43718383,72.81406708
20.38402069,72.74519398
18.90060445,74.19148621
19.76089739,72.94495604
19.14733715,72.72214991
18.03029473,72.92450754
19.25431547,71.73747455
20.05331979,72.88745577
20.01518927,73.14617414
19.06782014,74.39936672
19.28738457,72.32775414
18.33058485,72.18535772
19.94040317,72.85194957
18.92417523,74.1320811
18.62743803,72.62594658
18.36716358,73.07780718
19.61817946,74.14635471
19.73663831,71.75586198
18.99898465,71.8305441
18.969529,74.13230959
19.31130477,72.1292995
18.98984,71.72008929
20.32679388,73.01120132
18.5046503,72.60696979
19.92800732,71.87759501
18.76811362,73.92545842
19.4361473,73.93245851
18.65446019,73.21872364
18.88997986,72.08351558
18.65462432,73.51883975
19.23760368,72.11742423
20.16136722,72.19449986
19.66342807,72.1438607
19.06877283,73.69081363
19.72238004,73.94395219
19.13359271,72.98711239
19.10770095,71.94677149
19.26083578,72.18771366
18.40315222,73.09641916
18.82138301,73.20923041
19.95090075,72.36151681
19.22793494,73.94993843
19.41708999,72.34782785
19.84262726,73.84538547
19.11034613,72.76243761
18.55343414,74.08800546
17.78600296,73.09042732
19.88934725,72.55776474
18.96421527,72.34983666
18.65432647,73.4599332
18.08583121,73.90600747
18.64532059,74.21365794
19.15502466,72.63781816
17.96861635,73.00637053
19.59361863,72.24784909
19.15968354,72.51363835
18.18603707,73.89960069
19.12615716,71.7349493
19.69797937,72.28052383
19.91445164,73.98963909
17.6835109,72.85226518
19.12897182,72.1527994
18.9157307,72.37227171
20.41257091,72.43667071
19.30169546,73.29868407
18.47387685,73.05525688
19.26928087,72.81785506
20.10240191,73.27873372
20.17814778,73.12588699
18.89947935,74.211222
18.83416344,74.04234723
19.59444997,72.92911039
18.94630342,72.55349643
19.42363907,72.33185959
20.05487401,72.96648172
18.49579589,72.76233133
18.85719704,73.68472385
18.74284836,73.63529048
19.48430832,73.45780462
18.38731089,71.6113825
18.67940988,72.81020083
19.36820866,72.93152242
18.96713079,73.95424896
18.54915083,72.37555809
19.6102113,72.72697198
20.2032689,73.3630304
18.27298134,73.09869752
18.61161211,71.70669944
19.83877368,73.34414967
18.51738972,72.59257271
20.08821995,72.41303776
19.85017518,71.74247054
19.98123401,73.28244516
19.05347043,73.85881271
20.12488307,73.07645181
19.29788932,73.21431344
18.31409699,72.86447179
19.58128962,72.31589612
18.2412043,74.1065818
19.73136765,72.71778861
18.04023076,72.20126553
19.51212581,73.26530811
19.13059451,71.75928021
18.77518924,72.48969652
19.72566547,71.58603729
19.9505866,72.64145555
18.66431467,72.58249637
19.23951572,71.81926803
18.88451739,72.78268315
18.00828581,72.3104194
18.77739604,73.45936996
19.27087813,72.1183266
19.59605371,71.67723178
18.68034795,71.73331265
18.64668375,72.16412621
17.96344856,72.42811605
19.49886574,73.59689389
20.38491456,73.44706573
18.82685499,74.03248437
18.17217812,71.86822921
20.04667119,72.64325535
18.27188229,72.87675039
19.08734174,71.64039702
18.26913892,72.39755597
19.02734568,71.98568838
18.2819345,73.5941262
19.52486073,74.25755996
20.05451341,73.20896908
18.1732387,72.52089792
18.71480987,73.7351684
19.82198576,73.10096204
18.83249684,73.20425358
20.47284349,72.83559634
19.17683243,72.94944624
18.55047494,72.53695518
19.12234974,73.26976114
17.85191338,73.06275648
17.99342217,72.30945313
18.90209143,74.37463875
19.9492404,72.3686693
18.51988331,72.32690064
18.12379115,72.55155467
19.22208435,72.80913317
19.42287358,73.77252309
20.05944926,73.61515598
18.03993567,72.19293962
17.95079044,73.49855275
19.1745444,71.80990029
18.81479622,74.23110417
18.96259059,74.03258654
19.45685163,74.17106537
19.42623887,72.33644038
18.0367676,71.89529452
20.00526486,73.28521558
19.85039893,73.23879945
19.81796492,72.05950923
18.71032159,72.52148675
20.24399892,73.0689353
19.64962106,73.7962293
19.33694742,73.01113448
19.23104991,71.90325579
19.43672138,72.5588281
19.67027587,73.25546093
20.20401274,72.06092841
18.9448718,71.78122361
19.04528102,72.90994175
18.12219035,73.72127902
18.02859394,73.5778595
19.2639849,72.80129605
18.91532688,73.49876416
18.03079659,72.97770802
19.08557391,74.06398456
18.60329956,73.91192465
19.17799463,72.84754111
20.19714821,73.8218288
18.5132937,72.32738332
18.93755836,72.47818398
18.6989514,72.2657812
19.26530536,73.07655985
18.77575797,72.0895143
18.13666123,73.93959612
18.77673158,74.0268675
18.91216995,74.33902869
18.71755353,73.85736536
18.42371332,73.00170917
19.54109707,72.99953105
19.64901068,74.09018403
20.1072726,72.65652204
18.53266591,72.77434319
19.57563679,73.15911094
19.7581581,73.5590387
20.11667858,73.48249562
19.72752306,71.74865989
19.00765572,72.09787969
19.01624122,73.90218029
19.25345109,72.91387964
19.16184538,71.83213485
18.02633216,73.23535357
19.39846407,74.29743013
18.77101238,72.98603443
18.33121728,72.28362143
20.22810165,73.60692184
19.04737554,72.20756463
18.7953165,73.07320348
18.78769444,73.38730809
19.57144283,73.66135381
18.97046364,71.39385293
18.25540267,73.79682931
18.27015883,73.70271601
20.12214869,71.92786537
18.73527474,72.06266814
18.12915504,72.70606255
19.44634656,71.70538445
18.88989904,74.20485666
18.9484083,72.04186608
19.06889847,73.5089887
17.997039,73.08139147
18.029389,72.19968892
18.6101987,71.56436013
19.09102871,74.22860135
17.85592653,73.13714274
18.84261712,71.68144029
18.90226951,73.01392864
19.80274463,73.01678961
18.7703619,73.31765135
20.14698127,73.11168295
19.94136084,72.34627959
18.32080868,72.01500288
19.27872185,73.76750468
19.26955619,71.92432453
18.32403246,72.01112808
18.42341712,71.59847375
19.81274011,72.82510992
18.67084638,73.35222502
19.14714621,73.27749489
19.86150409,73.47812017
19.33362983,72.52130879
19.01899923,72.64060667
19.85115882,72.58069171
19.92338059,73.14258349
18.47257953,73.37030549
19.77800842,73.73564786
18.66591694,74.17517917
18.97694595,72.89693939
17.84575938,73.05184115
20.0271389,71.81690155
18.24050445,73.95976773
19.56477571,73.08448426
18.71247404,72.83071614
19.29869481,73.74644477
19.52772607,73.2253162
18.99238734,74.26782875
17.94996926,73.11837481
17.95982977,72.15621311
19.14289142,71.6563053
19.92200167,73.15782608
20.04359441,73.40069943
18.10216528,72.38432088
18.22141117,73.17790999
19.8211939,72.16488022
20.33453825,73.39883019
18.35523727,73.99375004
20.09330358,72.20664367
19.13142096,71.70381388
20.16408019,73.35340864
18.63675871,73.40089578
19.63692082,71.47567817
19.15436491,73.22947333
18.5037368,71.61512907
19.71852353,71.98108613
18.81456064,74.16321575
18.92666421,71.80309187
18.8074067,72.32690062
20.29877249,72.22166084
19.89399765,73.42068509
18.32426646,71.80445637
20.2088128,73.75237776
19.14621455,73.65473223
19.78856241,73.62490887
19.43465533,71.67814066
17.85114346,72.16802037
18.16964927,73.65624846
18.95667566,72.43259819
19.09806013,71.48317065
18.51878251,72.50639617
18.83913733,72.68868192
18.96797978,72.72839852
20.47654371,72.62632714
18.79113339,74.09567168
18.33965193,72.74413474
19.79988854,73.2916845
19.4189796,74.30004717
19.31734614,72.01643996
17.86407653,72.40545386
18.88285899,72.63224467
19.21766913,72.66312775
20.42244728,72.87092733
19.4032127,73.99111957
18.22454881,73.42073376
18.46101672,72.50729523
20.26620071,72.88016196
20.10284457,72.09237994
19.11452811,74.34993462
19.56562875,74.00966677
20.47681636,72.53665685
18.80408879,72.47073899
18.27241695,72.26299498
19.5198652,73.26506282
19.01676187,71.68856351
19.32966439,71.71839211
19.39915782,71.73607003
18.21112534,72.37537722
19.83689758,73.63794515
18.59563427,73.15610578
18.03355667,73.4636293
18.05900391,72.16251518
19.64746838,72.29147484
18.18631918,72.87860158
18.2259495,72.20647597
19.19188366,72.498951
17.9401484,73.44266045
19.68148044,72.56457557
19.66073846,73.91146729
19.33247334,71.4620577
20.2950401,72.13712547
18.13094005,73.1127272
18.44690896,73.41822862
19.30031987,71.54102689
19.64019488,71.99300594
20.30040426,72.33149233
19.22396823,73.85005564
19.71450002,73.69696198
19.2902805,73.11055349
19.53005184,72.74631902
19.19583912,72.74391479
19.16620004,72.5909356
18.56574745,74.21327333
19.01502092,71.41187359
18.97563359,72.71964151
18.24849467,72.19585821
20.23903478,72.42612996
19.47929663,71.94374771
19.5062546,73.75895585
20.1725382,72.85598617
18.93125907,72.50795562
18.74518429,72.8571405
19.93214873,73.99069912
18.16362123,72.41177003
19.23208752,72.83361982
20.09684409,73.59804599
19.83283857,73.55417189
18.80889703,72.53777391
18.17899249,72.94344802
19.47231038,72.37738865
18.88792368,73.79742907
20.18654547,73.60955938
19.04037696,71.69368508
19.17534529,73.36567564
20.00425147,73.81108365
18.66623545,72.37969471
18.84124694,73.65632483
19.59710249,73.19213536
18.10409432,73.52244325
17.90176168,73.56941499
19.46841574,72.29978148
18.54506214,73.4978631
18.36914029,73.3540351
18.40332231,73.49604178
19.73261729,73.02571087
19.64908625,73.08311986
19.499025,74.03519204
18.5798351,73.63905158
19.20554294,73.90981141
19.60135453,73.82811506
19.69265641,73.27437036
18.63092667,71.46173041
18.89401895,72.55482665
19.91171025,71.71152772
19.56747136,73.29228028
18.11841127,73.82056336
18.85226256,72.28690755
20.3463697,72.86082456
18.20647792,74.06704949
19.43581412,71.54345357
19.82451914,72.7191939
19.22591828,73.56112923
19.73618804,71.64639381
19.90782312,73.39355569
19.26802307,73.55389854
18.81248246,72.34046138
17.91885987,72.76622536
18.9480687,73.83472372
18.33144338,71.81113807
19.53293646,72.04428065
18.65364822,73.57783479
19.06200296,71.47860926
19.32431709,74.17276162
18.22921002,73.9563184
19.28224379,71.49585006
19.11131557,73.70317231
19.36123232,74.17499975
18.63031199,73.59147381
19.1708265,72.06112626
19.80964732,72.55456057
19.28190153,72.82263312
19.46336525,73.85336121
18.53219873,72.19348687
19.04962551,73.54424419
18.42460647,72.4167228
18.43514158,72.74369558
17.99985297,71.95955789
19.11636832,71.3617775
18.5161527,73.83831426
18.88654429,72.17825445
19.06237363,73.70322629
18.65603431,73.10551721
18.50810031,74.2475609
20.01396294,72.9387681
17.84156519,72.91203346
19.81199574,73.58097527
18.59745937,74.31961554
19.21696488,72.27830952
19.01165187,71.88702877
18.63387963,72.15731973
19.99242964,72.47127742
19.12666775,73.58324799
18.30328595,71.98632364
18.56779309,71.83719508
17.7845909,72.99487343
19.78726786,74.00573722
20.29695731,72.48014254
19.02120258,73.81027911
20.2895404,73.63415403
19.98096074,72.61895373
18.56319013,71.72192331
19.12855529,74.10301348
18.39344136,72.99821934
19.26689648,71.9784116
19.01694721,72.48291995
19.23798409,73.83279769
19.81972651,71.96835928
18.56398249,73.84293056
20.15820665,72.00304015
19.0745602,73.40423222
18.54276792,73.22185068
18.30855792,73.22707883
19.86249101,72.48470333
18.80544152,72.52729436
19.46264663,73.85913993
18.79654721,73.39107751
18.57261723,73.53387117
18.38754255,73.71010022
18.14458837,74.02532159
18.61862677,73.76402119
20.26207811,72.74831198
19.04929935,73.98197719
18.25306178,72.58129208
18.96137059,72.20914491
19.49129503,71.98284996
19.49195482,72.21293655
20.30556955,73.52632017
19.14775015,72.10110337
20.0789538,72.01080341
18.93641378,73.00133501
19.16410464,72.15826532
17.91075807,73.17245929
19.93987049,72.59485155
17.75276959,72.69104909
18.79979073,74.26597497
19.96093849,73.96433766
19.6773374,71.66765473
18.8640232,72.89497301
19.27899977,73.1564656
19.00772501,74.25493051
19.41298174,72.14564523
18.94564714,71.97332584
18.91753919,72.38652093
18.00206233,73.21081245
18.50384807,74.16715853
18.36659476,72.26616838
19.18230849,74.16462932
19.11474513,74.28415386
19.01681366,73.03648825
18.96076773,74.1827057
18.29255602,73.11995468
18.98009137,71.60700426
19.80512073,73.7226572
19.95531256,71.81612537
18.23249421,73.74711746
18.78935249,71.72606573
19.09458343,72.58877679
20.12212172,71.8673826
20.44004634,73.30546119
19.66095201,72.92712342
18.60143058,74.24879952
19.69235105,71.74030651
18.79226627,71.41177571
18.74022031,72.62106066
19.84273996,74.10018321
19.0759618,71.38522871
18.33148959,73.08508808
19.57909021,73.54825159
18.81207518,72.73602713
20.17942224,72.78851581
17.70930916,72.87554024
19.56366876,71.49138176
19.37813719,73.52803998
19.13938923,73.11010061
17.79948978,72.68916903
19.16113541,71.37402835
19.20247618,74.00858289
19.66398479,72.43188197
18.89108237,73.06327506
19.56332263,72.26722047
17.80705796,72.22810729
18.09135436,72.10831213
19.44751099,74.13023677
18.10759274,72.29516812
18.92821356,73.48814808
19.9592389,73.93285562
20.02449481,73.19542817
18.05702856,73.70756007
20.10138574,71.96561343
19.83195519,73.22103174
18.19419744,74.02749365
17.83201025,73.37264118
19.42370625,72.8028477
17.80340428,73.24791233
18.83996326,73.87175487
19.64048896,73.18967851
18.39533894,72.48151684
19.43783988,73.98862575
18.56002591,74.14010795
18.14944097,72.61653895
19.65889595,71.94417953
18.15904698,74.03217781
18.25478856,73.49384582
18.99186645,72.01941001
18.43764001,72.56291963
18.69096659,73.75097341
19.69107356,72.65321841
17.76880846,72.66753829
19.82049758,73.42030305
19.05391116,74.1223074
18.10915662,73.19058485
19.41727689,72.00656372
19.20786205,72.36747868
18.03559859,72.11181518
20.10687618,72.08496219
19.84699348,73.39942337
18.7795488,73.796362
19.27148424,74.08764988
18.53309194,72.05453384
20.12303336,73.26728758
19.8470379,72.26853586
18.59915806,73.21131689
19.80836506,72.35521209
19.80323548,73.07973512
19.26399756,71.9054949
18.50876962,72.80533118
19.95095312,73.36713308
18.81647266,73.19600868
18.27937128,73.22807422
19.75548485,72.35753635
19.95093259,73.87368566
19.73731799,73.36046602
17.95347553,72.38645952
18.90814322,73.74623783
19.20373914,73.51671913
18.81744039,72.11214333
18.46170697,73.87932167
19.46959798,73.99385932
19.67966187,73.14443432
18.3519744,73.22407729
18.63760382,72.76917162
18.48585268,72.40531764
19.31963223,73.43827769
18.8636274,72.38146712
20.47263039,73.02928483
17.65896181,73.09402991
19.25575315,73.70429849
19.10339385,73.7707455
18.63506457,72.18953743
19.33886836,73.89088452
19.56872353,73.14381249
18.06050584,72.68703522
18.37450804,72.89734072
18.7985571,73.0698844
18.62791715,71.71063641
18.5877338,73.88407386
19.37730559,71.92769979
18.79023186,72.49699315
17.77063214,72.3936555
18.54740877,72.16785302
19.11874147,73.18204011
19.15937001,73.79616929
17.69666192,73.33585962
18.22036233,71.82926928
18.78058563,74.00607824
19.07754834,72.39032511
18.12919584,72.70769048
18.74948731,74.29561129
18.72155364,72.9818258
17.76987776,73.29239891
19.47359684,72.45175954
18.48919691,73.57131015
18.38550529,72.77556039
17.68881316,73.23659637
18.71577671,71.77912997
20.12306626,72.95829714
18.34917612,71.7243389
18.26504096,71.66750591
19.10265039,71.85841577
20.33685146,73.25101581
20.21285568,72.72916782
19.15122385,73.61086734
19.3781766,71.97787782
19.56213398,72.8117229
18.83138507,73.69142247
19.72398089,72.2085797
19.35490077,72.92536061
19.49311556,72.99348293
18.29939105,73.55445603
18.77246071,74.21252122
19.74312061,72.68512689
18.68646648,71.81210489
18.12040455,73.16411623
19.03102155,73.48340392
18.98878687,72.47109279
18.31622433,72.67435497
18.60154891,73.10541129
19.91233725,72.56402139
19.72061154,73.66574727
17.76202056,73.27264623
19.82365935,72.38235044
19.86666473,73.4027628
19.67181104,73.87434745
18.40698333,72.99976973
20.119023,72.14784032
19.32642437,71.98192224
18.81902296,73.82009622
19.80276269,71.88018605
19.48645621,73.61734565
19.5690708,72.05534101
18.00326769,73.52630745
19.04246995,71.91932827
19.33719442,72.74156402
19.53532472,72.58675979
18.36866311,73.73981988
19.31084352,72.10848462
18.17044394,73.34434769
18.66625235,73.7225136
20.25733921,73.38733981
19.2663809,72.77978878
19.30949377,72.26122119
18.61161503,72.2693481
18.82489967,71.56286735
18.55801204,73.16578827
18.19976555,72.16983824
18.53036,73.68783779
20.32468927,73.2736076
18.41885939,73.39844679
18.82480506,71.51245937
18.55596309,72.12693416
19.73021923,71.99147558
19.55658546,73.90835619
18.81181386,72.8602243
18.21374343,73.83085967
19.11619351,73.71551664
18.49210034,71.88298713
19.86054948,71.69483431
20.36537291,73.1881356
17.86653786,72.71575008
18.83789759,72.07392478
18.75437887,71.86116518
19.22581149,71.86053925
18.12255252,74.00909332
19.98141374,71.88723835
18.55191483,72.83554775
19.78651574,71.90377273
17.90604481,72.00946726
18.73333696,72.55515057
19.32956821,71.57571571
18.88691594,72.18940704
18.8930745,73.40798243
19.84594516,71.60023054
17.92529115,73.63573227
18.19554551,72.41496404
20.43062879,73.13983712
18.91607349,71.4101627
19.10379572,72.11713029
19.4733435,71.76979177
19.15726421,73.09772013
19.99573739,73.39246043
18.77740035,72.0051244
19.19805608,71.82357246
18.9155114,73.52547842
19.28111262,72.79394405
20.14830725,73.5065724
17.92701658,72.84789992
19.1108252,73.23429889
19.82902596,72.20585402
18.74399516,74.09424857
19.41757896,72.64631967
19.16366383,71.87439789
19.32888571,73.48002698
18.77044044,73.90470776
20.38430975,72.6153241
19.4000891,71.48551032
18.71397229,71.73631177
18.60336606,72.08986075
19.17280914,73.4772325
17.74846933,73.14348482
18.81570191,73.66411168
18.12674486,73.49030848
18.8000948,73.26568649
19.70369794,73.68453327
18.32648209,71.73383311
18.96863485,72.12685956
19.88665955,72.83834214
18.32250517,72.4035405
18.01396838,73.23140844
19.56762515,73.16279799
19.24837367,71.49467997
18.19609759,71.82615556
20.10093516,73.41460158
19.65385957,74.07558423
18.63297532,71.84890874
19.43414572,73.7505125
19.54964717,71.82513767
18.16290814,73.52189022
19.64362313,72.89090015
19.1754911,71.43387727
19.98949536,73.59317602
19.57962859,72.45437498
19.98144419,72.20138644
19.25541946,73.3325958
18.39425407,74.17954903
18.31950643,73.94660348
18.13922458,72.05658565
18.85654643,72.0934529
19.23240612,71.81591256
18.17187267,72.26314658
18.43198102,71.80209789
17.84928473,73.37196716
19.82143768,71.77048422
18.326926,71.99354895
19.505696,71.62087394
18.90173229,72.91030047
18.39544177,73.16458301
19.8842216,72.53472076
19.06686184,73.62331596
18.00899251,72.84073824
18.55343598,72.27019797
18.94077389,73.70308728
19.55367951,72.47254544
19.458887,71.90133032
19.49283251,73.06606098
18.783257,72.54741798
18.27711415,71.94210278
18.68932825,73.39654645
18.35911826,71.64439727
19.12986516,73.14225717
17.8571471,72.95312624
18.39725501,72.8126047
19.87020944,73.13395876
17.94858659,73.14844808
19.19238361,72.37324592
18.10431899,73.06685953
18.74694078,72.63700574
19.64891689,73.99544102
18.69968809,73.97991593
19.81725445,72.49622772
18.24977987,72.70091332
19.87280688,73.15726974
17.70266879,72.78918541
19.983886,71.76337672
18.30611417,72.10049449
19.60908213,74.2564789
17.77814387,73.33136674
18.09855035,72.35454273
20.48437755,73.07438819
20.22616613,72.83502774
17.70552803,72.4854622
19.37040493,73.09986224
18.21576519,73.7895051
19.46851237,71.73252046
19.95087662,72.74417109
17.841094,73.19519183
18.33635061,72.89404413
19.75392,72.70892879
17.83017326,73.46029636
19.01790218,71.85191775
19.32640672,72.15200462
19.58030405,74.11939098
18.66096987,74.29136695
19.19331009,71.83386832
17.86761274,72.23983264
18.71142971,71.81285017
19.19424505,74.34544375
18.20163825,72.07117545
18.82220191,72.72397963
19.09599734,72.11847062
18.80441572,73.23719986
19.70351056,74.05989737
20.40000469,72.91803601
19.17345306,72.01320678
19.82835854,72.96222128
18.39893382,72.99462633
19.01843272,71.3820925
18.71179071,72.85624663
18.67777364,73.48889497
20.24858962,72.25694573
19.24821771,71.83221232
18.98545673,71.6107467
18.76677519,71.52807262
17.68789799,72.74118877
18.24151115,72.91645191
18.74148067,72.81477236
18.22641728,73.80651282
19.56767244,73.7823009
20.40081094,72.29480052
18.7820309,73.54244523
19.82844367,73.5337298
19.38812517,74.08633108
19.30652775,74.28922305
18.86183358,71.79254055
19.44883672,71.91278796
18.9071093,74.1988407
18.85156097,72.20086567
18.19976013,73.40363426
18.91925021,72.21670919
19.13678192,71.82164951
18.61570463,71.82003622
19.75938021,71.55790342
19.51698228,72.90369602
19.79609539,72.16247264
19.17848235,73.58389219
19.3261987,72.4040335
19.31915845,72.96372355
19.82614671,73.46340615
18.02327968,72.38917303
18.55028422,73.98449091
19.0066742,74.25011409
19.32752777,72.57553774
18.07651892,73.08256824
18.52931453,71.98882324
19.68185477,72.14721799
18.32206472,73.17440969
18.96039552,73.0246751
18.59058026,72.01686309
18.84206685,73.00146397
