Latitude,Longitude,elevation
28.66530897,77.22741066,217.6
28.63958068,77.24288992,211.6
28.64392615,77.29607551,208.6
28.61203445,77.26581859,205.3
28.63936421,77.3007288,207.3
28.60121259,77.19943673,223.8
28.68434531,77.26144581,209.9
28.6820863,77.17609875,216.5
28.62040583,77.30366508,206.8
28.62732239,77.26717044,202.5
28.64473183,77.24644256,210.5
28.70279126,77.21617682,212.6
28.60519949,77.17366087,241.9
28.58600378,77.24664637,207.6
28.68641129,77.20282366,215.1
28.6532183,77.14618863,219.4
28.6347557,77.20340542,225.6
28.63650694,77.23153349,218
28.62346622,77.19894083,223.7
28.66696042,77.28562835,209.5
28.6513183,77.16385618,230
28.63843769,77.26122862,202.1
28.63184834,77.29806049,204.8
28.62968737,77.20697198,218.8
28.63672743,77.18810868,241.5
28.57767122,77.25700251,212.2
28.63762411,77.29144967,208.7
28.61092178,77.24311817,216.6
28.62211919,77.2781127,206
28.69335764,77.26489498,208.7
28.70525148,77.23353891,204
28.6962222,77.22743328,215.8
28.62021348,77.16122307,240.7
28.62003011,77.18509296,242.1
28.63787942,77.25284356,213.5
28.61317404,77.25744481,201.3
28.59135658,77.19957682,219
28.63559116,77.28159418,212.3
28.65603669,77.21575664,225.4
28.61278716,77.26256443,211.5
28.63616436,77.21015761,217
28.64781341,77.26866466,204
28.64004449,77.22861147,216.2
28.65618138,77.15396925,220.6
28.6422968,77.22778701,215.1
28.61873146,77.23118436,216.2
28.66585455,77.20091185,220.3
28.64335415,77.2477829,210.4
28.65833002,77.29784095,205.1
28.57180733,77.23235247,215
28.65165296,77.26828733,203.9
28.66540418,77.29830095,210
28.67169174,77.257552,210.2
28.61822971,77.20696356,218.6
28.58671704,77.2238217,211.8
28.67394863,77.23271383,204.5
28.60593928,77.16439115,243
28.6297311,77.15265897,226.7
28.65357566,77.16031117,231.6
28.62426689,77.27525118,200.9
28.65004739,77.17059904,239.4
28.60305389,77.28697337,200.4
28.60420185,77.22371334,217.7
28.61317042,77.16624854,243
28.59187061,77.25492037,206.4
28.65854089,77.16461283,244.8
28.58076125,77.18758278,229.9
28.64949715,77.23974726,217.7
28.63917304,77.26272566,200.2
28.64899933,77.24518186,212.1
28.70289922,77.2461889,205.1
28.57634036,77.2558717,214.4
28.57906266,77.19481366,222.5
28.68567017,77.16873805,218.1
28.67619723,77.16719664,215.5
28.59619864,77.27115401,204.3
28.62622148,77.26802238,201.3
28.6458719,77.29183376,207.2
28.63881319,77.16405857,229.8
28.64631908,77.1478983,226.3
28.63765364,77.19940453,231.9
28.5900032,77.16868079,247
28.64961665,77.1949564,232
28.58648251,77.26814112,203
28.64470351,77.193248,238.8
28.70556098,77.23587134,207.1
28.68043357,77.28763807,210.2
28.61192677,77.1839027,233.3
28.68219262,77.18751018,218.9
28.63548566,77.29255646,206.3
28.67762349,77.1771335,210.9
28.57898622,77.23088309,215.6
28.66226033,77.16207629,224.2
28.56842317,77.22536228,217.8
28.63775783,77.19604549,248
28.63251722,77.22221136,219.7
28.68413527,77.25109811,205.9
28.64828622,77.30128042,205.8
28.56914597,77.21525827,217.4
28.59529771,77.15795853,243.1
28.58694657,77.24476072,209.3
28.69689148,77.19301122,219.5
28.63821966,77.20135214,225.5
28.62787934,77.217086,223.5
28.59723264,77.28413993,201.7
28.64728957,77.21755134,221.4
28.63363585,77.23896269,219.6
28.6502436,77.24803791,212.6
28.64524133,77.14497663,224.5
28.69042092,77.23915035,207.2
28.6467869,77.30320012,207
28.58118281,77.23812867,212.6
28.62768798,77.27406218,205.2
28.64429483,77.1594057,223.5
28.65087291,77.2701219,206.7
28.61235999,77.1919928,231
28.59717649,77.23254009,212
28.57134114,77.24805577,217.4
28.69361945,77.23583052,208.5
28.59461865,77.24855357,214.8
28.68363781,77.27035241,211
28.62076339,77.20230199,221
28.58804966,77.21282308,216.3
28.60429179,77.17545893,238.1
28.68973769,77.21378533,223.4
28.70065966,77.23448475,208.5
28.63558867,77.3053677,207.1
28.57912706,77.27475522,201.3
28.68002285,77.16647042,217.3
28.69144581,77.19191734,215.1
28.64325074,77.14726709,219.9
28.70473125,77.23494133,206.7
28.69300674,77.27205776,212.5
28.62202766,77.23443771,217.5
28.59553876,77.17046946,249.3
28.61170231,77.25312261,208.4
28.6039873,77.29748345,205.4
28.6160427,77.24203544,209.7
28.60273739,77.2287432,212.7
28.68339633,77.18109269,219
28.68740921,77.24192702,206
28.6103749,77.2603576,203.5
28.59475465,77.23199835,212.8
28.59610317,77.27098453,204
28.65117761,77.25821299,204
28.59843683,77.22180028,217
28.70086254,77.20302749,219.7
28.59547914,77.28922406,202.5
28.59037394,77.25106409,211
28.68728571,77.23854121,203.3
28.66335816,77.18480955,222.4
28.58947532,77.25434561,208.6
28.63141289,77.26323865,204.9
28.63613737,77.16923465,232.9
28.69941033,77.22148155,217.5
28.65290669,77.2879955,209.2
28.59302729,77.17346654,243.4
28.63860698,77.27808238,210
28.62161777,77.22748961,215
28.57978096,77.20569308,219.3
28.68657321,77.27365857,211
28.5991139,77.24609956,211
28.66477112,77.18846724,221.1
28.65179414,77.1887267,231.9
28.6170871,77.20079909,223.5
28.68007335,77.18166798,215.3
28.60880398,77.20847976,216.8
28.57222012,77.23600976,214.6
28.62454034,77.29901539,205
28.70587356,77.24140038,210.8
28.59739316,77.20031414,221.8
28.65554187,77.15690982,229.5
28.66747017,77.28629135,211.6
28.62999231,77.26042795,202.2
28.69040554,77.23348578,204.7
28.6739631,77.26035731,205.6
28.64264037,77.20485567,225.2
28.61582795,77.19821381,225.2
28.59417952,77.18352247,230.1
28.61853107,77.19628553,222.7
28.63854241,77.20673518,224.8
28.60491948,77.29959436,205.8
28.6548178,77.17205497,242.6
28.65197926,77.26447685,203.7
28.64111171,77.16427076,223.9
28.65536407,77.21580574,225
28.69552259,77.2690563,210.9
28.64612899,77.29124192,207.9
28.677499,77.26154612,205.8
28.60898544,77.22719653,212.9
28.69874325,77.19615486,219.6
28.68590208,77.26934041,212.1
28.60127884,77.19292903,225.5
28.63652673,77.18370138,238.1
28.57699054,77.17863373,235.6
28.64563898,77.25313807,206.8
28.63620603,77.23784613,219
28.60850977,77.26645228,202.6
28.60422604,77.17868529,237.9
28.68140851,77.27800677,207.5
28.67762589,77.27677518,209.2
28.69895993,77.22544259,216.2
28.68180493,77.20814264,218.6
28.58900717,77.20069697,220.9
28.57791228,77.1921434,224.3
28.58575177,77.17398718,242.3
28.61874741,77.2400412,209
28.69559064,77.27040042,211.8
28.62323743,77.3007395,205.5
28.57986919,77.21117557,215.6
28.66278652,77.29143835,209.8
28.60195149,77.20421674,220.8
28.6589317,77.15598103,220.5
28.63871249,77.15872308,219.9
28.56904749,77.21641541,216.7
28.65793482,77.16461274,240.6
28.62003329,77.14916109,232.8
28.68207712,77.24604765,206
28.6044606,77.19067761,228.1
28.62992223,77.23898497,217.7
28.58737054,77.24182932,208.6
28.647518,77.2210303,216.3
28.62644609,77.26286042,204
28.62611758,77.15376721,231.4
28.68687314,77.27465789,211.4
28.60583314,77.29815195,207
28.63145901,77.16781391,235.1
28.58839937,77.18444353,229.9
28.63798344,77.29696279,206.9
28.63990895,77.27593732,209.1
28.67183812,77.26215917,208.4
28.66337655,77.25730084,206.5
28.59356529,77.28270835,202.1
28.70710531,77.2177348,212.4
28.64469711,77.23684815,221
28.59015079,77.16432977,250.4
28.58860069,77.19402395,231.9
28.66255565,77.27523221,211.7
28.60758742,77.17852308,239.8
28.62895869,77.17572696,258.2
28.62225059,77.21816457,218.1
28.6787038,77.18674013,217.3
28.56809884,77.21766129,216.5
28.64534222,77.20888068,225.3
28.67544909,77.24048167,208.4
28.65418839,77.1994472,228.1
28.60812584,77.17987906,241
28.58833643,77.28622343,201.2
28.68571407,77.21004938,219.6
28.63936076,77.28535856,223.5
28.59598205,77.27192736,205.1
28.64752741,77.1999188,238.2
28.58017945,77.23589661,212.2
28.67309696,77.28389203,207.5
28.67101141,77.19097734,218.3
28.632319,77.29336977,206.7
28.64327894,77.23791512,221
28.70200482,77.20287767,222.5
28.63643094,77.18103187,241.2
28.58328564,77.27394713,203.3
28.66582405,77.15111416,216.5
28.66180206,77.28481304,208
28.69125867,77.18047687,217.9
28.60696276,77.21894942,213.7
28.57893438,77.22478167,214.9
28.68483693,77.23216788,203.5
28.6142542,77.18711078,230.8
28.59710225,77.18127456,230.8
28.59862544,77.27571338,202.2
28.66602499,77.29682882,209
28.6677452,77.26140985,209
28.60233076,77.25302554,209.4
28.60791541,77.22544906,214.6
28.5946691,77.16684672,248.7
28.64224627,77.26987661,205.4
28.64628308,77.30108606,206
28.64279962,77.304249,204.3
28.59496,77.24837505,214.5
28.69477341,77.2649704,209.7
28.636015,77.16583371,235.5
28.62148835,77.21775416,216.1
28.63082618,77.15110833,225.2
28.6505538,77.21527677,225.5
28.65783895,77.2409242,217.8
28.64634753,77.28155382,208.4
28.64498198,77.16459208,226.4
28.69752597,77.23841628,215.4
28.64239007,77.27046046,205.9
28.60132389,77.23989167,215.3
28.67601463,77.18043956,219.5
28.64507125,77.18355464,235.9
28.58362837,77.23457844,219.9
28.58892331,77.21255551,214.6
28.65116692,77.25626771,204.1
28.6220896,77.17730273,256.9
28.61002316,77.22980021,214.7
28.60683443,77.24565855,213.1
28.64562142,77.18540228,232.9
28.65916555,77.15089012,216.1
28.56895351,77.23096468,216.3
28.68555177,77.1736367,219.9
28.59428248,77.23040157,212.4
28.66439109,77.20608789,227.7
28.65920725,77.16215153,251
28.64338248,77.16622882,224
28.67800469,77.20196468,220.2
28.59690234,77.25489577,205.9
28.63961609,77.14695218,222
28.6290891,77.28082588,209.4
28.63679716,77.16812523,233.9
28.65364967,77.24972673,209
28.68727005,77.23575947,206.2
28.6189029,77.1630162,241.4
28.65021742,77.17610232,234.7
28.5889177,77.25121023,212.5
28.60490297,77.20752714,220.6
28.66457794,77.16125309,218.6
28.61738987,77.26372744,212.6
28.63152341,77.18603896,243.2
28.62149425,77.25456728,204.3
28.68675997,77.19651947,216.4
28.61469106,77.30016384,205.2
28.64969409,77.30209637,207.2
28.59237613,77.20073607,219.2
28.67202333,77.19182485,218.9
28.67032124,77.21354472,229
28.60085572,77.17960397,236.1
28.58059026,77.19252273,224.1
28.6547354,77.17136027,240.6
28.67567302,77.1952647,220.9
28.6043663,77.19512703,226.3
28.66200854,77.27668281,210.9
28.63183873,77.26199515,204.1
28.59827641,77.29405147,204.2
28.68691985,77.18722033,213.4
28.63476929,77.16802301,235.8
28.66863055,77.22360663,213
28.60871652,77.18795295,227
28.62668997,77.19595241,225.2
28.64924409,77.30375677,205.1
28.6239895,77.19959591,222
28.63264866,77.19294391,246.8
28.64406309,77.29362438,207.9
28.56748056,77.19862711,225
28.60895119,77.25895862,202
28.61706037,77.29479447,205.1
28.57126517,77.2048931,219
28.64276033,77.17083175,229.4
28.66921273,77.15393487,212.6
28.67130626,77.17442326,218.9
28.68465856,77.21618094,238
28.58393691,77.27216257,202.6
28.70072104,77.23086965,204.4
28.65507643,77.30340345,207.8
28.63404843,77.20185959,222.7
28.6763981,77.20646465,224.9
28.65695816,77.26074379,202
28.60249685,77.20034925,222.1
28.62369335,77.19495563,226.9
28.56925996,77.25044389,215.9
28.67498778,77.26419815,208.9
28.60549562,77.24364516,211.5
28.65462837,77.2638675,206.9
28.62682191,77.18831412,244.8
28.64230844,77.24190199,220.7
28.64133814,77.1902685,237.5
28.6812048,77.26177927,208.4
28.66763699,77.27199258,210
28.66698807,77.19653411,218.9
28.65386512,77.18430329,231
28.61838779,77.21452496,214.6
28.66698272,77.26546731,210.7
28.69021862,77.2775125,209.9
28.58896542,77.16453505,252
28.59761783,77.26075915,206.1
28.67688654,77.28588791,210.7
28.67759577,77.25162132,202.6
28.64654308,77.26390214,202.4
28.64034702,77.21554629,222
28.61422292,77.27098584,202
28.5885328,77.18423868,230.4
28.569076,77.24815339,218.1
28.68777681,77.18364676,216.9
28.64344461,77.18633051,232.8
28.65728915,77.24699637,209.8
28.63927491,77.30373278,205.8
28.68413208,77.26164858,209.9
28.63568462,77.30199732,206.3
28.6096307,77.24834577,209.2
28.60591118,77.16177482,241.6
28.66491324,77.20044184,220.5
28.64810247,77.27370654,205
28.5903731,77.23627501,218.3
28.62003293,77.15912375,239
28.62531054,77.24313211,209.4
28.664323,77.25798535,211.4
28.66883289,77.15265706,214
28.63324506,77.16685626,236.8
28.58172742,77.18508227,232.1
28.6327405,77.2666152,205
28.62277553,77.28631375,205.7
28.63705359,77.28722758,206.1
28.60037534,77.28272382,202.1
28.70666454,77.22889532,214.9
28.57594514,77.19573642,223.1
28.65653432,77.17898653,234
28.60542956,77.16181544,241.7
28.5969076,77.16000135,244.3
28.64415563,77.19475655,238
28.67931612,77.28601678,209.8
28.60122607,77.17003468,248.4
28.63542641,77.22137102,216.3
28.64412266,77.24029929,221
28.61799728,77.30226882,206
28.60614123,77.287157,203.4
28.65750406,77.18251099,229.2
28.58057374,77.27469259,202.2
28.57287974,77.22416984,219
28.65367073,77.29431846,205
28.67126253,77.21409716,225.8
28.66182627,77.1814594,241.5
28.57462786,77.26463279,211.6
28.58259012,77.18258272,233.4
28.66865188,77.20669788,225.8
28.63168111,77.25428015,202.2
28.62857607,77.24846483,208.5
28.62196923,77.21523721,225.6
28.57183143,77.25358082,213.4
28.61157578,77.23837036,213.4
28.6285304,77.24495071,207.4
28.66865293,77.1623704,217.3
28.61332353,77.18614646,232.4
28.58970783,77.18914275,229.5
28.57822996,77.20261212,219.1
28.61744773,77.29345584,207.7
28.62025685,77.25332544,202.9
28.66155182,77.19958724,222.8
28.64686353,77.21112948,225
28.59573767,77.18702968,226.8
28.63789769,77.18639977,237.1
28.6678136,77.25241521,207.5
28.60276778,77.17674111,239.8
28.60974215,77.23536403,213.2
28.62826188,77.27304662,208.7
28.61410292,77.15724239,235.4
28.63882406,77.22760329,214.9
28.61568268,77.21561565,219.7
28.62530783,77.29722078,206.5
28.64450125,77.19890565,237.8
28.6288264,77.15483653,228.4
28.6597541,77.27470952,209.6
28.61727688,77.23840471,211.3
28.57970115,77.25841978,209.3
28.62204711,77.29687489,205.3
28.6908799,77.21172368,218.7
28.70022265,77.2593583,210.8
28.59697255,77.214519,217.4
28.6229163,77.25281517,205.6
28.62844185,77.21736533,227.4
28.62098696,77.1584202,238.7
28.66713384,77.23556319,208.9
28.65068125,77.21914406,216.5
28.58590322,77.25798399,206.8
28.58189045,77.18120779,232.6
28.62978188,77.26136809,202.8
28.67456472,77.17069271,213.7
28.59360191,77.18805749,225.9
28.67085053,77.26403943,209
28.6126539,77.16911267,246.3
28.58456468,77.24845889,212.5
28.67149193,77.23884808,206.8
28.69031506,77.19253126,214.5
28.60399931,77.21024356,219.3
28.67641335,77.27691805,205.7
28.64598869,77.23979501,222.1
28.67137996,77.29323554,211.1
28.59030775,77.25048217,211
28.68832179,77.25861555,211.6
28.6928413,77.20628496,216.4
28.61018442,77.19263785,227.6
28.68481741,77.23208327,203.6
28.62075552,77.20274668,220.3
28.67380986,77.22031098,222.5
28.62483219,77.24735325,205.1
28.69971883,77.25776197,209.2
28.62939633,77.15189776,225.6
28.64698293,77.1735299,232.3
28.6317775,77.28416856,208.3
28.65584676,77.28912617,207.5
28.68053625,77.24592601,205.5
28.6011817,77.21807867,217
28.64781445,77.30510151,206.3
28.66530525,77.16148469,219
28.65024791,77.18312715,234
28.63014989,77.2072063,219.4
28.60725247,77.21478932,214.5
28.66789799,77.262218,209.4
28.67107365,77.25959189,209.4
28.57190143,77.23958791,215
28.65762132,77.22792376,222.8
28.61685683,77.17699575,253.7
28.60478544,77.15170059,234.2
28.65559589,77.20581383,236.3
28.66241966,77.1689749,236.7
28.67244552,77.28590379,208.5
28.65471563,77.27257222,208.2
28.6178032,77.22854487,220.1
28.62516576,77.22588847,217.2
28.61418782,77.20753174,220.3
28.63509451,77.29706981,207
28.6229009,77.2741609,203
28.65895682,77.21267042,231.4
28.6021852,77.17057541,251.1
28.67888647,77.21850638,221.1
28.65694385,77.19210297,220.3
28.61188648,77.21434519,216
28.63748157,77.16067165,229.7
28.68358188,77.1964713,217
28.69909623,77.22279967,217.1
28.69015626,77.18747271,216.5
28.59071486,77.18602939,229.9
28.58242958,77.18212513,233.3
28.61050349,77.15398032,236.1
28.58929549,77.28378989,201.9
28.6015715,77.2293343,218.1
28.68191333,77.26994746,210.5
28.59008335,77.21089625,217.5
28.6460952,77.29515261,207
28.66922193,77.21679528,222.9
28.68262971,77.2394057,206
28.62699322,77.23798308,211.1
28.5943248,77.28124671,202.5
28.65154371,77.18386198,233.6
28.60089512,77.20533295,219.3
28.68630246,77.19333874,218.1
28.65809244,77.2398899,218.1
28.67963882,77.21309886,229.9
28.67507849,77.26508227,207.7
28.63933115,77.14503499,221
28.6881048,77.20588627,213.5
28.66152185,77.26518859,213.4
28.59999809,77.23984755,216.3
28.66394966,77.2066485,228.4
28.65663347,77.22047879,226.8
28.64099448,77.29372038,207.1
28.64621197,77.2729668,208
28.66217751,77.22068362,219.8
28.5955604,77.22656415,214.9
28.62846868,77.17215109,255.8
28.65376228,77.17857335,235.9
28.65954598,77.22247251,227.1
28.68976105,77.26247148,210
28.67506487,77.28698722,211.3
28.69250231,77.17483877,218.5
28.62304065,77.26261308,204.6
28.59445628,77.24137911,213.8
28.58041833,77.18240738,231.7
28.63947231,77.1459237,221.7
28.63031602,77.19839222,224
28.65431501,77.28760846,209.7
28.617037,77.16945134,242.7
28.61389708,77.2310473,212
28.60342052,77.15249515,235.9
28.60358347,77.187674,230
28.67555314,77.19267939,218.2
28.69305534,77.19472705,215.7
28.64430406,77.2284239,219.8
28.68324817,77.23283188,203.9
28.62031708,77.20061769,223.4
28.67015315,77.27572976,208
28.66325917,77.25548973,203.6
28.64634932,77.23008266,225.3
28.60159035,77.18081615,234.4
28.66246769,77.15253442,217.1
28.61681567,77.18982711,234.1
28.66790165,77.22772843,212.3
28.6591219,77.20909264,241.1
28.61123469,77.25114689,208.8
28.61985343,77.21134381,222.3
28.65579298,77.14919856,219.9
28.59727339,77.1579155,243
28.65199931,77.20973917,229.2
28.63669963,77.2515469,209.9
28.58312885,77.20623981,214.4
28.61367225,77.24618429,209.5
28.67719512,77.1696279,212.5
28.6587399,77.17217092,248.4
28.6629612,77.20152624,222
28.61006069,77.28117071,201.6
28.64298988,77.21974935,215.8
28.59967184,77.20328258,219
28.62885841,77.20810138,219.3
28.64669662,77.2784586,208.1
28.61838948,77.27977814,203.8
28.56789681,77.19949199,222.2
28.59860648,77.24545474,210.2
28.69776216,77.24066331,215.8
28.68447031,77.23446905,206.8
28.70076603,77.24996211,206.3
28.6055592,77.22540069,211.8
28.63833932,77.29014091,208.9
28.66683926,77.26263,209.3
28.61823481,77.26304361,210.9
28.67850758,77.28978434,209.2
28.69276481,77.21247056,218
28.62695373,77.2220487,229.3
28.59115292,77.17482276,236.7
28.57703946,77.22752733,213.6
28.63430922,77.20929186,218.3
28.70039547,77.19200093,220
28.67906517,77.26470222,211.2
28.67097238,77.25709095,209.6
28.61773977,77.25425634,207.1
28.70198408,77.25119746,206.1
28.61073094,77.16366517,240.1
28.65379144,77.27475979,207.9
28.63245301,77.22512411,219.4
28.60007219,77.16102704,244.2
28.62464323,77.26506732,205.5
28.6547704,77.19597518,227.8
28.67883808,77.20322943,222.1
28.59190942,77.19358788,226.9
28.6189757,77.27520645,207.2
28.56979997,77.24838558,215.8
28.60589735,77.27159045,202.3
28.59004681,77.26479276,205.4
28.61310583,77.23399169,213.4
28.60505892,77.1548848,235.9
28.66228084,77.16413202,230
28.61241232,77.20503292,224.5
28.57649516,77.18138872,232.2
28.63557379,77.258596,201
28.63448949,77.16499944,232
28.67362607,77.23091119,213.7
28.69749949,77.20848875,213.5
28.67647357,77.21528019,228.5
28.6585397,77.20690905,239.2
28.64709703,77.16126684,227.1
28.68872673,77.17112571,219.4
28.65298578,77.24984065,209
28.6821878,77.26387114,210.6
28.6708575,77.194392,219.5
28.61802969,77.18646148,236.1
28.65647403,77.27827843,209.7
28.61701386,77.23707557,213.2
28.59033062,77.16341005,247.9
28.68933515,77.27221565,209.9
28.60389127,77.23954435,214.6
28.66576675,77.15252247,216.4
28.63335936,77.19101464,248.2
28.65268978,77.1941684,227.5
28.61377278,77.2732285,203.3
28.64122453,77.19217622,239.4
28.61610357,77.2947348,207.1
28.60783071,77.24849595,210.5
28.66502692,77.23798668,209
28.68898345,77.19639607,213.8
28.67541434,77.28654841,209.9
28.57761539,77.17756527,237.5
28.67905445,77.24456907,207.2
28.63109563,77.28201281,208.9
28.59198582,77.19196363,227.9
28.5926492,77.28357962,202.6
28.60055507,77.18373978,230
28.67998882,77.28256777,208.9
28.58530133,77.24482727,211
28.61607614,77.25553541,202.1
28.69051699,77.27308223,211.5
28.68483234,77.21286472,222.9
28.61750815,77.25179265,210.1
28.61881591,77.21150568,217.4
28.60038407,77.15980587,242.8
28.59376044,77.18989104,226.9
28.59573249,77.20173187,219.1
28.61475498,77.27213607,203.6
28.59088118,77.25969616,204.2
28.6930103,77.25351947,205.2
28.6385036,77.17658892,241.7
28.63215376,77.15495489,223.8
28.58550647,77.25617081,211.8
28.59416275,77.20149623,217.4
28.65774521,77.28783062,208.2
28.62884291,77.18689874,249.7
28.65690684,77.23840499,215.2
28.69746729,77.2014153,219.1
28.6524814,77.26428677,203.3
28.57516045,77.26734461,209.4
28.6047306,77.15565761,237
28.64972107,77.26759149,208.1
28.66524638,77.20879703,228.1
28.64129686,77.26853963,202
28.62621993,77.24544804,207.6
28.69339971,77.21741519,223.2
28.63011311,77.24330225,210.8
28.58133898,77.22175165,213.1
28.61297514,77.1845451,236.5
28.62068171,77.19060195,231.1
28.67665037,77.28335497,208.1
28.66520453,77.25375339,209.5
28.65795186,77.25555985,200.3
28.608234,77.18357793,235.2
28.58496356,77.19756382,221.8
28.59264394,77.16273692,247.6
28.6092634,77.24943627,208.1
28.62163815,77.19780007,222.1
28.68115524,77.1744704,215.5
28.66222925,77.19396599,221.2
28.60510719,77.22767483,211.2
28.59250025,77.21882627,219.1
28.65136618,77.27806341,208.5
28.68116831,77.25488532,202.8
28.61948533,77.30244461,205.7
28.64836561,77.24797839,210
28.61290112,77.30167611,206.1
28.5758008,77.20392931,217.6
28.57827612,77.24027806,214.7
28.64273789,77.29658688,207.3
28.66930693,77.23338832,210.6
28.69112589,77.2486889,205
28.58187812,77.17117809,242.1
28.61549153,77.25032786,209.7
28.67488666,77.16120344,220.7
28.63453471,77.19152743,247.1
28.6591672,77.18061437,242.9
28.57354984,77.21233138,213.6
28.59159562,77.23092427,213
28.65566853,77.15762913,234
28.60145467,77.28798877,201
28.67646802,77.25560386,205.4
28.68166462,77.25594965,205.6
28.62552248,77.16169808,235
28.60898993,77.1915772,228.7
28.69661283,77.19513372,219.7
28.58165282,77.27680426,203.5
28.65709437,77.19812366,226.8
28.63961887,77.22074273,217.2
28.59357027,77.27524431,200.9
28.61485417,77.18469788,237.6
28.67819468,77.24187137,205.4
28.6101339,77.27328783,200.4
28.62229324,77.2700776,203.3
28.63169286,77.14385841,230
28.6149255,77.18135643,243
28.62763263,77.22730774,221.4
28.57890315,77.20990708,218
28.62304511,77.1981076,224.4
28.66627384,77.15856722,219.5
28.61524161,77.27364768,203
28.61359036,77.19032633,233.6
28.61948496,77.24597668,208.5
28.63645637,77.15974769,229.1
28.63167193,77.23987034,218.5
28.61907646,77.19141156,232.8
28.61050142,77.29643357,206.1
28.59772849,77.27211735,201.5
28.63304493,77.16932094,235.2
28.59768306,77.28279631,201.2
28.67695971,77.2104307,228.4
28.59540535,77.22687914,214.2
28.64386282,77.28932028,206.8
28.67535556,77.24901903,207.1
28.57613697,77.21669525,212.1
28.58440252,77.25545481,208.9
28.61922026,77.23264583,215.5
28.68977904,77.24530016,205.8
28.67499451,77.18199411,220.4
28.63472694,77.24106869,217.1
28.66411224,77.25792558,211.1
28.61719781,77.21834854,213.7
28.64751684,77.26247385,204
28.57733241,77.2738645,203.2
28.59554915,77.21396965,216
28.58496829,77.17126506,244.9
28.58089066,77.18513151,229.9
28.56932338,77.25391189,212.8
28.68151482,77.1660094,216.8
28.63781883,77.21385514,220
28.62843569,77.24395273,214.3
28.6427838,77.21287694,223.1
28.6371215,77.29012828,209
28.61678754,77.18528314,237
28.6388542,77.29219107,207.7
28.67102548,77.16475322,218.3
28.6117739,77.27742203,201.1
28.66360411,77.28007281,211.4
28.65683917,77.1981536,226.9
28.64792875,77.17543857,231.6
28.63496394,77.25237615,208.9
28.59787133,77.22602918,213.1
28.61408999,77.27943129,203.4
28.65985288,77.22248999,227.2
28.59876641,77.16450976,244
28.57832199,77.1980975,221.2
28.59621787,77.1592038,242.3
28.58709643,77.26030431,205.1
28.57339964,77.26188913,211
28.61123816,77.20648936,218.7
28.58377926,77.23101236,209.9
28.58791145,77.24053541,210.3
28.65679934,77.2707583,208.6
28.63015669,77.15788985,226.4
28.59563667,77.28104899,202.9
28.6427654,77.21458118,223.3
28.5768741,77.24962353,210.1
28.64562822,77.18792899,231.2
28.63019942,77.18182669,246.2
28.64562261,77.2160537,225
28.6491058,77.23233632,227.7
28.58434351,77.25525861,208.2
28.61603665,77.18920662,234.2
28.61179402,77.27907964,201
28.62499779,77.18591158,248.5
28.59974794,77.22343574,216.2
28.70070851,77.24323238,205.7
28.60613144,77.15072052,233.1
28.68584348,77.24421853,204.9
28.65954382,77.26868131,209
28.60696452,77.22262253,212.5
28.6150085,77.17163469,250.8
28.60209593,77.18671584,230.2
28.6434959,77.15985018,220.7
28.66919626,77.2715335,209.3
28.64749939,77.27882889,207.6
28.61654036,77.28926849,213.1
28.65195227,77.24364405,211.5
28.62513335,77.19797198,224.3
28.63338671,77.20150541,221.4
28.65902073,77.26239173,211.6
28.64732235,77.18268282,235
28.62438108,77.23053108,217.8
28.65573598,77.27651691,208.3
28.60183141,77.19985517,222.8
28.6954992,77.26094959,209.9
28.60158799,77.29601815,205.4
28.65356583,77.14859688,217.4
28.6712471,77.24413168,211.8
28.65173737,77.14837525,219
28.70397994,77.22439221,215.9
28.62726897,77.24307363,210.5
28.61107204,77.17464561,252
28.59287792,77.28060675,201.6
28.5994164,77.27813689,200.7
28.66410256,77.2967545,209.1
28.57409185,77.2060126,216.4
28.6771861,77.19160387,217.4
28.61144112,77.19273525,230.8
28.57005475,77.24909723,215.9
28.62674725,77.21044488,217.5
28.61081225,77.23822319,214
28.67285336,77.28850831,207.4
28.66287976,77.25087416,201.6
28.59329114,77.23967067,214
28.6055689,77.21558364,218
28.63715928,77.15511588,222
28.67300156,77.24614809,207.2
28.59974689,77.20271681,218.6
28.63602072,77.20363698,225.2
28.61993296,77.17176477,245.2
28.67362286,77.21379425,231.8
28.63478195,77.20250995,224.5
28.60232868,77.24335796,213
28.67491131,77.28774557,210.7
28.64528851,77.21861862,217.4
28.6081743,77.17111299,254.3
28.65008535,77.15416142,222.6
28.66542465,77.16291028,218.7
28.58322022,77.17302567,239.8
28.60370697,77.21268198,216.2
28.59263145,77.23647992,212.5
28.66607279,77.17044572,228.6
28.63834148,77.16398644,229.2
28.65444301,77.25950731,206
28.5921431,77.19292133,228.6
28.65331686,77.18679841,230.3
28.67090884,77.29349831,212.1
28.60141756,77.21618478,216.4
28.66213257,77.17513986,236.9
28.67425633,77.28918182,208
28.59550914,77.16440082,249.8
28.69052123,77.21986682,224.8
28.65776724,77.21372174,232.9
28.67915883,77.26706718,210.4
28.57339024,77.25530019,212.5
28.69588152,77.19803592,212.9
28.69671773,77.26413063,211.6
28.66109628,77.28205323,208.2
28.62358471,77.25664523,201.6
28.65679733,77.14946864,217.1
28.70300811,77.22860575,215.1
28.59719398,77.1932039,223.3
28.58838093,77.24961905,209.5
28.66294421,77.22725542,219.9
28.61891437,77.27287884,204.7
28.62461466,77.1666619,246
28.62396966,77.26501769,203.8
28.62620531,77.20805726,216.6
28.61214187,77.18677444,230.8
28.61512203,77.26348842,210.1
28.68111194,77.27790288,207.8
28.65903733,77.24158286,216.8
28.69270253,77.20003402,215
28.67326048,77.26463199,210.3
28.63159856,77.18497849,240.4
28.64116688,77.14504445,221.6
28.61491477,77.24658619,207.2
28.6505349,77.19961663,234.6
28.69304845,77.25652786,210.3
28.57969409,77.24547329,211.3
28.6013541,77.26741678,202.6
28.62343773,77.27821213,205.7
28.60931965,77.29279216,205.7
28.59536816,77.24255289,211.8
28.65193428,77.20268174,238.3
28.60703965,77.18241238,233
28.62814042,77.25388049,205.4
28.65657755,77.25648522,205.3
28.60417749,77.16483855,242.8
28.62164109,77.28266356,206.3
28.62002033,77.22888149,216.5
28.65057481,77.25187637,209.4
28.65906276,77.25632165,201.5
28.56794975,77.24692544,217.1
28.63848043,77.27591708,209
28.62449414,77.15472031,231.2
28.58847424,77.19333741,236
28.62290456,77.23753136,213.5
28.63475481,77.30378261,208.6
28.68394622,77.20163207,219.9
28.69236256,77.21547273,219.5
28.64116391,77.14817866,220.9
28.63805987,77.30252482,208.2
28.56336797,77.23245519,215.3
28.61195568,77.26478699,207.1
28.6305216,77.27145683,203.8
28.65242019,77.24429027,206.4
28.6371042,77.20641893,223
28.61331702,77.28222689,201.3
28.60280706,77.16147308,241.1
28.6258845,77.2108116,217.2
28.62354173,77.15031804,232.7
28.68129953,77.28201395,209.3
28.66500488,77.16076656,218.8
28.67486258,77.20261862,221.6
28.63072724,77.21215269,219
28.67505879,77.25385439,205.1
28.64556481,77.21507718,223.9
28.58633824,77.22957486,210.6
28.62878878,77.18178909,249.2
28.67105902,77.17325547,217
28.65677306,77.23376135,222.8
28.63217823,77.27367841,211.2
28.56631771,77.20382964,218.4
28.57306684,77.21712644,216.2
28.58850712,77.17415114,240.1
28.65979158,77.17935987,247.7
28.69672287,77.26614806,210.6
28.6119676,77.18419131,233.5
28.62981233,77.17481656,257.1
28.6471596,77.21070586,226.2
28.60183948,77.20682087,220.4
28.63837345,77.24877557,210.8
28.60177534,77.26588976,205.6
28.58170772,77.21316931,216.9
28.66385929,77.17532937,229.8
28.69493493,77.18675513,216.6
28.63616641,77.20635486,223.1
28.63501765,77.16329619,233.1
28.62093834,77.29914117,209
28.63513951,77.18937047,247.9
28.58632781,77.23244617,212.3
28.65423143,77.27956982,209.5
28.64072057,77.22885507,216.2
28.65381575,77.21144678,232.8
28.68593671,77.18745392,213.1
28.66619452,77.22145734,215.8
28.58593914,77.22050391,216.3
28.59558289,77.20165366,219
28.59497502,77.16436589,250
28.65861806,77.29091843,205.6
28.67189615,77.21285823,229.2
28.57643678,77.22483014,213
28.61396905,77.19057052,232.1
28.64153548,77.28895219,207.9
28.6175153,77.17847777,253.2
28.60129787,77.24099406,214
28.63031492,77.24557587,209
28.70236966,77.24645887,205
28.6354103,77.17180082,239.3
28.62573574,77.15036856,229.3
28.62422094,77.27563923,200.3
28.59533129,77.15784434,243
28.63385074,77.14894249,221.6
28.62169177,77.26330742,207.9
28.58592017,77.25119336,207.9
28.66396452,77.23548203,212.2
28.61911713,77.25950924,217.4
28.65315224,77.30222,206.9
28.64466288,77.23560257,222.7
28.6203929,77.16206357,242.7
28.65227024,77.19841963,229
28.44873484,78.42964499,187.3
28.23925664,77.39456423,199.6
28.73739851,77.49039649,215
28.86345789,77.87893858,221
29.97727429,77.1945133,259.3
28.31715919,77.52260144,191.6
28.34126189,76.52626382,234.1
27.71494431,77.05846822,189.4
29.48863284,77.24497235,243.3
29.22726748,77.55679314,223.5
28.82467319,76.44495718,221.1
29.27930742,78.44656852,233.1
28.89461074,76.2610169,222
27.88534738,77.56964894,181
28.68879272,78.37131358,205.1
29.24985292,78.41296265,231.9
28.9814962,76.6574183,221.4
28.93531476,76.95182377,224.2
27.67259366,77.93113808,178.7
28.4694066,78.29392153,190.4
29.55830155,78.31595993,259
29.07106942,78.63410745,219.6
28.76508254,77.85656954,210.5
29.27408706,76.66696267,229.8
27.8991803,78.45982333,181
28.37478699,75.77867474,277.9
28.34064632,78.34034587,184.1
28.34448988,75.84231576,279.3
27.66144652,77.7835389,177.2
28.737254,77.93662495,214.2
28.6954295,78.6285488,201.9
29.11127966,77.83395832,229.1
27.40809043,77.38117439,178.4
29.39033979,77.72568832,243.8
28.5895757,76.48811823,214.4
28.49365314,76.44250227,222.2
29.96482997,77.65051492,278.1
27.57530337,77.25270089,200.3
28.60113173,77.91208157,210.4
28.21803003,76.24224128,277.5
29.48025431,77.26871165,243.7
29.97706833,77.1245009,258.7
27.75258572,78.24177953,179
29.38836916,76.99384048,232.5
28.41708459,76.38010119,235.1
28.72014581,78.28249111,208.4
28.27079253,76.91299163,250.1
28.72178837,77.67878052,215.1
28.9758219,75.96290163,215.9
27.44039252,76.66216433,255.4
28.31154805,77.60011217,201.4
29.9270486,77.74756989,277.8
29.44803878,77.20015069,236
28.9895927,78.41001679,217.2
29.58741951,77.78072446,251.7
29.78746944,76.75042523,246.1
27.95647429,76.79351349,277.3
29.44377619,77.94198573,248.3
29.2582639,77.63312768,240
28.99622238,77.16885684,216.3
29.27351831,75.85995543,217.1
29.07646172,78.55802797,215.7
28.73974463,76.19050949,216
27.52291521,77.40149045,181.2
29.14395956,75.80298656,213
28.14954999,77.08014546,190.8
28.37647045,76.94784964,240.1
29.28274724,76.64862793,231
29.77061861,77.30483511,261.5
29.33103141,78.0892948,217.1
29.42280782,77.76060672,247.9
29.76075035,76.66718204,243.8
29.49064543,76.92993211,239.9
29.96693474,76.76439316,251.4
27.5216371,76.57734032,293.3
28.45985003,77.09551531,250.6
28.45787158,78.08136622,202.8
28.10293398,78.02597097,192.6
29.34983799,75.96985007,218
27.97245423,77.64673683,190.8
28.97440549,77.9788297,223.1
29.863694,76.81931903,252.7
29.28768345,76.49551442,229.7
27.72603646,76.3270119,338.3
29.52417793,77.3351303,245.7
28.27852956,76.2819022,260.2
29.23582851,76.5163793,229
28.06830773,75.92854781,332
28.29226559,77.75200109,200.6
27.96096175,77.35470371,189
29.90662705,76.53002744,244.3
28.14469383,76.0708522,296.1
29.85043457,76.76417015,252.8
27.79250693,76.62069266,395.2
29.67494731,77.4156547,257.7
29.63223012,76.53280415,238.9
28.95077091,77.76196198,217.7
27.81584949,77.32986016,187.8
28.01143023,76.43849419,285.2
28.77714525,76.83886153,219.1
29.86161003,77.10747261,253.2
28.43822939,77.18780131,265.3
29.13956606,77.38260892,228.6
27.27328084,77.29267884,190.9
29.09098426,77.77431878,227.1
27.72285209,77.28032365,187.2
28.21541022,76.20332129,279.4
28.16517728,78.50632387,177.1
29.17107936,77.06542332,223.7
27.98836469,77.7970999,191.2
29.77047373,77.79626231,262.8
27.26489794,77.45425789,177.4
29.04049178,77.06297901,220.8
29.19792979,77.54747063,229.1
28.65943272,78.32431468,202.4
29.04828,77.83412891,227.7
28.84079733,78.03727877,217
28.40720441,78.13702936,199.3
27.65243109,77.70785788,172.3
28.70286101,75.66890122,235.5
27.71550021,77.8585473,181.7
29.80480227,76.63082944,245.5
29.37072098,78.38157964,240
30.07127484,77.10417881,269.4
29.17323979,75.75652443,214.7
29.10689788,76.17360309,221
28.14585126,77.87731053,195.7
28.42426653,77.53355054,194
28.27163841,78.79028178,183.6
29.85180944,77.33456865,260.8
29.78375082,78.05723043,246.5
29.99421633,76.72924872,250.2
28.82798911,78.42183314,212
28.40376593,78.3962925,184.9
29.80792536,77.58359966,265.7
28.74462791,77.8200632,212.3
27.75752688,77.70024952,183.7
28.65111801,78.79987492,194.1
28.05750299,78.54761719,173.7
29.34370657,77.72355917,242
28.2714724,75.74853639,297.9
29.53280462,78.42480481,251.1
27.63313075,78.27676553,179.1
28.98983846,77.7559941,224.6
28.67375911,76.67732201,218.4
29.31850875,78.02018025,218.7
29.74246563,77.79106455,258.4
28.11591554,76.80254248,262
29.31810534,78.47512423,235.9
29.58972479,78.25717884,257.3
29.45292546,78.58725013,258
29.141887,78.68201048,210
28.97575611,77.96040735,222
29.05839429,78.58302636,212.9
28.56553339,77.30498377,201.6
28.63685203,78.00400463,210.2
28.79940399,77.81431744,216.4
27.98230992,78.54783955,180.5
27.89686257,76.51588097,299.9
27.69629477,76.6651993,358.1
29.34424373,76.86747815,232.8
28.54633359,76.66669773,214
27.9723522,76.95104305,190.2
29.39129489,77.25460923,241
28.34109444,78.12080889,198.7
29.19121174,76.83209048,231
29.31890307,78.05294775,217.7
28.75411699,76.61066653,222.3
28.32686957,78.05081532,197
27.70534066,77.8690393,182
27.86383004,78.04940581,186.9
28.68574677,78.15060642,212
28.92650701,76.09699,215
29.03922479,75.94391193,215.6
28.07134909,77.1210812,191
29.84261991,78.08855968,254.8
28.07454528,77.19854601,192.5
28.50746762,76.37709481,230
29.5654809,76.7127947,239.1
28.91097869,77.92637353,220.3
27.68741314,78.04426598,182.6
27.28205248,77.34175826,185.1
29.82384822,76.33168659,235.9
28.08413621,78.61976556,171.8
28.19770449,75.77768364,306.8
28.46474935,76.07701334,260.8
28.96617755,78.26145802,220.4
27.79474903,76.53430739,322.2
29.26000683,76.45933923,226
27.91987381,78.32895864,182.2
28.74108832,76.92707388,211.2
29.88347879,77.12648897,255
28.56483983,76.17661414,258.6
28.66550887,76.51099485,219.8
29.24401262,76.4175327,226.9
28.73213613,78.56146364,204.9
27.72096992,76.77636477,281.5
27.43647054,76.49846989,591.7
27.35257691,77.00320271,212.9
28.2240185,78.59612595,175.2
27.62167608,78.17161236,176.3
27.75827265,77.476204,186.8
29.20899467,77.45379014,231.8
29.91977183,76.49666374,246.2
29.18480804,76.47383621,227.1
27.60738199,76.7488749,320
29.04719439,77.30120045,227.9
28.6042094,78.38463798,200
29.94244525,77.00292605,259.9
28.61167479,76.95960363,212.1
28.61600534,78.56914375,200.9
28.25345191,76.30104953,268.4
29.20751288,77.11844572,224.4
29.77268451,77.13857504,250
29.74672403,76.93324181,252
28.39802778,78.4292535,185.7
28.06866192,77.58991465,192.5
28.6209613,78.13039372,209.1
27.83503079,78.1156262,186.9
27.74912189,77.40387835,184.2
29.2008401,76.96300992,231.3
28.80359217,75.75960966,216
27.65281536,77.20688185,208.6
29.18442895,75.93851798,214
27.47161773,78.15353548,173.7
29.18466255,77.21477587,231.3
27.33041088,77.7572848,177.5
27.52724598,77.54925677,183.5
28.54513695,78.68706872,195.9
29.56206172,77.53838269,252.1
27.75602578,76.07975525,370.5
29.58382801,77.03663628,240.6
29.84258462,77.10298046,255.4
28.49867611,78.78728227,192.2
29.09720653,76.96900911,228.3
28.69597373,77.12607851,218.5
27.86010579,77.02581421,197.5
27.36960064,76.49281007,511.2
29.19353799,78.3595427,228.1
28.32643234,78.02784512,199.9
28.93801788,76.31253428,218
28.88947297,76.39861274,216.4
28.53883822,77.56601355,209.5
29.06631793,76.5446796,224.1
28.04614249,76.99542809,188.9
29.98910514,77.03899494,260.9
28.29109539,75.98819163,328.8
28.74694127,77.43532753,217.2
27.88339893,76.58594816,289.5
27.42586117,77.80318687,176.7
28.04567985,77.03987581,190.5
27.66588918,77.7575662,181.2
28.66874959,77.73584713,212.9
27.61595963,77.19687964,202.5
29.07336692,76.22276905,221.5
29.43648826,77.28567177,245.4
28.11496101,76.05230671,303.3
29.27509537,78.0412343,218.2
28.92346559,78.82220239,198.7
27.66075026,77.15536557,201.9
28.64394931,77.72785512,212.1
27.83237714,78.57418909,177.2
28.23626564,75.6913103,308
27.82496642,75.92090114,517.9
28.17103528,77.74514868,195.9
29.15776039,76.76086348,229.5
29.12197102,76.93308719,229.1
29.71198297,76.11972394,230.7
29.18000878,76.28296204,222
28.69867266,76.79376002,219
27.69226283,77.36861684,184.6
27.65647155,76.7373033,257.1
29.2587975,77.33469784,237.2
28.22330951,77.47459899,190.4
28.68849239,76.05065668,218.9
28.43174396,77.74375281,203.7
28.42651112,78.23572804,200
27.85774125,77.98049537,188.1
29.6980265,76.80740887,247.2
28.68786463,76.75912969,216.6
29.2033374,77.85650036,234.3
29.91966925,77.46312834,273.5
29.6120808,76.53221671,236.7
28.96783805,78.38278685,218
27.24016065,77.4447454,178.3
28.31448758,75.69600193,298.3
27.44588763,76.34925755,539.3
28.52240283,76.7346599,214.3
27.82348955,78.34243957,180.5
29.08710743,77.07571609,221.2
29.85276225,77.71879731,267.4
29.47905849,77.02249406,237.8
29.0219986,77.78237426,223.6
27.7307085,77.67969111,176
27.91637581,78.54381927,177.8
28.04680273,77.5617573,182.9
29.46175187,77.03265058,236.3
29.68187294,78.00871941,230.6
28.99131624,78.66812037,203.6
27.83704313,76.27181571,319.7
29.96525629,77.20719512,258.9
29.27445821,76.31509431,225
28.22345572,76.8119173,248.1
27.87727894,76.82698168,278.1
28.28502651,77.26043286,199.1
27.3677157,77.19369981,194
28.39648626,78.06247548,199.7
28.6235807,75.94425147,231.9
28.18198621,77.56399743,199
29.23971424,77.19241049,232.9
27.70564123,77.40614088,186
27.6411754,77.1284101,195.8
28.39742547,77.8688717,198.4
28.84463901,75.68582985,222
28.06809343,77.54622658,186
27.51187212,77.17932404,217
29.28172031,76.94997546,232.6
28.50761491,77.03568872,223.9
29.46250734,76.10711972,227
28.87916942,76.37404162,218.7
27.29869318,76.9951901,216.4
28.98603684,78.39860176,220.2
28.36261595,76.8061388,229
28.20716569,76.39950746,288
27.44002534,77.9903183,174.8
28.58759002,76.20899933,221.9
29.69908916,77.24868322,254.5
29.38463768,76.47592743,229.4
29.08964292,77.08297008,220
29.74873911,76.94673739,252
28.19914344,78.75281937,181.9
29.75086152,77.7732747,259.4
29.05004207,77.39633584,224.7
27.46507368,77.55744212,179.1
28.10988304,77.52331921,187
29.34765309,76.64450233,232
28.1329968,77.50361352,187
27.89957851,76.1510223,339
29.26948892,77.70579912,238.4
28.63403672,75.99494409,231
28.30909828,78.10544292,199.7
29.74505425,77.65578258,261.2
28.31268678,77.65159803,201.5
28.25415193,77.25301542,197.4
28.38370557,77.117389,306.9
29.62263304,78.36034125,269
29.90733351,77.70758705,273.2
29.65241773,77.98324983,232.5
28.37658744,76.48164784,231.5
29.95928008,77.37045511,270.1
28.09446523,77.82122106,194.7
27.90418409,77.21915587,189.3
29.47969095,75.95923929,224.6
28.1194644,76.4564859,280.7
29.08490546,78.40057442,224
28.58805733,78.55225778,202.4
27.48316874,78.10625597,173.9
28.52347631,76.65152521,221.9
28.8975875,77.33920599,222.5
28.50762607,78.05611591,204.6
29.43909863,78.43281509,249.9
29.11094448,76.44758155,223.9
27.93353388,78.58493853,179.3
27.98105785,76.50902689,281.8
28.75152119,77.16397658,209
28.12656211,77.08093239,193.5
28.18919189,77.2195337,199.3
28.85773086,78.33480683,213.1
29.16782441,77.46879709,221.2
29.59501692,76.60433767,236.9
28.43201504,77.62560187,206.1
28.14772345,76.245992,284.3
27.70947295,77.63037351,183.4
27.92781444,77.82185413,190.6
27.21086704,76.97228969,225.3
28.54620734,75.73863941,255.8
29.67468171,76.80975008,246
28.48085441,77.09184989,249.1
29.2496417,76.33577309,225
28.28204232,77.73927811,199.7
29.77116712,76.54555519,242.4
28.72298528,77.8903796,214
27.52315088,77.58636148,182.3
29.27548994,76.73928553,228.9
28.64398926,78.37146505,204.7
28.88227528,77.56146352,223.6
28.35726942,77.27776241,202.7
28.49060456,78.59627516,194
27.88880222,77.84766123,189.9
28.32671528,77.42580225,201.4
29.79389756,77.84723805,260.2
29.01369539,76.64043865,221.5
28.31943363,75.99358303,320.7
27.46251442,76.56167151,272.8
29.59410004,76.01116285,224.1
27.57972005,77.38944385,184.5
29.252476,76.49766025,228.6
28.48262576,77.19761427,270.1
27.85133483,77.82795368,187.5
29.44478163,77.31900217,245
29.13107413,77.02501061,223
27.45669891,76.344317,444.7
29.61736655,77.8645014,254.1
28.33972196,78.12220741,197.2
29.3712434,77.41227153,239
28.76010214,75.8734509,219.9
28.20868101,76.83084843,255.9
29.15798667,76.3818469,224.4
27.65094714,78.3067304,177.7
29.1018894,77.85111013,228.1
28.90131664,77.0813953,216.2
29.66934256,76.77258526,245
28.71162374,78.05683838,215.8
28.93749523,77.88307459,222.3
28.99717883,78.45931915,219.8
29.11082507,76.52399668,225.1
28.97734986,76.84444609,221.4
27.70848846,76.89757715,379.4
28.12566578,77.84563993,194.8
27.88036476,78.08197801,191.9
28.0692259,77.61831478,195.1
28.69197467,78.44842752,207.1
27.82028095,78.57614467,175
28.43224534,77.60017241,204.5
29.34231333,76.90363091,236.9
27.90040543,77.96851208,186.2
27.60526297,77.71803391,167.9
29.58016557,76.40208366,230.9
29.34623479,77.89508995,241.8
28.76067843,76.88687219,220.6
27.34552399,77.80606646,172.8
29.12908378,76.29704694,223.7
29.14206944,77.69621146,229.7
28.92298457,76.2629238,221.2
29.70112924,77.77611712,256.6
29.86990202,77.24620947,263.6
27.78142871,76.78298946,267.9
28.1788074,77.97202276,195
27.35265113,77.83724311,177.8
28.70726059,76.88985173,214.9
27.55501991,77.11696227,199.5
27.95135018,78.39699657,183.9
28.85988386,76.58400528,220.3
28.0905658,77.26721875,196.2
29.85840766,77.48004815,270.8
29.55478232,77.71417748,241.3
28.57520731,75.96710934,239.3
28.84435009,78.75112503,195.5
30.03086746,76.96463556,261.9
29.46570948,76.31690589,226.8
28.41751973,76.15034255,242.1
29.26861158,76.2195021,227
29.50712936,76.65515789,234.2
27.58184692,77.47032431,184.3
27.70975591,76.97627513,217.6
27.32664568,77.44043902,178.9
28.5169531,77.5068474,202.4
27.40549517,77.28593288,185
27.68346466,78.1070167,181.6
29.1356566,78.40626278,224.6
28.07774935,78.13503174,194.3
29.00593919,75.80632613,216
27.71591614,78.34183238,180
28.4369187,75.87266271,260.3
29.16052745,77.04323399,223.9
27.87044927,78.45375843,178.4
28.16998285,78.42996929,178.1
28.91621242,78.64306699,203.8
29.20531359,76.13914042,220.7
29.25856203,77.10630817,227.5
27.84657942,77.02098333,200.9
29.54500951,76.92071789,243.8
29.84868079,77.59384221,265.4
27.55314897,77.81401981,176.3
29.43872712,76.31013498,226.7
28.31687051,75.98923227,323.5
27.68034536,77.55536196,184.4
28.75340725,78.3136667,208
29.27190255,76.80274468,230.5
27.57554097,77.96879082,173.7
28.04260327,76.53062291,271.8
29.23188687,76.39964615,225
27.97235164,78.00672704,190.5
29.08777749,78.08236921,211.4
27.45213278,76.82132835,237.2
29.37152819,75.94653032,221.3
27.26295557,77.25796054,192
29.72966323,77.16916114,250
27.89941522,76.74740817,277
29.23971173,76.68254358,230.4
28.35483472,76.32147056,249.7
29.01117878,77.61926493,226.1
29.49017335,78.25618659,249.7
28.35046522,78.29346446,184.1
27.59508694,76.32118635,401
27.94023875,75.87808724,391.2
28.84016538,78.43341026,211.1
29.2292227,76.88675631,231.7
27.70146556,76.83325004,241.6
28.36165875,78.14393223,196.6
28.84409105,76.63936543,219.8
28.96595594,75.73735726,211
28.09028873,78.27152752,187.9
27.4955926,77.79360283,176.9
29.54338259,76.58362421,235
27.42646853,77.33706325,179.3
27.85842221,78.33355295,177.5
28.7815434,78.18688644,201.1
28.12098999,76.61590389,255.5
29.62537592,76.58787541,238
27.61110537,77.26924823,190.7
28.91844432,77.66815225,222.7
28.26649872,76.87420171,244.1
28.25041901,77.45074911,198.3
27.89190262,76.36220449,313
28.16636757,78.67097115,172.8
28.96641051,76.80864907,224
28.96490219,76.79375342,224
27.8785677,75.86167411,371.2
27.28328997,77.02437321,217
28.84729318,78.77152887,202.6
28.62497743,78.27246734,194
28.24916609,77.71274911,200.8
27.40705897,77.58378638,178.9
28.15577498,77.237405,196.8
29.64555342,76.17176638,228.8
28.52598532,77.0613619,223.5
29.2640123,75.84409096,217.7
28.80506081,78.83074912,189.4
27.41277163,77.95590776,174.8
29.38533073,78.16174584,235
29.13636643,78.62492673,219.2
29.50935329,76.13763482,228.2
27.75318878,78.43317606,178
28.33547326,78.57938152,188.7
29.04192768,78.18082219,217.4
28.74131343,78.62069761,202.7
29.17220669,77.70658558,232.9
28.92943287,77.55285654,220.6
28.59092653,76.44051819,216.8
28.71411758,75.6424793,229.5
28.47382443,77.45114009,196.4
29.57016182,77.22074646,244.3
28.49017976,78.57794078,201.1
29.24800411,76.75506904,227.7
29.13368471,78.48480639,221.2
27.78230655,78.27508774,179.4
29.0533986,76.11046514,220.1
28.94607588,76.57899775,221.8
27.59336476,77.01956183,204.9
27.50612013,77.54499487,182.3
29.09545042,77.15079391,220.3
29.65124094,78.33980074,275.4
27.86457122,76.01383631,386.4
28.4530605,75.69823118,272
29.18111016,76.19114166,219.4
29.69928,77.58821483,255.7
28.51611341,76.97469325,211.6
27.78201978,76.84092577,252.8
28.80037571,76.79245849,219.9
28.7696975,75.83825459,226.6
29.87433102,76.91333586,255.9
28.60226953,78.55211701,202.4
29.56514778,77.74636368,249.4
29.37182043,76.55735526,231
28.5211686,78.56440685,198.3
28.33232022,78.08790073,198.8
28.64715703,77.16697891,232
29.10667052,76.08557785,219.8
29.04135503,76.48480689,222.5
27.43655923,76.35776129,671
28.51710646,78.57173089,198
29.71168339,77.82721179,256.3
29.40766293,77.134415,232.2
29.68636089,78.32604231,276.5
27.77007591,77.17263718,188.7
29.95347239,76.7710856,251.1
28.67176915,76.22594529,213.3
29.95536155,76.99567819,259.6
29.66106788,78.17262606,257.8
29.72057107,76.30252084,233.1
28.58611847,75.83916994,243.5
28.55418293,77.05951623,216.1
28.28320484,76.39376639,264.8
28.40912835,75.71579181,278
27.31983609,77.19760787,197
28.55837695,76.38162243,228.5
27.87153833,76.11937735,341.8
28.12763839,78.63441263,173.1
27.9285904,76.91092494,313.6
28.4877797,77.73172341,205.3
29.18748048,75.82877231,214
28.99188149,77.4015602,224.7
28.57639524,78.22160113,194
29.58974779,77.76038878,250
29.65972845,77.97898379,233
29.18356811,77.70760977,234.3
29.13052473,76.08361562,219
27.69198613,76.44021827,353.1
29.51877303,76.95369342,236.8
27.47828733,78.0190842,171.8
28.39537362,76.42184639,232.5
29.3547642,77.5422903,241.4
27.44284074,77.92042479,177.3
27.5654657,76.60989363,275.8
29.81655979,77.79268673,265.3
28.1793508,76.90835088,269.7
27.74572499,76.21528663,344.1
28.9964013,76.28985614,220
28.85105305,76.32904955,219.1
28.59128054,77.4816691,210.3
29.22422639,77.44590775,233.2
27.27191857,77.31623307,187
27.29924367,76.96631603,219.2
28.84618129,77.95073462,220.7
27.44828163,77.19350911,193.8
29.32565044,78.6781623,223.7
29.73469039,78.1169049,236
29.35123017,76.64323985,233.1
28.65521106,76.84392893,215.4
29.08134904,77.29633586,232
28.7762883,76.92394194,215.1
27.72369542,77.90893825,181.6
29.29684644,75.88762358,217.4
29.99936002,77.22924631,262.7
28.72250412,77.59836964,216
28.69555398,77.67489873,215.7
28.72659162,77.86176002,215.9
29.30554839,77.62565365,231
28.12170558,78.12574564,193.4
28.32765381,75.99747273,317
27.27524268,76.82716556,241.2
28.92665616,75.82348013,220.5
29.04259328,76.57593294,222.7
28.08389823,78.22618984,187.1
29.40175076,78.00899409,222.7
29.03980526,75.83223439,215.4
28.09257966,75.72657665,356.4
29.59119135,77.62475171,249.5
28.41522917,75.646863,282.6
29.18383022,77.23265604,232.8
29.41773169,76.56666937,230.3
28.99142652,78.33556636,220.9
27.72903002,76.65205282,322
27.40349355,76.46821558,549.9
29.50123811,76.09041139,227.1
29.57458596,77.61246067,250.9
27.75175993,77.01534585,256.3
29.4369688,77.12861512,237.2
28.86058315,75.84235599,228.2
27.35857105,77.81517389,177.4
28.26745006,78.30806669,194.3
28.43393735,77.64032077,206
29.31894902,76.22481766,225.7
28.81376168,77.66349775,215.9
28.60334171,78.19460968,193.5
29.73849716,77.67817457,259
27.90540247,78.50639224,179.1
29.44890761,76.5682191,232
28.21233685,75.95830214,296.7
27.47131857,78.09083078,174
27.7280457,76.21845844,347.8
27.97794833,77.2382538,191.1
28.25049571,78.19393626,194.6
28.63230381,76.5402509,214.2
29.53315314,77.23721129,245.3
29.55343256,77.21475791,242
29.82242263,78.0989448,255.5
28.27803847,77.10923982,214
27.7434941,77.90170472,182.8
28.96625325,76.95244744,225.8
29.31867195,77.98908958,240.6
29.79504009,77.62918102,262.9
29.97617378,77.73772858,285
29.78535332,76.42476424,235.2
29.8039209,77.12867548,253.1
28.27774939,76.18677025,268
29.45881047,76.75047556,238
28.94743873,78.51172754,207.2
28.96846517,78.15662711,206.4
29.93595182,76.68063466,251.8
27.21809443,77.29359403,190.2
29.3734818,78.15463622,233
28.21002043,77.43204971,196.9
28.39652174,77.67999479,204.8
28.19926064,76.47556953,277.5
28.35564241,77.07792493,223
28.30916019,76.96752881,276
29.59421218,78.08122273,235
28.19112874,77.9234112,196.1
28.10673529,76.37164696,315.3
29.30952056,76.86787772,233.9
28.28504795,78.0320772,194.9
28.79216236,75.66121451,227.2
28.17182639,77.75523657,194.4
28.36509704,76.05529888,294.1
28.45135812,78.12517289,200
27.53357072,78.15421387,179.1
28.74918033,77.1888909,209.5
28.6756342,77.57418835,212.9
28.58199845,78.372038,199.6
28.23847783,77.17332573,194.7
28.9170062,78.10420088,205.6
29.37526637,77.75538335,243
28.44189999,77.30020125,209.8
29.7043306,77.70636031,255.1
27.52609071,77.73701812,173.6
28.28435432,76.12854342,267.7
29.63596765,76.89340233,247.3
27.45970176,76.48560534,517.7
28.08792697,77.7553916,195
28.08682039,78.35766061,184.4
27.78886124,76.63824476,305.8
28.49421827,76.51501516,213.9
28.82233463,77.30371739,219.1
29.83906687,77.62359931,266.6
28.00734667,77.66320001,191.8
29.53328357,76.06741381,224.3
27.93325043,78.0171098,188.9
27.95478332,77.34575444,188.9
28.68315749,77.51522561,214.3
27.7640937,76.50964329,346.6
27.31197489,77.44000516,178
29.75307144,76.98632267,253.1
28.29491566,77.3483542,200.3
29.68289529,77.64620411,252
29.17427382,78.65189106,213.8
29.18417165,77.64363389,233.7
28.52576053,77.40473996,199.8
28.90759324,77.76596432,220.7
27.67272615,76.5093896,495.2
28.4949215,76.09117704,251.5
28.85667452,77.88916521,221.9
27.38382667,77.12080519,199.2
28.51764174,77.79249366,207
28.55079568,76.0516668,253.7
29.21063128,75.71114098,214.6
28.10378044,75.83976135,425.2
29.51230064,76.49735594,231.7
28.98301245,78.26615369,220.6
28.32304295,78.42498821,182.2
29.77537981,76.88598506,251.4
29.27650649,75.98056026,222.4
29.79622386,76.63525926,245
29.51393263,76.21091895,226.4
27.33841821,77.20518689,195
28.4000186,77.04626923,227.8
27.99900203,78.59000298,173.5
28.01370749,77.08328739,190
27.48129513,76.23908786,495.1
29.18321034,77.63148099,232
29.29819701,77.1544238,231.3
28.61804312,75.83112909,240
29.45278586,78.23503419,247.5
29.96161257,77.44548746,275
28.8247256,78.01154891,218.1
29.33782004,77.05234646,229.7
27.76775193,77.00523064,233.7
28.11780563,75.77993002,339.8
28.80653846,77.61629141,221.3
29.51298899,77.23506285,244
28.51938208,76.7201504,216.8
28.56062411,77.08343497,219.5
28.5449928,76.10594398,250
27.73151853,78.14974985,184.9
29.17213857,77.059001,221.6
29.23520869,77.75725248,235.1
29.66253567,77.84675412,261.2
29.70701192,76.99854893,252
27.78688473,77.1798624,188.3
29.29054999,77.42525308,238.4
28.71003594,78.19242412,195.9
29.64702502,78.35541839,273.8
28.84332342,77.45051987,220.1
29.09010299,75.9038936,215
29.22765474,76.87051454,229.2
28.91136499,76.55678237,221
29.93336691,77.12541556,258
28.64567216,77.26000698,203.7
28.17421421,78.23634702,190.9
29.0490512,78.42546291,220.1
27.82894395,77.81830022,187.5
29.81836075,76.89053885,251
27.49541705,76.34678869,398
28.73423614,78.48076632,207.8
28.08104928,78.39845591,184
28.83135841,78.69294765,197
27.27899391,76.86945295,246.7
28.76666846,78.48255446,208.8
28.29851688,76.6553673,231
28.02013539,78.11524489,188.9
29.01125889,76.91272315,226.9
29.32463752,76.80915936,232.5
28.42644115,75.7191249,276
29.71496053,76.4194385,234
28.63739454,75.65869567,242
28.99202607,76.23128454,221
27.84949129,78.35317751,180.7
29.5837306,77.11272757,242.6
29.63639855,78.13347125,254.2
28.82204096,78.13663058,204
27.55717213,76.63989482,264
28.2188719,76.81951988,250.2
29.80832819,77.01731238,254.3
28.71404114,78.74960132,197
27.27287952,77.14795808,204
27.54592211,77.10010866,202
28.99291676,76.90909845,224
27.82626136,77.73956365,185.6
29.56308318,76.453722,233.9
27.88026539,76.40350134,301.8
29.43512028,78.1683824,242.1
29.40740002,76.49227008,230
29.09676925,78.33615005,223
29.82765212,76.5301391,242
28.47149735,78.26877293,188.9
27.4874429,76.81863848,231
30.01472512,76.85618246,256.9
27.53014753,76.91931172,227
28.00701602,77.60273979,192.8
29.54648663,78.46752372,253.1
29.81630173,76.64888577,246
28.0504908,76.03483922,333.5
28.3168201,76.35436792,251.5
29.45717353,76.92515331,240.9
29.3354606,78.58574978,222.3
29.51498899,76.86293311,241.1
28.32573002,76.47375429,236.9
28.97634491,78.53152844,216.1
29.10791605,76.1900113,223.4
29.03021765,76.68801231,223
28.59302237,76.12664403,221.8
29.71236866,77.30098796,256.6
28.66281976,77.57224559,215.5
27.22209185,76.93365109,229.7
28.55469131,76.95104784,214.1
28.2498259,78.09841329,193.5
27.56341973,76.8315661,230.9
29.00060669,78.61172007,214
28.89427063,76.63756865,222.4
28.12429194,77.31249156,197
27.6595249,77.24911102,187
29.69975519,76.42179266,234.2
27.62465333,77.67356572,175.7
29.00633567,76.6746562,220.3
27.63624715,78.32346201,178
28.18279998,76.88704603,266.1
27.4504307,77.15002041,197.4
29.67863404,77.26924362,254.4
29.05549015,77.81871336,229
27.84919775,78.34063019,180.5
28.97369524,75.72308947,215.5
28.41388476,77.07153397,233
27.75054468,76.45639404,345.4
28.6789326,77.5944505,215.4
28.93780379,76.03307449,216.2
28.09813873,77.3945529,195.1
28.44331945,76.26887305,234.2
27.69872397,76.32829028,361.1
28.97238698,77.2796672,224.9
29.17828847,77.48362133,221
28.50510669,75.82199234,260.6
27.46154388,76.57748695,267.2
27.20867746,77.1149877,210.5
29.43944399,78.44518236,242.5
27.2152439,77.51613019,178.1
28.8856021,77.27679579,221.5
28.83251536,76.19367782,218
27.49686403,76.76516289,244
29.60584778,76.44422492,232.4
28.01015661,76.77442568,262.5
28.21222548,77.38444032,197
28.72423911,78.4788413,208.3
28.95508199,78.06418993,207
29.13966995,76.73137629,226.6
29.79138215,76.86888606,251.8
29.81277486,77.40955239,263
28.22471195,76.40362257,274.8
29.61252076,77.10563241,242.9
29.22857561,76.60868477,230.9
27.39376469,76.8616394,225.9
28.19308488,77.64901511,195.4
29.16904967,78.35329362,227.1
27.51932452,77.95635774,174.1
28.8983335,76.57074976,222.8
29.06843613,77.57706272,230
29.08584681,77.37866413,228
29.04208663,76.35525897,219.5
27.48871792,77.26608218,181.6
28.39787285,76.76264604,219.3
29.03396287,77.38027125,226.5
28.9153463,76.18069605,215
29.43969142,78.53585485,256
27.92698591,78.22033277,185.1
29.44812591,76.15550121,224.9
28.6573789,76.48740918,231.2
28.32922848,75.88166664,284.4
28.19293793,76.3885281,398.4
28.15232105,76.39268027,292.3
29.56177835,78.2651233,255.5
28.55080747,78.54078702,199.1
29.82733496,77.56456661,261.1
27.73119965,77.7924745,180
30.07498411,77.27633663,267.7
28.82142882,76.8905954,218.2
28.23562619,78.5555672,176.8
27.84686902,76.51442738,348.9
27.6803778,77.59999668,185.3
28.98302748,75.89724357,212.6
27.56721851,77.8177862,176.8
28.73367006,76.32186568,217.2
27.56596832,78.10503822,179.6
28.03015109,78.56652493,172.3
28.63126552,76.15193478,224
27.69302933,77.1585846,193
28.22105092,78.38063419,178.9
27.8349988,76.06795096,344.4
28.80862029,77.49370656,218
27.52118052,77.92375998,174.9
28.77992931,77.75456377,215.3
27.30655289,77.37899806,179.6
28.85932025,77.72905143,218.4
29.07161829,78.38565882,223
28.34770627,77.36669326,200.2
27.24143561,77.08680622,212
29.1673718,77.50233287,233.1
29.14330071,78.42220432,224
29.32433024,77.14389159,228.9
29.57866401,76.61941907,237.8
29.24872158,75.73187218,210.5
27.61825186,77.77523576,180.8
29.06726478,76.9375409,226.1
27.43606437,76.87473258,232
27.96873834,76.38712412,314.6
28.57270785,77.40118838,200
29.10528758,77.28343001,229.3
27.45690297,76.5721964,284.1
28.82525824,78.607093,206.9
28.61516394,78.35323493,202
29.62092929,77.71094795,242.9
28.08542755,75.90384598,338.4
28.33817462,77.17958746,269.3
29.32600686,78.59455816,222.6
27.92784899,78.44575061,180.9
29.19020478,77.09038987,224.4
28.87996891,76.33077388,221.4
29.23702853,76.43168288,225.5
29.26701177,76.67491111,229.2
28.31756058,78.02247421,199.3
28.57427505,78.07710072,206
27.90702901,76.49430443,296.4
29.47984359,78.38485006,248
28.25801945,76.66669631,234.6
29.86783079,77.35448024,262.4
27.96823506,77.54381351,183.8
29.04963806,77.66543242,226.2
28.09575387,77.07339133,189.3
28.65082392,77.69320348,211.4
28.07918279,78.28141104,188.1
29.51836494,77.53210041,237.9
28.9697464,76.21208605,220.9
27.37146346,76.50116548,522.1
28.76973876,75.66100916,229.3
28.23078143,77.35660934,198
28.73206415,77.49293719,214.9
29.30094917,76.84965687,232.7
27.9218192,78.40209122,180.9
29.05116827,77.80629471,229.1
28.72540981,78.28799714,206.6
28.26476064,78.0599324,195.5
29.30194782,76.23767425,224.1
28.46642711,78.39047757,187.6
29.37305919,78.14315814,236.6
28.28766606,76.92143426,259.9
30.05140617,77.29151383,266.5
29.61544974,76.93834544,245.2
29.40651115,77.48888935,240.8
29.56482565,77.25948344,246.5
28.51382479,75.75785024,255.7
28.63129124,78.11507461,208.1
28.9756754,77.92450862,225.8
29.47439849,76.49615201,231.2
28.17951077,77.99327561,198.1
29.60947696,77.58006188,252
28.18959586,77.29525657,194
29.51851146,76.21908821,229
28.68904106,76.89323784,215.1
28.60621797,76.00770423,231.6
27.89594497,76.43247791,300.5
28.08134645,76.12330978,301
29.00910238,76.64611018,224.6
28.58269076,75.59331682,251.1
28.38619024,77.17380263,235.6
29.28583607,77.52998538,237.7
29.61597239,77.35923089,252
28.39254568,78.32857811,186.4
28.1808863,76.62660451,243.2
27.73360625,76.33641391,336
28.43116712,77.40919906,197.2
29.50590698,76.69844838,237.8
27.79680824,77.40214218,186
28.83534424,77.10370245,214.9
28.23216362,78.31256121,190.1
28.43265281,77.91656837,205.5
27.83265658,75.90721184,470.8
28.1116082,76.18658545,294.5
27.44196236,76.94201113,222.7
27.37025745,77.50635388,178
29.28086438,77.78756369,237
29.04871596,75.89982255,214.4
27.94445363,78.6379563,177.8
28.28574908,78.15011607,195.1
29.02230221,76.1919278,219.6
28.14759934,78.08928749,195
27.68946194,76.82596004,241.3
29.47768049,78.14597457,233
28.9307852,77.51056328,223.3
28.01412806,78.07680796,189
28.32898294,77.37122097,200
29.05669286,76.92918664,226.1
27.90962963,77.8994683,187.9
29.26619692,76.76429016,229
29.71505001,78.2597417,280.3
27.7241642,76.39694302,361.2
28.85723325,78.63574538,198.2
29.81083591,76.62407576,246.1
28.61882107,76.82811426,215
27.38963673,77.48899555,177.5
29.4553674,76.49308358,231.1
28.991638,77.60924647,228.5
27.99998526,78.59250206,172
28.76875711,77.29257894,209.1
28.17390758,78.11731983,192.1
28.72209018,77.31970509,208.6
29.11935405,77.89476603,231.2
28.56327767,76.37734316,221.9
27.77313869,77.05901682,262.5
28.69920334,76.85232308,216.4
29.39320749,76.44196121,228
30.03098687,76.814159,254.5
28.60940575,75.77248554,247.8
27.79119959,76.75632663,281.5
28.50528938,77.97124572,206
29.65378768,76.39684166,231.9
28.6663949,78.18714263,206.3
29.72196164,77.14994303,248.3
28.79099247,75.67620692,221.6
28.85530062,78.34105371,213.6
27.7254294,76.762128,277
29.86775902,77.95346108,255.1
28.90741175,75.62662583,220.1
29.20034811,77.53036735,223.8
28.28385981,77.93975767,195
27.68810085,77.51921855,185.5
29.49453078,77.4013667,244.4
28.27964621,77.94654878,198.1
27.61539877,76.93007901,218
28.3115993,77.18158877,201.8
28.88074937,75.78070907,223.5
28.16195865,78.03346943,195.4
28.41305249,76.75324013,220
28.04315024,75.84296011,362.7
28.58372387,77.19214584,226
29.63555005,78.29034779,266.1
28.44306737,76.62067106,220.7
28.98147184,76.02628274,217
29.32776293,76.57027117,230.8
29.231691,76.38005579,227
29.8666602,78.06472616,258
29.7535086,77.99452635,237.2
27.28518415,77.2141893,195.7
28.18533998,77.20032722,197.2
27.64170463,77.48426336,185.1
27.95741436,78.16544496,186.3
27.83754951,75.89945428,400.4
29.59142224,78.44729686,264.9
27.82993737,76.24506222,325.6
28.07427489,78.13313783,190.5
28.60148398,76.42601207,216.7
29.4234366,76.94140868,236.9
28.40656939,77.5138548,193.5
28.16364087,78.43030816,172.6
28.59637334,75.58014762,249
27.64247077,77.32844799,218.3
28.36430221,75.90008648,280
27.36335734,77.64453482,178.2
29.07109221,77.84764061,226.8
28.29230081,75.78800683,295.5
29.28526638,76.66287676,231.9
28.72781479,77.56378421,215.5
28.99036733,75.98742958,215.2
28.50577582,76.72913397,214.6
29.70508102,77.8738391,258
27.84147591,78.01843363,187
29.468225,77.42873406,244.8
28.13755188,76.8765932,285.3
27.48214089,77.13974057,198.9
27.57981057,76.32122701,394
27.56369731,77.11755601,196.8
27.86180269,77.16008312,190.5
29.04738685,75.79353254,214.9
29.68278148,76.46650116,233
28.67959644,75.90411078,230.3
28.31201424,76.97571076,282.4
28.89270484,75.93641454,213
28.12211851,76.94769596,292.5
28.39691604,78.062186,199.7
27.69940692,76.79101648,296
28.59542924,77.60924897,213.2
27.47728421,77.29072907,183.9
28.75005485,77.04857903,214.4
28.38144202,78.42076097,182.5
28.17796227,77.62607456,194.9
29.35351257,78.00172167,230.6
29.43027136,75.92788931,223.1
29.02906259,78.5098436,218.5
29.77848633,76.3954235,234.2
27.88926205,76.98136417,199.2
27.61623957,76.30142122,394.3
28.13231476,76.12410361,292.1
28.56366367,77.08765671,220.9
28.64058789,75.86066591,235.3
29.30933166,77.2595738,237
29.96000308,76.57328933,246.2
28.45649406,78.36620097,185.8
27.4911806,76.61958365,258.9
29.38779064,77.03805103,233.1
28.82955863,78.02570613,216.2
27.9581692,76.53783832,277.8
28.26714625,78.21940538,191
29.21729618,77.0549253,227.4
30.06194418,77.45062889,274.9
27.45458912,78.06302985,175.3
29.94827152,76.64134888,248.4
27.4792899,77.90631858,174.8
27.53607153,77.76216371,178.8
29.04449692,77.52513184,228.3
28.69278074,78.2128121,196.3
29.643951,76.46981518,234.2
28.66376257,76.99564953,215
28.84145524,77.25728434,211.5
28.80147592,75.78773702,217
28.19905738,76.30366225,272.4
27.5993015,77.14236406,197.1
28.54897388,75.97476619,250.1
28.07494531,78.34155243,184.9
28.41301311,77.6153425,202.9
27.53520076,77.62915618,180.6
28.41557175,76.56406544,221.9
28.16673339,76.06059197,295
28.42477964,77.75155311,203.3
29.12818582,75.90631769,215
29.12356873,77.51003356,231
27.5000056,76.65128372,260.2
27.93171622,77.02083203,191.4
28.26936997,76.5108846,245.4
28.4725359,78.41949369,186.3
29.29390117,76.47367443,230.7
30.03456861,76.87507964,255.5
28.98196617,76.67355547,223.9
28.20908482,78.04375739,191.7
29.60200043,76.97191931,247.5
28.99437281,78.12109437,208.8
28.77252687,77.37479088,219.2
29.59690397,77.17390777,243.7
27.94179871,78.38746062,179.2
28.50204117,77.20956589,242.5
27.52017692,76.79885634,251.4
28.38469404,76.5562319,234.5
28.98981107,78.23736543,217.7
29.26553224,76.70691269,229.5
28.55005086,78.64300754,190.8
27.22946333,76.95257159,227.9
28.34219007,76.91101392,264.3
28.22859405,76.23401151,275.9
29.82462827,77.8546816,261.8
28.37678566,77.18826279,274.3
27.84090969,75.99236214,382.2
28.75064792,75.68573534,230
28.72973922,76.00640905,218.4
28.08188759,75.77856648,353.2
28.743981,78.36712452,210.6
28.55862977,77.97434158,206.7
28.20799902,78.26138081,198.3
27.62249219,76.63219629,266.1
28.86016824,76.21573809,217.3
29.42034952,76.20122884,226.5
29.23624627,77.29241089,233.4
29.26158507,75.83774312,215
27.27626912,77.56270508,176.9
28.97478384,76.8502806,222.2
29.62063098,76.15478879,228.5
29.39974542,78.19539143,242.1
29.01744461,78.80881762,207.3
27.92283193,77.99987868,190.3
27.37951475,77.35863347,179.8
27.8770607,76.77641069,283.2
27.70077688,76.20616111,353.2
29.12182374,77.07195348,221.2
28.06614783,77.07030822,189.3
29.76001199,77.91846895,261
29.40048492,76.41963004,229.6
28.74388915,76.4441243,218.8
29.27055404,76.71912765,232.5
28.11219725,77.76889794,199.1
28.66444239,78.74071376,195.5
29.31976281,77.06847486,228
29.71921379,77.68861064,256
27.40182418,76.85292236,227.7
29.2663122,75.82590547,216.5
28.20854753,77.34701229,196.2
29.15515193,77.85737864,229.8
27.30922043,77.0701025,211
28.58194805,78.13879041,205
29.15429702,77.18507493,230
28.62384451,76.61239791,215.9
28.95490052,76.7289977,223.6
29.59129241,76.78800949,242.8
29.06884276,78.22986677,219.2
28.53922903,77.188153,231.8
28.49711379,78.49012488,196.1
29.50382858,76.17264242,228.4
29.08794415,76.11941183,220
28.60472414,77.17706381,239.2
28.31099739,76.53981113,237
28.52296444,76.19380782,225.4
27.87031908,77.3190051,186.9
29.57988104,77.69824002,251
29.04601016,78.07297975,209.7
27.71077658,78.38356188,174.8
29.86181024,76.38197358,237
27.71465235,77.40147922,187.6
28.71183261,78.45491639,207
28.93600959,76.3907072,221.7
27.4395106,77.17611133,208.7
28.82225562,76.79019983,217.5
27.34536926,76.74946581,246.2
27.7364879,76.91549822,243.3
28.75678633,77.63188756,215.7
28.42594713,77.72970845,203
28.34235369,75.85098265,278
28.31574439,78.15121584,198.2
27.69950032,76.50278187,494.2
27.48717584,77.53552507,182
29.19971076,76.51521128,228.8
29.08387144,76.6913916,224.6
30.04860842,77.24744668,265.5
29.1714138,77.26589498,231.4
28.49467915,76.02253797,261.4
29.47173368,77.39096895,245
28.82370291,76.05734112,215.4
28.8065193,76.94295185,215.7
28.08714663,77.01803422,190.7
29.81507998,77.61282318,268.3
27.78323593,75.94625323,407.3
27.8974417,76.50222643,302
29.22569128,77.72580867,234
28.05591028,76.97449682,192.8
29.54434144,78.04403594,228.1
29.7745428,77.45561009,261.4
27.76392659,75.95113473,381.8
27.55201528,77.72100704,170.8
29.01560968,77.65527529,227
28.38366519,77.38460341,202.7
28.13465683,78.09363542,194.1
29.06393586,76.34529073,220
29.45708707,76.05638774,224.1
28.84627934,78.19705691,208
29.8000954,77.04350483,252.7
28.44666639,76.39165531,227.2
29.39778917,77.18855117,234.4
29.01244478,77.21114092,224.6
29.59136842,76.5295699,234.7
29.49807607,77.32967387,244.4
27.50790419,78.21273381,171
29.46080162,78.51610834,257
28.59649054,77.33006053,205.7
29.01202383,76.97070567,223.9
28.7404209,76.9016215,216.8
28.61006232,78.49369211,203.3
29.2449265,78.61303659,221
28.51502766,78.53007866,200
28.45490316,78.31299141,188.3
27.96955817,76.22275447,356.3
28.73011576,77.65330045,216.1
28.7358836,77.88390009,209.3
28.31920293,76.66493345,229.2
27.97009857,76.57022925,277.9
28.20795282,77.13367085,193.7
28.18658031,78.19431206,193.3
27.89731076,78.12440687,185.8
27.70600543,76.761835,288
28.31390161,75.71019153,295.9
28.27176336,76.23020712,266.3
28.0395358,77.14909952,192.7
29.90427685,76.54902844,244.1
27.59887738,76.73687851,270.4
27.75114862,77.19423589,187.8
27.38238888,77.68253451,183.4
28.62469476,76.60753873,217.5
29.15161548,77.51658611,232.8
28.01557106,78.69718532,169.6
29.5584705,78.22063056,253
28.91393299,75.67874507,225.4
28.84345414,78.23937447,211.2
28.32405232,76.59129818,231.7
28.84143684,78.21965724,205
28.50588714,76.86333318,212.2
29.65427491,77.79630286,254.1
28.53702595,76.27737765,230
28.37098786,76.64281204,226
29.86529554,76.53676275,243
29.47708519,78.3802152,247.8
27.87279492,76.79930981,272.5
28.86889638,78.64675412,201.4
29.26079226,76.97023861,231.7
27.92347098,77.96653671,187.5
28.59520389,78.37777892,200
28.98527792,78.07072007,208
29.82817696,77.95876312,245.8
30.02115923,77.28410575,265.5
29.74582714,77.02730579,249.6
28.7620728,76.88538544,215.5
29.88442008,76.59158923,246.2
29.72370126,77.23029595,252.9
29.54828324,77.50135229,251
28.44107217,75.80550508,270.9
27.79714946,78.32590241,180.2
27.91250541,76.84083624,293.3
28.09956329,77.00066639,191.4
29.7062083,76.61746619,242.2
29.92675357,76.63873686,247.5
29.16276525,75.78489711,213
28.61126755,78.82589365,190.6
27.49204456,77.29249191,182.1
28.40612425,76.62483664,224.8
28.27681089,78.33188559,183.9
28.7317973,78.20881623,198.2
27.81785455,77.58661014,176.2
28.09867255,77.32489541,194.7
29.1316506,78.60743542,222
27.69054022,78.11983576,179.7
28.41053517,78.23848518,198.7
29.09375766,78.70412034,206.9
28.85298811,76.73464552,218.9
29.19052659,75.88339793,216.8
29.51897232,78.15408141,249.2
27.26716923,77.50664151,177.9
28.41186087,76.91491547,222.6
29.73256028,76.88051131,248.8
29.5904982,77.25600031,248.5
28.51248929,77.71546333,207.2
28.9895386,75.71572158,212
28.08013844,76.55700189,261.9
29.55251387,76.47206392,232.5
29.3719222,78.44612231,242.6
28.46480825,76.2214322,234.6
28.31389195,76.70058245,231.7
28.92245996,76.76837876,221
28.2135325,77.79348633,198
29.12176232,76.59168209,227.4
29.57607375,77.91547002,241.2
29.6736875,76.11103725,233.4
29.58892913,77.91317228,230.7
28.44168608,78.54888639,193.8
29.46335585,76.03968617,222.5
29.18787717,77.49469568,222.8
28.18422041,77.05181783,188.7
29.38221498,77.75141384,243
29.25699149,75.73763038,212.5
28.54226526,77.79518948,209.5
28.56168798,76.0164154,243
29.06549099,77.25385358,228.6
28.05412792,78.00430987,190.2
28.97771774,76.56837867,221.6
28.38927556,77.16266526,242.3
29.32016909,75.86539356,218
28.89709021,77.3792574,218.4
27.71190113,78.4111926,179.8
29.86085198,77.45251482,269.4
27.75749902,77.68616492,176.3
29.18235836,78.40076199,231.6
27.82784468,77.41321905,187.2
29.56832149,78.40804364,261
28.01311984,76.30598041,298.4
28.04974898,77.16027369,190.5
27.27763495,76.67157488,286.1
27.83178863,76.88903921,297.2
29.87268104,76.64955372,248.8
27.91989055,76.72747655,273.6
29.18853087,76.41130228,227
28.98325776,77.74191045,223.8
29.88932421,77.97542243,258.4
28.06229006,76.8701219,291.5
29.87783928,77.27439174,263
27.97830835,76.71193838,260
28.01565428,77.76208375,191.9
28.923732,78.27529097,216
28.43517984,76.06768142,272
27.76228092,78.11536173,186.8
27.6955266,77.38691945,185.9
28.23683301,77.31224213,197.1
28.91733481,78.79382218,197.8
29.29123396,75.7930504,213.7
28.46300405,77.60070517,207.9
29.76555007,76.83162921,248.8
28.22755995,77.93119233,198
28.78970762,76.81315985,217
28.04016035,78.13287119,189.1
28.88756392,78.79573377,196.2
28.70210885,78.11747873,213
28.20687393,75.77678473,304.5
27.74490853,78.20843821,181.9
28.46891962,75.93494359,265.8
29.60151896,77.29501222,252
28.42513017,77.40679152,197.9
28.43424041,77.77729614,205.8
30.035123,77.19902212,265
29.42660363,77.79704375,246.6
29.23447526,77.92648573,236.5
27.72994844,78.49491948,172.8
27.94713561,75.88793882,404.7
28.15182333,78.3969578,193.9
28.13748015,77.85290295,192.6
29.26111768,76.27230124,223.7
28.35770021,76.58842376,228.9
28.800336,78.74364312,192.2
29.34458444,77.17500115,233.9
29.19154699,78.36073996,229
29.97695263,77.23985678,260.1
28.58905035,77.79858012,206.3
27.55482804,76.92908344,224.6
29.05372617,78.34305573,222.1
27.92544361,77.72309748,188.8
28.91804308,78.38222001,214.6
27.78204817,78.21589152,183.5
28.55819172,75.71143475,253.6
29.42744203,78.27178519,246.9
29.37097366,75.90932469,225.2
28.64722005,78.30855931,193.9
29.52663853,78.21874332,252
29.06154713,76.83336188,227
28.40204799,77.49494347,193.7
29.66571573,77.20436247,249
27.9243265,77.86975309,189
29.43401396,76.22275436,226.6
29.80942935,77.23140543,258.2
29.27765151,75.89294219,217.3
28.81609841,77.69906094,216
29.47217121,77.25143001,246.1
29.1274543,77.20882909,228.2
27.49117943,77.54712163,182
27.86315494,77.10481411,204.3
28.7438436,78.78901675,196
29.19638002,75.90153546,215
27.92335702,76.07758477,335.3
29.69314374,77.59911381,257.4
27.68123204,76.30686439,365.7
28.7398809,75.69044072,227.6
27.54882362,76.18795294,397.6
27.66935343,77.34484849,184.5
29.39462039,75.88623969,218.3
29.79857092,77.53709842,265.2
28.63100074,76.51593086,216.2
28.22625767,77.05203515,294.4
27.95258733,76.40568584,333.9
29.52321347,77.88936048,249
28.08989023,77.4454983,199
28.84528352,78.3312464,213
29.07756351,78.70251241,205.8
28.95900712,78.46659169,218.8
28.45043741,76.61474087,218.6
28.77281531,77.93901714,215.9
28.26404425,78.73996137,185.8
29.53642148,76.52244789,234.6
28.94270733,76.53488912,220
27.97498365,75.9533932,332.5
28.56310139,78.16589248,208.3
28.94976019,78.14929897,207.1
29.09243679,77.16654408,229.7
29.74862074,77.25785319,257.2
29.76330562,77.32089354,257.3
29.0202214,78.02785306,209
29.19473282,77.82165196,234.1
28.33247224,76.72878045,227.8
28.16399085,78.13020002,191.9
29.47340578,76.29083187,227.8
28.67693848,77.8183672,211.9
29.75594276,76.52814443,240.2
29.24114751,76.59195209,228.6
28.09691546,76.34493788,309.8
27.98104435,76.24919943,312.7
29.62722102,76.46452983,232
28.3753751,77.95738497,202.5
27.78661376,76.52910638,341.6
27.50211774,77.15617679,200.7
28.94104921,76.86686271,223
28.14329785,77.58238277,198
29.33205764,77.8613921,240.1
27.47733409,76.79482049,240.3
29.65637859,76.11046294,229.2
29.11267667,76.65096581,223.4
29.57089763,78.38156545,264.7
30.04630818,77.022355,262
28.54442372,78.48266266,200.9
28.15718882,78.54306765,175.7
28.69994243,75.67188359,233.9
27.77422968,78.18606935,181.4
28.59377646,75.71733542,247.9
27.70521813,76.04319356,426.4
28.0718501,78.33905879,184.4
27.46703404,76.51686185,325.4
29.12472316,78.26826655,227.4
28.19165012,77.76251599,196.1
29.20867018,76.33253656,225.1
28.71209708,77.74405469,213
28.83591614,76.61850114,217.3
29.29222534,76.85357722,230.2
27.48178222,77.59884071,182.3
28.71125919,78.84549917,188.1
29.3086294,76.48154453,228
29.02452659,76.30716089,221
28.43214641,76.99631206,215.6
29.64631289,76.47237941,233.2
28.91449536,75.75797391,208.5
29.3338835,76.21970111,224.5
29.66335315,77.09702416,245.3
29.86746471,76.99542375,257.2
28.41145395,78.07896624,200.3
29.77042172,78.10858974,241.9
28.76201655,76.86531694,216.5
29.60697349,78.1777643,257.8
29.57614516,77.53561603,249.1
29.90483875,76.62846301,246.8
28.92696486,78.08452323,207
29.42860853,77.82773245,247.5
28.15016095,75.78471932,324.2
27.95252623,75.92554402,344.2
29.82885013,77.88946986,263.7
29.04425062,77.29969683,227
29.67378941,76.63998531,240
27.62756778,78.01475654,187.3
29.44252402,77.71513786,245.7
28.01647943,76.34529264,296.9
29.58880933,77.674519,249.1
27.37687443,77.01859234,210.8
28.3006075,76.6356583,233.4
29.55848755,76.56052486,235.3
28.76297118,78.32409401,210.8
29.50779828,76.02569599,227.5
29.5513315,77.62788482,249.9
29.22892286,77.22900638,233.6
27.83294193,77.49215642,187
29.2291803,76.9902731,226.5
28.46948579,78.35713544,189
28.5136105,76.63219064,215.7
30.03058061,76.87073468,257.1
29.84620224,78.08035875,254
27.20779048,77.34017376,185.8
29.01741336,77.84905295,226.7
29.46249241,76.32149713,227.1
29.12357924,77.09696812,223.4
27.98857666,77.8724044,188.9
28.4122681,76.00193977,298
29.51019878,76.92194494,242
28.19811252,75.78070713,304.2
28.07935059,76.42671303,335.8
28.15844903,76.48701468,269.1
28.66344927,77.40218097,201.9
29.37791599,77.95582615,245.2
28.33853491,75.74723764,289
28.22835525,76.09973402,277.9
29.88862936,77.28637038,262.9
28.13840977,78.17228188,185.8
28.47548228,76.32764499,229.3
29.57654879,76.20188466,228.9
27.49739219,76.9337398,223
28.54629105,77.62260575,208.5
27.90690061,77.60069284,185.5
27.57582239,78.23524101,176.6
29.8766632,77.38847377,269
28.44387414,75.68387256,273.5
29.15061026,78.70081987,210
27.83504182,78.37860729,181.7
28.59831066,76.30940482,216.4
29.13420171,77.53330496,232
28.65495621,78.67514811,198
29.68658855,77.97048928,234.6
29.57481946,76.99586461,246.3
28.46653496,76.36388808,225.4
29.47524026,78.13581183,233.2
28.22884265,76.35487171,281.1
28.23193351,77.54925086,199.2
27.73342658,78.3504393,183.3
27.59644155,77.83844141,177.4
27.96041502,78.48400018,182.3
27.75413633,76.52968566,327.9
29.01910668,75.69828315,215.7
28.99786814,76.65533468,221.4
27.96085982,76.17553568,321
29.64835158,76.56929901,237.5
29.35999207,78.47142621,240.6
28.5461392,77.01651309,215.3
29.14256965,75.96211392,214.8
28.2670478,76.98409441,271.5
27.85827985,75.88851782,392
27.92656379,77.48404962,185
27.53379453,76.94826122,223
28.37867484,77.50734501,192.8
29.71348486,78.10952664,234.2
27.86165595,75.86133328,379.4
29.13299813,77.61107049,234
29.58261919,77.19404041,242.8
28.33021668,78.43825972,183.1
28.38231769,78.75873982,187.5
27.85898418,76.83795217,275.6
29.31056116,78.03998064,219.1
28.13184637,77.15398892,191
29.07861156,77.80473175,229.6
28.97185483,75.81264726,213.5
27.87853298,76.87338571,316.1
27.86279493,77.29373554,188.2
27.60227666,78.30649575,178
29.20606089,77.72051102,236.6
28.54720405,78.69758217,196
29.38255236,77.58881931,242.1
29.52010352,77.53049254,238
27.5563872,77.44909898,185.5
28.9668254,78.46449469,216.8
29.65313967,77.49138469,255.5
28.05350758,76.48844389,273.5
27.84537656,77.58973145,178.6
29.57645558,76.84581824,242
28.83145081,76.2811478,216.8
28.74078036,75.59364122,227.2
29.61263519,76.44397273,232.1
28.95448987,76.6131617,224
28.46263735,78.63171181,187
27.31800793,76.76660587,260.8
28.87964253,76.55607991,220.7
28.26533188,77.46268007,198.1
29.03363084,77.59006597,228.7
29.88505516,76.46751661,239.7
29.42499957,75.84437585,218.6
29.0067335,78.52863248,215.5
28.7411004,77.15898979,211.2
27.43867851,77.82994623,173.1
27.35174386,77.16336847,197.1
28.20482292,76.14731743,281.6
28.83175771,75.77509067,221.5
27.8590322,76.73830625,291
29.28962571,78.30509131,233.2
28.55555034,78.86285874,188.9
29.61649182,77.86918221,258
27.86927778,78.23129582,185.2
27.74438718,76.35154598,336
28.93576144,78.3393754,217.2
27.64078143,78.08629117,180.3
28.97459905,76.4511878,223.6
28.28870007,76.08736314,265.3
29.24675813,77.68068376,236.5
28.65595149,78.0401283,212
28.01691118,77.90644264,192.4
28.27074679,77.7448834,199.2
28.91721665,78.6504134,204
29.35700064,77.92007108,242.7
29.38399485,77.92504543,242.7
28.58172498,77.66171826,208.7
29.67315877,77.95598601,232.6
27.97984582,75.9667885,339.5
28.47965822,77.81940746,201.4
28.88232489,76.26570135,221.9
28.9233851,77.8415728,222.7
29.33581478,76.31140234,224.7
29.02037747,76.66933884,221
29.94730936,76.60398474,248
28.64902916,78.21230736,196
28.95413113,77.49770021,225.1
29.4064485,76.9885612,232.8
28.76962396,77.79097978,215.7
29.98773709,77.30532199,263.2
29.80089593,76.87386912,252.3
29.46737927,78.41655967,250.4
28.52030559,75.97990616,253.5
28.39994867,77.93614831,203
28.53130713,76.48462168,213
28.49486554,76.3734248,223.6
28.30278475,77.38095033,199.4
29.70237715,76.15080206,229.2
29.47622018,77.28990103,246.6
28.72666112,76.37227082,217.3
27.96535074,76.49462436,285.8
29.84295102,77.00006498,256
29.07124202,76.49751057,222.5
29.75993305,76.95151215,252
28.35202991,77.71869247,202.6
29.22080483,76.62393087,227.6
27.66330658,76.82142501,236.3
29.94425394,76.82016937,256
28.52007554,76.85899226,212.2
27.21455876,77.35182726,184.5
28.42417325,76.56231478,225.3
28.38256476,77.33775977,204.9
29.84002537,76.33482665,236.7
28.40275013,75.84032143,272.4
28.84982639,76.20933503,218
29.71289216,76.57274976,239.1
28.25000853,77.4472112,200.3
28.09371909,76.09182598,299.4
27.94929276,78.06798996,185.9
28.91178854,78.46182784,216.9
28.45354219,77.0746458,238.6
29.4298896,77.05330532,233.8
29.1130976,76.82106614,228.8
29.38653053,78.33990351,241.7
27.9046789,76.59153569,284.3
29.70693949,76.57881918,239
29.36647726,76.3303361,226.9
27.85726256,77.93686274,187.7
28.78833201,76.98759437,218.1
28.02477699,75.87594373,373.8
29.18549085,77.20940555,231.9
28.20049905,77.03411989,203.9
28.66830801,77.25121847,205.7
29.25098312,77.4786632,235.5
28.13064775,77.84818102,193.9
28.58747456,76.50867964,215.4
29.41290447,78.17427926,240.6
27.73544194,77.22740557,188.5
28.42498556,76.26853479,236.1
28.73156964,77.57821357,217.3
28.78604842,77.09431502,216.7
28.61956997,76.39771826,215.5
27.30713292,77.27742788,186.5
28.60397618,78.27571649,194.1
27.97488138,77.52276942,179.3
29.90065385,77.61061053,272.3
29.09393148,77.18829783,229.3
28.88670382,77.42152656,208.3
27.8411752,78.4872922,174.1
27.97040585,78.24446377,187
28.32793489,77.1407694,286.3
29.21475085,77.98492046,235.3
29.45593445,76.25477189,225
27.33149767,77.1648181,198.4
28.27891318,75.82476772,290.3
29.10610186,77.81834935,231
27.98036962,75.78025781,618.9
27.84940369,76.86393102,287.9
28.40898572,76.66386954,220.7
29.9593891,77.13145762,258.7
28.36430896,78.14114641,194.8
28.84384864,76.36759533,220.9
29.46230432,78.57132995,268
29.77217404,77.60287434,260.6
29.58941798,77.86212184,252
28.70555126,77.78388621,212
27.9234037,76.3320353,320.7
27.79397496,78.34195049,181.8
28.7685712,75.85871363,221.3
27.78746159,77.72403271,186.3
28.39096921,78.74214706,186.8
28.92797724,76.94641184,227
29.19111741,77.93983442,233.6
29.30932341,76.6684211,232.8
29.56112052,77.59054597,249
29.40800108,78.4019693,242.6
28.69947267,76.67809538,220.6
29.03220496,78.74552121,203.6
29.43799458,76.50086337,230.9
27.39511664,77.55215116,178
28.25443412,77.9433483,200.5
28.48945981,78.42755007,192.6
29.65856752,77.80006654,254.8
28.12419104,77.25761554,195.8
28.50227998,75.97245687,257.5
28.94147206,77.16555395,214.5
27.55822315,76.65025136,262.9
29.99741517,77.4405787,275.3
28.99996205,78.2654377,220
27.81074265,78.47105536,165.9
29.33708154,78.20071573,235.8
28.4731403,77.03691006,226
27.8419787,76.28272515,321.2
28.82945291,78.64240652,207
29.15546168,76.5116803,230.7
29.39827637,77.12831595,233.7
28.06892697,76.66919762,260.2
29.6718005,76.61499713,237.2
28.46565062,78.83854617,190.1
29.20646887,77.8590019,235.6
29.65306886,76.74484324,244.6
29.34879523,77.07111109,229.9
27.57991947,77.91603037,175.1
29.08830253,77.460937,220.1
29.89445968,76.56759808,243.7
28.39274393,78.15058351,197.9
28.38156163,78.66780019,189.8
29.07219551,77.95019612,228.7
28.13656226,76.56942825,255.8
28.84069251,77.28581431,217.9
27.89178528,76.79827282,271.1
28.37379021,78.40971898,184.3
29.51416794,76.3544457,230.6
29.22413245,76.28441025,223.3
28.5775997,75.59357982,252.1
27.49001749,77.71003666,168.6
29.34833018,78.14468638,233.7
28.31328125,78.78558417,183.8
29.14531334,77.15981643,225.8
29.98112885,77.03579379,262.9
29.90200633,76.87302162,256
28.94026139,78.77454168,197.5
28.69078681,77.83393436,212.4
29.74589385,76.28732768,231.2
28.30268838,78.29719576,182.5
28.06399523,78.49971147,175
27.48809888,76.76163769,245.6
29.21158547,76.03689702,216.9
29.0019862,77.34352911,225.5
29.15479215,76.43208714,227
29.44775833,76.16083792,224.8
29.75927104,77.07123871,249.9
27.80854657,77.60767087,180.8
29.17888297,75.99312469,216.4
27.84506286,78.46986487,178.3
28.14318397,77.46960176,186.9
28.70715199,76.02860733,215.5
28.1783461,77.73972224,196.9
28.3604456,78.2190601,198
27.69863434,76.27614823,356.1
28.78586214,77.50462675,217
28.03553593,76.11259841,305.7
27.33927604,77.06460484,208
27.29643079,77.07764494,210.4
28.82749507,77.37626203,215.1
29.27802819,77.35391556,235
29.70919173,76.81340198,246.1
28.15829939,77.30188875,194.6
28.95251477,76.06165788,217.3
29.09682325,76.4862462,225.5
28.99513559,75.81100252,222.2
28.42209074,76.47077572,229.3
27.78065919,77.58056479,185.9
29.62901173,76.04292308,226.1
27.4632657,78.00497448,172
27.41646523,76.58784059,267
28.34348645,78.32225124,184.8
29.21651082,78.31577556,232.4
27.49585207,77.28546278,181.3
29.76264793,76.55437036,240.6
29.18165633,78.31262056,228.1
29.72675797,76.2742969,232.3
28.83354623,75.60919012,216
28.8240494,78.71707839,195.8
27.59673983,77.30368652,206
28.28673902,76.17173343,269.5
29.04643135,78.22029257,218.4
29.66035635,76.62959223,239.1
28.43924323,77.35880729,198.6
27.87471032,76.2054325,382.3
27.97100695,76.46642535,288
29.02224433,78.27089572,220.5
28.52741019,78.28316125,193.2
28.36736828,78.3763756,190.9
28.65923679,77.21341893,231.1
28.49994745,75.92474307,256.5
29.37490569,76.86712403,234.7
29.24574259,77.26730096,233.9
28.74095128,75.8415934,220.3
28.36142677,78.0573668,199.4
29.81051098,76.28743164,236.8
28.83221057,75.72367161,217.1
28.51159559,77.25699019,237.6
27.5113274,77.80186438,178.1
28.49248564,75.69741,263.7
28.81632315,77.22385729,209.7
28.0611714,76.4318429,291.1
28.32880361,76.26702817,252.2
28.73085743,77.71060542,213.7
27.56356753,77.45033395,184.3
29.02552844,76.17102262,220.2
29.32188385,77.9266464,242.9
28.48128602,77.50450802,199
29.05122376,77.2595999,227.4
29.49343535,77.45829324,246.8
29.45161763,78.2390846,248
29.20262504,78.40759643,229.2
29.73834549,76.68337175,244
28.39402681,76.69439367,221.3
29.00244812,77.5331575,227.2
29.36228508,77.41077958,242.2
28.12760285,77.63865416,195.3
29.56075051,76.66376938,234.1
27.42078409,77.86062845,173.4
29.44693245,77.09913249,238.7
28.81386727,78.62562814,205.9
29.69079898,77.35368419,256.5
28.0549012,78.59586374,179
29.02604994,78.65101414,205.3
28.5604447,78.0790137,204.7
28.4990534,76.60717665,216.5
29.23477132,76.16971861,222.5
28.91281962,77.54588307,222.1
28.24313793,78.5882397,175
27.87483404,77.00922291,199.2
28.19387574,77.78106476,196.6
29.35381345,76.28387015,223.9
29.37398399,76.76695629,234
28.92372722,76.07327435,216.2
27.91405577,77.42692605,190.1
28.08076418,75.82651218,353.2
27.70043993,77.4478801,185.9
29.33691845,77.62948711,237.8
28.45816801,76.08592502,258.2
28.72869981,75.69936143,230.2
28.80309088,76.74791861,218.8
27.53483668,77.98560968,176.3
27.64608104,78.27662778,179.1
29.8915525,77.12378154,253.9
28.43202804,76.47437032,228
28.22436841,77.32251454,196.7
28.70409278,75.77691301,232.7
27.5043028,76.53485791,277.1
28.85868195,78.10175684,205.5
28.25937568,76.60447988,237.5
27.96157771,77.96446513,189
27.53291535,76.26748815,380.7
29.6456001,77.17427228,245.9
28.02872947,76.7167664,263.7
29.60109504,77.51118686,253
28.1623697,77.60587493,199
28.23393844,76.54810327,246.5
28.73016257,76.01502164,222.3
29.44711102,78.26041237,246
28.31907306,76.0138498,326.4
27.9376987,76.23478714,321.3
28.15624127,76.57792619,252.7
29.6876992,78.04547421,233
27.91097524,77.78327277,189.7
29.38997526,77.67824658,233
27.79489016,75.98484055,371.9
29.04809528,77.75216683,228.6
29.43341548,77.03506801,233.7
28.29508307,75.6990576,298
28.15695289,75.69476736,325
27.91595202,77.09335622,199.9
28.60232277,78.37261971,201.3
29.23286523,78.20649198,231.2
27.54904727,76.70755516,250.6
27.80875793,76.27762343,329.7
27.66773003,77.41453051,185.1
29.83981707,77.11771097,255
29.40010582,78.34930512,242.5
28.85937695,77.27789337,218
28.37327949,77.5218573,192.6
27.82684616,75.96312696,395.4
29.45909504,77.97822409,242
29.89584401,76.56970025,244
28.66573638,76.74750137,215.8
28.80527457,77.81293404,216.5
28.9375633,76.97901194,220.9
28.94192036,78.09972069,207
29.01729825,76.96952989,225
27.37972227,77.15553331,195.7
28.44888099,77.90972738,204.7
29.90281897,77.33730149,265.6
28.11219371,78.75418458,179.6
28.61687893,76.26826682,216.7
28.24744219,76.24704881,272.4
29.14075802,77.61476693,233.2
28.65093462,76.25752297,212.1
28.68821635,76.73172461,216
28.84749174,76.1346505,216
28.15000982,77.51301226,188.3
27.8474555,77.96269302,186.6
28.67596799,78.47864681,206.6
29.01043507,76.20309984,217.6
28.08430839,76.85501129,281.2
27.67496775,76.05446206,379.3
28.41229804,78.22126261,199
29.71901487,77.50752103,258.8
27.65294327,77.8222824,177.7
27.29472365,77.67625452,175.7
28.6119526,78.70723689,197.3
27.75044899,76.66097303,356.9
29.48794485,78.19495077,252.2
29.26067184,76.83561354,230.1
28.38189222,75.77311369,279.1
28.68924475,77.64938072,215
27.42659111,76.90749411,224.5
29.53443654,76.14048927,228
28.84176822,78.69059813,195.4
29.09554891,76.64202928,224.6
28.11358634,77.98495065,191.4
28.62393401,78.71525129,195.5
29.03385255,76.21674007,219.7
29.7373896,76.40743454,236.4
28.04801917,78.44800452,183.1
28.90589478,77.5159701,223.2