28.66530897,77.22741066
28.63958068,77.24288992
28.64392615,77.29607551
28.61203445,77.26581859
28.63936421,77.3007288
28.60121259,77.19943673
28.68434531,77.26144581
28.6820863,77.17609875
28.62040583,77.30366508
28.62732239,77.26717044
28.64473183,77.24644256
28.70279126,77.21617682
28.60519949,77.17366087
28.58600378,77.24664637
28.68641129,77.20282366
28.6532183,77.14618863
28.6347557,77.20340542
28.63650694,77.23153349
28.62346622,77.19894083
28.66696042,77.28562835
28.6513183,77.16385618
28.63843769,77.26122862
28.63184834,77.29806049
28.62968737,77.20697198
28.63672743,77.18810868
28.57767122,77.25700251
28.63762411,77.29144967
28.61092178,77.24311817
28.62211919,77.2781127
28.69335764,77.26489498
28.70525148,77.23353891
28.6962222,77.22743328
28.62021348,77.16122307
28.62003011,77.18509296
28.63787942,77.25284356
28.61317404,77.25744481
28.59135658,77.19957682
28.63559116,77.28159418
28.65603669,77.21575664
28.61278716,77.26256443
28.63616436,77.21015761
28.64781341,77.26866466
28.64004449,77.22861147
28.65618138,77.15396925
28.6422968,77.22778701
28.61873146,77.23118436
28.66585455,77.20091185
28.64335415,77.2477829
28.65833002,77.29784095
28.57180733,77.23235247
28.65165296,77.26828733
28.66540418,77.29830095
28.67169174,77.257552
28.61822971,77.20696356
28.58671704,77.2238217
28.67394863,77.23271383
28.60593928,77.16439115
28.6297311,77.15265897
28.65357566,77.16031117
28.62426689,77.27525118
28.65004739,77.17059904
28.60305389,77.28697337
28.60420185,77.22371334
28.61317042,77.16624854
28.59187061,77.25492037
28.65854089,77.16461283
28.58076125,77.18758278
28.64949715,77.23974726
28.63917304,77.26272566
28.64899933,77.24518186
28.70289922,77.2461889
28.57634036,77.2558717
28.57906266,77.19481366
28.68567017,77.16873805
28.67619723,77.16719664
28.59619864,77.27115401
28.62622148,77.26802238
28.6458719,77.29183376
28.63881319,77.16405857
28.64631908,77.1478983
28.63765364,77.19940453
28.5900032,77.16868079
28.64961665,77.1949564
28.58648251,77.26814112
28.64470351,77.193248
28.70556098,77.23587134
28.68043357,77.28763807
28.61192677,77.1839027
28.68219262,77.18751018
28.63548566,77.29255646
28.67762349,77.1771335
28.57898622,77.23088309
28.66226033,77.16207629
28.56842317,77.22536228
28.63775783,77.19604549
28.63251722,77.22221136
28.68413527,77.25109811
28.64828622,77.30128042
28.56914597,77.21525827
28.59529771,77.15795853
28.58694657,77.24476072
28.69689148,77.19301122
28.63821966,77.20135214
28.62787934,77.217086
28.59723264,77.28413993
28.64728957,77.21755134
28.63363585,77.23896269
28.6502436,77.24803791
28.64524133,77.14497663
28.69042092,77.23915035
28.6467869,77.30320012
28.58118281,77.23812867
28.62768798,77.27406218
28.64429483,77.1594057
28.65087291,77.2701219
28.61235999,77.1919928
28.59717649,77.23254009
28.57134114,77.24805577
28.69361945,77.23583052
28.59461865,77.24855357
28.68363781,77.27035241
28.62076339,77.20230199
28.58804966,77.21282308
28.60429179,77.17545893
28.68973769,77.21378533
28.70065966,77.23448475
28.63558867,77.3053677
28.57912706,77.27475522
28.68002285,77.16647042
28.69144581,77.19191734
28.64325074,77.14726709
28.70473125,77.23494133
28.69300674,77.27205776
28.62202766,77.23443771
28.59553876,77.17046946
28.61170231,77.25312261
28.6039873,77.29748345
28.6160427,77.24203544
28.60273739,77.2287432
28.68339633,77.18109269
28.68740921,77.24192702
28.6103749,77.2603576
28.59475465,77.23199835
28.59610317,77.27098453
28.65117761,77.25821299
28.59843683,77.22180028
28.70086254,77.20302749
28.59547914,77.28922406
28.59037394,77.25106409
28.68728571,77.23854121
28.66335816,77.18480955
28.58947532,77.25434561
28.63141289,77.26323865
28.63613737,77.16923465
28.69941033,77.22148155
28.65290669,77.2879955
28.59302729,77.17346654
28.63860698,77.27808238
28.62161777,77.22748961
28.57978096,77.20569308
28.68657321,77.27365857
28.5991139,77.24609956
28.66477112,77.18846724
28.65179414,77.1887267
28.6170871,77.20079909
28.68007335,77.18166798
28.60880398,77.20847976
28.57222012,77.23600976
28.62454034,77.29901539
28.70587356,77.24140038
28.59739316,77.20031414
28.65554187,77.15690982
28.66747017,77.28629135
28.62999231,77.26042795
28.69040554,77.23348578
28.6739631,77.26035731
28.64264037,77.20485567
28.61582795,77.19821381
28.59417952,77.18352247
28.61853107,77.19628553
28.63854241,77.20673518
28.60491948,77.29959436
28.6548178,77.17205497
28.65197926,77.26447685
28.64111171,77.16427076
28.65536407,77.21580574
28.69552259,77.2690563
28.64612899,77.29124192
28.677499,77.26154612
28.60898544,77.22719653
28.69874325,77.19615486
28.68590208,77.26934041
28.60127884,77.19292903
28.63652673,77.18370138
28.57699054,77.17863373
28.64563898,77.25313807
28.63620603,77.23784613
28.60850977,77.26645228
28.60422604,77.17868529
28.68140851,77.27800677
28.67762589,77.27677518
28.69895993,77.22544259
28.68180493,77.20814264
28.58900717,77.20069697
28.57791228,77.1921434
28.58575177,77.17398718
28.61874741,77.2400412
28.69559064,77.27040042
28.62323743,77.3007395
28.57986919,77.21117557
28.66278652,77.29143835
28.60195149,77.20421674
28.6589317,77.15598103
28.63871249,77.15872308
28.56904749,77.21641541
28.65793482,77.16461274
28.62003329,77.14916109
28.68207712,77.24604765
28.6044606,77.19067761
28.62992223,77.23898497
28.58737054,77.24182932
28.647518,77.2210303
28.62644609,77.26286042
28.62611758,77.15376721
28.68687314,77.27465789
28.60583314,77.29815195
28.63145901,77.16781391
28.58839937,77.18444353
28.63798344,77.29696279
28.63990895,77.27593732
28.67183812,77.26215917
28.66337655,77.25730084
28.59356529,77.28270835
28.70710531,77.2177348
28.64469711,77.23684815
28.59015079,77.16432977
28.58860069,77.19402395
28.66255565,77.27523221
28.60758742,77.17852308
28.62895869,77.17572696
28.62225059,77.21816457
28.6787038,77.18674013
28.56809884,77.21766129
28.64534222,77.20888068
28.67544909,77.24048167
28.65418839,77.1994472
28.60812584,77.17987906
28.58833643,77.28622343
28.68571407,77.21004938
28.63936076,77.28535856
28.59598205,77.27192736
28.64752741,77.1999188
28.58017945,77.23589661
28.67309696,77.28389203
28.67101141,77.19097734
28.632319,77.29336977
28.64327894,77.23791512
28.70200482,77.20287767
28.63643094,77.18103187
28.58328564,77.27394713
28.66582405,77.15111416
28.66180206,77.28481304
28.69125867,77.18047687
28.60696276,77.21894942
28.57893438,77.22478167
28.68483693,77.23216788
28.6142542,77.18711078
28.59710225,77.18127456
28.59862544,77.27571338
28.66602499,77.29682882
28.6677452,77.26140985
28.60233076,77.25302554
28.60791541,77.22544906
28.5946691,77.16684672
28.64224627,77.26987661
28.64628308,77.30108606
28.64279962,77.304249
28.59496,77.24837505
28.69477341,77.2649704
28.636015,77.16583371
28.62148835,77.21775416
28.63082618,77.15110833
28.6505538,77.21527677
28.65783895,77.2409242
28.64634753,77.28155382
28.64498198,77.16459208
28.69752597,77.23841628
28.64239007,77.27046046
28.60132389,77.23989167
28.67601463,77.18043956
28.64507125,77.18355464
28.58362837,77.23457844
28.58892331,77.21255551
28.65116692,77.25626771
28.6220896,77.17730273
28.61002316,77.22980021
28.60683443,77.24565855
28.64562142,77.18540228
28.65916555,77.15089012
28.56895351,77.23096468
28.68555177,77.1736367
28.59428248,77.23040157
28.66439109,77.20608789
28.65920725,77.16215153
28.64338248,77.16622882
28.67800469,77.20196468
28.59690234,77.25489577
28.63961609,77.14695218
28.6290891,77.28082588
28.63679716,77.16812523
28.65364967,77.24972673
28.68727005,77.23575947
28.6189029,77.1630162
28.65021742,77.17610232
28.5889177,77.25121023
28.60490297,77.20752714
28.66457794,77.16125309
28.61738987,77.26372744
28.63152341,77.18603896
28.62149425,77.25456728
28.68675997,77.19651947
28.61469106,77.30016384
28.64969409,77.30209637
28.59237613,77.20073607
28.67202333,77.19182485
28.67032124,77.21354472
28.60085572,77.17960397
28.58059026,77.19252273
28.6547354,77.17136027
28.67567302,77.1952647
28.6043663,77.19512703
28.66200854,77.27668281
28.63183873,77.26199515
28.59827641,77.29405147
28.68691985,77.18722033
28.63476929,77.16802301
28.66863055,77.22360663
28.60871652,77.18795295
28.62668997,77.19595241
28.64924409,77.30375677
28.6239895,77.19959591
28.63264866,77.19294391
28.64406309,77.29362438
28.56748056,77.19862711
28.60895119,77.25895862
28.61706037,77.29479447
28.57126517,77.2048931
28.64276033,77.17083175
28.66921273,77.15393487
28.67130626,77.17442326
28.68465856,77.21618094
28.58393691,77.27216257
28.70072104,77.23086965
28.65507643,77.30340345
28.63404843,77.20185959
28.6763981,77.20646465
28.65695816,77.26074379
28.60249685,77.20034925
28.62369335,77.19495563
28.56925996,77.25044389
28.67498778,77.26419815
28.60549562,77.24364516
28.65462837,77.2638675
28.62682191,77.18831412
28.64230844,77.24190199
28.64133814,77.1902685
28.6812048,77.26177927
28.66763699,77.27199258
28.66698807,77.19653411
28.65386512,77.18430329
28.61838779,77.21452496
28.66698272,77.26546731
28.69021862,77.2775125
28.58896542,77.16453505
28.59761783,77.26075915
28.67688654,77.28588791
28.67759577,77.25162132
28.64654308,77.26390214
28.64034702,77.21554629
28.61422292,77.27098584
28.5885328,77.18423868
28.569076,77.24815339
28.68777681,77.18364676
28.64344461,77.18633051
28.65728915,77.24699637
28.63927491,77.30373278
28.68413208,77.26164858
28.63568462,77.30199732
28.6096307,77.24834577
28.60591118,77.16177482
28.66491324,77.20044184
28.64810247,77.27370654
28.5903731,77.23627501
28.62003293,77.15912375
28.62531054,77.24313211
28.664323,77.25798535
28.66883289,77.15265706
28.63324506,77.16685626
28.58172742,77.18508227
28.6327405,77.2666152
28.62277553,77.28631375
28.63705359,77.28722758
28.60037534,77.28272382
28.70666454,77.22889532
28.57594514,77.19573642
28.65653432,77.17898653
28.60542956,77.16181544
28.5969076,77.16000135
28.64415563,77.19475655
28.67931612,77.28601678
28.60122607,77.17003468
28.63542641,77.22137102
28.64412266,77.24029929
28.61799728,77.30226882
28.60614123,77.287157
28.65750406,77.18251099
28.58057374,77.27469259
28.57287974,77.22416984
28.65367073,77.29431846
28.67126253,77.21409716
28.66182627,77.1814594
28.57462786,77.26463279
28.58259012,77.18258272
28.66865188,77.20669788
28.63168111,77.25428015
28.62857607,77.24846483
28.62196923,77.21523721
28.57183143,77.25358082
28.61157578,77.23837036
28.6285304,77.24495071
28.66865293,77.1623704
28.61332353,77.18614646
28.58970783,77.18914275
28.57822996,77.20261212
28.61744773,77.29345584
28.62025685,77.25332544
28.66155182,77.19958724
28.64686353,77.21112948
28.59573767,77.18702968
28.63789769,77.18639977
28.6678136,77.25241521
28.60276778,77.17674111
28.60974215,77.23536403
28.62826188,77.27304662
28.61410292,77.15724239
28.63882406,77.22760329
28.61568268,77.21561565
28.62530783,77.29722078
28.64450125,77.19890565
28.6288264,77.15483653
28.6597541,77.27470952
28.61727688,77.23840471
28.57970115,77.25841978
28.62204711,77.29687489
28.6908799,77.21172368
28.70022265,77.2593583
28.59697255,77.214519
28.6229163,77.25281517
28.62844185,77.21736533
28.62098696,77.1584202
28.66713384,77.23556319
28.65068125,77.21914406
28.58590322,77.25798399
28.58189045,77.18120779
28.62978188,77.26136809
28.67456472,77.17069271
28.59360191,77.18805749
28.67085053,77.26403943
28.6126539,77.16911267
28.58456468,77.24845889
28.67149193,77.23884808
28.69031506,77.19253126
28.60399931,77.21024356
28.67641335,77.27691805
28.64598869,77.23979501
28.67137996,77.29323554
28.59030775,77.25048217
28.68832179,77.25861555
28.6928413,77.20628496
28.61018442,77.19263785
28.68481741,77.23208327
28.62075552,77.20274668
28.67380986,77.22031098
28.62483219,77.24735325
28.69971883,77.25776197
28.62939633,77.15189776
28.64698293,77.1735299
28.6317775,77.28416856
28.65584676,77.28912617
28.68053625,77.24592601
28.6011817,77.21807867
28.64781445,77.30510151
28.66530525,77.16148469
28.65024791,77.18312715
28.63014989,77.2072063
28.60725247,77.21478932
28.66789799,77.262218
28.67107365,77.25959189
28.57190143,77.23958791
28.65762132,77.22792376
28.61685683,77.17699575
28.60478544,77.15170059
28.65559589,77.20581383
28.66241966,77.1689749
28.67244552,77.28590379
28.65471563,77.27257222
28.6178032,77.22854487
28.62516576,77.22588847
28.61418782,77.20753174
28.63509451,77.29706981
28.6229009,77.2741609
28.65895682,77.21267042
28.6021852,77.17057541
28.67888647,77.21850638
28.65694385,77.19210297
28.61188648,77.21434519
28.63748157,77.16067165
28.68358188,77.1964713
28.69909623,77.22279967
28.69015626,77.18747271
28.59071486,77.18602939
28.58242958,77.18212513
28.61050349,77.15398032
28.58929549,77.28378989
28.6015715,77.2293343
28.68191333,77.26994746
28.59008335,77.21089625
28.6460952,77.29515261
28.66922193,77.21679528
28.68262971,77.2394057
28.62699322,77.23798308
28.5943248,77.28124671
28.65154371,77.18386198
28.60089512,77.20533295
28.68630246,77.19333874
28.65809244,77.2398899
28.67963882,77.21309886
28.67507849,77.26508227
28.63933115,77.14503499
28.6881048,77.20588627
28.66152185,77.26518859
28.59999809,77.23984755
28.66394966,77.2066485
28.65663347,77.22047879
28.64099448,77.29372038
28.64621197,77.2729668
28.66217751,77.22068362
28.5955604,77.22656415
28.62846868,77.17215109
28.65376228,77.17857335
28.65954598,77.22247251
28.68976105,77.26247148
28.67506487,77.28698722
28.69250231,77.17483877
28.62304065,77.26261308
28.59445628,77.24137911
28.58041833,77.18240738
28.63947231,77.1459237
28.63031602,77.19839222
28.65431501,77.28760846
28.617037,77.16945134
28.61389708,77.2310473
28.60342052,77.15249515
28.60358347,77.187674
28.67555314,77.19267939
28.69305534,77.19472705
28.64430406,77.2284239
28.68324817,77.23283188
28.62031708,77.20061769
28.67015315,77.27572976
28.66325917,77.25548973
28.64634932,77.23008266
28.60159035,77.18081615
28.66246769,77.15253442
28.61681567,77.18982711
28.66790165,77.22772843
28.6591219,77.20909264
28.61123469,77.25114689
28.61985343,77.21134381
28.65579298,77.14919856
28.59727339,77.1579155
28.65199931,77.20973917
28.63669963,77.2515469
28.58312885,77.20623981
28.61367225,77.24618429
28.67719512,77.1696279
28.6587399,77.17217092
28.6629612,77.20152624
28.61006069,77.28117071
28.64298988,77.21974935
28.59967184,77.20328258
28.62885841,77.20810138
28.64669662,77.2784586
28.61838948,77.27977814
28.56789681,77.19949199
28.59860648,77.24545474
28.69776216,77.24066331
28.68447031,77.23446905
28.70076603,77.24996211
28.6055592,77.22540069
28.63833932,77.29014091
28.66683926,77.26263
28.61823481,77.26304361
28.67850758,77.28978434
28.69276481,77.21247056
28.62695373,77.2220487
28.59115292,77.17482276
28.57703946,77.22752733
28.63430922,77.20929186
28.70039547,77.19200093
28.67906517,77.26470222
28.67097238,77.25709095
28.61773977,77.25425634
28.70198408,77.25119746
28.61073094,77.16366517
28.65379144,77.27475979
28.63245301,77.22512411
28.60007219,77.16102704
28.62464323,77.26506732
28.6547704,77.19597518
28.67883808,77.20322943
28.59190942,77.19358788
28.6189757,77.27520645
28.56979997,77.24838558
28.60589735,77.27159045
28.59004681,77.26479276
28.61310583,77.23399169
28.60505892,77.1548848
28.66228084,77.16413202
28.61241232,77.20503292
28.57649516,77.18138872
28.63557379,77.258596
28.63448949,77.16499944
28.67362607,77.23091119
28.69749949,77.20848875
28.67647357,77.21528019
28.6585397,77.20690905
28.64709703,77.16126684
28.68872673,77.17112571
28.65298578,77.24984065
28.6821878,77.26387114
28.6708575,77.194392
28.61802969,77.18646148
28.65647403,77.27827843
28.61701386,77.23707557
28.59033062,77.16341005
28.68933515,77.27221565
28.60389127,77.23954435
28.66576675,77.15252247
28.63335936,77.19101464
28.65268978,77.1941684
28.61377278,77.2732285
28.64122453,77.19217622
28.61610357,77.2947348
28.60783071,77.24849595
28.66502692,77.23798668
28.68898345,77.19639607
28.67541434,77.28654841
28.57761539,77.17756527
28.67905445,77.24456907
28.63109563,77.28201281
28.59198582,77.19196363
28.5926492,77.28357962
28.60055507,77.18373978
28.67998882,77.28256777
28.58530133,77.24482727
28.61607614,77.25553541
28.69051699,77.27308223
28.68483234,77.21286472
28.61750815,77.25179265
28.61881591,77.21150568
28.60038407,77.15980587
28.59376044,77.18989104
28.59573249,77.20173187
28.61475498,77.27213607
28.59088118,77.25969616
28.6930103,77.25351947
28.6385036,77.17658892
28.63215376,77.15495489
28.58550647,77.25617081
28.59416275,77.20149623
28.65774521,77.28783062
28.62884291,77.18689874
28.65690684,77.23840499
28.69746729,77.2014153
28.6524814,77.26428677
28.57516045,77.26734461
28.6047306,77.15565761
28.64972107,77.26759149
28.66524638,77.20879703
28.64129686,77.26853963
28.62621993,77.24544804
28.69339971,77.21741519
28.63011311,77.24330225
28.58133898,77.22175165
28.61297514,77.1845451
28.62068171,77.19060195
28.67665037,77.28335497
28.66520453,77.25375339
28.65795186,77.25555985
28.608234,77.18357793
28.58496356,77.19756382
28.59264394,77.16273692
28.6092634,77.24943627
28.62163815,77.19780007
28.68115524,77.1744704
28.66222925,77.19396599
28.60510719,77.22767483
28.59250025,77.21882627
28.65136618,77.27806341
28.68116831,77.25488532
28.61948533,77.30244461
28.64836561,77.24797839
28.61290112,77.30167611
28.5758008,77.20392931
28.57827612,77.24027806
28.64273789,77.29658688
28.66930693,77.23338832
28.69112589,77.2486889
28.58187812,77.17117809
28.61549153,77.25032786
28.67488666,77.16120344
28.63453471,77.19152743
28.6591672,77.18061437
28.57354984,77.21233138
28.59159562,77.23092427
28.65566853,77.15762913
28.60145467,77.28798877
28.67646802,77.25560386
28.68166462,77.25594965
28.62552248,77.16169808
28.60898993,77.1915772
28.69661283,77.19513372
28.58165282,77.27680426
28.65709437,77.19812366
28.63961887,77.22074273
28.59357027,77.27524431
28.61485417,77.18469788
28.67819468,77.24187137
28.6101339,77.27328783
28.62229324,77.2700776
28.63169286,77.14385841
28.6149255,77.18135643
28.62763263,77.22730774
28.57890315,77.20990708
28.62304511,77.1981076
28.66627384,77.15856722
28.61524161,77.27364768
28.61359036,77.19032633
28.61948496,77.24597668
28.63645637,77.15974769
28.63167193,77.23987034
28.61907646,77.19141156
28.61050142,77.29643357
28.59772849,77.27211735
28.63304493,77.16932094
28.59768306,77.28279631
28.67695971,77.2104307
28.59540535,77.22687914
28.64386282,77.28932028
28.67535556,77.24901903
28.57613697,77.21669525
28.58440252,77.25545481
28.61922026,77.23264583
28.68977904,77.24530016
28.67499451,77.18199411
28.63472694,77.24106869
28.66411224,77.25792558
28.61719781,77.21834854
28.64751684,77.26247385
28.57733241,77.2738645
28.59554915,77.21396965
28.58496829,77.17126506
28.58089066,77.18513151
28.56932338,77.25391189
28.68151482,77.1660094
28.63781883,77.21385514
28.62843569,77.24395273
28.6427838,77.21287694
28.6371215,77.29012828
28.61678754,77.18528314
28.6388542,77.29219107
28.67102548,77.16475322
28.6117739,77.27742203
28.66360411,77.28007281
28.65683917,77.1981536
28.64792875,77.17543857
28.63496394,77.25237615
28.59787133,77.22602918
28.61408999,77.27943129
28.65985288,77.22248999
28.59876641,77.16450976
28.57832199,77.1980975
28.59621787,77.1592038
28.58709643,77.26030431
28.57339964,77.26188913
28.61123816,77.20648936
28.58377926,77.23101236
28.58791145,77.24053541
28.65679934,77.2707583
28.63015669,77.15788985
28.59563667,77.28104899
28.6427654,77.21458118
28.5768741,77.24962353
28.64562822,77.18792899
28.63019942,77.18182669
28.64562261,77.2160537
28.6491058,77.23233632
28.58434351,77.25525861
28.61603665,77.18920662
28.61179402,77.27907964
28.62499779,77.18591158
28.59974794,77.22343574
28.70070851,77.24323238
28.60613144,77.15072052
28.68584348,77.24421853
28.65954382,77.26868131
28.60696452,77.22262253
28.6150085,77.17163469
28.60209593,77.18671584
28.6434959,77.15985018
28.66919626,77.2715335
28.64749939,77.27882889
28.61654036,77.28926849
28.65195227,77.24364405
28.62513335,77.19797198
28.63338671,77.20150541
28.65902073,77.26239173
28.64732235,77.18268282
28.62438108,77.23053108
28.65573598,77.27651691
28.60183141,77.19985517
28.6954992,77.26094959
28.60158799,77.29601815
28.65356583,77.14859688
28.6712471,77.24413168
28.65173737,77.14837525
28.70397994,77.22439221
28.62726897,77.24307363
28.61107204,77.17464561
28.59287792,77.28060675
28.5994164,77.27813689
28.66410256,77.2967545
28.57409185,77.2060126
28.6771861,77.19160387
28.61144112,77.19273525
28.57005475,77.24909723
28.62674725,77.21044488
28.61081225,77.23822319
28.67285336,77.28850831
28.66287976,77.25087416
28.59329114,77.23967067
28.6055689,77.21558364
28.63715928,77.15511588
28.67300156,77.24614809
28.59974689,77.20271681
28.63602072,77.20363698
28.61993296,77.17176477
28.67362286,77.21379425
28.63478195,77.20250995
28.60232868,77.24335796
28.67491131,77.28774557
28.64528851,77.21861862
28.6081743,77.17111299
28.65008535,77.15416142
28.66542465,77.16291028
28.58322022,77.17302567
28.60370697,77.21268198
28.59263145,77.23647992
28.66607279,77.17044572
28.63834148,77.16398644
28.65444301,77.25950731
28.5921431,77.19292133
28.65331686,77.18679841
28.67090884,77.29349831
28.60141756,77.21618478
28.66213257,77.17513986
28.67425633,77.28918182
28.59550914,77.16440082
28.69052123,77.21986682
28.65776724,77.21372174
28.67915883,77.26706718
28.57339024,77.25530019
28.69588152,77.19803592
28.69671773,77.26413063
28.66109628,77.28205323
28.62358471,77.25664523
28.65679733,77.14946864
28.70300811,77.22860575
28.59719398,77.1932039
28.58838093,77.24961905
28.66294421,77.22725542
28.61891437,77.27287884
28.62461466,77.1666619
28.62396966,77.26501769
28.62620531,77.20805726
28.61214187,77.18677444
28.61512203,77.26348842
28.68111194,77.27790288
28.65903733,77.24158286
28.69270253,77.20003402
28.67326048,77.26463199
28.63159856,77.18497849
28.64116688,77.14504445
28.61491477,77.24658619
28.6505349,77.19961663
28.69304845,77.25652786
28.57969409,77.24547329
28.6013541,77.26741678
28.62343773,77.27821213
28.60931965,77.29279216
28.59536816,77.24255289
28.65193428,77.20268174
28.60703965,77.18241238
28.62814042,77.25388049
28.65657755,77.25648522
28.60417749,77.16483855
28.62164109,77.28266356
28.62002033,77.22888149
28.65057481,77.25187637
28.65906276,77.25632165
28.56794975,77.24692544
28.63848043,77.27591708
28.62449414,77.15472031
28.58847424,77.19333741
28.62290456,77.23753136
28.63475481,77.30378261
28.68394622,77.20163207
28.69236256,77.21547273
28.64116391,77.14817866
28.63805987,77.30252482
28.56336797,77.23245519
28.61195568,77.26478699
28.6305216,77.27145683
28.65242019,77.24429027
28.6371042,77.20641893
28.61331702,77.28222689
28.60280706,77.16147308
28.6258845,77.2108116
28.62354173,77.15031804
28.68129953,77.28201395
28.66500488,77.16076656
28.67486258,77.20261862
28.63072724,77.21215269
28.67505879,77.25385439
28.64556481,77.21507718
28.58633824,77.22957486
28.62878878,77.18178909
28.67105902,77.17325547
28.65677306,77.23376135
28.63217823,77.27367841
28.56631771,77.20382964
28.57306684,77.21712644
28.58850712,77.17415114
28.65979158,77.17935987
28.69672287,77.26614806
28.6119676,77.18419131
28.62981233,77.17481656
28.6471596,77.21070586
28.60183948,77.20682087
28.63837345,77.24877557
28.60177534,77.26588976
28.58170772,77.21316931
28.66385929,77.17532937
28.69493493,77.18675513
28.63616641,77.20635486
28.63501765,77.16329619
28.62093834,77.29914117
28.63513951,77.18937047
28.58632781,77.23244617
28.65423143,77.27956982
28.64072057,77.22885507
28.65381575,77.21144678
28.68593671,77.18745392
28.66619452,77.22145734
28.58593914,77.22050391
28.59558289,77.20165366
28.59497502,77.16436589
28.65861806,77.29091843
28.67189615,77.21285823
28.57643678,77.22483014
28.61396905,77.19057052
28.64153548,77.28895219
28.6175153,77.17847777
28.60129787,77.24099406
28.63031492,77.24557587
28.70236966,77.24645887
28.6354103,77.17180082
28.62573574,77.15036856
28.62422094,77.27563923
28.59533129,77.15784434
28.63385074,77.14894249
28.62169177,77.26330742
28.58592017,77.25119336
28.66396452,77.23548203
28.61911713,77.25950924
28.65315224,77.30222
28.64466288,77.23560257
28.6203929,77.16206357
28.65227024,77.19841963
28.44873484,78.42964499
28.23925664,77.39456423
28.73739851,77.49039649
28.86345789,77.87893858
29.97727429,77.1945133
28.31715919,77.52260144
28.34126189,76.52626382
27.71494431,77.05846822
29.48863284,77.24497235
29.22726748,77.55679314
28.82467319,76.44495718
29.27930742,78.44656852
28.89461074,76.2610169
27.88534738,77.56964894
28.68879272,78.37131358
29.24985292,78.41296265
28.9814962,76.6574183
28.93531476,76.95182377
27.67259366,77.93113808
28.4694066,78.29392153
29.55830155,78.31595993
29.07106942,78.63410745
28.76508254,77.85656954
29.27408706,76.66696267
27.8991803,78.45982333
28.37478699,75.77867474
28.34064632,78.34034587
28.34448988,75.84231576
27.66144652,77.7835389
28.737254,77.93662495
28.6954295,78.6285488
29.11127966,77.83395832
27.40809043,77.38117439
29.39033979,77.72568832
28.5895757,76.48811823
28.49365314,76.44250227
29.96482997,77.65051492
27.57530337,77.25270089
28.60113173,77.91208157
28.21803003,76.24224128
29.48025431,77.26871165
29.97706833,77.1245009
27.75258572,78.24177953
29.38836916,76.99384048
28.41708459,76.38010119
28.72014581,78.28249111
28.27079253,76.91299163
28.72178837,77.67878052
28.9758219,75.96290163
27.44039252,76.66216433
28.31154805,77.60011217
29.9270486,77.74756989
29.44803878,77.20015069
28.9895927,78.41001679
29.58741951,77.78072446
29.78746944,76.75042523
27.95647429,76.79351349
29.44377619,77.94198573
29.2582639,77.63312768
28.99622238,77.16885684
29.27351831,75.85995543
29.07646172,78.55802797
28.73974463,76.19050949
27.52291521,77.40149045
29.14395956,75.80298656
28.14954999,77.08014546
28.37647045,76.94784964
29.28274724,76.64862793
29.77061861,77.30483511
29.33103141,78.0892948
29.42280782,77.76060672
29.76075035,76.66718204
29.49064543,76.92993211
29.96693474,76.76439316
27.5216371,76.57734032
28.45985003,77.09551531
28.45787158,78.08136622
28.10293398,78.02597097
29.34983799,75.96985007
27.97245423,77.64673683
28.97440549,77.9788297
29.863694,76.81931903
29.28768345,76.49551442
27.72603646,76.3270119
29.52417793,77.3351303
28.27852956,76.2819022
29.23582851,76.5163793
28.06830773,75.92854781
28.29226559,77.75200109
27.96096175,77.35470371
29.90662705,76.53002744
28.14469383,76.0708522
29.85043457,76.76417015
27.79250693,76.62069266
29.67494731,77.4156547
29.63223012,76.53280415
28.95077091,77.76196198
27.81584949,77.32986016
28.01143023,76.43849419
28.77714525,76.83886153
29.86161003,77.10747261
28.43822939,77.18780131
29.13956606,77.38260892
27.27328084,77.29267884
29.09098426,77.77431878
27.72285209,77.28032365
28.21541022,76.20332129
28.16517728,78.50632387
29.17107936,77.06542332
27.98836469,77.7970999
29.77047373,77.79626231
27.26489794,77.45425789
29.04049178,77.06297901
29.19792979,77.54747063
28.65943272,78.32431468
29.04828,77.83412891
28.84079733,78.03727877
28.40720441,78.13702936
27.65243109,77.70785788
28.70286101,75.66890122
27.71550021,77.8585473
29.80480227,76.63082944
29.37072098,78.38157964
30.07127484,77.10417881
29.17323979,75.75652443
29.10689788,76.17360309
28.14585126,77.87731053
28.42426653,77.53355054
28.27163841,78.79028178
29.85180944,77.33456865
29.78375082,78.05723043
29.99421633,76.72924872
28.82798911,78.42183314
28.40376593,78.3962925
29.80792536,77.58359966
28.74462791,77.8200632
27.75752688,77.70024952
28.65111801,78.79987492
28.05750299,78.54761719
29.34370657,77.72355917
28.2714724,75.74853639
29.53280462,78.42480481
27.63313075,78.27676553
28.98983846,77.7559941
28.67375911,76.67732201
29.31850875,78.02018025
29.74246563,77.79106455
28.11591554,76.80254248
29.31810534,78.47512423
29.58972479,78.25717884
29.45292546,78.58725013
29.141887,78.68201048
28.97575611,77.96040735
29.05839429,78.58302636
28.56553339,77.30498377
28.63685203,78.00400463
28.79940399,77.81431744
27.98230992,78.54783955
27.89686257,76.51588097
27.69629477,76.6651993
29.34424373,76.86747815
28.54633359,76.66669773
27.9723522,76.95104305
29.39129489,77.25460923
28.34109444,78.12080889
29.19121174,76.83209048
29.31890307,78.05294775
28.75411699,76.61066653
28.32686957,78.05081532
27.70534066,77.8690393
27.86383004,78.04940581
28.68574677,78.15060642
28.92650701,76.09699
29.03922479,75.94391193
28.07134909,77.1210812
29.84261991,78.08855968
28.07454528,77.19854601
28.50746762,76.37709481
29.5654809,76.7127947
28.91097869,77.92637353
27.68741314,78.04426598
27.28205248,77.34175826
29.82384822,76.33168659
28.08413621,78.61976556
28.19770449,75.77768364
28.46474935,76.07701334
28.96617755,78.26145802
27.79474903,76.53430739
29.26000683,76.45933923
27.91987381,78.32895864
28.74108832,76.92707388
29.88347879,77.12648897
28.56483983,76.17661414
28.66550887,76.51099485
29.24401262,76.4175327
28.73213613,78.56146364
27.72096992,76.77636477
27.43647054,76.49846989
27.35257691,77.00320271
28.2240185,78.59612595
27.62167608,78.17161236
27.75827265,77.476204
29.20899467,77.45379014
29.91977183,76.49666374
29.18480804,76.47383621
27.60738199,76.7488749
29.04719439,77.30120045
28.6042094,78.38463798
29.94244525,77.00292605
28.61167479,76.95960363
28.61600534,78.56914375
28.25345191,76.30104953
29.20751288,77.11844572
29.77268451,77.13857504
29.74672403,76.93324181
28.39802778,78.4292535
28.06866192,77.58991465
28.6209613,78.13039372
27.83503079,78.1156262
27.74912189,77.40387835
29.2008401,76.96300992
28.80359217,75.75960966
27.65281536,77.20688185
29.18442895,75.93851798
27.47161773,78.15353548
29.18466255,77.21477587
27.33041088,77.7572848
27.52724598,77.54925677
28.54513695,78.68706872
29.56206172,77.53838269
27.75602578,76.07975525
29.58382801,77.03663628
29.84258462,77.10298046
28.49867611,78.78728227
29.09720653,76.96900911
28.69597373,77.12607851
27.86010579,77.02581421
27.36960064,76.49281007
29.19353799,78.3595427
28.32643234,78.02784512
28.93801788,76.31253428
28.88947297,76.39861274
28.53883822,77.56601355
29.06631793,76.5446796
28.04614249,76.99542809
29.98910514,77.03899494
28.29109539,75.98819163
28.74694127,77.43532753
27.88339893,76.58594816
27.42586117,77.80318687
28.04567985,77.03987581
27.66588918,77.7575662
28.66874959,77.73584713
27.61595963,77.19687964
29.07336692,76.22276905
29.43648826,77.28567177
28.11496101,76.05230671
29.27509537,78.0412343
28.92346559,78.82220239
27.66075026,77.15536557
28.64394931,77.72785512
27.83237714,78.57418909
28.23626564,75.6913103
27.82496642,75.92090114
28.17103528,77.74514868
29.15776039,76.76086348
29.12197102,76.93308719
29.71198297,76.11972394
29.18000878,76.28296204
28.69867266,76.79376002
27.69226283,77.36861684
27.65647155,76.7373033
29.2587975,77.33469784
28.22330951,77.47459899
28.68849239,76.05065668
28.43174396,77.74375281
28.42651112,78.23572804
27.85774125,77.98049537
29.6980265,76.80740887
28.68786463,76.75912969
29.2033374,77.85650036
29.91966925,77.46312834
29.6120808,76.53221671
28.96783805,78.38278685
27.24016065,77.4447454
28.31448758,75.69600193
27.44588763,76.34925755
28.52240283,76.7346599
27.82348955,78.34243957
29.08710743,77.07571609
29.85276225,77.71879731
29.47905849,77.02249406
29.0219986,77.78237426
27.7307085,77.67969111
27.91637581,78.54381927
28.04680273,77.5617573
29.46175187,77.03265058
29.68187294,78.00871941
28.99131624,78.66812037
27.83704313,76.27181571
29.96525629,77.20719512
29.27445821,76.31509431
28.22345572,76.8119173
27.87727894,76.82698168
28.28502651,77.26043286
27.3677157,77.19369981
28.39648626,78.06247548
28.6235807,75.94425147
28.18198621,77.56399743
29.23971424,77.19241049
27.70564123,77.40614088
27.6411754,77.1284101
28.39742547,77.8688717
28.84463901,75.68582985
28.06809343,77.54622658
27.51187212,77.17932404
29.28172031,76.94997546
28.50761491,77.03568872
29.46250734,76.10711972
28.87916942,76.37404162
27.29869318,76.9951901
28.98603684,78.39860176
28.36261595,76.8061388
28.20716569,76.39950746
27.44002534,77.9903183
28.58759002,76.20899933
29.69908916,77.24868322
29.38463768,76.47592743
29.08964292,77.08297008
29.74873911,76.94673739
28.19914344,78.75281937
29.75086152,77.7732747
29.05004207,77.39633584
27.46507368,77.55744212
28.10988304,77.52331921
29.34765309,76.64450233
28.1329968,77.50361352
27.89957851,76.1510223
29.26948892,77.70579912
28.63403672,75.99494409
28.30909828,78.10544292
29.74505425,77.65578258
28.31268678,77.65159803
28.25415193,77.25301542
28.38370557,77.117389
29.62263304,78.36034125
29.90733351,77.70758705
29.65241773,77.98324983
28.37658744,76.48164784
29.95928008,77.37045511
28.09446523,77.82122106
27.90418409,77.21915587
29.47969095,75.95923929
28.1194644,76.4564859
29.08490546,78.40057442
28.58805733,78.55225778
27.48316874,78.10625597
28.52347631,76.65152521
28.8975875,77.33920599
28.50762607,78.05611591
29.43909863,78.43281509
29.11094448,76.44758155
27.93353388,78.58493853
27.98105785,76.50902689
28.75152119,77.16397658
28.12656211,77.08093239
28.18919189,77.2195337
28.85773086,78.33480683
29.16782441,77.46879709
29.59501692,76.60433767
28.43201504,77.62560187
28.14772345,76.245992
27.70947295,77.63037351
27.92781444,77.82185413
27.21086704,76.97228969
28.54620734,75.73863941
29.67468171,76.80975008
28.48085441,77.09184989
29.2496417,76.33577309
28.28204232,77.73927811
29.77116712,76.54555519
28.72298528,77.8903796
27.52315088,77.58636148
29.27548994,76.73928553
28.64398926,78.37146505
28.88227528,77.56146352
28.35726942,77.27776241
28.49060456,78.59627516
27.88880222,77.84766123
28.32671528,77.42580225
29.79389756,77.84723805
29.01369539,76.64043865
28.31943363,75.99358303
27.46251442,76.56167151
29.59410004,76.01116285
27.57972005,77.38944385
29.252476,76.49766025
28.48262576,77.19761427
27.85133483,77.82795368
29.44478163,77.31900217
29.13107413,77.02501061
27.45669891,76.344317
29.61736655,77.8645014
28.33972196,78.12220741
29.3712434,77.41227153
28.76010214,75.8734509
28.20868101,76.83084843
29.15798667,76.3818469
27.65094714,78.3067304
29.1018894,77.85111013
28.90131664,77.0813953
29.66934256,76.77258526
28.71162374,78.05683838
28.93749523,77.88307459
28.99717883,78.45931915
29.11082507,76.52399668
28.97734986,76.84444609
27.70848846,76.89757715
28.12566578,77.84563993
27.88036476,78.08197801
28.0692259,77.61831478
28.69197467,78.44842752
27.82028095,78.57614467
28.43224534,77.60017241
29.34231333,76.90363091
27.90040543,77.96851208
27.60526297,77.71803391
29.58016557,76.40208366
29.34623479,77.89508995
28.76067843,76.88687219
27.34552399,77.80606646
29.12908378,76.29704694
29.14206944,77.69621146
28.92298457,76.2629238
29.70112924,77.77611712
29.86990202,77.24620947
27.78142871,76.78298946
28.1788074,77.97202276
27.35265113,77.83724311
28.70726059,76.88985173
27.55501991,77.11696227
27.95135018,78.39699657
28.85988386,76.58400528
28.0905658,77.26721875
29.85840766,77.48004815
29.55478232,77.71417748
28.57520731,75.96710934
28.84435009,78.75112503
30.03086746,76.96463556
29.46570948,76.31690589
28.41751973,76.15034255
29.26861158,76.2195021
29.50712936,76.65515789
27.58184692,77.47032431
27.70975591,76.97627513
27.32664568,77.44043902
28.5169531,77.5068474
27.40549517,77.28593288
27.68346466,78.1070167
29.1356566,78.40626278
28.07774935,78.13503174
29.00593919,75.80632613
27.71591614,78.34183238
28.4369187,75.87266271
29.16052745,77.04323399
27.87044927,78.45375843
28.16998285,78.42996929
28.91621242,78.64306699
29.20531359,76.13914042
29.25856203,77.10630817
27.84657942,77.02098333
29.54500951,76.92071789
29.84868079,77.59384221
27.55314897,77.81401981
29.43872712,76.31013498
28.31687051,75.98923227
27.68034536,77.55536196
28.75340725,78.3136667
29.27190255,76.80274468
27.57554097,77.96879082
28.04260327,76.53062291
29.23188687,76.39964615
27.97235164,78.00672704
29.08777749,78.08236921
27.45213278,76.82132835
29.37152819,75.94653032
27.26295557,77.25796054
29.72966323,77.16916114
27.89941522,76.74740817
29.23971173,76.68254358
28.35483472,76.32147056
29.01117878,77.61926493
29.49017335,78.25618659
28.35046522,78.29346446
27.59508694,76.32118635
27.94023875,75.87808724
28.84016538,78.43341026
29.2292227,76.88675631
27.70146556,76.83325004
28.36165875,78.14393223
28.84409105,76.63936543
28.96595594,75.73735726
28.09028873,78.27152752
27.4955926,77.79360283
29.54338259,76.58362421
27.42646853,77.33706325
27.85842221,78.33355295
28.7815434,78.18688644
28.12098999,76.61590389
29.62537592,76.58787541
27.61110537,77.26924823
28.91844432,77.66815225
28.26649872,76.87420171
28.25041901,77.45074911
27.89190262,76.36220449
28.16636757,78.67097115
28.96641051,76.80864907
28.96490219,76.79375342
27.8785677,75.86167411
27.28328997,77.02437321
28.84729318,78.77152887
28.62497743,78.27246734
28.24916609,77.71274911
27.40705897,77.58378638
28.15577498,77.237405
29.64555342,76.17176638
28.52598532,77.0613619
29.2640123,75.84409096
28.80506081,78.83074912
27.41277163,77.95590776
29.38533073,78.16174584
29.13636643,78.62492673
29.50935329,76.13763482
27.75318878,78.43317606
28.33547326,78.57938152
29.04192768,78.18082219
28.74131343,78.62069761
29.17220669,77.70658558
28.92943287,77.55285654
28.59092653,76.44051819
28.71411758,75.6424793
28.47382443,77.45114009
29.57016182,77.22074646
28.49017976,78.57794078
29.24800411,76.75506904
29.13368471,78.48480639
27.78230655,78.27508774
29.0533986,76.11046514
28.94607588,76.57899775
27.59336476,77.01956183
27.50612013,77.54499487
29.09545042,77.15079391
29.65124094,78.33980074
27.86457122,76.01383631
28.4530605,75.69823118
29.18111016,76.19114166
29.69928,77.58821483
28.51611341,76.97469325
27.78201978,76.84092577
28.80037571,76.79245849
28.7696975,75.83825459
29.87433102,76.91333586
28.60226953,78.55211701
29.56514778,77.74636368
29.37182043,76.55735526
28.5211686,78.56440685
28.33232022,78.08790073
28.64715703,77.16697891
29.10667052,76.08557785
29.04135503,76.48480689
27.43655923,76.35776129
28.51710646,78.57173089
29.71168339,77.82721179
29.40766293,77.134415
29.68636089,78.32604231
27.77007591,77.17263718
29.95347239,76.7710856
28.67176915,76.22594529
29.95536155,76.99567819
29.66106788,78.17262606
29.72057107,76.30252084
28.58611847,75.83916994
28.55418293,77.05951623
28.28320484,76.39376639
28.40912835,75.71579181
27.31983609,77.19760787
28.55837695,76.38162243
27.87153833,76.11937735
28.12763839,78.63441263
27.9285904,76.91092494
28.4877797,77.73172341
29.18748048,75.82877231
28.99188149,77.4015602
28.57639524,78.22160113
29.58974779,77.76038878
29.65972845,77.97898379
29.18356811,77.70760977
29.13052473,76.08361562
27.69198613,76.44021827
29.51877303,76.95369342
27.47828733,78.0190842
28.39537362,76.42184639
29.3547642,77.5422903
27.44284074,77.92042479
27.5654657,76.60989363
29.81655979,77.79268673
28.1793508,76.90835088
27.74572499,76.21528663
28.9964013,76.28985614
28.85105305,76.32904955
28.59128054,77.4816691
29.22422639,77.44590775
27.27191857,77.31623307
27.29924367,76.96631603
28.84618129,77.95073462
27.44828163,77.19350911
29.32565044,78.6781623
29.73469039,78.1169049
29.35123017,76.64323985
28.65521106,76.84392893
29.08134904,77.29633586
28.7762883,76.92394194
27.72369542,77.90893825
29.29684644,75.88762358
29.99936002,77.22924631
28.72250412,77.59836964
28.69555398,77.67489873
28.72659162,77.86176002
29.30554839,77.62565365
28.12170558,78.12574564
28.32765381,75.99747273
27.27524268,76.82716556
28.92665616,75.82348013
29.04259328,76.57593294
28.08389823,78.22618984
29.40175076,78.00899409
29.03980526,75.83223439
28.09257966,75.72657665
29.59119135,77.62475171
28.41522917,75.646863
29.18383022,77.23265604
29.41773169,76.56666937
28.99142652,78.33556636
27.72903002,76.65205282
27.40349355,76.46821558
29.50123811,76.09041139
29.57458596,77.61246067
27.75175993,77.01534585
29.4369688,77.12861512
28.86058315,75.84235599
27.35857105,77.81517389
28.26745006,78.30806669
28.43393735,77.64032077
29.31894902,76.22481766
28.81376168,77.66349775
28.60334171,78.19460968
29.73849716,77.67817457
27.90540247,78.50639224
29.44890761,76.5682191
28.21233685,75.95830214
27.47131857,78.09083078
27.7280457,76.21845844
27.97794833,77.2382538
28.25049571,78.19393626
28.63230381,76.5402509
29.53315314,77.23721129
29.55343256,77.21475791
29.82242263,78.0989448
28.27803847,77.10923982
27.7434941,77.90170472
28.96625325,76.95244744
29.31867195,77.98908958
29.79504009,77.62918102
29.97617378,77.73772858
29.78535332,76.42476424
29.8039209,77.12867548
28.27774939,76.18677025
29.45881047,76.75047556
28.94743873,78.51172754
28.96846517,78.15662711
29.93595182,76.68063466
27.21809443,77.29359403
29.3734818,78.15463622
28.21002043,77.43204971
28.39652174,77.67999479
28.19926064,76.47556953
28.35564241,77.07792493
28.30916019,76.96752881
29.59421218,78.08122273
28.19112874,77.9234112
28.10673529,76.37164696
29.30952056,76.86787772
28.28504795,78.0320772
28.79216236,75.66121451
28.17182639,77.75523657
28.36509704,76.05529888
28.45135812,78.12517289
27.53357072,78.15421387
28.74918033,77.1888909
28.6756342,77.57418835
28.58199845,78.372038
28.23847783,77.17332573
28.9170062,78.10420088
29.37526637,77.75538335
28.44189999,77.30020125
29.7043306,77.70636031
27.52609071,77.73701812
28.28435432,76.12854342
29.63596765,76.89340233
27.45970176,76.48560534
28.08792697,77.7553916
28.08682039,78.35766061
27.78886124,76.63824476
28.49421827,76.51501516
28.82233463,77.30371739
29.83906687,77.62359931
28.00734667,77.66320001
29.53328357,76.06741381
27.93325043,78.0171098
27.95478332,77.34575444
28.68315749,77.51522561
27.7640937,76.50964329
27.31197489,77.44000516
29.75307144,76.98632267
28.29491566,77.3483542
29.68289529,77.64620411
29.17427382,78.65189106
29.18417165,77.64363389
28.52576053,77.40473996
28.90759324,77.76596432
27.67272615,76.5093896
28.4949215,76.09117704
28.85667452,77.88916521
27.38382667,77.12080519
28.51764174,77.79249366
28.55079568,76.0516668
29.21063128,75.71114098
28.10378044,75.83976135
29.51230064,76.49735594
28.98301245,78.26615369
28.32304295,78.42498821
29.77537981,76.88598506
29.27650649,75.98056026
29.79622386,76.63525926
29.51393263,76.21091895
27.33841821,77.20518689
28.4000186,77.04626923
27.99900203,78.59000298
28.01370749,77.08328739
27.48129513,76.23908786
29.18321034,77.63148099
29.29819701,77.1544238
28.61804312,75.83112909
29.45278586,78.23503419
29.96161257,77.44548746
28.8247256,78.01154891
29.33782004,77.05234646
27.76775193,77.00523064
28.11780563,75.77993002
28.80653846,77.61629141
29.51298899,77.23506285
28.51938208,76.7201504
28.56062411,77.08343497
28.5449928,76.10594398
27.73151853,78.14974985
29.17213857,77.059001
29.23520869,77.75725248
29.66253567,77.84675412
29.70701192,76.99854893
27.78688473,77.1798624
29.29054999,77.42525308
28.71003594,78.19242412
29.64702502,78.35541839
28.84332342,77.45051987
29.09010299,75.9038936
29.22765474,76.87051454
28.91136499,76.55678237
29.93336691,77.12541556
28.64567216,77.26000698
28.17421421,78.23634702
29.0490512,78.42546291
27.82894395,77.81830022
29.81836075,76.89053885
27.49541705,76.34678869
28.73423614,78.48076632
28.08104928,78.39845591
28.83135841,78.69294765
27.27899391,76.86945295
28.76666846,78.48255446
28.29851688,76.6553673
28.02013539,78.11524489
29.01125889,76.91272315
29.32463752,76.80915936
28.42644115,75.7191249
29.71496053,76.4194385
28.63739454,75.65869567
28.99202607,76.23128454
27.84949129,78.35317751
29.5837306,77.11272757
29.63639855,78.13347125
28.82204096,78.13663058
27.55717213,76.63989482
28.2188719,76.81951988
29.80832819,77.01731238
28.71404114,78.74960132
27.27287952,77.14795808
27.54592211,77.10010866
28.99291676,76.90909845
27.82626136,77.73956365
29.56308318,76.453722
27.88026539,76.40350134
29.43512028,78.1683824
29.40740002,76.49227008
29.09676925,78.33615005
29.82765212,76.5301391
28.47149735,78.26877293
27.4874429,76.81863848
30.01472512,76.85618246
27.53014753,76.91931172
28.00701602,77.60273979
29.54648663,78.46752372
29.81630173,76.64888577
28.0504908,76.03483922
28.3168201,76.35436792
29.45717353,76.92515331
29.3354606,78.58574978
29.51498899,76.86293311
28.32573002,76.47375429
28.97634491,78.53152844
29.10791605,76.1900113
29.03021765,76.68801231
28.59302237,76.12664403
29.71236866,77.30098796
28.66281976,77.57224559
27.22209185,76.93365109
28.55469131,76.95104784
28.2498259,78.09841329
27.56341973,76.8315661
29.00060669,78.61172007
28.89427063,76.63756865
28.12429194,77.31249156
27.6595249,77.24911102
29.69975519,76.42179266
27.62465333,77.67356572
29.00633567,76.6746562
27.63624715,78.32346201
28.18279998,76.88704603
27.4504307,77.15002041
29.67863404,77.26924362
29.05549015,77.81871336
27.84919775,78.34063019
28.97369524,75.72308947
28.41388476,77.07153397
27.75054468,76.45639404
28.6789326,77.5944505
28.93780379,76.03307449
28.09813873,77.3945529
28.44331945,76.26887305
27.69872397,76.32829028
28.97238698,77.2796672
29.17828847,77.48362133
28.50510669,75.82199234
27.46154388,76.57748695
27.20867746,77.1149877
29.43944399,78.44518236
27.2152439,77.51613019
28.8856021,77.27679579
28.83251536,76.19367782
27.49686403,76.76516289
29.60584778,76.44422492
28.01015661,76.77442568
28.21222548,77.38444032
28.72423911,78.4788413
28.95508199,78.06418993
29.13966995,76.73137629
29.79138215,76.86888606
29.81277486,77.40955239
28.22471195,76.40362257
29.61252076,77.10563241
29.22857561,76.60868477
27.39376469,76.8616394
28.19308488,77.64901511
29.16904967,78.35329362
27.51932452,77.95635774
28.8983335,76.57074976
29.06843613,77.57706272
29.08584681,77.37866413
29.04208663,76.35525897
27.48871792,77.26608218
28.39787285,76.76264604
29.03396287,77.38027125
28.9153463,76.18069605
29.43969142,78.53585485
27.92698591,78.22033277
29.44812591,76.15550121
28.6573789,76.48740918
28.32922848,75.88166664
28.19293793,76.3885281
28.15232105,76.39268027
29.56177835,78.2651233
28.55080747,78.54078702
29.82733496,77.56456661
27.73119965,77.7924745
30.07498411,77.27633663
28.82142882,76.8905954
28.23562619,78.5555672
27.84686902,76.51442738
27.6803778,77.59999668
28.98302748,75.89724357
27.56721851,77.8177862
28.73367006,76.32186568
27.56596832,78.10503822
28.03015109,78.56652493
28.63126552,76.15193478
27.69302933,77.1585846
28.22105092,78.38063419
27.8349988,76.06795096
28.80862029,77.49370656
27.52118052,77.92375998
28.77992931,77.75456377
27.30655289,77.37899806
28.85932025,77.72905143
29.07161829,78.38565882
28.34770627,77.36669326
27.24143561,77.08680622
29.1673718,77.50233287
29.14330071,78.42220432
29.32433024,77.14389159
29.57866401,76.61941907
29.24872158,75.73187218
27.61825186,77.77523576
29.06726478,76.9375409
27.43606437,76.87473258
27.96873834,76.38712412
28.57270785,77.40118838
29.10528758,77.28343001
27.45690297,76.5721964
28.82525824,78.607093
28.61516394,78.35323493
29.62092929,77.71094795
28.08542755,75.90384598
28.33817462,77.17958746
29.32600686,78.59455816
27.92784899,78.44575061
29.19020478,77.09038987
28.87996891,76.33077388
29.23702853,76.43168288
29.26701177,76.67491111
28.31756058,78.02247421
28.57427505,78.07710072
27.90702901,76.49430443
29.47984359,78.38485006
28.25801945,76.66669631
29.86783079,77.35448024
27.96823506,77.54381351
29.04963806,77.66543242
28.09575387,77.07339133
28.65082392,77.69320348
28.07918279,78.28141104
29.51836494,77.53210041
28.9697464,76.21208605
27.37146346,76.50116548
28.76973876,75.66100916
28.23078143,77.35660934
28.73206415,77.49293719
29.30094917,76.84965687
27.9218192,78.40209122
29.05116827,77.80629471
28.72540981,78.28799714
28.26476064,78.0599324
29.30194782,76.23767425
28.46642711,78.39047757
29.37305919,78.14315814
28.28766606,76.92143426
30.05140617,77.29151383
29.61544974,76.93834544
29.40651115,77.48888935
29.56482565,77.25948344
28.51382479,75.75785024
28.63129124,78.11507461
28.9756754,77.92450862
29.47439849,76.49615201
28.17951077,77.99327561
29.60947696,77.58006188
28.18959586,77.29525657
29.51851146,76.21908821
28.68904106,76.89323784
28.60621797,76.00770423
27.89594497,76.43247791
28.08134645,76.12330978
29.00910238,76.64611018
28.58269076,75.59331682
28.38619024,77.17380263
29.28583607,77.52998538
29.61597239,77.35923089
28.39254568,78.32857811
28.1808863,76.62660451
27.73360625,76.33641391
28.43116712,77.40919906
29.50590698,76.69844838
27.79680824,77.40214218
28.83534424,77.10370245
28.23216362,78.31256121
28.43265281,77.91656837
27.83265658,75.90721184
28.1116082,76.18658545
27.44196236,76.94201113
27.37025745,77.50635388
29.28086438,77.78756369
29.04871596,75.89982255
27.94445363,78.6379563
28.28574908,78.15011607
29.02230221,76.1919278
28.14759934,78.08928749
27.68946194,76.82596004
29.47768049,78.14597457
28.9307852,77.51056328
28.01412806,78.07680796
28.32898294,77.37122097
29.05669286,76.92918664
27.90962963,77.8994683
29.26619692,76.76429016
29.71505001,78.2597417
27.7241642,76.39694302
28.85723325,78.63574538
29.81083591,76.62407576
28.61882107,76.82811426
27.38963673,77.48899555
29.4553674,76.49308358
28.991638,77.60924647
27.99998526,78.59250206
28.76875711,77.29257894
28.17390758,78.11731983
28.72209018,77.31970509
29.11935405,77.89476603
28.56327767,76.37734316
27.77313869,77.05901682
28.69920334,76.85232308
29.39320749,76.44196121
30.03098687,76.814159
28.60940575,75.77248554
27.79119959,76.75632663
28.50528938,77.97124572
29.65378768,76.39684166
28.6663949,78.18714263
29.72196164,77.14994303
28.79099247,75.67620692
28.85530062,78.34105371
27.7254294,76.762128
29.86775902,77.95346108
28.90741175,75.62662583
29.20034811,77.53036735
28.28385981,77.93975767
27.68810085,77.51921855
29.49453078,77.4013667
28.27964621,77.94654878
27.61539877,76.93007901
28.3115993,77.18158877
28.88074937,75.78070907
28.16195865,78.03346943
28.41305249,76.75324013
28.04315024,75.84296011
28.58372387,77.19214584
29.63555005,78.29034779
28.44306737,76.62067106
28.98147184,76.02628274
29.32776293,76.57027117
29.231691,76.38005579
29.8666602,78.06472616
29.7535086,77.99452635
27.28518415,77.2141893
28.18533998,77.20032722
27.64170463,77.48426336
27.95741436,78.16544496
27.83754951,75.89945428
29.59142224,78.44729686
27.82993737,76.24506222
28.07427489,78.13313783
28.60148398,76.42601207
29.4234366,76.94140868
28.40656939,77.5138548
28.16364087,78.43030816
28.59637334,75.58014762
27.64247077,77.32844799
28.36430221,75.90008648
27.36335734,77.64453482
29.07109221,77.84764061
28.29230081,75.78800683
29.28526638,76.66287676
28.72781479,77.56378421
28.99036733,75.98742958
28.50577582,76.72913397
29.70508102,77.8738391
27.84147591,78.01843363
29.468225,77.42873406
28.13755188,76.8765932
27.48214089,77.13974057
27.57981057,76.32122701
27.56369731,77.11755601
27.86180269,77.16008312
29.04738685,75.79353254
29.68278148,76.46650116
28.67959644,75.90411078
28.31201424,76.97571076
28.89270484,75.93641454
28.12211851,76.94769596
28.39691604,78.062186
27.69940692,76.79101648
28.59542924,77.60924897
27.47728421,77.29072907
28.75005485,77.04857903
28.38144202,78.42076097
28.17796227,77.62607456
29.35351257,78.00172167
29.43027136,75.92788931
29.02906259,78.5098436
29.77848633,76.3954235
27.88926205,76.98136417
27.61623957,76.30142122
28.13231476,76.12410361
28.56366367,77.08765671
28.64058789,75.86066591
29.30933166,77.2595738
29.96000308,76.57328933
28.45649406,78.36620097
27.4911806,76.61958365
29.38779064,77.03805103
28.82955863,78.02570613
27.9581692,76.53783832
28.26714625,78.21940538
29.21729618,77.0549253
30.06194418,77.45062889
27.45458912,78.06302985
29.94827152,76.64134888
27.4792899,77.90631858
27.53607153,77.76216371
29.04449692,77.52513184
28.69278074,78.2128121
29.643951,76.46981518
28.66376257,76.99564953
28.84145524,77.25728434
28.80147592,75.78773702
28.19905738,76.30366225
27.5993015,77.14236406
28.54897388,75.97476619
28.07494531,78.34155243
28.41301311,77.6153425
27.53520076,77.62915618
28.41557175,76.56406544
28.16673339,76.06059197
28.42477964,77.75155311
29.12818582,75.90631769
29.12356873,77.51003356
27.5000056,76.65128372
27.93171622,77.02083203
28.26936997,76.5108846
28.4725359,78.41949369
29.29390117,76.47367443
30.03456861,76.87507964
28.98196617,76.67355547
28.20908482,78.04375739
29.60200043,76.97191931
28.99437281,78.12109437
28.77252687,77.37479088
29.59690397,77.17390777
27.94179871,78.38746062
28.50204117,77.20956589
27.52017692,76.79885634
28.38469404,76.5562319
28.98981107,78.23736543
29.26553224,76.70691269
28.55005086,78.64300754
27.22946333,76.95257159
28.34219007,76.91101392
28.22859405,76.23401151
29.82462827,77.8546816
28.37678566,77.18826279
27.84090969,75.99236214
28.75064792,75.68573534
28.72973922,76.00640905
28.08188759,75.77856648
28.743981,78.36712452
28.55862977,77.97434158
28.20799902,78.26138081
27.62249219,76.63219629
28.86016824,76.21573809
29.42034952,76.20122884
29.23624627,77.29241089
29.26158507,75.83774312
27.27626912,77.56270508
28.97478384,76.8502806
29.62063098,76.15478879
29.39974542,78.19539143
29.01744461,78.80881762
27.92283193,77.99987868
27.37951475,77.35863347
27.8770607,76.77641069
27.70077688,76.20616111
29.12182374,77.07195348
28.06614783,77.07030822
29.76001199,77.91846895
29.40048492,76.41963004
28.74388915,76.4441243
29.27055404,76.71912765
28.11219725,77.76889794
28.66444239,78.74071376
29.31976281,77.06847486
29.71921379,77.68861064
27.40182418,76.85292236
29.2663122,75.82590547
28.20854753,77.34701229
29.15515193,77.85737864
27.30922043,77.0701025
28.58194805,78.13879041
29.15429702,77.18507493
28.62384451,76.61239791
28.95490052,76.7289977
29.59129241,76.78800949
29.06884276,78.22986677
28.53922903,77.188153
28.49711379,78.49012488
29.50382858,76.17264242
29.08794415,76.11941183
28.60472414,77.17706381
28.31099739,76.53981113
28.52296444,76.19380782
27.87031908,77.3190051
29.57988104,77.69824002
29.04601016,78.07297975
27.71077658,78.38356188
29.86181024,76.38197358
27.71465235,77.40147922
28.71183261,78.45491639
28.93600959,76.3907072
27.4395106,77.17611133
28.82225562,76.79019983
27.34536926,76.74946581
27.7364879,76.91549822
28.75678633,77.63188756
28.42594713,77.72970845
28.34235369,75.85098265
28.31574439,78.15121584
27.69950032,76.50278187
27.48717584,77.53552507
29.19971076,76.51521128
29.08387144,76.6913916
30.04860842,77.24744668
29.1714138,77.26589498
28.49467915,76.02253797
29.47173368,77.39096895
28.82370291,76.05734112
28.8065193,76.94295185
28.08714663,77.01803422
29.81507998,77.61282318
27.78323593,75.94625323
27.8974417,76.50222643
29.22569128,77.72580867
28.05591028,76.97449682
29.54434144,78.04403594
29.7745428,77.45561009
27.76392659,75.95113473
27.55201528,77.72100704
29.01560968,77.65527529
28.38366519,77.38460341
28.13465683,78.09363542
29.06393586,76.34529073
29.45708707,76.05638774
28.84627934,78.19705691
29.8000954,77.04350483
28.44666639,76.39165531
29.39778917,77.18855117
29.01244478,77.21114092
29.59136842,76.5295699
29.49807607,77.32967387
27.50790419,78.21273381
29.46080162,78.51610834
28.59649054,77.33006053
29.01202383,76.97070567
28.7404209,76.9016215
28.61006232,78.49369211
29.2449265,78.61303659
28.51502766,78.53007866
28.45490316,78.31299141
27.96955817,76.22275447
28.73011576,77.65330045
28.7358836,77.88390009
28.31920293,76.66493345
27.97009857,76.57022925
28.20795282,77.13367085
28.18658031,78.19431206
27.89731076,78.12440687
27.70600543,76.761835
28.31390161,75.71019153
28.27176336,76.23020712
28.0395358,77.14909952
29.90427685,76.54902844
27.59887738,76.73687851
27.75114862,77.19423589
27.38238888,77.68253451
28.62469476,76.60753873
29.15161548,77.51658611
28.01557106,78.69718532
29.5584705,78.22063056
28.91393299,75.67874507
28.84345414,78.23937447
28.32405232,76.59129818
28.84143684,78.21965724
28.50588714,76.86333318
29.65427491,77.79630286
28.53702595,76.27737765
28.37098786,76.64281204
29.86529554,76.53676275
29.47708519,78.3802152
27.87279492,76.79930981
28.86889638,78.64675412
29.26079226,76.97023861
27.92347098,77.96653671
28.59520389,78.37777892
28.98527792,78.07072007
29.82817696,77.95876312
30.02115923,77.28410575
29.74582714,77.02730579
28.7620728,76.88538544
29.88442008,76.59158923
29.72370126,77.23029595
29.54828324,77.50135229
28.44107217,75.80550508
27.79714946,78.32590241
27.91250541,76.84083624
28.09956329,77.00066639
29.7062083,76.61746619
29.92675357,76.63873686
29.16276525,75.78489711
28.61126755,78.82589365
27.49204456,77.29249191
28.40612425,76.62483664
28.27681089,78.33188559
28.7317973,78.20881623
27.81785455,77.58661014
28.09867255,77.32489541
29.1316506,78.60743542
27.69054022,78.11983576
28.41053517,78.23848518
29.09375766,78.70412034
28.85298811,76.73464552
29.19052659,75.88339793
29.51897232,78.15408141
27.26716923,77.50664151
28.41186087,76.91491547
29.73256028,76.88051131
29.5904982,77.25600031
28.51248929,77.71546333
28.9895386,75.71572158
28.08013844,76.55700189
29.55251387,76.47206392
29.3719222,78.44612231
28.46480825,76.2214322
28.31389195,76.70058245
28.92245996,76.76837876
28.2135325,77.79348633
29.12176232,76.59168209
29.57607375,77.91547002
29.6736875,76.11103725
29.58892913,77.91317228
28.44168608,78.54888639
29.46335585,76.03968617
29.18787717,77.49469568
28.18422041,77.05181783
29.38221498,77.75141384
29.25699149,75.73763038
28.54226526,77.79518948
28.56168798,76.0164154
29.06549099,77.25385358
28.05412792,78.00430987
28.97771774,76.56837867
28.38927556,77.16266526
29.32016909,75.86539356
28.89709021,77.3792574
27.71190113,78.4111926
29.86085198,77.45251482
27.75749902,77.68616492
29.18235836,78.40076199
27.82784468,77.41321905
29.56832149,78.40804364
28.01311984,76.30598041
28.04974898,77.16027369
27.27763495,76.67157488
27.83178863,76.88903921
29.87268104,76.64955372
27.91989055,76.72747655
29.18853087,76.41130228
28.98325776,77.74191045
29.88932421,77.97542243
28.06229006,76.8701219
29.87783928,77.27439174
27.97830835,76.71193838
28.01565428,77.76208375
28.923732,78.27529097
28.43517984,76.06768142
27.76228092,78.11536173
27.6955266,77.38691945
28.23683301,77.31224213
28.91733481,78.79382218
29.29123396,75.7930504
28.46300405,77.60070517
29.76555007,76.83162921
28.22755995,77.93119233
28.78970762,76.81315985
28.04016035,78.13287119
28.88756392,78.79573377
28.70210885,78.11747873
28.20687393,75.77678473
27.74490853,78.20843821
28.46891962,75.93494359
29.60151896,77.29501222
28.42513017,77.40679152
28.43424041,77.77729614
30.035123,77.19902212
29.42660363,77.79704375
29.23447526,77.92648573
27.72994844,78.49491948
27.94713561,75.88793882
28.15182333,78.3969578
28.13748015,77.85290295
29.26111768,76.27230124
28.35770021,76.58842376
28.800336,78.74364312
29.34458444,77.17500115
29.19154699,78.36073996
29.97695263,77.23985678
28.58905035,77.79858012
27.55482804,76.92908344
29.05372617,78.34305573
27.92544361,77.72309748
28.91804308,78.38222001
27.78204817,78.21589152
28.55819172,75.71143475
29.42744203,78.27178519
29.37097366,75.90932469
28.64722005,78.30855931
29.52663853,78.21874332
29.06154713,76.83336188
28.40204799,77.49494347
29.66571573,77.20436247
27.9243265,77.86975309
29.43401396,76.22275436
29.80942935,77.23140543
29.27765151,75.89294219
28.81609841,77.69906094
29.47217121,77.25143001
29.1274543,77.20882909
27.49117943,77.54712163
27.86315494,77.10481411
28.7438436,78.78901675
29.19638002,75.90153546
27.92335702,76.07758477
29.69314374,77.59911381
27.68123204,76.30686439
28.7398809,75.69044072
27.54882362,76.18795294
27.66935343,77.34484849
29.39462039,75.88623969
29.79857092,77.53709842
28.63100074,76.51593086
28.22625767,77.05203515
27.95258733,76.40568584
29.52321347,77.88936048
28.08989023,77.4454983
28.84528352,78.3312464
29.07756351,78.70251241
28.95900712,78.46659169
28.45043741,76.61474087
28.77281531,77.93901714
28.26404425,78.73996137
29.53642148,76.52244789
28.94270733,76.53488912
27.97498365,75.9533932
28.56310139,78.16589248
28.94976019,78.14929897
29.09243679,77.16654408
29.74862074,77.25785319
29.76330562,77.32089354
29.0202214,78.02785306
29.19473282,77.82165196
28.33247224,76.72878045
28.16399085,78.13020002
29.47340578,76.29083187
28.67693848,77.8183672
29.75594276,76.52814443
29.24114751,76.59195209
28.09691546,76.34493788
27.98104435,76.24919943
29.62722102,76.46452983
28.3753751,77.95738497
27.78661376,76.52910638
27.50211774,77.15617679
28.94104921,76.86686271
28.14329785,77.58238277
29.33205764,77.8613921
27.47733409,76.79482049
29.65637859,76.11046294
29.11267667,76.65096581
29.57089763,78.38156545
30.04630818,77.022355
28.54442372,78.48266266
28.15718882,78.54306765
28.69994243,75.67188359
27.77422968,78.18606935
28.59377646,75.71733542
27.70521813,76.04319356
28.0718501,78.33905879
27.46703404,76.51686185
29.12472316,78.26826655
28.19165012,77.76251599
29.20867018,76.33253656
28.71209708,77.74405469
28.83591614,76.61850114
29.29222534,76.85357722
27.48178222,77.59884071
28.71125919,78.84549917
29.3086294,76.48154453
29.02452659,76.30716089
28.43214641,76.99631206
29.64631289,76.47237941
28.91449536,75.75797391
29.3338835,76.21970111
29.66335315,77.09702416
29.86746471,76.99542375
28.41145395,78.07896624
29.77042172,78.10858974
28.76201655,76.86531694
29.60697349,78.1777643
29.57614516,77.53561603
29.90483875,76.62846301
28.92696486,78.08452323
29.42860853,77.82773245
28.15016095,75.78471932
27.95252623,75.92554402
29.82885013,77.88946986
29.04425062,77.29969683
29.67378941,76.63998531
27.62756778,78.01475654
29.44252402,77.71513786
28.01647943,76.34529264
29.58880933,77.674519
27.37687443,77.01859234
28.3006075,76.6356583
29.55848755,76.56052486
28.76297118,78.32409401
29.50779828,76.02569599
29.5513315,77.62788482
29.22892286,77.22900638
27.83294193,77.49215642
29.2291803,76.9902731
28.46948579,78.35713544
28.5136105,76.63219064
30.03058061,76.87073468
29.84620224,78.08035875
27.20779048,77.34017376
29.01741336,77.84905295
29.46249241,76.32149713
29.12357924,77.09696812
27.98857666,77.8724044
28.4122681,76.00193977
29.51019878,76.92194494
28.19811252,75.78070713
28.07935059,76.42671303
28.15844903,76.48701468
28.66344927,77.40218097
29.37791599,77.95582615
28.33853491,75.74723764
28.22835525,76.09973402
29.88862936,77.28637038
28.13840977,78.17228188
28.47548228,76.32764499
29.57654879,76.20188466
27.49739219,76.9337398
28.54629105,77.62260575
27.90690061,77.60069284
27.57582239,78.23524101
29.8766632,77.38847377
28.44387414,75.68387256
29.15061026,78.70081987
27.83504182,78.37860729
28.59831066,76.30940482
29.13420171,77.53330496
28.65495621,78.67514811
29.68658855,77.97048928
29.57481946,76.99586461
28.46653496,76.36388808
29.47524026,78.13581183
28.22884265,76.35487171
28.23193351,77.54925086
27.73342658,78.3504393
27.59644155,77.83844141
27.96041502,78.48400018
27.75413633,76.52968566
29.01910668,75.69828315
28.99786814,76.65533468
27.96085982,76.17553568
29.64835158,76.56929901
29.35999207,78.47142621
28.5461392,77.01651309
29.14256965,75.96211392
28.2670478,76.98409441
27.85827985,75.88851782
27.92656379,77.48404962
27.53379453,76.94826122
28.37867484,77.50734501
29.71348486,78.10952664
27.86165595,75.86133328
29.13299813,77.61107049
29.58261919,77.19404041
28.33021668,78.43825972
28.38231769,78.75873982
27.85898418,76.83795217
29.31056116,78.03998064
28.13184637,77.15398892
29.07861156,77.80473175
28.97185483,75.81264726
27.87853298,76.87338571
27.86279493,77.29373554
27.60227666,78.30649575
29.20606089,77.72051102
28.54720405,78.69758217
29.38255236,77.58881931
29.52010352,77.53049254
27.5563872,77.44909898
28.9668254,78.46449469
29.65313967,77.49138469
28.05350758,76.48844389
27.84537656,77.58973145
29.57645558,76.84581824
28.83145081,76.2811478
28.74078036,75.59364122
29.61263519,76.44397273
28.95448987,76.6131617
28.46263735,78.63171181
27.31800793,76.76660587
28.87964253,76.55607991
28.26533188,77.46268007
29.03363084,77.59006597
29.88505516,76.46751661
29.42499957,75.84437585
29.0067335,78.52863248
28.7411004,77.15898979
27.43867851,77.82994623
27.35174386,77.16336847
28.20482292,76.14731743
28.83175771,75.77509067
27.8590322,76.73830625
29.28962571,78.30509131
28.55555034,78.86285874
29.61649182,77.86918221
27.86927778,78.23129582
27.74438718,76.35154598
28.93576144,78.3393754
27.64078143,78.08629117
28.97459905,76.4511878
28.28870007,76.08736314
29.24675813,77.68068376
28.65595149,78.0401283
28.01691118,77.90644264
28.27074679,77.7448834
28.91721665,78.6504134
29.35700064,77.92007108
29.38399485,77.92504543
28.58172498,77.66171826
29.67315877,77.95598601
27.97984582,75.9667885
28.47965822,77.81940746
28.88232489,76.26570135
28.9233851,77.8415728
29.33581478,76.31140234
29.02037747,76.66933884
29.94730936,76.60398474
28.64902916,78.21230736
28.95413113,77.49770021
29.4064485,76.9885612
28.76962396,77.79097978
29.98773709,77.30532199
29.80089593,76.87386912
29.46737927,78.41655967
28.52030559,75.97990616
28.39994867,77.93614831
28.53130713,76.48462168
28.49486554,76.3734248
28.30278475,77.38095033
29.70237715,76.15080206
29.47622018,77.28990103
28.72666112,76.37227082
27.96535074,76.49462436
29.84295102,77.00006498
29.07124202,76.49751057
29.75993305,76.95151215
28.35202991,77.71869247
29.22080483,76.62393087
27.66330658,76.82142501
29.94425394,76.82016937
28.52007554,76.85899226
27.21455876,77.35182726
28.42417325,76.56231478
28.38256476,77.33775977
29.84002537,76.33482665
28.40275013,75.84032143
28.84982639,76.20933503
29.71289216,76.57274976
28.25000853,77.4472112
28.09371909,76.09182598
27.94929276,78.06798996
28.91178854,78.46182784
28.45354219,77.0746458
29.4298896,77.05330532
29.1130976,76.82106614
29.38653053,78.33990351
27.9046789,76.59153569
29.70693949,76.57881918
29.36647726,76.3303361
27.85726256,77.93686274
28.78833201,76.98759437
28.02477699,75.87594373
29.18549085,77.20940555
28.20049905,77.03411989
28.66830801,77.25121847
29.25098312,77.4786632
28.13064775,77.84818102
28.58747456,76.50867964
29.41290447,78.17427926
27.73544194,77.22740557
28.42498556,76.26853479
28.73156964,77.57821357
28.78604842,77.09431502
28.61956997,76.39771826
27.30713292,77.27742788
28.60397618,78.27571649
27.97488138,77.52276942
29.90065385,77.61061053
29.09393148,77.18829783
28.88670382,77.42152656
27.8411752,78.4872922
27.97040585,78.24446377
28.32793489,77.1407694
29.21475085,77.98492046
29.45593445,76.25477189
27.33149767,77.1648181
28.27891318,75.82476772
29.10610186,77.81834935
27.98036962,75.78025781
27.84940369,76.86393102
28.40898572,76.66386954
29.9593891,77.13145762
28.36430896,78.14114641
28.84384864,76.36759533
29.46230432,78.57132995
29.77217404,77.60287434
29.58941798,77.86212184
28.70555126,77.78388621
27.9234037,76.3320353
27.79397496,78.34195049
28.7685712,75.85871363
27.78746159,77.72403271
28.39096921,78.74214706
28.92797724,76.94641184
29.19111741,77.93983442
29.30932341,76.6684211
29.56112052,77.59054597
29.40800108,78.4019693
28.69947267,76.67809538
29.03220496,78.74552121
29.43799458,76.50086337
27.39511664,77.55215116
28.25443412,77.9433483
28.48945981,78.42755007
29.65856752,77.80006654
28.12419104,77.25761554
28.50227998,75.97245687
28.94147206,77.16555395
27.55822315,76.65025136
29.99741517,77.4405787
28.99996205,78.2654377
27.81074265,78.47105536
29.33708154,78.20071573
28.4731403,77.03691006
27.8419787,76.28272515
28.82945291,78.64240652
29.15546168,76.5116803
29.39827637,77.12831595
28.06892697,76.66919762
29.6718005,76.61499713
28.46565062,78.83854617
29.20646887,77.8590019
29.65306886,76.74484324
29.34879523,77.07111109
27.57991947,77.91603037
29.08830253,77.460937
29.89445968,76.56759808
28.39274393,78.15058351
28.38156163,78.66780019
29.07219551,77.95019612
28.13656226,76.56942825
28.84069251,77.28581431
27.89178528,76.79827282
28.37379021,78.40971898
29.51416794,76.3544457
29.22413245,76.28441025
28.5775997,75.59357982
27.49001749,77.71003666
29.34833018,78.14468638
28.31328125,78.78558417
29.14531334,77.15981643
29.98112885,77.03579379
29.90200633,76.87302162
28.94026139,78.77454168
28.69078681,77.83393436
29.74589385,76.28732768
28.30268838,78.29719576
28.06399523,78.49971147
27.48809888,76.76163769
29.21158547,76.03689702
29.0019862,77.34352911
29.15479215,76.43208714
29.44775833,76.16083792
29.75927104,77.07123871
27.80854657,77.60767087
29.17888297,75.99312469
27.84506286,78.46986487
28.14318397,77.46960176
28.70715199,76.02860733
28.1783461,77.73972224
28.3604456,78.2190601
27.69863434,76.27614823
28.78586214,77.50462675
28.03553593,76.11259841
27.33927604,77.06460484
27.29643079,77.07764494
28.82749507,77.37626203
29.27802819,77.35391556
29.70919173,76.81340198
28.15829939,77.30188875
28.95251477,76.06165788
29.09682325,76.4862462
28.99513559,75.81100252
28.42209074,76.47077572
27.78065919,77.58056479
29.62901173,76.04292308
27.4632657,78.00497448
27.41646523,76.58784059
28.34348645,78.32225124
29.21651082,78.31577556
27.49585207,77.28546278
29.76264793,76.55437036
29.18165633,78.31262056
29.72675797,76.2742969
28.83354623,75.60919012
28.8240494,78.71707839
27.59673983,77.30368652
28.28673902,76.17173343
29.04643135,78.22029257
29.66035635,76.62959223
28.43924323,77.35880729
27.87471032,76.2054325
27.97100695,76.46642535
29.02224433,78.27089572
28.52741019,78.28316125
28.36736828,78.3763756
28.65923679,77.21341893
28.49994745,75.92474307
29.37490569,76.86712403
29.24574259,77.26730096
28.74095128,75.8415934
28.36142677,78.0573668
29.81051098,76.28743164
28.83221057,75.72367161
28.51159559,77.25699019
27.5113274,77.80186438
28.49248564,75.69741
28.81632315,77.22385729
28.0611714,76.4318429
28.32880361,76.26702817
28.73085743,77.71060542
27.56356753,77.45033395
29.02552844,76.17102262
29.32188385,77.9266464
28.48128602,77.50450802
29.05122376,77.2595999
29.49343535,77.45829324
29.45161763,78.2390846
29.20262504,78.40759643
29.73834549,76.68337175
28.39402681,76.69439367
29.00244812,77.5331575
29.36228508,77.41077958
28.12760285,77.63865416
29.56075051,76.66376938
27.42078409,77.86062845
29.44693245,77.09913249
28.81386727,78.62562814
29.69079898,77.35368419
28.0549012,78.59586374
29.02604994,78.65101414
28.5604447,78.0790137
28.4990534,76.60717665
29.23477132,76.16971861
28.91281962,77.54588307
28.24313793,78.5882397
27.87483404,77.00922291
28.19387574,77.78106476
29.35381345,76.28387015
29.37398399,76.76695629
28.92372722,76.07327435
27.91405577,77.42692605
28.08076418,75.82651218
27.70043993,77.4478801
29.33691845,77.62948711
28.45816801,76.08592502
28.72869981,75.69936143
28.80309088,76.74791861
27.53483668,77.98560968
27.64608104,78.27662778
29.8915525,77.12378154
28.43202804,76.47437032
28.22436841,77.32251454
28.70409278,75.77691301
27.5043028,76.53485791
28.85868195,78.10175684
28.25937568,76.60447988
27.96157771,77.96446513
27.53291535,76.26748815
29.6456001,77.17427228
28.02872947,76.7167664
29.60109504,77.51118686
28.1623697,77.60587493
28.23393844,76.54810327
28.73016257,76.01502164
29.44711102,78.26041237
28.31907306,76.0138498
27.9376987,76.23478714
28.15624127,76.57792619
29.6876992,78.04547421
27.91097524,77.78327277
29.38997526,77.67824658
27.79489016,75.98484055
29.04809528,77.75216683
29.43341548,77.03506801
28.29508307,75.6990576
28.15695289,75.69476736
27.91595202,77.09335622
28.60232277,78.37261971
29.23286523,78.20649198
27.54904727,76.70755516
27.80875793,76.27762343
27.66773003,77.41453051
29.83981707,77.11771097
29.40010582,78.34930512
28.85937695,77.27789337
28.37327949,77.5218573
27.82684616,75.96312696
29.45909504,77.97822409
29.89584401,76.56970025
28.66573638,76.74750137
28.80527457,77.81293404
28.9375633,76.97901194
28.94192036,78.09972069
29.01729825,76.96952989
27.37972227,77.15553331
28.44888099,77.90972738
29.90281897,77.33730149
28.11219371,78.75418458
28.61687893,76.26826682
28.24744219,76.24704881
29.14075802,77.61476693
28.65093462,76.25752297
28.68821635,76.73172461
28.84749174,76.1346505
28.15000982,77.51301226
27.8474555,77.96269302
28.67596799,78.47864681
29.01043507,76.20309984
28.08430839,76.85501129
27.67496775,76.05446206
28.41229804,78.22126261
29.71901487,77.50752103
27.65294327,77.8222824
27.29472365,77.67625452
28.6119526,78.70723689
27.75044899,76.66097303
29.48794485,78.19495077
29.26067184,76.83561354
28.38189222,75.77311369
28.68924475,77.64938072
27.42659111,76.90749411
29.53443654,76.14048927
28.84176822,78.69059813
29.09554891,76.64202928
28.11358634,77.98495065
28.62393401,78.71525129
29.03385255,76.21674007
29.7373896,76.40743454
28.04801917,78.44800452
28.90589478,77.5159701
