0.1976,0.000702305501457806
0.2179,-0.000318034201874401
0.255,0.000362943469886523
0.2911,0.000533497035768105
0.3927,0.000517874060085188
0.3953,0.000805282311784283
0.4073,-0.000551343882071731
0.4425,0.000962049108024499
0.5126,0.00156004811830901
0.5493,0.00177899302325857
0.6038,0.00180659480637246
0.6179,0.00135477110033433
0.6563,0.00197402387248202
0.6614,0.000650708632316421
0.6689,-0.000143570484335775
0.6956,-0.000942373846634426
0.7013,0.00084325277291819
0.7033,0.00254110992867485
0.7842,-0.0011923764048658
0.7898,0.00181630193917781
0.8137,0.000378484906621512
0.824,0.00234052519533157
0.8274,0.00224267710876336
0.839,-0.000671481250881012
0.8573,-0.00125764772481807
0.8769,0.00276269922749128
0.8945,0.0014639459437179
0.8968,7.50502884360182e-05
0.8999,-0.00141261085746958
0.9137,0.000897505609298355
0.9284,0.00125334916242059
0.9287,-0.000679867865866379
0.9388,-0.00111991797666522
0.9422,0.0022213460440802
0.953,-0.00146379411688824
0.9586,0.00332368196020061
0.9597,4.90773504827624e-05
0.9701,0.000645707722386812
0.9769,0.000145737147392411
0.978,-0.00157082864392644
0.9922,0.00270677690313481
1.0504,0.00279885997362306
1.0534,0.00275100579502929
1.0609,7.46524426622486e-05
1.0775,0.000405607685759257
1.0831,0.00362854054397643
1.0831,0.00229737507258188
1.0945,0.0023134856196394
1.1122,-6.22328237309677e-05
1.1156,-0.000864013331356661
1.1196,0.00343687167467244
1.127,-0.00144450076591807
1.1279,-0.00163652410939363
1.1302,-0.00179473816477715
1.1316,-0.00173009645496536
1.1345,-0.00117886415142965
1.1359,-0.000780086024032123
1.1474,0.00147668347215713
1.1583,0.000900396910652468
1.1583,-0.00114960824884958
1.1639,0.000501655085307195
1.1692,-0.00129262937638908
1.191,0.000882828074740383
1.1968,9.42807747514873e-05
1.203,-0.000190177765871047
1.2057,0.00335396059620896
1.2063,0.00367447209506433
1.2064,0.0027958148173417
1.2293,0.00423983566107045
1.2313,-0.000696654728454149
1.2462,-0.00108065666090496
1.2944,-0.00212127754807745
1.2974,-0.0015640299582893
1.3,-0.00124353301267432
1.3011,-0.000129345965710126
1.3081,-0.00211211592563632
1.3144,0.00409463000103627
1.3206,-0.00121965182856987
1.329,0.00156282340273428
1.3298,0.00322808075421155
1.3503,0.00225690746382567
1.3624,-0.00214368030368783
1.3926,-0.0007501638912224
1.402,0.00263657580188958
1.404,-0.00224757785932361
1.429,-0.00221320386492097
1.4462,-0.00216866111709435
1.4568,-0.000900405339375521
1.4601,-0.00223308684013279
1.4625,0.00329646621792357
1.4653,0.00226289149799008
1.4701,0.00413740910897387
1.4776,0.00219874718376634
1.4894,0.00299845606417626
1.492,-0.00130878394876488
1.4933,0.0042458754457646
1.4988,0.00508297798695834
1.4999,-0.00162427569740786
1.5193,0.00306424286808671
1.5252,0.00496936508792389
1.5376,0.00439221729788852
1.5394,-0.000674077473350465
1.5492,0.000449302940973784
1.5527,0.00548785448657596
1.5587,-0.00246225567904235
1.5767,0.00468012593598455
1.6079,0.00200382897045115
1.6149,0.0016376572781569
1.6157,-0.0025423115864105
1.6294,0.0048609571147098
1.6482,-0.00224168109281719
1.6625,-0.00022099697794431
1.6633,-0.00265992080910071
1.6654,0.00159626024572068
1.6798,0.0010522513461948
1.6816,0.000546344092599016
1.682,0.00590443370089799
1.6871,0.00281578500341051
1.6954,0.00457662096520228
1.7008,-0.0026086624155548
1.7011,0.00407753295555802
1.7029,0.000395477837995539
1.703,0.0059478820618426
1.7034,-0.00164930654459772
1.7262,-0.000804732828771693
1.738,-0.000804584385255991
1.7393,0.00030962950605451
1.7422,0.00505165954689368
1.7622,-0.00285780061478258
1.7721,0.00610064177854786
1.7739,0.000846165191290993
1.778,-0.000847525128094384
1.7819,-0.00130460703902191
1.7959,0.00490918966264142
1.7962,-0.00272619656053785
1.7965,0.00476063145334016
1.8024,0.00327071519139044
1.804,0.000310375404009022
1.8166,0.00414380014740057
1.8207,0.00251945599989112
1.823,-0.00223078408987964
1.8244,0.00651133851087393
1.831,0.00472968797416318
1.8338,0.00391665873801395
1.8363,-0.000838457423431249
1.8524,-0.00161873060174811
1.8578,-0.0019234776772572
1.863,-8.75130778121846e-05
1.8745,0.00489537685300201
1.8751,0.00646522655041637
1.8764,0.00565688638072448
1.8935,0.00677561194593124
1.8945,-0.000978414279297457
1.8994,-0.00044621942502765
1.9067,0.004175035346075
1.9152,0.00682446551078297
1.9252,0.00409751118270818
1.9256,0.00226897399086545
1.9315,-0.00223818829182476
1.9325,0.00128704860121931
1.9418,0.000816156303537374
1.9435,0.00363328481142045
1.944,-0.000213979663120201
1.9509,-0.00309369758497713
1.9641,0.00696804413981345
1.9657,0.00102392342974422
1.9734,0.00279198923230228
1.9894,-0.00139839073591785
1.9914,0.00340308480584017
1.9915,0.000213305494602078
1.9928,0.00684712702615542
2.0058,0.00400430193825496
2.0108,-0.000404475391861503
2.0136,0.00415787512177923
2.0235,0.00255390840384395
2.0243,0.000976398944512624
2.0288,-0.00335557779739881
2.0303,-0.00295054879982137
2.0303,-0.00233087019267941
2.0341,-0.000917017990949898
2.0349,0.00635676656739737
2.0405,-0.00330413183348233
2.0405,0.00069149634918908
2.0563,0.00736468701253479
2.0602,0.00147791681980047
2.0636,-0.00337906019390299
2.0713,-0.00104670314824995
2.0789,0.00741406470700978
2.0809,0.00641020505751966
2.086,-0.00165565817581248
2.087,0.00511554438059925
2.0906,8.47582931986501e-05
2.0938,0.00737489782048817
2.1085,0.00122945783471007
2.1327,0.00686674627497474
2.1453,0.00755739647509213
2.1453,-0.00312151019990337
2.1513,0.00772539633679736
2.1525,0.000175964034828446
2.159,-0.00354412535731452
2.1828,-0.00310911499108535
2.1927,-0.000767190622948721
2.2008,0.00640166706102629
2.2042,0.00152684244755497
2.2107,-0.00348309652766421
2.2137,0.000506870613731891
2.2174,0.00151874683027398
2.2207,-0.000411953261370446
2.2376,-0.00367148305650788
2.2414,-0.00325473171771584
2.2434,-0.00246429121448388
2.259,0.00802660997024818
2.2594,-0.00349684653466342
2.2628,0.00795250023298832
2.2699,0.00519078167620846
2.2721,0.00357087105386045
2.282,0.000410870851545564
2.2897,0.00590204615463241
2.2918,0.00728788323806207
2.296,-0.00107081495599459
2.2992,-0.00287365526704786
2.3005,0.00259286249484303
2.3046,0.00824253831319277
2.3064,-0.00361700934590914
2.3077,0.00709438523455885
2.3132,0.00523219856060697
2.3166,-0.00128287704069185
2.324,-0.000774293297783668
2.3336,0.00357289476441558
2.3345,0.00489914811092218
2.3377,-0.00351929850585675
2.3409,0.00668664175652323
2.3448,0.0067184315249742
2.346,-0.00372607510184331
2.3468,0.00825326994676923
2.3518,-0.00335371711267696
2.3518,0.00565121072232522
2.3526,0.00602019411720045
2.3568,-0.00281248825432456
2.3625,0.00219216308079639
2.3755,-0.00370683045551301
2.376,-0.000975355456957594
2.3761,0.00417449616143539
2.3788,0.00320888158457855
2.3794,-0.00293305372062447
2.3819,0.00401550184143096
2.3953,0.00818027441856106
2.3957,0.00796489184874583
2.4021,0.00800293840272381
2.4048,0.00800268906520829
2.4098,-0.00331205416935276
2.412,0.000674335241888979
2.427,-0.00244001384515435
2.4278,0.00116661015697295
2.4365,-0.00231490673945833
2.4389,-0.00379935452302327
2.4595,0.0087797241735581
2.4702,0.00350044258400173
2.4737,-0.00291297920028155
2.4756,-0.00149876025774143
2.478,-0.000422803362204682
2.4853,-0.000387512167360882
2.4866,-0.0027905333308027
2.4916,0.000444254983337888
2.4949,0.000993218404213625
2.5032,-0.00310152023981747
2.5042,-0.00410270035596794
2.5095,-0.00211334935379792
2.5128,0.00137671625959124
2.5171,0.00797286310315037
2.5175,0.00734970075010866
2.5295,0.00434231595087109
2.5332,-0.0039224037733474
2.538,0.00654539781204289
2.5423,-0.0028966322599393
2.544,0.00721511336691094
2.5454,-0.000290420919632162
2.5526,0.00115958628053425
2.5534,-0.0027019558930732
2.555,0.000483282306654509
2.5556,0.0090914939814617
2.557,0.00658024979696226
2.558,0.00159985281759978
2.5617,0.00685482219344502
2.5661,0.00471293052927413
2.5709,0.00826968709671982
2.5823,0.000608055348384262
2.5883,0.00926731698663996
2.5943,-0.0012645361192547
2.6007,-0.0034235841479191
2.6023,0.00774214580207433
2.6193,0.00198538849778807
2.6195,-0.00350785442818546
2.6232,-0.00121831859173893
2.6266,0.00638741003251342
2.6282,-0.00138715903293596
2.6332,0.0082868302025787
2.6363,-1.68077288988933e-05
2.6389,0.0079819631784166
2.6391,-0.00187591665650366
2.6403,-0.00403621041992075
2.645,0.00227655282854577
2.6574,-0.00387127059347092
2.6581,-0.00107093241811995
2.6596,-0.00178584112752755
2.6599,0.0068456101348624
2.6644,-0.00173091005774806
2.6659,-0.00432632074150519
2.6729,0.00933456825993062
2.6753,0.00913988020526935
2.6758,-0.00399963839044259
2.676,0.00275719511829742
2.676,0.00940669552294127
2.6868,-0.00346635579937482
2.6956,-0.00316113018059339
2.7055,0.00371259630833221
2.7116,-0.00109551356182802
2.7118,0.00929410587776491
2.7152,0.00560798893218273
2.7185,-0.000109230604897981
2.7222,-0.000459371585936452
2.7223,0.00218209224088817
2.7243,0.00905992030671321
2.7263,-0.00106956638649525
2.7334,0.00883938762168501
2.7338,-0.00225435876187285
2.7395,-0.00264533788614951
2.7427,0.00723700565012297
2.7489,0.00979963969983322
2.7519,0.00192784139165392
2.7535,0.00133868978131613
2.7589,0.00250210739934609
2.7604,0.00988274123299115
2.7618,0.000256394297096119
2.7665,-0.00410875072662575
2.7701,0.00572335269640201
2.7712,-0.00271015020420684
2.7797,-0.00163970664763502
2.7819,0.00515661546297919
2.7869,0.00421895801749717
2.7884,-0.00321752676501497
2.7922,0.00692913154790853
2.7965,0.00472931169996293
2.8002,0.000336047279759999
2.8017,0.00415865345616062
2.8025,4.75771334529362e-05
2.8031,-0.00416035291532912
2.804,0.00683745356107845
2.8112,0.00706292756032934
2.8161,0.000386420716901981
2.8198,0.00585065597176282
2.8216,0.00260134205641149
2.8222,-0.000677261738988744
2.825,0.00728630844759337
2.8277,0.00933223827643292
2.8344,0.00259707920932506
2.8352,0.0097821043680697
2.84,-0.00429802786577982
2.8451,0.00503462148441747
2.8547,0.0100388406065219
2.8606,-0.00248215260183393
2.8811,-0.00305788189412004
2.8973,-0.000183688887082756
2.9015,0.001605548851765
2.9049,0.00733148068997869
2.9051,0.00968112349814731
2.9058,0.000217761146812379
2.9298,0.00891771398468322
2.9426,-0.00468546924002755
2.9431,-0.00282238097120846
2.953,9.8292968730096e-05
2.955,-4.50263402385076e-05
2.9575,-0.00424438700613772
2.9597,0.00866568735028928
2.9633,-0.00463425249255689
2.9692,4.98833798734388e-05
2.9786,0.00341266695644515
2.982,0.0104359859881602
2.9941,0.00903278468076696
2.9971,-0.00114426728369965
2.9972,-0.000983975578428886
3.0077,0.0020793372338459
3.008,-0.00395232876784535
3.0107,0.00938956722558482
3.0171,0.00707499477565543
3.0187,-0.0045873188616361
3.025,-0.0042356320814827
3.0313,0.0100072219331708
3.0321,-0.00335660274659544
3.0373,0.0105824798912182
3.0381,0.00953265699624994
3.0392,0.000566014892033007
3.0428,0.0106439210490934
3.051,0.00476137781051955
3.0512,0.00760435457598208
3.0535,0.00867019920842838
3.0655,-0.00472367980503474
3.0764,-0.00227518471849431
3.077,0.00779528293895027
3.0781,0.00503916210128663
3.0863,-0.00377724425357018
3.0884,0.00786143957607521
3.0893,-0.00248865517530383
3.0989,-0.00490644710310528
3.1056,-0.00356189668645834
3.1086,-0.0048996382939519
3.1128,0.00100549793860827
3.1201,-0.00268709362663744
3.1253,0.000868284465274982
3.128,-0.00395380514794308
3.129,0.0075605740696183
3.1297,0.00792448776915
3.1313,0.00106317648599141
3.1366,0.00943956085439979
3.1367,-0.000571185230193283
3.1377,-0.00347796549303858
3.1423,0.0048244135899167
3.1449,-0.00397958841508839
3.1473,0.0103462058774357
3.1486,0.00299620494359676
3.1497,-0.00137970427348844
3.1501,-0.00167225766598778
3.1505,0.0031804713288186
3.1509,-0.0018715288955562
3.1551,-0.000916581124242644
3.1557,0.00805582018745854
3.1575,0.00253144987352627
3.1685,-0.00402614987187011
3.1771,-0.00223455498117708
3.1802,0.00819896914111817
3.1807,0.010629159074754
3.1843,-0.00239152120187303
3.1907,0.00293621163250402
3.1952,-0.00166846341864346
3.1986,0.00490008675285303
3.2126,-0.000144868943328103
3.2152,0.00436721149805486
3.2164,0.00635817146173423
3.2224,-0.00428196610490872
3.2248,-0.00516447164694211
3.2305,-0.00515347531450283
3.237,0.00481354386447252
3.2374,0.00120595395059864
3.2383,-0.00482699741052706
3.2401,0.0104713427988918
3.2425,-0.00100385625638566
3.2439,0.00438777389832934
3.2491,0.00933587190215235
3.2506,-0.00297823737298053
3.2587,0.00657953854769389
3.2632,-0.00194669452298513
3.2637,0.00601742146938689
3.2639,0.00339210559958225
3.264,0.00843522574064393
3.2797,-0.0029203178628836
3.2846,0.00882356860516742
3.2849,-0.00158354590078291
3.2908,0.00208244625839882
3.2931,0.0109648148547157
3.3113,0.00859610222756801
3.3182,0.000523353931738857
3.3207,0.00657204826191293
3.3236,-0.00502384868324235
3.3331,-0.00416143840508765
3.3393,-0.00449889116877689
3.3402,0.00771342917455176
3.3477,0.0116645409267524
3.3483,0.0112062862609594
3.3509,-0.0039444443322072
3.3591,0.0119932635951834
3.3717,0.0104089663454996
3.3745,-0.00448429600368838
3.3747,0.00949044802549004
3.3789,-0.0053015227001989
3.3809,-0.00543459218448206
3.386,0.0109098512922281
3.386,0.00408762239861682
3.3917,0.00509934887412067
3.3962,0.012072932528806
3.3968,0.0029898780873352
3.3976,-0.00356227949285826
3.3981,0.00670212030526907
3.4015,0.00604490043438899
3.4059,0.00880352418547981
3.407,-0.00375909180619693
3.4071,0.000450345337600133
3.4094,-0.000638972083306211
3.4095,0.0109182708078763
3.4136,0.00343842470632572
3.4157,0.0119578513149525
3.4162,-0.00509181055202879
3.4229,0.0121784315752165
3.4274,0.00508970418246735
3.4312,-0.00273402725832561
3.4356,-0.00549903735815249
3.4465,0.0118244475663603
3.4491,0.0120968015619201
3.4492,-0.00558671609555272
3.451,0.0120123141853044
3.4512,-0.0042656733017874
3.4522,0.0118320290181329
3.4541,-0.00557568535083286
3.4584,-0.00152723587471559
3.4676,0.00340984407185196
3.4677,0.0108311420360061
3.4732,-0.00540996396584825
3.4744,0.00893609165709242
3.4763,0.00991266162822058
3.4769,-0.00537572963252408
3.4808,-0.00327232060778782
3.4819,-0.00118483496668276
3.4837,0.000863936054579462
3.4846,0.00280362480552299
3.4862,0.0088275212364306
3.5006,0.0116181960850072
3.5097,0.00784035193491528
3.5167,-0.00492246988868983
3.5175,-0.00338530478215349
3.5225,0.0095728922485927
3.5252,-0.00346612267656088
3.5263,-0.00249389955685642
3.5276,-0.00562447705270586
3.5314,0.00637769280855816
3.5352,0.00148668710633215
3.5452,-0.00110806335628499
3.5496,-0.00278954459920522
3.5502,0.00255070901791354
3.5519,0.0106499776705529
3.5525,0.00763733515494724
3.5595,0.00401182279858814
3.5608,0.00746885384997187
3.5613,-0.00347527971335282
3.5719,0.00964604631350197
3.574,0.00650408560164939
3.5744,0.00544838411180404
3.5744,-0.00159756186489446
3.5801,0.00922823895793634
3.5803,0.0125700349845035
3.5839,-0.000918780393633689
3.5871,-0.00572712343427773
3.5882,-0.00242028076664402
3.5934,0.00102217650784064
3.5966,-0.00316396952149312
3.5993,0.0116003802267257
3.5994,-0.0006146582279003
3.6001,-0.0055802937545022
3.6019,0.00737773314989321
3.6061,-0.00544354906710964
3.6112,-0.00500365141277204
3.6131,-0.00483724346474768
3.6155,-0.00241180297046029
3.6193,0.0125157758737569
3.6236,0.00103393598136448
3.6259,-0.00429461504241235
3.6311,0.00465459603587082
3.6351,0.00863455346873998
3.6378,-0.00580879500848708
3.6391,0.00263681099086499
3.6398,-0.0012350128204992
3.6473,0.010070022595265
3.65,0.00627143596942092
3.6506,0.0123940320089595
3.6525,0.00820931526112245
3.6529,0.0106465752539777
3.6605,0.0111464711172173
3.6636,-0.00184561683798767
3.6643,0.00589863828543624
3.6695,0.00152475839531707
3.6712,0.00455152338800957
3.6745,-0.00585026362456365
3.6829,0.011168866510348
3.6857,0.0121970538333138
3.6899,0.000929661829437656
3.6901,0.00155218091364784
3.7023,-0.00590759592720769
3.7032,-0.0058399180642188
3.7047,-0.00590768844304401
3.7146,0.00822285882675144
3.7224,-0.00554678036756817
3.7243,0.0073018896511452
3.7285,0.00970215721675283
3.7325,-0.00224755594604353
3.7343,0.00873666384946459
3.7352,0.0133236833243791
3.7407,-0.00601760009067753
3.7414,0.00401132384863656
3.744,0.00039971411909745
3.7452,0.0119225612086247
3.7573,0.00907221420845916
3.7629,0.00863045539989304
3.7664,0.0101276903769563
3.7669,-0.000899525348880381
3.7731,0.0128687481226808
3.7786,0.0109015183681844
3.7792,-0.00603878286221082
3.7811,0.0119119778182752
3.7835,0.00386278824315944
3.7859,0.0108202962568074
3.7907,0.00588329243034558
3.7922,-0.00265713587989902
3.795,0.00535593055396877
3.8215,-0.00494522329057734
3.8225,0.0129766624814862
3.8253,0.0128417706953878
3.8281,0.0118017034227491
3.8283,0.00757849935760735
3.8286,0.0135462388855352
3.8308,-0.00170376574699516
3.8431,0.0134163865790047
3.8563,0.0103121670829456
3.8643,0.00319177377099589
3.8673,0.00574876692374815
3.8676,0.0132383496166422
3.8681,-0.00483544336320518
3.8729,-0.00141358036196859
3.8767,-0.0027056104692007
3.8785,-0.00193917853279491
3.8794,0.00702642076104398
3.8832,0.00683240072783375
3.8911,0.0038966508956122
3.8939,0.00383787559327908
3.8948,-0.00230119336290269
3.8963,0.0139101917233337
3.8969,-0.00548004055930384
3.8996,0.00386960509191736
3.9027,-0.00629145587223867
3.9052,0.0129684812737607
3.9056,-0.00608557574006463
3.9093,0.00111435882078093
3.9093,0.0138252740654137
3.9219,0.0131459196075285
3.9239,0.013123597541103
3.9253,-0.00428632886619296
3.9287,0.00954422074758465
3.9312,-0.000782019730322325
3.9381,0.00374768873303655
3.9479,0.00137985338175328
3.9485,-0.00572301870355041
3.9486,-0.00599817861128527
3.9524,0.010026436767105
3.9525,-0.00469683000381815
3.9531,0.00670121870868634
3.9552,-0.00633765090215421
3.9567,-0.0063486870481082
3.9572,0.00705508129168564
3.9592,0.00912050892801064
3.9595,-0.00633208522726036
3.9618,0.0121497156381318
3.9627,0.00841604503029991
3.9633,0.0053873107880511
3.9734,0.0100080137861092
3.9753,0.00995085616147184
3.9805,-0.00362537785235739
3.9851,0.0137484916442365
3.9888,0.0023167007827869
3.9899,-0.00611648436321621
3.9925,0.00105347714902537
3.9971,-0.00354640819744789
4.004,0.0132817881812826
4.005,-0.00471418869100582
4.0085,0.00692420168354602
4.0119,0.0126909025276989
4.0124,-0.00474724277218552
4.0125,0.00933732171521751
4.016,0.000712489527805005
4.0207,-0.00451751778454845
4.0247,-0.00614125006388999
4.0249,-0.006424858624408
4.0303,0.0143888323966772
4.0365,-0.00650195284407218
4.0403,0.0125152748030111
4.0411,0.0142006977563671
4.0421,0.00788839868245184
4.0428,0.0136931946306129
4.0477,0.00801458279687584
4.0499,0.0133999355727363
4.0579,0.00526705707597053
4.066,-0.0026446820891799
4.0688,0.0072497612808391
4.069,0.0146107499137358
4.069,0.00718450012932337
4.0698,0.00167116771249187
4.0809,0.000905990574314508
4.0836,0.0098807137851189
4.0838,0.0140290664656213
4.0843,-0.00623398860404123
4.0857,-0.00649406200316083
4.0883,-0.00250096201338401
4.0896,-0.0059870399838946
4.0944,0.0106605819204626
4.1006,-0.00652764791672489
4.1114,-0.00418658457579202
4.1167,-0.00392397392805588
4.1176,0.0120517560449995
4.1192,0.0037048808407496
4.1197,-0.00491292429386814
4.1203,0.0144619438520142
4.1217,-0.00609568140539807
4.1312,-0.00497607515750254
4.1337,-0.00278458843317431
4.1346,0.0130543253821518
4.1429,-0.00441161924575084
4.1524,-0.00372769004147155
4.1551,-0.00652499986160748
4.1563,-0.00517298775001507
4.1716,0.0128390585661959
4.1736,0.00816671984260076
4.1895,-0.00663076187818223
4.1943,0.00970031701919183
4.1981,-0.00119116201554093
4.1988,0.0038768036959711
4.2089,-0.00642139709159117
4.2128,0.0150295836820726
4.2214,0.00561520041889452
4.2349,-0.000688305207503959
4.2384,0.00845018434422329
4.2388,-0.00678558658584549
4.2429,0.00266675335481015
4.2448,-0.00302630243086988
4.2451,0.0121666429308354
4.2523,-0.00668867856896149
4.2558,0.000665871988084987
4.2573,0.00613093265836362
4.2626,0.0122330911097768
4.2634,0.0108409003504644
4.2655,0.00153036306147492
4.2723,0.00722628976819717
4.2775,-0.0064582136204212
4.278,0.00397378912316615
4.2782,-0.00156994813840861
4.2804,0.0103167119950944
4.2809,-0.00151922330936927
4.2931,0.00304623719444663
4.2963,0.0115682742720731
4.2995,0.00266777992421297
4.3008,-0.0022044041465108
4.3063,0.0135659133869019
4.3071,0.0128387758261539
4.309,0.00473498098523795
4.313,-0.00411404032586393
4.3151,0.0154828657208936
4.3197,-0.00496464529604701
4.3226,-0.00644734810689407
4.3262,-0.00599069315953038
4.328,0.0152052671568441
4.3286,0.00605380544301415
4.3335,-0.00147082653307073
4.3349,-0.00484790066926255
4.3367,0.0148621956849126
4.3386,-0.0015748968525644
4.3466,0.0108052970009656
4.348,0.0118153111447237
4.3522,-0.00136984534971418
4.3548,-0.00667617836782064
4.3582,-0.00502601459859964
4.3616,-0.00265344065819484
4.3619,-0.00403134201952415
4.3654,-0.00627155026125337
4.3669,0.0105152164322933
4.3677,0.00150510169916185
4.3703,0.00235017678868665
4.3717,-0.00700620839232169
4.3728,-0.00240610636338445
4.3733,-0.000680438850467979
4.3744,-0.00696042448065626
4.3751,-0.00685574024325941
4.377,0.0148452999786413
4.3844,0.0142022378764759
4.3857,0.00476904975794401
4.3923,0.0115327402052943
4.3943,-0.00549268015022975
4.3977,0.00936680366537068
4.3995,0.0157747844674558
4.3997,0.0100713487319233
4.4015,-0.00257159027635989
4.403,-0.00670118572802103
4.4066,0.00424195423183793
4.4078,-0.000483964960161565
4.4078,0.00797266917877426
4.4107,0.0157206190588273
4.4116,0.0152374529607906
4.4118,0.0155758357671338
4.4128,0.00696720143010765
4.413,0.0145574449327865
4.4143,-0.00613484979060619
4.4204,-0.00491301684499135
4.4204,0.0147322625147712
4.4204,0.00943745845871025
4.4237,0.00934719978033893
4.4262,0.0113290126536558
4.4269,0.000442941913330053
4.4321,0.0021306750709229
4.4328,0.0116398462508815
4.4355,0.0157908925891208
4.4363,-0.00471195068032326
4.437,0.00271604862299668
4.4379,-0.00631487305600498
4.4387,0.0115555259071138
4.441,-0.00152002293639963
4.441,-0.00692441557019485
4.451,-0.00682124737360112
4.4518,0.00142795338826573
4.4532,0.000868705327929042
4.4571,-0.00335656941814033
4.458,-0.00593957249115462
4.459,-0.000758591893144533
4.4596,0.0086921576823169
4.4685,0.00549602528999138
4.4697,0.0125634203639819
4.4706,0.00959267426417476
4.4714,0.0151188234051389
4.4721,0.00322188925486522
4.4831,-0.000410998134573681
4.4847,0.00866138893660207
4.4865,0.0121448128388
4.4903,-0.00302212951517511
4.4908,-0.00696130846640841
4.4913,-0.00454531282060699
4.4937,0.012751066672732
4.5001,-0.000154471575720017
4.5012,0.00142638743584378
4.508,0.00241156917030771
4.5091,0.00380971457592061
4.5273,0.0137241148908274
4.528,0.00389109840570345
4.5353,0.0161073703552175
4.5388,0.00269714685340894
4.5413,-0.00531159495514721
4.5474,0.00868614508211429
4.5506,0.00148030767987706
4.5536,0.0158753464314847
4.5538,-0.00646789284017668
4.5604,-0.00263083314873036
4.5618,0.00740780755487513
4.5732,-0.00659745180217719
4.5801,-6.66950774714792e-05
4.589,0.00927079491959937
4.5899,0.00171701296546445
4.5908,0.0148686077019109
4.6006,0.0163041898983369
4.6007,-0.00630062484514227
4.6048,-0.00731105010028621
4.6071,0.0125650508905766
4.6086,-0.00597782129408042
4.6089,0.0162054840168189
4.6106,0.0161557682720463
4.6125,-0.00734270321104091
4.6127,0.00625566410234768
4.6138,0.00185465502005755
4.6149,0.00629322836269353
4.6199,0.00283906293349467
4.6229,0.0165661369499919
4.6317,-0.000367232379168136
4.6331,0.00410254791369535
4.635,-0.00364386239742132
4.6379,0.0144475032143765
4.6465,-0.000405396951748571
4.6516,0.000634824015538271
4.6541,0.0152652371349857
4.6587,0.000444610763081776
4.6587,0.0130473921837639
4.6629,-0.00378035125463239
4.663,0.00259059255358096
4.6635,0.00539592180671278
4.6651,0.00724857940915236
4.6663,0.016513099032049
4.6676,0.00620628484373675
4.6723,-0.00646801180829915
4.6733,-0.00749812701956287
4.6752,-0.00737485066691868
4.6766,0.0122420734142601
4.6796,-0.00708874114010793
4.6812,0.00112709808938138
4.6844,0.0167266307504059
4.6865,0.0100262864281992
4.6897,0.000247320592854372
4.6945,0.0164607552661638
4.698,0.0113612435567463
4.6983,-0.00513315419952765
4.6987,0.00310177837843018
4.7048,0.00235860893765594
4.7059,-0.00203891949196056
4.7071,0.00736771988599383
4.709,-0.00757835592220069
4.7151,0.00840053036723809
4.7156,-0.00689641122209039
4.7181,-0.00597645996039553
4.7185,0.0137262006763867
4.7196,0.0133119738364709
4.7221,0.0148376016849099
4.7278,0.0106282410925269
4.7348,-0.000216417659992807
4.736,-0.00723970257692574
4.7367,-1.68475702322368e-05
4.7378,-0.00219825540298224
4.7414,-0.00757103870505826
4.7419,0.0147088199783765
4.7447,-0.00745180651055843
4.7456,0.0149148062402791
4.7465,0.017023840370376
4.7516,0.000689667026448681
4.7666,0.0061040276951827
4.7715,0.0144532950871898
4.7728,0.0103698966044554
4.773,0.00113560055189055
4.7772,-0.00438322092682597
4.7798,-0.00508639265496669
4.7807,0.00378520108208402
4.7817,-0.00764883794629689
4.7822,-0.00663673382826158
4.7834,-0.0068914496949164
4.7845,0.00696360758481962
4.7858,-0.00520379824680628
4.7863,-0.00765552637136402
4.7878,-0.00391562509959531
4.7892,0.0151267259128067
4.7905,0.00237830432634567
4.7921,0.00176354360499431
4.794,0.00273327027764125
4.8004,0.0150892384642614
4.8008,-0.00634537628180531
4.8031,-0.00763877163553595
4.8039,0.00755960065448402
4.8086,-0.00596776422847967
4.8118,-0.00726785927739826
4.8139,-0.00576664110255987
4.8149,0.0153080369821366
4.8184,0.000783078860673747
4.8198,0.0148022102215721
4.8244,0.00338067474431725
4.8263,-0.00609863368774377
4.8301,0.0121182293454138
4.8306,-0.00182111066195123
4.8336,-0.00165904889428603
4.8358,0.0114106162332384
4.8363,0.0169150724549665
4.8375,-0.00757397233066914
4.8392,0.00800488756369422
4.8403,-0.0058829017982287
4.8426,0.0155256054981807
4.8433,0.000268529205780688
4.8458,0.0155101403520428
4.8459,-0.00651479647803299
4.8486,-0.00346576420919043
4.8491,0.0103574701829707
4.8563,-0.00777618499017763
4.8591,0.0031652269989646
4.8621,0.0170727401040951
4.863,0.00732700978777689
4.8639,0.0110733474631957
4.8646,-0.00774432540786485
4.8684,0.00373702648743102
4.8719,-0.00370678225232268
4.8726,0.0044036528864515
4.8753,0.0145904556754628
4.8758,-0.00705688303330554
4.876,0.0129990055143017
4.8777,-0.00784447588176374
4.8846,-0.00637455041750812
4.8856,-0.00291227482058698
4.8873,0.0143868721612748
4.8884,0.0107918022065308
4.9001,-0.00755507094848706
4.9005,0.0170734976729001
4.9009,-0.00151958459974644
4.9038,-0.0023427626582766
4.904,-0.00267721307710911
4.9052,-0.00484624572760417
4.9053,0.00856383428081298
4.9088,0.01522593225679
4.9107,-0.00383256221516248
4.9116,-0.000375187715528469
4.9141,0.00975863736797589
4.9164,0.00941888629398679
4.9166,0.000814690622291891
4.9171,0.00178960294133468
4.918,-0.0021468986591211
4.92,-0.00252468728095323
4.9201,0.00842715645909298
4.9211,0.000862195244347497
4.9226,0.0130664508552858
4.9251,0.0106943922264007
4.9262,-0.00775238506107279
4.9282,0.00706263070920521
4.9286,0.00581776302780668
4.935,-0.00299477032368056
4.9353,0.00368504988834406
4.9358,-0.0066966126859187
4.9368,0.000839752973728736
4.9375,-0.00739863799729168
4.9377,0.0160640221014532
4.9377,0.0176591815341682
4.9469,0.00983879869122006
4.9479,0.0129436870307789
4.9504,-0.00635221004139286
4.9508,-0.00385963429665459
4.9528,0.0152440451191165
4.9559,0.00660239505362625
4.9599,-0.0029752772509779
4.9781,0.016768873146594
4.9816,0.0175496994990025
4.9862,0.00908821836625417
4.9866,0.00768570903388177
4.9915,-0.00291369939742125
4.993,0.0176877219223774
4.9954,0.00964781257397096
6.8438,0.00764690493125997
6.9182,-0.00467904290808718
7.0062,0.0217153536347228
7.3172,-0.000742797407728979
8.1686,0.0258452103522568
8.3056,0.0076308378890495
8.3345,0.0188126786768734
8.7688,0.0293903805919182
8.8423,0.0226581315146106
9.2581,0.032665715129049
9.6924,0.000216653582244319
10.0201,0.000452545752436251
10.0934,0.026520720632675
10.6826,0.0371102417275324
10.9237,-0.0170597490238844
11.4997,-0.000640613413612101
11.5357,-0.00723222619984831
12.4774,0.00803320373451832
12.5112,0.0447399280493102
13.0868,0.0182992472100842
13.132,0.0104755910306231
13.2812,0.00563779248052931
13.3138,-0.00168837877209249
13.3887,0.0263698202027225
13.7797,0.0393755024950035
13.8069,0.0478864164887085
14.047,-0.022871791541565
14.0716,-0.00354269334333068
14.1267,0.0441279558769221
14.3821,0.0498586281579687
14.4508,0.0332783010130608
14.4872,0.0103793480699768
14.6666,0.0468572130060743
14.9067,-0.00882782405247795
15.5279,0.0326040927135711
15.6574,0.0346478375953652
15.8014,0.0385735698230025
15.8154,0.0525579545319736
15.8703,-0.0191768961573118
15.9988,0.0216102667049434
16.141,0.0261994728029116
16.1816,-0.0230891548064207
17.2805,0.000509934907537257
17.4206,0.0591669449663179
17.4961,0.0604783417328143
17.5315,-0.0126247605769194
17.571,-0.0216254609917286
17.573,-0.0204070248706998
17.5821,0.0593941476879856
17.695,0.0160418424243893
17.8576,-0.00485338453856698
17.9121,-0.0292958840558697
17.9169,0.0443512504435581
18.0064,0.0349641436712247
18.0065,0.0633626773216847
18.2465,0.0371044772917024
18.5765,0.0573585621507497
18.764,0.057020131117401
18.9645,-0.00357059980849783
19.4042,0.053658872933994
19.4827,0.0675484078266528
19.485,-0.0255504491538368
19.5506,0.045775844639607
19.7466,0.0298657068240225
19.8382,0.0130262189988919
19.8918,-0.0137974165318333
19.9126,0.0522035489738784
20.033,0.00756093564562832
20.2195,-0.00625549004080028
20.3391,0.048521914636936
20.3657,0.0454955409768409
20.4578,-0.0343173724062815
20.6867,-0.020437787904303
20.7208,0.0728073191675094
20.7897,-0.0101585312360903
20.9074,-0.0297918608133863
20.9211,-0.0342077169385178
21.0654,0.0325983666833949
21.15,-0.0355822842953444
21.293,0.0619689535592123
21.3635,-0.0361808841883793
21.4646,0.0726672097765189
21.5167,-0.0329979599155799
21.6623,0.0642235137613376
21.746,-0.0152597382687212
21.8514,0.0738214064673421
22.2532,-0.029689655436016
22.3737,-0.0297366897538609
22.4288,-0.0348673591077393
22.5281,0.0795745227956708
22.6114,-0.0385442386899832
22.9609,0.0691106072538261
22.9945,0.0343773790983306
23.0256,-0.039236381418668
23.1529,-0.0387591598922619
23.4308,-0.0383115113337027
23.4786,-0.0314768622714361
23.4966,-0.0331533602130243
23.532,0.0811362611702471
23.5973,-0.0120452356147709
23.6164,0.0308464285015901
23.7032,-0.00764034925122559
23.7465,0.0229245323175675
24.0034,-0.0182559528588335
24.1024,-0.0362483519660586
24.3058,0.0862165151449261
24.3516,0.0275329172177727
24.5626,0.0426918236539713
24.5721,0.0651303647911057
24.6733,0.0406776051305791
24.6923,0.0800058051653814
24.8602,0.0756855167589485
24.9042,-0.0221918839757542
25.1753,0.086845018040755
25.3758,-0.0358747114612044
25.5572,0.0410387767299234
25.6589,0.0340870895881764
25.6747,0.0853260580814066
25.702,0.0139083636945081
25.7337,0.0037338150829811
26.0083,-0.045151771353769
26.0604,-0.0409685978896661
26.0796,0.0930864824327529
26.3408,0.0808362638921878
26.342,0.0226779476376286
26.3991,0.0940381515741358
26.5082,-0.0320902085652826
26.5139,-0.0464614545319932
26.5273,0.0261612530690094
26.5909,-0.00396080101272389
26.759,-0.0334727632951868
26.7591,0.0136777779358361
26.7654,0.0223112015173612
26.7862,-0.0457114092428483
26.8654,0.067020213250867
26.9927,0.065933784314268
27.1477,-0.0389095227087637
27.3109,0.00793113032758797
27.4366,0.0660875620686312
27.5405,0.0323472792149104
27.6023,-0.0484891639904141
27.6063,0.0977328006282683
27.8234,0.050414506604465
28.0472,0.0968780304146648
28.0935,0.0115217404421131
28.1601,-0.0493148920268318
28.2067,0.0350688317301007
28.2499,0.0187939134591346
28.4217,0.0105148293300132
28.4228,-0.0472597337106109
28.4695,0.0593033084583894
28.4838,-0.0501995571317728
28.5908,-0.0413779597135537
28.6244,0.0974488292050637
28.8062,0.00953536876497907
28.8228,0.102060257656831
28.8397,0.0980017365554637
29.0148,0.0997096083727698
29.0358,-0.0497734094131381
29.0817,0.096682207997052
29.1139,0.0828433646026703
29.25,0.0924218877977481
29.3023,-0.0402537063526367
29.3475,-0.0389826122653787
29.3612,0.0803596609011983
29.3696,0.0803653139581613
29.6722,0.0827259248689636
29.7839,0.105836659044371
29.8599,0.0860396811760396
29.9325,0.085633233636532
30.0538,0.104464380157982
30.1359,-0.0534082755564569
30.1624,0.0963148638411013
30.1784,-0.0536029547406329
30.2483,0.0529526987521578
30.2829,0.00457824527236994
30.2897,0.069117975585737
30.4147,0.102913503113509
30.4847,0.083961737257912
30.5113,-0.0499076875469235
30.5984,0.0541432614781634
30.7648,-0.0231957317867888
30.8067,0.100297196310017
30.8355,0.110306427940891
30.9589,-0.0209094333506705
31.0727,-0.0535712074506236
31.1008,0.10932957692691
31.1299,0.107140454364288
31.136,0.111211482454522
31.1539,-0.0493468534066572
31.2536,0.0305366717843754
31.3345,-0.0467514549157002
31.3998,-0.018889550789261
31.4994,0.0362183291307865
31.5296,0.0739498959573339
31.6606,0.0343778178616141
31.6701,-0.0234441070240443
31.7758,0.112477390389298
31.7922,0.110786404310019
31.9222,-0.0576357678050599
31.941,0.0545787680997094
31.9761,0.0983920797233182
32.1185,0.110169012737984
32.1349,0.0367363550096087
32.1879,0.0189040839467083
32.2136,0.102599235641101
32.266,0.0920824946480963
32.4088,-0.0149283898541341
32.4997,0.0969704484929821
32.5047,0.0127142711680577
32.5071,0.0975874110220545
32.5208,0.0186354512574241
32.5568,0.0995431992333664
32.6412,0.00880906789659264
32.6753,0.114135604239451
32.9062,0.107797912427849
33.0144,0.00782400994218335
33.152,0.118508672091025
33.2236,-0.0225051746439888
33.228,0.0724551910875135
33.2991,0.117146189352212
33.3046,-0.0461405345489112
33.321,-0.0582389412978372
33.4591,-0.0605504338878973
33.6172,0.0503942939944864
33.6248,-0.0593015017890153
33.884,0.0114769804955657
33.8938,0.00508794339690155
34.0292,0.121526532739274
34.043,-0.0260538993759667
34.0509,-0.00510181700065004
34.1431,0.0845424224840841
34.1886,0.0542011159468174
34.1919,0.0502579829430942
34.2403,-0.0622120387193732
34.2463,-0.0474289852587191
34.4135,0.0797437602066466
34.4334,-0.0349287348297622
34.5007,0.00201219168982192
34.5553,0.0595230333345711
34.6249,0.110553383636493
34.6558,-0.00960808751059261
34.7091,0.118065244392639
34.8778,0.106034946945854
34.9513,-0.0467006449418506
35.0638,0.124063208044014
35.1313,0.00379422005010355
35.1991,-0.0352414877529696
35.2842,0.0137948741115324
35.3072,0.0285181994209793
35.3821,0.12620823035607
35.3941,-0.028311278466802
35.4693,0.123467923791537
35.485,0.0763711888635612
35.5476,-0.0652614573296759
35.6523,-0.029914151133255
35.7182,0.125454922340367
35.8164,0.0315186483112271
35.9516,0.127368720138662
36.1051,-0.063487202622035
36.1345,0.110391134799087
36.2368,0.124063374148363
36.2819,0.0149789763635511
36.3032,-0.00118269656584147
36.3392,0.099109194386962
36.6971,0.039245924206007
36.7491,0.0420258047170421
36.8641,-0.0690839038327056
36.927,0.102302403546815
36.9496,-0.0285731039004844
37.0112,0.00427751571578483
37.1241,0.115480009588794
37.1305,-0.0668390917186059
37.1362,0.131681070263376
37.1699,-0.0571301661448658
37.2872,-0.0296121152377395
37.4187,0.100166606978441
37.4632,-0.0578201543649612
37.4809,-0.068546187369634
37.4926,0.00757573564812475
37.5032,0.0993368247225135
37.5251,-0.0681033586745983
37.5848,0.13175907754178
37.6566,-0.0188927349172658
37.738,0.134478967066642
37.7944,-0.0486414107039082
37.814,0.0272043516325482
37.8391,0.111561596962616
37.891,0.0847726293422326
37.9011,0.0768174596234488
37.9145,0.135604857982592
37.93,0.110799589757171
37.9546,0.0827818227455097
37.9742,0.13578666517688
37.9916,0.0888031605890021
37.9924,0.073562601893876
38.0381,0.135908584834183
38.1378,-0.0726506772841304
38.2679,0.117751586704699
38.3097,-0.0663602224665993
38.4142,0.131896212907556
38.4384,0.116862251203273
38.533,0.130294106053753
38.6318,0.116926651905601
38.6648,-0.0260057310213497
38.791,0.138715700099617
38.839,0.0441119879018927
39.0227,-0.00701451035529743
39.1249,-0.0736782424634157
39.1305,0.0100763419772818
39.1583,-0.040247328840934
39.1912,-0.00989120902897156
39.2069,0.126746461322519
39.2069,0.0733239325955921
39.2729,0.120983119806937
39.2822,-0.0708815373791154
39.3276,-0.0751233038083114
39.4611,0.129088730945732
39.4777,-0.0283245479732486
39.4874,0.138974171085088
39.6524,0.0996085499174626
39.6591,0.0551630374394279
39.738,0.00598162137440283
39.7993,0.0197003393373834
39.8101,0.0828500881379099
39.8357,-0.0620663577865486
39.8454,0.0506696481741074
39.8883,0.0683852969324832
39.9223,0.132943319671448
39.9227,0.0973857685696302
39.9838,0.0912234131892902
40.0122,0.131118336000569
40.0601,0.103415434055044
40.07,0.134931198753826
40.3571,0.110504820847247
40.4012,0.113668594693415
40.4115,0.0589083018615568
40.4229,0.091015779478461
40.4306,-0.0309412491916703
40.4342,0.0399636037287934
40.4472,0.139601475864119
40.5538,-0.0773210073923138
40.5957,0.122966796111328
40.6611,0.0988343080004128
40.6623,0.144654868901611
40.8015,-0.0770030231928942
41.029,0.146781916767168
41.0861,0.0374608851468921
41.1001,-0.0392646585522556
41.4352,0.147196768727376
41.519,0.127883856543242
41.532,0.0986645796735814
41.5371,-0.0656706002845766
41.5841,0.0497103759154882
41.708,0.0469846683470863
41.7344,0.146257886576841
41.756,-0.0592143077990812
41.8205,0.148813694415182
41.8267,-0.0762638853241029
41.8795,-0.0437988517351826
41.998,0.114338199020501
42.0483,-0.034059172798635
42.1531,0.0506954912899218
42.1777,0.103308323966253
42.2685,0.150095012073656
42.2794,0.144406861336122
42.3288,-0.0642909367893552
42.421,0.00550200074106755
42.4494,-0.0250195114343299
42.628,0.0451303904703337
42.636,-0.0412435338291957
42.6506,-0.0778706443502273
42.7899,0.0625944143966493
42.8023,-0.0042242330709712
42.8106,-0.0168662662411094
42.8418,0.120110409988847
42.8459,0.140538270576108
42.8974,-0.032679241244864
42.9107,-0.00108145977419838
43.0132,-0.0677388289914376
43.0481,0.143585542245553
43.0519,-0.0316259624613835
43.0594,-0.0802125788117394
43.1259,-0.0599519957423595
43.1636,0.0213256572834979
43.176,0.11321588058312
43.2035,0.0924843058425466
43.3547,-0.0750289713052439
43.4317,0.117634536894826
43.5067,0.0870061918677791
43.5272,-0.0148985515680025
43.5438,-0.0416866354785483
43.5866,-0.0583062916211006
43.6012,0.147889223023505
43.6061,-0.076440819924585
43.6705,0.146395416179573
43.7217,-0.0844663706591788
43.8038,0.134438656694336
43.8187,0.153276887638015
43.906,-0.0807982168106918
44.008,-0.0424159033995437
44.0993,0.0340262318181743
44.1424,0.117850706861304
44.1542,0.00954789712997695
44.1852,-0.0309302973170276
44.2332,0.129361170499564
44.2692,-0.0097365598222936
44.3189,-0.0877638680819786
44.4617,0.0921314226476824
44.6351,-0.0696051271041966
44.7509,-0.07846964279247
44.7627,-0.0760045861635064
44.7698,-0.0115621092805682
44.812,0.08639237405648
44.8198,-0.0605497260851493
45.0049,-0.0725104709276465
45.0179,0.133200123141037
45.0537,0.0944266234536357
45.1016,0.150395279034065
45.1042,0.136430127148948
45.1552,0.0571826553022277
45.1667,0.0248245753747298
45.1796,0.0626351188404399
45.2105,0.077130538199512
45.2351,0.119687281868437
45.4402,-0.0325850401634398
45.4413,0.162567472425536
45.4477,0.0937938521454598
45.5041,-0.0445923835720379
45.5373,0.0848193026241546
45.5435,0.140296552827799
45.5725,0.0923853680453846
45.6151,0.0535824419113666
45.7444,0.0301355667335983
45.7835,-0.0535692566166688
45.7921,0.0590850809370096
45.8,-0.0135791506121805
45.861,0.132300391028373
45.8644,0.0900430729215955
45.8939,0.121297431192737
45.9061,0.015540532650121
46.0144,0.161247829889298
46.1034,-0.0517655969348709
46.1523,0.000700921596198611
46.1821,-0.037424866630829
46.2115,-0.0354690223446212
46.215,0.0847217480420639
46.274,-0.0682465793505145
46.3347,-0.0920826582593364
46.5693,-0.0848926887078534
46.5883,-0.0260796556780818
46.6328,0.16610715422474
46.6355,-0.0415542104931035
46.8794,0.141903955321474
46.8894,-0.0806833248774339
47.0584,0.0241688846539319
47.183,0.0294668489727243
47.2583,-0.0758265017728945
47.2722,0.166324444191275
47.278,0.0364303830170698
47.5061,-0.024626562565409
47.6062,0.167948587545069
47.6719,0.121841631048731
47.6928,-0.0123295506584
47.6947,-0.0650442466370436
47.8399,0.0322121325435276
47.874,0.166831786907089
47.911,-0.0178060753424205
47.9338,-0.0949434688650967
47.9761,0.00862013091889935
48.0587,0.0893063977777686
48.1095,-0.00885527703257338
48.2437,0.15658349242225
48.2499,-0.0410938723026675
48.3372,-0.0558005198062688
48.4601,-0.0784287317042569
48.4634,-0.0242786833736233
48.4961,-0.0356197713936837
48.5301,-0.0689969377341058
48.5587,0.00854713367134252
48.5985,0.115949922701724
48.7585,0.163278484859568
49.0038,0.114284607316741
49.0522,-0.101992409468572
49.1119,0.16149893940694
49.1153,0.174041379236243
49.1329,0.151420589190906
49.2208,0.0829093959857516
49.4045,-0.0281631817312089
49.438,-0.102358420239554
49.4656,-0.0836074154585091
49.5469,0.033904161097432
49.6173,0.0664689856760319
49.6312,0.0775119947488818
49.6636,0.158511399818501
49.7198,0.122992578437199
49.762,-0.0357619317184046
49.7645,0.0444208627472307
50.022,0.163209870457585
50.1828,0.164355212120235
50.1914,0.17419821711934
50.1978,-0.0762630382113443
50.2256,0.0513527788568382
50.2676,0.0457966834955599
50.3528,-0.105106020741225
50.3602,0.178170030374403
50.3745,-0.087573204464249
50.4037,0.0277236458117329
50.4556,0.0585238508984958
50.5336,0.18082421671285
50.654,0.0972614395010538
50.7202,-0.0963058953142308
50.8224,0.0372847142469368
50.8271,-0.0609012436698109
50.8714,0.0754013260222663
50.9381,0.150709618855366
50.9801,0.0557088777779384
50.9837,-0.0352213355112312
51.0002,0.052714818327587
51.1693,0.151030671850954
51.2164,-0.0439375429023912
51.2364,-0.107723461878656
51.2992,0.0984737803885736
51.3213,-0.0922535588876343
51.3356,0.111077327158903
51.3435,0.178108432559704
51.349,0.066593112835335
51.3579,0.106387112369596
51.3983,0.103187607343521
51.4194,0.0971816194034147
51.4529,-0.0605169647381913
51.4613,0.174837465079385
51.486,0.163123853125221
51.5049,0.105825327886592
51.5162,-0.00162299766110863
51.6262,0.107627592271918
51.6763,-0.062303157092316
51.7216,0.130527187591042
51.7452,0.0608281136076769
51.8795,-0.0662178104835363
52.0802,0.119503847306291
52.0849,-0.0622388920807424
52.0875,-0.101849967324064
52.0911,0.144693405764627
52.1099,0.165229355319852
52.1317,0.0994824072039009
52.2176,-0.0445561158320871
52.2483,-0.0223337158876333
52.2779,0.0929769649366392
52.2815,0.186558085452553
52.3949,0.0809928694127819
52.4024,-0.0984755200023741
52.452,0.175287529934373
52.4918,-0.026030750703498
52.4958,0.0288710695064438
52.5133,0.161510129205709
52.56,-0.0462018743980792
52.5852,0.125725433755612
52.594,-0.040487075513191
52.6012,0.0561163897413977
52.698,0.104327499843478
52.7456,0.187872755348479
52.8746,-0.0823990857312182
52.8977,-0.00430314161177137
53.0559,0.18400398274207
53.0595,-0.112769479559446
53.1081,0.0547455777717545
53.1176,0.0250181678971018
53.1821,0.189174194931844
53.1967,0.027869993820147
53.2215,0.168944515929653
53.2434,0.0241531879749317
53.2842,-0.0721213462281938
53.2979,0.131225180248109
53.3576,-0.0743395057137448
53.422,-0.0283735304390405
53.4485,-0.00476692419918123
53.4745,-0.00460184451863199
53.4752,-0.0119774930505869
53.512,0.0462456526653554
53.5532,0.115731096078321
53.557,0.191053477034117
53.562,-0.0311602614580266
53.6073,0.191468026953814
53.6537,0.18559467050261
53.656,0.0405416607511597
53.6618,0.186819572050013
53.6661,-0.059346717247351
53.7655,0.167740375204531
53.8671,0.191423234546484
53.8696,0.0920161259481418
53.8714,0.147417669778122
53.8906,0.160354770890486
53.9199,-0.116683326856091
53.9886,0.00914840090542413
53.998,-0.0852325178586639
54.1197,-0.0111016434736158
54.1771,0.189189526872951
54.2434,-0.11737425674513
54.3107,0.100289540642088
54.3214,-0.101845295160224
54.4008,-0.000873070936819431
54.5127,0.0230286150132386
54.6207,0.0779286542619602
54.6416,-0.114529443995458
54.6924,0.0405271769616817
54.7819,-0.0144341692245433
54.8898,0.0294183630578857
54.9247,-0.0737925349426405
54.9337,0.192860628970671
54.9383,-0.0838907301721079
55.0421,-0.0146375070321838
55.1048,0.161208195010332
55.1581,0.180453429725119
55.1783,-0.109595236382752
55.1799,0.163986018446856
55.2962,0.180760357521713
55.3006,0.0847025246739364
55.3292,-0.120358734856225
55.4167,-0.00445347298659016
55.4186,-0.100843473674878
55.4286,-0.114047494844698
55.4958,0.1964908858223
55.5059,0.12398767271241
55.5695,0.0284243381152365
55.5715,-0.0735508088734989
55.5832,-0.036494847999073
55.6081,-0.0783987195213314
55.6381,0.15867943942559
55.6711,0.0943836092420156
55.7126,0.193621809553711
55.836,-0.119063992300063
55.8823,0.125338147909858
55.8894,0.182268277417649
55.9107,0.196430229789371
55.9205,0.186567766154717
56.0635,0.0416499436942672
56.1102,0.0301048986693715
56.1158,-0.0285638119652063
56.1344,0.125489325250896
56.1725,-0.0549505147043448
56.1927,0.200649414953233
56.2354,0.196101693159193
56.2463,-0.102163072324529
56.3023,-0.124119486861176
56.333,0.0298883834730077
56.3391,0.0838971813482061
56.3429,0.180065196356352
56.4511,0.0194877996762415
56.515,0.18965593699798
56.6092,0.193044770030092
56.644,-0.114411870661215
56.6686,0.156608286228185
56.7117,-0.123158580311632
56.7198,0.0239130518309096
56.7392,-0.00740971469747365
56.7418,-0.123308809019086
56.7574,-0.125764531158275
56.8373,0.0477815505987778
56.9739,0.200403602566297
56.9968,0.202805347177268
57.0677,-0.122368678494219
57.104,0.157498987939455
57.2896,0.0265859235262766
57.3163,-0.0698669126333016
57.3969,-0.0836123559767969
57.4236,0.065932730215998
57.4683,0.0382340906719207
57.4966,0.0702376400205154
57.5808,0.187124583056494
57.5881,-0.0123718525455061
57.6753,0.176431537809911
57.723,0.190860695575616
57.7938,0.199958469266107
57.8352,0.0709614934899747
57.8473,-0.0466181198357702
57.8628,0.206725708028394
57.909,-0.0615077910411514
57.9818,0.179676945446644
58.0122,-0.0446535581918042
58.0518,0.0282177258350202
58.0541,-0.0874733030282258
58.0775,0.0913190978608327
58.0951,0.0146155476806769
58.2036,0.00977720289002804
58.2083,0.0151726621514214
58.2513,0.0729788152775797
58.2528,0.206119145699148
58.2904,0.186949387497101
58.3989,-0.101529285929125
58.4591,0.208132086224417
58.5833,0.18567210075215
58.5979,0.198051045653408
58.6022,0.195935816191223
58.6195,0.110237093459752
58.6617,-0.00730597254380427
58.6662,-0.110863864723619
58.674,0.194311647384602
58.6923,-0.0981190020487333
58.7039,0.209961692217462
58.7169,0.00443530829083727
58.7283,0.192695745458785
58.7787,0.109378572551066
58.7845,-0.130488446644115
58.8406,0.139285972569233
58.8697,0.187163764168943
58.8714,-0.0847854096464786
58.8944,-0.112519460467126
58.9173,0.0987136930516357
58.9365,0.00540935101194862
58.9417,0.198144761493253
58.9498,0.208200072904887
58.9908,0.210882368682284
59.0478,0.0903756967676514
59.0947,0.191838523193809
59.097,-0.131854819897079
59.1812,-0.125602763884331
59.1833,0.20249062755844
59.2253,-0.062183578617109
59.2923,-0.0323416770205753
59.3308,0.07849902109119
59.3935,0.0529151061779203
59.5468,0.147035258219304
59.5485,-0.0277892908976014
59.5822,0.156956968586123
59.5857,0.18947759614624
59.6226,0.162250790225393
59.6632,-0.0364070393344988
59.6733,-0.126593266096364
59.691,-0.11856872501712
59.8684,-0.0206784175261419
59.882,0.0631033955834184
59.8863,0.214242141603748
59.8982,-0.0995118753383366
59.9249,-0.081670620333945
59.9657,0.208504849673773
60.0269,-0.119296561062598
60.0403,-0.110916734994042
60.0584,-0.133579057764507
60.2011,0.135330840549173
60.3259,0.0821249000723441
60.3347,0.198560461662936
60.3621,0.0672536149204603
60.4408,0.214649257293267
60.4531,0.0239531309154444
60.4601,0.0394905737914328
60.5081,0.182014478719495
60.5776,-0.138443991208476
60.5933,-0.109591817978895
60.6122,-0.0786629483861248
60.6223,0.0955121388671927
60.6396,0.205707863523173
60.6427,0.0705718111480991
60.6442,-0.106956269551787
60.6649,0.217049591251985
60.6878,-0.136296359637058
60.7054,0.0399324771341369
60.8379,0.165322179872113
60.9179,0.177294740051877
60.9387,-0.119779294380905
60.9443,-0.135429978063009
60.9624,0.187986943761473
60.9704,-0.0576413943047314
61.0485,0.114236740788058
61.0903,-0.140438470051052
61.1382,0.218741982839191
61.1869,0.0365564245776042
61.2745,-0.0396070020902499
61.2908,0.198200703802158
61.4375,0.217004720791806
61.5773,-0.141909064310404
61.641,0.0157461056255812
61.7127,0.208877629647681
61.7325,-0.0836159511621304
61.7407,-0.132414016993245
61.7459,0.172343345991536
61.7945,0.214477997860946
61.8831,-0.137532141423399
61.9169,0.125294268750942
61.9306,0.0186020048643059
61.9417,-0.139588320845014
62.0414,0.051542280373674
62.0547,-0.0387056111240511
62.0599,0.222010756050913
62.1075,0.00589053419685115
62.1366,0.133498375153756
62.1953,0.222515652680336
62.2118,0.220388261501377
62.3326,-0.0831162656411664
62.3851,0.0404191649511603
62.3879,0.220892785113961
62.4344,-0.0183673998487848
62.4346,0.0956316584350176
62.4663,0.132559096823925
62.5121,-0.0978948155366908
62.5192,0.219293533393042
62.7606,0.170199165388034
62.7903,0.162380082498636
62.8888,0.179476091730869
62.9154,0.215870117633962
62.9295,0.0843716087046502
63.0499,-0.0247961368060174
63.0651,-0.062415883317847
63.0782,-0.0325065269007396
63.0996,-0.145385438685672
63.1347,-0.127909004355764
63.1362,-0.143258472918532
63.1457,0.10097522265459
63.1554,0.225683808204529
63.1666,0.100151086419373
63.1786,0.175421477607443
63.2219,0.185464633687751
63.3008,0.0029419859980564
63.3075,-0.145140627219483
63.3117,-0.0522033388037855
63.3272,0.0781996691074696
63.4449,0.217661655103463
63.4601,0.226997472723177
63.4631,0.114270409482188
63.4786,-0.0184720474094036
63.4977,-0.0671046497736398
63.5353,0.187583051594835
63.5511,-0.098458085305559
63.6044,0.0749188035095187
63.6532,-0.0120254658959453
63.684,0.00625825001421276
63.7298,0.10869811201772
63.7874,-0.092092503155726
63.7908,0.177512391803383
63.8024,-0.0785971938615759
63.8776,0.178373370488508
63.9544,0.0884633833207715
63.9698,-0.145277134413426
64.024,0.190948531475122
64.0998,0.207625265588085
64.1825,0.168449646278049
64.2784,0.229428027615725
64.3112,-0.0394922867163956
64.3348,-0.140502792756038
64.3727,-0.0442790631890233
64.3936,-0.125906054009832
64.4119,0.152016988795864
64.4155,0.229391531034423
64.4597,-0.0709138053475158
64.5345,0.229133206159133
64.6132,0.160451503775846
64.6139,0.23121431262517
64.6151,0.0505734084063931
64.6572,-0.0662984909271387
64.7018,0.0654623337044882
64.7019,-0.0331463316146028
64.7485,-0.079692181956986
64.758,0.168274098768947
64.7585,-0.127835850441059
64.8176,0.185288128825846
64.866,0.21984288220402
64.916,0.195005950517029
64.9204,0.227656191192835
64.9487,0.217990952580081
64.9601,0.0119291456325072
65.0304,-0.151810900210378
65.0938,-0.102771265599429
65.1054,0.167007159799454
65.1851,0.118443450606691
65.1962,0.231455150968259
65.1976,0.0530739055941751
65.2211,-0.000868390067680025
65.252,0.233420555002283
65.2718,0.192822233803952
65.2731,0.106405230782499
65.4519,0.202693060108913
65.4622,0.042145442201587
65.501,0.23381121863008
65.505,0.184275595612931
65.5552,-0.155491823970351
65.5693,0.0428108315657596
65.658,-0.0868174934096544
65.6993,0.233678436346935
65.713,-0.128484093502522
65.7348,-0.10876215947826
65.7403,0.232753076858884
65.7647,0.234251599346479
65.8266,0.0541130509155465
65.9006,0.228772867635712
65.9018,-0.04490782712179
66.0139,0.218768418498712
66.0251,-0.15486506962236
66.0265,0.233710448822549
66.0455,0.235814225261379
66.0505,0.165167735693686
66.071,-0.0370963958592654
66.157,-0.158331903516924
66.274,-0.0663526025261376
66.3299,0.0659125838165409
66.3927,0.209033019257944
66.4193,0.209661103064491
66.4659,0.0611168408256617
66.5088,-0.137893557545937
66.5331,0.236539127936481
66.5369,0.218653527023548
66.5912,0.0783065603366992
66.6236,-0.150931454852881
66.6771,-0.159297770433298
66.7023,-0.114059848161034
66.7036,-0.0924528307321566
66.7676,0.182399353322836
66.7916,0.187395046856992
66.8121,-0.159534908205629
66.8436,0.19277517629439
66.8453,0.00388752320542096
66.8593,0.226083331225013
66.9145,0.236938832851862
66.9696,-0.0233106164549071
66.9705,-0.107321378319995
66.9712,-0.155903944428431
67.063,0.0992748257924347
67.0893,-0.159039282895819
67.0917,0.235648559653214
67.1351,0.0274844126436307
67.1615,0.239633566204191
67.1696,0.189851677580705
67.2168,-0.141536816210419
67.2226,0.226708845858283
67.2253,-0.0401909200786434
67.3,0.150314140701809
67.3529,0.19301495720245
67.3911,-0.0492066403301408
67.4458,0.124908068927454
67.4583,0.241328999804679
67.4802,-0.161453302004659
67.4898,0.126426094842444
67.4909,0.241435402588266
67.6788,0.191810577435959
67.6813,-0.157794753072096
67.6903,0.172934647930489
67.7202,-0.00996701704981717
67.7534,0.0385593440012144
67.8028,-0.153815755433001
67.8124,-0.153123911156825
67.8254,0.00453466482328224
67.8274,0.159038267559609
67.8612,-0.161983901949256
67.8656,0.241299293229048
67.8729,-0.0586063541350939
67.8781,0.238941702533666
67.9149,0.243035968558686
67.9242,0.235207422908388
68.0287,-0.162133240864364
68.034,0.190846880074815
68.0609,0.102552860033896
68.1879,0.183688539693918
68.1973,-0.0768005562936196
68.2627,0.234898852236455
68.3058,-0.127879504443655
68.3305,-0.0341996175762347
68.3811,0.0342630127525894
68.3847,0.233557533301308
68.4011,0.0968464217669265
68.4032,0.180330843548717
68.4642,-0.102790187553651
68.5098,0.151729617977594
68.5219,-0.099910404550684
68.5385,0.211009047849771
68.5451,0.0666420749349044
68.5528,0.223899738316916
68.5918,0.237391222086259
68.5951,-0.159313863292596
68.648,0.175676113913269
68.7166,0.169910889353645
68.7462,-0.164009062467798
68.7897,-0.0176679885889826
68.8147,0.240307167840854
68.825,0.0361336523620679
68.8372,-0.0619986473744802
68.8519,0.237510774551964
68.8586,0.148626852395964
68.8656,0.140669210781297
68.9025,0.223453999410836
68.9102,0.246116454264495
68.9192,0.236960778423224
68.9523,0.204295480966437
68.96,0.171770942216952
68.962,0.246694632565308
68.9887,-0.162018211217429
69.0055,0.242274633422852
69.0077,0.17000116631084
69.0688,0.20499013906317
69.084,0.0254164400400043
69.0932,-0.0148812093851802
69.2551,0.0835470045579285
69.2799,-0.167538975842433
69.3215,-0.16271305847475
69.3437,-0.00550516492202746
69.3948,0.0864034945913659
69.5041,-0.058369120082844
69.5491,-0.114005199210354
69.578,0.0683448091289733
69.579,0.210459912645803
69.6206,-0.127976508879129
69.6409,0.00669678533127183
69.6563,-0.142714120498937
69.6676,-0.100173379770254
69.6832,-0.0485242608582013
69.6992,-0.0929098478473804
69.7475,0.243984925345103
69.8454,0.244127552096629
69.86,0.175777724039435
69.8807,0.242875614274084
69.8944,0.248679234897992
69.9187,0.206955549866848
69.9517,-0.122054844049771
70.0006,-0.0980963211629984
70.0827,0.131054522721968
70.1468,0.234619189240462
70.1545,0.242510003137198
70.2298,-0.0435618291057409
70.2754,0.196343052434216
70.3391,0.170690319247356
70.3825,-0.0436161012453624
70.3917,-0.1018391293956
70.4688,0.249873479108885
70.4741,0.252231758639752
70.5361,0.154089995609439
70.5581,0.0409667499899058
70.5636,-0.103485883701381
70.5893,0.20961948256371
70.595,-0.0295566565721401
70.6274,-0.173911249275676
70.6452,-0.1622204012221
70.657,0.00565297486608074
70.6618,0.188686934852825
70.6832,-0.0468018048430423
70.7078,0.0120104741112357
70.741,0.206817126086406
70.7508,0.00739198541795361
70.8403,0.253414280293129
70.9001,0.0344314314787084
71.0142,-0.073856893082052
71.0746,-0.0260052107152404
71.1469,0.157477674088085
71.2285,0.254585713861658
71.2322,-0.176631403905972
71.2666,0.143456170133888
71.2741,0.153998228465611
71.3124,-0.131196712958385
71.3431,0.124109124960697
71.415,0.239094906611342
71.4422,-0.08303363504929
71.4728,0.24700120230392
71.4954,-0.167054624356808
71.5402,0.251464137707188
71.566,0.122152938319971
71.6181,-0.0347368226691742
71.6192,-0.178204059043154
71.6308,-0.162377612376019
71.6812,0.0363024704027879
71.7058,0.241824002643909
71.7157,-0.0491204085309107
71.7245,0.227369760853819
71.7349,0.056952934321771
71.7814,0.25685748953947
71.8379,0.123373206019764
71.8749,-0.037162431455755
71.8896,0.00675320503459886
71.9419,0.257164215451667
71.946,0.0710136177505376
71.9544,-0.166028666950155
71.9997,0.200925372844125
72.0453,-0.12145025296519
72.1601,0.257305761090933
72.1634,0.222242325392358
72.2788,0.203518324335462
72.3233,-0.133524553420642
72.3464,-0.00570059060765971
72.3667,0.230434035285626
72.3869,0.104235569097028
72.5593,-0.181091502173942
72.7181,-0.139474363848919
72.7475,0.259111104165825
72.7717,0.24199231077607
72.7794,-0.180346330320489
72.7845,0.113309810740446
72.8164,0.0128330933676324
72.8922,0.000687066191815688
72.9115,-0.0225536669917403
73.0445,-0.15808716376533
73.0953,0.261248779457063
73.1066,0.214533179960725
73.156,0.0315470342121671
73.2304,0.207892883103241
73.2828,0.262163932325407
73.3132,0.189941255210698
73.3169,0.250959978562108
73.3255,0.0544486643044735
73.3638,0.254178762161843
73.3864,-0.0532572493058865
73.3997,-0.184105077342579
73.4484,-0.0944724518056859
73.4588,-0.00425526045405888
73.4638,0.123604062343333
73.4738,0.201003621218661
73.5148,-0.0899148817130566
73.5383,0.26293375473341
73.6089,-0.183580401799162
73.6345,-0.0624168469195752
73.6439,0.262917187589636
73.6564,-0.14814894925378
73.6948,-0.0608723112852942
73.7503,-0.17096975502534
73.7529,0.0673905351028168
73.7883,0.203169776134345
73.7932,-0.187470418868472
73.7947,-0.18680794586443
73.8692,0.115252289729284
73.8709,-0.182633275753602
73.8788,-0.107572735706682
73.8929,0.25822622261434
73.9482,0.0597223668987255
73.9622,0.121234741216838
73.9663,0.17589254079661
74.016,-0.0810878797830838
74.0331,0.257506075910428
74.1542,0.241786387804439
74.1723,0.150132025863556
74.1742,-0.149041019595714
74.1813,0.241310457606531
74.1945,-0.00972371221557466
74.2715,-0.043624168575505
74.2976,-0.0925683493156129
74.3013,-0.137677287376093
74.3252,0.239221935915992
74.3316,0.264819539336273
74.3544,0.266204021278639
74.375,0.24803249921392
74.4371,-0.182693596584315
74.4496,0.256721836424035
74.5834,0.264061849124516
74.5914,-0.175631391808096
74.6158,-0.118843476077402
74.6338,0.169247081515493
74.7166,-0.0135873019484478
74.7547,0.0914711259880079
74.7717,-0.144726665892406
74.8304,0.198608278706047
74.872,0.0229109205426141
74.8741,0.126348853230596
74.9233,-0.139818051010053
74.9534,-0.0213091666111325
74.955,0.268347675975178
75.0133,0.263377980154388
75.0961,-0.192353118971823
75.1639,-0.191384690341721
75.2261,0.26917604335901
75.2415,0.266268926306026
75.3081,0.251910124433365
75.3216,0.243286644447437
75.3381,0.268841161881724
75.3614,0.0398742409838491
75.3692,-0.0872759859504271
75.3752,0.0618230755323452
75.4116,-0.128633696598328
75.4273,0.259735223954976
75.4285,0.104480938041078
75.5166,-0.102202557262004
75.5397,0.248707395126473
75.6779,0.271004197792138
75.7124,0.269262300814603
75.8125,0.270549994756962
75.8285,-0.19541856117786
75.8525,-0.0276532147273656
75.8544,0.0615088646110991
75.8713,-0.173752462731201
75.9011,-0.0919029614576488
75.9857,-0.0758504388138448
76.0316,0.0130915857354381
76.08,0.159246449843948
76.0833,0.186751719593715
76.0883,-0.135887481707925
76.0972,-0.161130782499015
76.1047,-0.0880747407374258
76.1849,0.0897444543241761
76.2693,-0.192464184873103
76.2787,-0.151540566130308
76.3471,0.0833597980401635
76.3717,-0.1166852982156
76.3984,0.175156406025735
76.4348,-0.19884889564662
76.4385,-0.0991958638426524
76.4502,-0.154768295665747
76.4611,-0.195625251249453
76.5068,0.173175327266591
76.521,0.205308552234101
76.5814,-0.0687334080266595
76.5858,-0.0871017529068894
76.5962,-0.173776945641123
76.6648,0.00943021840701874
76.7357,0.21008688359511
76.7391,0.188413042198491
76.7424,-0.131137126729953
76.7445,0.271460976041567
76.7564,0.0157951790495616
76.768,-0.0926155678905758
76.7791,-0.16455745539794
76.8178,0.235634495580243
76.8264,0.274884435109243
76.9733,0.274909265148764
76.9929,-0.113710640275585
77.0151,0.247529490686375
77.0399,0.264943648409997
77.0872,-0.193368342252285
77.1713,0.128092901735457
77.1784,0.188270974432825
77.2062,0.173452593021693
77.2435,0.0573803387759426
77.2521,-0.172767655326425
77.277,0.271620701546652
77.3299,-0.195130605655365
77.3896,-0.0678143530271171
77.4642,0.222527837705101
77.543,0.01130743855731
77.5669,0.274687987568697
77.601,-0.187182593282387
77.6207,-0.131021982235723
77.6341,0.277547541756135
77.6503,-0.200345059370719
77.6534,0.19222058679992
77.6756,0.258107578402516
77.6973,0.278153632396069
77.6989,-0.119898383271263
77.8462,0.0887532795818657
77.8703,0.278158531661717
77.8867,0.27193315303397
77.8914,0.190979115655651
77.9174,0.0617329024713769
77.9303,0.0150951215332498
77.9366,0.0991838015747391
77.9794,0.279489412460933
78.0147,0.0221686938196939
78.09,0.089862077526476
78.1039,-0.204685616322436
78.1572,0.130913667432495
78.1772,0.275264769450928
78.1777,0.0876310630831796
78.1817,0.12955184302696
78.2277,0.261288975886018
78.2346,0.0162182747887414
78.2355,0.267902887053864
78.2677,0.196994628530078
78.2914,0.0572646974831059
78.3545,-0.0750968771581171
78.4181,0.127244497409777
78.4244,0.123000828361199
78.4338,0.280769652434103
78.4606,-0.203978570642391
78.4922,-0.204703053794304
78.4981,0.0910620774846507
78.5856,0.252654010832899
78.6131,-0.0926490000032061
78.616,0.278295322566322
78.6252,0.281889502929559
78.6319,0.124319187065751
78.6342,0.222721124344488
78.7048,0.0942828095798944
78.7385,-0.188914515469193
78.742,-0.188512434409816
78.7655,0.24323438176458
78.7756,0.275684624743448
78.7835,0.27805219256426
78.7842,0.126942982573013
78.8074,0.239714454970454
78.8224,-0.207651037956836
78.8233,0.0285332953648663
78.841,0.281992122082258
78.8591,-0.208835507418243
78.9403,-0.103838598702126
79.0469,-0.0652472432696669
79.0662,0.180910780415246
79.0967,0.282555208876076
79.1251,0.283075366708218
79.1567,-0.0563808009654565
79.2415,0.267086205327487
79.254,0.0168191279248759
79.2874,0.283644608580829
79.3573,0.149547956727133
79.3602,0.2251446515628
79.393,0.174113500746117
79.3987,-0.0665703441444663
79.4101,-0.0857788373860586
79.4134,-0.203564613336766
79.4169,0.0639259765815154
79.4408,0.117532403513891
79.445,-0.162877622111097
79.4611,0.247189105172737
79.4771,-0.0707100111343522
79.5461,0.269638678210143
79.6514,-0.0780885637914253
79.8665,0.113643063663005
79.8716,0.28602459639184
79.9297,0.285136754139316
79.9594,0.260407272269816
79.9646,0.285694683505142
79.9666,-0.00687379404043043
79.9694,0.184164675947713
79.9755,-0.212312675020954
79.99,0.125339744995046
79.9906,-0.0634724969550859
80.0081,0.0857996607020652
80.0661,-0.0939866803342113
80.0709,-0.202115955172459
80.0774,0.227882050544466
80.1385,0.286744987442333
80.1669,-0.144665280498387
80.2061,0.0888336860969616
80.308,0.109280892883291
80.3417,-0.0392444116388759
80.43,0.0894334386341171
80.4483,0.287837415089086
80.5096,-0.208390232741493
80.5356,-0.0674357442864277
80.545,0.114741673901776
80.553,-0.115957953121281
80.563,-0.201983832886455
80.5835,0.0694450967485523
80.6008,-0.110269869659874
80.6286,0.289581146698637
80.6876,0.261509641678131
80.7507,0.28697253460588
80.8267,0.147693948154767
80.8529,0.269214615810739
80.8718,-0.211667130861684
80.874,-0.0763734984124227
80.9574,0.283437971510153
80.9742,0.215796327116308
80.9784,0.285033464343712
80.9864,0.201874205420239
81.0036,0.192768185784217
81.0041,0.127958185954554
81.1324,0.250276107028114
81.1515,0.29034775760698
81.1904,0.238746437516326
81.2461,0.274293340957271
81.3134,-0.164439287677965
81.3355,0.292087190572161
81.3392,0.216495667445429
81.379,0.257828871124431
81.4075,0.235292583040646
81.4367,0.291200764127581
81.482,0.291878764739906
81.4922,-0.0464213085812304
81.5592,-0.122983974163148
81.5684,-0.0956739687481871
81.5835,0.29221923672894
81.586,-0.203954898222392
81.6015,0.232574401956853
81.6425,0.217425774443655
81.6795,-0.0829828727206774
81.8165,0.225059699929758
81.9462,-0.113524808533555
81.9867,0.0233878092082023
82.0215,0.29374626054036
82.0362,0.272209165664719
82.0598,-0.00209183911009347
82.065,0.293769320627902
82.1399,0.27765976586771
82.1509,-0.0817646785491206
82.1697,-0.207573631886376
82.1948,0.290393763532165
82.2779,0.293373862990464
82.2895,-0.124994873299997
82.3553,0.0668325479191623
82.3677,0.271553308053726
82.3788,0.0250174064311182
82.3891,-0.176064769032578
82.4194,-0.223740193359376
82.4318,-0.225608966206778
82.5086,0.0380256426770842
82.5475,0.263064352131209
82.5657,-0.220976607371469
82.5753,0.249179668363595
82.5982,0.124898965916486
82.6144,0.294628462170664
82.624,-0.0089003251401607
82.7025,0.296119142009076
82.7354,0.294792155965723
82.7399,0.234875443700361
82.7414,-0.0700777320980848
82.7595,-0.13451976984652
82.7794,0.295518118886562
82.7977,0.130411805861243
82.822,0.209072514766589
82.9082,0.294840846308617
82.9144,0.144859535646177
82.9241,0.297516537268535
82.9453,-0.062169632023128
82.9462,0.15961376987471
82.9707,0.294303731269494
83.0119,-0.225147004527628
83.1072,-0.0868750029235059
83.1161,0.299529974844702
83.17,-0.111166465011422
83.2474,-0.0447601164724887
83.2947,0.0446702644974266
83.2953,-0.113134655861813
83.2979,0.238705639087527
83.3194,0.266696637469792
83.337,-0.180872145469451
83.3466,0.0464253152576646
83.3856,0.299259696578275
83.4299,0.199669463771826
83.4644,-0.221649651484668
83.4692,-0.204444477522927
83.4795,0.251178446114537
83.5018,0.293083899431551
83.5321,0.301127860243938
83.6621,-0.131309129214372
83.6623,-0.226547613318232
83.6679,0.109393549907068
83.7042,0.109083741597587
83.7658,0.292343712410641
83.7827,0.223259228361101
83.7997,0.153028101683063
83.8296,0.300032753722277
83.8426,-0.0713479960587762
83.884,0.239736645185502
83.8875,0.0476692120193434
83.9004,0.162169930150185
83.9226,-0.228107072126363
84.0406,-0.123152814591847
84.0571,-0.011661056990917
84.079,-0.229694662570481
84.1194,0.264691205643473
84.1531,-0.114217233584128
84.171,0.0515144480385032
84.1753,0.303816066400387
84.1926,-0.173928241339894
84.2162,0.0652980530451117
84.219,0.247650407078638
84.2247,0.304030031042359
84.2365,0.295523995201179
84.2384,0.108050358441417
84.266,0.30346043556834
84.3027,0.00787106840887475
84.3392,0.296236517758118
84.383,0.250409981186706
84.4081,0.0887502955133215
84.5056,0.303494960478659
84.5622,0.277963718423251
84.5679,-0.128257431338099
84.5779,-0.184067316632721
84.6217,0.197086096724021
84.6671,0.289522368680466
84.7065,0.276688073938928
84.7511,0.145148161435699
84.7533,0.159334872889204
84.7894,-0.200107563086817
84.8307,0.233335010554981
84.8484,0.00331924048985854
84.8961,0.249841716970778
84.9419,-0.175236382883469
84.9516,0.278713544850632
85.0527,0.297516680531857
85.0708,0.277270779662572
85.0723,-0.165494188636501
85.0811,0.304404742502129
85.1626,-0.237853105792738
85.2157,-0.211045325329081
85.2214,-0.159656154995744
85.28,0.305489707645549
85.3398,0.305144666453927
85.3542,0.305766591810723
85.3674,-0.137872608078425
85.4024,0.308784511704118
85.4308,0.202671203531807
85.4581,0.053572599157846
85.4587,0.192892208969383
85.4643,0.0623438667627454
85.54,0.223405010528992
85.5443,0.298264714082876
85.5707,0.188977818084027
85.5962,0.309158375380989
85.6101,-0.029743877553841
85.6272,-0.140046905869653
85.6336,-0.0794657005220074
85.6556,0.0532297290395007
85.6948,0.15852296631229
85.7573,0.309505808125621
85.7871,-0.199671045089943
85.809,0.282831079822628
85.8612,-0.113723425656502
85.8849,0.000518241176351353
85.8865,0.26454745782047
85.9138,0.310284635851559
85.9202,-0.241879482548455
85.9239,0.277022257175688
85.9305,0.306376486314917
86.0135,-0.0898060258143971
86.0686,0.309251385226716
86.0924,-0.167713354306542
86.1273,-0.0994039249890761
86.1479,0.302061737139837
86.2361,-0.0604112673671722
86.2488,-0.215199325055792
86.249,0.227109669588756
86.254,-0.103976228089536
86.2579,-0.101332365458418
86.2639,-0.24185992802667
86.2792,0.283345498654782
86.3368,0.0136760485982848
86.3614,-0.000695368867695834
86.3622,0.296622118680673
86.4289,0.0437254149599937
86.4386,-0.184118499116479
86.4727,0.304661403677272
86.4756,0.285217525285333
86.4902,0.291941512379395
86.5121,0.311202260469017
86.5929,-0.238913078830663
86.6029,0.236441115123696
86.6859,0.0932079485573212
86.7037,0.308580611944961
86.7306,0.310883036889464
86.7638,0.247475530274187
86.7692,-0.24496329705164
86.7942,0.281682228498639
86.8553,-0.214148477288916
86.8844,0.311144661782109
86.9406,0.264376110581338
86.947,-0.207022313989029
86.967,0.268913699780285
86.9782,0.202855753899399
86.9857,0.231657700293454
86.986,0.255082042633902
87.0135,0.13904350529873
87.0407,0.306460497428546
87.174,0.0496744577566375
87.1778,0.312192663557767
87.2257,-0.0499068131393869
87.2534,-0.231758625881469
87.2615,-0.245897251586868
87.272,0.316036244994308
87.3347,-0.22565091492342
87.4323,-0.123185462779901
87.5709,0.232388697129977
87.5902,0.314874404717898
87.6317,0.313670742856061
87.6522,-0.219291529963257
87.6692,0.316201367720979
87.6736,0.267750882538323
87.6744,-0.0842255130762339
87.6898,-0.243311590640403
87.7035,0.275731935564181
87.7694,0.1563056325909
87.7948,0.113481410130703
87.8667,0.308596623081016
87.8693,-0.201964579455691
87.8848,0.31615003518904
87.9411,-0.168426046284566
87.9734,-0.149004370542414
87.9945,0.0282170339047667
88.0083,0.314680578555965
88.0112,0.317209981335665
88.0545,0.059483474206246
88.0551,0.139511591313337
88.0761,-0.231244216275584
88.1026,0.0370336972574421
88.1281,0.100160920454726
88.1389,-0.130054460340119
88.1977,0.243022695483688
88.2236,0.319713801472091
88.2803,0.104883255935192
88.2922,-0.0259605204893631
88.3546,0.239476671225077
88.4191,0.156804806261732
88.4287,-0.0536609268959012
88.4386,0.14431874538451
88.4625,0.218409481394374
88.4896,-0.158967108850348
88.525,-0.23301647751164
88.5337,0.172281167109276
88.5619,0.111936770643041
88.576,0.032423543210129
88.6088,0.253131793618223
88.6277,0.32119020055346
88.642,-0.244436448960414
88.7132,0.167034917525882
88.7796,0.321018699203464
88.7944,0.31794730899172
88.8356,-0.253206509770223
88.8849,0.131529430881756
88.9122,-0.213703458672981
88.9484,0.202607749948726
88.9507,-0.188483487351988
88.951,-0.102301851709598
88.9591,0.181858817392609
88.9622,-0.251130326149763
88.9652,0.155643040023534
89.0575,0.0397769255600053
89.0863,0.317052248004927
89.0989,0.318715068601051
89.1054,0.320767489247814
89.1108,-0.224109541378056
89.1373,-0.227653757073938
89.1642,-0.249786938958906
89.2384,-0.138060548080929
89.2601,0.209225114713405
89.3687,-0.0221756619628337
89.4088,0.240759600494982
89.4395,0.326370901380926
89.4441,-0.0876334372036496
89.4938,0.255835470557287
89.5715,0.243379654291004
89.5767,-0.1040967277589
89.5778,-0.206941658208166
89.5837,0.287814671712596
89.6424,-0.253061216931712
89.644,0.320850973525594
89.6695,-0.0178691457327318
89.6703,-0.209748053937133
89.6842,0.322960771349798
89.701,-0.10419965959936
89.7016,0.189249304409728
89.7157,-0.0959132686144386
89.7794,-0.256534861859492
89.8206,0.14384729247665
89.8333,0.184906093536725
89.9005,-0.0217134216797774
89.9171,0.316924543797896
89.9236,0.295809268757779
89.9422,-0.133945535984708
89.9597,-0.218676312318905
89.9935,-0.215784509446209
90.0605,0.325630477792117
90.0837,0.264679363394237
90.1096,0.323664215793798
90.1605,0.0688663957264168
90.1652,0.309731675658057
90.1889,0.322969440912601
90.2283,0.32926011227238
90.29,-0.132461729924245
90.4112,-0.104303204341264
90.4122,-0.139896958308711
90.4241,-0.261729788519276
90.4639,-0.260904596104723
90.4702,-0.257326881968027
90.4716,0.0250198768576553
90.4781,-0.220558552440295
90.4937,0.256324337497773
90.5321,-0.226877989268004
90.5513,0.149468693880692
90.5669,0.329352260484654
90.5773,0.315059320809752
90.5946,0.330758117137805
90.6169,-0.18175838241298
90.6585,0.33128432493173
90.7304,0.330224869986893
90.7492,0.0398971184692982
90.7538,-0.0949504562916275
90.7601,0.307863485283619
90.7692,0.217058899748935
90.7935,-0.254116456070463
90.8648,-0.170757794737426
90.9355,0.325476484251396
90.9421,-0.241319988620049
90.9658,0.234012997337572
90.9866,0.330610959214937
90.9905,-0.160661259668998
91.0958,-0.0389108011922872
91.2013,-0.172359552311605
91.2219,-0.264071810134823
91.3301,0.303627479020392
91.3313,0.320297135475698
91.3692,-0.217214178935947
91.4007,0.328483012689333
91.4185,0.320532797991874
91.5185,-0.127908440707813
91.5254,-0.267261984477898
91.5648,0.332363587335152
91.5718,0.334583325108639
91.6035,0.230228848303156
91.6655,0.0041990897533708
91.6736,-0.188166373532084
91.6886,0.323889989052589
91.7082,0.158435416205464
91.7105,-0.128620474519749
91.7132,0.135866609978407
91.7251,-0.198062917721984
91.854,0.328689158908077
91.9023,0.123729541786304
91.9269,0.319378831584558
91.927,0.328796539951256
91.9578,-0.159758406004457
91.9776,-0.256649708859442
91.9975,-0.222168383092992
92.0015,-0.111949324703886
92.0814,2.91449718616832e-05
92.0899,0.197536248603711
92.14,0.330946846667004
92.1447,-0.18782186559676
92.2776,0.30564299567969
92.2829,0.163479020992256
92.2853,0.181775490268635
92.2924,0.18232338118051
92.3183,0.331034574201453
92.3351,-0.20330018116249
92.4006,0.332150117255964
92.4529,0.120079965532398
92.4683,0.338003734267573
92.5176,0.27724349976593
92.5259,-0.234852232896444
92.5372,0.146892365064943
92.57,-0.0465824817308373
92.6071,0.22752001011564
92.6101,0.110089697257393
92.6129,-0.181259407143315
92.6275,0.309466491988886
92.6638,0.282452650283631
92.6922,-0.273218372094775
92.6966,0.338338071987593
92.7294,-0.187569276685608
92.7335,0.33176877418569
92.7575,-0.213216089443549
92.7695,0.331457478475556
92.7767,0.341420837796818
92.8473,0.0748288877013721
92.8745,0.0701562041899422
92.8942,0.217202656051001
92.8985,-0.258786896505327
92.9298,0.340433488258199
92.9346,0.327758787946948
92.9511,-0.259161420742501
92.9538,-0.27631451777971
92.9711,-0.0377530021242904
92.9738,0.33392158939337
92.9916,0.246689759317448
92.9931,0.132452496037288
92.996,0.0604454688223512
93.0304,0.0750405681190216
93.1024,0.289008123758492
93.1143,0.00583824885454476
93.1748,0.0355852663813607
93.2509,-0.0810705228172566
93.292,0.136274790749283
93.3175,0.333952198542775
93.3207,-0.193158779657765
93.4066,-0.0151232130468486
93.4281,0.243267781538307
93.4401,0.336959737918704
93.4886,-0.166285868877168
93.4929,0.339208932206233
93.5027,0.155380973815426
93.5265,0.0446240839066547
93.5464,-0.0611286639957882
93.574,0.104927467929684
93.5961,-0.26810919305963
93.5999,0.332107872765036
93.6093,-0.229533101427094
93.6607,-0.198074476374458
93.677,-0.0295930819413002
93.6834,0.338507327721985
93.697,0.090220181456715
93.7017,0.260693914848147
93.7138,0.31861219439088
93.7155,0.310433402124588
93.7592,0.343874613550497
93.7688,0.100432198794053
93.803,0.336059007827657
93.8738,-0.109626598899524
93.9175,-0.264115082134367
93.9215,0.0471504564809777
93.9365,-0.272597793509647
93.9454,0.34224156405601
93.9665,0.345875020161458
93.9804,0.175429887067182
94.03,-0.279397774041286
94.0827,0.175017255259363
94.1417,-0.27325906214466
94.2286,0.337253394783005
94.2378,0.32105178044489
94.245,0.339411640199671
94.2516,0.202301245841085
94.258,-0.188831976747593
94.2782,0.337353649548561
94.2829,0.337798110935964
94.2893,-0.179199229742395
94.3788,0.315548713073213
94.3886,-0.232559683501833
94.3918,-0.249572047008613
94.3967,0.338062853215604
94.403,0.161896215670268
94.4063,-0.2752940344877
94.4104,0.214323911249565
94.4244,-0.101568724266983
94.4324,-0.0963740223340182
94.4481,0.246521823822548
94.4547,-0.283909624906016
94.4784,-0.18077731045237
94.4951,-0.214802381246756
94.5011,-0.0571532743757217
94.5201,-0.27968182586973
94.6001,0.133087297935674
94.6204,-0.26969135706841
94.672,0.0123417437502837
94.6754,0.218651818348846
94.7368,0.311964390415014
94.7705,-0.0275204063426884
94.7806,-0.0256402375170239
94.8286,0.182545077357105
94.8521,0.0187949491188988
94.8569,-0.266961800787811
94.861,-0.233958482696195
94.87,-0.28429040826741
94.8729,0.339457632737933
94.8736,0.117954340796942
94.8934,0.34775066465906
94.902,0.25936824154094
94.9162,0.33769867206027
94.9732,-0.282897096059884
95.0066,0.255658543158759
95.0117,-0.153148308542541
95.0122,0.20650208856793
95.0359,0.319325841051892
95.125,0.247757064794143
95.1257,-0.198202087002556
95.1832,-0.157220372064145
95.1906,-0.27959513619443
95.2156,0.295501698393778
95.2478,0.349523618463081
95.2647,0.346702158532167
95.2655,-0.208857452755112
95.2797,0.268723422039514
95.304,-0.0867266991695317
95.3106,0.350733422295448
95.3548,-0.0164965748172108
95.3929,-0.183039855644921
95.4037,0.261203694258896
95.4066,-0.217502080057756
95.4471,-0.265139750269
95.5005,0.0117263558088467
95.5363,-0.160201317243065
95.5429,0.351898540213242
95.5706,0.282054492371387
95.5738,0.0379778245187765
95.5818,-0.268378887083088
95.6276,0.154325294699859
95.6303,-0.256379345927911
95.6491,0.0223415796702113
95.6621,0.155541060721845
95.6854,0.332535919084805
95.6963,0.211157012816102
95.7216,-0.238926715619002
95.7462,0.34468889438989
95.8422,0.117835554983017
95.8508,0.341496207754531
95.8628,0.352210510307501
95.9267,0.137268559976604
95.9368,0.20838356648062
95.9401,0.353423365556367
95.9893,0.344092333268762
96.0006,0.192431143659405
96.0647,-0.281060402850443
96.0742,0.348883157541962
96.1113,0.34711544455574
96.1146,-0.188635400055446
96.1317,0.249074568286829
96.147,-0.290894819395049
96.1677,0.348632200036704
96.1716,-0.280900075244872
96.1791,0.319763171789646
96.1947,-0.221485531968696
96.2007,-0.263758412967604
96.205,0.355037014619853
96.2225,0.350548247472915
96.2362,0.350754028516022
96.2439,-0.170105551053396
96.2963,0.352674714851474
96.3137,-0.293663590940369
96.4185,0.297978701529033
96.4421,-0.257833034957002
96.5234,0.302983144348431
96.6497,-0.23153827437379
96.6645,0.353590557636281
96.7075,0.347268561037467
96.7111,0.148848605151585
96.7228,-0.138130905689025
96.7549,-0.251594916759089
96.7623,0.34593028162314
96.7764,-0.241486321083727
96.8517,0.360124361448115
97.02,-0.260693512685037
97.0301,-0.0437120512572307
97.0885,0.355132399936664
97.1409,-0.144450982785074
97.1733,0.260026743850872
97.1811,0.331313975807731
97.2048,0.0544477784242758
97.259,-0.122807945821222
97.3066,-0.0696427416625625
97.3266,0.199227729250751
97.3457,0.141017979959742
97.3564,0.350477979720267
97.3924,0.0107436538826704
97.4319,0.314825959240267
97.4938,0.246646669192387
97.5002,-0.124456074429332
97.5226,0.0366606624535422
97.5501,0.257594791517022
97.5776,0.360128859452672
97.6401,0.277654237257536
97.6444,0.0734182380993644
97.6911,0.349384208008459
97.692,0.235115183362069
97.706,-0.131224394946088
97.7079,0.106724732276248
97.7225,0.318852154752065
97.7386,-0.292288217483801
97.7463,0.255944373984491
97.7729,0.113449506617073
97.883,0.365538716607389
97.8952,0.289237189258429
97.9572,0.348674458526318
97.9688,-0.200914562823428
98.0357,-0.22810390814513
98.0392,0.362933174275796
98.0418,0.350987093916501
98.1007,0.238761614219612
98.1017,0.183801830841176
98.1673,0.348829480864836
98.1913,-0.0950495502250277
98.2213,0.28625412652471
98.2289,0.367223575637951
98.2385,0.0248605748380157
98.2836,0.332870452976266
98.3015,0.364542674631281
98.3134,0.0519749912178753
98.342,-0.120801507481659
98.3619,0.20617606484555
98.3641,0.0469504761755246
98.3701,0.359282978816267
98.3841,0.0334851764174289
98.4094,-0.191717136810325
98.4555,-0.108992491953273
98.4904,0.354656589054557
98.5017,0.353167563572683
98.5466,0.133115030432137
98.5585,0.244210178279118
98.5796,0.35705034476463
98.6411,-0.264174696483295
98.6613,-0.0727826248664769
98.7347,0.0984150509858495
98.7517,0.247180966890156
98.7692,0.29717989876228
98.7866,-0.268040035127271
98.8077,-0.183597306908155
98.8315,0.354568698593738
98.8442,0.0594996336414368
98.8766,-0.241150828237437
98.8796,0.191038372259797
98.9149,0.354517862326489
98.9715,-0.000773880565404284
98.9821,0.299268745359868
99.0318,0.0648820200501206
99.0405,0.129443637680325
99.0425,-0.162703066493521
99.068,-0.185182598213146
99.07,-0.133201459783834
99.07,-0.130651496093293
99.0703,0.030536638109453
99.1437,0.25804879087076
99.1772,-0.206177636822588
99.2824,0.360228347261909
99.2847,0.171983767466031
99.4215,-0.255088775084374
99.4743,-0.292292630697489
99.5049,0.298949202448952
99.5146,0.349301155445161
99.5362,0.333868751527831
99.5484,-0.12040766975025
99.5528,0.355136015399651
99.5886,0.281412945752308
99.6271,0.174191213224617
99.6534,0.360467863106479
99.6902,-0.308847031378406
99.6979,-0.27381639899599
99.7161,0.264122778430234
99.7329,0.370899722268732
99.7467,0.360981704282679
99.7636,-0.309963090610623
99.7765,0.12141088007364
99.8321,-0.141034668283865
99.8379,-0.312381955582666
99.8448,-0.262436645882218
99.8863,0.366465637307371
99.9308,-0.108825081996073
99.9811,-0.299167938780286
