Latitude,Longitude,elevation
48.92759245,2.34535014,40.9
48.89214999,2.30714262,37.8
48.80478756,2.39153015,57.3
48.83696549,2.37663669,26.2
48.85562634,2.28391562,31.6
48.84917331,2.31547412,35.9
48.87011952,2.32777641,34.9
48.90801123,2.37874521,44
48.79032769,2.31632693,67.5
48.88282039,2.30976033,45.7
48.92342054,2.38494671,39.7
48.86572443,2.26792705,45.1
48.84644387,2.36538949,27.7
48.86418437,2.38257311,53.3
48.90305449,2.28710792,28.7
48.83436179,2.32745578,60.4
48.90113017,2.34430773,44.3
48.8003001,2.36258663,98.6
48.81885117,2.41814198,48.8
48.91744281,2.39328629,40.5
48.85491121,2.29898113,35.8
48.85551895,2.43500613,65.5
48.85580407,2.3627999,36.1
48.79539893,2.32173717,78.2
48.8566579,2.27348805,51.8
48.79364455,2.33056656,52.1
48.81117382,2.37288516,63.2
48.87747691,2.29135695,39
48.817991,2.26734699,87.5
48.82194553,2.32518092,69.2
48.88817106,2.34065989,117.2
48.82028609,2.40428036,34.6
48.82303952,2.30084874,63.6
48.9236787,2.33035479,35.4
48.8858743,2.31461648,44.6
48.89689032,2.28852963,30.8
48.86119868,2.3428291,37
48.88243685,2.33166274,55.6
48.82139972,2.32877375,74
48.85338041,2.33358393,36.7
48.82006734,2.36954373,61.1
48.82848353,2.27776771,30.8
48.84601346,2.26661887,39
48.87549338,2.41566076,117.2
48.86757593,2.4281056,110.6
48.82742317,2.38416518,33.3
48.82769236,2.42424804,52.7
48.85944582,2.30086899,32.9
48.8068489,2.29114394,89.2
48.83675376,2.379475,33
48.88998314,2.44412673,77.8
48.88196826,2.43282358,121.5
48.84400938,2.28595558,31.1
48.87965304,2.43195527,119.7
48.85638097,2.32327515,34.1
48.79993366,2.36911708,93.5
48.8307739,2.42913043,54.9
48.90213261,2.29382136,33.5
48.84218917,2.4495213,53
48.80846643,2.27877124,89.6
48.88182495,2.35575466,53
48.83063153,2.36713697,47.7
48.79832696,2.34458767,90.1
48.88565205,2.43925625,119
48.81524464,2.38112748,35.5
48.86902111,2.30927283,34.1
48.81523765,2.42470879,34.1
48.91137859,2.34025808,40.8
48.89211249,2.37202139,50.2
48.84862948,2.45957315,65
48.80343318,2.31972799,84.4
48.87725907,2.28446386,41.6
48.81126564,2.35211985,71.5
48.88347543,2.263276,35.7
48.8947515,2.34363579,54.5
48.80753578,2.39910248,31
48.85884525,2.32784105,33.7
48.8355775,2.36861244,38.6
48.82984556,2.39708194,37.7
48.87256908,2.38620894,92.9
48.80633034,2.41946435,34.1
48.84711332,2.37980563,35.5
48.8385607,2.25041833,40
48.88187433,2.39965661,93.2
48.8496646,2.3141929,36.5
48.81680761,2.41847795,33.5
48.79980818,2.38845267,54.6
48.79328877,2.31820965,77.5
48.89065508,2.4305498,71.4
48.8366861,2.26243835,35
48.86330868,2.43539842,90.7
48.8686063,2.43776994,100.2
48.83385651,2.37134589,34.5
48.81900882,2.26813635,81.6
48.82221572,2.42821956,61.5
48.90262673,2.42984453,50.8
48.80735872,2.32040332,83.2
48.82458703,2.39072171,27.5
48.85323425,2.34722948,27.3
48.87705587,2.34784069,38.5
48.79828082,2.36366723,109.7
48.91510509,2.31289159,27.3
48.83387506,2.36910147,38.1
48.8145293,2.4115933,32.5
48.83785564,2.2592423,35.7
48.82253643,2.4048015,54.8
48.86057776,2.38262954,47
48.89691731,2.2895489,30.1
48.88561448,2.42039919,111.8
48.89654733,2.31642814,34.2
48.82068567,2.41039726,45.6
48.88552014,2.26170026,32.6
48.84804874,2.36695145,29.8
48.81236016,2.27873142,76.5
48.87605777,2.40950687,112.7
48.9134053,2.39316443,43
48.88175338,2.26825198,36.1
48.83381419,2.42185458,52.5
48.89031064,2.29045663,33.7
48.91191118,2.31826248,28.4
48.80391181,2.38416934,61.9
48.86932591,2.44167649,105.3
48.84308547,2.44719197,51.8
48.88290031,2.27537116,36
48.89355511,2.42636673,59.3
48.88140525,2.40744539,90.1
48.82503155,2.29898916,62.9
48.83529063,2.32574519,61.4
48.89008562,2.32103691,43.9
48.91074343,2.3347953,37.7
48.90110614,2.28780258,33.9
48.89297083,2.3739124,48.2
48.81908744,2.44202425,66.3
48.79215999,2.38785165,50.9
48.89726764,2.42185334,50.3
48.90777438,2.36872221,39.5
48.89763611,2.38744309,50.2
48.8340471,2.40584536,45.6
48.80231063,2.30241138,85.7
48.8727602,2.29030629,58.4
48.8675651,2.28308149,58.7
48.8949893,2.3482328,50.8
48.85940277,2.4341179,77
48.8085803,2.36017205,79.7
48.91511481,2.32460569,29.5
48.86202467,2.40665393,76.8
48.8319868,2.36217721,51.6
48.873794,2.37097595,49.2
48.7972399,2.33246447,48
48.8593685,2.32787134,33.5
48.88546295,2.38235,54
48.8980679,2.2865367,34.1
48.82179167,2.34679485,45.4
48.8386914,2.44615576,52.5
48.90095907,2.34955004,46.6
48.89420239,2.2614728,27.9
48.86669597,2.31196698,33.4
48.88284046,2.38268036,63.9
48.80332879,2.38238698,60.6
48.87989162,2.43057157,120.3
48.91828998,2.30003048,30.9
48.84537708,2.28041295,31.5
48.86835519,2.37080309,44.9
48.88147315,2.36680956,51.8
48.85546917,2.35246916,35
48.91948188,2.33097153,36.7
48.89619396,2.30263379,35.4
48.80494976,2.34744649,90.8
48.9015284,2.33267023,42.8
48.83328507,2.42769158,53.7
48.86630256,2.34036872,38
48.85631469,2.41052926,66.8
48.87200285,2.44762323,103
48.82677543,2.3792249,34.5
48.86045147,2.25675928,49.3
48.8772126,2.39670534,115
48.89676494,2.4081699,50.9
48.82332664,2.38540637,34
48.87780243,2.38784746,101.7
48.89388849,2.27772264,30.8
48.80474774,2.3859513,62.1
48.90130151,2.31854934,38.8
48.86502394,2.26697767,47
48.89791927,2.34631066,48.3
48.83776328,2.37806114,32.8
48.86768145,2.41018812,98.7
48.90326499,2.31591101,35.5
48.89367144,2.4256671,57.4
48.84350598,2.44862375,54
48.84578169,2.35145194,52.6
48.85921656,2.2927874,37.4
48.885211,2.33840213,85.5
48.85333496,2.33615749,35
48.84757686,2.38141247,36.4
48.85407655,2.28257001,31.5
48.84290539,2.37920731,38.9
48.80238339,2.32707499,78.4
48.80486039,2.34525173,84.3
48.89312465,2.27724229,31.2
48.91170558,2.3162514,29
48.85202325,2.41443875,57.1
48.82428151,2.4356658,58.2
48.81951258,2.35803546,58
48.81942805,2.3921391,32.8
48.90335867,2.2807105,33.3
48.85341889,2.26855605,44.8
48.92096267,2.31652211,28.9
48.82825042,2.43029373,56.5
48.89077458,2.28010607,31.9
48.90551025,2.33988274,40.9
48.78661896,2.36416368,98.7
48.87066798,2.32521289,35.5
48.87816478,2.39592411,114.1
48.84029793,2.43175427,48.9
48.85668442,2.43667448,67
48.9154981,2.39830881,42.6
48.83479048,2.42481007,54.1
48.83953926,2.36371121,37.6
48.92509578,2.3376579,30.4
48.88889069,2.33024768,57.5
48.85699794,2.3332119,33.6
48.82528739,2.32246776,59.9
48.81853819,2.26997842,84
48.80660596,2.31748623,83.5
48.83070193,2.29515277,63.4
48.81226741,2.36330341,63.5
48.87228218,2.34670972,35.1
48.79857952,2.35156875,108.8
48.83675865,2.32240769,63.9
48.82027713,2.42225234,56.2
48.90692791,2.36087797,38.4
48.84406729,2.42561894,50.2
48.79486734,2.31063507,96.2
48.83383628,2.30298318,50.9
48.80360758,2.30692057,85.1
48.9203124,2.32275542,29.2
48.86359498,2.34299343,36
48.83238464,2.30386772,54.2
48.85747422,2.36579823,35
48.80512917,2.31971989,83.8
48.90858819,2.3896038,43.1
48.88279633,2.33349959,59.9
48.86660947,2.43867692,89.4
48.88874782,2.42938034,92.4
48.87817712,2.29784989,43.5
48.86502989,2.27216641,52.8
48.82618325,2.36548633,53.5
48.9159019,2.38874496,38.1
48.91047188,2.37003718,38
48.90757614,2.35452692,38
48.82765249,2.31186581,64.9
48.8818567,2.42122067,126
48.89157049,2.44242741,66.5
48.82160536,2.3619531,48
48.82329719,2.44132271,62
48.83418108,2.37001002,37.3
48.81500058,2.38026966,39.4
48.83615761,2.28131094,31.4
48.90790553,2.32788987,32.2
48.85173859,2.33761541,36.5
48.87661867,2.43438128,118.5
48.874875,2.43738305,116
48.825856,2.31975374,59.4
48.84453229,2.45628363,55.8
48.84639338,2.40977984,48.5
48.80368906,2.39729719,36
48.799422,2.31686335,81.3
48.82239953,2.29673244,66.5
48.89518057,2.38883551,41.2
48.80146134,2.35992449,95.8
48.81575168,2.43070687,34
48.90912532,2.42778454,43.8
48.82359828,2.30055349,63.9
48.80451492,2.3562842,109.1
48.85768622,2.30364417,34.5
48.88505711,2.38228525,54.6
48.83206759,2.33703305,55
48.8243574,2.31510597,67.1
48.81888751,2.35566755,48.2
48.8004527,2.30953987,89
48.84086167,2.42588247,47.7
48.91562713,2.33175658,40.5
48.83933522,2.29747888,38
48.92417746,2.38448635,39.7
48.88559602,2.40799194,68.9
48.89494355,2.39811068,54.1
48.85801936,2.38078842,40
48.80605759,2.36741511,63
48.84419584,2.31920307,45.7
48.82605892,2.32700515,66.5
48.9262361,2.33976615,34.6
48.79134437,2.34539458,118.6
48.80337437,2.31692926,84.1
48.83522551,2.45428272,55.6
48.8045152,2.42699733,37.7
48.85299562,2.27408009,35.7
48.84188088,2.2499,39.7
48.84299838,2.28249656,31.8
48.858834,2.36030666,35.2
48.87672581,2.3699872,54.8
48.84294964,2.2778806,31.7
48.88233048,2.36640722,51.4
48.88109128,2.25526919,34.2
48.80250004,2.37813285,64.6
48.8389392,2.35062048,36.2
48.79972458,2.32817294,67.4
48.86840329,2.29317026,61.3
48.9050605,2.41544547,45
48.8060653,2.38204803,63
48.81831259,2.39680287,34.9
48.89307299,2.29904809,33.9
48.83453628,2.40817619,45.8
48.80154232,2.29531703,99.7
48.88033542,2.25283187,29.9
48.83664559,2.3392834,54.9
48.87414431,2.26411717,37.9
48.80955465,2.40522302,32.2
48.89416909,2.34515552,54.2
48.83892285,2.34325658,48.8
48.80534467,2.41308812,34.7
48.85282945,2.31014153,39.3
48.85829271,2.40777936,60.1
48.87832032,2.26996832,37.1
48.85138953,2.37390961,34.1
48.853852,2.27625986,37.4
48.82249057,2.27827877,59.8
48.91660663,2.37038678,36
48.88095717,2.31454313,49.4
48.82089647,2.32923675,75.7
48.87445524,2.35829086,38.9
48.8151416,2.26780873,92.2
48.79939968,2.34910511,101.3
48.89832706,2.43899303,56.3
48.84431972,2.33075301,47.1
48.84032538,2.30524126,43.8
48.88783155,2.39813612,56.9
48.91783465,2.30855489,31.3
48.90487676,2.33836714,41.8
48.86781456,2.43100807,104.3
48.91834858,2.34139827,36.9
48.81573073,2.31195742,72
48.91998645,2.38353792,36.9
48.86174359,2.38713754,58.3
48.85558446,2.44136968,59.1
48.80888867,2.32291264,81
48.8954861,2.30860038,33.1
48.80734336,2.41603478,33
48.89930895,2.34892973,47.3
48.80277879,2.3287181,70.5
48.91467861,2.39999803,43.8
48.84305146,2.27950073,31.3
48.92613947,2.32510274,28
48.89780717,2.29525673,32
48.83026085,2.27583307,32.6
48.85552427,2.30843064,38.5
48.81791898,2.40249679,30.2
48.85557452,2.38359205,39.5
48.92015022,2.37618674,36.1
48.8218217,2.2717035,52.6
48.81097899,2.26949802,82
48.91718816,2.40921952,38.6
48.8871801,2.29202575,35.5
48.78833171,2.34636268,113.3
48.81028793,2.26951306,83.8
48.88524403,2.32354883,57.7
48.80877256,2.327849,77.9
48.84121003,2.24794974,42.8
48.85541356,2.43411995,65.7
48.8528266,2.28128804,30.1
48.88012944,2.27072646,36.1
48.80228203,2.3770548,63.4
48.78602274,2.37052937,97.8
48.82629944,2.30371925,64.9
48.85705117,2.43510946,69
48.81907846,2.32887789,74.1
48.88733197,2.44805658,84.8
48.85583104,2.44572906,66.6
48.84138084,2.43294413,50.6
48.85052828,2.24525544,49.9
48.85078391,2.33679169,37.7
48.83743015,2.35473249,40.8
48.88320362,2.29406121,36.7
48.89266999,2.32079654,38.8
48.80909082,2.42863325,39.8
48.85970635,2.28066809,60.9
48.92443436,2.38689785,38.7
48.90527022,2.40667346,41
48.87096582,2.33778772,36.6
48.84437047,2.29436938,33.5
48.81046356,2.42846579,42.1
48.87986131,2.34990619,51.9
48.84221921,2.27049708,25.6
48.91614621,2.34961411,37.3
48.8695295,2.29935528,50.8
48.81987468,2.27000512,76.9
48.81630144,2.42980909,32.2
48.88874649,2.36177958,51.4
48.80458256,2.38538237,62
48.80074093,2.32327078,77.3
48.87022978,2.338285,36.5
48.88439625,2.42654196,120.3
48.79397095,2.39261161,40.4
48.90644147,2.35440872,38.3
48.79641172,2.31980856,78.6
48.84487374,2.45708579,54.4
48.83090139,2.4150263,48
48.90755795,2.32557381,29.4
48.8489731,2.38444111,37.6
48.88277218,2.41308993,109.5
48.78912673,2.31311348,75.2
48.88157209,2.41294816,112.7
48.84570155,2.25374277,36.1
48.8054858,2.35195139,105.5
48.80892246,2.29812328,88.6
48.90327862,2.42524636,49.9
48.90790485,2.34024989,38.5
48.83352054,2.29517963,51.8
48.80498029,2.42047512,35.4
48.9184944,2.38493968,37
48.90530383,2.37263934,42.5
48.8344864,2.39383003,45.9
48.86498653,2.37642601,46
48.84385335,2.24810834,39.8
48.84959935,2.28901856,31.8
48.79249159,2.39941041,32.5
48.85931767,2.27379553,57.9
48.82112033,2.41073964,46
48.8382391,2.4346616,48.2
48.83212582,2.41355384,47.8
48.91334266,2.41345377,43
48.78965988,2.38233112,70.1
48.88185773,2.25556981,32.5
48.86150962,2.32310889,33.5
48.86825334,2.37214807,45.5
48.83047975,2.37558785,34.5
48.86416092,2.32403321,33.1
48.83044064,2.39291506,40.9
48.88435119,2.34278004,79.2
48.81086329,2.39945235,32
48.80022473,2.29601144,94.9
48.81086342,2.29265345,89.1
48.81731982,2.36850825,60.4
48.81375536,2.38818847,36.1
48.87128847,2.33615811,38
48.8684214,2.39130421,86.7
48.87926613,2.39624165,112.6
48.80036249,2.33458983,52.9
48.84169516,2.4356763,54.5
48.8813604,2.39310344,90.1
48.87641039,2.36593008,45.1
48.91851354,2.36375878,38
48.81376426,2.40622974,35.6
48.84033029,2.40994314,46.7
48.80168398,2.28262536,102.7
48.87877716,2.43346825,119.3
48.8243775,2.28455058,45.5
48.79387407,2.30822618,103.7
48.89529354,2.32122593,40.1
48.89201696,2.26908583,30.2
48.82015015,2.38825469,32.5
48.90559402,2.30549135,34.3
48.85786865,2.41131808,68.1
48.85257086,2.40703958,55.3
48.80920451,2.28943755,88.9
48.81047575,2.42708737,43.2
48.87338708,2.40770157,120.4
48.83878867,2.31326763,58.6
48.81121582,2.32552288,82.2
48.86109055,2.40255735,84.1
48.88950597,2.41777899,70.2
48.79030756,2.36125176,105
48.81625908,2.3586845,61.2
48.83299649,2.45593719,56.5
48.82572069,2.37056707,59.5
48.85987846,2.27529722,57.2
48.8640692,2.26424326,48.8
48.88073229,2.35703218,58.9
48.842966,2.30350431,35.4
48.84119237,2.31691084,53.5
48.8826729,2.37630062,55.3
48.85403646,2.26213763,53.8
48.84764378,2.3417564,51
48.83094648,2.27694165,32.4
48.83453275,2.35584653,55.7
48.88948698,2.30295969,36
48.91795498,2.3375512,38.7
48.91687078,2.31046607,31.4
48.81641242,2.40221101,37.5
48.82166114,2.43659144,63.2
48.86423414,2.28059704,59.8
48.86036153,2.42649742,92.5
48.82873003,2.37801024,45.3
48.92267562,2.37214466,35
48.86232991,2.37310574,37.8
48.84746053,2.30763581,37.1
48.82640019,2.4488692,54.9
48.88063937,2.33995153,57.9
48.84692351,2.43678681,54.3
48.839358,2.36587521,36.7
48.90553669,2.42470423,47.1
48.83898922,2.35297468,34.4
48.819082,2.40966884,40.6
48.88739496,2.28662171,35.9
48.87167001,2.3633273,36.3
48.90788733,2.3271949,31
48.82666523,2.30944282,64.3
48.88955159,2.41084441,62.4
48.82941993,2.32049295,62.7
48.80799737,2.37294478,64.7
48.80450364,2.38228925,62.5
48.83523173,2.31500563,62.4
48.87780015,2.35806822,50.2
48.79020736,2.31106209,88.2
48.82881176,2.40014012,49.9
48.87667194,2.4407067,116.7
48.84183868,2.2785481,31.7
48.89768522,2.27380426,26
48.87249196,2.41008381,116.6
48.84651494,2.24827601,37.3
48.84759922,2.43873755,55.8
48.90457509,2.33381786,37.5
48.82783139,2.39675733,37.1
48.8368602,2.38037956,32.4
48.80301046,2.39558952,41.7
48.81906466,2.30370498,66.7
48.83664913,2.36921665,34.9
48.9271766,2.34618833,38.5
48.92423758,2.35651057,38.9
48.83843283,2.40019903,46.3
48.81030546,2.28397273,86
48.88080048,2.45035113,108.5
48.89972086,2.28307874,32.9
48.89656512,2.42015676,51.5
48.82993969,2.32489392,64.1
48.87054159,2.3083871,36.9
48.86807227,2.39282873,89.5
48.83696125,2.25412359,36
48.88571996,2.39737599,65.1
48.80504571,2.39464665,40.3
48.85955277,2.28497537,60.4
48.87638231,2.25134144,33.3
48.90872888,2.30211624,33.6
48.86241693,2.40930431,74.4
48.8944503,2.38678798,41.9
48.91444299,2.37169581,37
48.87485531,2.28882817,47.7
48.88764989,2.33967965,121.1
48.87418339,2.44170739,114
48.85637726,2.37850387,37.4
48.87606908,2.40484221,118.1
48.85895143,2.33688034,26.8
48.80560568,2.3996648,32.9
48.88473813,2.25612221,30.7
48.82282443,2.38399515,32.9
48.88423319,2.35166911,57.3
48.90522112,2.31549045,34.7
48.89199745,2.37773798,50.1
48.86356138,2.42195908,91.1
48.90853125,2.29615465,13
48.84464125,2.31403221,41.3
48.90452537,2.34517559,39.8
48.85072551,2.26564998,41
48.87751568,2.25518586,33.4
48.84323478,2.33428357,48.9
48.85592404,2.39148917,50.1
48.83090775,2.4527213,54.9
48.830229,2.28567583,35.8
48.87466072,2.45739395,105.9
48.82022092,2.38490852,33.5
48.85291941,2.29562964,34.6
48.88758879,2.36340411,48.3
48.91122381,2.37000381,38.7
48.85161966,2.33821469,37.4
48.8379993,2.26285201,37
48.79139391,2.31196804,88.5
48.92391536,2.35575235,38.7
48.83797784,2.40966205,47.2
48.83761623,2.3873152,39.1
48.81022868,2.36022325,70.7
48.85259265,2.43744839,59.2
48.89843993,2.42297873,51.4
48.91326896,2.32242117,34.7
48.84656904,2.38624485,38.5
48.92700372,2.32888594,30
48.8104348,2.31109059,78.7
48.90148896,2.35395849,42
48.91656308,2.41337404,41.7
48.84115858,2.40486078,40.4
48.81046409,2.30109896,80.4
48.85050499,2.45844819,66.5
48.86346784,2.35762608,35
48.8747028,2.29490069,57.5
48.90262412,2.29535606,35.6
48.83842608,2.29278078,34.4
48.86879256,2.38249922,59.3
48.86369602,2.42559455,108.3
48.82713388,2.34494084,44.4
48.88884699,2.3271679,56.5
48.8642695,2.33890172,35.8
48.88336884,2.36379891,53.4
48.86537525,2.316365,32.5
48.88424844,2.41757782,111.5
48.80663525,2.36101565,85
48.88727051,2.44755873,86.4
48.86989587,2.37972899,53.5
48.8397559,2.33214393,56.4
48.84251739,2.45364082,54.1
48.89682684,2.26963631,31.1
48.91095879,2.30749915,30.3
48.87577349,2.2885574,48.7
48.90904112,2.30429191,33.6
48.91472777,2.39497934,43.4
48.79600086,2.395576,33.2
48.91866549,2.3846031,36.8
48.81831773,2.27471926,75.8
48.87295545,2.42599619,115.5
48.86423281,2.28912172,59.9
48.88262117,2.26392823,36.9
48.78665503,2.36737584,96.9
48.85182184,2.28434054,30.1
48.85719207,2.32032835,36.2
48.87915553,2.29652548,38.2
48.81779664,2.42763168,36.6
48.86071448,2.3205608,33
48.81025677,2.31799852,84.1
48.79730822,2.33746105,58.3
48.89023502,2.32056261,42.9
48.88131547,2.25341173,29.5
48.87304244,2.45142038,106.8
48.85047063,2.39007075,44.3
48.80105377,2.41547512,32.2
48.8624093,2.36067565,36.7
48.9186628,2.39715788,40
48.79901171,2.39179962,43.8
48.90177651,2.3670778,40
48.84851413,2.28543651,32.5
48.87293385,2.24925873,35.9
48.8037553,2.34363514,82.6
48.83840392,2.41822649,53
48.88038353,2.2763706,37
48.87314999,2.3963207,115.1
48.79678042,2.33492931,45.8
48.7964022,2.37852205,66.3
48.89192127,2.42753202,67
48.91754075,2.31081902,30.4
48.90645641,2.40557872,45.3
48.80807277,2.43353485,37.8
48.87180181,2.36560989,36.2
48.78550647,2.35997735,100
48.90729654,2.42526476,44.6
48.90757539,2.28061192,39.1
48.83870597,2.32508217,59.4
48.86813462,2.36265912,37.8
48.90745494,2.41477886,42.9
48.89516985,2.38405711,48.5
48.84547221,2.32543984,44.8
48.89980696,2.40277823,48.6
48.85091291,2.33368666,35.4
48.88949009,2.38973995,53.4
48.85305048,2.25192663,50.5
48.78601321,2.3451133,108.9
48.86211142,2.30971799,33.5
48.78904173,2.31804655,63
48.89034876,2.36129567,55.6
48.87889975,2.45188035,113.6
48.85852666,2.27194609,55.3
48.86276775,2.44296974,74.3
48.89959127,2.43130462,55.8
48.90024554,2.31966292,40.5
48.89626773,2.27759318,32.2
48.89995855,2.33594502,47.9
48.85620579,2.38252126,39.4
48.83697366,2.3710431,40.2
48.91240234,2.40589224,45.2
48.81552696,2.38949982,33.8
48.86264503,2.30522685,34.2
48.83953363,2.25760924,36.7
48.90553427,2.27986121,39
48.81990564,2.281808,53.8
48.92533089,2.36141435,34.1
48.84111688,2.37744492,33
48.86822319,2.35092069,37.9
48.80701198,2.28268584,84
48.87383877,2.41982924,108
48.82059367,2.39364353,33.1
48.90300676,2.38120033,42.9
48.83305396,2.24856014,37.6
48.91617655,2.37949319,34.6
48.86085433,2.37866315,43.6
48.8166563,2.36682999,60
48.82533974,2.38737837,33.9
48.87721328,2.30859134,47.4
48.85158311,2.32729524,37.1
48.89026729,2.28633326,32.6
48.87971463,2.39934445,100.5
48.91388014,2.37539404,37.6
48.79527783,2.38346883,58.9
48.9006409,2.27556643,31.8
48.83392282,2.38988982,38.1
48.87026645,2.33473604,35.3
48.8675556,2.36865209,36.6
48.86081062,2.34084808,35.7
48.82758743,2.34632482,48.5
48.8469476,2.24351393,38.9
48.87783186,2.40841803,109.7
48.83472065,2.44629021,49.1
48.83283112,2.3127018,58.8
48.82846235,2.33340602,61.4
48.81649743,2.26720225,90.1
48.83763396,2.26724435,25.4
48.85944834,2.44438545,75.3
48.86567707,2.44367163,85.6
48.89801323,2.42855498,52.4
48.89019349,2.29339733,34.5
48.90457993,2.30335863,33
48.82937877,2.30910352,60.7
48.82329026,2.35232374,48.2
48.84745634,2.26104102,41.1
48.84489824,2.37711723,35.4
48.85913182,2.38650244,49.9
48.86020263,2.29386588,30.2
48.89350518,2.26011437,29.4
48.9008178,2.36186582,45.9
48.83542771,2.32233643,65.5
48.86885333,2.36564142,35.1
48.79265718,2.32846425,56.3
48.80706341,2.39589255,34
48.84036148,2.4453674,51.7
48.80892233,2.36678682,63.8
48.82852586,2.37161232,50.1
48.8032672,2.40614509,31.4
48.87457758,2.33499911,34
48.85567211,2.24875809,52.5
48.83880696,2.4266729,47.5
48.91672165,2.31510292,30
48.84447036,2.37562968,39.9
48.83657507,2.31987102,64.2
48.84202305,2.36656423,34.6
48.81702239,2.37952091,37.3
48.91498855,2.29209001,31.8
48.81112635,2.27539805,87.7
48.90488762,2.27824282,46.2
48.8490728,2.32176924,37.2
48.85629632,2.41712877,58.9
48.90711215,2.40311626,43.8
48.81759617,2.36263708,61.7
48.86624766,2.43002188,107.3
48.85377726,2.25377236,53.9
48.87781734,2.28117684,39.6
48.82296027,2.26682965,30.5
48.81148263,2.37467149,65.1
48.92166833,2.31177763,30.3
48.89031571,2.30258885,35.8
48.83560724,2.37100301,33.6
48.89846773,2.35860774,44.1
48.82660376,2.27794421,33.7
48.8695804,2.34741108,40.8
48.80954941,2.28600182,88.7
48.81384792,2.38340832,37.6
48.90782914,2.34052436,38.3
48.82131283,2.288731,59.6
48.8320079,2.37241061,36.2
48.87744113,2.37795562,91.1
48.88170106,2.37083966,53.6
48.84467499,2.29777915,34.2
48.83384409,2.38857023,34.1
48.8318921,2.25255212,32.4
48.81997202,2.28914732,65.2
48.88647475,2.26086533,32
48.90874851,2.29337106,31
48.85094854,2.31959208,36
48.86584983,2.34658827,34.7
48.85073642,2.35555001,26.6
48.81174227,2.43832525,39.1
48.84935973,2.30946978,34.4
48.80895351,2.37780464,65.1
48.82617104,2.37077355,55.8
48.88486752,2.26113793,34.7
48.87035711,2.38612237,68
48.81172674,2.3303249,79.1
48.80844751,2.31382996,76.9
48.90648594,2.36438926,38.3
48.90347995,2.34357174,42.1
48.92133846,2.35066223,41.9
48.92171214,2.39169614,39.3
48.91782931,2.3386756,37.8
48.85190347,2.36430487,35.1
48.87696704,2.2780523,39.4
48.90582466,2.31074081,32.2
48.89763106,2.42951122,52.6
48.82820271,2.41226891,50.3
48.82434789,2.44391158,60.6
48.79993044,2.38120095,60
48.8716092,2.44511557,104.4
48.91540231,2.35556565,38.9
48.88094847,2.43256822,120.7
48.87538739,2.44448883,114.8
48.87573115,2.35882851,43.1
48.7944451,2.30063922,104.2
48.91190197,2.31993593,28.5
48.8043424,2.35246728,111.1
48.83434242,2.41721988,51.6
48.84205684,2.34105242,54.6
48.89569572,2.37587658,45.5
48.85487956,2.39743395,63.4
48.80263633,2.394809,46.9
48.90080945,2.30246405,32.3
48.89285919,2.31324394,37.5
48.89790358,2.34182664,53.1
48.860945,2.33586717,26.2
48.88140644,2.44453395,119.3
48.86634591,2.30012148,39.4
48.86069988,2.41601136,66.5
48.90208917,2.28390423,26.6
48.91059819,2.30096895,21.1
48.86288686,2.36380298,35.9
48.90520663,2.30609744,33.1
48.7850894,2.35338346,99.4
48.82703783,2.41972772,51.8
48.86445917,2.32296169,34.5
48.79772206,2.34871939,103.3
48.89458268,2.39753718,54.3
48.84893381,2.43686818,56.9
48.8843207,2.37368363,52.8
48.90726417,2.42376084,44.3
48.79903339,2.34463993,85.8
48.88055529,2.32363681,50.3
48.82634863,2.35424203,57.7
48.85278485,2.2695087,42.3
48.88171869,2.3839449,62
48.83062602,2.3875012,34.5
48.81920299,2.36029727,59.4
48.87203308,2.25245251,37.4
48.91802838,2.38203311,36.9
48.84506679,2.36250652,35
48.89461377,2.37891515,44.3
48.83408784,2.37671124,44.1
48.8041084,2.29888834,88
48.89837036,2.42392298,51.2
48.88537124,2.34890561,63.5
48.80041879,2.30690734,88
48.85807187,2.25604348,51.1
48.8094906,2.39181681,37
48.81195225,2.33160515,81.3
48.8026126,2.41023373,31.6
48.87173394,2.29766383,57.8
48.89594221,2.35094941,47.9
48.88709882,2.34373275,120.4
48.89272621,2.31679828,35.1
48.86532394,2.42091005,99
48.86024443,2.40403454,70
48.87775723,2.27813004,38.9
48.82110591,2.41748748,53
48.81471055,2.26626246,91.5
48.81333752,2.3095772,77.4
48.84663765,2.44295797,54.1
48.84797264,2.34239923,51.2
48.85090353,2.3796276,35.2
48.8664236,2.41926366,83.3
48.88302171,2.41005765,89.7
48.8821926,2.30701508,43.5
48.90504171,2.37003905,42.5
48.89590593,2.26371314,24.7
48.88701107,2.29557338,35.2
48.79075718,2.39116126,46.8
48.85513336,2.41473382,60
48.91088454,2.4039519,48.7
48.89952183,2.32057373,40.4
48.86098145,2.31167191,32.6
48.81272693,2.33405497,80
48.84622807,2.41497634,53.7
48.80841168,2.32003008,83.3
48.91611493,2.37630349,37.7
48.83486085,2.34617372,41.3
48.91594783,2.29476057,31.9
48.88109569,2.36827494,47.9
48.81226915,2.43359516,38.2
48.88922477,2.25459173,32
48.82714343,2.32788287,66
48.89985179,2.4229817,52.7
48.91585221,2.32420108,28.1
48.80138488,2.35214473,110.1
48.83864316,2.31572563,63
48.84830135,2.40409006,51.3
48.85801376,2.33345976,34.8
48.88975075,2.35815126,54
48.81829027,2.30036548,67.6
48.82206568,2.29804841,65.8
48.82818717,2.27895176,30.7
48.82720624,2.35464437,62.7
48.87499569,2.44205877,114.1
48.81359784,2.40692294,35.3
48.81288805,2.42314469,37.9
48.83837632,2.37832074,33.3
48.84999649,2.38939159,42.6
48.847363,2.24968038,38.4
48.81066947,2.37868924,63.5
48.89566814,2.27090293,24.7
48.82447718,2.2697808,31.5
48.84695569,2.28834776,32.6
48.87277598,2.36035627,36.3
48.8306106,2.27567194,32.3
48.87366991,2.27405592,44.1
48.91132735,2.35353947,37.2
48.82972153,2.33406573,58.2
48.89121635,2.27087505,31.1
48.8700069,2.45789095,108.4
48.7977813,2.30830874,95.9
48.85695715,2.43763117,67.6
48.85519255,2.4565411,97.8
48.89451101,2.30039102,37.7
48.83161109,2.28604942,35.5
48.86085427,2.2910269,37.7
48.79377548,2.29936417,96.5
48.81566175,2.31985519,81.1
48.87320019,2.38220828,74.9
48.83602336,2.39942346,41.8
48.81480187,2.28509122,82.4
48.8316626,2.39026369,39.9
48.87227346,2.27145642,45.6
48.86289904,2.24318251,42.8
48.89809026,2.26300428,43
48.88655744,2.33738899,102.4
48.83228699,2.34581512,40.8
48.81870691,2.41748673,47.8
48.8308174,2.25432927,32
48.82854573,2.33005918,63.4
48.89975152,2.29028954,32.3
48.90148971,2.30803706,35.3
48.81356049,2.28587937,83.3
48.84661251,2.27035478,35.6
48.88575429,2.40067872,62.7
48.89058193,2.31755416,37.9
48.82642316,2.40660401,50.4
48.86002627,2.30651017,32.3
48.83545726,2.3450626,42.7
48.83482221,2.27093478,32
48.81938926,2.35809463,58.3
48.90372895,2.33639468,40.3
48.86401038,2.33671061,35.3
48.91974104,2.32468652,33.5
48.81802118,2.36327627,61.1
48.85350114,2.29530977,32.4
48.89316878,2.3001967,34.1
48.84125724,2.25923914,36.8
48.8201009,2.30343297,65.4
48.88978069,2.31366245,37.6
48.83656579,2.379617,33
48.82904219,2.26555922,30.1
48.85428337,2.35123349,33.6
48.80864039,2.41840274,33.8
48.87874314,2.32099792,45.1
48.8886534,2.42752168,96.6
48.91665209,2.30331335,31
48.82564518,2.45131934,54.5
48.82923466,2.44511798,51.3
48.88105717,2.36677424,51.9
48.82290281,2.35714687,54.4
48.88288191,2.28937083,35
48.85063522,2.30792862,38.2
48.84491,2.34106684,54.2
48.91517602,2.36876792,35.1
48.92120996,2.37930026,35.2
48.88391843,2.26423593,35.3
48.90448698,2.40557709,42.7
48.84169031,2.28006465,31.9
48.82122729,2.30144268,65.5
48.80560292,2.35564211,106.1
48.8402749,2.3276159,54.9
48.88940309,2.43895535,77.6
48.87989361,2.4167969,121.4
48.85694786,2.36372316,36
48.91288492,2.31569821,32.6
48.88281354,2.28855284,34.5
48.81662321,2.27360895,81.3
48.88488223,2.44097336,116.2
48.83706004,2.31098081,57
48.89463791,2.28352551,32.2
48.90262467,2.30013417,34.6
48.80355231,2.28961554,100.9
48.82015096,2.31103279,68.3
48.85456033,2.44039469,57.5
48.88122873,2.43204768,120.9
48.90632466,2.43011612,46.1
48.82017982,2.29779517,66.8
48.84844736,2.3273164,39.2
48.81569853,2.29858219,70
48.84342392,2.35980641,34.8
48.82813693,2.38220905,36.3
48.82808635,2.39130267,35.4
48.92410413,2.33228645,35.5
48.87876641,2.43078722,118.9
48.91238178,2.42173721,43.3
48.8590544,2.25276273,48.1
48.86333002,2.31654766,26.1
48.80021941,2.40959892,31.9
48.82507577,2.34986062,49.7
48.83404238,2.27508474,32.1
48.90031503,2.39571647,47.9
48.87871288,2.44461093,117.8
49.43315508,2.42413523,112.7
48.99994373,1.02707265,128.7
49.46598307,1.08380994,150.1
47.84656409,1.56894021,117.6
48.14705537,2.59037747,93.6
47.78889363,2.13755722,128.9
48.74649764,2.45437272,35.6
48.03824538,2.96631757,147.2
49.34675753,0.93267455,91.5
49.05129228,1.08422016,135.1
50.22011214,2.33197639,145.3
47.98603778,2.47544189,105.4
47.67518069,2.08829981,124.3
48.62461836,4.30606311,157.2
48.38661673,1.79383231,148.9
48.07002057,2.3776376,110
49.29571208,0.82809074,137.2
50.28971575,2.26000224,77
47.87436848,1.38389146,143.3
48.44182338,1.09327967,232.2
47.82354614,2.55860356,154.5
49.73318859,1.47934784,142.5
47.88780267,1.25696371,152.9
48.85015948,0.45306559,254.7
48.4123785,2.86248532,117.7
49.44129845,1.50895511,162.6
48.69559173,0.64581278,235.5
48.05495705,3.83623763,143.4
49.10425836,2.56535242,109.9
49.18571911,3.08065312,110.2
47.85558183,3.41100059,174.4
47.8395724,3.24114448,177.2
48.28226834,1.84279893,135
49.08506114,0.66928487,148.8
49.05039221,2.69808135,146.4
48.63295652,1.44210705,150.1
47.78295506,2.77349228,139.2
48.20492794,3.18741264,178.5
47.55907506,2.85762369,169.9
49.43482903,3.38120045,124.4
48.21413466,3.39606818,156
48.98981877,3.28105944,147.3
48.58061537,3.54892623,74.5
48.24303718,1.54906044,141
48.11497482,1.8105415,119.2
48.94048436,0.22594177,190.6
49.28489254,4.08829902,108
47.67321289,2.86873378,179.8
49.31214807,3.58999707,56.7
47.69977279,1.64276732,99.5
48.43885312,2.09193319,144.1
47.80957314,0.9876919,94.9
49.52228826,4.06272627,102.6
49.42502959,3.83369237,61.3
48.96349443,3.43129856,153.6
49.31748304,1.06392954,9.3
49.50112516,1.18616411,116.5
49.82352736,2.11492557,126.9
47.9255734,2.32620746,137.8
50.26395005,1.90595166,65.6
48.27294565,3.87588534,159.5
49.33306695,2.84029364,74.2
50.21765425,1.76089047,26.8
49.55412638,2.96954231,39.6
47.80851355,3.27845306,230.7
49.20553555,1.62107126,128.6
48.58945148,3.64236772,88.6
48.14823399,2.55973972,94.9
49.01773921,2.51878093,111.5
49.88053211,2.31079705,56.3
48.09119747,2.04535477,126
50.07532679,1.79276939,55.6
49.17207584,4.06081859,116.9
49.9111318,2.20797109,92.2
47.90290333,2.7497702,100.2
49.00888562,3.68371219,252.6
48.53290782,1.09713327,255.7
49.30819762,1.2990456,144.3
48.37684622,0.69274265,146.2
49.09656516,0.82824078,156.1
48.66477753,0.56584303,231.3
49.34721931,3.56618077,92.1
48.22914261,3.8990144,238.1
48.07082645,1.70139338,125.7
48.54790496,3.57108225,64
48.50470554,0.75194599,201.2
49.70282093,2.93285314,70.3
50.08305824,2.41827639,116.2
49.13586776,0.7318268,66.9
49.98353189,3.40217832,135.2
49.55167998,1.35618839,165.9
49.27094208,3.92973524,83
48.34841674,1.16113648,205
48.3429361,4.30369881,122.1
49.01399647,4.27963897,78.4
48.85280398,0.5117987,249.6
49.37036942,0.43809324,116.2
48.85768224,1.21770121,145.5
49.5813242,3.40322997,184.1
48.78815757,1.20397927,143.7
49.77240211,0.7481483,124.7
49.06501712,3.734991,139.1
49.40333805,0.98348072,123.7
49.68127325,0.72519381,125.7
48.30514616,0.64073276,171.3
48.11689881,1.89922363,122.7
49.59745826,3.10987373,52
48.1033404,0.67120034,149.7
48.48470388,2.47008029,89
48.67800706,1.26686805,162.5
49.37836697,4.28810887,108.5
48.56598857,1.45092488,170.6
48.27789229,4.24925084,112.6
49.17487203,3.58142012,179.3
49.20000356,1.87613237,107.1
48.35670965,1.19000029,208.6
47.61338798,2.00733022,124.4
49.9393666,2.21055222,28.8
47.71125106,2.45116197,145.3
47.86640392,3.41831288,146.9
49.72419282,1.89964937,188.6
47.54890731,2.97417749,164
49.0115565,0.19893072,174.5
48.18133822,3.00938425,151
49.75056694,1.2600015,199
47.94504134,1.42286491,123
49.60578188,3.64419432,70.7
49.97749218,3.32734584,136.2
48.63327322,1.73621288,156.7
49.52233098,1.56881473,159.9
48.91189857,1.20338163,149
49.02113225,2.00027174,162.6
48.644624,1.58043912,140.9
48.66319225,1.04702601,174.1
48.20422235,3.37457377,206.5
47.54558724,1.81087645,110.7
48.8441841,1.86907872,123
48.25138754,1.97651922,136.2
49.64814126,1.34873595,191.5
47.80733418,1.253832,123.4
49.40809941,0.77893052,130.8
49.22760758,2.92100521,102.1
48.87986599,3.46957696,187.1
47.66824683,3.23803846,222.9
48.38044339,1.51007423,135.2
49.68784409,0.54467748,123.4
47.47743966,2.4466869,190.9
48.72777052,1.75468307,176.2
49.27479654,2.24466528,196.9
47.8115868,2.67273925,146.2
48.95674799,0.73441722,172.2
49.35058922,0.49872806,26.6
49.6796522,3.53271316,69.9
49.54422209,2.12428073,151.4
49.70675333,3.95163159,140.7
49.01538251,3.42416211,176
49.92123889,1.29680035,146
48.26013242,0.67446276,117.4
48.98581101,1.13393086,143.2
48.02107248,2.4804786,92.8
47.86924985,1.07424765,127
49.88774075,2.46838504,39.9
48.11915795,0.98086959,188.7
49.57190621,0.8501324,107.4
49.68499246,1.33572769,203.6
47.78285671,1.04574305,119.5
48.0565677,0.7806324,174.6
49.99545218,3.0779362,132.5
47.58945092,3.0866295,256.1
48.75699297,2.28513494,89.6
49.6917448,1.17299562,151
48.61438862,0.56834425,287.6
48.76887444,0.95211194,172
48.96569011,0.66119268,189.8
49.33180503,3.9940546,83
48.07760234,3.47065948,228.7
47.6872172,2.90264725,180.5
48.77495026,2.91833906,123.7
48.20354528,3.47986089,92
48.41826835,1.10249552,244.9
48.41216859,3.46573105,75.6
49.23842767,0.2531445,106.2
48.13714626,1.89117172,126.7
48.76158394,3.36786741,140.2
48.34865126,1.66526516,147.8
47.87180049,1.85195446,97.1
47.65343515,1.92121592,116.4
47.66980806,2.50070995,156.4
49.20441207,1.64536625,91.7
49.85849432,2.41958196,101.3
47.53698204,2.84549723,133.7
48.39521272,2.31618061,125.3
49.11606345,2.89743927,119.2
48.84263076,2.87867042,123.8
49.63038704,1.86492853,189
47.71405781,3.15572312,196
47.8110916,2.01812629,116.1
49.99822188,1.59776176,102.8
47.70557069,3.4449601,242.6
49.45841885,2.08754683,81.2
47.97043462,1.25917344,92.8
49.34835849,0.86046796,104.5
49.09215481,0.37964232,165.9
49.62104276,0.50454846,129.9
49.10320168,4.50608498,144.6
47.55102567,2.22452095,140.3
48.7018372,3.49003314,190.5
49.89233277,2.12561594,84.1
47.59371549,2.67597058,183.1
49.70251002,3.11597509,70
48.92614842,3.70593224,210
49.82972122,2.58043465,57.5
48.03711261,1.45927246,132
49.9048151,2.4705789,31.8
48.19678501,2.14708584,118.6
49.27296936,0.57010173,144.5
48.42597831,0.34364815,166.2
49.15925242,4.38916538,132
47.8567538,2.39690031,124.3
49.61423729,3.00657697,72.9
48.00823812,1.13492107,160
49.6387411,2.32334384,95.7
48.5256408,1.10610651,234.3
48.78400356,2.81865067,114
49.73687072,2.47963531,117.7
48.4408832,2.78106332,92.1
49.78394893,1.42051994,201.8
48.7179922,4.15315649,188
48.76507884,2.95492891,122.9
49.91585765,1.44903714,173.7
48.91097385,4.43620832,90
49.2864142,1.62849722,75.5
48.38445917,2.17676756,142.1
48.77567049,3.51437804,176.4
49.36425329,1.08774327,36
49.96009775,3.25277934,127.7
49.71575481,2.89765885,79
48.42568969,1.33731647,149.4
49.33389038,2.12082853,123.9
48.10688223,2.77744873,95.3
48.03102447,1.14625216,157.2
48.619005,4.44563871,163.8
49.32580439,2.49864238,53.9
49.6716734,2.10234781,146.6
48.6169371,3.78651388,79.5
49.89096758,3.17512601,69
48.64947259,1.36059567,155.1
48.34173286,1.56075561,147
47.89533339,2.58963666,112.3
48.86121829,2.27830952,60.2
48.16267894,3.50178497,184.3
49.23737595,3.86446293,205.1
47.78542891,1.75916933,100.3
48.57269364,4.0236088,97.2
48.68440788,3.02131703,115.2
49.07596478,3.06290468,59.2
49.65493507,1.3857969,221.1
49.91516768,1.33704407,76.9
48.31103117,1.21488828,155
47.88116207,1.24882713,150.7
48.50408739,4.31794963,97
48.81178227,2.95623317,102.4
48.53255266,2.60485573,83.8
49.15110922,3.61456704,216.6
48.45029733,3.52788536,104.3
49.05258555,3.74009252,131.3
47.71173741,2.84139722,173.5
49.25857194,0.62860494,146.1
49.01300227,3.10496176,180.5
50.26127723,2.24671556,129.3
47.78885655,1.98797157,127.3
48.40277264,1.74810412,142.1
48.53596668,3.66679502,69.5
47.65788715,2.42270269,156.3
47.96701531,1.48198403,123.7
49.65435028,0.50894501,128
47.54078667,3.07058956,235.7
48.07089822,4.05120201,161.9
49.64236045,0.53371414,136.3
48.33930885,2.10395874,91.6
49.22168131,0.32207103,133.6
49.48076127,1.85618931,130.8
49.73075019,3.64671089,135.7
47.59493864,2.36144866,161.8
48.28527775,1.82902645,138.7
49.61653313,1.09957043,161.8
49.75568436,0.68361173,104.4
49.80750268,2.06868116,145.5
48.22412084,2.70569358,90.1
49.14994336,2.63056993,110.7
50.04724941,3.27308349,131.1
48.8838311,3.32742131,180.8
49.25828208,1.98491886,89.6
48.52095129,0.28584314,144
48.13248273,1.20336617,161
49.63951204,2.40255388,130.7
49.27904103,2.52478336,47.8
49.05389882,2.09484789,78.8
47.7615014,1.3192477,110.2
49.603515,3.78879495,71.3
49.20956708,1.62718238,107.3
48.11545099,0.49838253,76.6
48.10023426,3.83405562,183.4
49.08571642,3.47620022,188.8
48.46366185,2.4051116,140.4
48.26764425,3.60366304,232.4
48.88704298,1.22099635,147
48.49288584,2.56068437,79.1
48.45488251,1.23908235,176
47.67200058,2.05626302,115.7
47.76741941,2.34034544,116.4
49.19474307,4.31845303,117.6
47.64695734,2.60708071,158.8
49.08360241,3.44407363,204.5
47.97666835,2.99190704,166.7
48.21608827,0.44989195,103.5
48.81522393,1.75592009,119.2
47.75235488,2.72307012,149.3
48.08421409,2.93706763,143
48.73052219,1.13575842,173
48.529036,2.48247853,77
48.91589438,1.11943405,142.1
49.74857955,1.79057251,209.6
49.40428734,4.22139442,87.2
48.81410394,1.35820558,71
48.79199414,2.26596073,165
49.96907039,3.64545342,140.9
49.60528591,1.75153506,206
50.09464334,3.33677429,114.1
48.26536268,2.26806829,131.1
49.35628898,1.77085949,81.3
47.41613097,2.31394442,170.1
48.36991907,0.39063863,139.5
48.85607018,3.26585171,171.2
48.15336277,2.19203458,115.5
48.80872839,3.22088611,124
48.55726156,1.00566905,246.4
48.95178468,4.02933725,114.7
47.77913584,1.56440249,109.3
50.13159904,2.66490583,133.4
48.91814693,0.66520994,190.3
49.2342224,1.76321533,103.3
48.17246139,0.80830104,179.4
48.29587174,4.03210727,108
48.99394787,1.68690939,33.3
49.40061168,3.83449783,54.9
48.32698251,3.20481418,68.3
50.15523822,2.69084064,136.1
49.76080918,1.68468426,195.4
48.58362844,1.98014758,108.2
49.794983,2.47983388,94.3
49.2940239,0.65133572,30.7
48.92886183,1.24630098,142.9
50.0585121,1.7722827,93.9
48.6577145,1.38321725,134.1
49.04209152,0.86110876,154
49.78299213,3.284872,106.5
49.34101648,2.80934013,49.4
50.08202192,2.86763149,117.6
48.57932853,1.633714,145.4
49.19809109,2.12782616,144.8
48.10807828,4.04965238,168.1
49.32537011,2.49741711,55.2
48.52566174,3.02884925,128
47.61894888,1.402887,69.1
48.20034829,3.22986901,162.8
48.56423919,4.11311968,106.6
47.77438597,2.32615679,112.4
49.16218186,3.8382099,177
49.60245921,3.0184338,84.7
50.06858393,2.87281275,109.7
47.84406374,1.23271244,140
49.98647353,1.91925187,64
47.54749971,2.49998654,181.8
48.3722726,3.40486054,124.6
48.19945482,1.710832,128.2
49.085767,1.13169492,84.4
48.78513181,3.43889461,136.8
48.93083541,1.64791898,124.7
48.88723937,0.87279011,189.7
47.85626858,2.60638738,121.7
48.88038692,1.05245784,156.6
48.18712335,1.14072698,171.3
48.26154191,0.71733395,167.9
48.29126864,0.66175272,138.8
49.24796441,2.11497999,124.5
49.69703195,1.39242598,151.1
48.08644728,2.29076493,108.2
48.126014,1.76853532,123.4
49.97129489,2.65007097,51.9
49.19494628,0.44211738,155
49.86969873,2.86953497,79
49.89427131,0.98065966,44.6
49.90968528,1.16169166,63
50.11260564,2.98772602,119.6
49.06300114,3.76117433,146.1
48.04027816,3.89284519,134.2
49.33874671,3.3932853,155.2
49.98219327,1.06601261,-10.1
47.5038887,2.18832346,139.1
48.84020213,2.69494466,87.8
48.40585139,0.3740325,171.9
48.79914432,2.96344648,127.1
50.22448602,2.84112236,72.5
48.04687441,1.29763652,135.7
48.72202859,0.56917399,265.9
48.68971512,1.53364968,127.8
50.03405453,1.99563808,47.7
49.01489339,0.93020258,145.8
49.34127585,2.01115307,218.1
50.00291501,2.30081748,128
48.14611994,2.54789705,95.2
48.68425727,4.08974788,132.5
49.06518372,0.59568456,141.3
50.03091678,2.65382421,84.3
48.33750309,0.87690784,162.5
49.10363948,2.80986695,122.5
47.72330134,2.87495871,180.8
47.73937911,1.99912926,107
49.01204519,0.27182432,185.9
48.64772984,0.31110192,194.5
47.48118948,2.87794208,136.3
48.00915802,1.09892551,212.9
49.48877327,4.2279326,130.5
48.83739215,3.2709913,161.1
49.07726086,2.38883724,122.8
47.57189715,2.5719862,203.9
49.29234091,1.0985123,30.1
48.91197658,1.32154799,138.4
48.55923915,1.17705285,214.2
49.06844062,3.55533736,73.4
48.99631258,1.46645309,131.7
48.2653276,3.78635747,127.8
49.53020836,3.12065538,66.6
49.44987694,3.45659477,136.1
48.60257983,1.52733141,136.2
48.88172672,3.01352464,153.1
49.30300465,0.39996738,127
49.24715119,2.48847149,82.7
49.03152437,1.81054741,102.6
48.63765063,0.22589566,194.3
48.2243233,0.5536708,149.6
49.54281599,1.15684149,138.2
47.50699165,2.9854055,235
47.85664693,3.69348773,169.6
50.05142825,1.14176348,-9.5
49.60820078,4.02373109,132.2
49.15727097,0.68119535,142.5
48.41674367,1.68906577,149.9
48.82900041,0.58444046,256.8
47.81443898,2.2873538,110.9
49.84522964,3.86918271,175.5
48.89797317,0.72030868,168.9
49.95612999,1.01284815,-7
48.44036766,0.6935505,146.1
49.18753839,4.27660091,103.3
48.89105323,0.36312576,239.1
49.44154981,1.54721102,151
48.48374822,4.2408129,186.6
48.61695579,2.7766242,95
49.35858942,3.27933893,145.9
47.89243358,3.50788504,141.5
48.8466463,2.50264109,56.8
48.69761719,1.65534904,147.4
50.04624896,2.65416036,122.5
49.59107213,3.87960412,73.8
49.25396255,1.16623752,79.4
49.99018711,1.50476216,109.2
48.8259967,2.87031822,135.8
49.81440937,3.37267496,113.9
49.68708458,2.12936748,165.2
49.25194111,1.69416039,72.4
49.37222361,2.7565173,95.4
49.58818939,2.82099546,80.7
47.87666337,1.7298972,104.8
49.44540922,3.38550318,80.3
49.02149488,2.89362034,115.6
48.29491757,2.57130449,116.4
48.16525084,0.91459125,230.3
47.45226109,2.66532694,222.5
48.39362283,1.52376945,144.2
49.03654671,3.19897614,193.5
48.67593796,1.99099308,174.3
49.3269785,4.21463749,95
49.32425359,2.33516655,52.5
47.83213466,3.69323539,223.6
47.59376999,2.94876353,198.2
50.01073669,2.51746262,70.1
47.78280323,1.41951834,118
49.63996379,3.32414975,40.3
48.73285774,3.0334165,101.6
49.06985027,0.36762483,151.8
48.3834484,0.70667991,184.7
49.22593972,2.60633938,87.3
49.14755199,1.02154721,143.9
49.37547074,4.00816745,77
48.27326883,2.58314638,119.1
48.8449885,0.39659284,258.5
48.13096385,4.03376454,146.4
47.51725187,2.97909007,231
49.14428766,2.81472272,109.9
49.9327665,1.394111,99.7
49.50655723,2.13606265,135.1
47.82721447,1.59376114,111.5
49.07860613,1.17614068,138.5
48.3453092,3.28721751,127.5
47.65578056,2.17237585,146.1
49.47660862,0.47747328,
49.55315077,1.27936046,168
48.29507197,2.54000742,115
49.28563879,1.05760205,19.6
49.2063182,3.75299951,209.7
49.58528869,3.39453609,196.2
48.07596333,3.29676255,80
48.32666582,1.62708932,145.9
47.94703495,3.44326116,97
49.70787772,0.82707624,157.8
49.56888406,2.1163987,169.2
48.94484139,0.17152339,154.9
49.62855507,2.58354356,83.6
47.88480147,2.32705691,131.9
48.43193449,2.53257575,72.8
48.23722557,3.4083076,193.2
49.67996672,3.22291055,88.2
48.22049816,0.39660849,71
48.64084988,2.8453278,93.5
47.69252478,2.76179568,161.2
49.5910719,3.83570358,76.8
49.82538579,2.77542479,99
49.4526377,3.43175625,155.6
48.43010623,4.05549695,164.2
49.45473806,2.8274684,43.4
49.71610734,1.77355194,194.5
49.96570945,2.32812384,98.8
49.5554765,3.39627864,208
48.1958629,0.72093566,170.2
47.93591275,3.42321245,97.6
49.80537248,3.25267284,77.3
49.34566164,3.96079846,75.1
49.41742341,3.18716223,134.8
50.12891408,1.79436415,30.3
50.07248048,3.36262948,133.4
49.48463259,0.53609922,1.4
49.710504,1.24940242,167.8
49.27749047,2.67547877,176.9
49.85795851,1.81711154,110.3
49.56219969,2.05643185,121.3
49.40724053,1.51892109,156
49.07167234,1.88027882,108.2
49.23870879,2.04880196,105.3
48.52564747,1.93938162,130.2
48.36733119,0.70497921,168.4
49.27247645,3.19384709,152.1
50.11068449,3.11637032,66.9
49.18721438,0.84124686,143.6
49.39750329,2.81458972,54.8
48.46154841,3.10564974,130.5
48.68527113,2.31820275,42
49.25800176,1.04856782,81.3
47.44359923,2.67587452,224.7
47.84352384,2.83113384,126
49.40024061,2.8058637,40.5
48.66265462,0.62470712,271.3
48.59617676,1.78629136,162.7
48.88804104,2.20472403,49.7
47.8792704,2.28932235,125.2
47.68791163,3.24033928,290.2
50.22584811,2.84543316,71.3
49.42446706,3.16059815,116.8
48.85452664,1.50791102,99
49.90625635,1.168583,10.9
49.26311105,3.05070618,139.5
48.86895761,0.35381739,263.4
48.18411639,2.55892128,98.8
49.90317255,2.35565327,60.5
48.59939348,1.25900421,179.5
48.20042637,2.64302435,114.2
49.83548242,1.38247772,77.4
47.91144083,3.63634816,99.3
48.28679953,1.77364206,146
49.0673527,2.77995379,104.3
48.44001362,3.92629974,90.9
49.18914598,1.14908256,58
48.04921496,4.0220182,124.9
48.01676025,1.26174703,102.8
48.05616271,2.71109371,98
49.50078396,2.84202638,42.5
48.81644945,2.56875487,109.1
49.84318449,3.81875895,175.4
49.6399946,2.97680294,99.1
47.71138057,2.27368338,137.5
47.72444301,3.2671534,270.9
48.25293362,1.49849113,144.4
47.79040801,0.92623828,105.2
49.27632213,0.79611988,115.4
49.76297499,2.47696017,69.1
49.31287462,0.57921234,114.4
48.92070154,0.79599775,188.5
49.68914984,1.39532214,150.9
48.48914477,2.0716109,152
48.7537874,0.19287721,253
48.75107601,3.60845516,201.4
48.31918994,1.62744534,144.9
48.97965962,4.23064491,98
49.15649006,1.1373365,130.3
49.46962171,0.76560602,5.3
48.16441262,2.78835794,114.1
49.16709621,2.07508525,117.9
50.07342487,1.62802448,91.3
48.02091194,3.66523859,138.5
48.51303355,1.39046022,173.3
47.98902492,1.31204123,103.4
48.89178622,2.08429431,50.6
50.03814415,3.0171183,103
48.29219206,1.44952858,150
48.99962975,0.18720438,182.6
49.78038307,1.23926276,182.6
49.00365777,3.36429162,67.1
50.08344237,3.19998427,131.9
49.35782136,2.86042438,51.6
48.0925676,3.28302432,70.7
49.13730545,2.31511796,106
48.94845073,1.79079614,123.6
48.86844467,4.18226974,125.7
50.05899278,3.29827268,132.5
49.44419007,4.0017531,88.6
47.85438412,2.0263481,96.1
47.8801907,2.72207409,107.4
48.42301678,3.8040902,126.1
49.40857671,2.44389306,109
48.71389585,4.40248372,182.8
48.05508266,2.01934033,125
47.8888635,1.66043496,101.9
48.89668715,2.78280221,47.2
49.02288668,1.56660681,115.8
49.3310098,3.32660276,63.9
48.41435038,2.9840928,110.7
47.63959846,1.680221,106.4
49.34299386,4.37238288,138.7
49.83270554,3.65933144,111.7
49.06980111,3.49241475,60.9
48.01464401,1.87085111,132.8
48.99043921,1.94844599,42.7
49.79505626,4.0399769,211
47.55502431,2.26981076,136
49.83546495,3.65666252,133.1
48.3579679,3.33165393,162.3
47.77853557,1.68447634,83
49.81118404,2.3658131,106.3
49.6303084,3.61316424,78.3
49.28818524,2.55513852,91.4
49.39046055,0.37146543,99
49.30637808,0.42194505,127.8
50.10402962,1.81454296,4.5
48.27131091,1.18299601,169.2
49.69785492,3.73387219,69.6
49.14649748,4.44086234,136.9
49.49893645,2.30419829,91.6
49.10827622,0.55964341,163
48.83733001,3.02179189,140.8
47.79500833,1.84039002,107.5
49.46532938,3.44181297,153.8
48.90711802,3.13954501,150.9
49.02268982,3.36202682,163.2
48.99616258,3.50714207,177.5
48.54093451,2.82711991,105.1
49.17686358,0.84354789,140.5
49.29354381,0.27832514,61
49.21447166,1.07211934,154.8
48.23554086,1.62821345,142
49.02229934,4.38013261,137.3
47.98844666,3.75139269,99.2
49.45538703,2.90970998,55.4
50.21423634,2.42046193,154.3
47.88781211,3.33453715,136
48.59671505,2.30997136,77.2
50.25028275,2.72204815,82.6
49.0978579,0.45854123,202.9
49.69287261,3.45083883,51.5
50.11632481,2.35368012,134
49.34059871,1.85204727,138.5
47.95863208,2.77863596,91.1
48.21419443,2.24873331,127.9
48.58783117,0.94847424,253.5
47.71397566,3.58871581,149.1
49.22888737,1.54614917,96.1
48.26421983,2.48342944,109.4
49.52863163,3.54277087,129.2
47.78478336,2.77846654,143.4
49.32506314,3.89102085,207.2
49.50778289,2.95889383,34.1
48.87330843,1.82815595,124
48.68594756,1.11655123,178.9
50.04448637,2.23511709,84.2
48.48198419,1.66666263,145
49.64905266,2.25501644,108.5
49.80632788,2.92250546,78.5
49.28120635,4.33135037,130.1
48.25013574,2.50112473,126.7
49.06882657,1.92467657,83.4
48.83755981,3.86090045,180.3
49.0599955,3.14260741,140.5
49.71153319,0.65125112,121.1
48.97199313,4.23874921,96.9
48.09010242,2.71239758,95.7
48.11801635,1.81968547,120.2
49.41782305,2.54205733,116.6
48.47071989,3.98734825,102.4
49.11132861,1.74251666,141
48.91967933,4.43430496,99.3
47.76805061,1.3160324,113.5
50.01687584,2.74814975,123.9
47.79515153,2.48222256,152
48.22839598,3.91369626,176.6
48.11062914,1.26790066,152
48.60782706,2.29549283,72.3
49.37460494,1.05295102,81.5
49.89791693,3.20802878,96.9
48.18628336,1.34181833,160.6
49.35858358,3.66640517,148.3
48.14566259,0.49017219,111.1
48.91563416,2.46350369,47
47.45091869,2.21888925,132.4
48.66265637,2.4065325,33.5
49.59226331,1.24286514,158.7
48.19731282,1.99304717,128.3
49.5100586,3.25134537,121.6
48.86793708,1.9714124,130.2
49.6649609,2.67859073,98
50.21295015,2.28124608,116
48.91270201,0.57085626,213.4
49.05851169,1.79781744,167
48.10238351,3.99349926,153.7
49.33757854,4.41222024,140.8
49.72563929,4.08574926,148.2
49.65003087,2.38412396,84.2
48.97961522,4.11080988,83.6
49.35668213,1.37985643,121.9
48.95865537,0.21210042,153.4
49.84631151,1.87523205,133.2
47.99153162,2.3322842,151.8
49.07276617,3.31079105,120.5
49.96115678,1.63961592,139
47.53249386,2.11212215,138.6
47.52987529,2.2465842,153.7
49.12521712,0.32888244,80.3
47.45725347,2.8268886,199.1
48.3544413,3.55538347,121.1
50.04805282,1.72309658,76
49.11080482,3.92115256,264.5
49.56704073,2.6280276,87.2
47.79811626,3.71558779,261.1
49.4259459,2.26957376,79.5
49.26541705,1.47259345,109.3
50.10392528,2.76422233,113.6
47.77440005,3.68992055,266.2
49.52693354,1.83309193,166.5
49.06034196,1.36184149,120.7
48.58825689,0.81106727,256
48.7416134,0.68859125,220.2
49.13998815,3.85189724,216.2
48.37455143,2.35055894,138.3
50.00871604,1.11375425,-11.8
49.9008073,2.54250172,56.5
49.30129028,4.1471341,116.1
49.63064769,3.22566848,60.1
50.07271385,2.89187777,120.9
49.00466281,3.52307616,218.2
47.53472252,2.49888258,184.5
49.561298,2.61601418,92.3
47.99583804,2.76462866,103
48.68305289,0.82528182,187.8
49.35037012,1.40207508,120.6
48.28695278,2.59026326,88.6
49.19902777,3.78058667,181.8
48.74032453,0.55262491,237.7
50.12605111,2.91641978,115.4
48.09108731,3.56965607,244.7
48.19347757,1.2999976,145.4
49.12339453,0.4733039,174.9
49.68636527,1.49936184,112.8
49.03824048,3.27743242,183.8
48.44134443,4.33421592,102.5
49.55907042,3.78472001,83.5
48.22664887,2.87957542,127.4
49.55889687,3.72588451,74.2
50.10378507,2.88697508,113.5
49.33401138,0.49574029,112.7
48.45727024,3.99294875,110
47.88223578,1.67568962,103.6
48.83794996,3.16952167,148.8
48.16365879,3.04446656,140.7
50.01403094,3.57222937,147.4
48.86203078,3.40717305,118.6
48.80260141,1.00828999,171.4
49.46091778,2.35175426,131.3
49.11880392,3.64322952,170.2
49.88265722,2.79120028,77
49.42505056,3.97748992,57.3
49.02915776,1.05991229,125.1
49.85671936,1.33881357,55.8
50.10697694,2.79819322,122.8
49.1403968,4.25454309,93.1
48.14390502,0.83560018,189
47.99466687,3.66670974,100.6
49.10380827,3.24735327,160
49.54607215,4.00293485,107.5
49.57639693,3.84102915,73
50.00731885,2.73913159,82.5
49.84826748,3.20193922,107.8
48.52356336,3.3868725,158.5
47.56128706,3.11485162,286
48.98700777,4.36780868,94.9
49.02144435,0.82681416,137.3
49.4409941,2.273888,95.1
48.29345626,2.280304,122
48.83739104,2.68319861,89
48.56987324,4.26945754,109
48.12812202,0.55011776,123.5
48.9412021,0.99214074,163.4
49.16457809,3.06837872,93.2
50.00450026,1.17613536,-8.6
48.70213067,1.03906259,174.3
49.23663104,2.51908505,81.3
50.04124869,2.17048659,84.4
48.27470048,1.29783822,145.9
48.60999576,3.21431087,147
47.57200226,2.97570325,226.4
49.55040444,2.35770495,143.3
49.79045959,0.90465432,108.1
47.99345877,3.54820662,120.8
48.66270062,3.93891373,87.8
48.83023076,3.11314026,97.9
48.35206483,0.87058455,165.9
49.216631,1.88542743,127.1
50.21019468,2.30988897,133.8
50.28080765,2.28129098,76
50.00457723,2.94668003,119.5
49.79184487,2.42349093,104.7
47.90727395,0.90041702,168.7
48.61864732,2.73279106,94
48.48966643,3.99793253,124.1
47.57370049,2.64121012,204.2
50.19465251,2.32440321,124.3
47.85530518,2.47178722,150.6
47.63145634,3.03733214,231.6
49.21406204,4.43992186,131.3
47.7865429,1.96213212,125.1
47.73714249,2.94466112,172.3
47.80094109,1.38767613,116
49.00401245,0.89238729,156
49.19586116,1.9529772,107.2
48.96241386,3.36060344,198.1
48.52780707,0.96163703,218.5
47.939851,3.95873437,163.9
49.83392453,2.96924613,79.7
47.83646727,0.85133566,152.9
48.59486809,0.54215374,219.5
47.6281591,3.24745197,230.3
47.69650616,2.39276086,155.6
48.63039168,1.79614335,166.1
50.03963463,2.47662688,114.5
49.40659292,1.82913411,214.9
50.06652172,1.20803998,-10
49.65502869,2.75403739,89.7
49.24789003,3.11959366,166.2
49.80195339,2.85552924,85.9
47.82974301,2.0920698,98.9
49.19329573,0.81749778,146.1
49.90998873,0.86725017,-1.9
49.01742174,3.35957174,202.6
48.90312725,4.10811784,94.3
49.43197904,0.90852138,29.7
48.70100201,0.44743459,286.9
49.70444632,2.66961286,91.6
49.12867293,0.89962997,132.8
48.75878358,1.77509881,191.1
48.03177494,0.70463338,192.4
48.72823298,1.62099975,142.8
48.72408949,1.49742537,130.3
49.60789504,3.8426138,73.4
49.08626957,4.33856187,110.5
47.97401071,2.57775234,106.6
47.69825148,2.50870398,141.7
48.08153283,0.62581993,118.7
47.88114929,1.29892948,140
48.04894165,2.67894554,92.7
49.06991137,4.388851,112.7
49.72437726,1.9097953,186
50.09490463,3.44623444,135
48.08138949,3.86461944,166.6
49.28739665,3.91921169,99.8
47.91531868,0.91888547,165.6
49.58521689,3.07551969,66.8
48.52675705,2.84422307,109.8
47.877693,2.84154982,126.7
49.58451769,0.75224767,132.2
50.12033508,2.58675032,137.9
47.7724392,2.2613627,116.6
49.16936702,2.27911303,43
47.52007606,1.81767801,99
49.12597242,0.64270599,150.9
47.55270148,1.71374954,91
48.88445949,1.76985777,128.7
47.96790764,1.08840584,197.2
48.19553025,0.56656714,156.1
49.01680824,0.80681893,116.1
47.85184062,2.21019502,105.1
48.11447683,3.53357455,226.4
48.65739711,0.32206007,210.5
47.67330418,3.15116452,244.8
48.009378,0.73776305,184.4
48.27987546,1.1160293,200.8
49.79349645,2.65455854,93
49.19832297,2.72263261,123.1
47.8450428,1.14997612,117.9
47.82194252,2.74973559,143.2
47.76811288,3.06126226,188
48.41669053,1.98780917,145
49.7022633,3.85561998,131.9
49.0723006,2.68514547,109.3
48.81934004,4.5092321,89
48.01113729,1.97371129,134.4
48.70227713,0.99825737,182.8
49.55932384,1.14790707,82.8
47.46083619,2.16201519,127.9
49.15838181,0.34101353,130
48.95693123,1.12910089,151.6
49.18695582,2.5011783,65.2
48.79405621,3.1733933,133.4
49.4138583,0.96339206,91.8
48.7749281,3.51003356,165.7
49.10556409,1.09788526,106.4
49.81686481,3.79874795,150.3
48.09909734,1.46909695,125.9
50.18494707,2.96961901,95.3
48.01384223,2.60448668,96.3
49.52076386,3.27567546,43.5
48.13488076,3.51667756,200.4
47.50991189,1.90806594,103.7
48.42006475,1.08995942,249.1
48.37099333,0.76036114,147.7
49.63202594,3.97777785,119.7
48.87568433,1.95243933,121.6
47.58991648,2.74685878,137.9
49.54529064,0.52725556,122.4
48.57596767,2.74819481,88.5
48.13729657,3.62845096,224
48.03604429,3.84604998,135.7
47.88131009,2.12084231,112.1
49.95062187,2.24886341,48.8
49.27234888,1.13644095,142.1
50.16542288,1.90165557,78.3
48.30963833,1.6001064,146
49.06084478,3.81014347,233.9
48.8719454,1.94424838,120.9
48.11015253,3.3301049,176.4
48.10563653,1.34890511,141
49.64058395,1.33946189,193.9
48.99875387,2.48001779,86.6
49.31160535,1.857896,121.6
50.13783162,1.88119709,22.3
49.65615413,1.57234925,207.6
48.74024408,1.35675744,129.5
47.5110441,1.66974643,98.3
48.14987732,0.61074705,77.3
50.24744062,1.95637662,76.1
48.54231375,0.67116784,235.6
48.19889701,4.2725191,154.4
48.74132154,4.52214267,139.2
50.17118954,1.69560276,3
49.3818742,4.11641203,72.4
49.9089704,3.60196187,120.7
48.39707067,2.46901971,66.3
48.8872779,3.47315416,201.1
50.18384066,2.45320892,159.1
47.81275395,1.74295169,91.5
49.88653306,1.54816656,120.3
49.43761168,0.88161783,1.4
49.4597016,2.39854034,115.8
48.62374837,2.12128981,101.3
48.48304297,2.28685485,140
48.26736469,2.87360567,111.3
49.06833048,4.22531865,86.6
48.90720523,0.46071473,213.7
49.40940783,2.34206905,71.1
48.42735953,3.04360129,111.9
49.86940701,3.38207425,106.3
48.7221033,3.89843894,97
48.04977687,1.29653131,127.8
48.06992841,1.80241517,127.2
49.26042953,4.32154122,124.2
48.87392595,0.57422903,222.2
48.20533792,0.5438387,154.1
47.90295914,1.02986859,152.9
49.6623962,2.05975193,167.8
48.15278695,2.2059365,117.2
49.02444837,1.31050586,111.3
48.52597105,3.14070856,139.9
49.48612695,4.16807365,65.4
47.81156419,2.64164184,143.4
49.96167273,2.49389625,108
47.9479417,2.31996948,130
47.88736662,2.73412245,115.2
48.97301636,4.11256294,83
48.98268075,1.94010448,56.8
48.29588254,3.72546441,161.9
49.32443232,2.91549527,158
47.48408227,2.24288025,145.9
48.33107644,2.78896916,81.7
48.09943112,1.12784363,163.9
48.86028252,4.39839936,119.8
49.00320772,1.03106397,136.7
48.56352575,0.87492883,247.3
49.77297878,2.94692019,59.4
48.91966241,0.78241977,190.1
49.18244336,2.54754625,61.9
49.74341377,1.64390311,227.2
49.36951041,1.90368171,213.9
49.74945436,3.45612682,116.1
49.51155129,2.07157529,145
48.308173,4.36444728,145.3
49.84943484,2.9120425,76
49.26098258,0.42840428,118.2
49.537312,3.11807563,56
50.22976067,2.35113348,155.2
47.77281969,2.63650479,140.5
47.88794299,0.85141922,145.5
49.24468728,2.95281581,112.4
49.15454176,2.82351951,124.5
47.59625786,2.24298517,145.9
49.57078176,3.50817268,108.4
48.78792137,3.04177643,133.5
48.96327482,0.37573914,204.5
48.95825295,2.53555795,59.3
47.69153405,1.09303294,136
48.35801982,3.06045498,50.1
49.38264671,0.3525247,111.5
47.87269711,3.17650723,201.8
48.19253269,0.6108927,140.3
49.40709033,0.90024776,51.5
47.48830229,2.63353666,243.1
47.75938508,0.98707482,109.4
49.03094769,2.52607861,107.5
47.78839176,3.79806046,163
47.80950091,1.12445393,129.3
48.82005526,0.90399435,176
50.19628412,1.6913906,3.9
48.73715162,0.58806368,253
48.14841591,3.67540125,218.8
48.68845459,1.82654805,178.5
49.07841985,0.94400273,134.9
47.98416475,1.79538475,122.3
48.43607839,3.62020751,136.2
47.90243358,3.9348638,159.9
50.08282298,2.17793498,127
49.71808457,1.25733218,193.5
49.14933984,4.47852319,125
48.57135482,2.93868108,107
49.69315538,2.43946533,123.1
49.41562169,0.53029352,2.1
49.10644346,4.40322276,131.3
49.16724254,3.86536039,146
48.21338922,2.36649223,132.5
48.95814248,1.0829176,141.8
49.53431918,2.77734236,62.2
48.56234945,3.15055975,140
48.21834821,3.2254714,98.4
49.14762472,2.65911966,90.1
48.80127063,3.03343645,128.8
48.40118953,3.43964182,111.6
48.41402226,4.42052167,120.4
49.94053716,2.13713248,57.7
49.56419787,0.82044357,126.8
49.27665358,0.24255363,123.4
49.28408168,2.74903937,120.2
49.16539039,1.37102006,17.2
49.86792261,2.4649481,94.4
48.79521959,0.51952453,304.4
48.97898199,2.09570266,26.8
48.19395503,1.14883115,168.9
47.97302516,1.68704576,119
48.63973316,0.5029453,221
48.58549718,3.14414271,137.2
49.37491649,2.34883193,162
49.33500114,3.71320116,178
49.62902818,2.0716318,169.5
48.35868239,2.35543393,116.8
48.05410901,4.14909053,164.6
49.34081815,3.95765395,87.5
48.71930111,1.35803966,116.4
49.82326059,1.41248924,77.7
49.0744701,2.468265,134
47.61447639,1.50100092,85.3
49.25009139,1.75388472,131.7
49.66819873,1.84639383,209.9
49.39592162,2.90274621,72.1
50.27376578,2.78400853,83.7
49.64707482,2.67557977,95.5
47.71903642,2.07257476,120.1
49.82109146,2.02750168,136.2
48.46347332,2.35979665,111.2
48.695526,1.51389591,130.4
49.81327995,1.33450248,132.9
47.71257353,2.92621222,150.2
49.58266079,3.24384669,64.2
49.72320192,0.85324577,148.7
49.93064838,1.43902225,159.4
49.79646223,1.6279164,235.5
49.35249111,2.24336138,45.9
47.70410562,1.42477811,115.2
49.10046337,1.75310908,173
49.25669361,3.4453056,178.5
48.59039359,2.4701466,45.1
48.2260616,1.66749375,139.6
48.15368,1.7236063,133.9
48.32927264,2.48660756,117.6
49.20982317,3.47300507,109.9
49.61451267,1.00065155,160.9
48.0148362,3.03377827,157.4
48.17993167,4.02427032,161.1
49.32003646,0.85660398,115.9
47.69656483,1.73148274,110.8
48.33089165,3.12267933,55.3
47.57905739,2.87755553,185.1
48.31486067,4.09834932,104.6
49.44580253,3.29695981,154
49.26807055,1.45259596,136.4
48.61238365,2.47213149,37.3
48.13244725,3.07683476,181
47.98815279,0.7772415,158.4
48.02519393,1.1095944,150.8
49.72800136,0.63687799,114.6
48.17101452,3.1598071,180.9
48.65499495,2.07879304,176.5
49.45839918,1.35032453,136.5
48.23501191,1.28849248,144.5
48.59029387,0.46471113,204
49.21451562,2.054432,88
49.48736233,2.62423301,79.4
50.20141061,2.50659893,165.6
47.80942688,2.64912898,146.2
49.13881923,2.22824297,107.3
49.36271784,2.24641588,66.2
49.03162219,3.59999248,202.8
47.72842148,2.63681251,153.1
47.96124443,3.40728785,81.4
48.65798957,2.43997972,85.3
49.65473408,1.87512403,201.7
48.23889891,2.27394217,120
48.19164781,3.19063703,185.4
48.82027901,2.23489131,44.6
48.68589593,2.46465615,90
48.73920156,3.15004346,128.2
48.81522039,2.63685279,105.8
48.53146311,2.30743112,75.9
49.91099751,1.11840921,86.8
48.67254537,0.92117255,212.3
49.23203204,0.92909517,141.9
49.95018141,3.1997929,139.4
49.35751885,1.81472636,145.7
48.34644638,1.60938592,146.5
49.85367021,3.41711502,119.7
48.98780606,3.55530139,117.9
48.94039525,2.5349257,54
49.19056887,1.34851323,13.9
47.93110342,1.85243299,118
49.13946994,1.09114818,124.5
48.20477645,4.13594868,115.3
49.12764334,4.29400541,101.1
49.9780497,2.4910339,108.6
49.05910857,2.08090287,69.5
47.73612364,2.30729346,132.9
49.03909373,2.28472682,192.7
48.89422735,3.43448501,186.1
48.87652625,2.85658133,64.4
48.8373995,3.43109204,181.3
49.00404304,3.56281349,86
49.19537297,1.97811881,115.1
48.51924503,1.21765347,223.1
48.05012691,1.21837221,140.1
49.48051859,1.14073451,127.2
49.25772263,2.1636477,152.3
48.10415796,2.50529702,88.2
47.78300503,1.47276147,118.2
50.06864329,1.43854834,62.7
49.41376826,4.18825025,75.4
48.27171767,1.60679633,147.1
48.47849241,1.01170879,197.5
47.95462305,2.56266016,92
49.81923245,1.95931023,175.8
49.22486464,0.91275736,164.3
49.65728178,2.03470268,149.4
47.92325693,3.21402858,182.8
49.49684867,0.95103848,128.9
48.92014358,4.36621844,103.7
49.5238153,3.06273314,62.2
48.23008331,0.74772204,138.3
48.71443723,4.09760532,175.7
50.03567748,1.92488418,11.3
49.23658114,1.5515106,87.9
47.87850123,1.74826858,100
48.61872679,1.73775716,134.9
47.76320754,1.77165775,108.9
50.18334732,1.98174841,104.2
47.83657271,3.57427904,91.5
48.02913514,1.14242733,155.5
48.12933233,1.73522857,129.1
49.12658825,4.25612544,100.7
48.45085553,0.30453509,153.2
48.94151151,0.9207674,171
50.03986969,1.79991465,95.4
47.43339662,2.51521346,242.9
50.11787321,2.29805572,129.7
48.54329084,0.31463354,154.7
48.22462794,2.63814714,112.7
49.85067764,2.38581359,26.7
47.91423335,2.30575056,133.2
47.80383938,2.20872287,104.4
49.27959142,2.48613546,27.5
48.57967305,3.35738267,157.9
48.21681985,3.57204167,137.8
49.75373064,2.16915732,86
48.04155396,3.66235102,141.8
49.67074279,2.71052707,84.9
48.26097007,1.18586237,169.1
49.50997475,4.12462856,73.1
49.25540872,2.59979028,148.1
47.76499658,1.67556158,82.8
48.65583107,3.95896578,91.9
49.50533878,1.74144456,118.2
49.10980519,1.56971491,136.3
48.65053813,0.42472776,218.4
48.45258628,3.07829987,81.6
48.62929277,2.72877143,92.5
47.85125709,3.72739116,171.2
48.92730849,0.16871204,218.4
47.76431057,2.7683097,158.2
48.89647926,4.53712309,134.3
49.00245474,4.36172739,109.8
47.50574955,2.8165322,180.7
48.1262135,3.63003013,252
47.77911154,2.75867623,152.5
48.96419667,4.49503274,146.9
48.71505766,4.01773908,118.8
47.97999082,1.87699132,119.5
50.19774035,2.2459284,107.5
47.91312645,1.12527986,120.4
49.31659313,3.76599263,70.8
48.39588811,1.65201121,153.1
49.69239426,1.50893674,135.4
48.94658517,2.49169762,46.8
48.89841984,0.56107543,225
49.00911585,1.63763382,24.5
48.49370474,0.38157745,191.2
49.5633255,3.70381973,73.2
48.07795445,2.43253116,108.3
48.60433813,3.65954345,170.7
49.27872328,2.17740704,150.6
50.05961605,2.58452136,99
48.22038058,4.00192387,135
48.3767491,4.12452681,176.1
49.11988274,2.81786798,109.8
48.77342732,1.96747342,165.5
48.50437289,1.10974157,256.3
48.89206389,4.38263202,123.8
49.30492439,3.12418423,135.9
50.00035795,1.86402056,108.7
48.04194713,0.56228388,99.2
47.43379209,2.09993752,127.7
49.33956119,4.32586912,126
49.4228327,3.78094014,61.7
49.44719475,0.58167237,3
48.20681893,1.88582433,134.3
48.38562568,3.90504414,121.9
49.55415586,0.89006252,113.8
47.53989914,3.01714074,216
49.47592303,0.56760463,8.1
47.74091753,3.61841985,139.3
48.48951358,4.27656389,109.8
48.42816551,3.70370554,108.3
48.61387028,3.7637092,75.9
48.12598002,4.23516179,162
49.20181558,2.19504926,60.2
49.25665713,2.15358965,152.7
49.70813536,0.81414466,150.7
49.32502364,4.22624771,91.2
49.25420138,2.93181671,89.5
48.10501797,3.05465218,173.3
49.96514591,1.02019735,-10
50.2256106,2.43827166,155
48.5191598,2.68350103,75.3
47.76135658,1.50948545,110.7
48.05185307,2.25271447,143.6
49.65966289,1.77718006,213.1
48.1626421,3.57202743,241.6
49.03398498,3.97141056,171.7
49.18442085,4.21355158,93.4
49.26248043,3.99528335,75.9
49.11446186,0.77804246,152
48.39575485,3.31174839,73.9
48.02803639,2.10310521,151.9
49.83521462,1.12971755,123.3
49.73866777,1.01580996,119
49.05004159,2.29088401,108.7
48.38413239,0.42762185,161.5
48.02454135,2.74734869,110.2
49.64632711,2.33652071,101.8
49.25541442,3.68770116,158.4
49.41097016,2.66670489,96.8
48.4377703,3.78600534,124.6
48.11802178,0.87043836,224.2
47.96020033,1.04581122,186.1
49.77962949,2.49245644,105.6
48.87014488,3.42068311,125.7
47.94278961,3.42065249,93.4
47.84034745,1.57177147,115.1
47.55192755,2.14737953,141.4
49.78572932,1.13256695,131.9
49.06454546,1.89428205,108.9
49.21188748,2.15027311,75.5
48.66013836,0.96296772,209.6
48.16689414,3.59019773,212.2
49.42467184,2.58548814,122.5
48.70166094,4.20795696,184.9
48.39158276,1.12765221,239.7
49.18105323,0.89675244,140.2
47.89116238,2.90149167,172.2
49.29736418,2.92254428,82.5
49.81908957,3.65297626,99
49.36216132,0.34429296,121.5
49.12477931,2.95207197,123.1
48.58796059,3.40846409,155.9
49.09437376,1.77283284,181.2
48.81701079,0.59975096,260.5
49.44493748,3.7547598,122.3
47.99250523,0.71863174,169.9
47.98451605,3.93566821,168.5
47.82079139,1.67654852,102.7
48.57803321,1.37155571,206.9
48.75102449,2.35131973,74.1
48.37008626,0.71423926,156.5
49.57629234,4.20486786,93.4
49.87063044,1.93595139,130.2
49.43128424,2.28095836,83.3
47.81726856,1.12822496,124.9
49.93309278,2.10361825,82
48.91340552,1.87839167,176.1
50.20855651,2.43667621,97.3
48.40419111,3.16189521,51.1
47.44207096,2.61642691,225.5
50.25955156,2.61170749,130.6
49.41893486,1.28759208,151.6
48.91790964,0.96538183,170.1
48.72660009,0.77133675,212.3
48.3768512,3.96651429,101.9
49.5936723,2.33093607,159.3
49.54264566,1.36675109,163.6
49.99301385,2.93684663,122.3
50.0279692,1.40078207,85
48.21518087,1.7286867,128.9
49.85024844,2.29212834,98.6
49.62032509,1.00100956,149.8
48.07734242,0.69176016,173.9
48.84671635,2.87303626,110.6
48.61977443,1.569854,98.3
48.85213205,1.34661829,138.8
48.16926046,2.69730801,112
49.08217806,2.94658708,132.3
48.6376711,1.33822096,165
48.4565129,0.68302538,161.8
48.51594845,3.45744417,66.5
48.40067173,1.02439848,280.2
49.50255938,3.9052716,83.8
47.88958256,2.75481361,106.7
48.66395428,1.3732431,130
49.95124314,1.36215564,129.1
50.27186708,2.00290537,21.9
48.61064961,3.34345689,171.3
49.42496423,4.10292451,66.8
48.4903858,1.3817653,178.5
47.9525148,2.22716599,129.4
49.33024463,2.13129511,129
49.08851532,2.91836337,122.3
47.58448871,3.19998072,281.1
49.4150034,2.81671474,34.3
48.0257184,3.13272112,182.8
48.90787403,1.88195822,137.7
48.29324502,1.48002815,149.5
49.45637349,3.12558123,134.2
49.28692315,0.66764335,34.5
49.28327099,1.38064316,143.7
49.50898328,1.13299832,158.3
48.94906835,2.08966256,62.3
49.16736606,0.36033538,154
49.16732901,1.73213644,157
49.96407188,3.58226879,135.6
48.03471179,3.07307419,168.1
49.54983934,2.75915936,86.5
47.9737256,2.27966596,131
48.51237156,1.12498255,231.4
47.80179508,3.30617982,247.2
49.18865026,2.54024954,52.4
49.33643232,3.2384577,140.3
48.81512901,4.35840734,121
48.17690676,3.41851388,95.3
49.12742509,2.93648086,130
47.88204523,2.64167347,112.8
48.44086701,3.74129319,115.9
49.85630387,3.53218319,96.9
48.45078316,4.03202406,136.4
49.65782236,0.87408874,160.1
49.59981248,0.82613696,128.7
49.79553053,3.32252494,109.5
48.26810875,2.10195772,103.3
48.8502001,2.5045968,54.6
50.18581931,1.92366351,75
48.39765148,3.33595985,88.7
48.93086245,0.25119956,211.4
48.10432145,2.70749782,90
49.77380737,2.11285718,151.5
49.66383736,1.67664913,236.2
48.29443373,2.3644672,110.8
48.95725902,1.48269612,120.6
48.65076051,3.13419639,136.5
49.57231017,4.19212841,122.6
48.88979723,1.56451465,133.5
47.61181346,2.95766751,208
49.98328805,1.32154371,90.3
47.49927563,2.57533519,181.9
49.25033223,4.46016114,157
48.67640765,4.06099434,131.9
49.87845189,3.88645041,197.5
49.5323531,2.4275261,115
48.81344156,2.61792446,107
47.55497407,1.43737787,98.8
48.97685785,2.43829088,55
49.03552793,2.31332138,113.8
49.31018748,1.71489974,103.4
49.9014894,3.13550991,107.9
49.64490871,1.81996976,200.9
47.86002213,3.64923815,183
48.90464651,1.14360579,145.5
49.43369264,3.33627355,111.2
48.52999811,4.39009251,163.3
48.5900355,2.75883131,89.5
48.15307898,1.50828486,136
48.43120999,0.69150002,169.7
48.72463582,2.5679841,65.2
48.76504194,1.17150764,149.7
48.85887298,0.93590764,181.9
49.66412088,0.67736664,114.9
49.67384283,2.63910792,100
48.19368567,3.47564517,93
48.04383355,3.19458799,164.5
49.32705814,2.89089987,142.7
48.91064269,4.10722082,104.7
47.90714274,3.31031512,223.7
49.50245924,2.95871049,35
49.30347326,1.18951531,6.2
49.33168609,1.79702621,121.8
48.6919813,2.22970723,156.8
49.63960737,0.7409356,140.3
49.04804482,4.2997908,112.1
47.55831426,3.12953733,255.2
47.80737192,1.13219169,126.8
47.71481513,3.04244948,201.8
49.08087167,1.78677973,150.2
48.87177978,2.68326219,44.1
50.06097496,2.47821892,139.3
48.42349193,2.45832127,71.1
49.76394607,3.2135827,84.2
48.92295491,3.55912671,183
49.83499369,1.46925506,159.3
49.07258781,1.73173283,139.4
49.54654295,1.72276129,150.7
49.1619411,4.15164683,155
49.11975315,0.44812004,180.9
49.55140712,4.1201044,105.2
48.59906533,0.58834222,315.3
48.24129523,4.21887545,120.9
49.84107781,2.48363887,100
47.93934829,3.49604558,80.2
49.18492828,3.83856842,179.6
48.70295502,2.18855084,82.5
48.14713556,2.90435779,123.8
48.32247802,3.36418378,171.9
48.97251944,4.0014392,182.3
47.8694424,3.70088247,189.8
49.37201374,1.02545902,52.6
50.0566945,2.98515979,108.5
48.94619146,3.89366562,246.1
48.80035378,1.12255658,153.5
47.96597696,2.58585016,98.1
48.3562933,0.92741607,156.5
48.56247368,1.54637115,168.3
47.75477469,3.20264258,236.3
50.00453944,3.53501864,138.3
49.10189084,1.03082556,140.7
47.9085878,3.17193494,190.3
47.71832975,1.42454237,115.3
49.18459803,0.98886505,151.9
48.25287116,1.75620598,138.3
50.08016482,3.50206922,132.6
48.09127251,1.19398306,152
48.60355329,3.93101196,82
47.89071804,2.39609369,135.6
49.14997211,0.23983162,108.7
48.33525866,0.44659964,111.3
49.64481696,1.17996007,162.3
49.25818394,0.818874,154.7
50.05145269,1.92389035,25.3
47.88629567,2.19476682,118.5
48.35316431,4.01394644,95.7
48.6559816,1.86591029,175.7
49.96457102,2.49774905,105.8
49.29127158,3.23739339,134.8
48.59354586,0.58471602,292.2
48.31601008,2.89300159,120.2
49.10201187,0.21159591,61.4
48.40291082,4.08858448,183
48.25570468,2.79784105,125.5
50.21391697,1.60148442,
49.1231151,1.01076277,137
49.48569512,3.34026387,71.8
48.10300578,3.86394895,183.4
48.67089764,0.37127217,282.5
47.59187061,1.50754047,101.2
48.38350309,3.24131759,104.3
49.03757673,3.5743157,234.4
50.05415497,1.10423171,-10.1
49.02442048,0.8435441,149
47.79838346,2.57170088,145.9
48.96416021,0.45080102,202.1
48.73462087,0.45404772,258.9
49.37089179,2.95665691,77.5
49.84862592,1.96419137,115.4
50.17353406,1.8024192,46.1
48.9983824,2.4221762,75.6
49.28843233,3.50780135,117.3
49.20311708,0.97885252,150.8
48.49831252,3.32299702,154.6
49.4976073,4.16655528,64.8
48.55409606,0.60689397,249.6
48.65044383,1.56246478,139.5
49.03829763,1.32297446,39.7
49.04003194,2.07899651,53.9
48.54736491,4.45693873,130.5
49.40507489,2.88957029,121.9
48.35339968,3.90825707,137.4
48.9999094,3.60014582,88.4
48.97440667,2.97391588,70.2
50.21116738,2.59562201,139.6
48.51331851,1.63502849,146
48.52316551,4.28985219,113.5
49.19267243,2.06754816,91.9
48.48309245,4.34844114,100.1
48.04828513,2.44331954,104.9
48.40358561,4.06590033,165.1
48.25663392,2.71054155,102.5
50.22929582,2.68509817,98.7
47.99075124,1.55856197,119.6
47.65057372,1.17305052,115.5
49.49518389,3.14312091,137
48.59247137,1.68765151,126.3
48.39982153,1.36212825,145.1
48.49348021,3.44476141,60.4
49.40985287,3.88125176,51
48.94799554,2.66899495,63.3
48.22134889,2.98508554,148.8
49.84430847,2.77472733,84
48.4029106,1.52553552,144.5
48.48628945,2.71218123,55.3
50.061701,3.5754051,150
48.37019251,3.97531136,92.6
48.2387579,0.49332523,122.5
48.87006885,2.25155378,39.6
48.34336237,3.58671125,104
50.15304396,3.07693854,72.5
48.85393747,2.39607786,59.1
48.24232062,2.04649613,125.5
49.39782467,0.51894261,119.4
49.88859079,2.51197055,82.2
48.9070253,2.22033333,36.6
48.42491519,1.3890496,153.7
47.57854397,2.46998052,178.6
48.7534608,1.93863584,175.8
49.19537229,4.16465395,88
48.57066714,3.0007694,123
47.74383246,3.41876683,180.9
47.90469949,3.56076603,103.2
48.62101038,3.2613346,152.2
47.8400703,3.60611013,162.4
47.71267727,1.40510045,111.4
50.26898535,2.44869982,144.9
49.28168109,2.81947347,103.7
48.18416775,0.44451697,106.9
50.12027599,3.41277982,121.9
49.39321937,1.06080946,66.9
50.09567375,1.99227845,98.1
48.91473758,3.57868652,184.5
48.96945984,0.7752601,144
49.00304506,1.05445446,128.2
49.30927559,1.3627641,152.8
49.67291784,3.94466518,140.3
49.29718538,3.53671681,80.8
49.01104949,0.46293154,183.3
48.64396675,4.39506018,165.9
47.8872475,3.60873372,192.4
49.21004214,3.3405318,129.9
49.67932634,4.13415447,184.1
48.13918324,3.01946541,151.2
47.8736674,2.23438727,122
48.83245743,2.20002275,124.3
49.04119281,0.98326332,137
49.13138765,0.59818678,155.5
47.55219179,1.98886717,112.6
49.28398618,3.53462384,122.6
47.91573804,2.11372322,102
47.8582175,3.86237088,253.8
48.00212146,1.8847476,124.2
48.58785658,4.44136895,129.6
48.06456464,3.37424065,169.6
49.69012229,1.26879895,188.3
48.80193561,1.07286982,169.5
49.68358659,1.15615384,155.2
48.94231974,1.61549216,133.9
48.35860172,2.62993794,132.3
49.90832832,1.2507489,122.7
47.574809,3.33076192,238.7
48.08850546,3.63399711,284
48.21480296,1.49158242,134.1
48.0018722,1.3002051,120.4
48.72358885,3.00747343,108
50.13740927,1.90435598,59.5
48.19528929,2.5034181,100.9
49.7813827,3.25937979,94.6
48.5028654,1.74996963,151.6
47.7331427,2.63107395,162.1
48.3868946,1.11921291,229.9
47.88321852,3.74683379,145.3
49.97411247,1.3867689,64.4
48.21263711,3.38852216,141
48.06628341,1.63726006,129.7
48.90177405,0.88143876,172.1
47.79487203,2.52018852,157.1
49.35774263,0.90041188,130.5
47.84811794,3.19257613,205.4
49.9073327,1.40400612,129.5
48.64757335,1.07735681,182.5
48.89268633,1.82278458,123.2
47.55083584,2.48837591,165.8
48.25007007,3.26550504,63.8
47.95927658,1.23627148,94.7
47.63226486,3.13242314,279.2
48.35073811,3.73644978,141.7
48.70327014,1.41399658,131.9
49.35652871,3.80502502,180.9
48.7157348,2.56160901,94
49.57115408,3.65457686,76.1
49.87466815,2.77219069,81.8
48.2079445,2.45001406,87.3
49.26255828,1.63013074,90.2
47.72654157,1.94374629,106.8
48.86975561,0.54871169,231.3
49.058675,0.70782889,150.1
49.40853464,1.57514787,154
48.47483615,0.49869767,194.3
48.82854007,4.51616626,102.8
48.34701449,3.52872451,103.9
48.75805886,1.64888307,117.9
48.6524037,3.66110502,216
48.41699276,2.77502252,121.7
50.0440651,1.89077741,8
49.24042528,1.56060595,118
49.28729353,2.3208206,83
49.27365257,4.12581812,165.6
48.43983187,3.47017029,94.1
47.60336812,1.80157086,130.1
49.35339684,2.75088679,30
49.25752206,1.64271823,88.3
47.73695127,2.08149282,119.2
48.42919412,0.70518316,174.3
50.21965948,2.69275673,93.9
48.6483676,4.37578857,180.3
48.60119003,2.51757165,88.7
48.34171419,0.85527642,166.3
49.05478496,0.99150374,146
49.48434173,1.34532084,104.1
49.23812221,2.52599695,87
49.72715656,1.94202769,128.6
49.64542012,3.88493977,80.9
48.24253467,2.43450863,80.7
47.88939112,1.75034376,99
49.63215812,0.60385906,128.5
48.79257939,1.53292861,132.7
49.37049411,0.80890611,123
48.54257783,0.27620293,178.1
49.64608626,2.94852457,57
48.20042452,0.957928,224.2
48.67466768,4.12527904,153.1
49.9820244,2.34616092,124.2
47.72758679,1.2795354,118.5
48.09002103,2.0723037,122.2
47.81014573,2.21353461,104
48.00175072,0.82770762,155.1
49.5786011,2.66934983,93
48.02046728,1.66342698,121.4
49.23879126,2.42535373,83.3
49.73288407,2.55879173,94.1
47.81945415,2.63777628,145.9
49.93330495,3.04954317,65.4
50.07148975,2.30416442,139.9
48.56579514,3.48731233,160.3
48.22200423,0.81957274,220.7
48.50870348,4.07277722,98.2
49.67502227,4.02739455,153.4
48.81117709,3.32910569,170.1
49.87910561,2.89760233,79
49.97452292,3.40142545,123.8
48.5696023,3.20089365,134.6
48.24342678,3.62889486,172.8
48.11703323,2.8742096,111.3
49.95274227,3.80207917,186.1
49.08394421,2.09238021,86.8
49.99525081,3.08349734,133.7
48.9074834,4.17667841,110.9
48.82413696,2.93226792,59.3
49.04367911,0.31024527,160.4
47.65350268,3.41356483,262.1
50.23481704,3.03040134,43
49.17438749,0.4099701,165.4
48.90413401,1.8005267,114.2
48.76695291,2.45269519,40
49.27152423,4.04362814,96.7
48.7933268,1.57124333,123.8
48.57697145,3.85241169,72.7
48.6397601,0.91050267,224.2
48.63233924,2.15173307,165.4
48.64391464,3.46561294,157
49.07330731,1.54034367,19.2
48.92276763,3.40703593,200
49.10822236,1.07239851,138
48.57202301,4.02308306,96.1
49.12652152,2.69368297,81.2
49.04932685,1.01771966,148.1
48.6041522,0.40995086,189.7
48.56347591,2.1663758,59.7
49.18508573,1.39872099,130.9
47.85171092,1.58574265,115.1
49.57454486,1.34496567,180.7
49.83460425,1.00259157,85.9
49.14888126,1.4042521,33.8
47.90755804,1.74751505,119
49.00620123,3.21121692,166.7
48.74375186,1.42592881,102.6
48.7691349,3.68434676,197.3
50.15685561,1.93868504,58.3
48.4840465,0.45015506,159
47.81800879,2.55023024,153.8
49.21684818,1.98894178,123.9
49.20820528,1.7999251,123.7
49.88122205,1.79077735,171.8
47.46135753,1.99118474,115.4
48.58684824,4.00359003,87.2
49.70000395,1.19117044,144.6
48.47157234,3.18281768,78.9
48.7092992,3.17131812,138.7
49.27683933,3.82486097,84.9
48.18661877,1.23481495,157.5
48.01832988,1.89781673,127.1
48.92132846,2.60422457,97.3
49.70433656,3.39032075,59.5
49.46140091,3.59842214,69
49.93269896,1.44333706,140
49.86779139,0.93861809,59.8
49.13156985,1.36633936,143.8
49.50461439,1.56655587,237.5
50.08565471,1.43844937,90.4
49.48291712,3.99144374,102
48.70739342,0.21747972,195.8
49.2246268,1.59611448,111.4
49.92359978,2.43615453,44.8
49.25931009,2.08406042,125.7
49.64555225,1.93623633,191.6
48.90513531,2.20287624,30.2
49.45181001,0.34696199,1.7
48.9676147,1.12171013,156.4
48.69469815,2.09462998,164.6
49.55978519,2.18611888,162.5
49.41419151,4.20810999,78
49.57556395,4.11362795,98.7
48.15709145,1.67579006,116.3
48.0065148,3.11622157,174.4
48.86346518,1.3477235,128.3
48.66581274,0.31227682,198.5
49.52928588,4.15771712,126.8
48.61499803,0.32876793,208.5
48.52088866,0.68901488,213.3
48.08619598,3.30172968,87.8
48.87636123,1.95356894,124.4
49.77764025,3.89025879,150.5
48.56327466,2.07864755,93.7
47.69474921,1.28223868,95.1
48.39112037,1.84944566,148.5
48.55740541,3.15678503,145.4
49.02918297,3.37408493,69.7
48.10944364,1.08281155,162
49.24672657,2.10109155,120.7
49.93696896,1.39909869,86
49.73048215,3.5240466,85.6
47.96553118,2.38515613,116
48.48072344,1.10720067,213.9
49.51761875,3.26784565,53.4
48.81939972,3.41461844,180.5
49.13964918,0.97270946,137.9
49.7880388,2.71681745,91
47.84663456,2.27292392,107
47.76506236,1.53426907,109.5
49.0018199,4.31062488,79.8
48.8556826,2.84652782,138
50.08449709,1.49058205,95.8
48.52057965,3.44447591,87.1
49.6195188,3.42728623,109
49.82111356,3.29758107,104.1
49.48924264,4.23991972,120
48.49785944,3.94581791,85.1
47.99779623,1.37752095,127
49.64569167,1.72575662,220.2
48.60289699,4.00728833,100.2
48.59370364,4.2602859,138.6
50.12776875,1.69877754,36.3
48.77860695,1.00203496,170
49.43548299,0.39662853,2.2
48.38130406,2.61438759,131.3
49.51386088,3.81780277,196.3
48.01242325,1.52212185,125.2
48.11093916,3.53112921,204.5
47.56220005,1.62480842,93.9
48.02862676,3.61066614,144.9
48.64479208,0.69630702,242.9
48.79290081,1.85583914,80.6
48.89493771,1.70356179,145.7
48.88433023,0.85421103,163.5
49.20386534,3.42434371,124.1
49.51992097,1.92197399,94.4
48.94558065,3.08180931,60
49.98087625,2.93155504,136.1
47.90047997,1.77401698,114.1
48.31983202,3.35962515,174.8
49.43578097,1.76893822,130.9
49.22978582,2.63793928,82.4
48.30916264,3.21856679,62.8
48.82880158,1.69282686,123.7
48.85176764,2.92526225,51.1
47.86640435,2.56970865,121.9
49.58849429,0.61701517,150.4
47.56727386,2.68687285,223.1
48.73214664,2.84072467,110.6
47.90583001,0.74093484,91.7
48.70357243,2.75723434,96.9
49.49237016,3.51488535,64.2
49.05865342,3.11954983,153.8
49.71056285,2.44980823,116.7
49.86722823,1.99880027,113.5
47.92950928,3.01222194,149.6
47.77648024,1.21538274,125
48.20952067,3.07309601,140.3
49.45627552,1.49587742,167.9
50.04011536,2.54438412,135.1
49.37616075,2.70821554,48.9
49.10340813,1.95802455,89.5
48.15044204,4.03156467,179.3
49.33328316,0.36215164,129
50.19062978,2.61587841,149.8
48.85102562,1.82345627,146
49.0450646,4.49335206,129.8
50.17608673,1.53600028,2.8
49.3792951,1.36982456,81
49.38587628,3.63340424,49.6
48.19481861,1.65195148,138.9
48.1282222,1.33022075,146
48.04152021,2.48986654,93.5
47.93842957,1.57719975,121
47.63367297,2.19205898,150
49.1548486,0.61756343,169.1
49.44105648,3.45228014,140.8
49.24713717,1.20661573,13.4
49.92852218,2.40159687,67.9
49.42082861,3.23040983,116
47.69772202,1.86703333,105.6
48.69772289,1.77679703,174.9
48.18533837,3.6978632,229.1
48.89040021,0.37769231,233.2
48.6378976,3.21445713,162.2
48.27754357,4.0231207,115.8
48.20237739,3.39980232,203.7
49.2815025,2.61771672,120
48.26485513,4.09601954,111.3
47.46058836,1.96626885,114.3
48.17227496,3.09953263,174.8
47.55800564,2.10295898,137.3
48.44927265,1.62762389,150.9
48.46087045,4.45275227,147.4
49.71077754,2.89374488,83
49.46489479,0.46007365,3
50.10801686,1.65556107,65.8
49.36890982,1.49133308,146.8
49.35162789,4.21490096,80.2
48.0713419,1.78688828,127.6
49.94419652,2.83279209,49.4
48.43221106,1.86753311,151.5
49.92960987,2.04372471,69.1
49.97996071,3.53164013,169.5
48.80725983,1.96618904,148
49.26544749,2.25458995,183.5
48.63520088,3.46350236,167.7
49.47900929,3.21885058,145
49.05970027,1.57203827,97.7
48.19772563,3.00841259,146.7
49.37145913,1.64416017,126.7
50.11802936,2.97827135,108.3
49.46643598,4.3338348,121.7
48.92508221,3.66712279,214.4
49.2963943,3.1606391,149.4
48.46504346,2.54943547,80.9
49.93046852,2.55554011,88.2
49.76618905,1.37454594,62.8
48.95169503,1.81176831,93.2
49.79181275,2.04353595,157.9
47.58170212,2.35147415,152.4
47.85786036,3.65015839,181.9
48.12563169,2.32866417,108
49.0891586,2.44850918,82.9
47.53542412,2.17664934,124.9
50.20663679,2.17488414,40.9
48.18486532,2.87866462,123
49.29616822,2.36205984,58.3
47.93603735,2.25170621,113.9
47.8085316,1.21360684,127.4
49.35752562,1.58982508,129
48.97506014,4.23512868,97
50.12040498,2.63387883,139.9
49.2089835,4.34720823,154.4
50.10253027,3.3036452,81.2
49.12848252,1.16528393,132.2
48.31904624,2.53858978,117.7
48.76618396,3.10755364,137.3
49.88746807,2.94966494,78.2
49.83153633,3.90691628,147.7
48.63300048,2.6309477,88
48.66558816,1.04245198,175.1
49.29396459,1.01029556,2.5
49.15470127,2.69812261,86.1
48.58423189,0.98238575,249.2
48.92081551,3.98127791,208.1
50.01347113,1.19416593,-9
48.80836759,1.91827497,168.5
49.28096369,1.33200293,113.1
47.9409314,2.12021673,116.2
48.34864069,3.97284491,103.9
48.17760499,3.58505485,218.6
47.62697133,3.47798641,282.3
50.11576328,1.39052793,-4.8
48.78125611,1.38684848,140.5
48.32721836,4.35825999,116.2
49.47922994,2.27011229,119.2
48.40362173,1.27283599,168.9
47.77014596,3.53554096,168.7
49.34515193,4.34336065,114.5
48.98956199,0.79579237,153.5
49.9587643,2.37063124,112.2
49.46123793,3.37917582,152.3
50.26615552,2.1974233,131.8
49.41724905,2.63849697,87.3
48.31337254,2.60831384,134.3
48.35447438,1.21054423,202.7
48.69370586,3.66330466,177.2
49.01754745,2.27588854,162.5
49.99096748,1.33466641,39.1
48.00293652,2.96830405,153.3
48.72287983,4.38867928,183.5
48.41847333,3.39445574,66
49.26720872,1.9580291,105.9
48.31581155,3.64355452,259
48.97616221,2.3607791,84.8
48.05057625,1.93594883,122.2
48.80934428,1.60885118,121.3
48.04909098,3.85218238,132.1
48.98387789,4.24289383,86.3
49.55455061,2.73920528,83.3
49.62231799,2.26547653,108.2
47.78574369,3.39680579,173
49.79397539,2.35331693,87.7
48.93387508,2.917425,114
48.1651602,2.79588237,114.1
49.22169103,1.91983333,128
48.93983852,1.55875226,137
48.69253321,0.2808173,215.4
49.02417564,0.63297633,165.2