Latitude,Longitude,elevation
-22.92471089,-43.22722478,33
-22.90592216,-43.21162521,6.6
-22.93035693,-43.16253794,
-22.85663538,-43.22213688,
-22.95119636,-43.16408646,9.5
-22.90974388,-43.13395793,
-22.91325381,-43.23207355,19.3
-22.96454303,-43.24114007,168.4
-22.84263401,-43.18408768,
-22.87303604,-43.16297535,-0.5
-22.93709563,-43.26693762,382
-22.89731903,-43.24658067,12.4
-22.90188966,-43.15239681,
-22.91330366,-43.24865331,27.8
-22.9058765,-43.19501885,9.4
-22.85102736,-43.23464606,5.8
-22.87128042,-43.14223159,
-22.85052547,-43.15729124,-4.1
-22.97104878,-43.19801855,245
-22.84158014,-43.18928677,
-22.85187336,-43.15018856,-5.3
-22.87103974,-43.25074892,17.2
-22.87827791,-43.17187639,
-22.8590002,-43.20728747,1.1
-22.84904803,-43.1868885,-0.5
-22.88302468,-43.21662666,6
-22.89115577,-43.24358394,13.7
-22.94084944,-43.18258381,33.4
-22.96965224,-43.17215309,
-22.88103652,-43.14391425,-0.1
-22.86331633,-43.17214728,-1.9
-22.9112108,-43.21678097,9.9
-22.96952776,-43.23256339,86.4
-22.92822888,-43.18386993,130.3
-22.84538564,-43.20687391,-0.1
-22.90995266,-43.25809501,150
-22.86152176,-43.2431163,20.6
-22.9423085,-43.1410426,
-22.9067716,-43.24817252,124
-22.90131824,-43.13917247,
-22.91769625,-43.24024959,20.1
-22.95968412,-43.20900747,27
-22.85584196,-43.24787147,7.8
-22.92151922,-43.16482671,
-22.94059852,-43.18939054,87.1
-22.95687606,-43.14294731,
-22.87066635,-43.19790066,
-22.91017395,-43.15836467,
-22.9052124,-43.14800557,
-22.94227476,-43.16432524,
-22.88978104,-43.20546751,
-22.97215335,-43.17299719,
-22.85216377,-43.16553902,-1.8
-22.85649187,-43.17497086,-1.6
-22.9140517,-43.25390608,41.1
-22.92119334,-43.27123411,120.6
-22.96007029,-43.217501,73.3
-22.8884316,-43.12544249,7.3
-22.90682717,-43.26027433,81.7
-22.96613209,-43.17711143,15.7
-22.87369296,-43.22887509,17.9
-22.97475784,-43.21362623,6
-22.84474112,-43.23321561,8.8
-22.9373395,-43.23515669,127.8
-22.92359004,-43.222123,26
-22.91671952,-43.19707174,15.9
-22.87123733,-43.23933071,7.5
-22.91705008,-43.21897304,17.5
-22.9335021,-43.12692652,12
-22.86035929,-43.16353465,-3.5
-22.86962745,-43.15389328,-4
-22.90812403,-43.12536565,6.1
-22.94175613,-43.20795369,178.2
-22.86674071,-43.23099036,6.8
-22.88479118,-43.26131772,23.8
-22.95221062,-43.14483233,
-22.88595646,-43.17715393,
-22.90650842,-43.21417983,8.5
-22.96699278,-43.17017499,
-22.9292795,-43.17917374,11.5
-22.91375704,-43.15671441,
-22.9016691,-43.14691879,
-22.88751511,-43.15940652,-0.3
-22.9301986,-43.18468248,57.7
-22.92539779,-43.20549518,28.9
-22.87231087,-43.23627725,7.4
-22.95575288,-43.19063538,9.6
-22.89100158,-43.13369952,
-22.92326352,-43.17264938,22.6
-22.91940474,-43.15982512,
-22.97863033,-43.18817472,2.3
-22.88931628,-43.18087602,
-22.8776427,-43.14750964,-1.1
-22.91325522,-43.16388602,5
-22.94324456,-43.13349014,
-22.91387784,-43.25426081,45.9
-22.87433817,-43.16807925,
-22.85369141,-43.23147467,13
-22.89604895,-43.25563835,19.6
-22.96996505,-43.20474495,50.7
-22.95521738,-43.25412019,570.7
-22.91247117,-43.15575906,
-22.9280308,-43.17068685,1.1
-22.94770724,-43.19496495,111.3
-22.93380797,-43.27009882,253.3
-22.93443488,-43.26844794,251.1
-22.85415212,-43.22217295,
-22.90787373,-43.2158947,6.7
-22.90915806,-43.12399337,
-22.88194667,-43.19683717,
-22.93205014,-43.23103305,106
-22.91631726,-43.2531347,31.5
-22.9044965,-43.1566392,
-22.84479379,-43.19488706,0
-22.88512307,-43.14721607,-0.3
-22.93723853,-43.14030848,
-22.85278376,-43.14942137,-5
-22.84623138,-43.19633205,0
-22.87402653,-43.18031356,
-22.90571406,-43.1499463,
-22.92835171,-43.26193894,58.5
-22.91582716,-43.25404469,31.9
-22.96837159,-43.21307208,6
-22.88282871,-43.13669391,
-22.88514818,-43.21509146,7.1
-22.91974635,-43.20453939,82
-22.9100314,-43.17550319,23
-22.92088716,-43.22584425,16.3
-22.85304642,-43.22121846,
-22.95737343,-43.14832585,
-22.97837001,-43.1800813,
-22.96924519,-43.19512128,298.1
-22.90489307,-43.25475047,29.6
-22.90479526,-43.15289468,
-22.84750366,-43.1741473,-0.4
-22.91922176,-43.1876732,86.9
-22.95353606,-43.20957342,299.5
-22.90816754,-43.1954059,7.8
-22.8842911,-43.27038628,42
-22.9063319,-43.25970269,57.5
-22.86590774,-43.20449549,
-22.91519039,-43.18885085,34.9
-22.8804272,-43.16072112,-1
-22.87696971,-43.12872118,8.5
-22.95956517,-43.18298675,99.1
-22.86940576,-43.24159887,7
-22.88994903,-43.23121922,12.1
-22.91774071,-43.23912062,20.5
-22.91521092,-43.27080253,83.2
-22.90646463,-43.22902594,10.2
-22.93416346,-43.24330174,33.7
-22.95506192,-43.15523866,
-22.89948252,-43.25232531,15
-22.93579016,-43.19102138,30.9
-22.94360286,-43.22423818,592.7
-22.932265,-43.17977165,18
-22.91181148,-43.2570005,155.6
-22.89373137,-43.14413064,
-22.95591848,-43.1590972,
-22.86069194,-43.17725723,-1.7
-22.94379216,-43.20259546,152.6
-22.91093659,-43.17737484,34.2
-22.89008692,-43.2688137,16.3
-22.87734408,-43.17463837,
-22.90175641,-43.15244854,
-22.93141726,-43.13752073,
-22.96551081,-43.23851308,100.4
-22.90463778,-43.17867418,32.3
-22.86629917,-43.23380994,8.1
-22.93343478,-43.17532637,23.9
-22.95889463,-43.19990081,27.9
-22.97330744,-43.19706224,137.3
-22.87154289,-43.25943076,8.1
-22.96816141,-43.16846956,
-22.92697702,-43.20995994,38.2
-22.90146939,-43.22599106,13
-22.943701,-43.15917663,
-22.88635068,-43.2142099,0.6
-22.84191438,-43.19135019,
-22.88808248,-43.26488287,31.7
-22.89520207,-43.14322281,
-22.92814351,-43.19657992,110
-22.94944128,-43.19458723,39.8
-22.95915396,-43.22187234,88.6
-22.88053477,-43.13514229,0.2
-22.94192045,-43.13412815,
-22.94327639,-43.1800984,11.7
-22.97792447,-43.18949051,25.9
-22.95809962,-43.14301324,
-22.90052766,-43.1632697,
-22.89171187,-43.15769421,
-22.883072,-43.24100463,4.1
-22.89462019,-43.25982678,24.8
-22.9781548,-43.21241071,6.1
-22.91201847,-43.24933567,50.8
-22.89550616,-43.26871257,45.6
-22.90346726,-43.1200887,42.4
-22.87025618,-43.22361192,
-22.8451855,-43.17041837,-0.1
-22.84304464,-43.1820413,
-22.96486985,-43.18617664,99.7
-22.86243575,-43.25083134,10
-22.90212558,-43.18510023,14.9
-22.9095567,-43.15010709,
-22.92576826,-43.17883217,28.2
-22.85922877,-43.23777324,6.2
-22.8721863,-43.19682414,
-22.92666062,-43.13201227,
-22.95601425,-43.16068077,
-22.92418258,-43.12748943,
-22.89277048,-43.13971483,
-22.95973779,-43.20530202,20.4
-22.9345682,-43.14499356,
-22.85084784,-43.23138766,16.2
-22.89328274,-43.27233801,21.1
-22.93944442,-43.2454539,63.8
-22.89436634,-43.1660062,
-22.9133204,-43.12439392,
-22.84803312,-43.22372874,
-22.87919012,-43.24986171,7.6
-22.91096656,-43.20952043,7.2
-22.84602805,-43.18555851,-0.2
-22.91009135,-43.23398109,17.3
-22.91948229,-43.16606748,
-22.87484757,-43.25518535,17.6
-22.9298393,-43.25063229,39.8
-22.96457002,-43.231608,73.7
-22.86781465,-43.18582571,-0.6
-22.83900444,-43.18568071,
-22.85967175,-43.20299009,
-22.88832127,-43.14152993,
-22.89517158,-43.23731062,14.2
-22.88265245,-43.15761529,-2
-22.88665575,-43.25598552,12.7
-22.83841664,-43.18445655,
-22.85963587,-43.14791986,-2.4
-22.91899693,-43.24268991,21.4
-22.91145244,-43.17633508,36.2
-22.83968458,-43.18063598,
-22.91640595,-43.21715591,16.1
-22.91126313,-43.2126358,9.8
-22.93345194,-43.15381634,
-22.89005182,-43.22382206,8.3
-22.88725457,-43.24262593,9.4
-22.88963566,-43.1570307,0
-22.85488806,-43.18590044,-1.2
-22.89670216,-43.2705852,26.2
-22.86443592,-43.18202946,-1.2
-22.86345798,-43.188093,-1
-22.90762966,-43.27527148,42
-22.87323796,-43.19951586,
-22.92527476,-43.12877068,
-22.86784879,-43.16126424,-2.2
-22.93208088,-43.19280482,147.3
-22.94452505,-43.23329324,300.6
-22.92680738,-43.23529979,27.1
-22.88179597,-43.13427417,7.6
-22.94841325,-43.24054621,503.8
-22.87996295,-43.15429596,-3.6
-22.96701828,-43.21968829,16.9
-22.94847043,-43.17790038,0.8
-22.9170071,-43.21771623,17.7
-22.91744604,-43.15077129,
-22.88969889,-43.26788819,15.6
-22.91038425,-43.12213643,
-22.876246,-43.13161432,0.1
-22.89910847,-43.2278626,24.6
-22.89037247,-43.27290303,22.2
-22.87717448,-43.14023514,
-22.93219254,-43.16608938,
-22.88159389,-43.23530297,11.1
-22.89395773,-43.15149231,
-22.89373893,-43.24617962,8.5
-22.83874972,-43.20419675,-0.5
-22.86064809,-43.20848045,9.5
-22.9196824,-43.12488522,
-22.91562746,-43.19873894,16.3
-22.8841514,-43.20982911,
-22.93453774,-43.18547585,32.3
-22.9555245,-43.24296013,618.2
-22.9076358,-43.12500296,2.4
-22.89317281,-43.19968523,3.1
-22.95306369,-43.14032502,
-22.95281839,-43.15040498,
-22.85687508,-43.14884496,-3.9
-22.90820287,-43.18526683,14.5
-22.91745864,-43.15337278,
-22.89469027,-43.21933002,9.5
-22.85402339,-43.24615932,6.6
-22.91479879,-43.25898608,53.6
-22.87658094,-43.17984239,
-22.96428135,-43.15745054,
-22.89429033,-43.26673285,30.1
-22.89771774,-43.15820373,
-22.95291077,-43.25729711,316.7
-22.94719462,-43.1922058,97.6
-22.86754941,-43.2350133,7
-22.97748911,-43.17822552,
-22.87212595,-43.13541011,
-22.90288599,-43.17493987,16.8
-22.95589329,-43.24311776,592.4
-22.95592041,-43.1557081,
-22.96411913,-43.20800078,6
-22.90695576,-43.19175278,13.5
-22.90470368,-43.2422171,26.8
-22.87431955,-43.1910023,
-22.96242347,-43.21658013,15.4
-22.94098821,-43.20806687,151.1
-22.96194561,-43.18923688,67.7
-22.9036243,-43.14655635,
-22.85835029,-43.21880135,0.9
-22.94728211,-43.23714763,481.7
-22.85860561,-43.23893797,5.5
-22.94297602,-43.19714354,129.6
-22.89477373,-43.1389454,
-22.94956677,-43.19866702,127.6
-22.9460514,-43.16155579,
-22.92444939,-43.16358081,
-22.95644768,-43.24392065,551.4
-22.85461812,-43.15765017,-4.9
-22.85252577,-43.20503007,
-22.90731628,-43.16859914,13.8
-22.93910563,-43.14968371,
-22.96065618,-43.14629072,
-22.93711545,-43.14573006,
-22.93668601,-43.21707204,265.5
-22.95582368,-43.2436394,599.1
-22.93091081,-43.18677623,33.9
-22.91411446,-43.17492915,8.2
-22.97046668,-43.20468763,70.2
-22.90107361,-43.12164947,26.9
-22.90971457,-43.26081632,139.1
-22.91615979,-43.22199902,13.8
-22.88944812,-43.19378768,
-22.86313616,-43.21174906,
-22.92609717,-43.22268536,47.7
-22.91197224,-43.24711267,33.5
-22.86246441,-43.25153612,9.5
-22.92846946,-43.16569677,
-22.91479139,-43.25330436,32.2
-22.96139577,-43.21446275,13.7
-22.92831646,-43.22375253,124.8
-22.94301057,-43.20018727,90.5
-22.84940305,-43.16847844,-0.8
-22.85004893,-43.21507004,
-22.95629392,-43.22404427,243.8
-22.84700489,-43.23233607,3.6
-22.8843243,-43.15215372,-1.7
-22.95005876,-43.23213994,685.9
-22.88806765,-43.14635587,-0.1
-22.92332596,-43.23838088,23.3
-22.93892391,-43.23836528,169
-22.94743338,-43.2308106,524.3
-22.87213847,-43.15309987,-3.9
-22.96457714,-43.2080438,6
-22.95114145,-43.14578497,
-22.87382017,-43.1948197,
-22.88334641,-43.18023861,
-22.9054584,-43.14145408,
-22.95298725,-43.24713806,461.7
-22.8687727,-43.24897138,20.6
-22.90295795,-43.13641786,7.3
-22.84288767,-43.20365447,-0.3
-22.89155348,-43.14802583,
-22.95660091,-43.19936874,20.4
-22.95265284,-43.22353954,353.5
-22.88757316,-43.24097885,9.3
-22.89135904,-43.25977299,13.3
-22.92718812,-43.26811943,126.9
-22.93457842,-43.12700213,5.7
-22.92275153,-43.14027389,
-22.86731788,-43.16782958,-1.3
-22.84921881,-43.22003701,
-22.92450738,-43.18640892,160.7
-22.94820788,-43.1720887,
-22.86555164,-43.19465058,-0.2
-22.91177397,-43.21538185,13.1
-22.8636821,-43.1971045,-0.1
-22.94928179,-43.17076837,0.6
-22.95749225,-43.14812685,
-22.89024013,-43.13167614,
-22.97865884,-43.2029642,6.1
-22.89014813,-43.18132026,
-22.87606704,-43.25964781,27.4
-22.85190006,-43.24172567,9.2
-22.95668809,-43.13906776,0
-22.89954484,-43.15253365,
-22.92969916,-43.17565446,14.8
-22.93504146,-43.15973868,
-22.84842269,-43.16601461,-0.7
-22.89708278,-43.18587397,16.3
-22.90985287,-43.22510561,10
-22.9681173,-43.19889957,291.5
-22.92017501,-43.219349,17.9
-22.87441946,-43.19710522,
-22.84701375,-43.22345486,5.7
-22.97853922,-43.20032283,11.4
-22.93673972,-43.1690042,2.7
-22.84574008,-43.2010126,-0.1
-22.88976289,-43.12979949,
-22.85094234,-43.20411898,
-22.92440789,-43.23483238,28.5
-22.84625368,-43.22602217,
-22.93347485,-43.18489762,21.5
-22.91812811,-43.14131263,
-22.91511546,-43.25296107,30.1
-22.91483612,-43.23423563,18.1
-22.88646789,-43.24920559,8.8
-22.927341,-43.21227937,43.4
-22.90864817,-43.17067057,24.7
-22.92646024,-43.21319241,40.5
-22.90858607,-43.19178261,11.6
-22.87501462,-43.2468007,38.4
-22.86298114,-43.14852897,-1.9
-22.94077695,-43.25024892,57.4
-22.94410978,-43.21861653,536
-22.87523342,-43.16411632,-0.2
-22.87664735,-43.14034287,
-22.88804071,-43.23294927,9.9
-22.94066381,-43.262071,293.4
-22.94914413,-43.24166016,571.5
-22.88413456,-43.26100635,19.2
-22.90705129,-43.26332816,107.2
-22.84475923,-43.20446421,-0.2
-22.95078149,-43.15679879,
-22.94938793,-43.21808329,415
-22.88223587,-43.19297339,
-22.96151779,-43.2393215,208.2
-22.93331778,-43.2686569,207.7
-22.95334891,-43.19745645,20.7
-22.9066146,-43.12201522,0
-22.91357846,-43.15893033,11.8
-22.8879867,-43.22041771,8.3
-22.84773823,-43.16862917,-0.5
-22.87141126,-43.1812868,-0.2
-22.85741823,-43.18571547,-1.4
-22.9297961,-43.21405998,101.2
-22.86102417,-43.16239778,-3.7
-22.85539846,-43.24330509,8
-22.93562999,-43.15697168,
-22.88060033,-43.19553396,
-22.92676659,-43.1239127,12.6
-22.83723011,-43.20850554,-0.3
-22.92870151,-43.23227679,31
-22.97280545,-43.22488691,8.5
-22.85220032,-43.19771432,0
-22.85849997,-43.20903199,12.8
-22.8426315,-43.17156096,
-22.8938282,-43.21950029,8.6
-22.89667304,-43.13125632,7
-22.89187105,-43.19262332,4.1
-22.85822045,-43.1729349,-1.8
-22.95906038,-43.2428552,386.8
-22.96197488,-43.15847915,
-22.85368359,-43.1522907,-5.5
-22.92653452,-43.15803445,
-22.94539616,-43.23178416,364.3
-22.89353187,-43.13511151,
-22.89797195,-43.13631196,0.1
-22.91397204,-43.24499988,24.4
-22.86131319,-43.16162674,-3.8
-22.84404886,-43.20622272,-0.2
-22.9695253,-43.21026301,6
-22.86084925,-43.24398321,14.1
-22.89761956,-43.24025088,12.9
-22.89126745,-43.17360651,
-22.86473702,-43.25752323,34.6
-22.88551348,-43.13342525,1.7
-22.88739827,-43.19355816,
-22.96096318,-43.19090373,28.4
-22.84619238,-43.17600102,-0.2
-22.87138237,-43.24200786,10
-22.95744495,-43.22423662,203.6
-22.86660262,-43.21873582,4.8
-22.90829381,-43.13468346,
-22.85135615,-43.21999888,
-22.92324523,-43.26874432,96.9
-22.90465327,-43.26399648,39.7
-22.89792157,-43.12460576,27.4
-22.86689814,-43.17278269,-1.1
-22.85505823,-43.22136593,
-22.84775851,-43.21921874,
-22.84830146,-43.21236607,
-22.90675038,-43.15050168,
-22.84680566,-43.21735289,
-22.93869273,-43.17192488,18.9
-22.88577307,-43.24859739,6.5
-22.9165756,-43.2146665,26.1
-22.90517233,-43.19907745,4.9
-22.86673572,-43.14984976,-2.3
-22.9317153,-43.22549038,183.3
-22.9195385,-43.1389411,
-22.88467257,-43.15526218,-1.5
-22.8954323,-43.14522818,
-22.91598964,-43.15578509,
-22.95596519,-43.14694363,
-22.87891017,-43.18998226,
-22.94318064,-43.173272,3.6
-22.89969499,-43.25892826,23.2
-22.92132539,-43.16784876,2.5
-22.89776474,-43.21007166,2.9
-22.88125473,-43.24225149,8.1
-22.86864813,-43.21141573,1.5
-22.86835633,-43.15168413,-3.5
-22.93917353,-43.21254323,282.9
-22.91270872,-43.25237825,83.9
-22.93242971,-43.19775398,166.7
-22.8773274,-43.24362434,13.8
-22.93528071,-43.15787348,
-22.8454326,-43.21462068,
-22.89672579,-43.20385122,7.9
-22.91893832,-43.1262112,
-22.90200006,-43.12461698,26.3
-22.88226506,-43.24620762,9.8
-22.90708697,-43.15746736,
-22.96486435,-43.23528466,106.3
-22.95553231,-43.21394963,286.7
-22.8500187,-43.20258439,
-22.88509948,-43.25063208,8.9
-22.88792586,-43.13237934,
-22.91144155,-43.1193935,
-22.88364165,-43.26116925,15.4
-22.85436958,-43.15538443,-5.4
-22.87079714,-43.21491814,4
-22.88212406,-43.14119442,
-22.9198435,-43.12810287,
-22.93794622,-43.13343273,20.3
-22.92312907,-43.12810346,
-22.89456036,-43.27341881,24.6
-22.90126142,-43.16458319,
-22.93065222,-43.12695487,
-22.90209114,-43.27410661,40.1
-22.8714639,-43.26059339,8.6
-22.88956142,-43.18965909,
-22.96437105,-43.23945461,136.8
-22.86037826,-43.17899028,-1.6
-22.95752988,-43.17984667,71
-22.96025576,-43.14792359,
-22.90043604,-43.12632193,25.6
-22.9153946,-43.27323055,75.9
-22.97395312,-43.21113528,6
-22.8461841,-43.18787195,-0.2
-22.85557777,-43.16075189,-3.8
-22.89888486,-43.15768774,
-22.8922269,-43.15951605,
-22.84655912,-43.22571252,
-22.91714272,-43.2372406,18.5
-22.8364551,-43.19439147,-0.1
-22.95200467,-43.20415409,230.8
-22.97102384,-43.21894015,10.9
-22.8764439,-43.24477421,18.2
-22.84963094,-43.21198247,
-22.90333025,-43.23939085,43.4
-22.93670523,-43.19187435,43.5
-22.93536012,-43.22598839,326.7
-22.90808352,-43.19378901,14.9
-22.91424823,-43.26727084,44.6
-22.93443873,-43.22976077,231.3
-22.86097568,-43.14862193,-2.3
-22.92725602,-43.12690558,
-22.88293611,-43.26307048,14
-22.84681501,-43.20606392,-0.1
-22.95504793,-43.15621968,
-22.91132708,-43.12000135,
-22.88970572,-43.17388246,
-22.91276428,-43.26525513,30.1
-22.84624081,-43.17798252,-0.2
-22.92587897,-43.2500069,25.6
-22.95180479,-43.14619158,
-22.89437725,-43.12135119,24.3
-22.93033944,-43.2000172,54.2
-22.96299138,-43.23005936,120.4
-22.91810182,-43.13867026,
-22.88727096,-43.12716771,8.5
-22.91891927,-43.22672636,25
-22.88115719,-43.2582416,12.6
-22.92030171,-43.2684798,49.2
-22.93053091,-43.21110364,121.5
-22.88074938,-43.16842362,
-22.89727147,-43.20022006,8.4
-22.88258423,-43.16282161,-0.2
-22.92322128,-43.20127296,99
-22.86160882,-43.18404636,-1.4
-22.9007144,-43.20960544,5.2
-22.94347187,-43.24092447,236.2
-22.94271744,-43.23125425,316.2
-22.94478102,-43.23833149,415.3
-22.87475575,-43.22321982,6.1
-22.89136251,-43.12699984,9.7
-22.84462994,-43.22621522,
-22.91680415,-43.2337494,20.4
-22.90534242,-43.16982995,10.6
-22.93511181,-43.16715915,
-22.87365021,-43.25947269,19.4
-22.9197117,-43.26344197,39.7
-22.87402372,-43.16575136,
-22.87360737,-43.23944667,9
-22.94719333,-43.23670792,454.8
-22.96818889,-43.23579108,50.2
-22.85010768,-43.15809379,-3.5
-22.87316157,-43.13894505,
-22.90893101,-43.23131827,12.8
-22.94323206,-43.18688601,35
-22.88091004,-43.2034808,
-22.90820579,-43.20242029,10
-22.87790171,-43.17773421,
-22.94285646,-43.2059283,143.4
-22.90964209,-43.23265693,12.5
-22.93579955,-43.17998006,19.5
-22.89325649,-43.22942768,18.4
-22.96312797,-43.16003225,50.2
-22.92395174,-43.22227181,28.2
-22.87437263,-43.24505726,28.5
-22.90719307,-43.16500268,7.7
-22.96112292,-43.18539899,133.7
-22.85668905,-43.20488266,
-22.91735924,-43.15953291,
-22.87086719,-43.15085285,-3.1
-22.85832643,-43.23118723,9.7
-22.90678264,-43.22358468,13.9
-22.83959115,-43.19745271,-0.2
-22.87318923,-43.23541088,6.5
-22.89797643,-43.21700657,10
-22.89548303,-43.16030439,
-22.96404904,-43.19319699,45.6
-22.91274836,-43.14690166,
-22.88349152,-43.1348084,3.2
-22.8609523,-43.15026366,-3.2
-22.93051694,-43.20809028,47.2
-22.8545399,-43.1613652,-3.5
-22.87753233,-43.14663422,-0.7
-22.92246685,-43.26865112,82.5
-22.93000435,-43.24814097,65.7
-22.96720521,-43.16405589,
-22.84047742,-43.17216809,
-22.88659388,-43.24005486,6
-22.88446922,-43.26371258,17.2
-22.93155104,-43.1679233,
-22.96297465,-43.15328697,
-22.85635483,-43.1632282,-3.3
-22.86190306,-43.24358397,21
-22.93316263,-43.16946186,
-22.87691459,-43.15042345,-2.8
-22.87131026,-43.21200906,4.7
-22.94299325,-43.18532983,36.4
-22.95127031,-43.17405185,9
-22.93481035,-43.14550049,
-22.93350082,-43.2242632,290.9
-22.85388476,-43.14946936,-4.9
-22.95823484,-43.1859133,25.9
-22.92898855,-43.20400357,54.3
-22.93525155,-43.18181315,15
-22.93835598,-43.21858721,373.1
-22.95901016,-43.25207568,530.2
-22.90816197,-43.14807722,
-22.88852889,-43.13423721,
-22.94046074,-43.25827702,221.8
-22.91037579,-43.2369441,19.3
-22.92058768,-43.18990811,85.3
-22.87994494,-43.17393558,
-22.90150082,-43.16680081,
-22.97588006,-43.21167699,6
-22.89421718,-43.25077202,11.1
-22.83962861,-43.17636664,
-22.90329125,-43.14149488,
-22.90362704,-43.17202093,6.7
-22.86858792,-43.23113542,7.2
-22.91088655,-43.21631279,9.3
-22.90527753,-43.12237129,10.9
-22.87194199,-43.22270665,0.5
-22.96490187,-43.21185768,6
-22.95309891,-43.25164382,508.5
-22.91742487,-43.18356975,101.9
-22.95699926,-43.21409629,219
-22.97795109,-43.21524803,6
-22.89042046,-43.2165264,7
-22.88829275,-43.14228804,
-22.94049525,-43.21221061,316.6
-22.93147627,-43.15760652,
-22.94412721,-43.20812721,226.4
-22.92673576,-43.23172496,27.5
-22.84874862,-43.22109219,1.6
-22.9058008,-43.16026678,
-22.9333759,-43.15171592,
-22.84968407,-43.1901885,-0.4
-22.85947337,-43.24714106,8.1
-22.94200817,-43.22762696,511.3
-22.86589852,-43.13786701,
-22.86403018,-43.21145024,
-22.96967018,-43.19805732,333.9
-22.87214434,-43.17091813,-0.2
-22.91691022,-43.22349254,15.7
-22.88861206,-43.22903107,13.8
-22.95529422,-43.24185985,629.1
-22.83826809,-43.20734575,-0.4
-22.93819094,-43.14362502,
-22.85971908,-43.15266126,-4.5
-22.87704074,-43.19738519,
-22.91242315,-43.13827668,
-22.93468523,-43.26090229,174
-22.9418217,-43.22129358,603.8
-22.85656998,-43.18245816,-1.5
-22.95301922,-43.13597524,0
-22.9765906,-43.21845187,6.7
-22.95579369,-43.23009584,449.8
-22.94915804,-43.19075173,13
-22.91591538,-43.14277667,
-22.92766868,-43.20815908,36
-22.96546243,-43.16263837,9
-22.928291,-43.13498928,
-22.9569038,-43.2459451,545.7
-22.90231509,-43.14233233,
-22.93592739,-43.20468508,225.8
-22.95275175,-43.15267856,
-22.9167313,-43.16953585,
-22.88710964,-43.2483156,8.1
-22.90831083,-43.1450569,
-22.95567478,-43.17803395,13.7
-22.92098074,-43.14073471,
-22.9590957,-43.15799925,
-22.88098529,-43.19132551,
-22.91445902,-43.16941485,8
-22.90374531,-43.17314434,12.3
-22.97202846,-43.19837746,187.2
-22.91895865,-43.21716276,20.1
-22.9222881,-43.24083732,20.1
-22.90591569,-43.12399536,0.7
-22.91486227,-43.22801408,16.9
-22.94035989,-43.18677124,104.5
-22.91035143,-43.15775103,
-22.90344269,-43.1721762,6.2
-22.85551777,-43.2097964,
-22.86661009,-43.22255251,5
-22.86150013,-43.15592606,-4.8
-22.85713042,-43.16387517,-3.3
-22.86945397,-43.16471079,-0.9
-22.91277435,-43.16091365,2.6
-22.85649276,-43.25135247,8
-22.93223898,-43.2667836,170.5
-22.9314476,-43.19635814,169.2
-22.88189991,-43.18415716,
-22.88064387,-43.26473545,27.3
-22.87832846,-43.13903599,
-22.89618935,-43.22511996,29.3
-22.93992094,-43.22266499,552.7
-22.85271159,-43.15727664,-4.7
-22.94368978,-43.2196312,545.8
-22.97520316,-43.1847927,0.4
-22.86601923,-43.15418016,-4.2
-22.88395692,-43.15244309,-1.9
-22.94121808,-43.19544602,88.9
-22.9239694,-43.1272338,
-22.90450645,-43.12392899,20.8
-22.95397867,-43.15696143,
-22.9193394,-43.27415104,249.6
-22.93280914,-43.14461323,
-22.85530847,-43.23789651,3
-22.86410613,-43.23441889,8.3
-22.90899227,-43.20179604,7
-22.8396458,-43.21783075,
-22.9133215,-43.17500652,7.6
-22.96343778,-43.20012084,105.9
-22.93715488,-43.19970069,102.8
-22.92439564,-43.24359175,27
-22.84273489,-43.16452187,-0.1
-22.9315193,-43.1628846,
-22.90638811,-43.22147848,12.7
-22.939727,-43.17649571,29.6
-22.89351077,-43.22290345,13.3
-22.97167977,-43.23243265,193
-22.93459353,-43.15711851,
-22.87755267,-43.14454595,-0.2
-22.84380008,-43.18853889,0
-22.8787834,-43.21454545,10.9
-22.93009921,-43.22578633,125.2
-22.91707855,-43.16041778,
-22.86785034,-43.19497068,-0.1
-22.93114714,-43.24672547,30.2
-22.87978876,-43.25893858,15.4
-22.93622702,-43.23302448,126.1
-22.96489179,-43.1822499,41.7
-22.90572776,-43.27499731,38.5
-22.93709585,-43.18320469,19.3
-22.86090843,-43.13794882,-0.1
-22.84348547,-43.18437507,0
-22.93449312,-43.25526647,190
-22.94047945,-43.19997375,62.1
-22.84178143,-43.21569692,
-22.97203843,-43.17897681,
-22.90939518,-43.12557042,
-22.87035213,-43.19590608,
-22.91638675,-43.25771817,46.4
-22.93355513,-43.19186582,99.8
-22.90607987,-43.1527666,
-22.91221979,-43.14034598,
-22.90035506,-43.14590914,
-22.94176445,-43.20218575,139.1
-22.85616524,-43.20453002,
-22.89899088,-43.27476389,27.5
-22.88923981,-43.15742505,-0.1
-22.91845756,-43.18622221,58.3
-22.87630343,-43.21528578,7.1
-22.91041847,-43.15034254,
-22.88242035,-43.13955994,
-22.9543924,-43.23561591,585.9
-22.88199019,-43.13938851,
-22.91240769,-43.21099532,11.5
-22.96855477,-43.21797058,10.5
-22.90086438,-43.24366242,18
-22.89146005,-43.21550829,5
-22.85638145,-43.22452077,
-22.90553379,-43.12269485,5.3
-22.91644042,-43.26091495,36.3
-22.91790697,-43.27448522,210.7
-22.92569333,-43.13550573,
-22.90841407,-43.14355961,
-22.89231911,-43.25689045,13.7
-22.91684569,-43.23316867,18.7
-22.94826002,-43.24124624,487.3
-22.93468399,-43.21242829,133.4
-22.95957617,-43.14667566,
-22.90099922,-43.25831826,21
-22.96176287,-43.19812176,166.1
-22.97095097,-43.18090756,5.6
-22.91798381,-43.2138798,16.7
-22.86360774,-43.19071493,-0.7
-22.93888893,-43.22538585,509
-22.91254938,-43.19152359,22.6
-22.89813494,-43.16886258,9.7
-22.93598498,-43.21899883,364.2
-22.96424533,-43.22383444,24.5
-22.84992134,-43.23553354,5.3
-22.93511884,-43.21385705,169.1
-22.89995281,-43.13206058,7.7
-22.91231148,-43.22177802,15
-22.9368998,-43.25817465,226.9
-22.87542472,-43.25621407,13.3
-22.9528814,-43.20399484,188.8
-22.94089785,-43.17715863,16
-22.92474489,-43.12131222,68.3
-22.92535451,-43.22273513,36.4
-22.87730377,-43.1695923,
-22.89835508,-43.23734241,24.3
-22.90047624,-43.19100665,11.1
-22.89485889,-43.14053467,
-22.9452437,-43.19809456,250.4
-22.93464597,-43.17958107,19.5
-22.91210615,-43.19301456,21.7
-22.9761871,-43.21121399,6
-22.86589594,-43.17377075,-1.3
-22.9417166,-43.17530889,34.4
-22.93248913,-43.20757896,96
-22.85675173,-43.22457575,
-22.93296742,-43.16329411,
-22.97567878,-43.19285444,25.1
-22.88735409,-43.12653592,9.5
-22.94048497,-43.22461402,550.2
-22.87569311,-43.19567917,
-22.95616601,-43.16060881,
-22.94599395,-43.15894671,
-22.88878178,-43.13582122,
-22.90708637,-43.24441139,57.5
-22.88006208,-43.19581911,
-22.93020404,-43.2043903,87.7
-22.90135056,-43.27320913,43.6
-22.93838484,-43.23164984,196.3
-22.92408534,-43.26058553,42
-22.85212562,-43.18614773,-0.9
-22.84272252,-43.16414259,-0.1
-22.84520693,-43.17484455,-0.1
-22.94557773,-43.17020644,
-22.88205927,-43.24035383,6.2
-22.94103733,-43.16904632,
-22.8613308,-43.14488713,-0.9
-22.90544865,-43.13329928,14.9
-22.93329396,-43.12736645,4
-22.95401331,-43.15647252,
-22.96470401,-43.16120357,31.2
-22.93758301,-43.12756629,66.6
-22.89652913,-43.25278359,15.3
-22.96133374,-43.24133593,262.6
-22.95976675,-43.24892177,448.7
-22.88134216,-43.16460931,-0.1
-22.94882004,-43.2082378,435.4
-22.91160901,-43.26485553,39.1
-22.90145538,-43.23237861,38.8
-22.85229775,-43.20991369,
-22.8785756,-43.24676182,13.6
-22.90606785,-43.23594773,54.2
-22.90617851,-43.16051538,0.1
-22.88563813,-43.25703402,17.4
-22.92552181,-43.2435703,28.1
-22.91817739,-43.15143762,
-22.87322899,-43.14033328,
-22.86879678,-43.21469962,3.7
-22.92899811,-43.12861101,
-22.93359529,-43.23784358,44.7
-22.91102608,-43.17892482,23.2
-22.95109542,-43.18834496,15.2
-22.91447059,-43.23499796,16.5
-22.84933826,-43.1858661,-0.6
-22.90114442,-43.25655019,20
-22.97062026,-43.16764987,
-22.83840171,-43.19208091,
-22.95174258,-43.22984041,677
-22.92984699,-43.25346022,36.3
-22.9152978,-43.24268045,23.7
-22.93016513,-43.17737419,14.1
-22.92226283,-43.19247308,98.4
-22.84457746,-43.21833296,
-22.97228633,-43.18271736,3.5
-22.89361761,-43.27185813,22.1
-22.9341672,-43.13258435,
-22.85664266,-43.19293137,-0.4
-22.90323523,-43.13864393,
-22.91526931,-43.11910868,
-22.95437944,-43.18827055,15.7
-22.93116986,-43.27133064,270.3
-22.86773624,-43.24387045,8.5
-22.93274156,-43.19298997,155.3
-22.92553393,-43.18333475,102.4
-22.94975269,-43.19058977,13.9
-22.94114544,-43.17183292,14.4
-22.93523557,-43.20228638,176.3
-22.90084149,-43.19028027,11.8
-22.97215628,-43.16385763,
-22.96997226,-43.19694667,318.9
-22.97483273,-43.20011234,29
-22.85690634,-43.17520669,-1.6
-22.89868497,-43.19642691,32.6
-22.90348483,-43.27391359,39.5
-22.92626269,-43.2541093,31.6
-22.91360778,-43.18268361,20.2
-22.94109394,-43.13916029,
-22.85897454,-43.2531519,8.8
-22.93053582,-43.18616077,33.1
-22.95042522,-43.20136522,172.3
-22.88469987,-43.2168469,6.3
-22.8684877,-43.22518618,
-22.93027574,-43.15095977,
-22.91784977,-43.1641235,
-22.97333902,-43.16609879,
-22.84836485,-43.17590502,-0.5
-22.90561482,-43.24081592,22.2
-22.89691763,-43.12869445,5.2
-22.90283555,-43.2062928,6.4
-22.93918356,-43.12871829,15
-22.89890908,-43.24784385,12.7
-22.88446206,-43.25445634,10.8
-22.93593983,-43.21775096,301
-22.90176065,-43.25954582,23.8
-22.86483693,-43.18537096,-1.1
-22.86210279,-43.17554871,-1.7
-22.9023504,-43.2554684,22.3
-22.9393033,-43.15745385,
-22.96468546,-43.2024479,24.6
-22.95920049,-43.1436293,
-22.96791596,-43.18217095,28.3
-22.89016192,-43.15173194,
-22.92077473,-43.16237145,
-22.92100047,-43.26165785,38
-22.89359059,-43.15198091,
-22.92613313,-43.20966532,31.6
-22.86941311,-43.25392802,9.9
-22.85665338,-43.22799675,8.2
-22.84317757,-43.21284697,0
-22.87990331,-43.23992147,6.3
-22.89200436,-43.20723414,
-22.89422178,-43.18725077,13
-22.93936509,-43.13519656,0.4
-22.92168788,-43.23834114,24.6
-22.95605026,-43.18190211,10.6
-22.88500126,-43.14610391,-0.2
-22.88823193,-43.22522559,10.1
-22.84751728,-43.17728375,-0.4
-22.9115109,-43.12522077,
-22.8832286,-43.20334601,
-22.9526531,-43.21893344,274.6
-22.92000335,-43.1681378,6.3
-22.85165426,-43.1740791,-1
-22.92841897,-43.2360174,31.9
-22.86473397,-43.1593365,-3.7
-22.87169285,-43.16155074,-1.1
-22.93480581,-43.26922433,287.5
-22.94872963,-43.20502866,355.7
-22.94300583,-43.16170981,
-22.87030404,-43.25318505,14.5
-22.96530596,-43.17284631,16.8
-22.95044002,-43.14399247,
-22.87230196,-43.14891555,-1.8
-22.86714229,-43.16022009,-2.7
-22.89153593,-43.14075171,
-22.90905885,-43.19599419,8
-22.90085388,-43.25270282,15.8
-22.83744355,-43.20302518,-0.6
-22.90505383,-43.25452333,31
-22.88818924,-43.16621569,
-22.84356925,-43.16321292,-0.2
-22.97353558,-43.18335834,1
-22.89453509,-43.14466353,
-22.29059956,-43.06622282,1315.1
-23.23179609,-44.72837087,84.5
-22.71555316,-44.09034492,445.3
-21.86843808,-43.44907584,600.2
-23.80116717,-42.4170777,-556.7
-23.49464311,-42.29233578,-136.1
-21.9623926,-43.46100739,620.1
-23.18465196,-42.15650075,-113.7
-22.64839812,-41.9610761,-10.1
-23.38482572,-42.60010292,-115
-23.4481152,-42.44895481,-129.3
-22.24829522,-41.87720096,71.9
-22.26805388,-44.47483709,1094.9
-22.86698945,-44.21797588,651.9
-22.51177857,-42.53576918,358.6
-23.58689557,-43.94316449,-87.2
-22.6071648,-44.73039396,605.3
-22.7351638,-43.44095951,13
-21.61650609,-43.10582166,408.2
-24.29250101,-43.43894219,-692.5
-21.70356989,-42.35300207,256.3
-22.73024397,-44.53892448,1307.3
-23.52205029,-42.64983552,-124.2
-23.92716711,-43.32729241,-146
-22.6214516,-42.04900268,8.6
-22.76974873,-43.21877855,-0.1
-22.14231118,-42.30688439,746.4
-22.64564558,-41.80249995,-42.1
-23.14777103,-42.94046533,-65.6
-24.33261457,-43.07795149,-1015.2
-22.29204587,-42.48884213,1045.5
-22.77396764,-43.61909372,19.1
-22.16872053,-42.35348035,686.9
-23.54026878,-43.01137997,-113.1
-23.51407755,-43.03741649,-110.9
-22.06184827,-42.20762506,629
-23.13900463,-44.40940732,-23.4
-24.0745881,-43.94601132,-143.5
-24.32861487,-43.28790931,-881.5
-22.88215424,-43.39181308,33.4
-21.83885558,-43.25634476,571.3
-22.55729873,-44.1454106,505
-23.79057087,-43.00930104,-142.7
-22.94994219,-43.06246567,3.3
-22.64493419,-44.56423259,628
-23.12148239,-42.10883401,-106
-24.10280958,-43.67341804,-144.4
-23.44188545,-42.45981019,-118
-22.47404937,-43.06427688,1703.6
-21.97018023,-44.17316625,1211.3
-22.28209053,-42.90588557,878.1
-21.49527497,-42.87534442,377.9
-22.94073808,-44.36801394,
-24.06798185,-43.25390897,-255.6
-23.47658426,-42.13282909,-143.4
-23.64665139,-42.45919665,-155.2
-22.46102925,-42.98608945,959.1
-22.57220744,-41.74795718,-39.9
-23.03952105,-43.77967589,-3.2
-23.19474783,-43.190923,-58.8
-22.54854576,-43.3644934,626.8
-22.62327731,-42.56441674,509.6
-24.21327896,-43.13204928,-727.1
-23.98371758,-43.37202219,-151
-23.90377551,-43.39116625,-130.4
-23.76507319,-43.52237668,-110.8
-22.07005024,-44.34007048,1179.7
-23.89732716,-42.33012466,-710.5
-22.2797357,-43.20981996,691.1
-22.11099176,-42.70312848,714.9
-23.32375662,-44.36681455,-37.9
-22.224178,-43.88730289,772.5
-21.54839097,-42.95790539,342.2
-21.89403674,-43.98356605,902.5
-23.37220268,-44.38209606,-45.1
-21.95217958,-43.05581237,547
-22.62534202,-43.00065685,82.4
-21.83909586,-42.76368872,378.2
-22.33783356,-43.13111978,684.4
-24.05417914,-43.88451351,-132.9
-23.57090056,-43.99600141,-83
-22.84064796,-44.02844019,500.8
-21.71148591,-43.41209859,695.5
-21.72759232,-44.02488798,1118.3
-23.54524974,-42.10249396,-176.8
-23.13548042,-43.28488009,-53
-22.83051626,-44.18595079,660.3
-21.73404739,-43.50764788,758.4
-22.22139313,-43.07488947,537.5
-23.66771165,-42.26885286,-302
-23.20763286,-44.39074164,-13.7
-23.53554696,-43.34661186,-117.9
-22.21506001,-43.07502161,641.6
-24.16055507,-42.61767814,-1099.8
-23.69998635,-42.17065001,-425.2
-22.90609304,-43.21296312,5.9
-24.11521225,-43.41674597,-203.2
-22.70901605,-43.78892036,141.6
-22.08235703,-43.81811444,502
-23.55595285,-43.34432451,-116.9
-22.5178358,-41.8604813,-14.8
-22.74014061,-41.97459729,18.8
-22.29065572,-43.84014023,724.6
-22.48541842,-44.69486342,563
-23.97664264,-43.94129143,-133.8
-23.82135995,-44.3024864,-94.1
-23.29785598,-43.15082207,-93.3
-22.14109904,-43.55771889,521.7
-23.23988624,-43.26035876,-60
-22.90730599,-43.87497315,1.8
-22.63618862,-42.0483059,8
-22.42520786,-43.68239511,515.3
-23.22738322,-43.2399806,-61.7
-22.37832746,-44.62683795,2484.1
-23.16626317,-44.41668271,-30
-22.54640116,-44.4970926,523.2
-22.12085981,-42.49427588,717
-22.99623784,-43.75913642,-4.1
-23.87771543,-42.59346386,-544.8
-22.04542734,-44.10269267,1031.2
-22.94930889,-44.56307174,93.5
-22.7081256,-42.11032459,6.4
-22.27073454,-43.97977962,934.6
-23.771421,-42.87187384,-159.5
-22.63693936,-43.34539137,19.7
-21.70519162,-43.56231818,792.5
-23.39355571,-42.5878904,-112.9
-23.28273729,-43.95774733,-52.7
-22.93185988,-42.83101301,1
-21.80178732,-43.04085385,483.1
-23.33617183,-43.20569724,-90.9
-22.94340767,-42.81879832,27.6
-22.35569839,-44.48375383,493.5
-21.62059503,-43.57118787,761.4
-21.83737935,-42.73588454,279.8
-22.70119284,-44.33921084,487.9
-23.72125452,-42.83441877,-131.2
-22.9245489,-42.31148954,10.4
-21.64950678,-43.93150218,1163.3
-22.11889041,-42.574739,1015.6
-23.95045447,-42.45590683,-740.5
-22.15292593,-42.23751145,691.5
-22.69567228,-41.70066143,-47.4
-23.6394228,-43.46490134,-111.2
-22.33749998,-41.85513517,6
-22.36085657,-41.94626258,41.3
-23.0048606,-41.75366445,-70.2
-23.67011718,-43.93612706,-93.7
-22.38815147,-41.78446222,7.9
-23.67520043,-43.47073667,-113.5
-23.81458259,-42.24968872,-617
-23.8579309,-44.06430178,-112.9
-23.97577396,-43.9680024,-123.8
-22.1816628,-42.30940042,633.1
-21.78906532,-42.58609818,296.7
-23.51957512,-44.23097015,-68.1
-21.53268449,-42.77497756,242
-22.71349039,-42.64826548,81
-22.08485485,-43.98357226,707.2
-22.17334883,-42.48603503,1023
-23.91686173,-44.12759105,-110.6
-23.59825514,-42.41544278,-150.4
-23.11617048,-43.41567006,-45.8
-23.01028151,-43.23315566,-3.6
-23.59453178,-44.47183861,-57.7
-21.65001487,-43.62510789,812.7
-23.08499819,-43.68360202,-19.7
-22.98253691,-43.54389657,10.6
-24.11178724,-42.34839865,-1136.2
-21.96555137,-44.18129755,1146.6
-23.34670844,-42.66545322,-106
-23.52634835,-42.53723339,-120.4
-22.64776714,-44.26014342,568.7
-21.53310131,-43.24419056,405.2
-22.65991901,-44.15719898,525.9
-23.0809136,-41.74563928,-88.7
-22.86344328,-44.10571873,1209.1
-21.93070142,-42.85272252,350.2
-22.73291574,-41.74927642,-44.8
-22.8429893,-41.90943699,-3.1
-23.82796348,-44.35121592,-83.6
-22.13379802,-42.69113933,1056.7
-22.77604534,-44.6188481,1465.1
-22.5206993,-42.54013615,167.1
-23.2898955,-44.3782839,-33.1
-22.53773473,-44.64665251,505
-22.32158239,-44.43754658,747.4
-23.2680026,-44.56048854,
-23.3585873,-43.29196313,-93.1
-23.55315365,-42.94663801,-111
-21.96279302,-42.01452382,736.7
-23.96431405,-43.99592488,-101.5
-22.85407458,-42.92449608,68
-22.70805187,-42.31232868,42.4
-22.11146082,-42.37034896,631.5
-22.36236823,-42.29399236,1317.4
-21.8597412,-43.84957187,793.8
-22.17906557,-43.55849474,744.5
-21.60443909,-43.62701364,854.4
-23.04570112,-44.29762181,-4.3
-23.05806834,-41.64279948,-87.9
-21.51933621,-42.97083675,450.7
-21.99146809,-42.8231381,576.5
-23.91797471,-42.24523561,-802.1
-22.99899494,-43.52229777,305.1
-23.43964901,-42.6306711,-112.6
-22.11525853,-43.14156238,270.9
-22.82080705,-42.35650527,45.2
-22.24584665,-42.59674775,1071.8
-22.40576318,-43.53689323,622.7
-23.0203888,-43.93215348,
-23.06879035,-42.48631043,-68.5
-21.75862544,-43.92859131,1214.3
-23.15876341,-43.52268352,-48.2
-23.88711442,-42.59072491,-561.2
-22.43819573,-43.22724724,1167.5
-22.69436388,-44.50505903,763.3
-23.89388411,-42.51662288,-627
-24.1597286,-42.7687751,-948.9
-22.94636103,-44.56691998,135.8
-22.16805891,-42.48171699,658.5
-23.06070644,-43.80964448,0.8
-22.6664308,-43.47473183,28.4
-23.61178399,-44.10859213,-81.4
-21.84520938,-43.69188301,943.9
-23.57617777,-43.37084443,-112.5
-22.31112895,-43.25724082,624.8
-23.29307839,-44.32921611,-37.6
-23.05361918,-43.56440277,4
-22.98456049,-41.97969478,148.3
-23.86812995,-42.23201228,-702.6
-23.08063193,-44.68419155,0.3
-23.3211831,-43.1614921,-98.7
-23.50854867,-44.41634925,-55.1
-23.31600847,-44.34236317,-37.7
-23.52474813,-42.36830705,-136.1
-23.63930887,-42.96679283,-133.8
-23.34320229,-44.34555778,-38.8
-22.49299945,-42.49150226,239.9
-23.96735574,-43.36773131,-143.7
-22.22498088,-42.26072458,700.6
-23.63621412,-44.0373757,-89.8
-23.17281174,-42.18048255,-111.6
-21.73441415,-42.71496261,477.6
-22.90094321,-42.00385823,-2.3
-22.86637263,-41.97754384,2.8
-22.78155413,-44.71734344,1497.8
-22.60804312,-42.3561689,45
-22.60778072,-42.76296176,12.1
-22.20105254,-44.14613881,697.8
-22.71683649,-42.8393801,22
-23.9527639,-42.51400594,-698.5
-21.93180068,-42.49047047,663.2
-22.23766983,-43.80114545,535.7
-23.7982308,-42.97712311,-147.7
-24.07247994,-42.71821854,-777.1
-23.59772725,-43.08577997,-117.6
-22.21733573,-42.53516522,998.1
-23.71765456,-42.14165167,-484.1
-23.40812289,-43.65372457,-75
-23.97440579,-42.80061624,-560.2
-23.35644862,-43.72075196,-64.1
-24.31389518,-43.17885213,-917.1
-22.7458532,-42.53773852,58.7
-22.26608328,-41.86403015,12.8
-21.95290151,-42.31702183,382.6
-21.5837595,-43.52284029,715.1
-23.14643372,-43.68905157,-42.7
-21.69313231,-43.17663963,800.5
-23.99485747,-42.74812742,-621.8
-23.84969727,-43.5213475,-117.4
-24.22919794,-43.3829207,-536.7
-22.22317587,-44.12101713,621.9
-23.7619737,-43.42037973,-133.1
-22.46952481,-44.44094191,397.8
-21.74393674,-43.62601386,800.9
-21.645964,-43.06215472,379.3
-21.52238095,-43.52115811,874.6
-23.33445598,-43.35232971,-78.5
-22.60986735,-43.08125057,69.2
-22.16739966,-43.84509641,759.3
-22.10938492,-43.69110655,521
-24.21876142,-43.18784431,-629.5
-21.64064023,-43.14577086,437.1
-23.55265364,-42.31345216,-140.1
-22.53155476,-44.68461757,566
-23.96372727,-42.96038939,-433.2
-23.65480014,-44.12750719,-85.9
-22.05836355,-42.39343546,583.8
-23.10475366,-42.78083017,-63
-22.41276252,-43.05336979,1154.2
-21.9169026,-42.3224493,449.4
-23.6531867,-43.30458793,-117.8
-22.55641232,-44.31154576,544
-22.71960652,-44.67895712,1647.2
-22.91402754,-42.0849071,2
-23.6564219,-43.84331853,-95.4
-24.06181152,-43.94466316,-138.7
-22.66148066,-41.93741955,-23.7
-21.67776584,-43.4740395,734.6
-23.40514124,-43.59382726,-85.4
-22.72648006,-42.39237261,17.2
-22.44996593,-42.95928674,1036.4
-21.94101317,-42.33876992,364.3
-22.07685317,-43.0000041,572.4
-23.91821047,-44.13923338,-113.9
-23.03351508,-44.14261755,79.7
-24.15461932,-42.52112899,-1145.3
-23.69387067,-43.85759805,-102
-23.5887275,-43.84839754,-96.3
-21.7358315,-43.76438398,837.3
-23.536518,-42.1791076,-163.5
-22.60807151,-43.89744193,448.8
-22.81213538,-44.21950518,1016.3
-23.59078462,-43.83198338,-92.8
-22.51657609,-43.30426769,792.2
-21.63138326,-43.51294055,753.8
-23.85796434,-43.55742624,-120.5
-23.42695365,-44.155446,-56.3
-22.04828414,-44.39317967,1266.7
-22.64076952,-42.31704686,9
-22.94975896,-41.84832265,-49.5
-23.97831364,-43.52875112,-133
-23.72681709,-44.33431012,-80.2
-22.71785978,-43.84577501,82.2
-22.52952194,-42.98393779,38.8
-23.71158812,-43.72924027,-112.9
-23.81600818,-42.45371519,-565.7
-22.51584464,-43.49480818,593.8
-23.38135805,-43.45786452,-108.2
-23.69500466,-42.98863804,-124
-23.63801148,-43.37879423,-115
-23.6441278,-42.10021002,-241.4
-23.99911602,-43.79803858,-127.2
-22.42617752,-44.18004017,458
-22.73745232,-43.09634142,-0.3
-22.78588612,-42.10054667,15.4
-21.98474616,-42.71642883,341.8
-24.02412911,-42.79352974,-616.1
-23.18703752,-43.2041311,-59.8
-22.14317636,-41.88088945,531.5
-22.90017231,-41.86268078,-45.6
-22.36529341,-43.85521821,707.6
-21.70372007,-42.9539296,558.3
-22.83707547,-44.24216156,1058.4
-22.57844053,-43.89879899,553.6
-22.07758559,-43.92835307,791.4
-23.35672792,-43.43957236,-114.3
-22.9831487,-43.16131447,-2.5
-23.45357662,-43.10625032,-119.4
-21.98610689,-42.90448398,204.2
-23.76952562,-42.81794439,-166
-23.27677091,-42.48246494,-109.6
-23.43001916,-42.98294662,-107
-23.15893131,-43.98161628,-32.4
-22.46726154,-42.45046257,333.6
-23.50779232,-43.90663462,-82.1
-21.78560506,-42.36687193,224.8
-24.01812128,-43.60210546,-128.5
-23.09362777,-44.63871582,-2
-22.65559022,-43.26111803,6.4
-21.75366379,-43.47385555,887
-23.19969616,-44.5628409,-0.6
-23.41064687,-44.22229884,-50
-23.69914199,-44.10653896,-89.8
-22.61294429,-43.43592207,84.8
-23.24135148,-43.6302122,-49
-22.43079955,-44.486095,438.4
-23.55827228,-42.46249679,-143.5
-24.20941191,-43.30153277,-552.3
-23.09902924,-43.85103306,-9.8
-21.68392977,-42.57373609,353.7
-23.83123786,-42.83946043,-219.8
-22.51359295,-43.84579009,521.2
-21.58792242,-42.70146825,415.4
-22.2075276,-42.95219732,767.7
-22.73391052,-43.78178928,261.7
-22.76603452,-43.34444469,50.6
-22.07448046,-44.12409913,847.5
-24.12966371,-43.73494053,-194.5
-22.21609707,-42.82108238,966.5
-21.87431354,-42.47873662,451.3
-23.48829999,-42.19273464,-133.5
-23.84175218,-43.80606289,-110.1
-23.42519109,-44.43280598,-33.3
-21.98421499,-42.20714272,509.7
-22.59930553,-44.03583166,402
-23.29340846,-44.47939036,-18.2
-23.6184563,-43.18002207,-112
-23.85751402,-43.06242048,-159.7
-23.22107843,-42.36735525,-106.1
-23.72221491,-42.97630642,-128.1
-22.97873117,-41.92302918,-51.6
-22.1916279,-43.23653549,455.4
-22.25315428,-44.33704689,903.9
-23.77959227,-44.04629908,-105.3
-22.9920156,-43.20447956,
-22.3665879,-44.33244636,523.9
-22.60015517,-42.56070655,392.5
-23.54191031,-42.60342431,-132.9
-24.17387695,-43.91063404,-159.8
-22.28818611,-41.82662091,4.5
-22.5440199,-44.06479463,410.2
-22.3846527,-43.96303774,660.2
-22.89484153,-44.31141583,13.4
-22.1448103,-44.46750459,1213.4
-22.09938271,-42.02961521,625.9
-23.22544968,-42.62724653,-103.6
-24.15554891,-42.52772196,-1140.9
-22.41992261,-44.11857632,537.5
-24.28804825,-43.02715423,-999.6
-23.39887759,-42.40341731,-117.8
-23.02559534,-42.29012926,-66.6
-21.54819143,-42.77743003,335.7
-22.70487142,-44.05255916,488.9
-23.7035485,-42.89865867,-123.2
-22.65589201,-42.27843382,34.8
-21.50344601,-43.32536369,511.7
-23.45093737,-44.14791327,-55.6
-23.85311373,-43.9025412,-128.4
-22.26423738,-44.42723616,1071.8
-22.55463149,-43.17402392,545.8
-22.13185462,-42.03411084,953.2
-21.65538933,-43.2932586,848.3
-24.12408304,-42.81354541,-798.4
-23.78633041,-42.79801674,-183.5
-22.63382052,-41.71062562,-43.4
-23.13060185,-43.55102616,-44.2
-22.2577268,-42.19366611,1037.3
-22.04488902,-42.40748548,524.6
-22.3866655,-43.25594776,1002.6
-23.77433622,-43.81637762,-101
-24.03813902,-44.0505666,-131.9
-23.45945711,-43.76400938,-80.6
-22.88559851,-42.16774792,2
-21.69696694,-43.23462405,815.7
-22.60301539,-43.94145343,584.8
-22.03692285,-43.1694424,323.8
-22.20044376,-43.86538145,718
-22.61921151,-43.58831637,36.5
-22.28442451,-42.36507383,1029
-23.41846582,-42.07291701,-135.5
-21.68948367,-42.48741538,247.2
-22.86261038,-43.29877491,64.2
-23.14911554,-43.28197786,-52.7
-23.88277958,-42.04929314,-789
-22.67102548,-41.74876706,-43
-22.66036502,-43.52571547,38.7
-23.18014577,-41.77656569,-113.5
-24.12329608,-43.76084453,-179.6
-22.71000187,-44.60359753,1801.3
-23.81668886,-42.9638073,-153.8
-21.99742428,-42.72574803,344.3
-23.44693475,-44.62729122,-43.4
-23.99211076,-44.1005858,-119.7
-22.23845891,-43.74630609,568.7
-22.10100589,-44.44584435,1559.3
-22.24747508,-42.73355626,1075
-22.74919371,-44.60276208,1600.7
-23.13230674,-42.43767489,-99.4
-24.07584936,-43.89188488,-132.1
-22.9234974,-42.15842569,2
-21.76124987,-43.59837435,726.5
-23.83960859,-42.06499419,-686.3
-21.69423107,-42.58416533,283.3
-21.73315192,-42.32079767,116.3
-22.06194997,-44.09199448,1178.1
-23.11730102,-43.77408743,-30.7
-22.0816608,-42.62906834,682
-22.82750735,-42.10582317,4.9
-21.91538849,-42.19109309,240.3
-24.09814829,-42.70751344,-887
-23.46240435,-43.68114062,-88
-23.56764284,-43.23811152,-120.2
-23.37819352,-42.76908602,-103.6
-23.25289523,-42.78511216,-85.9
-22.36035183,-43.80872121,628.8
-24.02784772,-43.06647254,-491.5
-24.02796773,-42.62151511,-767.2
-22.58306755,-43.48825518,1184.6
-21.74576216,-42.82008574,663.7
-23.49784185,-43.15921688,-115.2
-22.38957145,-42.46163452,1091.8
-23.01289296,-41.94253128,-49.2
-23.74379515,-43.39661758,-125.8
-22.31283082,-42.68015219,1162.8
-22.66114642,-44.47205685,545.2
-21.51406338,-43.30579839,435.8
-21.92009732,-43.11249426,471.4
-21.95357461,-43.09865634,411
-22.90071603,-42.37581733,2
-22.92665802,-42.61893842,7
-23.83310833,-44.36971072,-76.7
-23.72950566,-44.39043352,-73.4
-23.35043386,-42.01285115,-129.7
-23.76038013,-42.44580741,-475.9
-23.50676441,-44.46303849,-53.6
-22.35713683,-42.1634178,830
-22.0610525,-44.42300714,1235.2
-23.24282725,-42.04593516,-115
-22.5524724,-42.07407109,4.8
-22.67088392,-42.89989409,3.1
-21.92491974,-43.88385718,1018.1
-23.25675028,-42.79280693,-89.4
-23.8710904,-42.77942618,-404
-21.89578157,-42.60122958,284.1
-22.71404314,-43.58729099,28.3
-21.47677565,-43.38837919,622.1
-22.6893417,-44.04606657,410.3
-23.01642834,-44.53183521,5.2
-22.82495637,-42.15307944,43.7
-22.50950042,-42.66388039,67.4
-21.62074651,-43.91015474,1102.7
-24.22604567,-43.66765221,-219.2
-22.67276599,-44.62636335,1075.9
-22.30049643,-43.43038989,492.1
-23.3100749,-42.73434543,-96.9
-22.47223356,-43.79179686,533.7
-21.58384106,-43.30076321,672.9
-22.58887249,-42.02426576,5.7
-23.60576008,-44.35579908,-55.1
-22.43639524,-42.39074241,300.3
-22.82455746,-42.47464251,273.1
-22.01040022,-42.92464315,345.1
-23.84824681,-43.76539882,-120.6
-22.70910617,-44.14367618,807.6
-22.60083791,-42.81868182,47.6
-22.44113019,-43.78453439,354
-22.9920111,-42.02792598,
-23.82796283,-43.13478765,-140.8
-23.81522025,-42.69879215,-330
-21.6876544,-43.95653944,1126.9
-23.79572583,-42.29531415,-579
-22.04420233,-43.61455555,636.8
-21.75328423,-43.5508346,795.2
-22.74651745,-41.77482474,-14.5
-22.23651378,-43.48860673,378.4
-21.72016382,-43.10438794,632
-22.7267352,-44.19779212,1124.3
-22.87673124,-43.31384027,40.6
-24.08846972,-43.46866534,-171.7
-23.12206549,-44.46701355,-27.5
-22.45513122,-42.5851863,1077.2
-22.64786008,-43.51261058,77.7
-23.91139228,-42.12053874,-865.6
-23.82344253,-43.78711644,-112.2
-24.01485922,-44.16237173,-125
-23.8317507,-43.97310091,-112.5
-21.73830451,-43.18826053,693.7
-22.38386304,-42.1992662,333.2
-22.62224138,-42.12078347,20.5
-22.91143748,-41.98939459,-0.7
-23.87089937,-42.85348777,-317.6
-22.10807256,-43.17076214,265.1
-23.63838152,-43.93230591,-96.8
-23.70339351,-43.28114571,-119.6
-23.17258008,-43.54304249,-50.6
-22.08432919,-42.87387653,648.6
-23.24615294,-42.62974066,-102
-21.8058444,-43.04158024,481.8
-22.89191214,-41.785856,-43.2
-23.44574358,-42.11397236,-144.9
-21.95723845,-42.58825024,550.9
-22.17960126,-44.45972462,1235.6
-22.12092095,-44.39643731,1211.4
-22.68226144,-43.12759468,7
-23.13257891,-42.02734628,-105.1
-23.17529355,-43.54685106,-50.6
-22.6190536,-43.83234721,504.2
-22.91545071,-42.35532842,2
-22.01344192,-42.756037,501.7
-22.44342821,-43.90642969,507.2
-23.88570498,-42.31465343,-701.7
-22.75241568,-43.62640805,16.5
-22.60526938,-41.73832854,-44.7
-22.24493804,-43.80623575,551.6
-23.20286561,-44.56085764,-1.3
-24.02614856,-42.60559994,-780.2
-22.12656677,-42.5471414,913.5
-22.04163989,-42.03535459,726.2
-23.78280279,-42.69137775,-224
-22.33484632,-43.18337486,605.6
-22.46270723,-43.63632468,557.8
-22.50770493,-42.64377141,128
-22.37577856,-42.58608926,1162.6
-22.87408246,-43.80407965,9.9
-22.51073006,-43.88604926,431.3
-22.51862381,-41.97849581,30.9
-21.68771312,-42.63230732,469.9
-23.11110006,-41.73035525,-66.4
-21.96058363,-42.61327541,314.3
-23.24825647,-42.84659054,-89.9
-22.48886008,-44.43342139,437.7
-23.6618747,-42.24720458,-301.2
-21.89208608,-42.76867398,260.5
-22.54819746,-43.21380567,874.8
-23.21674126,-42.81589762,-82.6
-22.89232861,-41.81499921,-51.9
-22.54769317,-42.04408929,226.5
-23.35954347,-44.49860692,-40
-22.5323937,-44.21119232,386.9
-21.71339071,-42.37144407,220.2
-23.5207772,-43.82217718,-89.8
-23.46269628,-42.91563555,-113
-23.11361343,-44.02185524,-7.8
-22.40071327,-42.52299979,1102.9
-23.65320811,-42.42692622,-169.3
-23.02331173,-43.51566939,5.9
-23.57452748,-44.44566192,-60.9
-22.69084115,-43.94887568,452.1
-23.0718938,-42.16686056,-92.5
-23.62936337,-43.45467004,-112
-23.21218525,-43.67833162,-52.3
-22.85998244,-41.87712217,-20.7
-23.09275739,-41.770409,-94.3
-23.5407622,-43.90446025,-87.6
-23.16698029,-44.09336998,74.5
-22.65138048,-42.95391581,3
-23.95760672,-42.15365077,-917.1
-22.69360803,-42.46766054,212.4
-23.76655762,-42.35465551,-524.9
-22.56967665,-44.5156329,595
-21.65529611,-43.39162515,745
-23.28263887,-43.45069651,-62.5
-22.30770422,-44.14837582,806.2
-22.87969033,-43.42578655,37
-24.1134693,-42.61358978,-990.7
-22.97938923,-44.27433366,330
-22.81324967,-43.23877567,13
-22.3287043,-42.89930732,1042.5
-21.70778077,-42.87680302,683.5
-22.98153199,-42.97730086,-1.7
-22.77853082,-42.70088099,74.2
-24.2739034,-43.14101981,-833
-21.68639032,-43.3909417,797.7
-22.99609818,-42.16025903,-49.7
-22.79974414,-42.42967055,46
-21.77659832,-43.86717304,770.5
-22.77342492,-44.17476212,599.5
-23.33846985,-43.88335014,-55
-21.91166794,-44.32759893,1136.6
-23.07738518,-44.63573534,
-23.47732604,-42.54596758,-107.3
-23.00388192,-44.3557169,32.5
-22.78584954,-44.08689464,558.1
-24.20172685,-43.86989538,-170.3
-22.30936452,-41.93053647,64.4
-23.07964024,-44.68972563,40.3
-22.00003645,-42.90185242,408.3
-21.7753276,-42.9058917,697
-23.03532898,-41.96128412,-72.7
-21.83812153,-42.33643047,362.2
-23.26712886,-42.99574925,-91.8
-22.4018641,-41.98628841,45.1
-23.50226794,-44.38793216,-51.1
-23.68543367,-44.51330451,-60.6
-23.30487527,-42.82791335,-99.9
-24.04695968,-42.58883555,-835.5
-23.86622842,-42.1526496,-731.7
-23.97922842,-44.02097023,-101.2
-23.30600291,-41.76541877,-126.2
-24.04647672,-42.94588569,-556.8
-22.41687754,-43.08890469,912.9
-23.49683918,-44.53761121,-49
-24.06707423,-43.20937597,-331.5
-22.59639563,-44.5947581,508.5
-23.52512073,-42.07501737,-173.8
-23.33902706,-42.83036586,-103.6
-22.90923121,-43.88907266,5.9
-22.99104243,-44.46176602,489
-22.57215919,-43.15135606,427.4
-22.10433923,-43.38242809,523.2
-21.96854868,-42.24370526,222.7
-22.16745614,-41.9834214,512.5
-23.07016517,-41.72903576,-86.8
-22.43274708,-42.12715521,223.8
-23.02794991,-42.38614472,-65.5
-23.20304538,-44.16852093,
-24.24416364,-43.29486124,-657.3
-23.87438366,-42.76399172,-442.1
-24.04333174,-43.74439113,-139.2
-22.88222342,-43.58292045,17
-21.76747054,-42.39474983,206
-23.32551062,-42.70942062,-105.7
-22.91485623,-42.85162984,15.6
-21.89321312,-42.80031547,288.3
-23.64404404,-43.45665978,-113
-22.84237276,-44.00472397,441.4
-21.81403085,-43.96674339,1137.6
-22.48338257,-42.48154669,175.9
-22.7418927,-44.6240707,1511
-21.83111599,-42.33228523,326.4
-24.07815889,-42.49797455,-975.1
-22.52736612,-42.21808857,15.1
-21.68757196,-43.74682314,832.7
-24.04457439,-43.74775744,-139.8
-22.72642026,-41.95897969,
-23.97583711,-44.15788574,-114.7
-23.08923031,-43.95694133,
-23.47951057,-41.82337359,-144.5
-21.75828232,-43.08780041,625.5
-23.19807285,-42.70555154,-93.4
-22.51414027,-43.0934715,1396.2
-22.10970432,-44.07705636,655.7
-21.91256277,-43.17762002,463.7
-23.13578014,-41.78651416,-103
-21.68067865,-43.6790436,782.1
-21.68799412,-43.98076089,1116
-23.03430357,-44.01471481,-3.8
-22.70604898,-44.13474605,723.5
-24.07412019,-42.27004994,-1117.6
-21.84729765,-43.03783725,516.4
-21.92363441,-42.91501081,673.8
-22.31454784,-42.33347272,799.8
-22.65626683,-43.04715862,7.2
-22.32190167,-42.85638634,934.3
-24.05137078,-42.38906708,-1014.8
-22.78489935,-41.72202899,-43.7
-22.86869207,-44.3160814,671.6
-23.4940934,-43.70573397,-93.6
-22.58383977,-42.4233068,57.6
-22.33908605,-44.47082553,553.4
-22.78887499,-44.54032211,1222.5
-23.4516104,-42.72033954,-117.7
-22.33164751,-43.62107359,426.1
-22.54887138,-44.34579193,461
-21.85176756,-42.97655706,541.3
-22.51150069,-44.42349414,457
-23.2555936,-41.79326025,-123.8
-23.2505598,-44.12855623,-36.4
-21.99854931,-43.3463473,381.4
-23.12260956,-41.67033915,-88.6
-23.9906497,-43.19035861,-206.3
-21.5159127,-43.23074034,432.8
-22.5493944,-41.90999452,-2.6
-22.32202355,-43.63788781,370.3
-22.42896944,-43.6917905,472.6
-22.75473701,-43.1063433,
-22.88208504,-43.10982434,11.2
-23.10903039,-43.39917179,-45.8
-22.68898475,-44.74056499,1044.9
-22.82741836,-44.20457482,565.5
-22.35406828,-42.34473338,667
-21.69268583,-43.1298689,844.3
-23.41746652,-42.41930735,-112.6
-23.5535863,-42.47364718,-136.1
-22.50253198,-42.56276674,454.6
-23.47353343,-42.99186051,-114.2
-22.49508651,-42.01367887,29
-22.63178982,-44.3560339,524.6
-23.05923841,-44.64040158,
-22.27409839,-42.36039228,1003.3
-22.35172245,-42.58206105,1961.7
-21.63375921,-43.06315347,464.8
-23.52796273,-43.51662622,-114
-23.0029476,-44.00342786,-10.2
-23.7434423,-42.05911998,-536.9
-23.41392707,-42.0985327,-137.4
-22.73498934,-43.60028844,26.8
-22.95921656,-41.79634171,-45.7
-22.78126625,-43.12513886,
-22.81661297,-42.18479298,37.1
-23.40174415,-42.8398231,-104.3
-21.95233678,-42.23063082,163
-22.68868727,-42.68527372,256.4
-23.4872308,-43.84457758,-83.8
-22.99730441,-42.54564317,-46.5
-23.47839646,-44.63122831,-45.1
-22.12185877,-42.37230979,606.8
-23.27759756,-42.97084511,-93.4
-23.38099556,-42.69037111,-105
-22.92951957,-44.14490779,532.3
-23.1626134,-44.33015856,224.1
-22.97319704,-44.60594374,621
-23.60349232,-43.99486853,-86.3
-22.66868282,-44.41570864,611
-23.99205779,-44.02911348,-106.6
-23.56696592,-44.45156029,-61.1
-22.27296281,-42.18913565,1173.6
-22.48814166,-43.27046993,1272.8
-22.75585373,-42.23296725,34.7
-23.86897254,-43.52284823,-120.2
-22.03424427,-42.22851787,386.9
-22.45398247,-43.03872785,2052.2
-22.52743261,-42.61320587,350.6
-24.05659476,-42.48211157,-917.5
-21.73219565,-42.85430976,562
-23.33669872,-43.70962007,-62.6
-23.25254355,-42.53159352,-112.5
-23.26097435,-42.17166165,-115.5
-22.47854156,-44.6891037,533.6
-23.29308013,-42.59472182,-113.5
-22.44720203,-42.34085533,649.5
-23.37174101,-42.94670113,-110.2
-23.73707586,-44.39104592,-73.5
-22.79977283,-44.17492803,640.9
-22.28565317,-44.24308799,630.2
-22.68324192,-43.18686546,17.6
-21.84454128,-43.48302938,809.3
-23.51046501,-42.16677798,-150.8
-23.82210967,-44.12658485,-106.5
-23.31809619,-41.85038747,-124.8
-21.66337271,-43.82441786,878.3
-22.6101086,-43.79933459,569.8
-21.96887037,-42.20480055,344
-21.54910118,-42.70503083,258.8
-22.32544202,-43.53118694,523.4
-23.02895584,-43.73311996,-3.3
-23.45566755,-43.31001455,-108
-21.87904531,-42.97246224,569.9
-23.50058293,-43.54260539,-111
-22.55494682,-44.13495274,468.2
-23.32575324,-42.59698566,-111.3
-23.0463167,-42.28575162,-74.6
-23.40819218,-42.58794418,-113.2
-23.95159057,-43.23233753,-168.1
-23.69022962,-43.7744251,-108.9
-24.07539768,-43.10870522,-499.6
-21.5136761,-43.20128082,446.4
-24.12010472,-42.50415093,-1083.3
-23.01077305,-43.22784525,-5
-23.97308685,-43.02039207,-383.7
-22.80545429,-41.71081365,-52.7
-21.65032302,-43.9030651,1136.7
-22.19829333,-42.83901994,1032.8
-23.15418066,-41.67934266,-103
-22.60551977,-43.81186625,436.1
-23.39471383,-43.4234199,-97.1
-21.80071772,-42.42740694,396.3
-23.1449572,-41.89491813,-113.5
-23.37671068,-42.98177148,-104
-23.67484845,-42.43963992,-182.1
-21.7099205,-42.55990834,300.2
-22.36649913,-41.92006944,62.2
-21.84068294,-43.82973802,785.5
-22.71451676,-43.62807172,19
-22.91796382,-42.38556176,3
-21.63940883,-43.29061083,739.9
-22.42127145,-43.4291226,600.8
-22.77629944,-43.2447367,0
-23.28987416,-43.49813231,-62.5
-23.26999894,-42.61146752,-103.3
-22.26621087,-44.27269061,610.9
-22.51334111,-44.0647282,416.5
-22.41250046,-43.8082639,519.1
-22.93265889,-43.10119317,0
-23.20778909,-41.8783538,-112.2
-22.76713498,-43.44939126,125.5
-22.01338335,-44.15655547,1242.4
-21.5640729,-43.75354641,832.4
-22.42117432,-42.31635207,1071.6
-23.18878717,-42.2526369,-113.7
-23.1292418,-44.17803112,183.8
-21.6316227,-43.80804914,910.9
-21.96629758,-42.23781398,237.2
-22.29112481,-43.99432446,883.1
-22.77226983,-42.28575216,69.5
-22.74651416,-42.45026247,32.3
-23.23877184,-42.68503813,-95.8
-22.37008238,-42.78018733,1330.8
-23.00614847,-43.59113497,1.1
-23.71544604,-42.27021399,-463.7
-21.92575812,-42.80087729,187.4
-22.00262543,-43.82663069,827.4
-23.6112023,-43.71776183,-115.4
-23.56427926,-43.26988061,-119.7
-22.26377811,-42.76429561,1073.8
-23.33083688,-43.07395332,-101.6
-23.30698809,-42.7074121,-99.8
-22.09669146,-43.62369085,505.6
-21.71965906,-42.31533698,167.2
-21.72709131,-42.89608081,528.9
-22.20288008,-42.68628913,1041.3
-22.96520435,-43.52444743,388.3
-22.3218452,-41.92264951,10
-21.63898091,-42.4783404,303.8
-22.28894162,-41.92375118,9.4
-23.26771076,-44.19261256,-43.6
-22.5981651,-42.69244348,479.6
-22.34233771,-44.20026324,545.8
-21.83105311,-42.95598527,643.6
-22.7927525,-43.25562512,
-24.2104202,-42.90495756,-956
-23.41842187,-44.50132639,-45.5
-22.55628308,-42.59730679,561.2
-23.176799,-43.16802392,-54.4
-22.82846073,-41.68769186,-53.1
-23.97641244,-43.30259433,-168
-23.53890789,-43.19867868,-117.9
-22.66543277,-42.46677598,42.4
-22.88322787,-44.25719107,219.3
-22.97000805,-43.30576818,589.9
-22.56489903,-44.52667592,541.3
-22.53532017,-44.67284637,466
-23.46160886,-43.35418433,-110.6
-22.09306774,-43.58400702,507.7
-23.44306991,-42.28672326,-135.5
-23.03658333,-43.17733723,-2.7
-23.09943966,-42.54639261,-74.1
-23.20085081,-42.86291444,-73
-23.42990135,-43.74382612,-74.2
-22.50917935,-43.94813717,419.6
-22.6074127,-42.62599923,372.2
-22.90560765,-43.52771907,137
-23.19713444,-42.93207543,-71.1
-22.71399886,-41.6499328,-51.6
-24.19521001,-43.67580157,-182.8
-23.7926526,-43.83131473,-105.2
-22.53372355,-42.12560961,24.6
-23.23497628,-44.0108539,-43.9
-23.13444992,-42.99464817,-63
-22.14823658,-43.13917568,394.6
-21.91905167,-42.38902283,481.8
-23.99085432,-42.2025926,-990.8
-22.91503069,-44.76498469,1203.7
-23.58475888,-44.34639473,-46
-22.93572178,-42.11193616,2
-24.00808935,-43.79618152,-126.2
-23.81536917,-43.05040226,-138
-23.86512393,-42.99454282,-191.1
-22.35859205,-42.44757526,1200.4
-24.10859416,-43.483308,-170
-21.67116807,-42.60937369,285.6
-22.88241543,-42.81360576,39.2
-23.42113172,-42.9574429,-109.2
-23.33098033,-41.87690786,-131.4
-23.25183749,-44.53992763,-7.6
-22.59246667,-41.84279414,-34
-23.7072376,-43.61039063,-120.9
-22.51947052,-42.51561912,148.7
-23.05442265,-44.73700879,618.9
-22.87691918,-43.59568127,21.5
-21.87509355,-42.44824382,476.6
-21.9362673,-43.13882961,536.3
-22.88163604,-44.37751519,855.8
-23.44101889,-43.82956721,-73.8
-22.33107962,-44.02557307,610.1
-22.44888474,-44.59505067,1006.9
-22.56341314,-43.74955806,461
-22.18844198,-42.26074358,623.3
-23.67691028,-43.68328025,-112.9
-23.64628556,-43.61137904,-114.1
-23.20877505,-43.07947326,-66
-22.54951767,-42.63461019,324.8
-22.57185415,-41.71771031,-45.9
-22.49860143,-41.84980244,-7.1
-22.24935667,-44.18982043,598.6
-21.69622439,-42.72026724,622.4
-22.11867857,-42.00161187,583.1
-22.00534232,-44.22626544,1292.7
-21.88441986,-43.30043853,558.3
-22.99280773,-42.35950215,-53.1
-21.78507948,-42.2154234,163.9
-22.83964743,-41.96388626,-0.9
-22.73888674,-42.98589112,4.3
-23.75340625,-42.82661177,-151.9
-23.11332531,-42.58758208,-73.6
-23.46102519,-42.67970549,-113.8
-22.54637951,-42.56278358,254.6
-22.39860143,-43.20249802,1326.4
-23.14979223,-44.04058837,-27.8
-22.59619287,-43.97672471,628
-23.44006327,-42.94736377,-112.3
-24.17880954,-43.28037761,-495.8
-22.93194506,-42.17569471,2
-22.66205746,-42.1698176,31.5
-23.91478262,-42.47180486,-670.7
-22.21291938,-42.02484615,336.2
-23.33493233,-42.60747912,-110.2
-21.59193542,-43.10886957,423.9
-22.3639101,-42.8579696,836.1
-24.143754,-43.46431559,-203.5
-23.47027623,-42.62849239,-110.8
-23.31348725,-42.27054146,-126.6
-22.43241247,-42.61628464,450.5
-23.24067554,-42.92345785,-84.5
-21.59333012,-43.63502367,903.7
-23.80062058,-43.50369475,-117.7
-22.41844718,-42.85886239,963.4
-24.16362813,-42.56590826,-1123.1
-22.45740696,-44.4997024,403.5
-21.6303889,-43.14446619,618
-22.34539551,-44.07987819,637.6
-23.35452587,-42.63778881,-105.1
-21.66077464,-42.46539681,248.6
-22.74640264,-43.91115512,509.1
-22.5260449,-43.3742991,1098.3
-22.37454959,-41.89240805,30.7
-23.74296604,-42.40310394,-462.8
-22.12503997,-43.59868483,462.3
-23.32989857,-44.43413952,-35.1
-23.45247116,-44.10186225,-47.8
-23.82244198,-44.12771923,-106.4
-21.58176042,-43.66098548,807.5
-23.45214182,-42.98734448,-110.5
-23.84367102,-42.61112971,-494.1
-24.12052209,-43.84798478,-145.6
-23.39952782,-42.10284447,-134.2
-22.59042273,-42.91898676,29.8
-22.05722528,-42.04925699,664.9
-23.24575066,-44.57836491,50.2
-22.79156302,-43.99204322,483.4
-23.4298646,-42.21680736,-127.7
-22.37084982,-41.84909219,20.2
-21.67585729,-42.90070837,555.3
-22.5583658,-42.09124902,3
-24.26438935,-42.99820466,-995.3
-22.71492082,-43.28031378,5.5
-23.81383256,-42.47210977,-556.9
-21.95143044,-42.54086219,663.7
-22.12008065,-43.73338456,552.8
-23.93255384,-42.25019728,-839.2
-22.60602377,-42.55549582,582.4
-23.88913054,-42.46059719,-641.7
-22.80522451,-42.99840825,11.5
-21.70064494,-42.74880825,607.6
-22.10712162,-43.49081293,440.2
-23.29001796,-42.35798231,-121.5
-23.67169456,-43.13979568,-112.1
-22.87694947,-44.71949797,1430.6
-23.60316217,-41.88804515,-136.1
-23.3140857,-43.45342227,-73.2
-21.90501467,-43.10866683,488.4
-22.80573891,-42.63050378,113.4
-21.87111535,-43.35974195,609.8
-23.79813917,-42.33148929,-574.3
-23.43891856,-43.43076486,-98.4
-21.68773402,-43.96745502,1171.8
-21.83788773,-42.90610019,744.7
-23.86987368,-44.34305853,-100.8
-24.07411049,-42.94667995,-598.6
-23.60736365,-42.4411287,-146.5
-23.5935155,-44.04260714,-83.1
-22.35054167,-42.85458736,1049.9
-24.22260967,-43.6709819,-214.5
-23.42724572,-43.67223288,-77.6
-23.34610478,-44.40163498,-39.3
-22.96946972,-42.3579063,-35.5
-22.43671825,-43.58292774,664.6
-23.8486874,-43.56211001,-121.9
-22.59195442,-42.746297,15
-23.3767343,-44.62440691,-4.8
-21.72916605,-43.54805627,737.3
-22.88749977,-42.32278131,2
-24.11667069,-43.20628314,-467.3
-22.48748359,-44.49528078,405.8
-21.74596867,-43.60675117,710.6
-23.49527652,-44.1391045,-54.9
-23.03738362,-41.79471089,-71.1
-22.6191566,-43.62247622,480.6
-23.36624633,-44.52015091,-42.4
-23.56525565,-44.19516012,-67.3
-22.92771732,-44.75832391,1201.5
-22.88324946,-43.68592172,6.3
-22.62923086,-44.23658726,478
-23.90973256,-43.02679262,-209
-22.79560309,-43.10848546,
-23.13144609,-43.52845615,-48.4
-22.32410283,-43.66659363,340.8
-22.81858264,-41.69310738,-55.5
-22.8359725,-42.76436443,78.9
-21.93442217,-43.5212681,602.8
-23.13847358,-44.31931656,83.3
-23.25962548,-43.40264403,-67.1
-22.37450132,-44.15853636,466.4
-23.07799459,-42.50093565,-75
-21.65102438,-43.60952192,906.1
-23.37718077,-44.63750596,-16.8
-21.52595824,-43.56504883,785.8
-22.93717547,-43.05015773,118.8
-22.66002597,-42.75897471,31.2
-21.91244191,-42.92503003,594.6
-22.9212717,-43.39198458,75.8
-21.78791755,-43.9769821,1089.4
-23.9996354,-44.19128543,-111.2
-22.16186013,-43.07993963,443
-22.72715765,-44.50094798,1067
-22.82265517,-43.64824318,13
-23.43730043,-43.06657884,-112
-22.77237756,-43.69692455,16.6
-23.18954348,-42.42055586,-105.4
-23.2605512,-44.02573629,-45.4
-23.04648265,-41.99983757,-50.9
-23.52256771,-41.88503596,-153.1
-23.66523956,-44.27159108,-77.5
-23.05404614,-42.23110021,-77.9
-23.49738645,-43.18991413,-117
-22.90326819,-41.68738071,-57.3
-23.72304548,-42.23505261,-503.7
-23.25478194,-44.09555943,-46.2
-23.17528538,-44.0452166,-31.8
-23.69454811,-42.32654757,-355.9
-22.54875111,-44.39969675,509
-21.85364132,-42.56280418,297.5
-23.38667975,-42.9094055,-107.7
-22.36870326,-43.6000109,522
-23.10003781,-44.72099436,228
-23.87973329,-42.61262106,-543.3
-22.56420887,-43.37474653,197.9
-23.1492449,-44.50420022,-27.4
-23.01358347,-41.70168197,-79.9
-23.13643542,-43.90115455,-31.2
-23.60936167,-42.7504092,-121.2
-23.74682804,-44.3002905,-87
-21.50180069,-43.08942738,466.1
-23.6994003,-44.39097332,-73.4
-23.37472635,-43.9797489,-57.5
-22.66066234,-44.43884364,519.8
-23.55922203,-43.05029871,-111.8
-21.71594716,-42.7020249,521.8
-21.97257376,-43.51123405,541.8
-22.82485581,-41.76704804,-39.5
-23.79923633,-42.97174609,-147.7
-23.26644241,-42.52985727,-112.5
-22.6562268,-42.97910476,4.3
-23.08754452,-42.00779273,-103.3
-23.06178157,-44.67408274,
-23.79011354,-42.78401779,-189.7
-23.41958545,-44.06410325,-50.2
-21.88562989,-43.28543637,671.6
-22.10667126,-43.0034679,436.9
-22.68572888,-42.41904659,36
-21.6720294,-43.8494026,1003.9
-22.96245761,-43.5453288,144.3
-23.03956496,-41.99664975,-29.5
-23.12378113,-41.71138178,-71.4
-22.0427516,-42.19705272,560.2
-23.63883757,-41.93458457,-197.7
-21.78749085,-42.51258346,264.7
-22.86256271,-41.6543509,-53.6
-23.33713844,-42.74664049,-99.8
-23.28949646,-43.27430842,-74.8
-22.76758035,-42.34482152,61
-22.53095944,-42.73652498,47
-22.55908975,-42.30082602,31.3
-23.01232985,-42.00143383,175
-23.53933132,-42.99123963,-113.7
-23.50594061,-44.01821159,-72.5
-23.65271222,-42.22540696,-267
-21.73904256,-43.05219735,584.7
-23.71827644,-42.79357677,-142.2
-23.28929545,-41.87812018,-122
-23.23609764,-42.44804014,-108
-23.75925962,-44.27081121,-88.7
-22.78428848,-42.38176045,40.1
-23.8547123,-43.48313215,-123.1
-22.21422564,-44.24928995,624.8
-23.64155643,-42.75696816,-123.3
-22.27163367,-42.25323496,1188.4
-22.0414616,-43.46267559,568.1
-21.8841032,-44.14084472,1136.3
-22.86190377,-44.68309431,1245.6
-23.21786794,-41.97768674,-120.2
-23.51042781,-43.87241343,-84.3
-22.90864371,-43.66035401,13
-23.33184828,-41.86406951,-129.1
-22.57011661,-43.52213952,865.7
-22.44814311,-42.37073781,153.6
-22.58387381,-42.62505088,503.2
-23.3451296,-42.37893222,-117.5
-22.73553108,-42.84570352,30.8
-22.25783545,-42.80009123,1078.6
-22.41629297,-42.63744076,410.3
-23.05387329,-42.96010313,-42
-23.37958937,-44.33785712,-49.2
-23.63201712,-42.94766892,-129.9
-22.65345926,-42.7067408,134.7
-22.27496923,-43.36409946,613.4
-23.77826389,-42.504698,-480.5
-23.40916509,-43.33760333,-95.7
-23.02756951,-44.02549908,-2.5
-23.32563633,-43.97489396,-56.7
-22.87813034,-44.76232929,1430.9
-22.64202925,-42.5642316,187.2
-23.87040953,-42.85088338,-321.5
-23.20268197,-44.0500635,-36.4
-22.87768736,-42.01977743,3.2
-23.97694143,-44.08757246,-116.3
-22.79751634,-43.53223568,371.7
-24.24688673,-43.6906948,-250.2
-22.74661862,-44.2581422,1342.9
-23.31858347,-44.52737799,-4.7
-21.86637172,-42.88745256,820.6
-24.16523254,-43.58156877,-182.7
-23.71972878,-42.15710879,-485
-22.92857983,-43.39261459,20
-23.80237041,-43.89628366,-117.3
-22.78252977,-42.24817398,49.1
-23.1345386,-42.7437677,-72.6
-23.9755214,-43.59070805,-122
-23.4669211,-44.25765621,-56.8
-23.99338523,-42.3267491,-878.7
-23.82797199,-43.29422678,-124.3
-23.98173343,-43.11955047,-269.5
-21.78119631,-43.92492602,1191.5
-22.72825481,-43.66772334,24.4
-22.99603768,-42.84585918,-26.1
-22.85912268,-43.1993214,
-23.92335698,-43.70660244,-132.2
-23.96236442,-42.69114506,-603.7
-22.30926163,-42.8353226,1060
-22.84765788,-44.37989456,1141.1
-23.77752933,-42.36899848,-540.7
-22.84389386,-44.50899239,1477.5
-23.95296434,-43.60320273,-125.1
-24.34853109,-43.32981086,-910.4
-22.62030547,-43.80849618,527.9
-23.43822707,-43.42727685,-97.2
-23.07166367,-43.17869158,-10.9
-22.40942035,-43.6711033,416.2
-21.96688864,-43.90917645,1327.3
-22.08980726,-42.54893864,800.3
-23.05365187,-42.58322206,-60.6
-22.0800167,-43.00949508,501
-23.39781912,-42.19693466,-124.8
-22.26015761,-44.31834808,622.1
-21.95237187,-42.98959292,490.6
-24.22975891,-43.00082197,-888.7
-21.61260674,-42.52025083,255.8
-23.38403276,-43.92894826,-59.6
-23.1498464,-41.79721258,-110.7
-23.04209766,-42.70219604,-47.6
-21.78513881,-42.91002723,694
-21.786445,-42.2114198,106.6
-22.8496113,-43.79720108,14.7
-23.09419014,-42.52423781,-79.8
-24.21055431,-42.72174544,-1105
-23.80043995,-42.91421394,-166.1
-22.74971644,-42.12462678,19
-23.31232268,-42.83416173,-101.7
-21.63139756,-43.38332306,769.4
-23.52599687,-43.02102703,-112
-22.3530446,-43.5893954,531.2
-22.4680102,-42.32085056,405.1
-23.35827506,-42.12072993,-135.2
-23.30677088,-41.88750623,-126.5
-22.08397099,-43.06838792,301.5
-22.70820552,-44.55764159,1440.5
-23.66919842,-44.14751022,-86
-23.81216684,-43.38064903,-139.3
-21.6471399,-43.6373766,830.6
-23.15900098,-43.56846809,-52.2
-23.61576162,-42.66288738,-132.3
-22.84761989,-42.82896344,67.7
-21.66039711,-42.57363382,300.7
-22.88726138,-42.02787669,9.9
-22.80039118,-41.66613932,-53.4
-22.13444868,-43.59465518,553
-23.0567108,-44.26276312,-7.2
-22.27800009,-42.13664062,654.9
-22.16590436,-43.42234733,535.2
-23.0166754,-44.7011317,860.5
-21.7324112,-42.30215426,88.9
-23.28963257,-44.57243909,731.3
-24.19599516,-43.19488514,-592.8
-22.59207267,-41.68155806,-49.1
-22.35148003,-43.11301385,827.8
-23.77010582,-42.59616222,-301.9
-23.26944962,-42.46141626,-110.6
-23.55450419,-43.08950521,-114.4
-23.05198859,-43.08192874,-35
-22.72075837,-43.23531407,5.5
-22.03682904,-43.27670874,451.7
-23.23570067,-42.63437406,-99.8
-22.28557333,-42.14080336,706.9
-24.18396524,-42.69890632,-1087.8
-23.98488124,-42.26759437,-923.4
-21.61298257,-43.34244395,739.1
-22.22727627,-44.28311183,951.1
-23.53934894,-43.1234207,-116.2
-23.92699839,-43.31704714,-149.2
-22.09984096,-43.55647063,434
-22.77195391,-42.84887824,30.7
-23.14692635,-42.90671516,-62.5
-23.17686828,-44.7040427,2.6
-23.36315437,-44.42272329,-40.7
-23.27770076,-42.88611436,-97
-22.57701998,-43.87616091,499.1
-22.54853515,-41.78051127,-36.8
-24.10274694,-43.92185701,-144.4
-23.13606659,-42.63953855,-80.6
-21.90009288,-43.92845818,962.8
-21.65968273,-43.66489404,745.8
-23.71206096,-44.41554949,-72.5
-22.74671685,-42.48888677,65
-23.66709859,-43.43992748,-117.3
-22.57817335,-42.11632847,5.1
-21.72674946,-42.55434568,341.7
-23.65489395,-42.96734684,-132.2
-22.44101847,-44.45692277,410.2
-22.71277917,-42.79867246,26.6
-22.17327123,-43.64121026,523.1
-22.06069804,-43.01085452,354.3
-23.23751605,-42.52280104,-109.9
-21.87213519,-42.17191711,112.7
-21.65826752,-42.94602594,818.6
-21.83424434,-44.18684039,1203.2
-22.71196827,-42.79507797,13.7
-23.53852034,-43.30161624,-119.7
-22.5676036,-42.24616859,9.4
-21.59905012,-42.71253738,407
-23.83333062,-42.97858935,-162.1
-21.9732634,-43.91905049,1291
-23.56333176,-43.75412626,-98.8
-23.95071169,-44.19426534,-120.9
-22.56740439,-44.26874217,459.6
-22.37080544,-43.33816438,787.1
-22.33324129,-43.08106642,1094.7
-23.23618855,-42.14058476,-116.6
-22.82033451,-43.47398732,346.5
-23.58213536,-42.30416469,-175.3
-21.64035599,-43.22610815,877.7
-22.52757622,-42.41899625,30.7
-23.22641365,-44.24124968,-20.3
-22.23326269,-43.89050559,867
-21.71305493,-43.38079474,731.9
-21.89869459,-42.8545646,521.5
-23.25000129,-42.32023109,-115.6
-23.26285674,-42.60737749,-102.5
-21.69882281,-43.15138325,755.6
-22.5750088,-43.88369114,585.6
-22.80041048,-43.40650505,30.8
-22.6660436,-43.09418208,23.3
-22.71891097,-42.3523819,20.9
-23.63171183,-42.13157006,-216.3
-23.9266248,-42.22513809,-832
-22.54172978,-44.2176851,500.4
-22.53621606,-41.91608796,0
-24.16370892,-42.91882483,-799.6
-23.88275975,-42.91273209,-215.4
-22.53100269,-42.55673722,256.6
-23.6858556,-43.38425449,-117.4
-22.29118353,-43.69782419,528.2
-22.16355592,-43.27755256,339.7
-23.3710176,-41.86504337,-130.2
-24.07888295,-43.99835506,-130.9
-23.03473841,-44.72388274,744.1
-23.87908719,-42.04991855,-779.8
-22.91329256,-43.77940467,7.4
-22.40811053,-41.82344374,2
-23.93016412,-42.20915453,-841.3
-22.5302842,-43.42641469,974.7
-24.26371406,-42.99593334,-998.9
-22.95993939,-42.02344352,1.4
-23.21248462,-41.93142482,-111.5
-22.73151421,-43.51359152,44.5
-24.24436139,-43.75034846,-224.2
-23.01056918,-41.64061615,-81.9
-23.12593549,-43.10055712,-53
-22.06757689,-43.17708191,317.2
-23.59228543,-41.85958471,-128.9
-23.52025653,-44.46441795,-56.8
-23.52218181,-42.92680196,-115
-21.48196731,-43.37063605,508.4
-22.94790958,-42.70533136,1
-23.68075337,-42.12611881,-358.1
-22.43420137,-41.77693472,-12.2
-24.06210868,-42.50453331,-926.7
-22.51465194,-43.6440856,525.8
-22.56119684,-41.68898398,-52.9
-23.06654661,-43.0416368,-42.7
-22.4584607,-44.5839874,604.3
-23.22601313,-44.21301564,-25.6
-23.87450222,-44.16407167,-114.5
-23.87076782,-43.77396151,-128.1
-22.34042971,-42.25490849,722.3
-23.5054065,-43.13744732,-117.2
-21.8639365,-44.06511087,1176.5
-23.0753451,-43.67376919,-10.2
-23.42674752,-43.56027019,-93.4
-21.55785719,-43.62661676,774.4
-23.15566659,-43.90978599,-36.1
-22.41966221,-44.32404927,414
-22.75420829,-42.83358653,24.6
-22.94587307,-42.96784366,17.7
-23.4754913,-44.34564643,-51
-22.6766169,-44.29878302,530.3
-22.94397056,-42.51448595,-0.2
-24.18314169,-43.28499752,-499.8
-22.08133843,-42.97414887,430.7
-23.68674805,-44.46181385,-71.1
-23.33543585,-43.69480529,-61.8
-22.64573045,-43.26788303,9.8
-22.40229818,-44.02774155,550.8
-22.18179562,-43.8381678,787.1
-22.77274532,-42.64523976,56.8
-22.74650732,-43.05976741,-0.1
-22.28443687,-42.07643376,445.9
-23.30728224,-43.69326377,-63.8
-22.87980365,-44.36457682,855.7
-22.43384856,-42.87794967,884.3
-23.31242565,-43.99480646,-53.9
-23.56461223,-44.25066289,-70
-22.10427673,-44.20802353,1330.3
-23.12433399,-42.71932243,-72.2
-22.69365989,-42.89121256,5.9
-24.31998994,-43.09337045,-970.7
-22.41970686,-43.48421685,755.8
-23.17633409,-44.59961729,-5.6
-21.92124227,-43.32869201,527.8
-22.76005108,-43.72104518,30.1
-22.0352736,-42.17279029,702.9
-21.90057819,-43.30100933,689.5
-23.63346022,-43.85915794,-94.7
-23.72981736,-42.55911229,-216.4
-23.19305605,-43.98340218,-38.7
-22.08379822,-42.4648634,922.1
-23.42835391,-42.30202568,-139.1
-23.12527104,-43.90478515,-30.2
-22.12869094,-44.1583029,773.9
-21.71962529,-43.78692896,834.1
-21.67664013,-43.06075387,388.7
-23.40586169,-43.80371189,-67.3
-22.9065886,-43.87566752,3.9
-24.24672849,-43.58883636,-308.5
-23.95873929,-44.13095567,-108.3
-23.59568546,-43.0873276,-118
-22.82072641,-44.6563403,1665.7
-23.63745976,-42.36134134,-165.6
-24.07935699,-42.43993951,-1011.2
-22.4815285,-42.07213341,28.4
-23.59993174,-44.3425585,-52.2
-23.57207756,-43.98801481,-83.1
-23.47848205,-43.7370649,-87.6
-22.53520678,-43.45070477,749.9
-22.76297838,-44.43058835,1419.7
-23.4107452,-42.40004752,-117.7
-22.52374074,-43.50406341,652.2
-23.04284851,-41.73808169,-80.2
-23.12714852,-42.45251933,-93.6
-23.66021016,-43.946501,-94.2
-22.5195631,-41.70575337,-37.2
-22.38710571,-43.71503966,365.4
-22.44823269,-44.04498833,452
-23.59001052,-42.77327263,-120.9
-21.89502421,-43.23082919,818.7
-22.52015848,-43.08844998,1384.5
-23.21099713,-44.32551216,
-23.27457612,-44.15398319,-45.5
-23.20507152,-44.35949629,
-23.12982186,-43.58313416,-39.2
-22.25874975,-42.32805513,833.7
-21.93377583,-43.91652848,931.3
-23.82446285,-43.14193372,-146.7
-23.84046847,-42.58226381,-536.5
-23.32993616,-42.38463986,-118.2
-22.06650653,-42.90996422,611.7
-22.9026954,-44.47999712,1120
-23.15403236,-43.43266178,-53.5
-22.5837772,-42.01755959,10.5
-22.1063392,-44.16612959,814.2
-22.60880125,-41.81272359,-38.6
-22.88687171,-44.64393205,1186
-23.7358105,-43.28497677,-122.1
-22.87228541,-44.28784112,132.3
-22.89276576,-42.35048332,11.6
-23.69206945,-42.19214464,-399.6
-21.67285851,-43.81739761,867.2
-23.7845567,-43.14139347,-128.8
-21.90794277,-42.57633796,266.8
-21.58299588,-43.52270572,719.5
-23.33820182,-41.98390718,-128.6
-21.59786504,-42.53784564,314.1
-22.39729575,-42.04275312,101.4
-21.7122382,-42.51137614,342
-22.82728961,-43.47306298,100.1
-22.33483078,-41.80347441,5.4
-22.09738572,-43.33790705,484.9
-22.06091455,-44.3099602,1202.6
-21.83777464,-43.46602124,698.2
-23.62482089,-43.98105293,-88.4
-22.60309829,-43.82530878,429.1
-22.42389296,-44.38406108,390
-23.11274432,-42.60375598,-71.9
-24.2278552,-43.08872525,-778.4
-22.60707177,-43.91141455,464.8
-23.13394817,-43.29708198,-53
-22.93837936,-41.75685479,-52.3
-22.33711858,-42.26833302,1283.5
-23.37450724,-43.41771997,-90.6
-24.10427441,-44.0100221,-135.7
-22.01396087,-42.70298125,625.4
-24.08507711,-43.7904306,-141.1
-22.17735099,-43.58298686,529.5
-22.50588787,-41.87298839,-7
-21.59157864,-42.8419363,298.5
-21.61313736,-42.78482259,335.9
-23.50199954,-43.7038672,-95.5
-23.09185595,-42.97034417,-53.7
-23.72813899,-43.51400229,-110.8
-22.21610117,-42.75035437,939.9
-23.72377042,-43.50292688,-111.9
-23.75388955,-44.45976242,-67.7
-22.68007375,-41.84415048,-39.2
-23.83575242,-43.40464069,-146.1
-23.95967978,-43.39376727,-138.7
-21.98408804,-44.14625894,1199.8
-23.77162649,-43.68352608,-118.1
-23.30191447,-42.76402491,-97.2
-22.14283993,-42.91625598,698.9
-21.69521493,-42.64385575,332.3
-22.96314947,-44.36180681,
-22.47339854,-42.09980013,135
-22.68221347,-43.18704525,14.1
-23.97279254,-43.976819,-115.9
-22.36095536,-42.2169972,242.3
-22.15135555,-43.24669047,425
-23.94799675,-42.79599719,-543
-22.13590068,-43.01491354,633.3
-21.98258283,-43.62799124,848.4
-22.5864869,-43.97826755,458.8
-22.34585683,-44.49048955,762.7
-23.86593634,-42.7593326,-428.9
-21.82364794,-42.71033699,394.7
-23.7176217,-42.27002757,-471.2
-23.38999044,-43.51031082,-86.4
-22.02558181,-43.67381079,734.2
-23.98424474,-44.18979466,-112.8
-23.35679678,-44.0508378,-54.5
-23.41417299,-41.77238765,-135.8
-23.52002262,-42.76902267,-108.1
-23.85133615,-43.99927763,-113.8
-23.31891003,-42.31790472,-124.8
-22.4445582,-44.20850987,455.4
-21.59129991,-43.8438143,854.8
-22.10765544,-43.61800014,475.2
-21.85327203,-42.1379464,110
-23.31949098,-44.25594725,-44.6
-22.42266892,-42.29381165,435.2
-23.0419318,-41.68963611,-82.9
-22.37347784,-42.40913889,887.2
-23.88822414,-42.35235105,-686.8
-21.93553049,-42.58825861,404.7
-22.32471369,-43.45606553,486.6
-23.80588423,-42.41044299,-563.3
-22.63500331,-43.19774388,10.3
-22.11159549,-43.00561224,402.1
-22.4940752,-43.73866705,546.4
-23.58723892,-42.65699068,-133
-23.72809403,-42.77030829,-156.5
-21.72095301,-42.92480248,557.7
-23.83914622,-42.63375864,-488
-22.78444425,-44.33009854,1352.2
-21.48198478,-43.30347597,465.8
-24.06725143,-42.87781131,-628.9
-23.25561074,-42.82689099,-92.8
-23.21731776,-42.17116088,-115.7
-23.39896244,-44.22022562,-47.9
-21.82824144,-43.10590126,570.5
-23.58626426,-42.53236206,-130.9
-23.63018021,-44.10195137,-84.3
-23.61763744,-43.13407443,-113.2
-22.32946558,-42.42347406,1297.3
-21.98187485,-42.16182586,404.7
-23.37739606,-43.77777105,-67.2
-23.72349625,-42.55135802,-210.8
-21.49922785,-43.00343377,405.6
-21.51563604,-42.80583765,357.2
-22.85757175,-44.68509564,1327.3
-21.59902756,-43.46842261,719.8
-23.57031804,-43.09313832,-119.9
-24.02881235,-43.95918676,-129.9
-22.65766142,-42.72001313,58.8
-23.16109915,-44.31800683,369.7
-21.69885847,-42.8957716,571.9
-24.11934115,-43.81545926,-149.1
-23.90101031,-42.05820521,-839.5
-23.04416186,-42.77804052,-48.8
-21.57939176,-43.77787875,882.1
-21.8249128,-42.8373306,692.2
-22.90882043,-43.69749297,6.4
-23.79415447,-42.88706597,-168.7
-22.024492,-43.64943049,814.4
-22.95090525,-44.64113734,640.3
-22.40850474,-42.42822096,883.6
-23.25238637,-42.77939316,-84.8
-22.35386456,-43.74511222,836.8
-22.05921132,-42.32954232,365
-22.99005203,-43.42470443,44.9
-21.50502764,-42.93677738,366
-22.54681159,-43.61714202,447
-22.96100734,-44.59738514,199.7
-22.20057769,-43.37193723,347.9
-21.7323002,-43.04118178,589.3
-23.80536772,-43.7855685,-107
-22.06953835,-41.93852081,139.2
-23.84154728,-43.12435459,-145.8
-23.77550685,-43.67300647,-119.8
-23.26745297,-43.78237495,-55
-22.57544532,-43.48809126,916
-22.75046463,-44.22664116,1376.3
-21.57100592,-43.23721123,512.5
-22.29062937,-41.94375038,12.9
-22.68450602,-44.34979002,587.7
-23.0037869,-42.64248335,-39.1
-23.4793755,-43.17450628,-112.7
-22.59609044,-43.69695448,74.5
-21.94664727,-44.35577332,1009.4
-22.6863759,-44.02080666,428.1
-23.02886854,-42.13913515,-69
-24.26802134,-43.69699155,-297.3
-23.3159394,-44.42574071,-32.6
-24.01143826,-42.39326698,-884
-22.40091613,-42.86074991,994.4
-21.9688193,-42.07177705,447.8
-22.9718691,-43.49304539,23.4
-23.49086137,-43.79073174,-86.4
-22.16188256,-42.44476768,617.1
-23.07257207,-42.08711748,-95.6
-21.50339622,-43.33681834,463.6
-23.8682103,-42.30873768,-683.6
-23.88084857,-43.93752522,-121
-22.24472266,-44.35640757,959
-22.711409,-42.27725654,34.2
-21.79857872,-43.65111229,812.9
-24.13913776,-43.22032696,-485.5
-23.50998406,-44.23938862,-71.2
-21.90177519,-43.16352446,505.5
-24.28996735,-43.09217595,-895.3
-24.0230876,-43.765426,-129.2
-23.07582241,-43.70939239,-4
-23.76961492,-44.3316592,-87.6
-23.63910959,-43.69947104,-112
-22.40945612,-44.36188357,416.4
-22.58557475,-42.73916313,17.8
-22.93553566,-41.79688102,-47.6
-21.94160314,-42.93134931,362.7
-23.46072646,-43.52738184,-105.7
-21.61500793,-43.11643261,426.2
-22.83611848,-41.9500424,-3.3
-23.13441759,-43.51436951,-50
-22.14853226,-43.60851572,555.3
-23.53738581,-44.5830343,-44.1
-23.46600468,-41.82773088,-146.2
-22.6993024,-43.45842906,50.7
-22.78523443,-42.87439037,32.4
-23.32921605,-43.42066954,-75.4
-22.8012043,-44.70161703,1481.7
-22.59209101,-42.75984373,15.5
-23.65085973,-43.28134569,-114.7
-22.82738842,-41.88249459,-16.7
-22.94986877,-43.91691007,
-22.36403275,-44.11897562,486.8
-24.17187888,-42.97182395,-752.9
-23.65789317,-42.11929652,-277.7
-24.14218742,-43.85275393,-150.1
-22.48678982,-42.05289823,9.2
-23.86626766,-43.82308673,-113.8
-22.80722448,-42.17857246,45.9
-22.02539633,-42.92557416,467.9
-24.06576118,-43.94526498,-139.6
-22.56684187,-44.016936,387.9
-22.939372,-44.0164182,124
-21.59953633,-43.45676569,747.1
-22.04810727,-43.13168599,290.3
-22.02754994,-43.7077103,707.7
-23.27945444,-41.8981583,-119.6
-22.97691066,-42.78775449,-4.8
-23.93524842,-44.06142023,-116.3
-21.87586275,-43.44102234,528.7
-22.82518581,-43.95685903,455.9
-22.15950222,-42.05551557,1281.2
-21.73000518,-42.82025593,691.3
-22.12114426,-43.13890153,301.1
-22.81101931,-41.72428839,-47.6
-22.58090553,-44.47429372,547.9
-23.98357194,-43.65605339,-129.3
-23.60587001,-43.83948255,-93.2
-22.12804714,-43.37794382,448.7
-21.96272148,-44.04500832,1008
-22.96216578,-43.08148284,-0.1
-22.02328439,-43.53847847,693.3
-21.65899957,-42.79142564,593.4
-24.14157102,-42.59943007,-1061.3
-23.61020407,-44.20755022,-72.7
-22.94746913,-44.76374655,1150.2
-22.51998046,-42.16356493,62.4
-23.38915105,-42.38843182,-114.4
-23.52848604,-42.00327139,-153.7
-21.9130066,-42.59793427,365.5
-23.92317627,-43.87927546,-136.6
-22.57632505,-42.737976,52
-21.69425374,-43.74646603,803.8
-21.79222138,-42.64938642,298
-23.30821792,-42.06869586,-124.9
-23.4367848,-43.27732019,-105.3
-22.04984633,-44.335635,1172
-22.69500044,-43.59886254,22.6
-22.74113366,-42.55248211,67.5
-23.23846912,-41.91197883,-119.1
-23.28102783,-42.78100288,-96.1
-24.15525203,-42.70790828,-1018.3
-22.20980379,-43.89092874,855.6
-23.41325978,-44.15816776,-57.7
-22.76150384,-44.03907346,808.2
-23.49551366,-43.35566117,-112.6
-23.95418701,-43.05434031,-332.1
-23.40589716,-44.25599969,-40.8
-23.5629561,-42.79488642,-121.6
-23.11433896,-44.49698596,-25.1
-22.96501146,-43.67167542,4.4
-21.83568859,-42.51622502,188.5
-23.17194485,-42.16194424,-111.4
-22.82842771,-41.73958927,-46.6
-23.88336581,-44.17667711,-116.5
-23.44687551,-43.41623025,-94.2
-23.38053515,-43.57063857,-81.4
-22.97792933,-44.53395567,164.6
-23.73538018,-43.00452602,-129.4
-21.64703409,-43.91551462,1185.3
-23.85012541,-43.45944063,-134.7
-21.7651616,-42.4592835,172.9
-22.64657981,-42.09743854,22.1
-23.18040443,-42.40290868,-103.3
-24.20588729,-43.24215596,-609.4
-23.79826394,-44.14003181,-102
-23.46719605,-43.55058126,-104.6
-22.988358,-42.07798999,-30.7
-22.8447524,-44.63033611,1202.4
-23.7415788,-42.64715028,-189.1
-23.1686329,-42.28602442,-105.5
-22.12762924,-44.29433834,1350
-23.59421068,-41.88214807,-133.6
-23.1982392,-43.50391477,-52.4
-21.59556068,-43.20333662,736.7
-22.8150104,-43.74247645,8.4
-23.28973348,-43.65968165,-61.2
-22.0681767,-43.96756063,973.2
-22.78877315,-43.03142302,7.4
-21.54069612,-43.59252956,863.1
-22.29781704,-42.03065385,155.3
-22.35124398,-44.47565102,594.1
-22.70664197,-43.18643052,7
-22.04471627,-43.01952293,246.7
-21.75281516,-42.76823889,451.9
-22.99452781,-42.87867362,-12.2
-23.10578011,-43.52081631,-38.5
-23.08738193,-42.12526553,-95.5
-23.01976055,-44.71372333,1062.6
-22.18159973,-43.1964989,323.9
-22.6942042,-43.17395762,37.5
-21.99136689,-42.51971691,873.6
-23.31293771,-44.40574207,-34.7
-23.04804828,-44.2643011,-4.9
-22.83688455,-42.34118812,30.5
-23.21874858,-43.21403262,-59.6
-23.48715059,-43.86059268,-82.9
-24.0433989,-43.98892796,-141.9
-23.115015,-43.37478845,-45.9
-22.99610621,-44.06044463,
-22.34088222,-43.94374007,623.8
-22.01329517,-42.34726291,623.7
-23.31174529,-43.23515931,-87.5
-21.67176606,-43.02785566,621.8
-21.81881036,-44.19713085,1206.4
-22.99728604,-42.22257606,-57.5
-23.2013626,-42.3881125,-106.3
-21.54461987,-43.37442098,680.4
-23.08796591,-43.48299189,-27.7
-22.68611759,-44.65275012,925.4
-22.16391906,-42.33835826,805.2
-22.73285847,-41.93691828,0
-23.80877312,-42.43439034,-563.2
-24.32405483,-43.48139855,-697
-23.88473226,-42.12648972,-800.4
-22.89609155,-42.95059017,191.5
-23.49418834,-43.86888869,-83
-22.72984059,-42.62372787,104.4
-23.45838337,-42.02056338,-134
-23.68207111,-42.81341052,-121.7
-21.94689869,-43.58539887,917.9
-22.83987657,-43.57524519,166.9
-23.13516829,-44.68789639,
-23.07334973,-42.16869639,-93.4
-22.20434166,-43.57069059,697.1
-24.28309697,-43.45000869,-653.8
-22.30934266,-44.31681964,646.7
-22.69232436,-42.56551731,45.3
-23.61668786,-42.58026859,-139.4
-23.70908128,-42.76529195,-142.8
-23.78427638,-42.52302646,-476.3
-21.9885253,-43.06590337,455.2
-22.29284855,-43.9000354,582.5
-24.18184839,-43.1275509,-641.9
-21.95348947,-44.04387968,967.2
-21.9768461,-42.10417098,306.9
-23.73325216,-42.31936318,-488.5
-21.5520033,-42.83167798,345.6
-22.29537293,-42.59278957,1021.5
-22.92275447,-42.14567949,4.1
-23.99917333,-42.27654479,-942.9
-23.31662235,-41.79223257,-126.9
-23.77000937,-43.66128112,-118.6
-21.85297008,-43.89006645,842.3
-22.80613103,-44.23963783,989.5
-23.1272623,-41.94411949,-108.4
-22.66799163,-42.2922003,48.4
-23.77651519,-42.76822172,-186.2
-23.93940169,-43.50765387,-130.4
-22.00719058,-43.98007954,1251.9
-23.7578994,-42.24369996,-546.1
-23.14977108,-44.34035308,
-21.99728815,-43.09278643,616.5
-23.86971922,-43.92450372,-124.6
-22.07928681,-43.57980234,454.4
-24.01947663,-42.56513525,-797.4
-21.96604557,-43.73384879,769
-23.65496164,-43.77037036,-105.6
-22.30340899,-43.08062085,1302.4
-23.62809741,-44.03196692,-89.3
-22.33519006,-44.35042774,613.8
-23.74699363,-42.20233042,-537.6
-23.18906421,-42.08169117,-111.2
-22.30266309,-44.4352539,1339.8
-22.51313239,-44.4249382,516.9
-24.00592684,-42.3925358,-859.9
-23.30724986,-43.31466118,-71.9
-22.6790574,-44.7155949,733.4
-22.95274243,-43.34919725,28
-24.09977754,-42.84378607,-714
-21.92278072,-44.32760042,1122.9
-21.87560735,-43.83719503,795.1
-22.85474113,-42.3108086,10.9
-22.71382843,-44.33758041,506.9
-22.53745171,-42.20418402,5
-23.52558384,-41.82648362,-143.8
-22.99760145,-43.7882882,-5.9
-23.09806513,-42.91252182,-58.8
-22.18088709,-42.93227606,695.7
-21.67698249,-43.7492782,812
-23.65096453,-44.4779552,-64.6
-22.80407019,-44.45735956,1166.6
-22.76835176,-44.5978582,1405.6
-21.47866842,-43.02101474,370.6
-23.20768517,-43.48421927,-57.6
-22.44186337,-43.96481854,495
-22.05839595,-44.01037409,950.5
-22.5438903,-44.11756888,459.8
-23.86343582,-42.23462277,-694
-23.14336488,-42.04679031,-113
-24.32019028,-42.85513732,-1221.9
-23.84651818,-42.03530096,-709.3
-22.17388383,-43.74231791,528.6
-23.80355834,-42.49310122,-531.7
-22.36723516,-43.09840494,879.8
-23.81444499,-44.14140815,-103.9
-21.65316648,-43.88504172,1142.8
-22.27808456,-42.39692838,949.8
-22.48646109,-43.1211581,1123.9
-22.68303968,-42.97792043,3.1
-22.41710355,-43.82304944,531.5
-22.60253785,-43.28441052,50.6
-24.11729093,-44.03038529,-134.7
-23.73344029,-43.04692033,-128.2
-22.01522657,-42.76113721,455.2
-22.48494977,-44.43793546,429.3
-23.52677972,-44.27953281,-70.1
-23.44721164,-43.87200063,-74.4
-22.64965608,-43.66857882,34.1
-22.30798345,-44.53419853,1067
-23.44176978,-42.7310802,-117.5
-22.65202404,-42.29257627,30.8
-22.4418266,-42.93651113,1044.5
-22.09482575,-42.9136509,529.8
-21.95459416,-43.61382722,727.8
-22.15134964,-44.01718441,441.2
-22.11055,-44.32922039,1166.9
-24.12956168,-43.12815466,-551.2
-22.37252861,-41.7657222,
-23.10988772,-44.64578808,-5.3
-22.40579718,-43.37887319,624.9
-23.89358857,-42.08800659,-826.5
-23.49927283,-42.44484503,-128.6
-23.29017356,-44.22071023,-45
-23.26904099,-41.69191926,-122.4
-23.93302159,-43.88679777,-135.4
-22.35619327,-44.47965367,548.1
-23.41491975,-42.43433648,-110.7
-22.41365935,-43.65870297,506.6
-22.95366734,-44.63425292,730.8
-21.70390832,-43.98171861,1093.3
-22.69980752,-42.63331126,215
-23.21958821,-42.69233509,-97
-23.63162941,-42.28328459,-218.7
-22.91592386,-41.6822388,-59.8
-22.86792793,-42.53232396,13
-23.45675665,-42.9892362,-112.3
-21.67672395,-43.0990501,397.6
-22.00038397,-44.30821203,1162.3
-23.01361464,-44.32987021,22.3
-21.80877095,-42.20653924,263.3
-22.57220173,-41.81363062,-35
-22.36319691,-44.60147998,1714.8
-21.71829232,-43.61766113,772.7
-23.11793823,-43.12661448,-54.1
-24.02948122,-43.43999211,-142.4
-24.06006252,-43.30324433,-205.4
-21.74625264,-43.10123016,598.7
-23.82737104,-43.19822537,-146.9
-22.27467283,-44.29155305,664.5
-21.88961102,-44.25681255,1049.3
-23.6028444,-42.50097604,-130.5
-23.31407417,-43.24945744,-87.6
-22.88991204,-42.11413214,2
-23.0057551,-42.15576594,-54.3
-23.41915086,-43.1036684,-114.1
-23.12318702,-42.91101456,-62.6
-24.00723527,-43.17472886,-253.7
-22.13840839,-44.03461678,459.9
-22.35511834,-42.0322582,22
-23.00955773,-44.55038379,2.9
-22.58251683,-41.94302995,-10.4
-22.34945727,-43.35257208,676.1
-22.80936891,-42.35069592,36.3
-22.37364651,-42.27033726,475.1
-23.71311237,-42.34594802,-414.9
-23.68554386,-43.20171538,-121.9
-22.27493659,-43.2824617,717.8
-24.33862671,-43.18429466,-1006.7
-23.27688454,-43.33406144,-79
-23.04636176,-42.5769067,-60
-22.19910304,-43.20498905,463
-21.74583761,-44.06583612,1080.4
-22.85804662,-44.33122132,522.7
-23.77769617,-42.77286826,-185.7
-21.51460988,-43.27010092,526.5
-22.11453264,-43.49828246,490.4
-23.78430797,-43.50051333,-115.5
-23.45836705,-44.51801895,-47.5
-22.59013444,-44.50234906,522.4
-23.42743861,-44.23159319,-51
-22.14620607,-43.64706632,460.4
-23.68893909,-42.43595583,-211.4
-22.53058242,-43.45115463,910.6
-22.47576385,-42.49410609,272.1
-23.4544341,-44.05323762,-59.3
-23.02776329,-42.6918951,-48.3
-22.02164338,-43.1789226,335.5
-22.66795348,-43.31306879,8.7
-23.61112725,-43.48818408,-112.5
-22.88005177,-42.73450176,284.7
-22.65047285,-42.89752099,4.1
-23.15754962,-43.16792069,-55.9
-23.12886688,-41.82657743,-98.8
-22.63491033,-42.23988673,19.9
-23.0512646,-43.20078702,
-23.99017898,-42.71899545,-611.5
-23.37207753,-43.30306564,-94.4
-23.92406189,-43.86835593,-135
-23.05889526,-42.70268976,-56.6
-23.25139007,-42.35852689,-110.8
-22.45003807,-44.18463982,539.1
-22.26304957,-43.00678536,1029.1
-22.9222707,-44.69634135,1248.8
-22.78285427,-44.47593622,1409.5
-22.74124268,-44.28127976,910.4
-22.23777208,-44.41626722,1345.9
-22.21083122,-43.06678334,615.8
-22.66610194,-43.40829932,9.2
-22.15952122,-43.8645306,700.9
-23.49892456,-43.89457164,-81.9
-22.20641999,-42.00590118,61.7
-22.59170717,-44.17308555,458.1
-22.72711806,-44.58984299,1597
-22.84369837,-44.72766721,1525.1
-22.59001607,-41.70082209,-49.5
-24.24065563,-42.93130911,-1021.3
-23.75310951,-43.55298913,-116.2
-21.99031187,-42.83380655,626.4
-23.39296067,-43.4182758,-95.2
-21.91890443,-44.03204658,919
-22.80758328,-43.83939358,511.6
-23.66022194,-42.35280362,-216.8
-22.82276398,-43.14740184,-3.6
-23.32283694,-43.84612803,-53.8
-21.99280306,-42.09632133,302.8
-23.19106927,-43.31770768,-55.8
-23.33108095,-43.10461579,-102.1
-22.42362851,-42.74360182,115
-22.7562029,-44.42147232,1394.7
-23.50111525,-42.36067352,-124.5
-21.69158104,-43.98717536,1104.2
-22.60534791,-43.00861068,30.4
-23.93223616,-43.50578324,-130.8
-23.87459991,-43.45303328,-130.5
-22.83217541,-42.02781855,22
-22.99157937,-41.96042636,-1.9
-23.43415102,-44.55526494,-45.3
-21.58083688,-43.78354402,823.7
-23.77313719,-43.70418117,-114.4
-21.63518717,-42.82360608,293.7
-21.94270484,-43.64041985,667.3
-23.95917512,-43.25084107,-163.4
-22.39539212,-42.32564624,691.6
-23.83730408,-43.76268126,-118.3
-22.7654684,-43.01530467,9.7
-21.77524727,-43.57140026,800.7
-22.32114689,-41.87030557,45.6
-22.42230622,-42.8355561,521.5
-23.03214416,-43.09140121,-33.8