-22.92471089,-43.22722478
-22.90592216,-43.21162521
-22.93035693,-43.16253794
-22.85663538,-43.22213688
-22.95119636,-43.16408646
-22.90974388,-43.13395793
-22.91325381,-43.23207355
-22.96454303,-43.24114007
-22.84263401,-43.18408768
-22.87303604,-43.16297535
-22.93709563,-43.26693762
-22.89731903,-43.24658067
-22.90188966,-43.15239681
-22.91330366,-43.24865331
-22.9058765,-43.19501885
-22.85102736,-43.23464606
-22.87128042,-43.14223159
-22.85052547,-43.15729124
-22.97104878,-43.19801855
-22.84158014,-43.18928677
-22.85187336,-43.15018856
-22.87103974,-43.25074892
-22.87827791,-43.17187639
-22.8590002,-43.20728747
-22.84904803,-43.1868885
-22.88302468,-43.21662666
-22.89115577,-43.24358394
-22.94084944,-43.18258381
-22.96965224,-43.17215309
-22.88103652,-43.14391425
-22.86331633,-43.17214728
-22.9112108,-43.21678097
-22.96952776,-43.23256339
-22.92822888,-43.18386993
-22.84538564,-43.20687391
-22.90995266,-43.25809501
-22.86152176,-43.2431163
-22.9423085,-43.1410426
-22.9067716,-43.24817252
-22.90131824,-43.13917247
-22.91769625,-43.24024959
-22.95968412,-43.20900747
-22.85584196,-43.24787147
-22.92151922,-43.16482671
-22.94059852,-43.18939054
-22.95687606,-43.14294731
-22.87066635,-43.19790066
-22.91017395,-43.15836467
-22.9052124,-43.14800557
-22.94227476,-43.16432524
-22.88978104,-43.20546751
-22.97215335,-43.17299719
-22.85216377,-43.16553902
-22.85649187,-43.17497086
-22.9140517,-43.25390608
-22.92119334,-43.27123411
-22.96007029,-43.217501
-22.8884316,-43.12544249
-22.90682717,-43.26027433
-22.96613209,-43.17711143
-22.87369296,-43.22887509
-22.97475784,-43.21362623
-22.84474112,-43.23321561
-22.9373395,-43.23515669
-22.92359004,-43.222123
-22.91671952,-43.19707174
-22.87123733,-43.23933071
-22.91705008,-43.21897304
-22.9335021,-43.12692652
-22.86035929,-43.16353465
-22.86962745,-43.15389328
-22.90812403,-43.12536565
-22.94175613,-43.20795369
-22.86674071,-43.23099036
-22.88479118,-43.26131772
-22.95221062,-43.14483233
-22.88595646,-43.17715393
-22.90650842,-43.21417983
-22.96699278,-43.17017499
-22.9292795,-43.17917374
-22.91375704,-43.15671441
-22.9016691,-43.14691879
-22.88751511,-43.15940652
-22.9301986,-43.18468248
-22.92539779,-43.20549518
-22.87231087,-43.23627725
-22.95575288,-43.19063538
-22.89100158,-43.13369952
-22.92326352,-43.17264938
-22.91940474,-43.15982512
-22.97863033,-43.18817472
-22.88931628,-43.18087602
-22.8776427,-43.14750964
-22.91325522,-43.16388602
-22.94324456,-43.13349014
-22.91387784,-43.25426081
-22.87433817,-43.16807925
-22.85369141,-43.23147467
-22.89604895,-43.25563835
-22.96996505,-43.20474495
-22.95521738,-43.25412019
-22.91247117,-43.15575906
-22.9280308,-43.17068685
-22.94770724,-43.19496495
-22.93380797,-43.27009882
-22.93443488,-43.26844794
-22.85415212,-43.22217295
-22.90787373,-43.2158947
-22.90915806,-43.12399337
-22.88194667,-43.19683717
-22.93205014,-43.23103305
-22.91631726,-43.2531347
-22.9044965,-43.1566392
-22.84479379,-43.19488706
-22.88512307,-43.14721607
-22.93723853,-43.14030848
-22.85278376,-43.14942137
-22.84623138,-43.19633205
-22.87402653,-43.18031356
-22.90571406,-43.1499463
-22.92835171,-43.26193894
-22.91582716,-43.25404469
-22.96837159,-43.21307208
-22.88282871,-43.13669391
-22.88514818,-43.21509146
-22.91974635,-43.20453939
-22.9100314,-43.17550319
-22.92088716,-43.22584425
-22.85304642,-43.22121846
-22.95737343,-43.14832585
-22.97837001,-43.1800813
-22.96924519,-43.19512128
-22.90489307,-43.25475047
-22.90479526,-43.15289468
-22.84750366,-43.1741473
-22.91922176,-43.1876732
-22.95353606,-43.20957342
-22.90816754,-43.1954059
-22.8842911,-43.27038628
-22.9063319,-43.25970269
-22.86590774,-43.20449549
-22.91519039,-43.18885085
-22.8804272,-43.16072112
-22.87696971,-43.12872118
-22.95956517,-43.18298675
-22.86940576,-43.24159887
-22.88994903,-43.23121922
-22.91774071,-43.23912062
-22.91521092,-43.27080253
-22.90646463,-43.22902594
-22.93416346,-43.24330174
-22.95506192,-43.15523866
-22.89948252,-43.25232531
-22.93579016,-43.19102138
-22.94360286,-43.22423818
-22.932265,-43.17977165
-22.91181148,-43.2570005
-22.89373137,-43.14413064
-22.95591848,-43.1590972
-22.86069194,-43.17725723
-22.94379216,-43.20259546
-22.91093659,-43.17737484
-22.89008692,-43.2688137
-22.87734408,-43.17463837
-22.90175641,-43.15244854
-22.93141726,-43.13752073
-22.96551081,-43.23851308
-22.90463778,-43.17867418
-22.86629917,-43.23380994
-22.93343478,-43.17532637
-22.95889463,-43.19990081
-22.97330744,-43.19706224
-22.87154289,-43.25943076
-22.96816141,-43.16846956
-22.92697702,-43.20995994
-22.90146939,-43.22599106
-22.943701,-43.15917663
-22.88635068,-43.2142099
-22.84191438,-43.19135019
-22.88808248,-43.26488287
-22.89520207,-43.14322281
-22.92814351,-43.19657992
-22.94944128,-43.19458723
-22.95915396,-43.22187234
-22.88053477,-43.13514229
-22.94192045,-43.13412815
-22.94327639,-43.1800984
-22.97792447,-43.18949051
-22.95809962,-43.14301324
-22.90052766,-43.1632697
-22.89171187,-43.15769421
-22.883072,-43.24100463
-22.89462019,-43.25982678
-22.9781548,-43.21241071
-22.91201847,-43.24933567
-22.89550616,-43.26871257
-22.90346726,-43.1200887
-22.87025618,-43.22361192
-22.8451855,-43.17041837
-22.84304464,-43.1820413
-22.96486985,-43.18617664
-22.86243575,-43.25083134
-22.90212558,-43.18510023
-22.9095567,-43.15010709
-22.92576826,-43.17883217
-22.85922877,-43.23777324
-22.8721863,-43.19682414
-22.92666062,-43.13201227
-22.95601425,-43.16068077
-22.92418258,-43.12748943
-22.89277048,-43.13971483
-22.95973779,-43.20530202
-22.9345682,-43.14499356
-22.85084784,-43.23138766
-22.89328274,-43.27233801
-22.93944442,-43.2454539
-22.89436634,-43.1660062
-22.9133204,-43.12439392
-22.84803312,-43.22372874
-22.87919012,-43.24986171
-22.91096656,-43.20952043
-22.84602805,-43.18555851
-22.91009135,-43.23398109
-22.91948229,-43.16606748
-22.87484757,-43.25518535
-22.9298393,-43.25063229
-22.96457002,-43.231608
-22.86781465,-43.18582571
-22.83900444,-43.18568071
-22.85967175,-43.20299009
-22.88832127,-43.14152993
-22.89517158,-43.23731062
-22.88265245,-43.15761529
-22.88665575,-43.25598552
-22.83841664,-43.18445655
-22.85963587,-43.14791986
-22.91899693,-43.24268991
-22.91145244,-43.17633508
-22.83968458,-43.18063598
-22.91640595,-43.21715591
-22.91126313,-43.2126358
-22.93345194,-43.15381634
-22.89005182,-43.22382206
-22.88725457,-43.24262593
-22.88963566,-43.1570307
-22.85488806,-43.18590044
-22.89670216,-43.2705852
-22.86443592,-43.18202946
-22.86345798,-43.188093
-22.90762966,-43.27527148
-22.87323796,-43.19951586
-22.92527476,-43.12877068
-22.86784879,-43.16126424
-22.93208088,-43.19280482
-22.94452505,-43.23329324
-22.92680738,-43.23529979
-22.88179597,-43.13427417
-22.94841325,-43.24054621
-22.87996295,-43.15429596
-22.96701828,-43.21968829
-22.94847043,-43.17790038
-22.9170071,-43.21771623
-22.91744604,-43.15077129
-22.88969889,-43.26788819
-22.91038425,-43.12213643
-22.876246,-43.13161432
-22.89910847,-43.2278626
-22.89037247,-43.27290303
-22.87717448,-43.14023514
-22.93219254,-43.16608938
-22.88159389,-43.23530297
-22.89395773,-43.15149231
-22.89373893,-43.24617962
-22.83874972,-43.20419675
-22.86064809,-43.20848045
-22.9196824,-43.12488522
-22.91562746,-43.19873894
-22.8841514,-43.20982911
-22.93453774,-43.18547585
-22.9555245,-43.24296013
-22.9076358,-43.12500296
-22.89317281,-43.19968523
-22.95306369,-43.14032502
-22.95281839,-43.15040498
-22.85687508,-43.14884496
-22.90820287,-43.18526683
-22.91745864,-43.15337278
-22.89469027,-43.21933002
-22.85402339,-43.24615932
-22.91479879,-43.25898608
-22.87658094,-43.17984239
-22.96428135,-43.15745054
-22.89429033,-43.26673285
-22.89771774,-43.15820373
-22.95291077,-43.25729711
-22.94719462,-43.1922058
-22.86754941,-43.2350133
-22.97748911,-43.17822552
-22.87212595,-43.13541011
-22.90288599,-43.17493987
-22.95589329,-43.24311776
-22.95592041,-43.1557081
-22.96411913,-43.20800078
-22.90695576,-43.19175278
-22.90470368,-43.2422171
-22.87431955,-43.1910023
-22.96242347,-43.21658013
-22.94098821,-43.20806687
-22.96194561,-43.18923688
-22.9036243,-43.14655635
-22.85835029,-43.21880135
-22.94728211,-43.23714763
-22.85860561,-43.23893797
-22.94297602,-43.19714354
-22.89477373,-43.1389454
-22.94956677,-43.19866702
-22.9460514,-43.16155579
-22.92444939,-43.16358081
-22.95644768,-43.24392065
-22.85461812,-43.15765017
-22.85252577,-43.20503007
-22.90731628,-43.16859914
-22.93910563,-43.14968371
-22.96065618,-43.14629072
-22.93711545,-43.14573006
-22.93668601,-43.21707204
-22.95582368,-43.2436394
-22.93091081,-43.18677623
-22.91411446,-43.17492915
-22.97046668,-43.20468763
-22.90107361,-43.12164947
-22.90971457,-43.26081632
-22.91615979,-43.22199902
-22.88944812,-43.19378768
-22.86313616,-43.21174906
-22.92609717,-43.22268536
-22.91197224,-43.24711267
-22.86246441,-43.25153612
-22.92846946,-43.16569677
-22.91479139,-43.25330436
-22.96139577,-43.21446275
-22.92831646,-43.22375253
-22.94301057,-43.20018727
-22.84940305,-43.16847844
-22.85004893,-43.21507004
-22.95629392,-43.22404427
-22.84700489,-43.23233607
-22.8843243,-43.15215372
-22.95005876,-43.23213994
-22.88806765,-43.14635587
-22.92332596,-43.23838088
-22.93892391,-43.23836528
-22.94743338,-43.2308106
-22.87213847,-43.15309987
-22.96457714,-43.2080438
-22.95114145,-43.14578497
-22.87382017,-43.1948197
-22.88334641,-43.18023861
-22.9054584,-43.14145408
-22.95298725,-43.24713806
-22.8687727,-43.24897138
-22.90295795,-43.13641786
-22.84288767,-43.20365447
-22.89155348,-43.14802583
-22.95660091,-43.19936874
-22.95265284,-43.22353954
-22.88757316,-43.24097885
-22.89135904,-43.25977299
-22.92718812,-43.26811943
-22.93457842,-43.12700213
-22.92275153,-43.14027389
-22.86731788,-43.16782958
-22.84921881,-43.22003701
-22.92450738,-43.18640892
-22.94820788,-43.1720887
-22.86555164,-43.19465058
-22.91177397,-43.21538185
-22.8636821,-43.1971045
-22.94928179,-43.17076837
-22.95749225,-43.14812685
-22.89024013,-43.13167614
-22.97865884,-43.2029642
-22.89014813,-43.18132026
-22.87606704,-43.25964781
-22.85190006,-43.24172567
-22.95668809,-43.13906776
-22.89954484,-43.15253365
-22.92969916,-43.17565446
-22.93504146,-43.15973868
-22.84842269,-43.16601461
-22.89708278,-43.18587397
-22.90985287,-43.22510561
-22.9681173,-43.19889957
-22.92017501,-43.219349
-22.87441946,-43.19710522
-22.84701375,-43.22345486
-22.97853922,-43.20032283
-22.93673972,-43.1690042
-22.84574008,-43.2010126
-22.88976289,-43.12979949
-22.85094234,-43.20411898
-22.92440789,-43.23483238
-22.84625368,-43.22602217
-22.93347485,-43.18489762
-22.91812811,-43.14131263
-22.91511546,-43.25296107
-22.91483612,-43.23423563
-22.88646789,-43.24920559
-22.927341,-43.21227937
-22.90864817,-43.17067057
-22.92646024,-43.21319241
-22.90858607,-43.19178261
-22.87501462,-43.2468007
-22.86298114,-43.14852897
-22.94077695,-43.25024892
-22.94410978,-43.21861653
-22.87523342,-43.16411632
-22.87664735,-43.14034287
-22.88804071,-43.23294927
-22.94066381,-43.262071
-22.94914413,-43.24166016
-22.88413456,-43.26100635
-22.90705129,-43.26332816
-22.84475923,-43.20446421
-22.95078149,-43.15679879
-22.94938793,-43.21808329
-22.88223587,-43.19297339
-22.96151779,-43.2393215
-22.93331778,-43.2686569
-22.95334891,-43.19745645
-22.9066146,-43.12201522
-22.91357846,-43.15893033
-22.8879867,-43.22041771
-22.84773823,-43.16862917
-22.87141126,-43.1812868
-22.85741823,-43.18571547
-22.9297961,-43.21405998
-22.86102417,-43.16239778
-22.85539846,-43.24330509
-22.93562999,-43.15697168
-22.88060033,-43.19553396
-22.92676659,-43.1239127
-22.83723011,-43.20850554
-22.92870151,-43.23227679
-22.97280545,-43.22488691
-22.85220032,-43.19771432
-22.85849997,-43.20903199
-22.8426315,-43.17156096
-22.8938282,-43.21950029
-22.89667304,-43.13125632
-22.89187105,-43.19262332
-22.85822045,-43.1729349
-22.95906038,-43.2428552
-22.96197488,-43.15847915
-22.85368359,-43.1522907
-22.92653452,-43.15803445
-22.94539616,-43.23178416
-22.89353187,-43.13511151
-22.89797195,-43.13631196
-22.91397204,-43.24499988
-22.86131319,-43.16162674
-22.84404886,-43.20622272
-22.9695253,-43.21026301
-22.86084925,-43.24398321
-22.89761956,-43.24025088
-22.89126745,-43.17360651
-22.86473702,-43.25752323
-22.88551348,-43.13342525
-22.88739827,-43.19355816
-22.96096318,-43.19090373
-22.84619238,-43.17600102
-22.87138237,-43.24200786
-22.95744495,-43.22423662
-22.86660262,-43.21873582
-22.90829381,-43.13468346
-22.85135615,-43.21999888
-22.92324523,-43.26874432
-22.90465327,-43.26399648
-22.89792157,-43.12460576
-22.86689814,-43.17278269
-22.85505823,-43.22136593
-22.84775851,-43.21921874
-22.84830146,-43.21236607
-22.90675038,-43.15050168
-22.84680566,-43.21735289
-22.93869273,-43.17192488
-22.88577307,-43.24859739
-22.9165756,-43.2146665
-22.90517233,-43.19907745
-22.86673572,-43.14984976
-22.9317153,-43.22549038
-22.9195385,-43.1389411
-22.88467257,-43.15526218
-22.8954323,-43.14522818
-22.91598964,-43.15578509
-22.95596519,-43.14694363
-22.87891017,-43.18998226
-22.94318064,-43.173272
-22.89969499,-43.25892826
-22.92132539,-43.16784876
-22.89776474,-43.21007166
-22.88125473,-43.24225149
-22.86864813,-43.21141573
-22.86835633,-43.15168413
-22.93917353,-43.21254323
-22.91270872,-43.25237825
-22.93242971,-43.19775398
-22.8773274,-43.24362434
-22.93528071,-43.15787348
-22.8454326,-43.21462068
-22.89672579,-43.20385122
-22.91893832,-43.1262112
-22.90200006,-43.12461698
-22.88226506,-43.24620762
-22.90708697,-43.15746736
-22.96486435,-43.23528466
-22.95553231,-43.21394963
-22.8500187,-43.20258439
-22.88509948,-43.25063208
-22.88792586,-43.13237934
-22.91144155,-43.1193935
-22.88364165,-43.26116925
-22.85436958,-43.15538443
-22.87079714,-43.21491814
-22.88212406,-43.14119442
-22.9198435,-43.12810287
-22.93794622,-43.13343273
-22.92312907,-43.12810346
-22.89456036,-43.27341881
-22.90126142,-43.16458319
-22.93065222,-43.12695487
-22.90209114,-43.27410661
-22.8714639,-43.26059339
-22.88956142,-43.18965909
-22.96437105,-43.23945461
-22.86037826,-43.17899028
-22.95752988,-43.17984667
-22.96025576,-43.14792359
-22.90043604,-43.12632193
-22.9153946,-43.27323055
-22.97395312,-43.21113528
-22.8461841,-43.18787195
-22.85557777,-43.16075189
-22.89888486,-43.15768774
-22.8922269,-43.15951605
-22.84655912,-43.22571252
-22.91714272,-43.2372406
-22.8364551,-43.19439147
-22.95200467,-43.20415409
-22.97102384,-43.21894015
-22.8764439,-43.24477421
-22.84963094,-43.21198247
-22.90333025,-43.23939085
-22.93670523,-43.19187435
-22.93536012,-43.22598839
-22.90808352,-43.19378901
-22.91424823,-43.26727084
-22.93443873,-43.22976077
-22.86097568,-43.14862193
-22.92725602,-43.12690558
-22.88293611,-43.26307048
-22.84681501,-43.20606392
-22.95504793,-43.15621968
-22.91132708,-43.12000135
-22.88970572,-43.17388246
-22.91276428,-43.26525513
-22.84624081,-43.17798252
-22.92587897,-43.2500069
-22.95180479,-43.14619158
-22.89437725,-43.12135119
-22.93033944,-43.2000172
-22.96299138,-43.23005936
-22.91810182,-43.13867026
-22.88727096,-43.12716771
-22.91891927,-43.22672636
-22.88115719,-43.2582416
-22.92030171,-43.2684798
-22.93053091,-43.21110364
-22.88074938,-43.16842362
-22.89727147,-43.20022006
-22.88258423,-43.16282161
-22.92322128,-43.20127296
-22.86160882,-43.18404636
-22.9007144,-43.20960544
-22.94347187,-43.24092447
-22.94271744,-43.23125425
-22.94478102,-43.23833149
-22.87475575,-43.22321982
-22.89136251,-43.12699984
-22.84462994,-43.22621522
-22.91680415,-43.2337494
-22.90534242,-43.16982995
-22.93511181,-43.16715915
-22.87365021,-43.25947269
-22.9197117,-43.26344197
-22.87402372,-43.16575136
-22.87360737,-43.23944667
-22.94719333,-43.23670792
-22.96818889,-43.23579108
-22.85010768,-43.15809379
-22.87316157,-43.13894505
-22.90893101,-43.23131827
-22.94323206,-43.18688601
-22.88091004,-43.2034808
-22.90820579,-43.20242029
-22.87790171,-43.17773421
-22.94285646,-43.2059283
-22.90964209,-43.23265693
-22.93579955,-43.17998006
-22.89325649,-43.22942768
-22.96312797,-43.16003225
-22.92395174,-43.22227181
-22.87437263,-43.24505726
-22.90719307,-43.16500268
-22.96112292,-43.18539899
-22.85668905,-43.20488266
-22.91735924,-43.15953291
-22.87086719,-43.15085285
-22.85832643,-43.23118723
-22.90678264,-43.22358468
-22.83959115,-43.19745271
-22.87318923,-43.23541088
-22.89797643,-43.21700657
-22.89548303,-43.16030439
-22.96404904,-43.19319699
-22.91274836,-43.14690166
-22.88349152,-43.1348084
-22.8609523,-43.15026366
-22.93051694,-43.20809028
-22.8545399,-43.1613652
-22.87753233,-43.14663422
-22.92246685,-43.26865112
-22.93000435,-43.24814097
-22.96720521,-43.16405589
-22.84047742,-43.17216809
-22.88659388,-43.24005486
-22.88446922,-43.26371258
-22.93155104,-43.1679233
-22.96297465,-43.15328697
-22.85635483,-43.1632282
-22.86190306,-43.24358397
-22.93316263,-43.16946186
-22.87691459,-43.15042345
-22.87131026,-43.21200906
-22.94299325,-43.18532983
-22.95127031,-43.17405185
-22.93481035,-43.14550049
-22.93350082,-43.2242632
-22.85388476,-43.14946936
-22.95823484,-43.1859133
-22.92898855,-43.20400357
-22.93525155,-43.18181315
-22.93835598,-43.21858721
-22.95901016,-43.25207568
-22.90816197,-43.14807722
-22.88852889,-43.13423721
-22.94046074,-43.25827702
-22.91037579,-43.2369441
-22.92058768,-43.18990811
-22.87994494,-43.17393558
-22.90150082,-43.16680081
-22.97588006,-43.21167699
-22.89421718,-43.25077202
-22.83962861,-43.17636664
-22.90329125,-43.14149488
-22.90362704,-43.17202093
-22.86858792,-43.23113542
-22.91088655,-43.21631279
-22.90527753,-43.12237129
-22.87194199,-43.22270665
-22.96490187,-43.21185768
-22.95309891,-43.25164382
-22.91742487,-43.18356975
-22.95699926,-43.21409629
-22.97795109,-43.21524803
-22.89042046,-43.2165264
-22.88829275,-43.14228804
-22.94049525,-43.21221061
-22.93147627,-43.15760652
-22.94412721,-43.20812721
-22.92673576,-43.23172496
-22.84874862,-43.22109219
-22.9058008,-43.16026678
-22.9333759,-43.15171592
-22.84968407,-43.1901885
-22.85947337,-43.24714106
-22.94200817,-43.22762696
-22.86589852,-43.13786701
-22.86403018,-43.21145024
-22.96967018,-43.19805732
-22.87214434,-43.17091813
-22.91691022,-43.22349254
-22.88861206,-43.22903107
-22.95529422,-43.24185985
-22.83826809,-43.20734575
-22.93819094,-43.14362502
-22.85971908,-43.15266126
-22.87704074,-43.19738519
-22.91242315,-43.13827668
-22.93468523,-43.26090229
-22.9418217,-43.22129358
-22.85656998,-43.18245816
-22.95301922,-43.13597524
-22.9765906,-43.21845187
-22.95579369,-43.23009584
-22.94915804,-43.19075173
-22.91591538,-43.14277667
-22.92766868,-43.20815908
-22.96546243,-43.16263837
-22.928291,-43.13498928
-22.9569038,-43.2459451
-22.90231509,-43.14233233
-22.93592739,-43.20468508
-22.95275175,-43.15267856
-22.9167313,-43.16953585
-22.88710964,-43.2483156
-22.90831083,-43.1450569
-22.95567478,-43.17803395
-22.92098074,-43.14073471
-22.9590957,-43.15799925
-22.88098529,-43.19132551
-22.91445902,-43.16941485
-22.90374531,-43.17314434
-22.97202846,-43.19837746
-22.91895865,-43.21716276
-22.9222881,-43.24083732
-22.90591569,-43.12399536
-22.91486227,-43.22801408
-22.94035989,-43.18677124
-22.91035143,-43.15775103
-22.90344269,-43.1721762
-22.85551777,-43.2097964
-22.86661009,-43.22255251
-22.86150013,-43.15592606
-22.85713042,-43.16387517
-22.86945397,-43.16471079
-22.91277435,-43.16091365
-22.85649276,-43.25135247
-22.93223898,-43.2667836
-22.9314476,-43.19635814
-22.88189991,-43.18415716
-22.88064387,-43.26473545
-22.87832846,-43.13903599
-22.89618935,-43.22511996
-22.93992094,-43.22266499
-22.85271159,-43.15727664
-22.94368978,-43.2196312
-22.97520316,-43.1847927
-22.86601923,-43.15418016
-22.88395692,-43.15244309
-22.94121808,-43.19544602
-22.9239694,-43.1272338
-22.90450645,-43.12392899
-22.95397867,-43.15696143
-22.9193394,-43.27415104
-22.93280914,-43.14461323
-22.85530847,-43.23789651
-22.86410613,-43.23441889
-22.90899227,-43.20179604
-22.8396458,-43.21783075
-22.9133215,-43.17500652
-22.96343778,-43.20012084
-22.93715488,-43.19970069
-22.92439564,-43.24359175
-22.84273489,-43.16452187
-22.9315193,-43.1628846
-22.90638811,-43.22147848
-22.939727,-43.17649571
-22.89351077,-43.22290345
-22.97167977,-43.23243265
-22.93459353,-43.15711851
-22.87755267,-43.14454595
-22.84380008,-43.18853889
-22.8787834,-43.21454545
-22.93009921,-43.22578633
-22.91707855,-43.16041778
-22.86785034,-43.19497068
-22.93114714,-43.24672547
-22.87978876,-43.25893858
-22.93622702,-43.23302448
-22.96489179,-43.1822499
-22.90572776,-43.27499731
-22.93709585,-43.18320469
-22.86090843,-43.13794882
-22.84348547,-43.18437507
-22.93449312,-43.25526647
-22.94047945,-43.19997375
-22.84178143,-43.21569692
-22.97203843,-43.17897681
-22.90939518,-43.12557042
-22.87035213,-43.19590608
-22.91638675,-43.25771817
-22.93355513,-43.19186582
-22.90607987,-43.1527666
-22.91221979,-43.14034598
-22.90035506,-43.14590914
-22.94176445,-43.20218575
-22.85616524,-43.20453002
-22.89899088,-43.27476389
-22.88923981,-43.15742505
-22.91845756,-43.18622221
-22.87630343,-43.21528578
-22.91041847,-43.15034254
-22.88242035,-43.13955994
-22.9543924,-43.23561591
-22.88199019,-43.13938851
-22.91240769,-43.21099532
-22.96855477,-43.21797058
-22.90086438,-43.24366242
-22.89146005,-43.21550829
-22.85638145,-43.22452077
-22.90553379,-43.12269485
-22.91644042,-43.26091495
-22.91790697,-43.27448522
-22.92569333,-43.13550573
-22.90841407,-43.14355961
-22.89231911,-43.25689045
-22.91684569,-43.23316867
-22.94826002,-43.24124624
-22.93468399,-43.21242829
-22.95957617,-43.14667566
-22.90099922,-43.25831826
-22.96176287,-43.19812176
-22.97095097,-43.18090756
-22.91798381,-43.2138798
-22.86360774,-43.19071493
-22.93888893,-43.22538585
-22.91254938,-43.19152359
-22.89813494,-43.16886258
-22.93598498,-43.21899883
-22.96424533,-43.22383444
-22.84992134,-43.23553354
-22.93511884,-43.21385705
-22.89995281,-43.13206058
-22.91231148,-43.22177802
-22.9368998,-43.25817465
-22.87542472,-43.25621407
-22.9528814,-43.20399484
-22.94089785,-43.17715863
-22.92474489,-43.12131222
-22.92535451,-43.22273513
-22.87730377,-43.1695923
-22.89835508,-43.23734241
-22.90047624,-43.19100665
-22.89485889,-43.14053467
-22.9452437,-43.19809456
-22.93464597,-43.17958107
-22.91210615,-43.19301456
-22.9761871,-43.21121399
-22.86589594,-43.17377075
-22.9417166,-43.17530889
-22.93248913,-43.20757896
-22.85675173,-43.22457575
-22.93296742,-43.16329411
-22.97567878,-43.19285444
-22.88735409,-43.12653592
-22.94048497,-43.22461402
-22.87569311,-43.19567917
-22.95616601,-43.16060881
-22.94599395,-43.15894671
-22.88878178,-43.13582122
-22.90708637,-43.24441139
-22.88006208,-43.19581911
-22.93020404,-43.2043903
-22.90135056,-43.27320913
-22.93838484,-43.23164984
-22.92408534,-43.26058553
-22.85212562,-43.18614773
-22.84272252,-43.16414259
-22.84520693,-43.17484455
-22.94557773,-43.17020644
-22.88205927,-43.24035383
-22.94103733,-43.16904632
-22.8613308,-43.14488713
-22.90544865,-43.13329928
-22.93329396,-43.12736645
-22.95401331,-43.15647252
-22.96470401,-43.16120357
-22.93758301,-43.12756629
-22.89652913,-43.25278359
-22.96133374,-43.24133593
-22.95976675,-43.24892177
-22.88134216,-43.16460931
-22.94882004,-43.2082378
-22.91160901,-43.26485553
-22.90145538,-43.23237861
-22.85229775,-43.20991369
-22.8785756,-43.24676182
-22.90606785,-43.23594773
-22.90617851,-43.16051538
-22.88563813,-43.25703402
-22.92552181,-43.2435703
-22.91817739,-43.15143762
-22.87322899,-43.14033328
-22.86879678,-43.21469962
-22.92899811,-43.12861101
-22.93359529,-43.23784358
-22.91102608,-43.17892482
-22.95109542,-43.18834496
-22.91447059,-43.23499796
-22.84933826,-43.1858661
-22.90114442,-43.25655019
-22.97062026,-43.16764987
-22.83840171,-43.19208091
-22.95174258,-43.22984041
-22.92984699,-43.25346022
-22.9152978,-43.24268045
-22.93016513,-43.17737419
-22.92226283,-43.19247308
-22.84457746,-43.21833296
-22.97228633,-43.18271736
-22.89361761,-43.27185813
-22.9341672,-43.13258435
-22.85664266,-43.19293137
-22.90323523,-43.13864393
-22.91526931,-43.11910868
-22.95437944,-43.18827055
-22.93116986,-43.27133064
-22.86773624,-43.24387045
-22.93274156,-43.19298997
-22.92553393,-43.18333475
-22.94975269,-43.19058977
-22.94114544,-43.17183292
-22.93523557,-43.20228638
-22.90084149,-43.19028027
-22.97215628,-43.16385763
-22.96997226,-43.19694667
-22.97483273,-43.20011234
-22.85690634,-43.17520669
-22.89868497,-43.19642691
-22.90348483,-43.27391359
-22.92626269,-43.2541093
-22.91360778,-43.18268361
-22.94109394,-43.13916029
-22.85897454,-43.2531519
-22.93053582,-43.18616077
-22.95042522,-43.20136522
-22.88469987,-43.2168469
-22.8684877,-43.22518618
-22.93027574,-43.15095977
-22.91784977,-43.1641235
-22.97333902,-43.16609879
-22.84836485,-43.17590502
-22.90561482,-43.24081592
-22.89691763,-43.12869445
-22.90283555,-43.2062928
-22.93918356,-43.12871829
-22.89890908,-43.24784385
-22.88446206,-43.25445634
-22.93593983,-43.21775096
-22.90176065,-43.25954582
-22.86483693,-43.18537096
-22.86210279,-43.17554871
-22.9023504,-43.2554684
-22.9393033,-43.15745385
-22.96468546,-43.2024479
-22.95920049,-43.1436293
-22.96791596,-43.18217095
-22.89016192,-43.15173194
-22.92077473,-43.16237145
-22.92100047,-43.26165785
-22.89359059,-43.15198091
-22.92613313,-43.20966532
-22.86941311,-43.25392802
-22.85665338,-43.22799675
-22.84317757,-43.21284697
-22.87990331,-43.23992147
-22.89200436,-43.20723414
-22.89422178,-43.18725077
-22.93936509,-43.13519656
-22.92168788,-43.23834114
-22.95605026,-43.18190211
-22.88500126,-43.14610391
-22.88823193,-43.22522559
-22.84751728,-43.17728375
-22.9115109,-43.12522077
-22.8832286,-43.20334601
-22.9526531,-43.21893344
-22.92000335,-43.1681378
-22.85165426,-43.1740791
-22.92841897,-43.2360174
-22.86473397,-43.1593365
-22.87169285,-43.16155074
-22.93480581,-43.26922433
-22.94872963,-43.20502866
-22.94300583,-43.16170981
-22.87030404,-43.25318505
-22.96530596,-43.17284631
-22.95044002,-43.14399247
-22.87230196,-43.14891555
-22.86714229,-43.16022009
-22.89153593,-43.14075171
-22.90905885,-43.19599419
-22.90085388,-43.25270282
-22.83744355,-43.20302518
-22.90505383,-43.25452333
-22.88818924,-43.16621569
-22.84356925,-43.16321292
-22.97353558,-43.18335834
-22.89453509,-43.14466353
-22.29059956,-43.06622282
-23.23179609,-44.72837087
-22.71555316,-44.09034492
-21.86843808,-43.44907584
-23.80116717,-42.4170777
-23.49464311,-42.29233578
-21.9623926,-43.46100739
-23.18465196,-42.15650075
-22.64839812,-41.9610761
-23.38482572,-42.60010292
-23.4481152,-42.44895481
-22.24829522,-41.87720096
-22.26805388,-44.47483709
-22.86698945,-44.21797588
-22.51177857,-42.53576918
-23.58689557,-43.94316449
-22.6071648,-44.73039396
-22.7351638,-43.44095951
-21.61650609,-43.10582166
-24.29250101,-43.43894219
-21.70356989,-42.35300207
-22.73024397,-44.53892448
-23.52205029,-42.64983552
-23.92716711,-43.32729241
-22.6214516,-42.04900268
-22.76974873,-43.21877855
-22.14231118,-42.30688439
-22.64564558,-41.80249995
-23.14777103,-42.94046533
-24.33261457,-43.07795149
-22.29204587,-42.48884213
-22.77396764,-43.61909372
-22.16872053,-42.35348035
-23.54026878,-43.01137997
-23.51407755,-43.03741649
-22.06184827,-42.20762506
-23.13900463,-44.40940732
-24.0745881,-43.94601132
-24.32861487,-43.28790931
-22.88215424,-43.39181308
-21.83885558,-43.25634476
-22.55729873,-44.1454106
-23.79057087,-43.00930104
-22.94994219,-43.06246567
-22.64493419,-44.56423259
-23.12148239,-42.10883401
-24.10280958,-43.67341804
-23.44188545,-42.45981019
-22.47404937,-43.06427688
-21.97018023,-44.17316625
-22.28209053,-42.90588557
-21.49527497,-42.87534442
-22.94073808,-44.36801394
-24.06798185,-43.25390897
-23.47658426,-42.13282909
-23.64665139,-42.45919665
-22.46102925,-42.98608945
-22.57220744,-41.74795718
-23.03952105,-43.77967589
-23.19474783,-43.190923
-22.54854576,-43.3644934
-22.62327731,-42.56441674
-24.21327896,-43.13204928
-23.98371758,-43.37202219
-23.90377551,-43.39116625
-23.76507319,-43.52237668
-22.07005024,-44.34007048
-23.89732716,-42.33012466
-22.2797357,-43.20981996
-22.11099176,-42.70312848
-23.32375662,-44.36681455
-22.224178,-43.88730289
-21.54839097,-42.95790539
-21.89403674,-43.98356605
-23.37220268,-44.38209606
-21.95217958,-43.05581237
-22.62534202,-43.00065685
-21.83909586,-42.76368872
-22.33783356,-43.13111978
-24.05417914,-43.88451351
-23.57090056,-43.99600141
-22.84064796,-44.02844019
-21.71148591,-43.41209859
-21.72759232,-44.02488798
-23.54524974,-42.10249396
-23.13548042,-43.28488009
-22.83051626,-44.18595079
-21.73404739,-43.50764788
-22.22139313,-43.07488947
-23.66771165,-42.26885286
-23.20763286,-44.39074164
-23.53554696,-43.34661186
-22.21506001,-43.07502161
-24.16055507,-42.61767814
-23.69998635,-42.17065001
-22.90609304,-43.21296312
-24.11521225,-43.41674597
-22.70901605,-43.78892036
-22.08235703,-43.81811444
-23.55595285,-43.34432451
-22.5178358,-41.8604813
-22.74014061,-41.97459729
-22.29065572,-43.84014023
-22.48541842,-44.69486342
-23.97664264,-43.94129143
-23.82135995,-44.3024864
-23.29785598,-43.15082207
-22.14109904,-43.55771889
-23.23988624,-43.26035876
-22.90730599,-43.87497315
-22.63618862,-42.0483059
-22.42520786,-43.68239511
-23.22738322,-43.2399806
-22.37832746,-44.62683795
-23.16626317,-44.41668271
-22.54640116,-44.4970926
-22.12085981,-42.49427588
-22.99623784,-43.75913642
-23.87771543,-42.59346386
-22.04542734,-44.10269267
-22.94930889,-44.56307174
-22.7081256,-42.11032459
-22.27073454,-43.97977962
-23.771421,-42.87187384
-22.63693936,-43.34539137
-21.70519162,-43.56231818
-23.39355571,-42.5878904
-23.28273729,-43.95774733
-22.93185988,-42.83101301
-21.80178732,-43.04085385
-23.33617183,-43.20569724
-22.94340767,-42.81879832
-22.35569839,-44.48375383
-21.62059503,-43.57118787
-21.83737935,-42.73588454
-22.70119284,-44.33921084
-23.72125452,-42.83441877
-22.9245489,-42.31148954
-21.64950678,-43.93150218
-22.11889041,-42.574739
-23.95045447,-42.45590683
-22.15292593,-42.23751145
-22.69567228,-41.70066143
-23.6394228,-43.46490134
-22.33749998,-41.85513517
-22.36085657,-41.94626258
-23.0048606,-41.75366445
-23.67011718,-43.93612706
-22.38815147,-41.78446222
-23.67520043,-43.47073667
-23.81458259,-42.24968872
-23.8579309,-44.06430178
-23.97577396,-43.9680024
-22.1816628,-42.30940042
-21.78906532,-42.58609818
-23.51957512,-44.23097015
-21.53268449,-42.77497756
-22.71349039,-42.64826548
-22.08485485,-43.98357226
-22.17334883,-42.48603503
-23.91686173,-44.12759105
-23.59825514,-42.41544278
-23.11617048,-43.41567006
-23.01028151,-43.23315566
-23.59453178,-44.47183861
-21.65001487,-43.62510789
-23.08499819,-43.68360202
-22.98253691,-43.54389657
-24.11178724,-42.34839865
-21.96555137,-44.18129755
-23.34670844,-42.66545322
-23.52634835,-42.53723339
-22.64776714,-44.26014342
-21.53310131,-43.24419056
-22.65991901,-44.15719898
-23.0809136,-41.74563928
-22.86344328,-44.10571873
-21.93070142,-42.85272252
-22.73291574,-41.74927642
-22.8429893,-41.90943699
-23.82796348,-44.35121592
-22.13379802,-42.69113933
-22.77604534,-44.6188481
-22.5206993,-42.54013615
-23.2898955,-44.3782839
-22.53773473,-44.64665251
-22.32158239,-44.43754658
-23.2680026,-44.56048854
-23.3585873,-43.29196313
-23.55315365,-42.94663801
-21.96279302,-42.01452382
-23.96431405,-43.99592488
-22.85407458,-42.92449608
-22.70805187,-42.31232868
-22.11146082,-42.37034896
-22.36236823,-42.29399236
-21.8597412,-43.84957187
-22.17906557,-43.55849474
-21.60443909,-43.62701364
-23.04570112,-44.29762181
-23.05806834,-41.64279948
-21.51933621,-42.97083675
-21.99146809,-42.8231381
-23.91797471,-42.24523561
-22.99899494,-43.52229777
-23.43964901,-42.6306711
-22.11525853,-43.14156238
-22.82080705,-42.35650527
-22.24584665,-42.59674775
-22.40576318,-43.53689323
-23.0203888,-43.93215348
-23.06879035,-42.48631043
-21.75862544,-43.92859131
-23.15876341,-43.52268352
-23.88711442,-42.59072491
-22.43819573,-43.22724724
-22.69436388,-44.50505903
-23.89388411,-42.51662288
-24.1597286,-42.7687751
-22.94636103,-44.56691998
-22.16805891,-42.48171699
-23.06070644,-43.80964448
-22.6664308,-43.47473183
-23.61178399,-44.10859213
-21.84520938,-43.69188301
-23.57617777,-43.37084443
-22.31112895,-43.25724082
-23.29307839,-44.32921611
-23.05361918,-43.56440277
-22.98456049,-41.97969478
-23.86812995,-42.23201228
-23.08063193,-44.68419155
-23.3211831,-43.1614921
-23.50854867,-44.41634925
-23.31600847,-44.34236317
-23.52474813,-42.36830705
-23.63930887,-42.96679283
-23.34320229,-44.34555778
-22.49299945,-42.49150226
-23.96735574,-43.36773131
-22.22498088,-42.26072458
-23.63621412,-44.0373757
-23.17281174,-42.18048255
-21.73441415,-42.71496261
-22.90094321,-42.00385823
-22.86637263,-41.97754384
-22.78155413,-44.71734344
-22.60804312,-42.3561689
-22.60778072,-42.76296176
-22.20105254,-44.14613881
-22.71683649,-42.8393801
-23.9527639,-42.51400594
-21.93180068,-42.49047047
-22.23766983,-43.80114545
-23.7982308,-42.97712311
-24.07247994,-42.71821854
-23.59772725,-43.08577997
-22.21733573,-42.53516522
-23.71765456,-42.14165167
-23.40812289,-43.65372457
-23.97440579,-42.80061624
-23.35644862,-43.72075196
-24.31389518,-43.17885213
-22.7458532,-42.53773852
-22.26608328,-41.86403015
-21.95290151,-42.31702183
-21.5837595,-43.52284029
-23.14643372,-43.68905157
-21.69313231,-43.17663963
-23.99485747,-42.74812742
-23.84969727,-43.5213475
-24.22919794,-43.3829207
-22.22317587,-44.12101713
-23.7619737,-43.42037973
-22.46952481,-44.44094191
-21.74393674,-43.62601386
-21.645964,-43.06215472
-21.52238095,-43.52115811
-23.33445598,-43.35232971
-22.60986735,-43.08125057
-22.16739966,-43.84509641
-22.10938492,-43.69110655
-24.21876142,-43.18784431
-21.64064023,-43.14577086
-23.55265364,-42.31345216
-22.53155476,-44.68461757
-23.96372727,-42.96038939
-23.65480014,-44.12750719
-22.05836355,-42.39343546
-23.10475366,-42.78083017
-22.41276252,-43.05336979
-21.9169026,-42.3224493
-23.6531867,-43.30458793
-22.55641232,-44.31154576
-22.71960652,-44.67895712
-22.91402754,-42.0849071
-23.6564219,-43.84331853
-24.06181152,-43.94466316
-22.66148066,-41.93741955
-21.67776584,-43.4740395
-23.40514124,-43.59382726
-22.72648006,-42.39237261
-22.44996593,-42.95928674
-21.94101317,-42.33876992
-22.07685317,-43.0000041
-23.91821047,-44.13923338
-23.03351508,-44.14261755
-24.15461932,-42.52112899
-23.69387067,-43.85759805
-23.5887275,-43.84839754
-21.7358315,-43.76438398
-23.536518,-42.1791076
-22.60807151,-43.89744193
-22.81213538,-44.21950518
-23.59078462,-43.83198338
-22.51657609,-43.30426769
-21.63138326,-43.51294055
-23.85796434,-43.55742624
-23.42695365,-44.155446
-22.04828414,-44.39317967
-22.64076952,-42.31704686
-22.94975896,-41.84832265
-23.97831364,-43.52875112
-23.72681709,-44.33431012
-22.71785978,-43.84577501
-22.52952194,-42.98393779
-23.71158812,-43.72924027
-23.81600818,-42.45371519
-22.51584464,-43.49480818
-23.38135805,-43.45786452
-23.69500466,-42.98863804
-23.63801148,-43.37879423
-23.6441278,-42.10021002
-23.99911602,-43.79803858
-22.42617752,-44.18004017
-22.73745232,-43.09634142
-22.78588612,-42.10054667
-21.98474616,-42.71642883
-24.02412911,-42.79352974
-23.18703752,-43.2041311
-22.14317636,-41.88088945
-22.90017231,-41.86268078
-22.36529341,-43.85521821
-21.70372007,-42.9539296
-22.83707547,-44.24216156
-22.57844053,-43.89879899
-22.07758559,-43.92835307
-23.35672792,-43.43957236
-22.9831487,-43.16131447
-23.45357662,-43.10625032
-21.98610689,-42.90448398
-23.76952562,-42.81794439
-23.27677091,-42.48246494
-23.43001916,-42.98294662
-23.15893131,-43.98161628
-22.46726154,-42.45046257
-23.50779232,-43.90663462
-21.78560506,-42.36687193
-24.01812128,-43.60210546
-23.09362777,-44.63871582
-22.65559022,-43.26111803
-21.75366379,-43.47385555
-23.19969616,-44.5628409
-23.41064687,-44.22229884
-23.69914199,-44.10653896
-22.61294429,-43.43592207
-23.24135148,-43.6302122
-22.43079955,-44.486095
-23.55827228,-42.46249679
-24.20941191,-43.30153277
-23.09902924,-43.85103306
-21.68392977,-42.57373609
-23.83123786,-42.83946043
-22.51359295,-43.84579009
-21.58792242,-42.70146825
-22.2075276,-42.95219732
-22.73391052,-43.78178928
-22.76603452,-43.34444469
-22.07448046,-44.12409913
-24.12966371,-43.73494053
-22.21609707,-42.82108238
-21.87431354,-42.47873662
-23.48829999,-42.19273464
-23.84175218,-43.80606289
-23.42519109,-44.43280598
-21.98421499,-42.20714272
-22.59930553,-44.03583166
-23.29340846,-44.47939036
-23.6184563,-43.18002207
-23.85751402,-43.06242048
-23.22107843,-42.36735525
-23.72221491,-42.97630642
-22.97873117,-41.92302918
-22.1916279,-43.23653549
-22.25315428,-44.33704689
-23.77959227,-44.04629908
-22.9920156,-43.20447956
-22.3665879,-44.33244636
-22.60015517,-42.56070655
-23.54191031,-42.60342431
-24.17387695,-43.91063404
-22.28818611,-41.82662091
-22.5440199,-44.06479463
-22.3846527,-43.96303774
-22.89484153,-44.31141583
-22.1448103,-44.46750459
-22.09938271,-42.02961521
-23.22544968,-42.62724653
-24.15554891,-42.52772196
-22.41992261,-44.11857632
-24.28804825,-43.02715423
-23.39887759,-42.40341731
-23.02559534,-42.29012926
-21.54819143,-42.77743003
-22.70487142,-44.05255916
-23.7035485,-42.89865867
-22.65589201,-42.27843382
-21.50344601,-43.32536369
-23.45093737,-44.14791327
-23.85311373,-43.9025412
-22.26423738,-44.42723616
-22.55463149,-43.17402392
-22.13185462,-42.03411084
-21.65538933,-43.2932586
-24.12408304,-42.81354541
-23.78633041,-42.79801674
-22.63382052,-41.71062562
-23.13060185,-43.55102616
-22.2577268,-42.19366611
-22.04488902,-42.40748548
-22.3866655,-43.25594776
-23.77433622,-43.81637762
-24.03813902,-44.0505666
-23.45945711,-43.76400938
-22.88559851,-42.16774792
-21.69696694,-43.23462405
-22.60301539,-43.94145343
-22.03692285,-43.1694424
-22.20044376,-43.86538145
-22.61921151,-43.58831637
-22.28442451,-42.36507383
-23.41846582,-42.07291701
-21.68948367,-42.48741538
-22.86261038,-43.29877491
-23.14911554,-43.28197786
-23.88277958,-42.04929314
-22.67102548,-41.74876706
-22.66036502,-43.52571547
-23.18014577,-41.77656569
-24.12329608,-43.76084453
-22.71000187,-44.60359753
-23.81668886,-42.9638073
-21.99742428,-42.72574803
-23.44693475,-44.62729122
-23.99211076,-44.1005858
-22.23845891,-43.74630609
-22.10100589,-44.44584435
-22.24747508,-42.73355626
-22.74919371,-44.60276208
-23.13230674,-42.43767489
-24.07584936,-43.89188488
-22.9234974,-42.15842569
-21.76124987,-43.59837435
-23.83960859,-42.06499419
-21.69423107,-42.58416533
-21.73315192,-42.32079767
-22.06194997,-44.09199448
-23.11730102,-43.77408743
-22.0816608,-42.62906834
-22.82750735,-42.10582317
-21.91538849,-42.19109309
-24.09814829,-42.70751344
-23.46240435,-43.68114062
-23.56764284,-43.23811152
-23.37819352,-42.76908602
-23.25289523,-42.78511216
-22.36035183,-43.80872121
-24.02784772,-43.06647254
-24.02796773,-42.62151511
-22.58306755,-43.48825518
-21.74576216,-42.82008574
-23.49784185,-43.15921688
-22.38957145,-42.46163452
-23.01289296,-41.94253128
-23.74379515,-43.39661758
-22.31283082,-42.68015219
-22.66114642,-44.47205685
-21.51406338,-43.30579839
-21.92009732,-43.11249426
-21.95357461,-43.09865634
-22.90071603,-42.37581733
-22.92665802,-42.61893842
-23.83310833,-44.36971072
-23.72950566,-44.39043352
-23.35043386,-42.01285115
-23.76038013,-42.44580741
-23.50676441,-44.46303849
-22.35713683,-42.1634178
-22.0610525,-44.42300714
-23.24282725,-42.04593516
-22.5524724,-42.07407109
-22.67088392,-42.89989409
-21.92491974,-43.88385718
-23.25675028,-42.79280693
-23.8710904,-42.77942618
-21.89578157,-42.60122958
-22.71404314,-43.58729099
-21.47677565,-43.38837919
-22.6893417,-44.04606657
-23.01642834,-44.53183521
-22.82495637,-42.15307944
-22.50950042,-42.66388039
-21.62074651,-43.91015474
-24.22604567,-43.66765221
-22.67276599,-44.62636335
-22.30049643,-43.43038989
-23.3100749,-42.73434543
-22.47223356,-43.79179686
-21.58384106,-43.30076321
-22.58887249,-42.02426576
-23.60576008,-44.35579908
-22.43639524,-42.39074241
-22.82455746,-42.47464251
-22.01040022,-42.92464315
-23.84824681,-43.76539882
-22.70910617,-44.14367618
-22.60083791,-42.81868182
-22.44113019,-43.78453439
-22.9920111,-42.02792598
-23.82796283,-43.13478765
-23.81522025,-42.69879215
-21.6876544,-43.95653944
-23.79572583,-42.29531415
-22.04420233,-43.61455555
-21.75328423,-43.5508346
-22.74651745,-41.77482474
-22.23651378,-43.48860673
-21.72016382,-43.10438794
-22.7267352,-44.19779212
-22.87673124,-43.31384027
-24.08846972,-43.46866534
-23.12206549,-44.46701355
-22.45513122,-42.5851863
-22.64786008,-43.51261058
-23.91139228,-42.12053874
-23.82344253,-43.78711644
-24.01485922,-44.16237173
-23.8317507,-43.97310091
-21.73830451,-43.18826053
-22.38386304,-42.1992662
-22.62224138,-42.12078347
-22.91143748,-41.98939459
-23.87089937,-42.85348777
-22.10807256,-43.17076214
-23.63838152,-43.93230591
-23.70339351,-43.28114571
-23.17258008,-43.54304249
-22.08432919,-42.87387653
-23.24615294,-42.62974066
-21.8058444,-43.04158024
-22.89191214,-41.785856
-23.44574358,-42.11397236
-21.95723845,-42.58825024
-22.17960126,-44.45972462
-22.12092095,-44.39643731
-22.68226144,-43.12759468
-23.13257891,-42.02734628
-23.17529355,-43.54685106
-22.6190536,-43.83234721
-22.91545071,-42.35532842
-22.01344192,-42.756037
-22.44342821,-43.90642969
-23.88570498,-42.31465343
-22.75241568,-43.62640805
-22.60526938,-41.73832854
-22.24493804,-43.80623575
-23.20286561,-44.56085764
-24.02614856,-42.60559994
-22.12656677,-42.5471414
-22.04163989,-42.03535459
-23.78280279,-42.69137775
-22.33484632,-43.18337486
-22.46270723,-43.63632468
-22.50770493,-42.64377141
-22.37577856,-42.58608926
-22.87408246,-43.80407965
-22.51073006,-43.88604926
-22.51862381,-41.97849581
-21.68771312,-42.63230732
-23.11110006,-41.73035525
-21.96058363,-42.61327541
-23.24825647,-42.84659054
-22.48886008,-44.43342139
-23.6618747,-42.24720458
-21.89208608,-42.76867398
-22.54819746,-43.21380567
-23.21674126,-42.81589762
-22.89232861,-41.81499921
-22.54769317,-42.04408929
-23.35954347,-44.49860692
-22.5323937,-44.21119232
-21.71339071,-42.37144407
-23.5207772,-43.82217718
-23.46269628,-42.91563555
-23.11361343,-44.02185524
-22.40071327,-42.52299979
-23.65320811,-42.42692622
-23.02331173,-43.51566939
-23.57452748,-44.44566192
-22.69084115,-43.94887568
-23.0718938,-42.16686056
-23.62936337,-43.45467004
-23.21218525,-43.67833162
-22.85998244,-41.87712217
-23.09275739,-41.770409
-23.5407622,-43.90446025
-23.16698029,-44.09336998
-22.65138048,-42.95391581
-23.95760672,-42.15365077
-22.69360803,-42.46766054
-23.76655762,-42.35465551
-22.56967665,-44.5156329
-21.65529611,-43.39162515
-23.28263887,-43.45069651
-22.30770422,-44.14837582
-22.87969033,-43.42578655
-24.1134693,-42.61358978
-22.97938923,-44.27433366
-22.81324967,-43.23877567
-22.3287043,-42.89930732
-21.70778077,-42.87680302
-22.98153199,-42.97730086
-22.77853082,-42.70088099
-24.2739034,-43.14101981
-21.68639032,-43.3909417
-22.99609818,-42.16025903
-22.79974414,-42.42967055
-21.77659832,-43.86717304
-22.77342492,-44.17476212
-23.33846985,-43.88335014
-21.91166794,-44.32759893
-23.07738518,-44.63573534
-23.47732604,-42.54596758
-23.00388192,-44.3557169
-22.78584954,-44.08689464
-24.20172685,-43.86989538
-22.30936452,-41.93053647
-23.07964024,-44.68972563
-22.00003645,-42.90185242
-21.7753276,-42.9058917
-23.03532898,-41.96128412
-21.83812153,-42.33643047
-23.26712886,-42.99574925
-22.4018641,-41.98628841
-23.50226794,-44.38793216
-23.68543367,-44.51330451
-23.30487527,-42.82791335
-24.04695968,-42.58883555
-23.86622842,-42.1526496
-23.97922842,-44.02097023
-23.30600291,-41.76541877
-24.04647672,-42.94588569
-22.41687754,-43.08890469
-23.49683918,-44.53761121
-24.06707423,-43.20937597
-22.59639563,-44.5947581
-23.52512073,-42.07501737
-23.33902706,-42.83036586
-22.90923121,-43.88907266
-22.99104243,-44.46176602
-22.57215919,-43.15135606
-22.10433923,-43.38242809
-21.96854868,-42.24370526
-22.16745614,-41.9834214
-23.07016517,-41.72903576
-22.43274708,-42.12715521
-23.02794991,-42.38614472
-23.20304538,-44.16852093
-24.24416364,-43.29486124
-23.87438366,-42.76399172
-24.04333174,-43.74439113
-22.88222342,-43.58292045
-21.76747054,-42.39474983
-23.32551062,-42.70942062
-22.91485623,-42.85162984
-21.89321312,-42.80031547
-23.64404404,-43.45665978
-22.84237276,-44.00472397
-21.81403085,-43.96674339
-22.48338257,-42.48154669
-22.7418927,-44.6240707
-21.83111599,-42.33228523
-24.07815889,-42.49797455
-22.52736612,-42.21808857
-21.68757196,-43.74682314
-24.04457439,-43.74775744
-22.72642026,-41.95897969
-23.97583711,-44.15788574
-23.08923031,-43.95694133
-23.47951057,-41.82337359
-21.75828232,-43.08780041
-23.19807285,-42.70555154
-22.51414027,-43.0934715
-22.10970432,-44.07705636
-21.91256277,-43.17762002
-23.13578014,-41.78651416
-21.68067865,-43.6790436
-21.68799412,-43.98076089
-23.03430357,-44.01471481
-22.70604898,-44.13474605
-24.07412019,-42.27004994
-21.84729765,-43.03783725
-21.92363441,-42.91501081
-22.31454784,-42.33347272
-22.65626683,-43.04715862
-22.32190167,-42.85638634
-24.05137078,-42.38906708
-22.78489935,-41.72202899
-22.86869207,-44.3160814
-23.4940934,-43.70573397
-22.58383977,-42.4233068
-22.33908605,-44.47082553
-22.78887499,-44.54032211
-23.4516104,-42.72033954
-22.33164751,-43.62107359
-22.54887138,-44.34579193
-21.85176756,-42.97655706
-22.51150069,-44.42349414
-23.2555936,-41.79326025
-23.2505598,-44.12855623
-21.99854931,-43.3463473
-23.12260956,-41.67033915
-23.9906497,-43.19035861
-21.5159127,-43.23074034
-22.5493944,-41.90999452
-22.32202355,-43.63788781
-22.42896944,-43.6917905
-22.75473701,-43.1063433
-22.88208504,-43.10982434
-23.10903039,-43.39917179
-22.68898475,-44.74056499
-22.82741836,-44.20457482
-22.35406828,-42.34473338
-21.69268583,-43.1298689
-23.41746652,-42.41930735
-23.5535863,-42.47364718
-22.50253198,-42.56276674
-23.47353343,-42.99186051
-22.49508651,-42.01367887
-22.63178982,-44.3560339
-23.05923841,-44.64040158
-22.27409839,-42.36039228
-22.35172245,-42.58206105
-21.63375921,-43.06315347
-23.52796273,-43.51662622
-23.0029476,-44.00342786
-23.7434423,-42.05911998
-23.41392707,-42.0985327
-22.73498934,-43.60028844
-22.95921656,-41.79634171
-22.78126625,-43.12513886
-22.81661297,-42.18479298
-23.40174415,-42.8398231
-21.95233678,-42.23063082
-22.68868727,-42.68527372
-23.4872308,-43.84457758
-22.99730441,-42.54564317
-23.47839646,-44.63122831
-22.12185877,-42.37230979
-23.27759756,-42.97084511
-23.38099556,-42.69037111
-22.92951957,-44.14490779
-23.1626134,-44.33015856
-22.97319704,-44.60594374
-23.60349232,-43.99486853
-22.66868282,-44.41570864
-23.99205779,-44.02911348
-23.56696592,-44.45156029
-22.27296281,-42.18913565
-22.48814166,-43.27046993
-22.75585373,-42.23296725
-23.86897254,-43.52284823
-22.03424427,-42.22851787
-22.45398247,-43.03872785
-22.52743261,-42.61320587
-24.05659476,-42.48211157
-21.73219565,-42.85430976
-23.33669872,-43.70962007
-23.25254355,-42.53159352
-23.26097435,-42.17166165
-22.47854156,-44.6891037
-23.29308013,-42.59472182
-22.44720203,-42.34085533
-23.37174101,-42.94670113
-23.73707586,-44.39104592
-22.79977283,-44.17492803
-22.28565317,-44.24308799
-22.68324192,-43.18686546
-21.84454128,-43.48302938
-23.51046501,-42.16677798
-23.82210967,-44.12658485
-23.31809619,-41.85038747
-21.66337271,-43.82441786
-22.6101086,-43.79933459
-21.96887037,-42.20480055
-21.54910118,-42.70503083
-22.32544202,-43.53118694
-23.02895584,-43.73311996
-23.45566755,-43.31001455
-21.87904531,-42.97246224
-23.50058293,-43.54260539
-22.55494682,-44.13495274
-23.32575324,-42.59698566
-23.0463167,-42.28575162
-23.40819218,-42.58794418
-23.95159057,-43.23233753
-23.69022962,-43.7744251
-24.07539768,-43.10870522
-21.5136761,-43.20128082
-24.12010472,-42.50415093
-23.01077305,-43.22784525
-23.97308685,-43.02039207
-22.80545429,-41.71081365
-21.65032302,-43.9030651
-22.19829333,-42.83901994
-23.15418066,-41.67934266
-22.60551977,-43.81186625
-23.39471383,-43.4234199
-21.80071772,-42.42740694
-23.1449572,-41.89491813
-23.37671068,-42.98177148
-23.67484845,-42.43963992
-21.7099205,-42.55990834
-22.36649913,-41.92006944
-21.84068294,-43.82973802
-22.71451676,-43.62807172
-22.91796382,-42.38556176
-21.63940883,-43.29061083
-22.42127145,-43.4291226
-22.77629944,-43.2447367
-23.28987416,-43.49813231
-23.26999894,-42.61146752
-22.26621087,-44.27269061
-22.51334111,-44.0647282
-22.41250046,-43.8082639
-22.93265889,-43.10119317
-23.20778909,-41.8783538
-22.76713498,-43.44939126
-22.01338335,-44.15655547
-21.5640729,-43.75354641
-22.42117432,-42.31635207
-23.18878717,-42.2526369
-23.1292418,-44.17803112
-21.6316227,-43.80804914
-21.96629758,-42.23781398
-22.29112481,-43.99432446
-22.77226983,-42.28575216
-22.74651416,-42.45026247
-23.23877184,-42.68503813
-22.37008238,-42.78018733
-23.00614847,-43.59113497
-23.71544604,-42.27021399
-21.92575812,-42.80087729
-22.00262543,-43.82663069
-23.6112023,-43.71776183
-23.56427926,-43.26988061
-22.26377811,-42.76429561
-23.33083688,-43.07395332
-23.30698809,-42.7074121
-22.09669146,-43.62369085
-21.71965906,-42.31533698
-21.72709131,-42.89608081
-22.20288008,-42.68628913
-22.96520435,-43.52444743
-22.3218452,-41.92264951
-21.63898091,-42.4783404
-22.28894162,-41.92375118
-23.26771076,-44.19261256
-22.5981651,-42.69244348
-22.34233771,-44.20026324
-21.83105311,-42.95598527
-22.7927525,-43.25562512
-24.2104202,-42.90495756
-23.41842187,-44.50132639
-22.55628308,-42.59730679
-23.176799,-43.16802392
-22.82846073,-41.68769186
-23.97641244,-43.30259433
-23.53890789,-43.19867868
-22.66543277,-42.46677598
-22.88322787,-44.25719107
-22.97000805,-43.30576818
-22.56489903,-44.52667592
-22.53532017,-44.67284637
-23.46160886,-43.35418433
-22.09306774,-43.58400702
-23.44306991,-42.28672326
-23.03658333,-43.17733723
-23.09943966,-42.54639261
-23.20085081,-42.86291444
-23.42990135,-43.74382612
-22.50917935,-43.94813717
-22.6074127,-42.62599923
-22.90560765,-43.52771907
-23.19713444,-42.93207543
-22.71399886,-41.6499328
-24.19521001,-43.67580157
-23.7926526,-43.83131473
-22.53372355,-42.12560961
-23.23497628,-44.0108539
-23.13444992,-42.99464817
-22.14823658,-43.13917568
-21.91905167,-42.38902283
-23.99085432,-42.2025926
-22.91503069,-44.76498469
-23.58475888,-44.34639473
-22.93572178,-42.11193616
-24.00808935,-43.79618152
-23.81536917,-43.05040226
-23.86512393,-42.99454282
-22.35859205,-42.44757526
-24.10859416,-43.483308
-21.67116807,-42.60937369
-22.88241543,-42.81360576
-23.42113172,-42.9574429
-23.33098033,-41.87690786
-23.25183749,-44.53992763
-22.59246667,-41.84279414
-23.7072376,-43.61039063
-22.51947052,-42.51561912
-23.05442265,-44.73700879
-22.87691918,-43.59568127
-21.87509355,-42.44824382
-21.9362673,-43.13882961
-22.88163604,-44.37751519
-23.44101889,-43.82956721
-22.33107962,-44.02557307
-22.44888474,-44.59505067
-22.56341314,-43.74955806
-22.18844198,-42.26074358
-23.67691028,-43.68328025
-23.64628556,-43.61137904
-23.20877505,-43.07947326
-22.54951767,-42.63461019
-22.57185415,-41.71771031
-22.49860143,-41.84980244
-22.24935667,-44.18982043
-21.69622439,-42.72026724
-22.11867857,-42.00161187
-22.00534232,-44.22626544
-21.88441986,-43.30043853
-22.99280773,-42.35950215
-21.78507948,-42.2154234
-22.83964743,-41.96388626
-22.73888674,-42.98589112
-23.75340625,-42.82661177
-23.11332531,-42.58758208
-23.46102519,-42.67970549
-22.54637951,-42.56278358
-22.39860143,-43.20249802
-23.14979223,-44.04058837
-22.59619287,-43.97672471
-23.44006327,-42.94736377
-24.17880954,-43.28037761
-22.93194506,-42.17569471
-22.66205746,-42.1698176
-23.91478262,-42.47180486
-22.21291938,-42.02484615
-23.33493233,-42.60747912
-21.59193542,-43.10886957
-22.3639101,-42.8579696
-24.143754,-43.46431559
-23.47027623,-42.62849239
-23.31348725,-42.27054146
-22.43241247,-42.61628464
-23.24067554,-42.92345785
-21.59333012,-43.63502367
-23.80062058,-43.50369475
-22.41844718,-42.85886239
-24.16362813,-42.56590826
-22.45740696,-44.4997024
-21.6303889,-43.14446619
-22.34539551,-44.07987819
-23.35452587,-42.63778881
-21.66077464,-42.46539681
-22.74640264,-43.91115512
-22.5260449,-43.3742991
-22.37454959,-41.89240805
-23.74296604,-42.40310394
-22.12503997,-43.59868483
-23.32989857,-44.43413952
-23.45247116,-44.10186225
-23.82244198,-44.12771923
-21.58176042,-43.66098548
-23.45214182,-42.98734448
-23.84367102,-42.61112971
-24.12052209,-43.84798478
-23.39952782,-42.10284447
-22.59042273,-42.91898676
-22.05722528,-42.04925699
-23.24575066,-44.57836491
-22.79156302,-43.99204322
-23.4298646,-42.21680736
-22.37084982,-41.84909219
-21.67585729,-42.90070837
-22.5583658,-42.09124902
-24.26438935,-42.99820466
-22.71492082,-43.28031378
-23.81383256,-42.47210977
-21.95143044,-42.54086219
-22.12008065,-43.73338456
-23.93255384,-42.25019728
-22.60602377,-42.55549582
-23.88913054,-42.46059719
-22.80522451,-42.99840825
-21.70064494,-42.74880825
-22.10712162,-43.49081293
-23.29001796,-42.35798231
-23.67169456,-43.13979568
-22.87694947,-44.71949797
-23.60316217,-41.88804515
-23.3140857,-43.45342227
-21.90501467,-43.10866683
-22.80573891,-42.63050378
-21.87111535,-43.35974195
-23.79813917,-42.33148929
-23.43891856,-43.43076486
-21.68773402,-43.96745502
-21.83788773,-42.90610019
-23.86987368,-44.34305853
-24.07411049,-42.94667995
-23.60736365,-42.4411287
-23.5935155,-44.04260714
-22.35054167,-42.85458736
-24.22260967,-43.6709819
-23.42724572,-43.67223288
-23.34610478,-44.40163498
-22.96946972,-42.3579063
-22.43671825,-43.58292774
-23.8486874,-43.56211001
-22.59195442,-42.746297
-23.3767343,-44.62440691
-21.72916605,-43.54805627
-22.88749977,-42.32278131
-24.11667069,-43.20628314
-22.48748359,-44.49528078
-21.74596867,-43.60675117
-23.49527652,-44.1391045
-23.03738362,-41.79471089
-22.6191566,-43.62247622
-23.36624633,-44.52015091
-23.56525565,-44.19516012
-22.92771732,-44.75832391
-22.88324946,-43.68592172
-22.62923086,-44.23658726
-23.90973256,-43.02679262
-22.79560309,-43.10848546
-23.13144609,-43.52845615
-22.32410283,-43.66659363
-22.81858264,-41.69310738
-22.8359725,-42.76436443
-21.93442217,-43.5212681
-23.13847358,-44.31931656
-23.25962548,-43.40264403
-22.37450132,-44.15853636
-23.07799459,-42.50093565
-21.65102438,-43.60952192
-23.37718077,-44.63750596
-21.52595824,-43.56504883
-22.93717547,-43.05015773
-22.66002597,-42.75897471
-21.91244191,-42.92503003
-22.9212717,-43.39198458
-21.78791755,-43.9769821
-23.9996354,-44.19128543
-22.16186013,-43.07993963
-22.72715765,-44.50094798
-22.82265517,-43.64824318
-23.43730043,-43.06657884
-22.77237756,-43.69692455
-23.18954348,-42.42055586
-23.2605512,-44.02573629
-23.04648265,-41.99983757
-23.52256771,-41.88503596
-23.66523956,-44.27159108
-23.05404614,-42.23110021
-23.49738645,-43.18991413
-22.90326819,-41.68738071
-23.72304548,-42.23505261
-23.25478194,-44.09555943
-23.17528538,-44.0452166
-23.69454811,-42.32654757
-22.54875111,-44.39969675
-21.85364132,-42.56280418
-23.38667975,-42.9094055
-22.36870326,-43.6000109
-23.10003781,-44.72099436
-23.87973329,-42.61262106
-22.56420887,-43.37474653
-23.1492449,-44.50420022
-23.01358347,-41.70168197
-23.13643542,-43.90115455
-23.60936167,-42.7504092
-23.74682804,-44.3002905
-21.50180069,-43.08942738
-23.6994003,-44.39097332
-23.37472635,-43.9797489
-22.66066234,-44.43884364
-23.55922203,-43.05029871
-21.71594716,-42.7020249
-21.97257376,-43.51123405
-22.82485581,-41.76704804
-23.79923633,-42.97174609
-23.26644241,-42.52985727
-22.6562268,-42.97910476
-23.08754452,-42.00779273
-23.06178157,-44.67408274
-23.79011354,-42.78401779
-23.41958545,-44.06410325
-21.88562989,-43.28543637
-22.10667126,-43.0034679
-22.68572888,-42.41904659
-21.6720294,-43.8494026
-22.96245761,-43.5453288
-23.03956496,-41.99664975
-23.12378113,-41.71138178
-22.0427516,-42.19705272
-23.63883757,-41.93458457
-21.78749085,-42.51258346
-22.86256271,-41.6543509
-23.33713844,-42.74664049
-23.28949646,-43.27430842
-22.76758035,-42.34482152
-22.53095944,-42.73652498
-22.55908975,-42.30082602
-23.01232985,-42.00143383
-23.53933132,-42.99123963
-23.50594061,-44.01821159
-23.65271222,-42.22540696
-21.73904256,-43.05219735
-23.71827644,-42.79357677
-23.28929545,-41.87812018
-23.23609764,-42.44804014
-23.75925962,-44.27081121
-22.78428848,-42.38176045
-23.8547123,-43.48313215
-22.21422564,-44.24928995
-23.64155643,-42.75696816
-22.27163367,-42.25323496
-22.0414616,-43.46267559
-21.8841032,-44.14084472
-22.86190377,-44.68309431
-23.21786794,-41.97768674
-23.51042781,-43.87241343
-22.90864371,-43.66035401
-23.33184828,-41.86406951
-22.57011661,-43.52213952
-22.44814311,-42.37073781
-22.58387381,-42.62505088
-23.3451296,-42.37893222
-22.73553108,-42.84570352
-22.25783545,-42.80009123
-22.41629297,-42.63744076
-23.05387329,-42.96010313
-23.37958937,-44.33785712
-23.63201712,-42.94766892
-22.65345926,-42.7067408
-22.27496923,-43.36409946
-23.77826389,-42.504698
-23.40916509,-43.33760333
-23.02756951,-44.02549908
-23.32563633,-43.97489396
-22.87813034,-44.76232929
-22.64202925,-42.5642316
-23.87040953,-42.85088338
-23.20268197,-44.0500635
-22.87768736,-42.01977743
-23.97694143,-44.08757246
-22.79751634,-43.53223568
-24.24688673,-43.6906948
-22.74661862,-44.2581422
-23.31858347,-44.52737799
-21.86637172,-42.88745256
-24.16523254,-43.58156877
-23.71972878,-42.15710879
-22.92857983,-43.39261459
-23.80237041,-43.89628366
-22.78252977,-42.24817398
-23.1345386,-42.7437677
-23.9755214,-43.59070805
-23.4669211,-44.25765621
-23.99338523,-42.3267491
-23.82797199,-43.29422678
-23.98173343,-43.11955047
-21.78119631,-43.92492602
-22.72825481,-43.66772334
-22.99603768,-42.84585918
-22.85912268,-43.1993214
-23.92335698,-43.70660244
-23.96236442,-42.69114506
-22.30926163,-42.8353226
-22.84765788,-44.37989456
-23.77752933,-42.36899848
-22.84389386,-44.50899239
-23.95296434,-43.60320273
-24.34853109,-43.32981086
-22.62030547,-43.80849618
-23.43822707,-43.42727685
-23.07166367,-43.17869158
-22.40942035,-43.6711033
-21.96688864,-43.90917645
-22.08980726,-42.54893864
-23.05365187,-42.58322206
-22.0800167,-43.00949508
-23.39781912,-42.19693466
-22.26015761,-44.31834808
-21.95237187,-42.98959292
-24.22975891,-43.00082197
-21.61260674,-42.52025083
-23.38403276,-43.92894826
-23.1498464,-41.79721258
-23.04209766,-42.70219604
-21.78513881,-42.91002723
-21.786445,-42.2114198
-22.8496113,-43.79720108
-23.09419014,-42.52423781
-24.21055431,-42.72174544
-23.80043995,-42.91421394
-22.74971644,-42.12462678
-23.31232268,-42.83416173
-21.63139756,-43.38332306
-23.52599687,-43.02102703
-22.3530446,-43.5893954
-22.4680102,-42.32085056
-23.35827506,-42.12072993
-23.30677088,-41.88750623
-22.08397099,-43.06838792
-22.70820552,-44.55764159
-23.66919842,-44.14751022
-23.81216684,-43.38064903
-21.6471399,-43.6373766
-23.15900098,-43.56846809
-23.61576162,-42.66288738
-22.84761989,-42.82896344
-21.66039711,-42.57363382
-22.88726138,-42.02787669
-22.80039118,-41.66613932
-22.13444868,-43.59465518
-23.0567108,-44.26276312
-22.27800009,-42.13664062
-22.16590436,-43.42234733
-23.0166754,-44.7011317
-21.7324112,-42.30215426
-23.28963257,-44.57243909
-24.19599516,-43.19488514
-22.59207267,-41.68155806
-22.35148003,-43.11301385
-23.77010582,-42.59616222
-23.26944962,-42.46141626
-23.55450419,-43.08950521
-23.05198859,-43.08192874
-22.72075837,-43.23531407
-22.03682904,-43.27670874
-23.23570067,-42.63437406
-22.28557333,-42.14080336
-24.18396524,-42.69890632
-23.98488124,-42.26759437
-21.61298257,-43.34244395
-22.22727627,-44.28311183
-23.53934894,-43.1234207
-23.92699839,-43.31704714
-22.09984096,-43.55647063
-22.77195391,-42.84887824
-23.14692635,-42.90671516
-23.17686828,-44.7040427
-23.36315437,-44.42272329
-23.27770076,-42.88611436
-22.57701998,-43.87616091
-22.54853515,-41.78051127
-24.10274694,-43.92185701
-23.13606659,-42.63953855
-21.90009288,-43.92845818
-21.65968273,-43.66489404
-23.71206096,-44.41554949
-22.74671685,-42.48888677
-23.66709859,-43.43992748
-22.57817335,-42.11632847
-21.72674946,-42.55434568
-23.65489395,-42.96734684
-22.44101847,-44.45692277
-22.71277917,-42.79867246
-22.17327123,-43.64121026
-22.06069804,-43.01085452
-23.23751605,-42.52280104
-21.87213519,-42.17191711
-21.65826752,-42.94602594
-21.83424434,-44.18684039
-22.71196827,-42.79507797
-23.53852034,-43.30161624
-22.5676036,-42.24616859
-21.59905012,-42.71253738
-23.83333062,-42.97858935
-21.9732634,-43.91905049
-23.56333176,-43.75412626
-23.95071169,-44.19426534
-22.56740439,-44.26874217
-22.37080544,-43.33816438
-22.33324129,-43.08106642
-23.23618855,-42.14058476
-22.82033451,-43.47398732
-23.58213536,-42.30416469
-21.64035599,-43.22610815
-22.52757622,-42.41899625
-23.22641365,-44.24124968
-22.23326269,-43.89050559
-21.71305493,-43.38079474
-21.89869459,-42.8545646
-23.25000129,-42.32023109
-23.26285674,-42.60737749
-21.69882281,-43.15138325
-22.5750088,-43.88369114
-22.80041048,-43.40650505
-22.6660436,-43.09418208
-22.71891097,-42.3523819
-23.63171183,-42.13157006
-23.9266248,-42.22513809
-22.54172978,-44.2176851
-22.53621606,-41.91608796
-24.16370892,-42.91882483
-23.88275975,-42.91273209
-22.53100269,-42.55673722
-23.6858556,-43.38425449
-22.29118353,-43.69782419
-22.16355592,-43.27755256
-23.3710176,-41.86504337
-24.07888295,-43.99835506
-23.03473841,-44.72388274
-23.87908719,-42.04991855
-22.91329256,-43.77940467
-22.40811053,-41.82344374
-23.93016412,-42.20915453
-22.5302842,-43.42641469
-24.26371406,-42.99593334
-22.95993939,-42.02344352
-23.21248462,-41.93142482
-22.73151421,-43.51359152
-24.24436139,-43.75034846
-23.01056918,-41.64061615
-23.12593549,-43.10055712
-22.06757689,-43.17708191
-23.59228543,-41.85958471
-23.52025653,-44.46441795
-23.52218181,-42.92680196
-21.48196731,-43.37063605
-22.94790958,-42.70533136
-23.68075337,-42.12611881
-22.43420137,-41.77693472
-24.06210868,-42.50453331
-22.51465194,-43.6440856
-22.56119684,-41.68898398
-23.06654661,-43.0416368
-22.4584607,-44.5839874
-23.22601313,-44.21301564
-23.87450222,-44.16407167
-23.87076782,-43.77396151
-22.34042971,-42.25490849
-23.5054065,-43.13744732
-21.8639365,-44.06511087
-23.0753451,-43.67376919
-23.42674752,-43.56027019
-21.55785719,-43.62661676
-23.15566659,-43.90978599
-22.41966221,-44.32404927
-22.75420829,-42.83358653
-22.94587307,-42.96784366
-23.4754913,-44.34564643
-22.6766169,-44.29878302
-22.94397056,-42.51448595
-24.18314169,-43.28499752
-22.08133843,-42.97414887
-23.68674805,-44.46181385
-23.33543585,-43.69480529
-22.64573045,-43.26788303
-22.40229818,-44.02774155
-22.18179562,-43.8381678
-22.77274532,-42.64523976
-22.74650732,-43.05976741
-22.28443687,-42.07643376
-23.30728224,-43.69326377
-22.87980365,-44.36457682
-22.43384856,-42.87794967
-23.31242565,-43.99480646
-23.56461223,-44.25066289
-22.10427673,-44.20802353
-23.12433399,-42.71932243
-22.69365989,-42.89121256
-24.31998994,-43.09337045
-22.41970686,-43.48421685
-23.17633409,-44.59961729
-21.92124227,-43.32869201
-22.76005108,-43.72104518
-22.0352736,-42.17279029
-21.90057819,-43.30100933
-23.63346022,-43.85915794
-23.72981736,-42.55911229
-23.19305605,-43.98340218
-22.08379822,-42.4648634
-23.42835391,-42.30202568
-23.12527104,-43.90478515
-22.12869094,-44.1583029
-21.71962529,-43.78692896
-21.67664013,-43.06075387
-23.40586169,-43.80371189
-22.9065886,-43.87566752
-24.24672849,-43.58883636
-23.95873929,-44.13095567
-23.59568546,-43.0873276
-22.82072641,-44.6563403
-23.63745976,-42.36134134
-24.07935699,-42.43993951
-22.4815285,-42.07213341
-23.59993174,-44.3425585
-23.57207756,-43.98801481
-23.47848205,-43.7370649
-22.53520678,-43.45070477
-22.76297838,-44.43058835
-23.4107452,-42.40004752
-22.52374074,-43.50406341
-23.04284851,-41.73808169
-23.12714852,-42.45251933
-23.66021016,-43.946501
-22.5195631,-41.70575337
-22.38710571,-43.71503966
-22.44823269,-44.04498833
-23.59001052,-42.77327263
-21.89502421,-43.23082919
-22.52015848,-43.08844998
-23.21099713,-44.32551216
-23.27457612,-44.15398319
-23.20507152,-44.35949629
-23.12982186,-43.58313416
-22.25874975,-42.32805513
-21.93377583,-43.91652848
-23.82446285,-43.14193372
-23.84046847,-42.58226381
-23.32993616,-42.38463986
-22.06650653,-42.90996422
-22.9026954,-44.47999712
-23.15403236,-43.43266178
-22.5837772,-42.01755959
-22.1063392,-44.16612959
-22.60880125,-41.81272359
-22.88687171,-44.64393205
-23.7358105,-43.28497677
-22.87228541,-44.28784112
-22.89276576,-42.35048332
-23.69206945,-42.19214464
-21.67285851,-43.81739761
-23.7845567,-43.14139347
-21.90794277,-42.57633796
-21.58299588,-43.52270572
-23.33820182,-41.98390718
-21.59786504,-42.53784564
-22.39729575,-42.04275312
-21.7122382,-42.51137614
-22.82728961,-43.47306298
-22.33483078,-41.80347441
-22.09738572,-43.33790705
-22.06091455,-44.3099602
-21.83777464,-43.46602124
-23.62482089,-43.98105293
-22.60309829,-43.82530878
-22.42389296,-44.38406108
-23.11274432,-42.60375598
-24.2278552,-43.08872525
-22.60707177,-43.91141455
-23.13394817,-43.29708198
-22.93837936,-41.75685479
-22.33711858,-42.26833302
-23.37450724,-43.41771997
-24.10427441,-44.0100221
-22.01396087,-42.70298125
-24.08507711,-43.7904306
-22.17735099,-43.58298686
-22.50588787,-41.87298839
-21.59157864,-42.8419363
-21.61313736,-42.78482259
-23.50199954,-43.7038672
-23.09185595,-42.97034417
-23.72813899,-43.51400229
-22.21610117,-42.75035437
-23.72377042,-43.50292688
-23.75388955,-44.45976242
-22.68007375,-41.84415048
-23.83575242,-43.40464069
-23.95967978,-43.39376727
-21.98408804,-44.14625894
-23.77162649,-43.68352608
-23.30191447,-42.76402491
-22.14283993,-42.91625598
-21.69521493,-42.64385575
-22.96314947,-44.36180681
-22.47339854,-42.09980013
-22.68221347,-43.18704525
-23.97279254,-43.976819
-22.36095536,-42.2169972
-22.15135555,-43.24669047
-23.94799675,-42.79599719
-22.13590068,-43.01491354
-21.98258283,-43.62799124
-22.5864869,-43.97826755
-22.34585683,-44.49048955
-23.86593634,-42.7593326
-21.82364794,-42.71033699
-23.7176217,-42.27002757
-23.38999044,-43.51031082
-22.02558181,-43.67381079
-23.98424474,-44.18979466
-23.35679678,-44.0508378
-23.41417299,-41.77238765
-23.52002262,-42.76902267
-23.85133615,-43.99927763
-23.31891003,-42.31790472
-22.4445582,-44.20850987
-21.59129991,-43.8438143
-22.10765544,-43.61800014
-21.85327203,-42.1379464
-23.31949098,-44.25594725
-22.42266892,-42.29381165
-23.0419318,-41.68963611
-22.37347784,-42.40913889
-23.88822414,-42.35235105
-21.93553049,-42.58825861
-22.32471369,-43.45606553
-23.80588423,-42.41044299
-22.63500331,-43.19774388
-22.11159549,-43.00561224
-22.4940752,-43.73866705
-23.58723892,-42.65699068
-23.72809403,-42.77030829
-21.72095301,-42.92480248
-23.83914622,-42.63375864
-22.78444425,-44.33009854
-21.48198478,-43.30347597
-24.06725143,-42.87781131
-23.25561074,-42.82689099
-23.21731776,-42.17116088
-23.39896244,-44.22022562
-21.82824144,-43.10590126
-23.58626426,-42.53236206
-23.63018021,-44.10195137
-23.61763744,-43.13407443
-22.32946558,-42.42347406
-21.98187485,-42.16182586
-23.37739606,-43.77777105
-23.72349625,-42.55135802
-21.49922785,-43.00343377
-21.51563604,-42.80583765
-22.85757175,-44.68509564
-21.59902756,-43.46842261
-23.57031804,-43.09313832
-24.02881235,-43.95918676
-22.65766142,-42.72001313
-23.16109915,-44.31800683
-21.69885847,-42.8957716
-24.11934115,-43.81545926
-23.90101031,-42.05820521
-23.04416186,-42.77804052
-21.57939176,-43.77787875
-21.8249128,-42.8373306
-22.90882043,-43.69749297
-23.79415447,-42.88706597
-22.024492,-43.64943049
-22.95090525,-44.64113734
-22.40850474,-42.42822096
-23.25238637,-42.77939316
-22.35386456,-43.74511222
-22.05921132,-42.32954232
-22.99005203,-43.42470443
-21.50502764,-42.93677738
-22.54681159,-43.61714202
-22.96100734,-44.59738514
-22.20057769,-43.37193723
-21.7323002,-43.04118178
-23.80536772,-43.7855685
-22.06953835,-41.93852081
-23.84154728,-43.12435459
-23.77550685,-43.67300647
-23.26745297,-43.78237495
-22.57544532,-43.48809126
-22.75046463,-44.22664116
-21.57100592,-43.23721123
-22.29062937,-41.94375038
-22.68450602,-44.34979002
-23.0037869,-42.64248335
-23.4793755,-43.17450628
-22.59609044,-43.69695448
-21.94664727,-44.35577332
-22.6863759,-44.02080666
-23.02886854,-42.13913515
-24.26802134,-43.69699155
-23.3159394,-44.42574071
-24.01143826,-42.39326698
-22.40091613,-42.86074991
-21.9688193,-42.07177705
-22.9718691,-43.49304539
-23.49086137,-43.79073174
-22.16188256,-42.44476768
-23.07257207,-42.08711748
-21.50339622,-43.33681834
-23.8682103,-42.30873768
-23.88084857,-43.93752522
-22.24472266,-44.35640757
-22.711409,-42.27725654
-21.79857872,-43.65111229
-24.13913776,-43.22032696
-23.50998406,-44.23938862
-21.90177519,-43.16352446
-24.28996735,-43.09217595
-24.0230876,-43.765426
-23.07582241,-43.70939239
-23.76961492,-44.3316592
-23.63910959,-43.69947104
-22.40945612,-44.36188357
-22.58557475,-42.73916313
-22.93553566,-41.79688102
-21.94160314,-42.93134931
-23.46072646,-43.52738184
-21.61500793,-43.11643261
-22.83611848,-41.9500424
-23.13441759,-43.51436951
-22.14853226,-43.60851572
-23.53738581,-44.5830343
-23.46600468,-41.82773088
-22.6993024,-43.45842906
-22.78523443,-42.87439037
-23.32921605,-43.42066954
-22.8012043,-44.70161703
-22.59209101,-42.75984373
-23.65085973,-43.28134569
-22.82738842,-41.88249459
-22.94986877,-43.91691007
-22.36403275,-44.11897562
-24.17187888,-42.97182395
-23.65789317,-42.11929652
-24.14218742,-43.85275393
-22.48678982,-42.05289823
-23.86626766,-43.82308673
-22.80722448,-42.17857246
-22.02539633,-42.92557416
-24.06576118,-43.94526498
-22.56684187,-44.016936
-22.939372,-44.0164182
-21.59953633,-43.45676569
-22.04810727,-43.13168599
-22.02754994,-43.7077103
-23.27945444,-41.8981583
-22.97691066,-42.78775449
-23.93524842,-44.06142023
-21.87586275,-43.44102234
-22.82518581,-43.95685903
-22.15950222,-42.05551557
-21.73000518,-42.82025593
-22.12114426,-43.13890153
-22.81101931,-41.72428839
-22.58090553,-44.47429372
-23.98357194,-43.65605339
-23.60587001,-43.83948255
-22.12804714,-43.37794382
-21.96272148,-44.04500832
-22.96216578,-43.08148284
-22.02328439,-43.53847847
-21.65899957,-42.79142564
-24.14157102,-42.59943007
-23.61020407,-44.20755022
-22.94746913,-44.76374655
-22.51998046,-42.16356493
-23.38915105,-42.38843182
-23.52848604,-42.00327139
-21.9130066,-42.59793427
-23.92317627,-43.87927546
-22.57632505,-42.737976
-21.69425374,-43.74646603
-21.79222138,-42.64938642
-23.30821792,-42.06869586
-23.4367848,-43.27732019
-22.04984633,-44.335635
-22.69500044,-43.59886254
-22.74113366,-42.55248211
-23.23846912,-41.91197883
-23.28102783,-42.78100288
-24.15525203,-42.70790828
-22.20980379,-43.89092874
-23.41325978,-44.15816776
-22.76150384,-44.03907346
-23.49551366,-43.35566117
-23.95418701,-43.05434031
-23.40589716,-44.25599969
-23.5629561,-42.79488642
-23.11433896,-44.49698596
-22.96501146,-43.67167542
-21.83568859,-42.51622502
-23.17194485,-42.16194424
-22.82842771,-41.73958927
-23.88336581,-44.17667711
-23.44687551,-43.41623025
-23.38053515,-43.57063857
-22.97792933,-44.53395567
-23.73538018,-43.00452602
-21.64703409,-43.91551462
-23.85012541,-43.45944063
-21.7651616,-42.4592835
-22.64657981,-42.09743854
-23.18040443,-42.40290868
-24.20588729,-43.24215596
-23.79826394,-44.14003181
-23.46719605,-43.55058126
-22.988358,-42.07798999
-22.8447524,-44.63033611
-23.7415788,-42.64715028
-23.1686329,-42.28602442
-22.12762924,-44.29433834
-23.59421068,-41.88214807
-23.1982392,-43.50391477
-21.59556068,-43.20333662
-22.8150104,-43.74247645
-23.28973348,-43.65968165
-22.0681767,-43.96756063
-22.78877315,-43.03142302
-21.54069612,-43.59252956
-22.29781704,-42.03065385
-22.35124398,-44.47565102
-22.70664197,-43.18643052
-22.04471627,-43.01952293
-21.75281516,-42.76823889
-22.99452781,-42.87867362
-23.10578011,-43.52081631
-23.08738193,-42.12526553
-23.01976055,-44.71372333
-22.18159973,-43.1964989
-22.6942042,-43.17395762
-21.99136689,-42.51971691
-23.31293771,-44.40574207
-23.04804828,-44.2643011
-22.83688455,-42.34118812
-23.21874858,-43.21403262
-23.48715059,-43.86059268
-24.0433989,-43.98892796
-23.115015,-43.37478845
-22.99610621,-44.06044463
-22.34088222,-43.94374007
-22.01329517,-42.34726291
-23.31174529,-43.23515931
-21.67176606,-43.02785566
-21.81881036,-44.19713085
-22.99728604,-42.22257606
-23.2013626,-42.3881125
-21.54461987,-43.37442098
-23.08796591,-43.48299189
-22.68611759,-44.65275012
-22.16391906,-42.33835826
-22.73285847,-41.93691828
-23.80877312,-42.43439034
-24.32405483,-43.48139855
-23.88473226,-42.12648972
-22.89609155,-42.95059017
-23.49418834,-43.86888869
-22.72984059,-42.62372787
-23.45838337,-42.02056338
-23.68207111,-42.81341052
-21.94689869,-43.58539887
-22.83987657,-43.57524519
-23.13516829,-44.68789639
-23.07334973,-42.16869639
-22.20434166,-43.57069059
-24.28309697,-43.45000869
-22.30934266,-44.31681964
-22.69232436,-42.56551731
-23.61668786,-42.58026859
-23.70908128,-42.76529195
-23.78427638,-42.52302646
-21.9885253,-43.06590337
-22.29284855,-43.9000354
-24.18184839,-43.1275509
-21.95348947,-44.04387968
-21.9768461,-42.10417098
-23.73325216,-42.31936318
-21.5520033,-42.83167798
-22.29537293,-42.59278957
-22.92275447,-42.14567949
-23.99917333,-42.27654479
-23.31662235,-41.79223257
-23.77000937,-43.66128112
-21.85297008,-43.89006645
-22.80613103,-44.23963783
-23.1272623,-41.94411949
-22.66799163,-42.2922003
-23.77651519,-42.76822172
-23.93940169,-43.50765387
-22.00719058,-43.98007954
-23.7578994,-42.24369996
-23.14977108,-44.34035308
-21.99728815,-43.09278643
-23.86971922,-43.92450372
-22.07928681,-43.57980234
-24.01947663,-42.56513525
-21.96604557,-43.73384879
-23.65496164,-43.77037036
-22.30340899,-43.08062085
-23.62809741,-44.03196692
-22.33519006,-44.35042774
-23.74699363,-42.20233042
-23.18906421,-42.08169117
-22.30266309,-44.4352539
-22.51313239,-44.4249382
-24.00592684,-42.3925358
-23.30724986,-43.31466118
-22.6790574,-44.7155949
-22.95274243,-43.34919725
-24.09977754,-42.84378607
-21.92278072,-44.32760042
-21.87560735,-43.83719503
-22.85474113,-42.3108086
-22.71382843,-44.33758041
-22.53745171,-42.20418402
-23.52558384,-41.82648362
-22.99760145,-43.7882882
-23.09806513,-42.91252182
-22.18088709,-42.93227606
-21.67698249,-43.7492782
-23.65096453,-44.4779552
-22.80407019,-44.45735956
-22.76835176,-44.5978582
-21.47866842,-43.02101474
-23.20768517,-43.48421927
-22.44186337,-43.96481854
-22.05839595,-44.01037409
-22.5438903,-44.11756888
-23.86343582,-42.23462277
-23.14336488,-42.04679031
-24.32019028,-42.85513732
-23.84651818,-42.03530096
-22.17388383,-43.74231791
-23.80355834,-42.49310122
-22.36723516,-43.09840494
-23.81444499,-44.14140815
-21.65316648,-43.88504172
-22.27808456,-42.39692838
-22.48646109,-43.1211581
-22.68303968,-42.97792043
-22.41710355,-43.82304944
-22.60253785,-43.28441052
-24.11729093,-44.03038529
-23.73344029,-43.04692033
-22.01522657,-42.76113721
-22.48494977,-44.43793546
-23.52677972,-44.27953281
-23.44721164,-43.87200063
-22.64965608,-43.66857882
-22.30798345,-44.53419853
-23.44176978,-42.7310802
-22.65202404,-42.29257627
-22.4418266,-42.93651113
-22.09482575,-42.9136509
-21.95459416,-43.61382722
-22.15134964,-44.01718441
-22.11055,-44.32922039
-24.12956168,-43.12815466
-22.37252861,-41.7657222
-23.10988772,-44.64578808
-22.40579718,-43.37887319
-23.89358857,-42.08800659
-23.49927283,-42.44484503
-23.29017356,-44.22071023
-23.26904099,-41.69191926
-23.93302159,-43.88679777
-22.35619327,-44.47965367
-23.41491975,-42.43433648
-22.41365935,-43.65870297
-22.95366734,-44.63425292
-21.70390832,-43.98171861
-22.69980752,-42.63331126
-23.21958821,-42.69233509
-23.63162941,-42.28328459
-22.91592386,-41.6822388
-22.86792793,-42.53232396
-23.45675665,-42.9892362
-21.67672395,-43.0990501
-22.00038397,-44.30821203
-23.01361464,-44.32987021
-21.80877095,-42.20653924
-22.57220173,-41.81363062
-22.36319691,-44.60147998
-21.71829232,-43.61766113
-23.11793823,-43.12661448
-24.02948122,-43.43999211
-24.06006252,-43.30324433
-21.74625264,-43.10123016
-23.82737104,-43.19822537
-22.27467283,-44.29155305
-21.88961102,-44.25681255
-23.6028444,-42.50097604
-23.31407417,-43.24945744
-22.88991204,-42.11413214
-23.0057551,-42.15576594
-23.41915086,-43.1036684
-23.12318702,-42.91101456
-24.00723527,-43.17472886
-22.13840839,-44.03461678
-22.35511834,-42.0322582
-23.00955773,-44.55038379
-22.58251683,-41.94302995
-22.34945727,-43.35257208
-22.80936891,-42.35069592
-22.37364651,-42.27033726
-23.71311237,-42.34594802
-23.68554386,-43.20171538
-22.27493659,-43.2824617
-24.33862671,-43.18429466
-23.27688454,-43.33406144
-23.04636176,-42.5769067
-22.19910304,-43.20498905
-21.74583761,-44.06583612
-22.85804662,-44.33122132
-23.77769617,-42.77286826
-21.51460988,-43.27010092
-22.11453264,-43.49828246
-23.78430797,-43.50051333
-23.45836705,-44.51801895
-22.59013444,-44.50234906
-23.42743861,-44.23159319
-22.14620607,-43.64706632
-23.68893909,-42.43595583
-22.53058242,-43.45115463
-22.47576385,-42.49410609
-23.4544341,-44.05323762
-23.02776329,-42.6918951
-22.02164338,-43.1789226
-22.66795348,-43.31306879
-23.61112725,-43.48818408
-22.88005177,-42.73450176
-22.65047285,-42.89752099
-23.15754962,-43.16792069
-23.12886688,-41.82657743
-22.63491033,-42.23988673
-23.0512646,-43.20078702
-23.99017898,-42.71899545
-23.37207753,-43.30306564
-23.92406189,-43.86835593
-23.05889526,-42.70268976
-23.25139007,-42.35852689
-22.45003807,-44.18463982
-22.26304957,-43.00678536
-22.9222707,-44.69634135
-22.78285427,-44.47593622
-22.74124268,-44.28127976
-22.23777208,-44.41626722
-22.21083122,-43.06678334
-22.66610194,-43.40829932
-22.15952122,-43.8645306
-23.49892456,-43.89457164
-22.20641999,-42.00590118
-22.59170717,-44.17308555
-22.72711806,-44.58984299
-22.84369837,-44.72766721
-22.59001607,-41.70082209
-24.24065563,-42.93130911
-23.75310951,-43.55298913
-21.99031187,-42.83380655
-23.39296067,-43.4182758
-21.91890443,-44.03204658
-22.80758328,-43.83939358
-23.66022194,-42.35280362
-22.82276398,-43.14740184
-23.32283694,-43.84612803
-21.99280306,-42.09632133
-23.19106927,-43.31770768
-23.33108095,-43.10461579
-22.42362851,-42.74360182
-22.7562029,-44.42147232
-23.50111525,-42.36067352
-21.69158104,-43.98717536
-22.60534791,-43.00861068
-23.93223616,-43.50578324
-23.87459991,-43.45303328
-22.83217541,-42.02781855
-22.99157937,-41.96042636
-23.43415102,-44.55526494
-21.58083688,-43.78354402
-23.77313719,-43.70418117
-21.63518717,-42.82360608
-21.94270484,-43.64041985
-23.95917512,-43.25084107
-22.39539212,-42.32564624
-23.83730408,-43.76268126
-22.7654684,-43.01530467
-21.77524727,-43.57140026
-22.32114689,-41.87030557
-22.42230622,-42.8355561
-23.03214416,-43.09140121
