Latitude,Longitude,elevation
41.85854726,12.38941309,44.7
41.84166655,12.56348101,61
41.88724766,12.46350926,77.3
41.83170097,12.48120994,44.8
41.93107033,12.47590061,19.8
41.84045306,12.4395713,21.9
41.88421561,12.42254797,86
41.85146964,12.56198835,57.4
41.93446709,12.48638317,12.6
41.81033149,12.48383363,53.2
41.86962835,12.47504409,13.6
41.893194,12.41441275,81.4
41.85899455,12.52911356,24.5
41.91607052,12.43166099,62.4
41.85938755,12.54830568,42.2
41.81327556,12.49258958,54.6
41.83880355,12.5038461,54.7
41.91451802,12.51506109,42.8
41.85058771,12.54937212,46.1
41.85327804,12.50020106,24.6
41.90091786,12.51722187,38.2
41.87753386,12.49229118,25.5
41.89493642,12.48207417,20.2
41.89428814,12.54535415,39.8
41.86579389,12.53498973,40.9
41.89502533,12.50021618,52.6
41.89670918,12.50395603,53.6
41.85094124,12.50073519,23.5
41.88590924,12.50577319,48.6
41.92911013,12.42541067,112.5
41.89642483,12.55736579,32
41.81193006,12.43028825,48.1
41.82229642,12.50827335,59.1
41.85123598,12.4967241,26.1
41.85587026,12.44765251,54.8
41.82681176,12.43073517,11.7
41.84974291,12.47426671,21.8
41.87987575,12.48433214,29.3
41.8141753,12.45401854,14.3
41.92912412,12.47723249,26.9
41.85549328,12.56437134,51.4
41.85176103,12.42103844,65.6
41.88702518,12.47388162,17.9
41.84897064,12.52268173,67.5
41.87546597,12.48015904,12
41.94264268,12.47724281,25.2
41.8150668,12.46729931,30.1
41.85893725,12.47015144,16.3
41.82346628,12.5232821,44.5
41.90656196,12.41092327,68.9
41.83845443,12.50563817,52.4
41.87924299,12.45538732,63.9
41.84652209,12.567083,63
41.91364243,12.53567755,36
41.86602597,12.51591871,17.6
41.86800403,12.47020791,13.4
41.93098714,12.47753147,39.2
41.90251918,12.44349724,30.7
41.88958621,12.52596523,40.2
41.90530563,12.42724751,94.4
41.83109416,12.44876868,9.8
41.85809702,12.51022509,39.3
41.91296519,12.40733009,90.4
41.87203047,12.43364212,54.8
41.83752653,12.46439133,36.5
41.87715676,12.38821938,35
41.90163558,12.42035871,87.7
41.83446377,12.41767009,22.8
41.86619871,12.49862349,23
41.8661819,12.43045134,51.8
41.89797349,12.42395798,84.7
41.83733262,12.52237799,66.1
41.86557308,12.49382075,19.6
41.93067694,12.48147153,69.9
41.84249869,12.39954402,41.5
41.90612748,12.50623451,58.3
41.93863165,12.45979617,34.9
41.81816533,12.47276945,42.8
41.91002444,12.42001817,89.5
41.91750982,12.48748936,50.9
41.91205247,12.55658252,26.3
41.87802883,12.46756911,14.9
41.81745726,12.4266402,8.1
41.92004468,12.41540174,95.3
41.81383248,12.53273401,70.6
41.8815326,12.56163406,37.4
41.849577,12.39817021,19.1
41.92551816,12.44989691,133.9
41.89118254,12.54963612,37.2
41.89480705,12.44685574,37
41.83957792,12.45494587,11.7
41.87012191,12.39592054,62.8
41.85320153,12.44046092,23.1
41.80511528,12.48904213,56.7
41.88019315,12.45788714,56.7
41.89909006,12.49938468,53.4
41.89807048,12.43965652,74.2
41.88015731,12.54223989,32
41.92213569,12.43860991,96.5
41.8352508,12.43859735,18.2
41.92990468,12.49494036,65.1
41.85126526,12.55182024,45.7
41.88091678,12.42247108,72.8
41.89927571,12.54655195,41.9
41.89989033,12.56883612,28.3
41.93000267,12.46693965,27.5
41.82135078,12.47530022,46
41.90776616,12.48930369,58.1
41.90906017,12.50123352,63.8
41.84150617,12.49693006,44.3
41.88545306,12.40759261,76.9
41.8251081,12.54259601,59.1
41.93383429,12.46328379,18.7
41.83600635,12.4626907,33.2
41.90582983,12.41098336,63.5
41.90869084,12.44233382,75.4
41.88993977,12.43806334,79.7
41.83678574,12.49829112,40.2
41.85696473,12.57007696,47
41.82914811,12.50257787,50.5
41.85916506,12.45619547,30.2
41.81132493,12.47803048,29.5
41.93648648,12.49774355,52.1
41.84711162,12.393328,56.1
41.91281853,12.55414432,26.4
41.90325145,12.4694829,17.6
41.86627204,12.5569779,50.9
41.80766942,12.47326682,34.7
41.87210621,12.55484777,49.3
41.80969014,12.5012534,56.3
41.92596981,12.51183962,43.2
41.9082387,12.52108672,27.4
41.90615891,12.49545226,57.6
41.88817999,12.44686486,74.8
41.85995555,12.48970513,33.2
41.89783639,12.43368491,83.6
41.80044685,12.47841775,43
41.92124618,12.53307865,31.5
41.86056424,12.49564625,33.6
41.84052351,12.44716517,19
41.91254264,12.43971436,68.2
41.847272,12.56850221,61.3
41.80933337,12.48784329,53.5
41.90908865,12.4097465,85.6
41.85207353,12.44758539,54.1
41.86638075,12.55439063,49.1
41.8601266,12.50451084,41.9
41.87239022,12.51069924,39.6
41.88883713,12.54080874,31
41.91218461,12.55805415,30.5
41.82645044,12.45003101,13.3
41.83277972,12.45273038,11.9
41.81570529,12.42662939,10
41.90869163,12.39899187,84.6
41.89048592,12.43763549,78.2
41.90972561,12.55939868,40.3
41.92970028,12.45805908,20.5
41.80575643,12.46959895,41.3
41.89695786,12.46636723,15
41.82873862,12.46793118,23.4
41.86910558,12.50681559,14.9
41.84535045,12.55799431,55.2
41.83262015,12.43098498,11.3
41.81910277,12.4675457,25
41.85858313,12.43736226,47.6
41.86348297,12.4706838,16.2
41.87926774,12.53017742,43.5
41.8651386,12.49998985,26.8
41.88956236,12.43198314,74.4
41.81797682,12.49702716,43.3
41.81680294,12.42043688,6
41.85284247,12.490456,15.8
41.93183269,12.4482101,109.2
41.87591008,12.42828204,78
41.8197538,12.43858096,16.6
41.83673572,12.54788246,67.4
41.81233527,12.44380961,29.3
41.82157068,12.54715898,63.9
41.86289388,12.48319893,26.6
41.86934925,12.45328642,50.8
41.86282283,12.48313564,27.4
41.82782392,12.54006107,74.1
41.86627306,12.50592838,19
41.91794406,12.51524819,42.3
41.93571415,12.47980535,14.3
41.82805894,12.49092677,48
41.82664219,12.43655985,9.8
41.84556583,12.53076043,72.2
41.81754264,12.43642754,12.3
41.89456522,12.40230334,62.2
41.91382649,12.4234975,92.9
41.81477174,12.45760885,24.2
41.82236353,12.53915818,67.5
41.91657884,12.53590987,33.5
41.90461499,12.42931798,84.5
41.8907206,12.44588543,80.2
41.8577707,12.47635878,11.4
41.86022424,12.40976935,62.4
41.82411185,12.55096015,85.1
41.88824954,12.43409741,76.1
41.93153724,12.44098593,117.4
41.84981638,12.4375264,52.4
41.82159826,12.44198157,18.6
41.84034847,12.45680846,14.5
41.85887448,12.52245416,45.4
41.85685718,12.55390656,51.8
41.81415827,12.48001168,52.4
41.80710271,12.4819642,55.6
41.88262234,12.42541746,81.4
41.8101332,12.51426734,61.9
41.8612425,12.39826253,57.1
41.92072182,12.49982317,59.2
41.93691478,12.44961058,92.7
41.88552857,12.56991182,37.5
41.90520415,12.48037918,16.8
41.89985266,12.46715305,17.3
41.87903898,12.48187427,19.5
41.84977228,12.48727909,32.3
41.83847363,12.43190924,49.3
41.91542017,12.48172435,47
41.8281267,12.4328596,7.2
41.86576963,12.52013753,18.7
41.87860311,12.47021595,3.4
41.83969253,12.44160317,37.9
41.92387785,12.41814636,101.7
41.88996041,12.4781713,3.8
41.82773318,12.40510429,48.3
41.85653524,12.54996472,48.1
41.9004169,12.44255097,48.2
41.85489548,12.49226209,21.4
41.87066682,12.40071631,64.5
41.90121976,12.41799441,87.1
41.88757048,12.40079859,69.1
41.9182804,12.49255739,60.8
41.90784134,12.55839691,31.8
41.91576435,12.45761838,14.6
41.85161026,12.47461975,15.2
41.82687971,12.53108235,46.9
41.82532872,12.45454965,22.3
41.81847978,12.52703667,56.6
41.87012194,12.5561889,51.5
41.85279332,12.43430919,26.2
41.86384286,12.39301123,43.1
41.82228041,12.46667556,32.2
41.80795428,12.4395897,49.4
41.90121902,12.42306109,89.9
41.85070573,12.43174212,47.6
41.82455409,12.53184202,62
41.87269387,12.41750786,59.8
41.81515022,12.49873082,46.7
41.90022184,12.48726491,50.5
41.86703342,12.53351777,38.7
41.87732829,12.46982483,2.4
41.92364273,12.42671208,108.7
41.85765966,12.39552419,22.9
41.91221533,12.55290773,25.9
41.81746763,12.51095103,43.1
41.90775113,12.49476859,57.3
41.84973844,12.47610269,32.8
41.89428907,12.48372129,47.5
41.90309959,12.51039968,51.5
41.87757989,12.45288932,36.8
41.91686311,12.44571967,102.6
41.84420174,12.47365827,39
41.91683865,12.41337597,92.9
41.89152525,12.42485479,89
41.88480317,12.54253927,29
41.87918301,12.54564037,39.6
41.9155365,12.48861836,44.6
41.89774816,12.44059447,57.7
41.88278304,12.3971042,54.7
41.88829974,12.42322907,83.7
41.87354632,12.40417794,64.4
41.91561522,12.45475524,16.1
41.83040936,12.48537483,52.2
41.81362763,12.53007554,59.4
41.87736932,12.42549535,81.7
41.87619393,12.54893523,44.2
41.85443462,12.54191117,47.3
41.94165794,12.49415266,19.9
41.88813001,12.52652484,44.9
41.84750081,12.39878978,20.4
41.90160822,12.50581948,57.3
41.84240326,12.42556176,56.5
41.90002392,12.45106727,31.1
41.87258606,12.4433821,52.5
41.87758952,12.43118956,74.3
41.92246292,12.48504987,41.1
41.89354283,12.47472066,17.8
41.91859306,12.55196394,22.1
41.87139994,12.56638666,48.5
41.90892957,12.41629582,78.7
41.8597258,12.43362611,35.4
41.89134779,12.45915376,63.9
41.93158883,12.51236162,55.5
41.92615203,12.52265359,40
41.86251022,12.51800034,21.5
41.81725692,12.45613144,14.8
41.81385271,12.48933965,51.3
41.86764327,12.49555325,19.3
41.87053677,12.38916591,32.5
41.85512277,12.57064191,46.8
41.92432366,12.48379447,35.9
41.91780516,12.49862486,60.5
41.87590261,12.5350157,51.1
41.90899944,12.41714653,67.6
41.81314905,12.50321314,56.2
41.89724959,12.47267587,16.2
41.85711346,12.49465248,30.5
41.83767901,12.49629016,39.3
41.86037107,12.5224149,20.9
41.93162409,12.53214785,21.9
41.81888578,12.49628324,42.1
41.81120795,12.45065725,38.7
41.88728892,12.56305179,31.3
41.93661203,12.46338542,20.4
41.86813275,12.54618378,36.9
41.84497634,12.50441753,24.2
41.84660526,12.42727759,47.1
41.91062341,12.43523572,45.4
41.88582253,12.46088533,78.5
41.82522255,12.44121297,11.3
41.87525479,12.40670614,71.5
41.86131297,12.52772836,40.4
41.89386266,12.46080025,70.8
41.90354921,12.41099085,66.3
41.88648169,12.50532387,48.8
41.90291116,12.56601621,30.5
41.84538959,12.5632647,63
41.92246226,12.50250651,54.1
41.91301782,12.51160314,45.1
41.92235704,12.44726252,105.7
41.90174197,12.54692436,43.2
41.91423124,12.459781,16.5
41.85607984,12.38679803,60.8
41.88253211,12.55919643,44
41.85348665,12.41934448,59.5
41.91067359,12.51424583,42.3
41.8195402,12.51456209,50
41.91414307,12.4509816,20.6
41.88623863,12.55340835,42.4
41.82643129,12.45393939,21.2
41.81945041,12.46021402,14
41.8513342,12.54569894,46.4
41.88225902,12.56206428,36
41.88214831,12.47000444,10.7
41.89194223,12.43329398,82.8
41.8437937,12.43136974,50.2
41.9126618,12.48837681,56.9
41.87543693,12.48601817,22.1
41.8488447,12.40958411,42.9
41.86293118,12.41643052,54.4
41.93814493,12.46736723,30.1
41.88156545,12.41678988,70
41.88915066,12.44380573,73.5
41.92304315,12.54704135,31.4
41.83377995,12.50454192,47.3
41.84091346,12.47851441,21.1
41.87748558,12.51711338,44.4
41.89495776,12.40974201,75.9
41.80465582,12.51036295,69.8
41.83071118,12.54849914,78.2
41.81047598,12.52081152,63
41.91591194,12.45053061,22.9
41.83462236,12.42784309,28.3
41.92076351,12.52109407,35.1
41.904801,12.50071525,59.4
41.83527204,12.47746163,34.5
41.85132686,12.57030186,53.5
41.90908144,12.49113253,62.1
41.82119803,12.46864192,29.6
41.87797037,12.41896568,63.4
41.8718247,12.45204403,62.6
41.91730637,12.4254454,91.6
41.88207716,12.40931494,62.9
41.85462166,12.50204743,30.5
41.82691868,12.46093769,32.5
41.80482597,12.45243245,34.9
41.87103446,12.55300462,47.2
41.85678817,12.39666422,21.1
41.90051515,12.5340794,23.5
41.91792075,12.50861652,46.9
41.87233072,12.44154539,56.1
41.82269731,12.49541364,48.1
41.91093719,12.50592708,61.2
41.84008648,12.53520179,76.3
41.93102969,12.50647501,51.5
41.91120942,12.43605693,60.3
41.84610552,12.54587971,55.6
41.93316174,12.49608495,47.8
41.85669699,12.52351637,46.7
41.90652487,12.42624331,97.5
41.83954088,12.55571172,60.6
41.9431282,12.48540569,18.9
41.88940455,12.39892546,60.9
41.82093265,12.48770104,37.4
41.86845934,12.49045746,16.8
41.85283414,12.55039303,49.2
41.81786549,12.42669664,8.7
41.82636204,12.54107958,59.8
41.83842605,12.43971286,25.7
41.89649823,12.49751268,56.5
41.92295748,12.43210912,63.4
41.9040839,12.56057965,27.1
41.92870767,12.50571652,49.9
41.90728207,12.48700442,64.7
41.8422774,12.50774328,28.4
41.82715774,12.43634832,12.1
41.81179679,12.46996209,22.7
41.8694836,12.42846433,50.6
41.85455798,12.54531589,50.1
41.87288147,12.4003143,65.2
41.83426138,12.49799056,47.7
41.91137264,12.45169862,21.5
41.93263006,12.43667041,104.5
41.89916732,12.51399741,49.5
41.91663258,12.54779271,32.1
41.85926666,12.49644654,34.6
41.8600004,12.50670648,35.2
41.83223908,12.5335737,77.8
41.86839679,12.53911464,47.7
41.87775988,12.48054084,16.3
41.88271606,12.52860407,41.3
41.85981245,12.50779877,37.7
41.93333539,12.4836566,13.2
41.90928717,12.43915141,70.4
41.84889562,12.39909889,17.1
41.87163194,12.49974634,31.2
41.80949294,12.45442776,19
41.87396258,12.49276668,47.9
41.90533174,12.47084226,16.6
41.88565077,12.43084378,80.9
41.85896067,12.46517839,9.7
41.91822623,12.52797207,19.9
41.8139772,12.44734357,36.6
41.8396982,12.42855126,36.8
41.91669925,12.42963221,62.1
41.82692956,12.43482862,7.2
41.80576817,12.49400628,58.5
41.83398923,12.45573139,11.2
41.91609738,12.41891736,78.4
41.85839926,12.43002487,44.9
41.88395049,12.41856815,74.9
41.85137127,12.55496336,51.1
41.86340242,12.40997801,57
41.89457055,12.39715843,66.3
41.90186684,12.49457379,49.9
41.85252861,12.41137356,58.2
41.81625211,12.47814216,48.8
41.88944833,12.52785412,42.6
41.91963172,12.51465394,35.1
41.82639693,12.4708976,27.8
41.87651805,12.39656378,57.6
41.84154918,12.55275232,58.1
41.94100788,12.50007728,18.8
41.90927299,12.40506641,72.6
41.9182574,12.54951737,21.4
41.87588838,12.52144611,45.8
41.846332,12.41245703,36.2
41.86382447,12.44216341,44.7
41.88428293,12.47001888,16.6
41.8797721,12.54389156,32.7
41.88396127,12.45918278,67.6
41.8918066,12.49967374,46.4
41.8933028,12.44711723,51.5
41.85617832,12.53104662,27.3
41.89326545,12.52584815,44.9
41.8269005,12.5514638,86
41.83052631,12.47002712,33.6
41.88713482,12.42853549,82.1
41.90724867,12.53094742,27.4
41.90881999,12.53176654,21
41.9183963,12.41637039,95
41.83604614,12.54216387,76.9
41.8359186,12.42838698,55.2
41.87868943,12.49412464,25.4
41.85117265,12.5593399,58
41.93147034,12.4821069,60.8
41.88180923,12.54409467,31.8
41.91857328,12.53606696,42.5
41.9024613,12.42166768,88.6
41.89171355,12.56775384,42.3
41.86238739,12.57429711,51.6
41.91624109,12.40627437,88.9
41.90301346,12.46852039,17.8
41.81090241,12.4607448,36.3
41.83713692,12.53130551,73
41.91292244,12.47578096,16.7
41.82029776,12.50743088,45.5
41.91111695,12.51106884,45.4
41.91822551,12.43494336,82.2
41.90252801,12.50907322,46.9
41.85878063,12.5069991,39.2
41.87593111,12.4953141,33.3
41.84443369,12.47271901,34.8
41.83351285,12.4882575,32.8
41.94115014,12.48566651,19.6
41.8553882,12.54959933,47
41.85979983,12.48747706,32.4
41.83781706,12.48387052,23.8
41.8685385,12.56117485,52.5
41.92173118,12.48561719,44.6
41.94110348,12.50498507,20.1
41.89645245,12.46605515,6.2
41.86243161,12.38742451,40.9
41.85828138,12.50792203,42.7
41.86029783,12.50551657,35.3
41.86465385,12.46158128,30.6
41.8252213,12.43401321,9.6
41.86697254,12.41989291,59.1
41.91722126,12.52616548,24.3
41.86781797,12.40430089,60.2
41.86524702,12.43092493,52.3
41.8987034,12.43587424,66
41.82198396,12.42064942,9.4
41.87723822,12.47818715,13.8
41.84858938,12.51040654,30.8
41.84187443,12.55257357,57.7
41.80890046,12.51544866,63.6
41.82704337,12.40654052,40
41.83974934,12.47283067,22.1
41.89209648,12.56065173,29.9
41.84373039,12.40433174,14.1
41.81742622,12.51110988,43.5
41.85184851,12.41564561,51.9
41.89717389,12.52455674,40.2
41.81051855,12.49656031,59
41.85459896,12.56719876,51.6
41.87966072,12.44648917,46.5
41.81485698,12.46985719,37.5
41.86995384,12.44539356,48.6
41.84864273,12.551969,48.6
41.92967639,12.45215806,67.3
41.87373269,12.47965739,12.1
41.90290917,12.5504108,40.1
41.8922697,12.42048971,77.1
41.90288867,12.49170547,54.4
41.85156225,12.51493308,41.7
41.8988763,12.50500247,57.6
41.88636225,12.44833991,76.7
41.84784183,12.51079536,34.6
41.80946568,12.52239186,62.2
41.88671131,12.50264485,44.4
41.84076862,12.444604,18.1
41.91958399,12.44055383,79.6
41.88541103,12.43039975,80.2
41.87930971,12.43310138,58.2
41.84602622,12.50960153,36.1
41.94303058,12.49954412,14.4
41.92397949,12.41412118,98.4
41.82690146,12.40676227,37.8
41.89246203,12.52467196,45
41.94203483,12.4701449,30.8
41.90118041,12.54842511,43.5
41.86457567,12.39383207,50.2
41.81441105,12.51498686,50.8
41.83981041,12.39582995,56.4
41.86222688,12.45634541,38.9
41.82759507,12.4246341,7.5
41.90604529,12.48992832,49.2
41.82785259,12.47892855,32.6
41.91512613,12.49969282,59.4
41.89852815,12.44113485,68.8
41.89617413,12.52537843,40.4
41.86884813,12.47040443,11.5
41.88714266,12.44859583,81.2
41.80926965,12.46226883,39.3
41.93934221,12.49651449,28.7
41.88816704,12.518727,47
41.92357418,12.44997279,131.6
41.92176059,12.53314535,40.4
41.88786716,12.38777484,64
41.80252274,12.47606435,33.2
41.88357384,12.51894321,34.4
41.84702058,12.43708738,36
41.91138952,12.46307571,17.5
41.9160966,12.44717594,109.9
41.88239561,12.43722925,51.3
41.88507447,12.52939435,50.2
41.87616334,12.4940503,33.9
41.91599947,12.54978924,31.3
41.82064745,12.49038688,35.9
41.93690578,12.43653487,125
41.88146734,12.53698465,46.5
41.82790135,12.50181894,45.4
41.89873404,12.43754083,76.8
41.80577686,12.45787263,21.3
41.8716571,12.49719128,33.3
41.92555539,12.46919558,15.5
41.86466558,12.55116978,45.2
41.93554407,12.51187158,54.9
41.89196759,12.45510915,78.2
41.85458756,12.55283187,52.3
41.83630374,12.45253903,12.6
41.9345262,12.46935656,20.7
41.86363235,12.43937578,55.4
41.83337292,12.43345407,12.5
41.81220876,12.46833428,19
41.84656886,12.44898393,50.4
41.80847047,12.44751988,23.1
41.93791684,12.5050082,21
41.85272785,12.47448296,13.6
41.8330613,12.42042911,31.5
41.85835946,12.52074298,35.2
41.86204094,12.38708758,48.8
41.82242572,12.4430694,18.6
41.93861393,12.45376574,70.2
41.86585272,12.43016016,53.7
41.86379755,12.41724261,53.9
41.90733375,12.43478775,46.6
41.87019579,12.53780238,48.8
41.93774485,12.46334675,20.6
41.83855057,12.53681563,73.8
41.86848212,12.40791036,49.8
41.89898248,12.51004108,51.1
41.91192884,12.49598325,65.8
41.88419617,12.39785407,49.2
41.82189371,12.50211903,53.7
41.92270283,12.43169874,63.8
41.92080891,12.46453096,17.6
41.931468,12.47731313,31.8
41.89145453,12.47902337,16.2
41.93136102,12.49668748,53.4
41.8979049,12.4631252,17.7
41.90221272,12.45685124,19.1
41.91474316,12.5466859,32.5
41.8897985,12.46473655,41.4
41.88725725,12.41138503,69.4
41.83567957,12.43961646,35.9
41.8211876,12.54667778,66.9
41.89531868,12.4197051,80.9
41.87951192,12.40654776,75.4
41.8219829,12.41897576,9.5
41.88160546,12.44314452,67.7
41.84224774,12.44351151,28.8
41.88378393,12.38645597,63.4
41.85401047,12.47779135,15.1
41.86553391,12.48769053,16.2
41.92519787,12.54521872,29.4
41.83884192,12.56490322,64.1
41.87578978,12.49088372,45.5
41.93319203,12.52943603,35.1
41.90958706,12.46282809,16.2
41.89211751,12.46383759,20.2
41.85412301,12.56836577,51.7
41.91994807,12.54637766,29.6
41.82610276,12.44209483,10.1
41.90461853,12.45428963,27.5
41.87220428,12.392947,45.4
41.87591769,12.47603265,18.1
41.85030296,12.48880505,25.5
41.84782552,12.50102676,27.9
41.92037768,12.42335465,97.3
41.81431213,12.43747108,21.4
41.92460635,12.54619642,27.9
41.93521314,12.4435166,127.8
41.84965877,12.49236069,25.8
41.8326596,12.4094612,26.1
41.84739901,12.56174438,67.2
41.80411328,12.4889191,57.2
41.81327127,12.52475721,50.5
41.90966233,12.47535548,15.6
41.93102963,12.46170574,17.2
41.90427316,12.5301224,31.9
41.80565573,12.50528349,58.3
41.92049394,12.51213183,45.7
41.9280225,12.42767735,105.7
41.87557621,12.52706037,37.2
41.88304975,12.40652979,76
41.89298951,12.54424066,33.4
41.88558642,12.54219477,28.5
41.90778858,12.42575586,99.4
41.89552649,12.49674024,48.5
41.91732073,12.50116575,54.3
41.8143688,12.46831902,26.8
41.89060643,12.53559894,34.3
41.81392744,12.53604648,74
41.87373683,12.54226712,36.9
41.88505534,12.41460017,56.5
41.88333648,12.46490944,72.6
41.81757214,12.41986298,5.3
41.88354401,12.41033415,63.7
41.84497288,12.41873757,59.4
41.80185893,12.48952721,48.1
41.88659105,12.44973937,71.6
41.89692577,12.48659971,40.5
41.8386472,12.44430861,35.5
41.8539522,12.56004571,54.9
41.85097306,12.50893373,34.5
41.8241665,12.54325851,57.7
41.89677592,12.46368902,15.9
41.81175506,12.51625154,58.1
41.92583724,12.5224813,41.4
41.91320807,12.53841124,31.4
41.82479336,12.49900863,49.9
41.90454338,12.54690408,37.3
41.88121269,12.53471172,49.8
41.8752355,12.38850995,41.2
41.9223394,12.43623922,75.1
41.86157904,12.56013367,49.8
41.86375435,12.42934658,46.4
41.85768827,12.52112586,38
41.86042623,12.46796246,5.9
41.82280615,12.49572832,49.9
41.80700328,12.49912827,63.7
41.86025886,12.47897533,17.6
41.85743543,12.44138176,34.4
41.89452316,12.41508416,80.6
41.93705895,12.48490306,15.8
41.86274421,12.49392157,31
41.93116519,12.42783664,116.1
41.85452735,12.40866835,41.7
41.87423733,12.48478542,17.8
41.90909616,12.44964253,22.1
41.9421952,12.48923059,14.8
41.82537648,12.52585822,50.5
41.82109443,12.43397945,11.1
41.9254757,12.54108208,20
41.91463116,12.49167607,61.8
41.85194579,12.45136073,44.8
41.87585142,12.39495053,68.5
41.90704189,12.41133946,70.2
41.85679157,12.47075689,12.8
41.8872898,12.508731,42.4
41.81872979,12.51359228,41.7
41.85988938,12.5641971,51.4
41.83752455,12.51125226,43.7
41.87171954,12.40585127,60.4
41.91261137,12.40568618,91.3
41.86696233,12.46962678,13.9
41.86759849,12.42490573,74.6
41.91784863,12.43837496,79.4
41.86835702,12.47927406,13.8
41.83820781,12.53878467,69.3
41.8467739,12.51698421,48.7
41.90288356,12.49037647,53.2
41.88143458,12.45168105,51.6
41.88244217,12.57410348,29.6
41.85781157,12.55750799,50.2
41.88217685,12.50477209,33.5
41.89803317,12.46974132,16.5
41.88424244,12.42687501,73.9
41.83829633,12.54573746,74.2
41.85148305,12.56279522,56.8
41.89484549,12.41523059,79
41.87877899,12.52322328,41.1
41.85858465,12.48921588,29.3
41.89533015,12.46731741,6.1
41.89879467,12.49704375,44.9
41.89926032,12.42657068,91.2
41.80635638,12.47147627,23.9
41.83768216,12.43857155,22.3
41.87823499,12.45556069,64.3
41.80859234,12.45209649,40.7
41.93426406,12.45284581,45.9
41.81613281,12.44173936,19.6
41.86393302,12.40746864,33
41.90995547,12.5209844,28.8
41.83279995,12.54215272,81.4
41.9149043,12.55607782,23.1
41.92121569,12.41419213,89.3
41.91277013,12.49078144,53.1
41.89295063,12.48551138,14
41.91318982,12.48836176,55.2
41.90701942,12.40217285,78.3
41.88058866,12.46679238,20.2
41.81202027,12.49312401,57.4
41.80913587,12.46105664,32.7
41.85978659,12.45728438,29.2
41.92123367,12.41247316,89.8
41.83190995,12.43540879,11.4
41.82827554,12.49328445,54.4
41.81457758,12.52398757,55.2
41.86530308,12.44736972,61
41.90031786,12.50334421,57.6
41.83195276,12.47716669,45.3
41.86061958,12.56267132,52.4
41.89309274,12.5401334,25.7
41.88201495,12.4396588,70
41.83930814,12.52811693,70.8
41.83931488,12.41262027,14.9
41.80321078,12.50719049,63.9
41.83337348,12.40742302,39.3
41.82107631,12.49171842,37.8
41.81961935,12.52242251,56.7
41.92733131,12.42147256,108
41.88606826,12.505087,48.4
41.84897025,12.53271669,41
41.85443426,12.39078778,45.2
41.85336161,12.51387155,29.6
41.82879333,12.43863086,8.6
41.92316473,12.5047844,51.1
41.87282891,12.41643805,50.7
41.93490689,12.48743817,15.7
41.91978519,12.51958233,36.6
41.80273247,12.47420234,38
41.92067243,12.47008668,5.9
41.89289864,12.44376955,60.4
41.89222748,12.49642654,50.7
41.88918502,12.56600599,42.6
41.89013103,12.52603724,38.8
41.83651982,12.54207503,77
41.85808636,12.50117046,37.5
41.81240888,12.50364682,58.5
41.83524815,12.44573731,28.2
41.89271107,12.45416654,70
41.89407608,12.50944742,47.6
41.89797051,12.52191233,41.4
41.89971322,12.47160918,16.9
41.85352415,12.56421665,54.4
41.83950227,12.51467001,39.2
41.90319322,12.43365573,76.7
41.92060189,12.49405916,58.7
41.91311098,12.52629245,33.6
41.86135379,12.4495165,65.7
41.88502354,12.38525039,64.7
41.93221389,12.5196503,40.6
41.82085911,12.53950434,72.9
41.86971217,12.47310923,2.5
41.80681552,12.46630661,40.2
41.87619558,12.54844582,44.8
41.82760673,12.54216302,79
41.84494126,12.47470905,39.7
41.85420466,12.46332612,15.4
41.85418842,12.40427444,55.7
41.86586285,12.51734691,17.6
41.8539377,12.46336071,15.2
41.88082382,12.45338023,65.9
41.87758028,12.46545832,19.8
41.86665391,12.52824651,34
41.92313368,12.47519752,62.9
41.83513704,12.3996322,47.3
41.86846309,12.42321471,71.7
41.871272,12.5208855,40.8
41.89188776,12.54595688,43.2
41.89151125,12.46570919,17.5
41.87955307,12.46351768,70.9
41.94043496,12.45087643,84.6
41.89117459,12.54807516,43.4
41.87401459,12.42741245,73.3
41.91921106,12.4169684,91.8
41.84330004,12.39255119,53.1
41.8483722,12.47084848,7.9
41.93286535,12.49354794,30.9
41.91309176,12.55578858,23.8
41.86946543,12.5127963,26.1
41.86559805,12.57568105,43.3
41.92092927,12.42960132,74.7
41.84121516,12.43019054,47.5
41.82974783,12.46164146,23.5
41.86226085,12.54921088,40.1
41.91541186,12.54025024,29.9
41.83605392,12.48781387,31.6
41.9351218,12.51460513,57.9
41.87086917,12.52877694,46.7
41.90238822,12.44161863,33.2
41.83524368,12.51261196,52.9
41.85667038,12.57100812,46.1
41.88338185,12.57583761,34.1
41.83321374,12.4802857,41.8
41.84068572,12.40917677,13.2
41.85679516,12.54212353,49
41.90942666,12.47990432,46.8
41.80971302,12.44248722,33.5
41.88199073,12.51958823,34.7
41.92152387,12.51943212,37.7
41.93000738,12.48400707,38.5
41.84525081,12.53781158,44.2
41.87523841,12.46236455,48.8
41.86543546,12.41923103,54.6
41.87969496,12.56447743,44.1
41.80120497,12.48489434,44
41.87700631,12.52050323,45.1
41.88509279,12.55186185,42.5
41.89596422,12.41748416,84.1
41.8642545,12.51106795,29.2
41.84867168,12.50127068,20.2
41.9327653,12.52194024,40.6
41.89261244,12.46694411,15.6
41.84271333,12.53344042,64.9
41.88331389,12.50828061,35.1
41.83863144,12.50889004,48.1
41.92828722,12.44156057,133.3
41.82918137,12.44681237,13.8
41.8609236,12.45236951,49.9
41.92468302,12.5332328,31.6
41.8573184,12.46797058,10.7
41.92042923,12.50296933,51.9
41.9219122,12.41665132,99.3
41.88798202,12.44775714,79.5
41.86870419,12.57706199,39.8
41.86726831,12.52189259,41.4
41.9255466,12.50015278,41.3
41.9376955,12.50047299,66.2
41.82616235,12.42152478,8.9
41.81226059,12.46955049,23.5
41.83277833,12.42975783,11.3
41.85637505,12.45674972,15.6
41.82139898,12.45427395,20
41.9052007,12.46923731,14.1
41.91004392,12.51588811,39.8
41.86883405,12.45057681,60.2
41.85919805,12.52602972,22.2
41.91173487,12.42998164,83.6
41.82589276,12.52138765,49.8
41.80947421,12.44249736,34.4
41.87092212,12.39762429,64.9
41.82058806,12.41832477,9.5
41.82360516,12.54598075,61.8
41.88258189,12.40984473,57.2
41.88957972,12.47552395,17.3
41.89264911,12.44950973,40.4
41.86738041,12.56544023,48.8
41.91008647,12.416012,87.5
41.92092362,12.41447509,91.3
41.87453118,12.45113253,58.1
41.84389791,12.50890512,35.9
41.93382409,12.51784375,39.1
41.83424365,12.45323896,10
41.86380231,12.43641204,57.7
41.86177415,12.44294065,37.7
41.85281641,12.51467064,34.1
41.86880576,12.52759837,41.5
41.88317028,12.53673104,43
41.90766776,12.44229454,76.4
41.90771951,12.43885587,59.2
41.90268756,12.51485582,46.2
41.87724581,12.40090394,61.6
41.86793983,12.48224693,9.1
41.91116713,12.40618372,88.9
41.86311686,12.48747443,27.4
41.90190401,12.4838641,20.7
41.82917961,12.49806239,49.1
41.84338046,12.52765279,69.4
41.92627784,12.46582887,15.3
41.88383368,12.45713096,73
41.81712918,12.45796453,13.2
41.90124832,12.46410716,6.1
41.86246542,12.51576774,42.7
41.86368938,12.41824568,59.5
41.89670395,12.40764134,83.3
41.89219856,12.54366282,33
41.80409094,12.45791639,21
41.92663547,12.42210965,101.3
41.8231299,12.44623773,18.2
41.89119155,12.52535978,43
41.86373417,12.57595104,45.4
41.90288384,12.562267,20.2
41.85226191,12.57054439,49
41.81827494,12.54125139,73.6
41.90781037,12.4338073,61.8
41.84046959,12.48965608,28.5
41.83390211,12.50492843,47.6
41.80415029,12.44808299,44
41.8361811,12.44237284,39.2
41.92928491,12.5000144,47
41.90690902,12.39747646,78.4
41.91959691,12.51311656,39.8
41.82744903,12.52481019,47.4
41.81793636,12.49875653,46.2
41.92017082,12.44563069,105.1
41.93098775,12.44714323,121.9
41.88754487,12.48636427,38.2
41.89812672,12.53068509,23.1
41.82037975,12.42778053,9.3
41.82246089,12.41971973,9.5
41.90028024,12.44882454,46.5
41.91810258,12.41439236,91.6
41.85359271,12.50477777,24.5
41.87838033,12.52466001,36.3
41.90121173,12.39596933,57.5
41.91442602,12.51005524,51.2
41.82655324,12.52278587,54.2
41.82731792,12.51249051,45
41.9214393,12.44143983,79.1
41.80725351,12.44654255,39.6
41.90364338,12.49580433,55
41.80576609,12.50001619,61.5
41.87820357,12.53357954,49.2
41.8862649,12.45965167,74.2
41.87397704,12.40192455,68.6
41.90683807,12.48741572,60.9
41.93798273,12.44931819,73.1
41.88336002,12.48702269,19.8
41.89794789,12.45441217,29.8
41.85619685,12.39878369,22.7
41.89692915,12.48385619,21.5
41.85227433,12.39151439,47.3
41.92089843,12.50309148,47.2
41.88232899,12.39905129,58.2
41.91778838,12.52672083,27
41.81936959,12.52821848,63.2
41.84685052,12.48288345,43
41.91890291,12.43594568,84.3
41.88942352,12.52697853,42.1
41.87217896,12.49759432,35.8
41.83413374,12.55174175,56.3
41.83914936,12.53133336,73.3
41.90798706,12.54663575,30.6
41.83273257,12.48642866,38.8
42.70183616,11.95465504,538.2
41.74771584,13.43911253,735.5
41.45656787,13.4039364,265.4
40.84921301,13.44391058,-355.3
43.11772061,12.79767939,555.1
41.956432,10.54103714,-1324.2
42.78717906,13.85991527,68.8
43.11807554,12.80178047,667.5
42.85930602,13.40868234,501.2
42.97295671,13.63776673,285.7
41.28950847,13.50520296,284.9
41.23876575,12.87442869,-97.1
42.91994437,11.87740002,950.4
42.28454339,13.96257975,322.3
41.83379868,14.23555039,1165
42.45624729,13.64917203,1832.8
42.19894313,12.18832918,498.2
41.87861116,13.9715275,1424
41.26741308,13.7272874,75.6
42.1622169,13.17435344,929.8
41.26816895,11.58677503,-1183.9
41.36197881,12.0575453,-186.5
42.84941113,13.40301228,689.7
42.89504158,12.53992705,252.4
42.84426567,12.88986196,1004.7
41.56688396,13.20326124,705.5
41.20752455,10.90552801,-1149.4
41.07715807,11.08672117,-1447.8
41.88487159,11.64083167,-513.2
41.76166273,12.68896522,470.2
42.51838267,11.7939575,430.3
40.82554763,12.94110809,-664.1
42.74443621,12.30372318,357.5
43.31441411,12.51407184,704.9
40.77634452,13.59339837,-838.2
41.09880714,14.00136828,1
42.39310343,12.62743939,527.5
42.7897494,11.46224602,467.3
42.8088702,12.6024875,610.5
43.09516917,11.82297636,340
40.90644018,13.82603773,-147.4
41.44100184,11.46596634,-1133.4
41.047607,13.76577956,-72
43.13682476,11.97454373,291.9
40.88385185,11.19236433,-2527.5
41.58045825,11.24336196,-941.6
40.56128166,13.1554801,-2700.3
42.43206782,12.10409839,336
42.35746623,11.74308589,116.6
41.98645501,13.85660687,1490.4
41.19943377,13.24033387,-77
42.56471977,12.44535273,337
41.71015092,13.22299145,235.9
41.05002787,13.05520958,-148.3
42.49482351,10.74156018,-232.4
41.30193963,11.56938675,-1440.1
41.72174089,11.01165658,-777.4
40.61240176,13.05088937,-2579.6
41.28566356,11.81064489,-1602.1
40.7143233,12.77440404,-3150.8
40.95897247,13.90115224,-21.1
41.06870881,12.6920935,-269
42.89861191,12.02057774,236.5
41.64171525,10.95623975,-1468.7
42.77972833,12.59638262,671.6
42.16585185,13.83002872,246.4
41.05483284,13.10795935,-139.1
41.96229314,11.47772479,-587.6
42.50809789,11.17161617,-2.6
42.37572629,10.69792128,-278.2
42.39619608,13.19674497,1807.7
41.01699113,11.12466557,-1516.9
41.37110098,10.98950526,-942.9
43.03131369,12.98788702,935.7
40.93515522,13.090755,-204.7
42.58058668,13.3205379,1307.3
41.77649928,11.29833141,-1025.4
41.84304849,11.41472794,-615.9
42.05608574,13.57297223,683.7
42.15193351,12.13511784,413.1
41.55817095,11.67392538,-1157.2
41.9921582,12.04534792,6.5
41.73907253,11.87450155,-695.4
41.49129307,14.0663475,187.1
42.20263465,14.10925191,881.6
40.65571871,12.2183969,-3009.2
41.97159329,13.63432747,654.8
42.06925322,11.55766498,-137.1
41.52779215,13.22253766,637.9
42.15189611,13.30522519,948.3
40.44725294,12.30623306,-2757.7
41.38525106,12.59111945,-55.8
42.0837959,13.12050801,1035
42.45305551,13.96538152,257.3
41.95162033,13.70240828,758.4
42.2471667,10.77264343,-502.8
41.49709818,11.04568335,-1150.7
41.87087521,13.13463081,879.5
41.84175264,12.0432002,-80.2
42.08294657,12.78119025,310.6
41.18364359,12.52215342,-364.4
41.86320199,12.63858077,71.7
42.74155838,11.54416897,485.1
42.21776019,12.03981299,346.5
40.85060683,13.14963943,-553.5
42.11587668,12.00619685,278.4
42.14654062,14.04436886,1006.9
41.96567828,12.14195483,62
40.65546183,13.12825127,-2097.7
42.72278869,12.1973531,249.7
42.68619592,12.61794303,467.9
41.55548068,12.59025105,57.8
40.83127294,11.46610344,-2465.9
43.13072758,12.81125263,836.1
40.70177085,11.94307267,-2396.8
41.62173397,13.26446567,139.6
40.87831894,11.31708337,-2492.6
42.96794446,12.09495691,364.7
43.23778708,11.89546859,291.9
42.70845344,13.0548062,705
42.89560024,13.85029743,13
42.99118318,13.3783684,438.4
42.19191953,13.71127366,829.2
42.122167,13.98586052,1211.4
42.60749401,10.81068406,-115.7
42.99569001,11.69364833,324.3
42.27697879,13.66523914,749
41.42329116,13.59639698,242.9
41.35619082,14.19233874,267.8
42.34662381,13.20037353,1015.3
40.59078566,12.2794104,-2963.7
41.81442676,11.97497502,-126
40.85532811,11.62963105,-2438.5
42.41498526,10.76155343,-211.8
41.29465477,10.95084199,-1134.9
40.83825383,12.32014161,-2161.9
41.7479986,11.24035743,-926
41.53836885,13.83150166,67.4
41.74526572,11.78604085,-559.3
40.62684421,13.00001587,-2534.9
42.62319242,11.26754391,161.7
42.53705828,12.67148529,327
40.74315771,12.66829825,-3074.8
40.94970343,12.3239398,-1953.8
41.10571002,12.9325565,-155.1
41.63921098,11.27487197,-1100.9
42.44990106,12.25769716,274.4
40.67443497,13.14486898,-1985.8
42.91819508,12.72689425,220.9
40.78078931,12.5789131,-2792.7
42.97084102,12.58397857,196.3
42.44973498,10.7836358,-213
41.31279682,13.37631116,
42.83250293,12.43400715,203.5
40.84444756,12.27832668,-2285.1
41.56860512,11.20786773,-920.3
40.69265635,13.0446402,-2210.9
42.35652832,11.95443953,149.3
43.16332937,12.94731033,952.2
40.43132939,12.37334785,-3397
42.98079123,13.21098781,1148.7
41.97343011,14.23497794,1176.7
41.67574979,14.31431284,864.3
42.11065376,11.22208576,-237.1
40.9691145,13.28626201,-474.5
40.90169636,13.84297752,-124.1
42.94497831,13.69850692,362
40.58630775,11.81952655,-2463.5
42.92007054,11.15205405,328.8
41.15241636,11.80255043,-1531.9
41.09680391,12.94079199,-169.4
42.15772033,11.78821642,36.5
40.8755995,11.36046852,-2413.9
41.27573923,12.06649744,-873.5
40.67011301,11.68340995,-2115.7
41.57892025,12.70675532,52
41.35719755,12.0121886,-385.4
42.41023035,12.96814048,899.8
41.80205188,10.84959715,-1348.1
42.27972453,11.99515894,189.4
41.1592832,12.87175544,-130.8
42.02130729,13.61871926,677
42.9074602,13.46695391,683
41.74733928,13.69483033,721.5
43.09853319,12.64465697,450
41.76950301,12.86766285,340.4
40.44812636,12.58315761,-3584.5
43.08296924,12.163757,286.4
42.21859129,14.10872192,642.5
41.17275284,13.88016743,28.4
42.43324227,13.56831656,2110.5
43.14685358,12.71819846,765.9
42.91393428,13.72160455,248.6
41.66221856,12.82000226,169.5
40.70645681,11.74238855,-1992.5
42.2573369,13.98358584,306
41.86507584,10.59840341,-351.4
42.80190137,12.04511418,182.5
43.02795773,13.11954266,982.1
41.24532225,11.72746289,-1625.6
41.20094881,13.32006422,-85.4
40.50168095,12.63781923,-3586.5
41.84190064,12.19219701,
41.25038457,13.98286577,389.8
42.03325819,11.1235091,-470.5
41.95818129,11.06522209,-788.4
41.79943283,12.09787573,-61.2
41.11927613,13.84656351,-0.9
41.74957907,11.4296262,-734.9
41.40230083,12.87560508,
42.8900935,13.15784682,867
42.86786524,13.74859702,55.2
40.58182022,12.4357985,-3114.8
42.73017965,11.58248471,401.4
40.73017257,12.9900565,-1766.9
41.83512176,12.74520655,261.2
41.1805742,11.71497867,-1569
40.52418278,12.51440273,-3199.3
41.05719417,11.86260057,-1860.6
41.54754577,11.33429144,-797.8
42.68517854,11.18817783,97.6
41.88411542,12.96869966,796.6
41.27210406,12.0655171,-946.6
42.97746051,13.089758,971
41.87221316,13.06604249,663.1
42.56012792,13.176474,1042.8
41.17499359,12.96726483,-110.9
41.35495774,12.48764938,-131.5
42.60757103,13.85038754,220.1
42.5865422,12.31231385,334.3
40.83100406,12.71511411,-1934.6
42.95239837,13.4524089,478.6
41.12147151,12.98950402,-132.6
40.80401261,13.59113162,-811.9
43.0590181,13.59652385,211.2
40.96715021,12.07135875,-2007.9
41.95001076,14.40939695,946.4
41.1882947,11.22354748,-1482.4
42.68318983,12.54532313,299.6
42.84684693,11.828003,352.7
42.41912792,13.58833959,1839.6
41.91251716,14.32581769,795.9
41.65321795,11.59315086,-731.4
42.8115728,12.71684526,228.5
42.04238217,11.0424807,-466.5
40.65319937,13.14399817,-2077.3
43.13890351,12.21925314,233.6
41.7585268,11.91875598,-441
42.29042044,13.49659869,568.2
42.82024392,12.52486831,517.6
41.54461966,11.18721431,-803.5
40.63669114,12.57825714,-3270
41.37926639,11.13002543,-1368.5
41.40020275,10.78005994,-1479.2
40.68381935,12.88671678,-2383.4
42.21290307,12.87380133,478.1
41.18275648,11.79538956,-1374.4
41.21163673,12.21372783,-1153.9
42.77479702,12.45857693,270.3
41.971233,14.2197091,935.1
42.39299623,11.79133252,150.1
40.49552405,13.00877061,-2941
42.75277924,13.73572812,156.7
42.00314719,13.09416135,1236.5
43.20277851,12.75434499,529
41.46674356,11.17387826,-774.9
42.19011984,14.33996424,200.2
41.96371988,13.47366985,657
42.66596196,13.94681844,93.3
42.68481746,12.16346392,206.1
41.46936365,10.93034336,-857.5
43.04167728,12.22393184,245.2
41.26814303,12.55059859,-149.1
42.38305639,13.20243767,1542.7
41.20529642,11.74602485,-1663.8
40.65692442,12.98591305,-2199.1
42.43076193,13.51750578,1139.7
41.9298717,11.55246062,-395.8
40.5289486,12.16209992,-3391.7
40.90816486,11.93548395,-1905
42.34390993,11.55560066,2.2
42.65487584,13.80118651,368.8
43.28274977,12.60444927,548.5
42.91332392,12.58321167,322.6
41.46182854,13.53704347,386.1
42.88155827,13.75306113,76.2
41.58546675,10.85256961,-1121.2
42.17015099,14.18359279,782.1
41.46289761,11.72257049,-1087.8
42.64037972,13.89538012,145
42.52300074,12.01719381,451.6
43.1260552,12.53515474,219.1
42.09723624,12.83786613,795.9
41.64652113,13.93089154,1503.1
42.52597845,12.80810924,585.9
41.44685972,13.1428913,55.1
40.82418688,12.09111483,-2005.6
41.15325457,12.67725192,-446.6
42.9170288,13.12233975,667.5
40.96377567,12.47988405,-1641.3
41.83479497,11.68653754,-677.6
41.07540358,12.23126673,-1988.6
41.46476939,12.8320063,25
41.98351189,14.40189852,783.2
42.48728914,13.24235017,856.7
42.49391519,13.72988989,610.2
40.47040948,12.94405185,-3350.5
41.83590217,13.04585657,387.6
41.92554658,10.81488651,-1254.1
40.8774354,11.46431653,-2470.3
41.94073024,12.71928876,44.6
41.0619697,13.45999652,-189.9
41.56670318,13.01337716,330.2
41.77248291,12.57014393,104.5
43.16634771,13.03579193,374.9
40.82906395,11.31349919,-2653.7
42.54529005,12.40587994,257.9
41.75079298,14.31135778,1027.3
42.2246681,10.8708175,-594.5
43.05271646,12.76068703,420
41.74391079,13.13714176,255.8
41.49699505,11.6214077,-1255.1
42.32857367,12.48820733,166.1
41.1019734,11.28109584,-1589.9
42.26362914,12.10873908,501
42.1901878,10.73003224,-1157.7
41.07688399,11.00947301,-1394.9
42.16336504,12.58493252,130.6
42.17682546,13.06404135,952.4
42.33857703,11.22648506,-73.7
41.36341376,11.75240456,-1287.2
40.6652432,12.77174529,-3584.4
42.77525117,12.02051406,240.4
43.27954858,12.40267664,351
42.79146366,12.12223355,211.6
40.91314091,11.50314208,-2480.5
40.91953278,13.11201961,-424.4
42.32101732,13.74769161,557.6
42.04238437,13.60163557,686.1
41.15947716,13.27975604,-86.1
40.97166199,12.93230287,-273.7
41.12955798,11.02271607,-553.4
40.7567384,12.71620983,-2861.1
41.91991873,13.67672133,929.7
43.29427839,12.67626844,580.7
41.45911086,12.59885642,
42.02591027,10.79073912,-1282.5
41.49006226,10.6605032,-1321.9
42.54086306,12.10750304,353.9
41.57940118,13.27319558,150.4
41.84730316,13.99220448,1805.4
42.79815673,12.89498252,392.7
41.61613929,12.38791726,-19.5
42.58967189,11.93649938,304
43.07516544,13.01729051,683.9
42.42981606,12.55628728,351.2
42.36084925,10.67509226,-313.6
41.06844786,13.88841554,-1.1
42.72029696,14.0631802,-13.9
42.67102014,11.08894521,65.5
42.42133697,11.80673832,149.6
40.55456833,12.28153157,-3180
42.16367035,13.38386066,1840.8
41.08808982,11.82720835,-1714.8
42.50762627,13.38250164,1219
41.91603508,12.99150841,596.5
41.64535754,11.07858477,-950.1
41.65430048,11.07639414,-923.4
41.06064698,12.89839528,-439.1
40.64928271,11.82256074,-2391.4
42.95052883,12.21004494,560.5
42.63064147,11.32255368,186.1
41.17816787,12.34590453,-1220
42.00144518,12.78121726,164.5
42.92626898,12.35304279,190.2
42.16618498,14.29543068,362.4
43.00336962,13.387754,484.4
41.54364938,13.93694355,977
42.74498389,12.55567654,341.6
41.43107744,11.39966563,-965.2
41.99030511,11.94121086,-4.8
42.54101848,11.10946126,-8.7
41.97927043,14.05984933,1035.4
42.93881434,11.30808375,193.3
42.61950737,12.97714554,900.4
41.44906315,11.63716763,-1225.8
43.0899805,13.26214512,444.4
41.48240558,12.48083512,-66.5
41.12602908,13.62405174,-92.3
41.82912844,13.12933787,573.1
41.9492597,10.84123486,-1308.5
40.82959822,11.57552602,-2528
42.25532642,13.84594119,1189.9
40.61123916,11.67552349,-2493.4
41.33836579,12.48542482,-137.5
41.58905243,12.14324326,-210.3
42.25522459,12.41963082,154.7
40.51118961,11.92005158,-2751
41.92108553,11.51451453,-492.2
40.54615195,12.44606233,-3107.6
41.16903777,11.87129164,-1854.5
42.34490749,13.32772041,793.6
40.83783832,12.98408695,-423.7
40.85062379,13.1997826,-719.5
42.29847571,13.17863041,1263.7
41.04472394,11.72420097,-1668.3
41.68573756,10.65949714,-1564.9
42.70565162,12.72051034,420.6
41.8076416,13.07630129,370.5
41.57460063,14.36169388,1008.4
41.55476241,11.51588607,-1106.9
41.37846789,11.16013436,-1362.7
41.19693831,11.58632429,-1466.3
40.5341683,12.34155065,-3243.7
41.65817634,13.01066798,838.8
42.50707803,11.94325026,339.7
42.39778925,13.90583867,453.7
42.90860773,11.51350129,444.8
41.66840838,12.58855314,96.1
41.57849849,11.34728628,-970.8
41.89722967,12.49099478,47.5
41.33476074,12.01273461,-382.4
42.18056592,10.64855761,-1138.4
40.87642681,13.32637395,-653.5
42.56429299,13.58721577,809.7
42.6134788,14.11509458,-7.9
41.70282321,10.87692478,-1432.7
41.87204759,11.80987192,-155.9
40.63361394,13.44500425,-1114.4
41.86481369,10.71857771,-1676.4
42.20052168,10.78897865,-1065.7
40.62744667,12.21829583,-3104.9
41.71597425,12.10138516,-117.9
42.03768159,13.06100153,773.5
42.73277864,12.27810384,203
41.53734914,13.31110545,449.7
41.2204768,12.21819299,-1135.7
42.99108224,12.55220218,232.5
40.58799252,12.58018725,-3412.9
41.57992232,14.03748854,658.5
42.87421958,13.60480073,260.6
41.38100142,11.49613249,-1248.8
42.68179579,13.30272001,1137.8
41.85690416,12.31905229,46.3
42.30824944,13.10982297,1358.2
42.6053295,13.47990716,1268.1
40.99724093,13.13581841,-100.3
42.20192545,11.97355246,144.5
42.31473221,11.96458251,168.4
42.20969944,10.80096712,-1014.6
42.91501737,12.93008537,679.2
40.74461604,12.47491036,-3076.6
41.63893738,14.08075118,550.8
40.87983033,11.61137048,-2512.3
41.29905949,13.46621801,271.3
41.39098943,11.65871486,-1076
40.89456787,11.27081234,-2373.5
42.64692978,11.6319465,258.7
41.75994332,13.96083212,1016
41.88695054,10.98237189,-1235.9
41.32446495,12.97443979,
41.2783064,11.85283046,-1791.2
42.44971299,11.50200857,99.5
40.91612987,11.05146269,-1936.7
41.77888463,11.57571603,-854.8
41.90804245,13.34427137,1434.2
42.40440288,13.42044355,1195.2
43.02244526,13.11343418,980.8
41.99736336,13.97369582,1013.3
41.89083003,11.87099596,-111
41.5975318,12.51539736,15.5
41.20239678,11.40684254,-1530.8
42.53615403,12.94682807,1414.5
41.09856421,12.03760191,-1726.6
41.71978933,12.16129976,-48
42.88877645,12.33887474,215.7
41.54599152,10.73189415,-839.7
40.67361756,11.64959063,-2008.4
42.57174138,11.06871688,-35.3
40.6638498,12.65732339,-3221.1
41.17929987,13.22127062,-70.5
40.63979652,11.77722683,-2390.3
42.14849102,13.27280323,722.4
42.95941111,13.54804362,487.9
42.27440683,14.06695557,194.8
40.66930958,11.95533494,-2451.6
41.11273353,13.96919372,3.9
41.90015919,13.21655303,804.3
41.71656344,13.86943641,1891.1
42.19796563,12.92875364,921.7
40.57518402,12.5627636,-3315.9
40.80896561,11.29470982,-2679.8
42.63383875,12.05995533,566.5
41.74914239,11.58858233,-909.6
42.24130608,11.22896279,-118.1
41.66118243,11.6663626,-915.9
41.50095762,13.80807195,553.6
41.89198466,12.94821446,818.2
40.60694902,12.1785016,-3351.2
40.93209918,11.75654961,-1820.2
41.57672821,11.48843518,-1001.4
42.66415237,12.64173169,449
41.93479518,13.0856108,503
42.80624151,13.24691435,1467.8
41.53316967,13.40579307,111.7
41.18502756,13.72045825,-22.1
41.13170058,13.56825634,-108.1
42.6361327,12.54844705,360.5
40.59005776,12.30787168,-3196.1
41.83305011,11.46378798,-389.8
40.85263889,13.83562809,-408.5
41.44606597,12.06105913,-758.9
41.04287679,14.03332693,2
43.23263711,13.01165565,401.4
42.04608873,12.03063334,153.6
42.59436682,14.0061267,184.7
41.48553111,14.1944481,819.1
42.11843806,14.06494836,1694.1
42.85913061,12.21638216,642.9
41.56740021,11.21831329,-898.2
41.34583085,13.54006202,763.4
40.59794582,12.84851162,-3576.1
43.30237124,12.56684145,441.2
42.59615079,12.58395402,206.8
40.82611828,11.76272539,-1932.4
42.274818,12.62020612,119.7
40.90492829,12.06589263,-2012.6
41.2316858,11.32183288,-1362.4
41.43452478,11.57339475,-1273.8
40.94777177,12.58260407,-1417.7
42.14247388,10.82308607,-547.7
40.69450431,11.89432174,-2341.1
42.78777908,13.656021,486.5
41.46567798,14.3182037,1459.9
43.05162564,13.39467768,463.6
40.81839298,11.37925345,-2336.1
41.51380939,12.56979933,0.1
42.09690695,13.65388627,1254.7
42.63311672,13.91139074,72.8
41.23092468,11.10795295,-1360.7
42.15180615,11.65352379,-67.8
42.72072351,12.68207177,483.7
41.03610993,12.08552817,-1627.3
43.03867928,11.93476786,285.4
41.63939772,13.45636207,202.2
42.25853759,13.17814283,673.6
40.62367509,12.80211734,-3583.4
41.07799473,12.16692822,-1977.2
41.16419198,12.33420597,-1278.2
41.77406568,13.01564112,253.5
41.04951224,11.28384103,-1382.4
42.51793423,12.93365686,1532.9
40.59718352,12.46794722,-3118
41.27261292,11.17340925,-1439
41.516769,13.76979026,453.8
42.38500848,13.09012471,1120.6
41.33039214,13.37966449,
42.85783783,13.41712805,570.7
41.40800542,12.89153954,
41.38293989,14.01751877,258.6
41.3075397,11.71586923,-1219.2
43.09646733,11.83473196,322
41.16243478,13.65944892,-61.7
42.1816683,10.62040294,-983.4
41.72564095,10.56658279,-659
41.14316656,12.91541117,-127.9
41.02621869,11.33666239,-1940.3
42.01252664,14.14086155,1279.5
42.65110758,11.46126705,132.4
42.90414781,11.28270618,52.4
41.45656275,13.78166943,67
42.89583606,11.81873315,431
41.13740815,10.92183948,-801.7
41.46040586,10.89921799,-999.2
41.83969786,11.02308021,-1254.1
41.85271873,10.64466548,-1467.1
41.74104579,11.81749285,-680.3
42.08578206,12.17537309,282
43.02182396,12.36063797,260
41.21967032,11.74408271,-1650.1
40.95490745,11.56847125,-1993
40.93056226,11.78661887,-2086.4
41.32599546,10.89395329,-1438.8
42.14736406,11.69083896,-43.8
43.28862562,12.24816989,326.3
42.00334944,11.93380888,-3.7
41.35441366,11.41381418,-956.5
41.15015391,12.70392451,-443.1
42.25612093,13.93368434,298.6
40.65556639,11.67756468,-2394.4
42.87449037,13.52177468,348.3
42.99156239,13.204344,980.9
41.44598407,11.48251062,-1227.1
42.06327369,11.3539747,-401.4
40.70981545,12.03779602,-2280
41.0828872,14.01266761,4.1
41.64494826,13.71228247,388.5
42.97250541,13.56059055,403.1
40.520054,12.84281701,-3411.1
41.32383004,13.63859006,1152.5
42.43968028,13.24768246,925.5
42.64739041,12.39984901,391.5
40.88112666,11.56568924,-2507.2
40.57759777,12.43022618,-3125.6
40.61149453,12.34032737,-3053.6
40.72456922,11.36785778,-2667.5
40.99855158,12.33257669,-1847.2
41.2631438,12.82148853,-92.9
42.73024237,12.20000889,294.8
42.08170303,11.42954978,-253.5
41.06981028,11.0309796,-1411.7
42.18444814,13.07233862,895.5
42.85782169,13.51060999,319.6
40.77848048,13.02325524,-772.7
42.9133001,13.3122478,955.9
43.15792253,12.36542685,449.4
41.68827776,10.65645476,-1580.5
40.93315037,12.95338568,-1.1
42.16462793,10.94609794,-241.9
41.65511894,10.74163017,-1132.8
40.77071741,12.13079806,-2726.7
42.32566856,11.60699613,9.9
41.12691984,13.997566,7.4
41.40101902,12.23135479,-354.4
42.76177261,12.04541415,205.1
41.07057498,11.46440722,-1983.4
42.21896542,14.32710418,256.6
42.14890411,13.5963445,2190.8
41.03682164,12.06357399,-1666.5
42.164917,11.03762573,-159.6
42.46372871,13.1982489,1237.7
41.12348431,13.97511792,6
42.78585125,11.58767181,548.9
41.58328836,14.27808878,547.7
41.76837125,11.75077899,-642.1
42.54792484,12.51888971,155.4
43.10864401,12.70653088,701.1
42.53966068,11.6852931,205.4
42.40370538,14.1626233,21.8
43.30292368,12.73731196,448.3
41.84024652,11.31142146,-954.9
42.35659105,11.6336638,39.5
42.59960848,12.77875106,279.9
42.64496713,10.82826155,-110
42.80653793,11.21052799,63.8
40.51059579,12.51313041,-3188.1
41.26388667,12.11309858,-1293.3
41.24352191,13.79678792,4
41.41785831,12.011164,-586.9
41.22120754,13.6570604,-12.6
40.99429442,11.3278343,-2098
41.34973065,11.54121717,-1460.6
41.31653503,11.68404442,-1216.5
40.52534471,12.90603631,-3235.2
42.38107824,13.278401,1051.9
41.68831038,11.52810913,-412.5
43.27574446,12.3292462,310
40.82501534,11.57687551,-2528.3
41.58831648,10.83893765,-1073.9
41.39009506,14.08665475,445.6
41.62995208,14.37487045,1102
41.38324702,13.20946583,87.4
40.78870658,13.03099538,-533.1
41.20185395,10.96147955,-1237.2
42.98184342,12.97606215,986.6
41.03621661,12.24586576,-1995.7
42.59026433,11.53235976,297.4
42.80116582,11.25570859,63.2
41.05014916,12.91281027,-432.6
43.26158025,12.42152766,372.7
42.69181422,13.76866579,163.9
41.07880329,13.26004352,-124.4
42.46146153,13.92124026,420.4
42.37317772,12.2422457,519.6
41.49605046,13.86361932,63.7
42.82979956,11.3949513,167.8
41.18187582,13.84196602,3
41.66440246,14.19896221,434.5
41.94054485,11.99478845,-21.8
41.32489375,12.18618912,-1020.7
41.88430729,10.69736916,-1634.4
42.01586802,12.74444891,228.2
40.62824749,11.55158101,-2238.5
42.46755714,13.3166437,1313.3
41.46372113,12.83856094,24.5
40.61120364,12.13409582,-3301.5
41.82174603,11.5303382,-781.1
42.71039337,14.05805412,-12.1
42.83146434,13.0295242,1115.8
41.10758962,12.13316955,-1833.4
41.55480198,11.76771558,-1376.5
42.50204604,12.6210532,187.1
41.56474637,13.16520642,561.7
42.27984908,10.99123019,-137.2
41.84504927,13.38228156,1411.5
41.8531655,11.6199852,-628
42.11903367,12.57982072,38.2
41.19601911,13.53799862,-1.6
41.05847168,12.40493513,-1687.7
42.89183805,13.43876589,641.5
42.55068851,12.90563998,1629.9
42.46758723,13.71615462,803.2
41.59597331,11.17886159,-1016.3
41.12252919,12.3203514,-1469.7
42.71268998,13.05735573,818
41.04550986,13.10940368,-148.2
40.66866918,12.2740298,-2712.9
42.03829259,11.49048936,-321.5
41.28762116,12.82956662,-67.7
42.18717556,12.66914464,92.9
40.99915586,13.25222732,-229.6
42.62289111,12.92920148,915.6
42.26492316,14.23866422,348.2
41.86123725,11.90715075,-116.5
41.12624988,11.73639786,-1685.7
41.40300077,13.12241963,1.1
40.5555316,13.11847076,-2716.1
42.02263202,12.32731299,114.6
40.93203075,11.93822208,-1930.3
42.46312595,12.99578244,1718.7
41.70312255,12.33067472,
41.75308908,10.99648998,-1244.3
42.80727401,12.8183402,642.8
41.5067958,12.52743029,-17.2
42.94438238,11.61842958,684.9
40.83835725,11.25167185,-2507.5
41.03545338,12.47797204,-1565.5
41.57111077,13.16937869,889
40.99552311,12.49135768,-1485.6
41.40034243,13.60026974,142.9
41.29514612,11.32676666,-898.2
42.6323799,11.8946107,304
42.93125125,12.36532288,172.6
42.18297733,13.88052426,1258.2
40.84294378,11.61617315,-2513.9
41.50602064,14.29375192,1215.9
41.92054258,12.45666036,17.7
41.2444739,12.30230193,-753.7
43.21171023,12.88925475,917.9
42.35927938,10.85686374,-0.2
42.24339838,14.17868239,239.9
41.02349644,11.78997583,-1940.9
41.6165273,14.25484066,464
42.02598065,13.86437729,480.1
41.28729901,12.79630424,-82.3
41.9623653,12.60836874,68
41.29120182,11.11544022,-1461.4
42.55162343,13.84172268,443.1
41.06600269,12.79155203,-534.8
41.65163079,11.90331608,-828.5
42.99559094,13.2479138,1464
41.75674374,14.22554671,1062.2
42.49149095,11.28932059,124.3
42.37687723,12.12311101,488.6
42.2422585,12.36785911,215.3
41.58934588,14.14146178,342
41.78825848,12.80186265,524.8
42.36158492,13.56017064,1207.7
43.03742905,12.56314856,191.8
41.45867935,11.56750262,-1184.7
42.25908596,14.29773833,267
40.78691556,11.3502623,-2472.1
41.503139,11.84124117,-894.4
42.02157726,13.21351506,1426.2
42.49864114,12.12156548,328.4
42.08871501,12.22817841,161
41.66789244,10.966884,-1419.5
42.46356626,12.29014412,303.7
40.83227571,11.48000148,-2519.7
42.80382158,11.51230562,758.1
41.7957663,10.84742649,-1395.2
42.51044559,11.17231172,-2.3
40.8211527,12.35055464,-2401.6
42.1951637,12.948615,758.3
41.51950962,12.14591455,-355.8
42.54299991,11.57556449,139.8
42.38077597,13.58687628,1377.5
42.75747208,11.36854889,345.8
40.98477571,12.45589701,-1795.7
42.34577524,11.17908211,-20.9
41.70543828,12.35824755,10.1
43.0053519,12.63516929,194.3
41.84884223,14.29267109,1538
41.78859653,11.44191858,-678.9
40.94294151,12.15619354,-2007
42.62370802,11.45677394,195.2
41.06267578,12.27709944,-1783.8
41.96891901,12.25302083,96.2
41.9426408,14.04866349,1590.4
43.14217723,13.00782514,600.5
41.93642709,10.89543091,-1043.6
42.02526967,13.86405357,489.6
40.58008694,12.97187196,-2181.2
43.05044103,11.66667234,320.3
43.12932579,12.4928541,277
41.15109709,11.72555992,-1545.9
42.91664382,11.17333085,250.8
40.66399806,12.99106828,-2207.7
42.16203121,12.63033469,24.3
41.00064059,11.73012803,-1630.4
42.16031011,13.16404748,907.1
41.98952388,11.98975897,
42.86350268,12.02385621,240
42.29457067,12.68921928,306.5
42.88332975,12.84146433,1254.1
41.35209725,11.14505242,-1420.4
42.06922481,12.20607801,265.8
42.53360059,10.88031951,-66.2
41.63624204,12.68882055,110.4
40.55912778,13.06321976,-2749
42.93733966,12.04679758,479.7
42.26786648,11.37630723,-97.3
41.37354326,11.84870562,-1661.9
41.03117856,10.93120966,-1767.1
42.63215466,11.67274508,275.5
40.95783488,12.3607727,-2025.2
42.25069937,11.34624998,-108.5
41.07435482,12.22743096,-1994.4
41.2363933,13.15188071,-10.6
42.27953107,12.55212049,34.3
41.27612251,14.05018596,300.3
41.61617695,14.33968569,716.2
42.10666732,14.28795859,429.4
41.73808894,10.90716125,-1535.6
40.49813419,12.46640782,-3202.6
41.92286231,14.19408528,1350.7
42.24071048,13.45521886,1926.8
42.62559975,13.98302772,32.7
42.75159876,11.05458491,2.4
42.45154327,13.95559124,312.4
42.86014438,13.82073322,183.3
41.6348564,11.25567586,-1099.3
40.96575984,11.83895493,-2100
41.56978305,11.01824261,-1053.6
43.18926081,11.97277729,282.6
41.71906925,11.62042705,-1003.9
42.86102443,12.45510619,342.8
41.95744118,12.11671478,26.8
42.87748821,11.52949407,595.2
40.91953036,12.95634326,63.3
42.85966289,12.32379264,429.7
41.84024451,14.29161546,1530
43.12369624,11.55486388,190.5
42.70059336,12.47419345,253.2
40.87346978,12.52527349,-2081.3
41.14947041,13.15534871,-80.5
42.14076424,13.22118404,1199.8
40.82527852,11.83092708,-2095.8
42.49643669,13.62100118,702.9
42.44693669,13.51864182,2079.6
41.86807033,12.83346472,293.6
43.15893356,12.70633805,728
41.6001617,12.78366402,99
42.62681822,13.09495426,1111.8
40.81380918,13.69085622,-731.3
42.90155053,13.59497638,270.7
42.28635689,13.92818132,367.1
41.1149651,12.05779572,-1768.5
41.22869952,11.9744074,-1300.4
41.89107925,12.73418117,78.5
42.60123162,13.32699147,1311.3
42.67855768,11.80354986,506.7
41.44777986,11.7990342,-1444.4
42.96194289,13.66231845,254.1
42.85013908,13.84242448,169.7
42.6517547,12.94742619,881.1
40.82405042,12.08220405,-2037
40.9227842,11.8280138,-2108.6
42.19400758,12.43019543,213.5
42.93603601,12.50604194,346.1
42.98853625,11.7518633,315.7
41.56065742,13.4527928,128.5
42.25689971,11.53180229,-49
41.02807296,13.28931272,-168.7
40.91299501,12.77460847,-72.5
40.77609833,12.27058896,-2394
40.78618154,12.93906283,-1397.2
41.38921269,13.70864023,223.7
42.49547163,11.62222305,118.8
42.04374555,13.32565755,712.6
42.02753128,12.95686812,521.9
42.51091806,11.58476405,368.5
42.80941484,11.75030897,321.6
42.34058384,12.65535954,256.4
42.51944518,13.26852642,819.4
40.58827728,13.25698421,-2015.6
41.92817026,14.19416032,1295.4
42.08811694,11.40777856,-266
42.37815042,11.44658068,
41.77407552,11.54847541,-716.1
41.44861716,11.4032268,-991.1
42.18813158,10.60792104,-785.9
43.24412785,12.67490354,388.8
41.46257396,14.01746905,224.8
41.08363383,12.72035468,-429.7
41.44971281,13.23142992,512.5
42.24461942,10.79852689,-543
41.71391778,12.6722138,311.1
41.88881474,11.50070106,-804.7
40.85326649,11.42614925,-2337.1
43.10534103,11.47269688,137.7
41.19533877,12.10572157,-1474.5
41.22180834,12.30408312,-898.2
40.91177784,11.50845855,-2477.1
40.71356292,13.20144036,-1075.3
42.78953956,12.02759043,170
42.42417313,13.65160856,1679
41.33641509,13.50637432,486.7
41.68477039,11.85550247,-733.9
41.27666109,13.96186809,570
41.77246153,10.93683256,-1504
40.5907105,12.7284044,-3592.2
41.41425492,14.09499786,144.2
41.22859982,12.21622187,-1104.8
41.85170586,10.77605042,-1540.1
41.11187727,12.31750305,-1545.6
42.03012575,13.05620272,944.4
41.61365363,11.23073639,-1086.1
42.69236986,13.62975936,933.1
42.68783497,11.16524302,40.6
43.28852014,12.84718959,645.5
42.45086758,13.23754314,908.7
42.52068722,13.73000457,594.9
41.11467448,13.51987614,-111.6
41.48566905,12.77453308,31.5
42.2604937,12.73693096,318.3
41.57920675,12.37349035,-48.8
41.44055561,11.37972909,-949.9
40.51540554,12.49888239,-3173.2
41.52092502,12.72265008,61.8
40.6138125,12.9428694,-2297.2
41.14179943,13.59602394,-93.9
40.63854857,11.55154168,-2039
43.02336956,12.83663135,863.3
41.3512183,11.60169831,-1346.7
42.871747,13.38554356,606.4
42.30995468,14.23643893,106.7
40.90806636,13.0172292,-81.6
41.99349168,13.78833945,1042.4
42.34940532,12.3951736,158.6
42.12277486,13.17531511,936.8
41.83365121,14.30225838,1315.5
41.86111483,13.64053599,996.3
41.10024093,11.64225711,-1924
40.64213849,11.94994511,-2493.2
42.47416356,14.07639096,41.8
40.6753418,12.30908151,-2699.5
42.95034891,13.07982357,781.3
41.99348806,11.45777526,-600.3
42.71322696,12.54817914,305.3
43.06922831,12.57225107,215.5
41.62403349,13.49508452,308.6
43.19773332,12.49465218,340.7
42.19020931,13.59594369,1116.9
42.6098978,12.15338305,194.1
40.9793374,13.35436833,-457.1
42.32925406,11.19646891,-72.8
41.55427839,13.56249701,125
41.678552,14.09060814,1004
42.62187831,11.58225813,172
42.09022077,13.55927547,1178.3
40.76751499,13.17405404,-650.8
41.33865293,11.87187778,-1732.6
41.20094228,11.90357609,-1842.2
42.70917913,13.44177719,926.9
41.09926696,11.56976678,-2108.3
41.68178345,12.69747017,274.5
42.3507341,11.2177034,-40
41.22628022,11.29660169,-1156.5
42.13972549,10.56911336,-1087.3
42.75935228,13.33966994,758.7
42.92170039,12.80584175,980.4
43.15110271,12.83588242,790.2
42.38887829,12.34371923,257.5
42.27632365,13.88982813,458.6
40.95220438,13.86356733,-53.4
41.22443305,12.77515414,-123.1
42.42865225,13.75105857,1775.9
42.6820944,11.50065611,221.7
42.70075354,12.85352376,781.4
41.08426172,13.16223994,-126.7
40.48603648,12.89101028,-3222.7
41.71750685,11.02936989,-551.9
42.2931584,10.98740168,-133
40.71058507,12.25640565,-2583.9
41.3170529,13.14444467,1.3
42.03920058,10.8273232,-1251.7
41.41778981,12.07519431,-582.6
41.98099385,13.54669818,651.8
41.97134367,13.93033792,1250.6
41.3257162,11.18178932,-1428.4
41.96784475,13.86788304,1833.7
40.63585956,12.7000901,-3111.1
42.55051564,11.76451109,431.4
42.97795411,12.07303117,351.8
41.82839747,11.92651689,-132.4
42.1057524,12.68669221,104.7
41.25225897,11.85326147,-1800.6
41.13562517,11.89159614,-1853.2
42.19917845,11.23079993,-125.9
42.48182582,11.21620253,2.9
42.89676969,11.42752174,293.2
40.61441714,13.1296469,-2480.7
40.72886463,13.21913234,-611.2
40.85680231,13.53573408,-616.1
42.37241278,13.04547926,1264.6
41.20749298,11.30961739,-1144.6
41.9194662,11.09013719,-1036.6
42.8708521,12.443444,318.3
42.55769011,11.44607533,103.5
41.72431822,13.18554299,256.6
41.88943078,11.00931967,-1244.2
41.78439283,14.31287682,1197.4
42.69491878,12.86520476,1072.2
40.51877522,12.60784,-3378.9
42.65748195,13.28490934,905.1
41.41770579,11.18417491,-1114.7
41.23468243,12.42367835,-449.3
42.19201586,10.81526209,-1012.2
41.49485361,10.98236781,-1140.1
42.53330209,13.38401381,1311
41.73815073,11.00173151,-1031.2
41.4527886,13.37194491,583.7
40.66402615,12.07640812,-2967.1
40.68675113,13.31721285,-776.1
41.84800453,10.67455302,-1707.1
41.68760551,10.89354256,-1534.9
41.53901182,11.94717364,-1011.9
40.87562563,12.98642334,-31.1
42.14009213,12.53475593,107
41.44461472,12.37661491,-123.3
40.95007572,11.94470361,-1954
41.94121143,14.17215901,1431.7
42.0414569,10.74026088,-1311.7
41.86910721,13.61048231,1198.8
42.54335836,12.88715063,1255.1
41.74092469,12.83523431,370.2
42.96236275,13.75623657,144
41.72125592,12.24278368,-1.2
41.85309013,13.28380906,1127.7
42.17175723,13.50595281,1543.5
42.57007627,12.26151167,74.4
42.75030522,12.37495655,320.1
42.86243463,13.4246017,383.4
41.42682807,13.42464803,517.4
41.08359454,10.88170065,-309.2
43.05805732,11.4713756,310.5
41.23755177,11.95969144,-1482.1
42.71371161,13.60077072,1062.2
41.34160688,11.15651974,-1427.2
42.76740511,13.03622614,920.8
40.54834617,12.66936375,-3595.9
43.24621597,12.07542863,486.5
42.74685931,13.07143798,1015.3
42.01486134,13.33538884,746
42.83704705,13.63385698,137.4
42.29109895,11.64903621,4.8
42.08575422,12.80490878,525.4
40.96084013,11.68390424,-1810
42.22073355,13.97577163,422.7
40.53491836,12.92093581,-3048.2
41.06427711,13.07289315,-136.5
42.74201524,14.0203388,-7.5
43.11366655,12.74482627,477.3
41.40055512,12.67719124,-26.6
42.83597286,12.02588756,255.8
41.94732182,10.95275252,-878.8
42.2739036,12.0460491,296.7
42.25717176,11.26225634,-114.3
42.82461617,12.18139815,494.3
41.70105604,11.30343765,-1003.3
40.7008179,13.50362988,-584.9
41.98125861,13.01316093,418.1
42.40143371,14.02266891,204.9
41.54850099,13.34038611,132.9
42.22085315,11.6267775,-44.9
42.19516859,11.74565917,11.7
42.45932252,14.21799881,6.9
42.64078505,11.7887856,599.2
41.56926661,13.22504793,845
42.20444693,13.47473325,1779.2
41.88354856,11.03600954,-1254.4
42.60737424,12.73199014,320.2
41.98691287,12.8775577,297.1
41.0813031,11.78959161,-1836.7
40.69083134,12.8535014,-2611.3
42.68272688,11.72531604,426.7
42.00472455,10.79528292,-1361
41.14074311,12.23868997,-1830.7
41.03568886,12.27350254,-1938.9
41.28729038,12.9276309,-71.6
41.6697359,14.20161847,440
42.18717971,11.144076,-132.3
41.65019617,13.89005973,837.8
41.74737833,12.7744616,578
41.74489162,10.83633531,-1477.5
42.3785891,12.7866684,524.7
41.7413577,11.81408569,-672.7
41.45006763,11.05983063,-1167.3
41.47787578,13.33595916,89.9
42.5770987,11.00989309,-79.7
41.87387699,11.10367754,-884.1
41.67608835,11.6207126,-896.4
42.25571348,14.31316568,309.3
41.158808,11.12316549,-1519
42.58345771,12.30298531,257.6
41.14100478,12.52493299,-318.4
42.48013015,13.51452662,1890.6
40.69444379,13.59218266,-922.3
41.15725894,13.61017919,-82.7
41.79832709,14.30579432,1155.6
42.46653369,11.13872971,-14.3
42.07812827,11.60030536,-115.4
42.90274086,13.32357115,950.8
41.26574548,12.64570993,-126.5
42.32499075,10.67598701,-335.4
41.80508792,14.08811283,1433.1
42.17857719,11.64432515,-53
41.20216885,12.86497801,-106
42.99395255,12.73443711,281.4
41.74547102,10.75508218,-1433
41.30040606,10.81556619,-1674
43.00888217,11.97087977,248.8
41.33600282,14.04722525,218.7
41.17614576,12.89352358,-110.3
41.42819416,12.60272403,-7
41.95892466,13.320204,1647.6
40.74271394,13.63778363,-853.7
41.38916945,13.22948239,329.1
42.20970415,14.12146113,744
42.51685889,13.38418859,1484
41.72447601,14.0558,1097
42.61280484,11.02853416,-31.3
41.32105005,12.32288524,-387
42.37033764,13.70460636,1410.4
41.85385877,10.58324026,-458.5
43.17506289,13.0036664,434.9
41.47670936,11.03484483,-1184.4
41.0910814,13.50494753,-127
42.78514044,13.40379214,767.2
41.94722737,11.81115431,-105.9
42.66257172,13.84654129,263
40.57375246,12.95244302,-2052.8
41.97490351,11.78968351,-97.3
41.67351777,13.30884186,233.6
41.9073475,11.21076547,-965.6
41.6652719,14.06238854,751.1
42.28654263,14.24650756,241.7
41.25273111,13.34410817,-36.7
42.59975815,13.12876241,1445.7
43.0864789,13.27966783,540.7
42.21800478,13.30138387,1228.8
43.18840135,12.83278773,913.5
40.55438782,13.15919409,-2705
43.25285337,12.51926106,658.1
42.47075943,12.81847305,371
40.75342009,13.66099257,-834.9
41.38104689,10.97813737,-1046.8
41.78622454,13.90762991,1157.6
41.72958877,11.65045299,-1024.3
40.64239181,12.89337866,-2885.3
41.52595678,12.87759579,25.4
40.53823092,12.84005598,-3450.2
41.43473413,12.94727922,20.4
43.18008835,12.22674832,361
42.54750405,11.04771989,-74.2
41.02615067,12.35802382,-1650.2
40.70141619,13.51941266,-627.9
40.78015691,12.88303651,-1705.6
43.0457441,11.37561154,247.8
43.02056482,13.06659512,623.1
41.55954093,11.58145838,-1205.8
43.24299323,12.02069172,349.1
42.01859067,12.82865756,654.5
42.44492921,13.56989368,1946.5
40.93359566,13.25695602,-565.8
42.20315668,12.45150987,200.6
42.87580526,12.52323004,410.7
42.23912335,13.44548028,2023
42.26373065,13.67290787,748.1
40.72724696,12.75186711,-2929.8
40.90515558,11.17584398,-2440.1
42.7692642,11.50292878,424.8
41.0606207,13.32485938,-120.5
41.08437185,12.29396375,-1715
42.04777333,12.91021388,448.7
42.84710115,13.83571869,172.3
43.11821684,13.082912,416.6
42.16288032,13.70056595,765.6
40.76277242,11.72311239,-1263.5
42.44047389,13.37662308,1416.4
42.24688355,14.20914721,313.3
40.800173,11.98878743,-1977.8
40.71369795,12.28909376,-2560.2
41.81686946,13.56958953,447.9
41.14111247,13.35040831,-101.1
40.95807287,13.60727343,-516.1
42.49458877,13.82662044,314.3
41.06598065,13.60873944,-119.7
42.44470862,11.42540164,66.4
41.53303985,11.82602813,-897.3
41.0457927,13.49178988,-202.5
41.94806286,12.57351101,44
41.86646093,14.23873611,829.5
42.67381124,13.78042071,263.7
41.9514981,13.63032203,659.7
42.51801012,11.24029666,2
41.15844309,13.48537476,-97
42.28233007,13.82284171,942.6
41.31028229,13.53670671,234.9
40.76524384,11.93531534,-2194.2
41.57949598,11.48518187,-983.3
40.64188045,13.17498398,-2082.6
40.78579434,12.15829188,-2435.6
41.5640365,13.81207693,676.6
42.83498303,12.85858889,1219.3
42.01602268,14.08867794,2102
41.6960256,11.23707012,-1164.4
41.85162772,12.63781702,83.4
42.90182288,11.89326774,487.4
43.10022519,11.76174503,350
43.15337288,12.47889466,286.1
41.52788052,14.35026941,696.3
41.70683765,13.34590817,412.9
41.61850848,14.14875513,462.3
42.50051458,11.90167326,324.6
42.33401544,11.60748037,24
42.39014391,10.86437629,-27.3
41.81389308,11.2264519,-980.4
42.76644437,14.00030319,-5.7
41.66347104,11.42322798,-774.3
42.66180716,12.59675915,687.9
40.84331233,11.89734455,-2131.6
42.59373774,12.63634698,271.3
42.03862907,11.02477128,-412.8
41.37246904,14.04871831,615.7
43.13288264,13.14804418,330.9
42.47886626,13.97761765,112.8
41.41647787,13.05418358,3.8
41.1503703,13.04448879,-106.6
40.54090917,12.07971842,-3113.5
42.90631349,11.92787729,346.7
42.77711743,11.47458451,633.2
40.89170209,11.68434839,-2013.3
40.90127893,12.75210861,-159.6
41.96814123,10.94015102,-855.3
42.79270563,12.81267588,818.3
42.15546839,11.64074692,-70.7
42.28727977,12.07376869,403.9
40.89538415,12.77148823,-214.1
42.11305393,11.23759357,-245.2
42.2073814,13.16093776,792.8
40.56024779,11.85997955,-2477.6
41.46902576,13.77437803,85
41.13846547,10.8608292,-1249.8
41.15331778,11.5898057,-1739.3
40.55352811,11.80822295,-2537.8
42.21372822,13.73141527,877.9
41.65492283,12.9021377,372.1
41.12477833,12.72666208,-494.4
41.88313318,13.6563181,1795.5
41.00093745,13.39484973,-343.3
42.56203629,11.69826591,300.1
41.62499725,14.37211419,1260.4
40.75305439,11.51198573,-2460.9
42.74005835,12.56723587,517.9
42.16406743,10.61412355,-1181.8
41.13463193,11.32039193,-1572.7
42.67086629,13.29788087,1075
40.56566441,12.96116695,-2088.3
42.07865907,14.33984183,194.8
41.2365229,12.79870562,-113.6
40.49729532,12.55797666,-3075.6
42.05090322,13.91683856,381.2
41.25048884,13.24439394,-29
41.42042911,13.69337602,46
43.16272271,12.34690632,395.2
41.04524596,12.74962328,-433.5
42.76991392,13.45582705,723.3
42.38952816,11.87997886,109.9
42.10757297,11.72119775,-35.5
41.20767367,13.27447062,-77.1
40.62866594,11.94861182,-2520.3
41.00009745,11.5483605,-2136
41.97096157,12.13109213,63.3
42.12391207,11.28641742,-240.9
40.89992208,12.01915246,-1942.9
41.33526765,12.09635955,-485.1
42.25224571,14.34327005,145.1
42.0191118,13.73357479,1025
42.96519943,13.72514669,182.9
42.39575789,11.22716159,-3.6
42.85597571,13.61790358,164.3
41.10130058,12.79169305,-445.5
41.76619412,10.86949675,-1527.9
41.19776833,11.50608967,-1429.9
41.05016115,13.88433254,-6.4
43.04379659,12.11115347,276.1
41.85646736,13.2770045,1014.1
43.06501324,12.79511873,1040.8
41.325093,13.01548764,21
43.01165228,13.17976471,878.2
42.01635383,14.02331858,1065.7
42.03031161,13.30144137,880.2
42.81315381,13.16637214,1741.5
41.03559059,12.40177048,-1681.7
42.93852296,13.48912656,637.8
42.10526617,13.87147636,303.6
42.91983118,11.88453385,767.1
43.11307966,11.62098811,382.3
41.12254056,13.92588479,23.1
42.63005571,12.43241905,355.3
41.72809564,13.1410076,227.9
42.89428125,12.2104572,460.4
41.52478901,14.06578429,500.2
41.65236203,12.47996179,58.2
42.78401558,11.99602274,318.2
42.57636495,12.3259731,329.6
41.61033674,14.3768818,1244.9
42.28874572,14.0555828,193.1
41.99899585,14.2595319,956
40.48371642,12.76256876,-3595.6
42.05949999,11.96413597,220.6
42.69249656,11.10981107,3.1
42.2841527,12.24734943,346
42.20976239,13.23684253,1134
43.02134083,13.5255019,359.7
42.74718706,13.50179849,586.2
41.11827767,12.55749715,-414
41.38390794,12.66377667,-37.3
40.57062901,12.01696757,-2980
41.74807782,10.64456494,-1680.5
40.93060609,12.85900178,88.8
42.12185119,14.24497131,322.2
41.80679604,14.29952801,1107.3
41.9948839,11.9809738,
40.79650642,13.13015742,-508.9
40.52204978,13.16372848,-2687.4
41.63043094,10.63722669,-1189.2
41.62215708,13.55320297,241.2
41.64496206,12.48266692,41
42.4208243,11.27036927,10.2
42.37147688,13.15617648,999.4
41.78464837,13.2787881,663.3
41.21731477,13.333508,-78.1
40.71314609,13.22708572,-884.8
40.86560129,13.67035961,-693.3
41.17901767,12.74333881,-194.1
41.04834146,13.89942034,-1.1
41.94896871,11.21504783,-525.2
41.59718439,11.64157748,-935.1
41.80447121,14.37639543,776.1
43.13209957,11.84251735,271.5
42.35738186,11.84853229,136
40.64698624,12.56248591,-3251.1
42.19746422,13.57479454,1278.9
42.65053355,12.29875934,396.9
41.82112179,12.62972207,108.5
40.72534013,11.49108172,-2456.1
41.78677847,12.77919564,701.3
42.01322337,12.29214727,51.7
41.21702342,14.18731949,590.9
42.01930121,14.15690958,926.4
41.172543,11.10600576,-1283.9
42.99576314,13.22493531,1046.9
40.9581186,11.4571977,-2255.1
41.62979859,12.97518764,1127
41.55061045,13.06811161,720.6
40.61598053,11.66947568,-2488.3
40.45444252,12.4248546,-3407
42.34460746,14.24417972,112.7
41.10607177,12.38291942,-1628.8
41.56510821,14.08417208,917.5
42.46169317,14.18218837,21.6
42.08413391,10.96010463,-352.8
42.60310454,12.67996179,425.3
41.89097345,11.52965585,-765.2
41.47261402,12.82171794,16.2
40.95845211,11.52653775,-2061.4
42.95426685,11.72826981,568.1
41.88888743,13.42968837,781.9
42.35505735,12.5245526,113.2
42.41196481,12.75994475,582.8
42.51978165,13.77857995,449.5
42.75299523,13.30789047,1046
42.63928428,12.409272,358.8
42.42799781,11.51398963,55
42.95449447,12.00499856,499.4
41.68412755,13.83458679,629.4
41.84918432,13.22602088,927.3
41.65337775,12.6698604,142.1
42.67273634,14.06159805,-4.9
40.54301037,12.7944886,-3589
42.29189199,11.18629861,-102.8
42.27533005,13.70403539,894.3
42.11762629,13.77442139,590.8
41.63606102,13.48824079,291.1
40.80856666,12.05090936,-2097.3
41.4882769,11.46412511,-859.6
42.31725913,13.23000444,1461.3
42.82568,11.05247764,2.3
43.17789351,11.89118683,255.2
42.97438711,13.37276387,613.1
41.69560649,13.20153591,225.6
41.09733168,13.34842296,-111.6
41.61909398,11.20449868,-1137.8
42.71898419,13.94025917,27
41.88510979,12.08195243,-21.3
41.80953162,11.91110864,-254.7
41.21014316,12.04645125,-1514.7
42.20271158,13.54423685,1402
43.00694172,11.97360862,247.9
42.04572453,13.16545223,1494.8
41.84677938,12.46036174,26.9
41.31671401,12.94569266,-29.5
40.5481055,11.76361502,-2573.7
42.78478406,13.97303734,-0.8
41.91540299,14.36926746,706.5
41.76763519,11.10900065,-935.7
42.14758798,10.77089381,-1094.2
41.47988989,13.50899073,192
42.06685404,11.50426639,-196.6
42.37013437,10.93760283,-6.5
41.42241523,11.71215351,-1134.9
41.75491712,10.83536578,-1524.2
40.63699196,13.1411329,-2176.3
41.0525045,12.83482225,-530.4
42.33691493,10.64393867,-393.5
42.47231705,10.95340503,-116.8
42.81314606,12.73365069,229.6
41.744061,13.43587897,897.1
42.17238893,13.76993565,827.9
40.53865335,12.14748052,-3381.5
41.18619664,13.61070507,-33.3
41.01345048,13.2001306,-163
43.26737155,12.87730209,970.9
42.53273361,13.42884196,1586.4
41.15313115,11.68616002,-1243.8
41.61100862,10.64800033,-1123.1
42.27972317,11.38376493,-89.5
41.76689185,12.07464359,-105.3
42.0533112,14.13104753,2045.3
40.8732924,11.36950928,-2368.8
42.37606652,12.10375278,394.5
42.173018,13.40193403,1939.7
41.80503815,11.4086533,-775.1
42.435428,12.44937866,164.6
41.37436154,11.05923454,-1303
40.89210328,11.27339583,-2379.4
40.60182666,12.69159368,-3574.5
43.18528308,13.02884047,336.3
41.00565045,11.55939783,-1999.4
41.6459611,10.61604937,-1404.9
42.79912424,11.00002301,0.7
40.58149237,11.8695104,-2552.9
41.61303487,12.87489276,102.9
41.74863565,11.82180535,-676.7
41.15581746,13.25956307,-87.8
41.03517033,11.7077049,-1624.1
41.42752641,12.79655614,5.3
42.37781797,11.09170952,-13.2
42.60071619,12.23472655,79.8
41.79221778,10.5630623,-714.5
41.60595934,11.57006922,-854.7
43.09762917,12.79673461,691.4
42.28223293,11.69913072,32.3
43.0472067,12.1248699,293.9
42.95919506,11.48806538,130.6
41.55437705,13.68180179,513.5
41.17604983,11.1895192,-1558.2
41.34130842,13.52918236,473.8
42.23979711,13.71072713,698
42.0355789,11.0974557,-473.6
43.12770606,11.82116829,283.8
42.56244452,13.20414662,1200.3
40.70680137,12.56581806,-3126.4
41.42838119,13.96836621,112.8
41.98577263,12.87284209,292.9
41.28020034,13.96085614,589.2
41.2558618,12.87332268,-93.2
41.92521785,12.27564289,20.6
42.72937115,13.28866827,928
41.36648583,12.31164859,-267.3
42.44001348,10.75948262,-235.5
40.77032256,12.04569461,-2102.2
43.04316979,13.55399982,266.9
43.03311875,11.36705473,123.3
41.03061169,12.61934694,-426.9
41.27706771,11.33655099,-1253.4
41.81153079,13.12344641,370.3
42.46020337,13.7938976,665.8
42.94632442,12.80991112,1022.1
42.97766037,13.49290886,434.1
41.21111397,12.32198711,-980.7
42.35546322,11.55600926,17.6
40.88264328,12.20648131,-2057
41.92410355,13.11332564,610.7
41.12791882,13.50580048,-102
42.82214023,13.04182971,1146
41.86208735,14.18411255,914.7
42.14843084,13.18336884,879.8
41.58722684,10.9397595,-1317.1
40.67330584,11.92445507,-2408.6
42.99181618,11.90697043,297.9
41.91173608,11.99726652,-34.4
42.03022699,10.6717082,-1340.7
41.30702259,13.14928666,0.1
42.04914344,12.94626342,371.7
41.16320795,11.24363847,-1461.3
43.1644996,12.78658228,474.6
41.40634336,14.23973489,806.2
42.21636376,12.53799182,227.3
41.34925198,10.69930964,-1247.5
42.67522657,12.76009169,1069.8
42.58581296,11.49998992,265.7
41.94415492,14.04248629,1477.2
42.42251146,13.87949321,454.5
42.94017597,13.07085722,1038.2
40.9538858,11.42313239,-2235.5
41.81027871,11.91438487,-237
42.32575428,10.88308975,-7.4
40.75277572,12.2954317,-2418.2
41.77818171,13.54332174,1158.9
42.6333666,12.36903398,539.7
41.48638123,11.02972065,-1177.6
42.93222648,11.50813634,343.9
42.74878886,11.91105412,271.6
40.92260489,13.61540542,-674.8
42.96329937,13.25512123,1558.2
42.47564537,11.30996113,215.1
41.56157121,13.13284318,987.7
41.61405419,10.99914724,-1220.1
40.47862322,12.17172446,-3410.7
41.25435972,10.8201073,-1725.1
41.9975976,12.9782352,757.9
43.24451412,12.62141842,361.6
41.30960535,13.95796899,673.2
40.75886568,11.33854113,-2417.7
42.46956281,11.85672274,275.4
42.5153738,13.42224364,1088.4
42.30045887,12.07397025,397.5
42.86156289,12.98714588,617.5
41.7893162,12.96454745,243.6
40.49127504,12.23213607,-3114.7
40.8466778,11.96764385,-1753.6
42.77191214,13.50771774,541.6
42.23416677,11.71875438,9
41.86620372,12.25785495,9.4
43.18331727,13.08516028,467.2
41.25971982,12.94718962,-84.4
41.29724043,12.5271731,-141.6
41.96488084,11.88759853,-49.9
41.05967346,14.02897664,6.1
43.20346052,13.180402,493.8
41.26257238,11.07500198,-1256.9
42.85068441,13.71615244,53.3
41.8470763,11.32484222,-909.8
41.14351016,11.09543873,-1266.9
42.04492872,13.72253346,1036.5
41.47650162,11.90742763,-885.7
42.62608995,11.06561748,-0.6
41.28109309,11.89890246,-1795.8
41.72293265,11.65211433,-1026.9
41.31505672,14.0649898,203.4
43.12613187,11.89459336,247.8
40.84151141,12.12660265,-1981.5
41.20749496,12.88620386,-100.7
43.07362939,12.68594521,871
42.32804665,12.29066703,310.3
40.86992025,13.17319532,-655.9
41.90507283,12.99474154,758.6
40.86123368,11.49087484,-2505.9
41.81851183,11.96929996,-125.3
41.38752445,11.48124717,-1095.9
40.72868927,11.98823825,-2239.5
40.70779298,13.07734407,-1774.1
42.16344791,11.99903245,100.6
41.23113135,11.79890385,-1593.4
41.11336663,13.31295693,-118.5
40.74981954,11.52588619,-2476.7
41.48668681,13.2232724,33
40.83974593,11.38184566,-2419.7
42.74252522,11.96832665,540.3
41.16160124,13.24345201,-82.2
42.45662818,12.67678792,751.2
42.05728748,13.72321774,1316.6
42.25132243,12.68279641,269
41.58181877,13.82432301,419.8
42.80677853,13.20097909,1281.5
40.49752276,12.78896555,-3593.9
42.64976537,11.9728369,308.3
41.56266294,14.31684973,793
42.92369623,11.95981656,241.1
43.09047628,12.43900465,197.9
42.48421935,11.91983891,291.8
42.4147055,11.78214469,134.3
43.02366651,11.99868289,335.7
41.5996789,14.16564023,348.4
40.96942537,13.54223668,-480.4
43.12898239,12.08271857,253
40.8966671,11.97100777,-1865.9
42.73524897,11.81228605,403.2
41.19564346,12.60358014,-296.5
41.0041194,11.20625853,-1463.9
41.1448748,11.92934567,-1728.7
42.27254191,10.7475053,-306.8
42.09179976,13.74903417,590.8
42.66360057,14.00921094,60
42.49966029,11.25658499,8
40.6690528,11.97777659,-2451.2
42.0170966,13.3863303,707.1
42.8382127,11.67736142,584.4
41.9573058,10.84394941,-1347.7
42.4811971,10.73275247,-245
40.72333203,13.01057676,-1844.4
41.1039697,14.01076348,4
42.26612532,11.1070452,
41.52321277,11.96429435,-1019.8
40.59185227,12.45289978,-3106.8
42.60151679,11.39752806,169.6
41.15504451,11.18549956,-1561.7
40.78666095,13.6109032,-824.4
42.17348045,11.1705354,-134.8
43.11454256,13.30257193,484.2
42.0933727,10.73952531,-1043
41.04135986,12.91261538,-436.6
42.86791419,13.59733532,183.8
42.31038227,12.52193334,66
41.60374969,14.04092441,557.9
41.48853946,12.19814807,-215.7
40.82030755,13.09215017,-243.3
41.03852946,13.81554231,-39.3
40.74291063,11.32334458,-2559.5
41.42180771,11.97715513,-679
41.82863361,10.59670839,-435
42.09507749,11.70924366,-66.9
40.99875601,13.33166565,-364.9
42.5181437,14.15940892,1.3
41.12494669,11.93507261,-1749.1
40.96417062,13.32410057,-490.7
42.86041764,12.58812694,323.8
41.232666,13.33537405,-69.9
42.80414793,12.70189371,256.7
42.07747252,13.90992944,360.3
41.99112389,10.69783715,-1359.3
41.29261831,13.87966727,12.9
42.29975285,11.17342191,-98.8
42.23580537,14.32061558,265.5
41.84355427,11.81470823,-245.2
43.29491411,12.39540968,423.9
43.18342114,13.21941695,454
40.56763075,12.85379201,-3417
41.90831595,11.43985185,-792.3
41.54188322,12.72294292,37.1
42.49579923,11.33409917,34.7
40.96603889,11.29737028,-2202.9
42.09951639,11.85262012,235.7
41.44652879,12.72544183,18.8
42.19569622,11.30810584,-126
42.94874013,13.4901299,659.3
42.62931693,13.9370927,40.6
43.00670952,12.08932248,467.4
41.27195115,13.57015207,430.1
43.15369481,12.24916301,357.2
43.14504493,11.76415677,395.6
42.23837888,12.52230531,219.2
41.61449109,12.17892112,-127.3
41.10409048,12.21837556,-1978.7
42.45036537,13.86081205,342.4
42.25798175,14.00165581,134.2
40.57117374,12.02636672,-2994.9
42.63741772,13.16382412,1319.9
40.55478487,12.36616108,-3225.2
41.11664947,13.28798323,-113.6
40.96926247,11.88467405,-2041.5
40.82302909,13.75030846,-679.5
42.26257443,13.42234766,1895.4
42.82017171,12.73039829,224.6
41.43142803,12.63117086,-2.2
41.04705031,13.16561189,-143.5
41.66189932,14.17575928,581
42.64976175,12.09704572,489.9
42.622128,13.05401866,943.9
42.66095519,12.49339777,381
42.83542339,13.60365051,290.8
41.48868191,12.94661331,10.3
40.78435094,12.31050765,-2448.7
42.64778978,11.58290038,221.7
42.55298275,13.55411922,483.8
42.83774437,11.46141476,725.5
42.07310352,11.95279284,256
42.7001356,13.05961795,838.8
42.75967722,11.30601522,281.9
42.70751899,12.92042059,1356.8
40.6707932,13.26918383,-1520.5
41.85561838,12.75357566,165.5
41.27890862,13.53835367,138.5
41.79237643,11.1911934,-939.9
42.23306051,14.24419563,410
42.36944769,12.51936575,185.6
41.89657048,12.48457671,22.8
42.08432747,11.68130022,-92.7
43.27997439,12.84940112,580.5
41.26739674,13.90843801,163.2
41.05585801,13.49090474,-186.9
41.98629912,13.91704988,1218.9
42.45580303,12.05779761,322.1
40.70022454,12.03069442,-2329.2
41.50341185,12.48251034,-53.4
40.79377945,12.76059861,-2076.5
42.45830819,12.07970188,305.9
42.00921555,12.25989287,138.1
40.57934937,12.32191745,-3227.6
41.58078262,12.80346073,71.7
41.95445777,14.01038698,1658.4
42.09776679,13.00251491,793
41.76151454,14.1285769,837
42.34096332,12.57081393,185.9
41.90146378,10.56843965,-1055.8
40.61762594,12.53533467,-3135.3
41.51460645,10.95683647,-979.9
42.23203883,13.23067815,1382.7
41.32337344,11.07202422,-1338
41.88290634,14.31737014,1027.1
40.5562265,11.7668241,-2549.1
41.45821234,13.52036334,271.4
40.73845593,13.16540402,-902.8
42.96405137,11.34838892,75.6
40.81283639,12.90466285,-992.3
42.23282864,13.85314431,788.5
41.89194222,11.03399987,-1214.1
42.27016838,11.99068785,178.2
40.78424569,12.85957791,-1982.7
41.23967566,13.58384052,
41.06228207,13.73228219,-87
40.7249253,12.73459587,-2968.7
42.73447193,12.30318979,144.8
41.31045053,14.10613472,157.8
41.17952857,13.90801405,272.1
41.90241589,10.98295183,-1078.9
41.06664631,12.0522882,-1740.9
42.45683946,14.18394363,24.8
41.50690056,14.30165186,1170.1
41.96271395,14.40563981,739.9
42.71786275,13.67539026,420.1
42.93373423,11.80367754,433.5
42.10016455,13.62583227,1453.3
41.92196653,14.17568778,1394.1
42.13062683,13.70225018,615.7
42.28715302,14.28025598,172.4
41.42887474,13.42714599,491.8
41.16769857,13.47529759,-86.9
41.91547339,14.04364581,1337.2
42.11223401,13.52651312,1243.2
42.86766168,11.89308324,676.6
41.92713387,10.66146438,-1375.3
41.05611099,12.67755144,-332.6
42.97170242,11.46571176,154.5
41.62498854,11.63422404,-856.6
41.52339587,13.70031878,164.3
41.95514609,13.78954806,1593.3
40.79116743,12.13164587,-2650.1
41.86075007,13.27354176,759.8
42.23967313,12.64800389,69.9
42.39826172,13.27953497,853
41.62461364,11.56195217,-650.5
43.00567345,11.60312368,544.2
41.93218204,12.3049997,78.6
41.74570365,12.94881257,261
42.12970181,12.58001321,74
41.02782223,13.12990784,-141.7
42.80252857,13.02057377,760.3
42.66553874,12.0025373,596.4
43.21195,12.1266622,320.4
42.76427084,13.43713803,809.3
41.61727583,11.34512661,-1015
42.27446075,12.89554945,635.6
42.56590211,13.45505925,1063.9
41.47819383,12.30864292,-136.1
41.09124439,12.60554046,-495.9
42.56396333,13.23988041,1111.3
41.46987442,13.47705175,330.9
42.23548588,11.08223287,-18.6
41.96370941,12.47820878,39.6
42.42443649,12.70360174,798.8
43.1165648,12.79513743,510.1
41.96342996,13.6610712,667.4
42.94196194,13.77837084,168.9
42.45669397,12.5460973,443.7
42.84098657,12.0042885,301.3
42.41834376,11.81024129,150.4
41.24491183,13.07222195,19.5
42.30897158,14.02936746,100
40.77144808,12.11535015,-2684.9
41.35653441,12.63412332,-61.3
41.21010766,13.55932048,
41.43144284,13.69583687,53.8
41.35438117,12.44774969,-136.6
41.76389773,10.66408577,-1705.3
41.86676417,13.17277719,977.1
42.24078392,12.73500925,212.3
42.31625125,13.66107409,1170.2
41.21347831,13.65341143,-22.4
42.53908785,11.20672522,6.9
42.96317888,13.58931441,323.3
40.71017975,11.56977329,-2270.2
42.29910178,10.62520587,-480.8
41.49324084,13.53957117,397.9
43.11690323,11.90109193,249.6
42.57822145,10.91022856,-21.5
42.43686463,13.71111118,2196.2
41.4499031,13.03897147,4
41.19170532,12.31041005,-1026.9
41.51897559,12.80647663,29.1
41.97248279,11.1494774,-569.7
41.29885461,11.95203815,-1202.3
41.9282753,11.01732523,-870.4
40.74950171,12.25850775,-2454.6
41.91281,11.43317548,-790.7
42.52639262,12.10758256,335.2
42.96659736,11.35775856,72.4
42.0718733,13.61937098,860.5
41.07242355,12.60738239,-605.3
41.05248532,11.78508972,-1913.1
41.20920573,12.77575452,-127.6
42.48604151,10.73703439,-239.9
41.3443907,12.61508992,-78.7
41.98015031,12.75078817,71.6
41.75314956,13.46826034,1106.8
41.41085139,13.43665789,835.6
42.27787789,11.15421496,-98.9
40.66824966,12.4538426,-3113.8
40.73188688,11.41067227,-2623.4
42.1895318,11.40024868,-117.4
42.97601404,13.60975253,322.9
42.1758184,11.13734903,-141.8
42.20654899,13.35931759,1778.5
41.84426741,11.04225743,-1271.9
42.84867535,11.39437446,192.1
41.70388192,12.86999291,269.7
41.40023637,11.2233504,-973.8
42.29284585,13.82671765,1301.3
41.06892231,12.51572554,-993.7
40.79637795,12.57233379,-2812.9
42.30850253,13.02838772,718.5
40.86630118,13.49050248,-599.5
42.48429252,11.90112689,266.4
41.96525076,11.58543887,-288.2
42.96113472,13.35860356,551.9
40.98196605,12.80710062,-134.2
40.60385206,12.60145629,-3395.2
40.50939758,12.85086939,-3184.4
40.95321788,12.73202201,-368.1
42.77448143,11.34964964,188.4
41.88272658,12.30310223,62.1
41.58940449,12.18891321,-126.8
42.44918322,12.77356594,377.1
41.84239512,13.72256866,1894.6
42.70064376,11.8990174,455.7
42.21963404,13.66675266,1153.5
42.38383743,11.42058668,
41.51102401,10.96518416,-1060.5
41.36811562,11.49095432,-1146.9
41.22079281,10.87894494,-1184.9
42.74368095,13.33562116,1250.5
40.46093207,12.45784204,-3057.5
40.74674657,12.70050195,-2974
40.9870362,12.17801856,-1991.9
42.27382254,13.15488311,1206.7
41.80718652,10.83165072,-1372.6
41.91935738,11.30686891,-823
43.14870231,12.69124192,733.7
42.59904478,12.02015165,471.5
41.58058046,11.96909482,-784.7
42.23462781,12.70656966,102.1
41.01449685,13.69455917,-102.9
42.31519622,14.11175669,128.8
41.27150137,14.16361064,215
41.74291862,14.0335962,930.3
42.99280442,11.343492,168.8
41.1636239,12.7837914,-183
40.64360916,12.56713553,-3256.3
42.37326869,11.18552732,74
43.20300725,13.13242508,476
41.63027696,12.83705166,133.8
41.65298123,13.38439699,241.4
42.05526259,11.09337696,-396.4
43.10295869,13.16091702,798.9
43.20883927,13.1599303,628
42.33508393,13.47385636,593.6
42.12735627,11.40082809,-174.1
40.43806979,12.66945787,-3601.1
42.27763012,13.5954074,861.8
42.61508931,12.62040001,752.1
41.64643255,13.50292618,356.4
42.66924762,12.03461458,554.1
40.75980781,13.05415549,-851.7
42.8916836,11.42588943,346.6
40.69532382,12.33476974,-2708.3
41.47492122,13.3135145,72.8
42.13011862,10.89860225,-359.1
42.70726947,12.67009938,543.1
41.87078832,14.01537762,1246.8
42.74001775,12.10200037,124.9
41.56376387,11.15963095,-603.3
43.09012059,12.26409494,224.2
41.33501455,12.07039474,-303.2
42.94249683,12.2212985,426.1
41.264618,11.4370954,-1437.8
41.95984048,12.44444551,64.2
41.53697344,12.32557781,-99.2
40.52090719,12.90016474,-3245.7
41.19615481,13.40057771,-88.6
41.39957316,11.17653869,-1275.2
43.16464824,12.86660861,530.6
42.90762205,12.30642695,279.5
41.07032337,12.01359285,-1731.3
40.64141615,12.58599558,-3270.9
42.11964588,13.00704426,749.1
42.46358782,11.86567147,257.4
42.63654158,12.34494687,813.5
41.14145732,11.77597155,-1746.1
41.21749925,14.17285856,225.7
42.37594088,11.8379714,139.8
41.82478626,13.69643785,1181.9
42.10263584,13.38901066,820.9
42.56470047,13.40530023,1918
42.30801733,11.58404588,-0.4
42.22457485,13.76802631,673
41.30614095,11.76598066,-963.3
43.26953745,12.50803478,677.1
42.22616481,13.55213293,1248.3
42.98925862,13.16813608,1228.6
41.26770106,13.03176636,7
42.71796412,11.57100535,627.9
41.39139091,11.28267882,-629.1
43.09770682,13.47007578,356.1
41.54205141,14.14674026,243.4
40.63605646,13.01310015,-2486.7
42.44533352,13.28637704,773.3
40.83530715,11.86287069,-2147
42.22617931,12.70647935,111.9
42.08350886,10.90391587,-245.9
42.15677109,12.42461523,267.8
41.4971764,11.21105644,-900.2
41.75297897,12.72295785,750.3
41.24737529,11.5102776,-1311.2
42.5581331,13.62005765,641.5
41.99081029,12.92147901,658.5
43.12748187,11.71365284,423.5
43.08383472,13.37130621,407.6
41.93966867,10.95287037,-890.4
41.69447017,10.98513711,-1205
41.36004084,14.24244192,196.4
42.46756969,12.36592299,82.9
41.08123681,11.2054439,-1556.8
40.93770429,12.2517958,-2084.5
42.29744404,11.22492605,-99.2
41.96433412,12.17442105,76
42.61930143,13.83248,98.4
41.78363173,13.07977343,334.1
41.42065882,13.60465207,112.3
41.30691798,11.07402647,-1373
42.01854827,10.73790295,-1331.7
41.8728045,12.11895353,-14.7
42.653386,11.98729396,417.8
41.67309369,11.02119418,-933.2
41.80217746,14.16071247,1007.9
42.24721305,10.75306487,-487.8
41.25048672,11.96498349,-1449.1
40.72200196,11.76919274,-2203.4
43.07509854,13.35758774,510.5
42.24632888,14.21138798,268.3
41.34696521,11.20443106,-1398
42.39367577,10.66589293,-320.3
41.00565788,11.60631394,-2191.4
41.1008194,13.36840976,-109
43.00730135,11.48616642,511.4
42.53835271,12.48948006,315.6
43.10708992,13.27719868,377
42.11231096,11.32835079,-300
41.66360506,12.49942976,93.4
41.62731165,13.50932353,286
41.91219044,11.22185927,-915.3
41.90759321,13.95532713,1699.6
41.97299972,13.31574552,1436.3
42.38569619,11.59513276,41.8
41.47431967,10.70275798,-1312.5
42.99358656,11.66564473,364.9
41.77999654,14.07069333,1391.2
42.86155157,12.03767308,238.6
41.25474578,12.64338945,-130.1
41.93098879,13.02155471,460.6
40.5659202,12.98171941,-2424.7
40.84775461,13.05750369,-314.3
40.98986523,12.56660854,-1121.6
41.95350616,14.33164034,536
42.17569935,12.12290878,403.7
42.007736,13.44674013,663.3
40.71916332,12.8569241,-2720.8