31.20024408,121.52843487
31.27427376,121.42383365
31.29118086,121.51081704
31.25048258,121.48899754
31.26002885,121.4340973
31.21826682,121.43861442
31.20156422,121.47995175
31.21783026,121.41990397
31.18463378,121.53374191
31.21581953,121.48346737
31.18987689,121.52839378
31.23447339,121.51961928
31.23841574,121.45967193
31.21523997,121.42725863
31.16148037,121.48353181
31.21279674,121.52903153
31.26021155,121.45539708
31.2179355,121.40586222
31.26712083,121.4899989
31.28606041,121.42883137
31.22267707,121.53886837
31.17432294,121.4350835
31.17673781,121.4353856
31.21677436,121.51755974
31.22850413,121.44230876
31.24622131,121.5044841
31.28271141,121.42190243
31.19731968,121.52565902
31.22585856,121.42893539
31.19582043,121.53538768
31.26179617,121.50735771
31.20415144,121.53373859
31.20519268,121.52371527
31.21757159,121.51304868
31.20547548,121.48203955
31.26627295,121.45952885
31.18843049,121.46260438
31.20878499,121.50069368
31.20913793,121.51707248
31.19654202,121.50553996
31.30032171,121.45382292
31.21029629,121.54761548
31.27408725,121.50587723
31.26357267,121.50282507
31.21024212,121.53894366
31.27450321,121.48384434
31.19714031,121.41304003
31.21821784,121.45735682
31.24627856,121.47797122
31.27102325,121.41728346
31.28872369,121.47974015
31.23064671,121.54450947
31.2010037,121.4645216
31.28907876,121.42791786
31.28116692,121.43696517
31.21806085,121.44484126
31.23405906,121.42888462
31.28628114,121.51752807
31.24553274,121.53192175
31.20137428,121.48342617
31.20103652,121.46700094
31.26858134,121.41843696
31.25894958,121.52539495
31.24998401,121.50315489
31.28873415,121.47522604
31.21426125,121.44730093
31.28326952,121.52120996
31.29717658,121.45884489
31.17187194,121.49995693
31.24395517,121.48202821
31.17250414,121.44059099
31.27450748,121.42228896
31.23298915,121.50032806
31.23094858,121.52592692
31.17905469,121.41749732
31.2104024,121.50914426
31.23253946,121.3906965
31.28945518,121.50981453
31.19963727,121.53854669
31.16401027,121.49913999
31.199016,121.45316479
31.17538642,121.52252359
31.23241598,121.47144002
31.22488923,121.55583512
31.26057414,121.53825788
31.22928012,121.47362834
31.21915417,121.50380125
31.22307553,121.51376968
31.26248016,121.4311715
31.19078309,121.40666633
31.19299457,121.53218213
31.16886864,121.4625449
31.29819429,121.49482985
31.19508068,121.48843008
31.20323444,121.51116661
31.17074679,121.50244723
31.20679037,121.51947047
31.23222862,121.49466347
31.21484423,121.40712079
31.23875736,121.43274088
31.20826573,121.49363032
31.29600273,121.46668665
31.24946645,121.4723528
31.22271151,121.49611739
31.19249297,121.44552055
31.18816098,121.47296982
31.26450513,121.52096308
31.18509939,121.51569335
31.16873871,121.50489536
31.18049602,121.4362564
31.22621336,121.55679829
31.21668185,121.50350263
31.18744845,121.47398041
31.25817468,121.47176818
31.29587456,121.45086152
31.27405865,121.47469134
31.18706487,121.45216376
31.20381531,121.45815718
31.22600204,121.52570654
31.21457673,121.51321739
31.25210242,121.43775108
31.22467244,121.4497769
31.23760925,121.47623874
31.27430572,121.41745438
31.20681345,121.44555904
31.21131266,121.45371183
31.2069226,121.52682298
31.18392684,121.50361217
31.21906043,121.49747526
31.21601733,121.49651951
31.2381116,121.40853081
31.24510975,121.54503038
31.1728579,121.50439686
31.28067974,121.46895041
31.25215683,121.53669496
31.24879006,121.40415077
31.2541783,121.51913496
31.16924552,121.51712687
31.2442278,121.55099477
31.19974689,121.47990971
31.25628831,121.53966903
31.26604431,121.51954286
31.22688082,121.46480282
31.29215134,121.47716059
31.25813895,121.51056087
31.25610038,121.43295919
31.22316566,121.55325236
31.21562951,121.47229208
31.28811203,121.42595747
31.19984179,121.45713887
31.2373263,121.4331871
31.25283749,121.54466577
31.28216661,121.41832287
31.23725383,121.45296805
31.19141102,121.43964469
31.1971558,121.48714677
31.26262719,121.46424285
31.16491341,121.49366514
31.22402783,121.53395303
31.25474004,121.46460486
31.2867999,121.42126827
31.22495529,121.52642736
31.2253822,121.47260614
31.23725275,121.42920371
31.19167904,121.45679186
31.27915507,121.52109527
31.20711843,121.42849517
31.23968791,121.44786809
31.28941382,121.4444886
31.24322632,121.44725175
31.21845681,121.54526865
31.28603621,121.46082175
31.23459384,121.55506717
31.20011305,121.54316349
31.2008838,121.462239
31.27730947,121.51511692
31.20734678,121.51071861
31.22832457,121.49884526
31.22266934,121.55285768
31.28577561,121.4569575
31.19393406,121.44645973
31.2896942,121.45052376
31.24039496,121.51389201
31.1721629,121.44211901
31.24518857,121.54697531
31.24421916,121.55657601
31.27708232,121.52700489
31.17921004,121.52980494
31.21551138,121.47112157
31.24698565,121.54020294
31.22104125,121.55043186
31.23645815,121.46141247
31.2663202,121.50644341
31.1931314,121.44397394
31.26608065,121.49489962
31.16634927,121.49983709
31.21008738,121.54281678
31.24630786,121.5409115
31.27493023,121.42471093
31.26966892,121.46889342
31.25453686,121.4075372
31.28403317,121.41924251
31.18887468,121.48791363
31.27347095,121.5052236
31.29895828,121.45268956
31.26608251,121.48081436
31.21457433,121.48850227
31.19284715,121.4286201
31.27276709,121.40624073
31.29386841,121.47232687
31.26982347,121.50109874
31.21568619,121.431108
31.26465707,121.42285791
31.17068118,121.50349863
31.19067226,121.44295486
31.29276162,121.44135111
31.26729152,121.42991493
31.28288293,121.45988284
31.2183567,121.49128503
31.23003024,121.54443862
31.23776683,121.47561797
31.26435812,121.40131155
31.23038317,121.54234363
31.25759914,121.55171146
31.16868736,121.49625019
31.24729248,121.40898509
31.26419344,121.42924769
31.18869504,121.49060233
31.20579787,121.43770594
31.22323718,121.51981478
31.24967444,121.52291124
31.20144736,121.45086753
31.18394047,121.43265777
31.25866907,121.42656018
31.24225489,121.53168269
31.25606829,121.54458928
31.23541848,121.55797773
31.26027454,121.40533997
31.24891761,121.51487827
31.17673216,121.47744565
31.2047932,121.50047819
31.29047994,121.42712743
31.25155678,121.51604483
31.2475973,121.40961539
31.2708971,121.45639683
31.19237743,121.47279198
31.25018826,121.39379396
31.21028489,121.51530171
31.24475301,121.52042834
31.17286867,121.49486501
31.23595364,121.487907
31.19291381,121.40818685
31.20882357,121.44245676
31.18309892,121.49786047
31.25074589,121.54627872
31.17053775,121.47544203
31.20978776,121.44493538
31.2201568,121.41359494
31.19477317,121.51411064
31.26570527,121.42564525
31.2121538,121.51636436
31.19244561,121.46405901
31.27528907,121.43124671
31.19318101,121.41426398
31.18776367,121.53960466
31.27678729,121.47817142
31.22576782,121.49497846
31.21638021,121.4438
31.25481353,121.45705255
31.23707093,121.42955536
31.24263823,121.39723632
31.23487689,121.42081515
31.25003917,121.41904007
31.19147757,121.50737597
31.29665843,121.47748394
31.28358361,121.4245943
31.24405975,121.49843852
31.20441867,121.54054596
31.18090837,121.43585013
31.19251139,121.49536658
31.29653755,121.46201463
31.20205707,121.47909263
31.23598786,121.5368057
31.21977798,121.4480608
31.21942364,121.43407804
31.18239806,121.52332335
31.23151957,121.39984819
31.26074214,121.4222866
31.24804355,121.54507743
31.19199429,121.42916352
31.1792526,121.42804929
31.2280281,121.47582152
31.24862097,121.41981884
31.16625212,121.48959647
31.21911516,121.50620443
31.186585,121.53203781
31.17815328,121.52186796
31.18194367,121.47311898
31.18662966,121.44790823
31.25721006,121.44914415
31.23526062,121.43137413
31.25393915,121.47711821
31.20603401,121.49092841
31.27053474,121.46015657
31.27797731,121.52905908
31.23907589,121.51722371
31.29379818,121.46631294
31.19271618,121.49807837
31.277685,121.53302256
31.20605267,121.53235072
31.19074626,121.51262493
31.185526,121.48735863
31.21514508,121.4637211
31.18426151,121.52279104
31.24431647,121.50850197
31.21075728,121.54921491
31.26417854,121.53322059
31.24451598,121.54355591
31.24436995,121.50073372
31.25261269,121.50044847
31.25065859,121.45684497
31.29424586,121.47908989
31.2044501,121.53267775
31.23502418,121.42986929
31.2432903,121.44305792
31.27098688,121.45029021
31.22422923,121.40803271
31.28126271,121.46559406
31.25304237,121.45223441
31.24128273,121.50566238
31.22334881,121.39201478
31.22605444,121.3979578
31.19432014,121.50130445
31.22859086,121.54273982
31.26475093,121.44034411
31.1687374,121.49070247
31.24998107,121.47782737
31.17499333,121.45546565
31.20240814,121.41266851
31.18357737,121.48976766
31.22999331,121.51921919
31.19438248,121.45855282
31.21254425,121.42870243
31.28621393,121.42417665
31.25026882,121.50127675
31.27123684,121.46505406
31.27176593,121.54156552
31.23129218,121.54748265
31.2009978,121.4003481
31.2718186,121.50903912
31.21118131,121.5483374
31.24819467,121.41036797
31.23706048,121.44689384
31.28456935,121.45015718
31.18822307,121.50328451
31.20340383,121.45714527
31.17599623,121.50541287
31.19710427,121.43988116
31.2094075,121.51736883
31.25280793,121.54594538
31.21596549,121.45888276
31.19848468,121.46399724
31.30045257,121.45269946
31.17461366,121.47694542
31.17511008,121.52530474
31.21172753,121.39583962
31.21099563,121.46717675
31.25643262,121.47198748
31.18787506,121.48589037
31.26963081,121.46230081
31.28432833,121.49066519
31.22145106,121.39574019
31.23668939,121.44209309
31.27527719,121.4808909
31.20473508,121.40633231
31.19679426,121.46666487
31.22311586,121.41155551
31.17237724,121.45461176
31.18656788,121.49089611
31.22175479,121.46463691
31.27923455,121.48461105
31.29579312,121.49067991
31.2234557,121.50196262
31.22597728,121.42877069
31.29301087,121.45477172
31.28285015,121.43984882
31.28874056,121.51215204
31.2493439,121.39442127
31.17493561,121.44416718
31.23952261,121.42018813
31.18695523,121.42206004
31.22535812,121.54953622
31.2104267,121.54390431
31.26615751,121.47517658
31.23344624,121.5268563
31.22042289,121.47669212
31.20307287,121.53453864
31.16565344,121.46170006
31.22941238,121.47375792
31.20431969,121.42853782
31.21591247,121.43286949
31.26542413,121.4617162
31.29300342,121.51299239
31.24108027,121.48105905
31.16308875,121.44394296
31.24508483,121.50956345
31.25409757,121.4717235
31.24123334,121.53716861
31.20759432,121.4544518
31.29143858,121.51197312
31.23610224,121.39368702
31.22311673,121.48217121
31.20936376,121.50858829
31.23332023,121.40073322
31.22031381,121.4680933
31.26163449,121.49150521
31.20971587,121.44721238
31.29121918,121.46301297
31.27295539,121.46730539
31.25330505,121.45538165
31.23076453,121.39422643
31.29595758,121.49580189
31.24704024,121.48922501
31.27085667,121.46671384
31.27191012,121.50750001
31.27445496,121.45187716
31.25971141,121.5471262
31.27327895,121.51811706
31.26360573,121.53890103
31.1898097,121.42355563
31.22876461,121.39649717
31.22378845,121.45734242
31.26433012,121.39940573
31.2161918,121.48128653
31.16929129,121.50412656
31.18603478,121.42748274
31.20591531,121.44375054
31.2007398,121.41451249
31.21650834,121.41049626
31.26516561,121.45451295
31.19183495,121.43544804
31.27227357,121.48887463
31.17939945,121.50754555
31.23275864,121.43439798
31.2802453,121.49082819
31.2333419,121.45739124
31.23369846,121.4376279
31.22912947,121.5310151
31.2568601,121.5496513
31.28652513,121.46184646
31.19741198,121.51491449
31.23435321,121.52019722
31.18528745,121.43590564
31.29618901,121.46513922
31.17065374,121.433095
31.23835699,121.42569748
31.2463851,121.49223379
31.27827395,121.47885806
31.25192332,121.55258113
31.18077426,121.50275423
31.20579569,121.51195009
31.29923041,121.4493916
31.23244455,121.40648772
31.20608302,121.51656074
31.15941457,121.47877133
31.20495732,121.45788902
31.28615822,121.47544171
31.25140141,121.40845936
31.21572566,121.50757916
31.19734639,121.52600581
31.179842,121.41509903
31.25334355,121.41231102
31.23386301,121.52061087
31.20140863,121.45122732
31.18578237,121.50356142
31.18523763,121.43691807
31.23924596,121.45250711
31.18674402,121.43191845
31.17995486,121.50834449
31.28538786,121.41880022
31.17780312,121.44743554
31.27920825,121.45165197
31.21208149,121.46847807
31.22093408,121.5223597
31.21030225,121.45583468
31.29689029,121.47438755
31.16235754,121.47764136
31.20676383,121.41457478
31.1990985,121.46404837
31.22062445,121.46297292
31.1644222,121.4777419
31.19868209,121.48669746
31.28098276,121.48014926
31.20096306,121.53926156
31.2223529,121.47778066
31.28878354,121.49503197
31.27855952,121.46888011
31.28473654,121.50403749
31.24175577,121.48745888
31.23898015,121.5006875
31.25348855,121.46089989
31.28797042,121.43262512
31.22776972,121.40822559
31.22542744,121.4282259
31.25935427,121.44501009
31.18144769,121.47845682
31.26523412,121.43452391
31.20940033,121.398275
31.25769922,121.54712898
31.21947863,121.50184621
31.19990224,121.45699669
31.19663041,121.54601687
31.24443146,121.4183379
31.29287242,121.47264237
31.21743639,121.54910298
31.25120091,121.46733022
31.24890205,121.42124876
31.18913514,121.50657459
31.24670714,121.4725536
31.25085411,121.39647815
31.20434878,121.54490891
31.27959263,121.51720038
31.22541501,121.53572857
31.28668214,121.43518074
31.1785041,121.52191876
31.17785342,121.4916793
31.26323132,121.52355902
31.2325781,121.40953675
31.21201848,121.47490812
31.2127399,121.52349218
31.21301056,121.54754388
31.18260882,121.48772361
31.20657485,121.52285423
31.1754302,121.42650477
31.16837123,121.43573428
31.19827317,121.42535556
31.17822685,121.4718036
31.3021834,121.47393845
31.25968943,121.43618568
31.24922227,121.53149341
31.30000833,121.49411252
31.24331173,121.42656574
31.22815876,121.46898075
31.2446149,121.40556431
31.26132218,121.54466642
31.20621747,121.50413199
31.19768247,121.46733871
31.17831295,121.45310357
31.17775527,121.41946532
31.17329638,121.49712409
31.23080253,121.43266862
31.2145835,121.50191771
31.2663727,121.42540508
31.21169356,121.49280933
31.26057577,121.4981859
31.23956523,121.43837461
31.19858853,121.4258581
31.17611258,121.4446407
31.25246255,121.50862508
31.23511895,121.45593622
31.23794624,121.45930925
31.29660587,121.48760053
31.25766622,121.43567197
31.20597549,121.54611967
31.21378414,121.53847812
31.23023759,121.39927459
31.26563581,121.53228558
31.25163919,121.48042682
31.2637366,121.44851051
31.28618778,121.48106376
31.24940998,121.53932886
31.25984863,121.49057127
31.28869528,121.50051234
31.25253735,121.43572901
31.17856516,121.50951812
31.22909171,121.43570612
31.2844144,121.4878241
31.28180605,121.47032403
31.17225357,121.50096978
31.15861968,121.46753028
31.21608159,121.48999688
31.24796686,121.45561142
31.20002169,121.43646988
31.17539287,121.5098572
31.16006802,121.46491995
31.30188714,121.46700194
31.29067665,121.49081846
31.21369134,121.53176143
31.19299637,121.51393559
31.26186421,121.42485278
31.27329877,121.50581813
31.29376596,121.45971046
31.28710784,121.46296847
31.16979114,121.47652532
31.27611647,121.42686524
31.23390202,121.50949435
31.18263748,121.53094764
31.20786202,121.47072877
31.17352748,121.5045398
31.28796858,121.46800977
31.22224649,121.54936741
31.17776705,121.44819966
31.23034634,121.48383429
31.2706957,121.49856888
31.21080043,121.4710338
31.22185085,121.4553334
31.25473296,121.39716199
31.22369041,121.53660062
31.24513094,121.43951693
31.17940368,121.49554063
31.25300569,121.51409831
31.23977328,121.50209896
31.25882127,121.48023424
31.26304213,121.50967341
31.22498546,121.54894627
31.23624973,121.50729671
31.30152533,121.48837803
31.25843452,121.40886216
31.29141825,121.48572175
31.19882558,121.43916438
31.18897557,121.44875636
31.27431074,121.43456559
31.27516217,121.46609015
31.20021786,121.48732941
31.21898964,121.48249454
31.26427012,121.42952586
31.18905686,121.42636129
31.18753398,121.45293136
31.30062844,121.46364373
31.28754911,121.51666467
31.24244809,121.43863081
31.29457657,121.48465753
31.28107021,121.45751934
31.23884939,121.47832105
31.26731445,121.52800433
31.18834247,121.44674509
31.22284039,121.40918509
31.20976849,121.54058008
31.23170302,121.47608597
31.23240298,121.40205964
31.22197063,121.48421461
31.19884552,121.48481489
31.18414888,121.41650327
31.18264061,121.50370086
31.20964113,121.40910288
31.28722758,121.46602332
31.22888657,121.53841809
31.22259809,121.55244592
31.26728384,121.44660226
31.17120922,121.45837831
31.26121998,121.42882923
31.27501072,121.52968629
31.20571656,121.48084734
31.22251844,121.39712171
31.28355838,121.43670054
31.24603324,121.48636423
31.16809848,121.47033671
31.17465267,121.51403601
31.21832462,121.39707413
31.20160031,121.45254168
31.27559132,121.48313824
31.27719614,121.4283201
31.22866589,121.49879419
31.19858426,121.43184216
31.28898213,121.48252941
31.17409287,121.44857099
31.24298409,121.45891308
31.26381288,121.45780955
31.26996883,121.50178995
31.25575462,121.51341521
31.23925377,121.42909531
31.28480935,121.45889325
31.2374208,121.43965932
31.28695033,121.43501166
31.25095728,121.49067995
31.300224,121.45755624
31.28303518,121.42478139
31.17276396,121.47761537
31.18537608,121.42564513
31.24080905,121.42285893
31.30182766,121.47193968
31.18919084,121.53953634
31.19151555,121.44541086
31.23217283,121.5099601
31.25246299,121.39496394
31.26661802,121.47628049
31.2645504,121.40697838
31.25230566,121.39635205
31.1880466,121.50054388
31.21914014,121.48336384
31.24838245,121.49219522
31.22571118,121.53074249
31.23233136,121.51163958
31.22667429,121.51760167
31.21334011,121.53779069
31.18922118,121.41040647
31.23324137,121.46456903
31.18704327,121.46321397
31.22795024,121.54251877
31.25927446,121.48047848
31.2091076,121.46546207
31.19214334,121.48180662
31.25032802,121.50101884
31.17431994,121.50766188
31.18107835,121.48877257
31.23858462,121.47799448
31.24809706,121.50792489
31.21238788,121.45676103
31.25937391,121.44164936
31.19648608,121.52153497
31.25262132,121.44253469
31.27410789,121.49848591
31.29530039,121.46062323
31.21647313,121.50818544
31.26129175,121.44584479
31.24297814,121.41096537
31.18797898,121.52021963
31.18712587,121.4556503
31.28327293,121.52129576
31.20122232,121.43319031
31.25303686,121.39850582
31.25626731,121.54325053
31.19747378,121.40700502
31.19660214,121.52614794
31.21027517,121.43409141
31.24145942,121.49589376
31.23977386,121.48056602
31.20067869,121.47986396
31.26314545,121.4999521
31.290834,121.45397767
31.20287706,121.54757118
31.17010371,121.51919544
31.1718176,121.48848128
31.24133668,121.43248004
31.30025962,121.47848711
31.24800004,121.42858979
31.25707988,121.50055544
31.26079106,121.39750512
31.23746695,121.39900043
31.17557481,121.45621471
31.18964516,121.40559327
31.2802453,121.42945043
31.22472694,121.42845561
31.2135486,121.5437679
31.20787424,121.43243945
31.19039943,121.54291665
31.2170279,121.49768389
31.272338,121.53546782
31.25604849,121.49104954
31.23043988,121.4346374
31.1896899,121.46999115
31.27817085,121.51842172
31.28979878,121.43915107
31.24318161,121.51374444
31.28384146,121.44018134
31.23841083,121.40281747
31.20337818,121.49716372
31.25488622,121.43583257
31.26138863,121.42948177
31.18301452,121.44622603
31.24470593,121.51544508
31.23494782,121.47334604
31.24722042,121.52216421
31.2459917,121.4399149
31.19823282,121.49471485
31.20228001,121.54701515
31.2169134,121.43816571
31.23839312,121.44381929
31.24353426,121.46973796
31.26400698,121.5356313
31.22481415,121.52671962
31.19095764,121.40398256
31.20998772,121.53418616
31.18495556,121.46550368
31.22572703,121.40755078
31.21694205,121.44715999
31.28290796,121.53182537
31.27283999,121.53228818
31.29232307,121.50443893
31.21725405,121.44893704
31.27809752,121.50862822
31.17690851,121.47649675
31.17209663,121.49624259
31.28862527,121.4642407
31.26230774,121.41487554
31.22943539,121.50785927
31.23494297,121.42567041
31.18200933,121.51191891
31.18059343,121.42467156
31.16610443,121.45117588
31.19659861,121.52077001
31.20113514,121.53139606
31.22810725,121.50017803
31.21740403,121.432182
31.19672521,121.51826145
31.20596724,121.3963531
31.21081339,121.4978545
31.24075804,121.47417184
31.19830443,121.54608871
31.22939163,121.47869182
31.24396043,121.46644624
31.27873725,121.41790094
31.23761848,121.42367903
31.26334098,121.5240625
31.24651382,121.46570492
31.21945739,121.47243989
31.19489855,121.41375744
31.17314744,121.47509179
31.2571888,121.48908786
31.2454767,121.45634537
31.28591604,121.4941675
31.29270265,121.51287393
31.19527918,121.48613392
31.27029709,121.52681324
31.28792505,121.45345143
31.22957191,121.49409372
31.28098429,121.46005158
31.17632261,121.50815574
31.27245435,121.49856512
31.23499959,121.45414125
31.27981159,121.51324275
31.28661619,121.51041471
31.29386158,121.48039
31.25263212,121.52584927
31.22373415,121.45505216
31.27822759,121.41059998
31.17501784,121.4273385
31.24661647,121.4582489
31.21489096,121.42812832
31.16128406,121.46214236
31.24193464,121.39117414
31.27548556,121.44374208
31.28410786,121.48240447
31.23986009,121.51615083
31.25094218,121.504282
31.22280593,121.50591221
31.27193252,121.4163597
31.26394463,121.44810073
31.2696966,121.43548784
31.16474816,121.46046478
31.20075728,121.50687176
31.19969222,121.52811815
31.27741321,121.49750642
31.26333103,121.47659777
31.25982154,121.5126518
31.24038678,121.49309353
31.27862781,121.45936625
31.20677776,121.5113732
31.21681897,121.53570304
31.2468581,121.41493882
31.20834021,121.43555938
31.27920993,121.51813525
31.22772166,121.4313631
31.2472808,121.4326823
31.2799154,121.52865183
31.26539172,121.50999625
31.23431556,121.39021891
31.19132038,121.41411328
31.18208432,121.50153711
31.17827447,121.41556691
31.26091208,121.52801494
31.20174577,121.41573841
31.28137416,121.50026271
31.2727278,121.42860803
31.1798252,121.52357442
31.27904031,121.49751357
31.22514092,121.54939436
31.19783629,121.53917883
31.19747499,121.53738814
31.1850408,121.4788488
31.30032633,121.49523451
31.2745752,121.51759532
31.23309257,121.55215516
31.24960416,121.52109596
31.26105015,121.52759707
31.22857074,121.43840845
31.18894884,121.44226101
31.25302373,121.45827639
31.26377927,121.45262883
31.2545404,121.44451098
31.29541571,121.45316636
31.20026729,121.46075783
31.25265693,121.40072016
31.2730307,121.44057656
31.26609723,121.53976317
31.16885858,121.47155939
31.23642906,121.44313106
31.28198412,121.48725683
31.17978062,121.49593102
31.17493944,121.48974536
31.30126791,121.48281703
31.23039543,121.54385103
31.24984033,121.52514009
31.20677004,121.55359263
31.1911434,121.45871946
31.19061896,121.40716605
31.16717873,121.49859129
31.21141436,121.54618421
31.28401838,121.4743244
31.28227523,121.52433991
31.22000845,121.51625313
31.16825557,121.46382502
31.24061962,121.41080805
31.26849802,121.53756459
31.25652147,121.50663181
31.2814641,121.46798481
31.21345919,121.42178734
31.2202959,121.51198753
31.2534406,121.41176569
31.21651083,121.5165682
31.23048143,121.48090311
31.24015518,121.46735885
31.25528521,121.52727145
31.22985807,121.48568077
31.21783816,121.49055257
31.24178044,121.54365915
31.27108566,121.44990725
31.19839632,121.51542266
31.20330734,121.53601849
31.24595391,121.4871721
31.29286632,121.46483069
31.29813296,121.46280577
31.17240898,121.46894489
31.21305104,121.43944814
31.19297626,121.5448149
31.19401289,121.45241115
31.28121327,121.49165303
31.24383866,121.49014328
31.21232486,121.4721919
31.20589511,121.51924877
31.22996309,121.41795749
31.28033619,121.42371137
31.28055678,121.51089356
31.23896727,121.46835923
31.24208014,121.51491959
31.20873852,121.45018561
31.29643861,121.44729343
31.18202276,121.4929777
31.18834255,121.49270752
31.26769489,121.54487514
31.18332737,121.4147864
31.27314916,121.41315493
31.21397148,121.5469092
31.25122045,121.43187806
31.16595644,121.48589161
31.28822326,121.52286596
31.2231221,121.40427301
31.25035651,121.4357949
31.2230723,121.43889443
31.22538907,121.53931251
31.20689623,121.49474478
31.2846336,121.44986992
31.23542512,121.4418055
31.23746608,121.52927616
31.22063124,121.43184856
31.25394008,121.45913277
31.17251881,121.43133924
31.22144843,121.52663614
31.27161955,121.46887977
31.2475911,121.49410745
31.17085273,121.45234421
31.21489511,121.44319923
31.21393925,121.5535644
31.2940959,121.4903966
31.24541854,121.55490367
31.18884475,121.49826692
31.2135568,121.49516906
31.22465534,121.52194101
31.16348087,121.50148969
31.18737597,121.41252632
31.23659952,121.40873588
31.24415784,121.49001752
31.16328576,121.48897006
31.19588103,121.4358119
31.26688233,121.51151435
31.21385532,121.39714748
31.20535494,121.43325938
31.27535293,121.51447514
31.24950827,121.44296551
31.2355985,121.43469062
31.2639496,121.43370547
31.24888121,121.49255593
31.22747012,121.45982426
31.20786017,121.46725567
31.28414736,121.48991056
31.16795367,121.46829019
31.24868013,121.4071621
31.22328885,121.44025901
31.26964432,121.52288749
31.25370917,121.51968005
31.22983877,121.39053158
31.25094098,121.52406025
31.16641271,121.46553541
31.17849591,121.52665557
31.17816597,121.51467706
31.23811266,121.54699696
31.29698347,121.47361898
31.20126591,121.46680515
31.24615447,121.4648013
31.18612998,121.46721526
30.90431098,121.19956826
31.36757134,121.54327537
31.78227924,120.70581416
30.5661028,122.6452202
30.81315713,121.05277606
31.38627454,122.15260277
30.87598615,120.14693298
31.28433081,120.95786159
31.48847509,122.34379787
30.07130794,121.46335555
29.8544972,120.99703005
31.2506386,121.0200667
31.17261156,121.20546221
30.41318848,120.96350706
30.57013158,121.72402066
30.92088078,122.47520868
31.76572352,120.65830756
30.20287154,120.69530961
31.69830428,120.35910786
32.17960904,120.64650664
30.43304597,120.75164815
31.37563298,121.80655814
32.48611353,122.0651145
32.00770664,120.24729864
31.17255691,121.68971342
31.12500992,123.1123671
31.02980562,121.04319503
31.30618189,122.62567483
31.33600144,122.89152649
31.90955989,122.84522032
31.05871843,121.07700144
31.56232984,120.64574968
30.67980371,120.55747294
31.63392893,121.37533853
32.4242395,121.08218185
31.43953783,121.26136789
31.15763751,121.43395119
30.5714905,122.91461879
30.90458842,120.33544518
32.02446026,122.55346322
31.30236878,122.37580335
30.22777577,122.06223268
31.89176851,120.08949887
31.59926036,120.32129331
30.26256491,120.83568177
29.80297708,121.28073285
32.11796652,121.3396834
30.91720042,121.05809095
30.2404491,122.19007833
30.44040867,120.15844276
32.13195395,122.48175832
31.31047506,122.60981635
31.54789389,121.81665405
31.59548198,120.07311287
32.17881867,121.86918574
31.50822327,120.54868602
32.23320941,121.8262636
30.51874801,121.44768729
31.02219167,121.52831202
30.96843566,120.66927763
31.27190877,120.40925395
30.93393623,122.23121681
32.24440391,122.56358125
30.47463092,122.04546244
29.89094851,121.84619953
30.48068396,121.91339513
31.45849325,122.29606179
32.01825826,121.36799386
30.4663768,120.65659859
31.02735131,122.34754365
30.30343648,120.80676722
31.62814843,120.35677167
30.50396298,121.62775538
31.99990542,122.58519047
32.07013859,122.0319042
31.28953207,122.14431887
31.21982202,120.31049632
32.33550226,122.55753937
31.29380474,120.0674721
30.39349083,121.96495208
31.4551093,121.18545999
31.34501545,121.91158512
30.91937666,121.26721233
30.21162311,120.67062259
30.95023187,121.78742647
30.56089875,121.05729658
31.32741527,120.28116313
31.55516255,120.28847723
30.93613324,122.7643076
31.30994412,122.10914582
30.50942697,120.06203651
30.6730156,122.09121172
32.23347276,121.0770764
32.2380594,120.36873614
31.72669401,121.4219268
32.13969848,121.59208404
31.72662125,120.63026099
31.00144021,121.66065928
31.24719353,122.74660395
30.46899223,122.6781844
31.75073977,122.34094053
30.72976283,122.60580713
31.96412953,121.27790752
32.23421116,122.16485436
30.79542602,122.52855675
30.74905603,120.41788239
31.47706418,120.99667783
31.44882776,120.49735942
31.49256623,120.09782427
31.13493439,120.56298804
31.76391233,121.72301233
31.1029178,120.35385286
30.82908822,119.96511795
30.96672517,120.62819852
30.87764925,123.06563626
32.11321854,122.44316239
30.90553954,121.70248556
30.46560055,122.63154873
31.48974607,120.63122931
30.49643764,122.9039023
31.19393963,123.01559925
31.57022893,120.43739658
31.0995196,121.20630197
31.02621834,119.90630146
30.9476656,122.15728017
31.20902017,119.86504899
30.00867746,121.77167385
31.51514813,121.04690447
31.07129659,122.31266854
32.24371692,121.56438319
32.02024638,120.58439105
30.63650323,122.8220472
30.90249019,120.71931393
30.0591601,122.30477804
29.92297519,121.73474395
30.63321711,121.75076128
31.61295174,122.28216813
31.87071558,121.93229881
32.43365562,121.33788072
30.16963998,122.45867449
32.05410112,121.2252254
31.08812964,121.94459975
31.22689144,120.76258111
31.77597776,122.08276133
31.2072191,120.76020292
32.31462159,121.74305557
32.47534215,122.07611893
30.80237148,121.82980585
30.86644906,122.32247455
30.53522709,122.61922913
30.29260042,121.68406025
31.58661868,121.18767085
30.49219332,121.49223736
31.19044938,122.73700226
30.51351889,121.0720779
31.30458196,120.93313733
30.37720241,120.63212739
30.81596315,120.26056426
31.9778849,122.30055892
32.09142584,122.43976201
31.83747602,120.4080056
31.32527032,122.26491006
31.05366661,122.75089134
31.42676104,122.76379945
31.64940498,122.3851659
31.12162365,121.72392617
30.50551681,121.66536809
30.62353646,122.9693496
32.32961605,122.31405557
31.29472161,119.9547392
30.07722411,121.31055378
29.96114058,121.68919949
31.33828373,122.9747189
30.07300116,121.8972176
31.03059181,120.79365098
30.88929003,121.37018924
30.48885745,121.97601682
31.54560044,121.51326871
32.45675466,121.91872124
32.01330569,120.34147439
31.97488066,121.22620538
30.05229619,121.75859512
30.63232116,122.25439615
31.77405374,121.00500567
32.36172083,121.48529638
30.76317229,120.79782672
31.02992772,120.10672807
30.92964332,122.26789034
31.20745604,120.09913135
30.66414786,121.73729873
31.8254088,121.8738695
32.19540984,121.07538069
31.29142152,122.10419609
31.20861109,121.19364339
31.5356137,120.5583426
30.61905,120.50829464
30.39383343,120.09962254
31.83397744,122.41021763
29.83445845,121.32385603
31.44361731,120.11690165
30.11635199,120.90174552
30.61778223,121.19805978
31.17016605,120.83444638
32.59206647,121.68931725
30.28351316,120.36132364
31.00208146,121.39043255
31.01917713,122.74937723
30.89206073,121.84289382
31.80652085,122.50913649
32.56184536,121.21351653
30.45244424,122.04876352
30.59738161,120.91057764
31.65751818,120.3109249
31.08870498,120.34681719
31.98814535,121.30370031
31.46752799,121.47451588
30.7072964,122.30288708
30.97585953,122.12222506
32.10741817,122.33397253
30.31434864,122.2421377
31.67628268,120.57844138
31.82264876,120.58475261
31.25195572,119.99282263
32.17259379,120.38607642
31.97029074,120.58250537
30.93056993,122.44401192
30.13399967,121.90445606
31.15725888,122.51232412
31.32508066,120.45457251
31.32899366,121.73194149
31.52499425,121.0438868
30.43038453,120.81573449
31.65011689,120.56913736
31.86672046,122.10601822
30.56588558,121.25413527
32.22168347,122.18306412
31.05633417,123.00199544
30.61188319,121.52001936
31.02369257,122.15212453
30.62310791,122.65184903
31.11900592,120.28163942
31.01912684,121.24728876
30.60072643,121.82280105
30.17707917,121.89092022
30.67303467,122.31242392
32.1347185,121.30804304
31.71667263,120.70094927
30.36789976,120.88113852
30.38941954,120.45814586
30.18915042,122.51633923
31.46151419,123.04798272
30.062295,121.2246841
31.38227118,120.57984429
30.55797279,121.94390688
31.49549687,122.55246181
30.88093211,121.98566993
31.58556843,121.10684837
31.1337748,120.59491445
32.09611722,122.28555743
31.01849561,120.57264659
31.0691511,120.09704152
30.32591501,121.23540972
32.20857,122.51492296
30.83326867,122.20668609
31.4258318,120.53132424
32.40769176,121.83891364
30.14051024,120.96991036
31.80898948,122.1840631
32.26410768,120.52754016
31.54209455,120.8782446
31.71528077,120.92515782
31.41358576,121.17992068
31.32574705,120.7021876
31.26520322,120.24826016
31.1815067,122.71681687
31.972854,120.63527906
32.16108702,121.94840589
30.18539916,121.88295282
32.33348054,122.08226862
30.79521387,120.98785935
30.73637873,122.73815894
31.18587818,120.60613073
32.44990487,121.41433868
32.32530243,121.64652654
31.27334062,119.98372694
30.75976079,122.30976163
31.78105524,121.53933532
32.18900333,122.24066471
32.4957337,121.33246954
30.08218642,122.45149266
31.67067126,121.32153638
31.34897992,121.65091951
31.14960687,121.85473567
29.94977842,121.3917649
30.25285086,122.11241664
30.62395825,121.11945705
32.33147713,120.47410792
31.33362178,121.71171533
32.02069128,120.69080328
32.22859409,121.0593224
30.57471958,120.71009577
30.59806363,122.21256947
31.44218786,121.94317187
31.55507924,122.92664339
30.54030526,122.34003215
32.46399184,122.17538031
32.31590971,122.38246255
31.94847646,120.05931774
31.99705701,120.27359757
31.73036807,122.24492191
31.63657532,122.98919592
31.21286756,122.13651658
32.06815722,120.9489704
31.79094625,120.81496669
31.85568952,122.81840633
31.22023326,123.1314484
30.71002188,120.5920166
31.51139531,121.65833387
31.76084155,122.45964196
30.71137439,122.17627131
32.12773679,121.90287021
31.97077986,120.66677651
30.04119567,120.90523506
32.50390431,121.32134979
30.90720342,122.86877529
31.19997074,120.69660877
32.15096846,120.34216058
32.19854558,120.71981032
31.48840317,122.69963152
32.03889183,121.34354581
32.3027815,121.57555948
32.62259198,121.84029945
32.30487445,121.8299087
30.98063631,120.66945692
30.47512277,121.2767378
30.88887396,122.65825728
32.50360876,120.9042014
31.20536703,123.05089556
30.12247249,120.98025107
32.52092645,121.24603812
31.76790987,122.57501627
32.23975634,120.45485358
30.74540576,122.65411923
31.89525622,120.31051202
30.22526317,120.75214515
31.59939227,119.95815459
31.63332244,121.23248773
30.1611559,121.05523659
31.33577193,121.88646869
31.70128598,120.17533699
31.34333615,121.86514288
30.95135719,121.83585796
30.76414525,122.23079693
31.48934747,121.89820522
32.43500529,121.6922072
29.97194873,120.94668536
32.1366319,121.15893089
31.32375396,120.4257371
32.06911573,120.81418145
31.81473037,121.66684142
31.19242851,121.98260693
32.22790566,122.37448876
32.41279992,122.23367077
30.08575306,120.97781712
30.79438038,120.6370774
31.05680192,120.07315001
29.95707342,121.06677486
30.67775161,120.5313167
31.00307082,122.98454832
31.720198,120.46278052
30.26123719,120.89369363
31.02436266,120.02134693
31.78605722,122.12831812
31.75368426,122.75179716
31.0364007,122.77189815
32.07687837,122.68700872
30.94419297,120.14449566
29.85644668,121.23442812
30.737876,120.35056479
31.30163051,122.30804385
30.55651241,122.700453
30.77069695,122.05892066
31.41577492,121.7527923
30.53973613,120.72369504
30.98389357,123.04657592
30.97236232,122.32580363
30.67023429,120.33262428
31.70965003,122.70346594
31.36966115,122.81197889
30.88708798,120.96042706
31.36221075,120.39218981
30.32699174,120.26043186
32.27561199,122.57072054
32.21639987,121.95663985
32.40072171,121.38787654
31.47314377,121.15775517
31.4102343,122.58107232
31.40762333,122.49678242
30.96330028,121.78026876
31.74488734,120.32564078
31.29020039,120.73270447
30.80313633,121.54388608
30.23793919,122.09208978
30.36013018,122.08928757
30.88391034,120.17306041
31.49277353,121.60163448
32.42764604,121.27766073
31.14782857,122.82331138
31.95762883,121.07581984
31.37565862,121.57539384
32.15536518,121.7557774
31.38314067,122.70943448
31.05065243,120.61605746
30.27798936,121.98418643
32.15597456,121.54265448
30.53932624,121.93133172
30.51513926,122.46391673
30.00007399,122.15490441
31.77215915,120.27401857
31.20788612,120.63401895
32.24008778,121.17672234
31.537834,121.85295367
31.07836001,122.54847409
30.82959581,120.18894895
31.6683578,120.95327588
32.17562357,120.40448183
30.18589786,122.37836612
32.02573833,121.3393425
31.32383045,122.41201928
30.9040082,120.1215348
32.41640392,121.33648176
32.06439146,122.75898923
30.69198573,121.74627536
31.31304182,119.97635444
31.02467843,122.04676281
32.1175404,122.36018544
30.23125207,120.48009692
30.28639219,121.27552736
31.05058619,121.62218352
32.03266541,121.15773005
30.51253458,121.52737364
31.55361777,120.36456075
31.01011225,121.37230374
31.34682188,122.25264943
32.10821014,121.92467379
30.55094935,120.36638735
31.05515718,121.7735975
31.70336318,120.47893261
29.88704417,121.46658212
29.91055536,121.28269584
32.12987039,120.93878248
32.24700592,121.45864229
30.33525334,120.66787182
31.59698648,122.44379584
31.80956125,121.1058802
30.14875451,121.1105272
32.37808125,121.66284126
31.91442267,121.71005097
30.13937719,121.48309551
32.49091876,120.81106178
32.36878749,121.17973542
32.17982838,120.74244909
31.69341409,122.85682473
32.07456952,121.18270938
32.24232111,122.19554623
32.11367017,121.35172728
31.76920015,120.72308228
31.92533384,120.26482226
31.14810524,121.82759489
30.18591295,121.90332862
30.37334831,121.74905414
29.98680886,121.20481734
31.69332663,121.71129883
31.05853124,121.64857045
32.37483999,121.48076908
31.9257047,121.46984364
31.3130093,122.05990944
30.42712488,121.08513402
30.51917602,120.66756062
30.58230603,121.49392294
31.49871769,122.17662683
32.03271564,120.80187466
30.62697766,120.41121034
32.14563798,120.47370351
30.98167664,120.91012999
29.97839721,120.70657541
32.62719797,121.48229648
31.72764833,120.71831511
32.23785939,121.32799137
30.98869512,121.5665325
31.71171538,120.60801594
30.60555369,121.28576992
30.58087882,121.61010899
31.12632134,122.34838406
31.10824362,122.86017749
32.25974089,120.81193619
32.27821084,120.88257658
32.665543,121.65237101
30.12799008,122.44888638
30.87362374,120.1582711
31.4486497,120.63879058
32.15791181,121.96520968
31.81579037,122.07667013
30.17207706,120.94173364
30.04097674,121.97387859
31.05777714,122.52387362
31.11735391,122.24245823
30.69774868,121.84518695
32.06126893,120.09816418
31.33252662,120.10517441
31.66293823,123.04737684
30.69659708,121.64841357
31.6710896,120.7632197
30.47871329,121.36666562
30.28275342,120.96820674
31.02341749,121.58787689
29.98113735,122.26211416
31.97080299,121.99743076
31.61969524,122.99538046
30.93075407,121.17698148
32.48370184,120.87013192
30.57451263,120.1576115
30.71096579,122.8561656
31.22516104,122.30922504
31.87018426,120.34883342
31.71522097,121.66784954
30.84257667,120.43670813
32.29909306,121.53211366
31.64054684,120.74163717
30.21678572,122.6471919
30.91654316,122.29365205
30.4033522,120.29235578
31.84343263,121.58924053
30.45852858,120.68290574
30.68227564,122.86945331
32.56774382,121.94404282
30.1573168,121.69545855
31.35274108,122.26975549
31.91020107,121.5115307
31.57033038,120.73906057
31.75847967,121.76638413
31.4087458,120.91055311
30.19224049,121.58424654
30.35033471,122.1505563
30.72298406,122.74279738
32.04665388,122.43750466
31.13086528,121.52824021
30.22723773,120.40683223
30.43349889,121.70779003
30.03658276,121.16284477
31.59198661,120.20905087
30.66508979,120.38752583
30.1652881,121.94510227
32.58565094,121.9636369
30.68782555,120.32670453
31.41975947,122.81034303
30.2529964,120.67831062
31.61194903,119.83943913
31.04300267,121.34814005
31.66788703,120.93404526
32.41213238,121.90809361
31.97557946,122.45030787
31.04687768,122.8444347
32.19910753,121.56693495
30.73537334,122.17473151
31.39159497,120.01163739
31.26689451,120.60119208
31.47981305,120.82260405
30.29675675,121.26720853
32.00895948,121.87611744
30.83151892,122.48263015
31.60731113,120.84823838
29.88605311,120.87546524
31.30307982,122.75437824
30.05085956,121.02839934
30.23834575,120.65228675
29.86933707,122.0063608
31.66750512,122.27139669
30.39307328,121.6491249
31.4385643,120.56088601
31.47628192,120.3035829
32.19655188,122.40724821
31.75458824,120.44163869
32.52600738,121.50355969
30.2107602,121.09959376
31.31939501,121.45674678
32.10183685,120.93897496
31.85573865,120.68324969
30.99808457,121.99339643
32.33956965,122.11555763
30.0076486,120.58744239
31.68868089,121.74937763
30.67603571,121.10498679
31.00126659,122.77281678
31.07905126,122.28505791
30.05656285,121.02405469
30.69453783,120.89712187
31.58146787,121.06138782
32.28434155,121.09233239
30.20134872,120.38634248
31.91012534,122.21587054
32.02480699,121.89986606
31.08976475,122.40075442
31.13040671,120.53048474
30.83098923,122.62213354
30.51495511,122.31642702
30.7593024,120.45968789
30.08249955,121.84170351
31.23306706,120.56204705
31.59930415,120.25801066
30.5249735,121.6876466
31.74362802,119.93565949
29.80411974,121.71901174
30.08275756,121.96704248
31.47852155,121.38187318
31.45613135,119.94396207
31.49921051,122.60617795
32.13334523,122.58129628
31.15487181,121.19031407
32.52769709,121.59875051
31.6854829,120.02163589
31.22999591,121.89488641
31.05058988,121.72003932
30.48721368,120.32193073
30.59899929,121.62653046
31.06243191,121.22067262
31.92602354,121.63463268
32.10157293,120.28828437
32.64996123,121.22915478
31.72509239,121.96822764
31.72454633,120.26603979
30.1614949,122.336687
31.37387057,122.79380003
30.979731,121.87932798
30.98270248,122.14498022
30.82360218,120.13443611
31.79523551,120.37253204
31.30995612,122.64846185
31.38567441,121.63101711
31.5562927,121.30219673
31.99078122,121.77349796
31.37939878,121.14130491
29.99395174,120.7049162
32.21413267,121.17548647
30.0004825,122.17730216
31.19601758,121.5310838
31.28810034,122.21783158
31.77575852,120.72680318
30.02574383,120.54939116
32.33898212,122.01700585
29.9478276,121.93290953
31.90073984,121.70379633
31.02516507,122.31569044
30.81941208,121.6188228
31.60173706,123.09262519
31.47812235,122.44004626
31.79139366,120.73299076
29.99884087,122.31229109
31.78494376,120.85413924
31.74509005,120.32935456
30.34602389,121.53436223
31.45708567,120.2222968
31.35484703,123.08831817
30.85676259,120.36286461
30.41241386,122.0004747
31.93624162,122.38027961
30.59132447,122.75338754
31.28719833,120.05002138
31.36123642,120.86531382
31.06569406,120.04186539
31.29688612,123.12544998
31.88650244,122.85284748
31.09383664,122.31316677
31.20018699,122.85077787
31.75621365,120.13204282
31.06597153,122.72577471
30.60095918,120.23561854
30.93381797,120.63630051
30.84576622,122.30798955
31.50011414,119.94482703
31.85323603,120.43081927
31.39355963,121.88362281
32.40132708,120.66350385
31.08913831,121.77645463
30.11020756,120.52867211
30.31191302,120.99705393
30.31707944,120.67547404
31.62064116,121.87539892
30.83643447,120.18439656
31.69466266,120.51107249
30.82670503,122.96999568
31.21619829,123.08910505
30.88138535,120.96829232
30.61151451,121.89893609
31.35793304,123.02477267
31.47212163,121.40959643
29.92057467,121.14428172
31.30518347,121.73139637
31.28075067,121.59898497
31.32529646,120.03235096
31.92324246,121.7251915
32.11694091,120.25988232
32.31399173,121.03079255
31.1108764,122.24362421
30.76682633,122.07673386
30.22945881,121.06004056
30.36854763,120.70918998
32.10733872,120.22370263
31.68294665,120.93883936
32.4834262,120.78985003
32.62344649,121.27318313
30.93048916,120.75675368
32.28376978,120.84363888
30.81656288,121.40970147
30.24855464,121.56776537
30.52627242,121.83628249
30.26073502,121.68262635
31.8915992,120.99675242
30.84003584,122.62147104
31.56972636,122.09060135
31.07050099,120.47791777
31.02955946,122.55786113
30.88373684,123.09201395
32.24485885,122.2979261
30.83947406,122.68969371
31.04395802,120.83434977
32.60766948,121.38689432
29.97579921,121.16829988
30.81163399,120.87633554
32.05627537,122.11260071
30.80115237,122.32385704
30.2066661,121.43685303
32.53783163,122.15978797
31.13364065,120.98037349
30.13048522,120.95493541
29.91169761,122.10643287
31.08510656,122.06445237
31.92482795,122.10057585
30.57266816,120.86963307
31.08648355,120.57361601
31.0172109,120.66829087
29.99613896,122.30941813
31.77586526,122.03411864
32.49817283,121.02874975
30.34774671,120.91379315
31.01254474,123.04164709
31.80087015,120.18751982
31.59602598,119.90736638
30.84904805,122.99807566
30.1624034,121.1752979
31.86152522,121.40157165
32.09248825,120.97396585
30.29211995,121.88131927
31.51608889,120.88551823
30.56869671,120.45052738
30.29724537,120.35393964
30.40994007,122.83554735
31.10203096,119.92005995
30.43952894,122.01651195
30.36920792,122.56644204
30.75710446,121.02023324
30.90954346,121.95368546
31.43420909,120.98306215
32.00479854,120.65390515
31.02058027,120.79991787
30.16067651,122.32681595
31.96201978,120.9644043
30.86085747,121.84868168
30.83304495,122.3930212
32.34389522,122.23836882
30.21108129,121.33477834
31.99790245,120.9882396
31.60475729,122.53124395
30.15433221,120.82781676
32.22604832,121.04940515
30.90104538,122.51481465
30.27978172,120.85206701
31.36536331,120.10337507
31.12636354,120.24636404
31.64131949,122.69890553
32.02828888,122.76490196
30.77233793,122.50026397
32.25835453,120.56544032
31.37909665,122.27504691
30.06675645,121.69431736
30.82847877,120.34875268
32.10782145,122.36047744
31.68270005,120.76213703
32.29217554,121.77953353
30.40682092,120.92384727
32.19385538,120.79180003
32.56661189,121.84186923
31.42218346,122.73576103
30.14666178,120.72389743
30.44611803,121.16892315
31.47714616,121.15752291
31.4616893,121.55681298
32.61286953,121.3370769
32.07759858,122.18108244
30.32829888,120.5592499
30.46241946,121.10098998
30.58056089,122.43810001
30.8706186,120.09903446
32.01016456,122.5250781
31.24221154,122.7478819
29.86403755,121.52399539
30.62408968,122.90981697
30.67026665,122.84407047
32.10579823,120.33331445
31.06407506,120.84440325
31.074918,123.00554053
31.73978997,120.25610526
31.56533243,122.09090151
31.88302688,121.45919845
31.56419422,121.93856607
31.10352145,122.06910342
31.91238699,120.83150731
31.74896834,121.01758867
32.03389856,120.84437469
32.54829812,121.94016724
30.16873921,120.52261786
32.55222252,121.52536505
30.52684571,122.81505472
31.39372748,121.04172334
30.5844298,122.82113537
31.84199285,122.55931076
31.42891819,122.40340161
30.40277876,120.47865884
31.77999839,121.88479956
31.57828117,120.14197755
31.29498901,121.71049295
29.99448286,121.97467649
32.28789633,122.46584682
31.10944898,120.52927832
30.02050947,120.66574148
29.9759353,122.07001136
31.98664478,120.81792055
31.65718146,120.07730187
30.57586414,122.40060925
31.58451722,122.76037295
31.72474053,121.63927547
29.82614927,121.31057847
31.75156466,120.19931868
30.76167181,121.55589164
31.99738186,122.37865629
31.11373745,122.3311584
30.26414685,122.03445079
31.10795959,122.9812065
31.73762993,120.00108395
30.08066549,121.66079653
30.14743115,121.15262195
31.54353598,122.76489401
30.62820949,121.49071255
31.72125916,120.14656972
31.80596941,122.01507979
30.86203259,122.20511487
31.1498645,121.94924225
30.352016,121.28022577
30.39334828,122.65012851
31.08867611,120.87043521
30.48844576,121.70947906
29.82905813,121.42212332
31.4883848,120.54636462
31.409929,120.00425349
30.94859368,122.01647524
30.81487308,121.02368661
31.56144154,121.31948797
31.54254126,120.8731563
31.41407487,121.49730902
31.82108456,122.57142366
31.69373329,121.44015848
31.1398672,121.23534517
32.08013029,120.9764034
31.21448765,120.51205775
30.87201825,121.37515125
30.34996463,121.90303555
30.49139867,121.29784842
31.81785353,122.61287464
30.9535153,121.37989466
31.53316103,122.91059031
31.86766471,120.20633824
30.57367101,122.92763704
32.20268106,121.46022107
29.91204201,121.50171161
30.52071432,122.86175649
31.91021409,120.38386455
31.44895811,122.08544941
31.05664206,121.98714832
31.63005769,120.33252539
31.35121013,122.70579404
30.05241991,120.70876838
31.27080999,122.17256927
31.41335989,122.68296502
30.24321432,121.03074406
30.53920205,120.40460604
30.58668,122.97289694
31.67638338,120.83571507
31.2827542,120.20926402
31.73431121,121.12874214
32.37071965,121.62858809
30.60911494,121.92091171
32.34936328,120.53516345
31.9305361,121.96449452
30.74406521,123.05671299
30.65195419,122.13561827
31.95015,120.13904452
30.24047696,122.69330211
30.39759794,121.8837937
30.24520677,121.15076051
30.36077836,121.28811182
31.37325472,120.99216912
32.4006421,120.64801021
30.79553677,120.84622692
30.59012798,121.34125541
31.12059034,121.18670924
31.41930782,122.16598082
32.00297121,120.14874416
30.35852182,122.22082253
30.40688148,121.14435083
31.14308723,121.42511242
30.07118752,122.24047059
31.19658523,122.16135175
30.82932317,121.16383618
30.70575421,123.02896646
31.64897473,121.62664382
31.57521881,122.77688151
31.48276091,122.91288467
31.48602424,122.42255724
29.89673256,121.88165946
31.93402973,121.23656393
30.95148962,121.09248221
31.37785839,122.61853707
30.88561321,121.21743134
30.42104305,120.64717882
29.84794312,121.73915806
30.08551815,121.51713464
31.50670742,121.54413781
31.7736185,122.24115058
30.30447109,122.73413965
31.90912653,121.28660567
31.93987863,122.24212214
31.10038247,120.94608301
32.49058748,122.13958523
30.67516438,121.30989112
31.48162249,120.67009081
31.40349298,123.07809009
31.26285302,121.86645446
31.81484337,122.77341633
31.22517158,122.65413897
30.95444195,122.97704532
32.34085227,121.03818991
31.1146548,121.7111435
30.75864834,121.65488014
31.80801856,121.5978588
31.41262277,120.49457665
31.52125796,122.49336555
31.1528248,121.66170445
31.21427911,119.8947569
30.42565983,122.62077107
32.35534072,121.42246535
30.85954952,121.68666483
31.07140561,121.29253397
31.49853092,121.73102711
31.06006288,121.15725434
31.60749492,122.99654419
31.30199228,121.41869676
30.6285177,122.13850193
31.29233676,120.77440597
31.07503707,121.55337461
32.52939309,121.26356166
29.83313427,121.80711609
30.71366298,122.93377599
32.15972557,120.57274933
31.37311645,121.79214439
30.83002036,121.30280791
31.32403021,122.55691602
31.1202098,119.94535295
30.41854932,120.69923906
32.21482783,121.82464232
30.05082205,121.58389852
29.90127133,121.01989846
30.92784886,121.71223598
31.76577829,121.47148719
30.02513892,121.19370562
30.182058,122.45721736
29.90224919,121.45224312
31.21474406,122.60000339
31.53706439,120.08412253
31.36202415,119.88405971
30.06758302,121.13937756
31.18554647,121.70096786
31.40931312,123.05360653
31.06719458,120.73763101
30.83776464,121.38931537
31.73138601,121.5685469
30.78841661,120.75215307
31.47035657,122.61355121
32.10672831,121.11063205
29.93698867,120.85687585
31.42455645,120.06716473
31.97410338,121.49180348
31.05799603,121.3360788
31.54431802,121.06001845
32.00058716,121.47593841
30.9200749,121.57519447
32.3067838,120.71815202
30.29492746,121.03014432
31.0710977,122.70834976
30.84055239,120.88171433
31.85656399,122.52630347
30.71360453,120.85091271
30.66081583,121.76344887
31.06958236,122.23427159
30.32051986,120.74788836
31.87471876,121.86835117
32.27364874,122.04330806
31.05604374,120.22920096
30.52821672,121.0231605
31.66649895,120.76369107
32.16735491,122.64014672
31.44675779,122.52310577
31.96296871,120.30817422
30.63665789,121.51466628
30.56814149,120.01768132
31.47001739,120.39094574
31.93197583,121.91225298
31.10827183,120.48966262
32.29768624,121.07132895
31.21108484,120.73471776
30.39594139,121.34558103
31.77544134,120.57959208
32.4192312,121.62641809
30.74477952,121.16487747
31.28102358,121.4831497
31.57001232,121.58886655
29.99751356,121.95183105
31.49092114,122.58669961
32.09892578,121.83017343
30.06722982,121.58005818
29.86906635,121.11667317
30.49923625,121.48909403
32.33776021,121.6345209
31.58560126,121.84633354
32.51550978,121.73664601
30.57510346,120.1602207
30.67037623,122.3262277
32.36329168,122.46509871
32.25458081,120.84631298
30.14453505,121.92372078
31.52138078,120.93437005
30.16785153,122.11962774
31.58640916,120.32997943
31.87534794,120.13444557
31.50591658,122.5433566
31.58442652,121.60097076
30.84936113,121.73539019
31.96854743,121.35184399
30.63340703,121.85645015
31.17560948,120.91150767
31.54622842,119.90601504
30.15715719,121.40294161
29.84315896,121.94028676
31.32886915,120.14269988
31.88574089,120.66678252
32.03354718,120.54675559
32.08864253,120.49244864
30.96970514,120.33715461
31.77018334,120.49218151
32.34479748,120.9708909
30.08784073,120.8206243
32.12563161,120.1875248
32.17920043,120.74206562
30.80628977,121.31962665
30.57941642,121.2808387
32.15935132,120.29065021
32.43605698,120.67954892
32.06479757,122.80812425
30.70873859,121.02137208
31.9694638,120.47143787
31.51901688,122.35533031
31.97744214,120.23566823
31.66708883,122.80008431
31.11354654,120.12909346
31.26686988,121.07542395
31.01987616,120.95492279
30.11169537,122.3438007
32.29528066,121.4167394
32.18433952,122.04230083
30.61046579,121.36105817
32.40342727,121.16853555
30.96979275,122.55824901
30.71619005,120.26620082
32.63342981,121.6940914
31.90961782,122.42525221
30.148892,122.07671157
30.39869509,120.89099673
32.24173044,121.23355264
31.71188885,120.37000596
31.87465033,120.99383603
30.78219599,122.44895748
31.07099922,120.02466491
32.64971894,121.59327305
31.22979536,121.12819696
30.81698649,121.61513818
30.94318471,121.16870557
30.66840557,122.51353811
31.18150025,121.15101847
31.98562501,120.36914964
31.81076826,120.09181256
30.40289088,122.14758012
30.02056041,121.72063678
29.96085179,121.94162337
31.77732099,123.01865525
31.02427489,122.75489201
32.48607008,121.68270048
32.16011018,120.69223007
31.99865819,120.21910674
31.989682,121.02890045
31.58033893,121.6429403
31.91018837,121.34722985
30.25408337,121.63811064
31.41980099,122.57781063
30.81234651,122.19633651
30.44856284,122.40958287
30.45446438,122.04449143
32.42145726,121.14470887
30.83222079,121.66931945
30.16980571,122.5476468
31.7622394,121.14974566
32.20802347,120.28201456
31.16567194,121.08216837
31.9487857,122.06374844
32.23966089,120.99189938
31.06796507,119.91504329
30.10462607,122.40401198
30.67667374,122.42753597
31.21821389,122.66102753
31.81150938,122.63093809
31.38689761,119.98893144
31.79379052,122.28435973
30.381126,121.62282158
31.49222867,121.98450793
31.58247923,122.31411637
30.49368284,121.48904957
31.09636152,120.83019869
31.77042366,120.31287372
30.15144626,121.98386338
32.24754943,122.5392131
31.00443535,122.73231032
31.87560616,120.12884264
30.34712519,122.78087475
30.54250015,120.41793855
30.78066636,121.67448912
30.99106096,119.92601215
30.77431322,122.30023632
29.87202403,121.09033281
31.09744049,123.10147975
31.20494945,119.85705756
30.07578978,121.21181408
31.43056929,122.60619182
31.36164084,123.14830178
32.25225988,121.5319042
30.9204307,121.89798933
30.430344,122.25429802
31.28687231,122.15576776
31.45517018,122.39342505
30.93770311,120.29254845
31.42811663,121.18106014
31.6227631,122.67885374
30.31112255,121.20010364
31.6389707,122.18099346
31.57772828,120.87807523
30.23669075,121.89857559
31.39605494,120.09695199
31.83903969,120.06513037
30.44621384,120.10072665
30.86275554,122.73599492
32.18230321,122.37592492
31.37699043,122.90526197
31.43922553,120.14593834
31.66067952,120.14669588
30.02361062,121.50254839
32.01688415,120.7677068
30.36177938,121.2522272
31.50292584,122.58861749
32.48806653,121.1907404
29.97369954,121.96218552
31.55225611,122.21780845
30.83758137,122.64196564
31.73166977,120.45334518
30.9364598,120.95190501
31.96475408,121.13268925
31.02065531,121.73720462
30.92935595,121.11378597
30.92890166,122.49126162
31.39224139,120.16053273
29.99219933,121.80418137
30.61439765,120.35195995
31.16345364,120.29488343
30.77374227,122.1810435
31.92553269,120.68488833
32.12366094,121.62403576
30.06632426,121.35325658
30.65040058,120.92394876
31.56298324,120.03739969
31.27100624,121.15417784
32.4839052,121.73211766
30.17833157,120.76822622
32.29638925,121.8908394
30.06693099,121.35644182
32.06973342,122.30351882
30.25834735,120.85837286
30.64121298,120.47308356
31.61848742,121.18678511
29.8176857,121.37683277
32.0944818,121.55074705
31.95343815,121.60348218
30.30011872,120.9850342
31.38047579,121.48251787
32.17140677,120.86988978
30.50510736,120.30717461
31.83005541,120.14886397
31.35179073,121.24133955
31.92167278,121.1993859
31.1519331,122.56030164
29.83094356,121.69686547
30.14808706,121.9893909
29.93476211,121.4938016
30.56578013,122.22482525
31.28876425,121.89411632
31.69445901,120.34465244
31.54388563,122.49769049
30.58000572,120.64082657
31.62948563,120.77231486
32.00216279,121.81807508
32.07210252,120.71908573
30.61809284,121.34680952
31.22576126,120.17692482
30.83455093,120.1889625
32.36614474,121.42450312
30.05402947,121.44834158
32.30246131,120.66251402
30.72383984,122.45961872
32.06360818,121.49131309
30.12014227,120.4575084
30.58986423,122.17582194
30.35507724,122.09118247
31.0734407,119.79499381
30.59227526,120.89729676
31.0709753,120.55435408
31.84996827,121.68389554
32.24049189,122.08187567
30.59897268,122.16840418
30.61898345,121.2256686
30.98255297,122.69838063
30.84094206,120.73202655
32.01327541,120.64956114
31.25535004,120.22232536
31.18823745,120.92163118
30.00044303,121.43699584
32.20976415,122.31919157
29.82033449,121.58305663
30.73096064,120.73555195
30.60723892,121.32638789
31.00368131,122.02812465
31.08663387,121.4250395
31.59147147,120.01487655
31.47394056,121.12746329
31.35214227,123.03638598
30.68001703,122.52298894
31.17077847,121.42923691
31.80589384,123.00700876
32.40186542,122.4369255
30.40856013,120.35214549
31.63113614,121.65564203
30.34522951,121.61278196
32.0642202,122.31977473
30.52754187,122.58424589
30.01686298,121.45611924
31.23502421,119.83029473
32.63336451,121.7278085
31.94247175,121.64513406
31.36173394,123.05399918
30.40040564,122.489226
31.13882572,122.30903188
31.28737831,121.441397
30.94448702,122.71244601
31.11150881,122.78757548
32.25383532,121.05624069
31.80619698,122.58783918
30.28069777,120.96257649
30.99076749,121.79585875
31.9800951,120.8810473
30.57223766,122.39523559
31.65396136,121.51365316
31.42971773,123.0103362
32.09647426,122.62815433
29.89879667,121.94773555
30.5883479,122.29445221
30.47708308,120.6541788
31.65186003,121.68602651
30.51854755,120.2373346
30.75307992,120.46077256
31.04613944,121.99694789
31.1624149,120.40351342
31.79459622,122.062902
31.08410751,120.06391074
32.03576233,121.48081435
30.55119866,120.15225936
30.62046464,122.77208133
31.77233273,120.77227295
31.69953166,121.72055415
30.19293532,121.49037638
31.23131942,122.25631823
32.41633764,120.83892171
31.63269644,120.73521519
30.4192232,120.19155603
31.06445856,121.90473341
31.02791368,121.6435363
31.39913872,122.40617029
32.19398317,122.47731258
32.02253707,121.37415141
31.78530118,121.51551091
31.41255796,121.52302624
30.50233221,121.33997038
31.31524739,121.57497092
31.16718696,121.32777777
32.59214724,121.98816603
32.30326665,122.41320342
32.3549608,122.30124351
30.65471446,122.62540718
31.43860306,120.0417909
30.80507356,121.52537384
31.23604787,121.437067
32.02936731,122.27269684
30.23602368,122.51963486
30.89710807,121.38733957
32.06762697,122.62233356
31.51295744,122.89582269
30.87659199,120.03952203
30.94469148,121.85210215
29.97654567,121.44193714
31.86528061,121.97962293
31.26894417,120.66563868
31.811418,120.63452653
31.18676514,120.19872312
31.51802848,121.8532822
31.96498021,121.2159065
31.50949595,120.21620926
31.79376395,120.10145225
30.25508696,120.2374012
30.48572119,120.7903816
32.55911383,121.78741973
30.57878352,121.01808393
31.40754632,123.05202543
31.3775682,120.2324879
31.01404556,121.52168591
31.38663133,121.46100434
32.05825646,121.97276603
31.2136657,120.70325674
31.89157785,120.00475561
31.27285274,120.14866346
31.4827624,120.71990939
31.32394057,120.82936445
31.78969364,120.48021017
31.34925336,120.7435519
30.41718801,122.39505893
30.67002388,121.46917148
31.76996814,122.64700015
30.44552011,121.89117493
31.84166461,121.06054956
31.20407893,122.66371804
31.75803032,120.11143529
31.7406089,120.14116127
32.10619545,122.34042038
30.28196373,121.34239967
30.91107791,120.17270028
31.17072856,120.57978461
30.57134213,122.83071014
30.39266896,120.82085104
32.02943402,121.23686579
31.18561034,121.02667256
30.73643509,122.18938439
30.79813626,121.84358295
30.84238528,122.24766072
30.7549544,122.74737461
30.16543542,122.49754031
30.26557215,121.49610011
31.58556393,121.64970574
30.50299138,121.91446505
30.91254963,120.03019577
31.0581945,121.44410027
30.46074799,122.12331509
30.37118079,122.04768752
30.0097383,120.6133216
31.98919868,121.12629685
31.44480629,122.31839086
31.60108986,121.64825318
30.33735937,120.2560477
30.22298523,120.72193431
30.65733141,121.68600508
31.32887109,121.63917653
31.48981492,122.09090417
29.83642415,121.66667405
31.26263058,121.03026193
31.11141986,122.00332608
30.90891798,123.11972829
31.3191805,120.0915039
31.16884821,120.94171
30.95312717,122.69449725
30.6284467,121.51539104
31.25935972,120.40552342
32.33899029,122.28501214
30.54897251,122.57248217
30.52976595,122.75783368
30.96551786,120.34291493
32.28346087,120.49781235
30.63280708,121.40105025
32.36277579,121.25127769
30.05841501,120.4981734
31.21891037,122.84822064
30.83652918,122.86243085
32.38193316,121.72722009
32.06199594,122.4903053
31.99531232,120.43972968
31.50255503,122.76875841
32.04407112,121.71253634
29.92791816,121.8624526
31.47210773,121.05748725
31.92852907,122.82517745
31.4428129,122.29094846
30.39417508,121.87389323
30.88870763,121.46859412
32.04225914,120.56762248
30.67170798,121.84900212
30.11010121,121.91287189
31.43519228,121.81392225
32.23233559,121.25207525
31.13584787,121.36500578
31.24780109,120.29545608
30.33589203,121.74821965
31.22575657,122.28852553
30.24706876,122.65961766
32.58154511,121.25873748
32.13810157,122.3874948
32.55329348,121.14732884
31.57851969,119.97540838
31.74822905,120.58677138
30.46870022,121.65415681
32.08741326,120.83342652
30.83078778,120.85450776
30.63993104,120.86957355
30.59530412,121.45055453
30.86917275,122.85278985
30.60428192,120.93429801
31.68792095,122.37772312
31.10047531,122.07955516
30.472047,122.35607842
30.71923589,120.45343474
31.85684603,123.00318179
31.84292163,121.85833656
31.044719,121.53313809
31.37078589,121.70911524
32.27298694,122.63687311
30.47136195,120.90728687
29.85517475,121.36308425
31.39028835,122.16580303
30.87569899,120.80284166
31.34701766,120.73219211
32.10875359,122.55324791
32.05145615,121.12157281
30.17450051,121.11907717
32.35618365,121.7594698
31.07480753,122.09540554
31.96301412,122.26865453
30.86771033,121.38435975
30.32105518,121.32792318
31.54668744,122.54274708
29.92150825,121.75898774
31.9935007,121.17766231
29.9599207,121.27587736
30.20077539,121.62575048
31.8713222,121.34609686
32.61252074,121.13920432
31.97122408,121.17681829
31.39246668,122.44352008
31.55362188,120.11871787
31.11021719,120.72257574
31.27435555,122.90342193
31.99153769,120.10024399
31.09549385,119.95443851
30.43346678,120.14725708
32.0041575,122.62376257
30.19698149,121.99091328
31.04837067,121.19763842
31.2702289,121.46102353
30.86053496,121.1571192
30.45542753,122.51533975
31.72559163,121.06425119
31.79228941,121.85368745
31.02576225,121.41229237
30.999776,122.5333226
31.93537437,121.68052253
30.3269215,121.62665129
30.88075289,120.38792452
30.60457125,121.11141488
30.30832833,122.23636583
30.24383111,122.12146937
32.24915036,120.519449
30.16401957,121.54121702
31.78229126,122.40010693
30.84478038,122.14281197
30.9487439,122.5006082
31.60071024,121.01495078
30.00331958,120.73940653
31.50484076,120.78731448
32.06675136,121.8946937
30.53512693,120.28497846
30.33377658,122.42972028
30.72913931,120.50820423
30.29594834,120.57451598
31.48262349,120.18255669
31.79229075,120.13763952
31.3258882,122.40773093
32.48803883,121.27894205
31.58608481,122.47309931
30.66510214,121.01703051
30.18104064,121.06499889
32.22619736,120.87595762
31.38877208,121.16639193
31.65587681,121.41003549
31.57598526,122.49403603
30.96688326,122.02227124
31.44081943,120.04952844
32.3635331,121.49843484
31.30440099,122.89259271
31.98025919,120.78390387
30.57300582,121.1825834
30.77478375,120.5866328
30.82084007,122.12579287
31.50838763,121.15924366
30.8387733,122.2140836
30.00246564,120.9397276
32.32578094,120.61479658
32.34400547,121.11870442
31.5753498,121.19104288
32.37514327,121.76697157
30.35852459,120.45432434
30.76316414,122.30358496
31.25461985,120.3725059
31.64065014,121.65456832
32.24549318,120.33259024
31.97519266,120.76518049
31.42787679,122.00379624
30.6696238,121.61824436
32.18773385,122.67997957
31.78109757,121.3547381
31.69491978,122.7514947
30.75261924,122.88765586
30.05025548,121.37057681
31.448697,120.94295223
30.11536636,121.87174326
31.07032118,121.04065932
30.23770668,121.80848863
31.33278789,120.16507493
31.86697547,122.1798221
31.02086147,121.17690488
31.56571894,122.94701911
31.21196452,122.04631685
31.42527403,121.158876
32.17042609,121.78226792
31.14302818,122.98699052
31.12001834,122.55155799
31.26785087,122.60065962
31.07374132,120.42885287
30.80541489,121.1216436
31.28020046,120.48252409
31.66226183,122.27447327
30.758793,122.12999007
32.41990026,121.5747047
31.86441076,121.4801413
31.54176977,119.93655316
32.06334942,122.36999181
29.99518903,120.81359316
30.88683249,122.83179631
31.81761084,122.69059406
31.11187435,122.10682289
32.18551619,121.32476
31.82353932,122.31510953
30.26044782,121.43096535
31.32186701,121.79375167
30.72315655,120.36106648
32.6170541,121.12514307
30.43171167,122.30310992
31.50592061,119.96171848
31.15858764,120.65058451
32.03630529,120.21514909
32.43880584,120.90445054
30.87621093,122.64918024
31.83934978,122.40513181
31.71959098,121.75744909
31.16474117,120.61457917
30.84620597,120.16705997
32.21950601,120.95532407
30.67407014,122.06916002
31.98246555,120.0230182
30.68608598,120.61612176
32.32345435,122.52345823
32.0298826,122.01056048
31.79081184,122.52145399
31.08596799,121.44199977
31.82561332,120.37963674
30.46927772,122.16121757
31.31527403,122.03728097
32.32206979,121.57790986
31.47506944,121.90364165
30.50094303,122.88134944
31.76158814,120.25564874
31.28520019,120.05440732
32.39359526,121.76134658
30.27713259,122.03221286
32.21470356,122.2006002
30.33157039,120.81128092
32.41262868,121.04747104
31.02450624,122.07618944
29.99496943,122.17933712
31.32987983,122.86150562
31.82353452,120.32868984
32.43982347,120.74448482
31.25016948,120.77110581
30.47503734,120.45785392
30.78973886,121.99583441
31.69011573,121.09412338
31.47310427,120.57511342
32.09229628,121.15922225
31.71283438,122.53843421
31.73327158,121.49485282
32.43582644,121.04937444
30.16215609,120.87389438
31.04365246,122.59561815
31.16259777,120.98997021
31.68578914,122.64988282
31.86516642,120.25899602
30.65751992,120.55746547
30.24946263,122.32238927
31.18175508,121.03036145
31.06153176,122.26256794
31.97127496,120.38649945
31.21876734,120.25418413
31.71588933,122.45067748
31.74345708,121.07730672
32.00824556,122.83971109
30.68230412,121.7879256
31.82738621,120.50958425
30.35227963,122.22471373
31.86823804,122.87304781
32.13910391,121.37541197
32.03064584,121.97163662
30.46358015,122.05595677
32.16624868,122.64258961
30.90160782,121.99365474
30.93347056,122.9039348
30.77978323,120.7848651
30.56117135,120.24655313
31.59743814,122.44920763
30.32070642,120.59203564
30.51734599,122.05242843
30.43473481,121.93486919
30.34379198,121.52859932
31.991875,121.73204772
32.21312684,121.03400273
31.58680173,121.96554132
30.25100427,121.6843299
31.51235419,121.97876683
32.07043869,122.15446404
30.63361981,121.00009034
30.53282007,122.84224417
31.2342456,121.50498207
31.51644499,120.80099976
31.45205234,120.46313792
31.00859963,121.6673119
32.29316257,121.26955796
31.32927034,121.58752911
30.59648087,120.88886395
30.89232721,120.97362427
31.63746598,121.46333382
31.5847473,122.8603551
31.37086089,121.98144034
30.10854766,120.48421121
32.48844275,120.72600192
31.94232263,120.64837486
31.32075092,121.55159129
31.90243006,122.78890056
31.08528843,121.62362567
31.57165778,120.94118351
31.93221574,122.53182582
30.90767716,122.35054405
32.12092114,120.25842253
30.35263194,121.54576668
30.19648896,122.42642114
32.49061701,121.59330801
30.74032338,122.48409497
30.8983423,120.66402701
32.40810623,121.47336198
31.83448115,120.76574601
31.15966406,123.02744978
32.07675221,120.61026259
32.4535777,120.8425827
30.78286419,121.86816421
30.20762641,122.30022685
31.51700508,121.54480874
30.84403885,122.01606884
31.33895969,122.45237316
30.13506021,120.45035499
31.95662124,120.90488298
31.89023918,122.37184778
30.80774772,119.88938914
31.27556388,123.0915879
31.07092601,120.67467831
29.9945161,121.66880961
31.70543434,122.28222153
30.3289829,121.4478276
32.07686132,122.23872453
32.6696003,121.41590102
31.18595806,123.03371646
31.93248673,120.43943875
31.39559419,121.93857284
29.91566599,121.91809978
31.41618627,120.65742466
31.04282127,120.07628192
32.42263248,122.10517257
30.30582698,121.91200327
31.24834206,121.54723967
31.10851079,120.43755701
31.79987002,122.95456341
31.20362343,120.53601307
30.00180236,121.92914376
32.00233201,122.25435062
31.73364023,122.19277239
30.51982598,121.37810926
30.20898235,120.28973787
30.69884927,122.98724595
30.968154,121.78767531
31.54091605,123.09781855
30.73967932,122.22312565
31.75220248,120.56500255
31.18639024,120.60294097
31.32179898,122.66643301
32.31444208,121.92839973
31.97322155,121.69086486
32.57979126,121.75229765
31.2547561,121.25087705
30.11448227,122.52407503
30.32457599,120.4778356
30.11960975,122.32747778
30.79519538,122.80188174
31.80978103,122.9549404
30.08695174,121.57084719
30.78224107,121.48732024
31.62544603,120.49479354
31.92233438,121.55675806
30.87965145,120.57981839
31.67052761,121.86368923
30.82302147,121.37468494
32.38142136,120.6289518
30.58710013,120.57821532
31.7271194,120.82046766
32.32898435,122.37363781
30.92352327,121.05036173
32.1573374,121.57744577
31.78316787,122.80024116
30.30477865,120.54656793
30.77916323,120.65857533
32.24831029,121.70321132
31.40187848,121.2470606
31.82321392,120.56344197
31.96100781,121.62314228
32.30198539,120.75757586
32.50848875,121.82050433
30.84512263,121.49440929
30.37552893,121.87374815
32.50849644,120.82893136
30.83276837,122.47600208
31.63495736,121.19060411
31.34075854,121.86170184
32.17374747,120.70411608
31.62534087,120.01367529
31.19194036,121.30782158
32.19501289,120.81787887
30.20012722,120.85450016
32.18535475,120.71458103
30.89741916,120.14658465
30.2050733,121.07098625
30.32193409,122.59732939
30.26614767,121.46099642
31.20814943,120.2480376
30.6396658,121.55932557
32.18678668,121.78439612
31.1751672,121.47362935
30.76303897,122.62233756
31.54639195,121.75673856
30.08360857,121.52374242
30.25361036,122.48798294
31.86262185,121.99016073
30.15954798,122.10400959
32.42845073,121.18198996
31.54964445,122.90891932
31.11943716,120.92580875
30.78225989,119.97660802
31.07374646,120.67286293
31.77854096,122.58088279
32.46173321,121.44409964
30.87047019,121.18377466
30.35967197,122.50963156
30.69157607,122.35573325
31.06194998,121.60822258
31.19230227,121.03410033
31.90788636,120.63160355
30.93775445,122.63137284
32.14309824,122.62407292
29.96274183,121.17634588
32.47751924,121.51128099
31.57218439,121.8119374
30.40029806,122.03647746
31.69107683,122.93372776
30.01008101,121.54172246
30.63265409,121.42344425
31.50039965,120.31528834
31.40152189,121.04916657
31.16229499,122.00569147
31.17470734,120.70919731
32.12618259,122.12099682
30.19921485,120.6614651
31.45008347,122.26337275
31.31801236,121.05727323
29.91194548,121.16040661
32.22325022,120.94096412
30.8081067,119.94795828
31.83039921,120.68136433
31.91906082,122.43157504
31.60290976,121.75998465
30.59299163,122.2413859
31.650697,120.06914828
31.21043024,122.35164099
31.73234292,121.61783716
30.87293067,120.30788916
31.19888879,122.50604105
31.31259645,122.55870417
30.87053811,122.91580209
32.44358604,121.65040004
32.4369751,121.58167498
32.08113979,121.35555721
30.62250726,122.2250671
30.57409343,120.72938496
30.40603923,122.39505106
29.92023332,122.07718397
30.31978716,120.22132227
32.12595306,120.83807355
31.57706754,120.99574777
32.1637482,121.7425235
30.70931009,120.93705921
32.323551,122.56522397
30.56973573,120.39088067
31.53267506,122.30962389
29.81844102,121.70999714
30.69803421,121.34560782
30.27998085,120.35056013
30.32466686,120.57903922
30.77388855,122.76724396
32.02441051,121.05590009
31.36490599,120.256637
31.45090735,120.08814896
31.38030285,120.08096949
31.99229402,120.69399326
32.14550988,121.32438202
30.184382,120.52886895
31.78967533,122.04249088
30.04252653,120.92013816
32.1725746,120.36373048
31.18787011,120.60436737
29.94164364,121.36249873
32.24475872,122.14541879
30.28631453,122.33412821
31.3478259,121.57913868
31.07292406,122.07712032
30.74448968,122.00255936
31.71414506,121.33320206
31.3297053,122.59726836
32.37253199,120.64367735
31.02302195,121.53075963
32.50192141,121.99965456
30.14134896,121.53079803
30.35579358,120.39627114
30.99050007,121.62211285
31.88483054,122.84209017
32.52959071,121.78337658
30.60847647,122.84071214
31.89257815,122.3223891
30.08188292,122.16979061
31.67297385,120.0702527
30.97394046,121.16015091
31.64294214,122.0218815
30.54971761,122.96087215
31.91048576,122.76693827
31.11293854,123.09886133
31.15366185,122.06757516
31.15745821,122.73495233
32.59751306,121.00527853
31.87971652,122.04872203
32.06176671,121.890481
32.23043179,121.03479874
32.40012845,120.75746246
31.8089725,120.51790429
31.05606669,121.13070846
32.18432256,120.77936663
30.1029035,121.11930314
31.02229784,121.37972237
30.6231381,121.95405144
30.99477974,122.54989789
31.46182622,122.09374446
32.50741162,121.11358705
30.50214016,121.13579443
31.79864041,120.99522194
30.94712601,120.30457953
31.42637778,121.15705446
31.54835453,122.08028104
30.5654258,120.35799121
31.0168828,119.87439646
30.15365453,122.45762055
29.8362812,121.34243138
32.04944233,122.60153483
30.92070504,120.228506
31.71299545,121.55109325
31.05195965,122.35744313
30.36824335,122.19230583
31.63666851,121.78415035
30.96644801,121.62695836
30.4901549,122.42539146
30.12791231,122.50052042
31.52752196,121.20034004
32.26749086,122.57567784
32.13212948,121.49353327
30.73628868,120.9859576
31.83583649,122.19062818
30.90383505,121.93977913
31.40344207,121.33839983
32.37809213,120.64915464
31.44421275,119.9792176
30.71409229,121.61984352
29.84056321,121.04669244
30.15824576,121.03050239
30.4082151,120.9501686
30.28842701,121.03940146
30.86045794,121.13228523
32.3627822,121.29438298
31.30039314,122.60012144
30.21329469,121.77764371
32.11405506,121.68447545
30.9036211,122.61088279
30.08761964,121.23847731
30.97291305,120.87397507
30.43146138,122.73242872
30.91278212,120.93061747
32.10596897,121.74982654
30.87103222,121.60774507
31.33586969,121.94080494
31.04678684,119.80795492
31.49434907,122.28902246
31.8916485,122.38285385
30.44998119,120.76678344
31.36906723,121.78517333
30.64868033,121.64634517
30.35573245,121.64134709
30.0286999,120.87679382
32.61611892,121.21320298
31.73182264,122.58451634
31.86192033,120.19494123
31.08103982,121.94322741
30.88835342,121.00017413
32.23937226,121.02545366
30.83813641,122.44141585
31.58698066,122.75871731
31.80013078,121.43888593
31.80736251,122.95508894
31.24546172,120.44784981
31.72285658,121.76588665
30.78339952,122.50733018
31.78694382,122.74171965
31.28314145,121.76035103
31.36612624,123.04989729
32.0734907,120.52104592
30.16260557,120.43363454
29.98631159,121.30898053
32.51466593,121.49607386
32.03882748,122.75399293
31.4531325,122.79873574
31.89632131,122.64218063
31.99880499,121.87942621
30.22357512,120.97060754
31.42278465,121.14461952
