0.0694,0.000149415892885751
0.0786,0.000211844597048955
0.1667,-6.26014422848431e-05
0.1923,0.000158692057826787
0.2072,7.24258784844389e-05
0.3033,-0.000503743074570351
0.3139,0.000974829354933648
0.3196,-0.000192554593403171
0.3539,0.00110513748835228
0.4257,-0.000714333419453594
0.5193,0.00145304229673615
0.5205,0.0015127656691315
0.5739,-0.000738778463939882
0.5799,-0.000464135538911337
0.5989,-0.00103685176348745
0.6072,0.00146298302095305
0.619,0.00149484093490293
0.6437,0.00152826381389393
0.6701,0.00145655612915685
0.7091,-0.00116650478490798
0.7107,0.000527061647467186
0.7129,0.00203692227134977
0.7153,0.00225056356306652
0.7611,0.00244418690777781
0.7635,0.001390628491723
0.7704,0.00152425273072354
0.7729,0.00180336016980764
0.8033,0.000810393658518982
0.8377,-0.000479044066072798
0.845,-0.00123838078127381
0.8525,0.000479246787745025
0.8558,0.00166959737044514
0.9227,-0.000814037762644437
0.9274,0.000900240801508856
0.9364,0.00267181586437082
0.9454,0.00163100382683001
0.9662,0.00145827447535352
0.9849,-0.0014715141244096
0.9965,-0.000275577946742933
0.9971,-0.000438167430483194
1.0254,0.00330515146912025
1.0296,0.00237469844679383
1.0414,0.00328738740095313
1.0573,0.00227821094729119
1.0699,-0.00079241232456484
1.0805,0.00254961348280469
1.099,-0.00147430881350497
1.125,0.0033062040870504
1.128,0.00358541571588389
1.1293,0.000656295908204596
1.1623,0.00233606912897866
1.195,-0.00114970127825886
1.1986,-0.00165113719666965
1.2066,-0.0020944567585961
1.2083,0.00279536046220685
1.2088,0.00296497191436096
1.2091,0.00249643583663439
1.2322,0.00088462608183737
1.2365,-0.000726913964471887
1.2536,0.00405324326534373
1.2736,0.00412464020006453
1.2822,0.000625212434653299
1.2979,-0.00182576115417254
1.3043,0.00388936984170662
1.3133,-0.00141643361015453
1.3134,0.00205364387656792
1.3191,0.00422270289138749
1.322,0.000574064675774366
1.3284,0.00150306406403344
1.3322,0.000307804830911973
1.3368,0.00192341485122416
1.3373,-0.000575744176179782
1.3649,0.00433238384672041
1.3741,0.00422569892862668
1.3818,0.00122324755459879
1.3933,-0.00110611616845535
1.3966,0.00404136917097153
1.4015,0.00187339261950448
1.4279,-0.00139873696990533
1.4448,0.00168992313284466
1.4613,0.00106919591918286
1.4686,-0.00196974304570641
1.4703,0.00184404888738743
1.4851,0.00431729971360673
1.5175,-0.000748607614736718
1.5198,0.00441447711326015
1.5512,0.00429699800030225
1.5687,0.00496109089183694
1.5729,-0.00265921863856877
1.5837,-0.00261205066587977
1.5985,0.00215860206397056
1.6048,0.00469855082815895
1.6095,-0.000786055796281326
1.6169,0.00169335983730567
1.6383,0.00512394871068
1.6409,0.00519843193416114
1.6495,-0.0022131977328923
1.6542,0.00165615390469553
1.6555,0.00283934128079077
1.6557,-0.00168698839942838
1.6761,0.000118804085817104
1.6844,-0.00118626143238143
1.6922,0.00115522680986069
1.6928,-0.000315874710739239
1.6942,0.00176143055536992
1.7011,-0.00201729464166389
1.7175,0.00266153202524966
1.7176,0.00196203097616254
1.7227,0.000975491562266839
1.7233,-0.000506476193692151
1.7382,-0.00229953137452021
1.7385,0.00267778261534568
1.7396,-0.000605027481013654
1.7458,0.00256167161389365
1.7586,0.00517687284011914
1.765,0.00404565423900372
1.765,0.00482925474342166
1.7718,0.00192608917144677
1.7929,0.00516339802830479
1.7964,-0.00101797225444789
1.7985,-0.00205916893629499
1.801,0.00575912470016204
1.809,0.00352184506421738
1.8243,-0.000663929940821539
1.8272,-0.00149821915618897
1.8397,0.00385271051419922
1.85,-0.00243168575647656
1.8538,-0.00277746528356215
1.86,-0.00311082594744549
1.8661,-0.000829181363754206
1.8675,-0.00309483710366298
1.9075,-0.00131325068850452
1.9165,-0.00302036043999676
1.9169,0.00305198364033377
1.9176,-0.00288783606406562
1.9187,2.00353034394141e-05
1.922,0.00619010373076434
1.9317,0.00278307488452079
1.9419,-0.00166518386038406
1.9449,0.00310178600938382
1.9523,0.00381049302021519
1.9682,0.00135271285323491
1.9689,0.00377182269323284
1.9751,-0.00261834345690715
1.9858,0.00616721119066832
1.9924,0.00431577692785368
1.9947,-0.000344359497581159
2.0009,-0.00111271076516983
2.0009,0.00611311790482727
2.0136,0.00239879451572023
2.016,-0.00105360321375292
2.0177,-0.00162107303787362
2.0199,-0.00345053452671573
2.026,-0.00311687820732542
2.0281,0.00625909356780063
2.0327,-0.00217784208497251
2.0344,0.00616176224513687
2.037,-0.00277539665035897
2.0437,0.00205067771045453
2.0468,0.00393674290264734
2.0469,0.00297737830867151
2.0553,0.0046455409499524
2.0556,0.00629237565346585
2.0617,0.00455906906611769
2.0689,0.0063634698175612
2.0692,-0.00307633316432909
2.0738,-0.00200397016864429
2.0874,0.0064708613439648
2.0879,0.00593875459213011
2.0897,-0.00351981601818929
2.0978,-0.000776505995531362
2.104,0.00609905991773863
2.1079,0.0046330352001327
2.1189,-0.0028809730850381
2.1209,0.00127182574895501
2.1213,0.000582784380862567
2.1219,-0.00103097681290754
2.129,-0.00358037319294358
2.1303,0.000536379299644008
2.1439,-0.00360259452825673
2.1463,-0.00369808260775084
2.1507,0.00597161491852072
2.1513,0.00667988227288419
2.1814,-0.00288265252911613
2.1865,0.00143949534433752
2.1997,-0.00350277021915124
2.2027,0.00136533458688426
2.2042,0.000104812287557543
2.2189,0.000865256331946895
2.2198,0.00593839505947447
2.2331,-0.00245329992761345
2.2372,0.00578655704626785
2.2373,-0.00214974369251753
2.2385,0.00655623171010777
2.245,-0.000201866342527612
2.2451,-0.00142190323561664
2.2461,-0.00379720741987244
2.2474,-0.00378824536447508
2.2545,-0.00172412557543078
2.2617,-0.00175011563327798
2.2654,0.00506232494134107
2.2683,-0.00153877592872265
2.2699,-0.00205544658593526
2.2788,0.00647236467438184
2.2803,0.006689079827642
2.2814,0.00730055216404413
2.2935,0.00715586184940831
2.2954,0.00670836486812965
2.2975,0.00022080570558769
2.2983,-0.00191128755805581
2.3087,-0.00390734050123465
2.324,0.00631544431360176
2.3261,0.00492629848604365
2.3271,0.00348318230696165
2.3284,-0.00396945989037878
2.3287,0.00553286249051466
2.3289,0.00552841012779215
2.3298,0.00178039612251046
2.3331,-0.003789924936342
2.3493,-0.00206080660260888
2.3518,0.00443564795176066
2.3527,0.00302435953646674
2.3536,-0.000789931945409883
2.3607,0.00724670553002627
2.363,-0.0010924096478746
2.3685,-0.00292397309236403
2.3744,0.000756224033094721
2.3752,0.0026249135690839
2.3974,0.000603274992998948
2.3991,0.00148173062156554
2.4005,0.00535612616237913
2.405,0.00422501536817999
2.4146,0.00416562670294818
2.4219,-0.00353335263962018
2.4252,-0.00410344033057175
2.432,0.00259807895139597
2.4323,0.00657801050287832
2.4415,-0.00375577960030604
2.4498,0.00175344503567088
2.4561,0.00154066913576223
2.462,-0.00292926869330135
2.4718,0.00790497758211384
2.4733,-0.00339511576856388
2.4867,0.00523558467964991
2.4884,-0.00364563805923535
2.4893,-0.0025495739960304
2.492,0.00627208789664202
2.5007,0.00768754737546917
2.5068,0.00805757420959008
2.5091,-0.00420836354417142
2.5104,-0.000357281184851566
2.5211,0.00707602993882661
2.5238,5.14136389084818e-05
2.5238,-0.00412430087643667
2.5256,-0.00289894412462477
2.5373,0.00718764432308916
2.5374,0.00393143570198795
2.5503,-0.00336885978834367
2.5644,-0.00336670628989921
2.5654,-8.63393591119532e-05
2.5658,-0.00331386753952367
2.5795,-0.00190521529355392
2.5922,-0.00374931026298597
2.5928,0.0069744142677437
2.6,-0.000334384089308859
2.6075,-0.00423681117972619
2.6099,-0.00433076105781849
2.6133,-0.00233303308207189
2.6136,-0.00272951737634974
2.6158,-0.00340016632312379
2.6159,0.00700359879050749
2.6206,0.00537984304543304
2.622,0.00290578269271835
2.6296,0.0084529224122889
2.6301,-0.0010842357180989
2.6408,-0.0039806958067663
2.6466,0.00713099600985334
2.6492,-0.00417840809770498
2.6537,0.00127484564267411
2.6559,0.00605722195989955
2.6573,-0.00288779097516878
2.6606,-0.0044196289404641
2.6644,-0.00430382528064088
2.6718,-0.00426144606780676
2.6731,-0.00434016688479044
2.6855,0.00805550413345113
2.6897,-0.00229642764615212
2.6903,-0.00463382219071784
2.6951,0.0035790882574176
2.7029,-0.00419437714276016
2.7059,-0.00408616348042745
2.7073,0.000165781481785032
2.7097,-0.00431854564201251
2.7098,-0.00278867178707687
2.7135,0.00696307296376553
2.7153,-0.00058717716604928
2.7155,-0.00258047691006391
2.7222,-0.000237797060449463
2.7238,-0.000898436262658286
2.7243,0.000817845533077843
2.7278,0.00860250059580459
2.7282,-0.00455530246480951
2.7422,0.00475107394114449
2.7429,0.00437359578370922
2.7555,0.00222414667737691
2.7584,-0.00295228895682165
2.7613,-0.00466788747235558
2.7618,0.000265410287217716
2.765,0.00598885708878028
2.7674,0.00468689202226491
2.7702,-0.00423819920829294
2.7826,-0.00465902492101034
2.7928,0.00814053314905649
2.805,1.48347923363268e-05
2.8132,0.00639133777334111
2.8199,-0.00184233576226056
2.8234,0.00906750022414027
2.8252,-0.00127950652119146
2.8254,0.00876957118720645
2.8297,0.000473915788685275
2.8366,0.00263935599992449
2.8518,0.00813052182842133
2.8524,-0.000955694365292192
2.8552,0.00793731604629411
2.8557,-0.00481458273478985
2.8578,0.00753269433390713
2.8593,-0.00159621920999209
2.862,0.00904324913267374
2.8659,0.00395911575685126
2.8673,0.00880823468127545
2.8788,-0.00452063245015166
2.886,0.00812776234825918
2.8895,-0.00454001920834779
2.894,-0.000580561810041402
2.8976,-0.00161473785702837
2.8994,-0.00281995252353529
2.901,0.00106583988192455
2.9041,0.00128411383673122
2.9161,0.0067384807173605
2.9208,0.00939972356855057
2.9246,-0.00387331954134629
2.9282,-0.000139395622088756
2.9298,-0.00274572209616908
2.9321,0.000700876369317704
2.9325,-0.00222534348903958
2.9338,-0.00357020160845245
2.9386,-0.00291268269941236
2.9427,0.00265021817567712
2.9496,-0.00419742188696404
2.952,0.000222506286995383
2.9554,-0.00124902413016104
2.9615,-0.00128199153484898
2.9643,0.00926835674436521
2.9698,0.00959029801584244
2.9751,0.00893445984024677
2.9776,0.00631934467375395
2.9789,0.00783038825199212
2.981,0.00535593258575995
2.9891,0.00298382027112964
2.9912,-0.00022434016345052
2.9916,0.00856723124704395
2.9918,0.00554510231505612
2.9978,-0.00483625173239144
3.0013,0.00132362330780644
3.0039,0.00406947073889663
3.0095,0.00533152680796034
3.017,0.009751691462347
3.0273,0.0089916302779649
3.0288,0.00841555652320558
3.0408,-0.000325284002445247
3.0424,0.00221022343450406
3.0492,0.00364535023592083
3.0518,0.00833464946841334
3.0612,0.00930820482483341
3.0705,0.00106882273016051
3.0848,0.00973669196149496
3.0849,0.00349953948634862
3.0868,-0.00525915411595079
3.0887,-0.00507442809821912
3.0893,-0.00459757682780859
3.0905,-0.00336010356102845
3.0989,0.00252678694436481
3.1055,0.00940117284403463
3.1056,0.00575287920069734
3.109,0.00107584517173365
3.1175,0.0081915687027756
3.1191,0.00541261966891859
3.1197,-0.000928708994380578
3.1252,0.00973720267930878
3.1267,0.00689179847563803
3.1296,0.00979017774781399
3.1313,0.00132261521722121
3.139,-0.00505582505086233
3.1407,-0.00524683911757018
3.1429,0.00687500363378213
3.1466,0.00401306312802197
3.1473,-0.00147089360911989
3.148,0.00665541657302215
3.1484,-0.00538132801047597
3.1509,0.0100477679293309
3.1573,-0.00510604405684578
3.1582,-0.00164102551292622
3.1599,-0.000996361554577163
3.1663,0.00605471647812417
3.1685,0.00597805755378289
3.1717,0.00967884557220478
3.1766,0.00855091580672251
3.1792,0.00991946556209511
3.1813,-0.000666964983582652
3.1865,-0.00284237631152395
3.1894,-0.00474736526069908
3.1965,0.00875800496449797
3.1981,0.00585529584902833
3.2059,0.00934179594304352
3.2081,0.00816942614945537
3.2159,0.0102926022384282
3.2194,0.00732317116997505
3.2215,0.00723456936428013
3.2217,-0.000246499898067576
3.2245,-0.00504451946194084
3.2316,0.00310932193933811
3.2555,0.00813784649950788
3.2558,0.0070316548797158
3.2731,0.0032316772328258
3.2846,-0.00327321273812098
3.2938,0.0059256176748268
3.2946,-0.00562050759684096
3.2965,-0.00425673358186751
3.2968,-0.00288961564725376
3.3057,0.00807527746439751
3.3102,0.00209085951070875
3.311,0.00191415333287992
3.3136,0.00195865771637127
3.3159,0.00707930869982043
3.3203,-0.00548237764393056
3.3218,0.0106104254686477
3.3307,0.00719424353458908
3.3374,0.0022768177216812
3.3392,0.00255241387606597
3.3397,0.0106842689682085
3.3401,-0.00138766906070042
3.3475,0.00523172513914094
3.3504,0.0108218177085098
3.3507,0.00122613247733927
3.3526,-0.00365049639241288
3.3562,0.00754957654846278
3.3646,0.00517135796505475
3.3682,0.00325097191007817
3.3738,0.00967732279327782
3.3779,0.000601987287411454
3.3869,-0.00556128147858459
3.3885,-0.00573019458524948
3.3887,0.00768641467103004
3.3962,0.0108976275119081
3.4004,0.00674961500479165
3.4005,0.000435049444928115
3.4019,-0.000622796858825048
3.4066,0.0100069964235621
3.4121,-0.00472441984601168
3.4159,0.00626738261332971
3.4237,-0.00388917667863176
3.4314,0.00316019711740712
3.432,-0.00117588652690959
3.4352,0.0104787510740594
3.4382,0.0100319798794541
3.443,-0.00282085402209153
3.4521,0.00598485171048768
3.4854,0.0111683767718764
3.4897,-0.00361556816683928
3.4948,0.00542364530779071
3.4962,0.00432498023060424
3.5033,-0.00372799750108843
3.5055,0.00134866167041992
3.5106,0.00618561791875161
3.5136,0.00368569358939519
3.5142,0.00124279793245652
3.5157,0.00192683392616555
3.5157,0.0111355765684324
3.5194,0.00609564602901225
3.5229,-0.00526862671720885
3.5245,0.0103192238398213
3.5312,0.00399230734063183
3.5335,0.00963469469152045
3.5349,-0.00205116007435313
3.5364,0.00583592959993995
3.5397,0.00849505641915993
3.5421,0.0109948312447607
3.5424,0.00507091554679295
3.5444,0.0112872930922401
3.5468,0.0110799532125898
3.5542,0.00731904526725291
3.5575,0.0114326495786874
3.5672,0.00622667863957904
3.5686,0.00881303069161232
3.5793,0.00450502002836961
3.5828,0.000896625194885647
3.5829,0.00705807518545765
3.5869,0.010598985470931
3.5883,-0.00574941582591126
3.5896,0.0100926704694082
3.5957,-0.00495237369416834
3.6022,-0.0024491796195556
3.6088,0.0115768929637161
3.6133,-0.0001352143209985
3.6152,0.00919522647404802
3.6197,0.000971650169918625
3.6212,-0.00403955412646084
3.6226,-0.00525266908972011
3.6292,0.0103714113450479
3.6318,0.00227855082835626
3.6338,0.00161519345077021
3.636,-0.00130609984221763
3.6433,0.00887157077594392
3.6531,0.0108964573922767
3.6538,0.000837524712541615
3.6538,-0.00476252095174701
3.6542,-0.00429175529324288
3.6567,0.00842193372717359
3.6608,0.00155940618838724
3.6675,0.00778560800431549
3.6676,0.0101963317618248
3.6735,0.00152656075613367
3.6822,-0.00604579336311284
3.691,-0.000842994925596141
3.7019,0.0118959937491172
3.705,0.0119753847676911
3.7075,-0.00579102271704457
3.717,0.0119232219306187
3.7171,0.0110693224566023
3.718,2.87859397651857e-05
3.7207,0.00296350314738492
3.7238,0.0085986408538048
3.7383,0.00988366048383771
3.7394,0.00329585536384736
3.7433,0.0010497346383036
3.7462,-4.56250392870672e-05
3.7464,0.0116810373368614
3.7465,-0.00596172247457138
3.7481,0.00810336866597794
3.7492,-0.00634875603081975
3.7547,0.0100183255612571
3.7831,-0.00600971259942273
3.7832,-0.00505332738015385
3.7842,0.00118035059866184
3.7852,0.0108301528930062
3.795,-0.00651066102296838
3.8014,0.0104075724618133
3.805,0.00640713035452745
3.8078,-0.00572019369386911
3.8146,0.00503798619577323
3.8186,0.0123443429772427
3.8243,0.0113822398292154
3.8244,-0.00114518624448046
3.8245,0.000277952932520087
3.8245,-0.00605707480869677
3.8263,-0.00648558396545029
3.8295,0.000584476093349551
3.8352,0.0111151435646173
3.8368,0.00631918631286732
3.8369,0.00877078850740665
3.8397,-0.00129303452919904
3.8438,-0.0036503047253702
3.8449,0.000561489647011193
3.8488,-0.00610139553925126
3.8491,-0.000629748360696958
3.854,-0.00255948661928329
3.8541,0.0124588708855988
3.8543,-0.000407538545754704
3.8559,0.00914536166768887
3.8574,-0.00510789170834558
3.8583,-0.00271752369377332
3.8587,0.0111268512914342
3.8599,0.0113947782728787
3.8616,0.0124154453080152
3.863,-0.00652555307471436
3.874,-0.00649778244008381
3.8792,0.0122632738146868
3.8824,0.000729367239835188
3.888,-0.00640140306805526
3.8884,0.00686447551682656
3.8885,-0.00616209259302991
3.8933,-0.00639994107193198
3.9002,0.0052379329307688
3.9046,-0.00632431320035254
3.9188,0.011818171996036
3.9209,-0.00219881831482782
3.923,-0.00646149088351056
3.9288,0.0113777533994668
3.9307,0.00500715900584314
3.9388,0.0100190599271688
3.9392,-0.00517614293115765
3.9408,0.012066395012039
3.9499,0.011690974382256
3.9521,0.0114901634478604
3.9527,0.0124638383334119
3.954,0.00989856845360526
3.9562,0.00351703552563398
3.9578,0.00377902134215846
3.9579,-0.00140423248788357
3.9587,-0.00406848968154039
3.959,0.0127408941003604
3.9656,-0.00123983106159864
3.9677,-0.00468865056788426
3.969,-0.00530070240708946
3.9693,0.0122692560053523
3.9747,0.00192245077138953
3.9748,-0.00674979984765978
3.9794,0.0114926493910921
3.9861,-0.0022878201392853
3.9889,0.00468644944076146
3.991,-0.00404774125373386
3.9914,0.0128256448954285
3.992,0.0127317169087373
3.993,0.0103379130671826
3.9965,0.00562289681390604
3.9975,-0.0049110323705519
3.9983,-0.00548837899701526
4.0003,0.00366483568647125
4.0031,0.0103141388019745
4.0052,0.00417760642963039
4.0144,-0.00446798602480403
4.0191,0.0129189137952226
4.0205,0.00404593588386515
4.022,0.0110414398458589
4.0255,0.00609333426792169
4.0317,0.012964507084285
4.0371,0.00713963899890668
4.0445,0.0081823336236404
4.0458,0.0129214884123501
4.0542,0.00851096373882321
4.0555,-0.00134776389565872
4.0568,-0.00693375939784868
4.0611,0.00540272581291656
4.0618,0.0126591265690497
4.0624,-0.00215075913694474
4.0708,-0.00684536710163908
4.0793,-0.00402051048545271
4.0798,-0.00519600285817745
4.0813,0.0127803769662975
4.0821,0.00303070048135368
4.0822,-0.00692544398053663
4.0884,0.00744085015068485
4.0934,-0.00575922297614717
4.0941,-0.00202106651136624
4.0944,-0.00529686543151442
4.0988,0.000371033313248503
4.0993,0.00764909976211925
4.1006,-0.00429869742789801
4.1013,-0.00583390208102408
4.1035,0.00707277717428134
4.1078,0.00472960505496367
4.116,-0.00169338092450033
4.1192,-0.00489598141402592
4.1209,-0.0059336427376353
4.1249,0.00731235562232602
4.1277,0.00996730243167931
4.1298,-0.00545900841148228
4.1327,-0.00235908916198735
4.1342,-0.00661013852731429
4.1369,0.00646828180528924
4.1393,0.00826132424843884
4.1398,0.0133224008230695
4.1422,0.000145770621495345
4.1433,0.0125406946814506
4.1445,-0.00618103754646349
4.1459,-0.00707513464782306
4.1509,0.0115242844138415
4.1603,0.00935353679548268
4.1625,0.00840183570154895
4.1667,0.0110118861145807
4.1671,0.0120069747188838
4.1696,0.0117186566332323
4.1769,0.00130215869891614
4.1807,-0.00714497185076635
4.1837,0.0113827643346847
4.1848,-0.00718754495377993
4.1901,0.00858948170038776
4.1912,0.0126227714709568
4.1935,0.0135286585635921
4.1978,0.000494994228182222
4.1994,0.00407245955158242
4.2004,0.00462927985836803
4.2026,0.00966861443833178
4.2027,-0.00440437814860761
4.2083,-0.00667111889464689
4.2134,0.0102775437566613
4.2144,0.00465968222723934
4.2207,-0.0014228984537672
4.2243,0.00335618766876156
4.2254,-0.00697276625301946
4.2264,0.0116430563242922
4.2273,0.00296912762106594
4.228,0.00503988326510019
4.2319,-0.000872732911950003
4.2362,-0.00725223052052559
4.2416,-0.00645974131641314
4.2454,0.0117764537169585
4.2497,0.0132563453798298
4.2504,-0.00449446900911088
4.2565,0.013732867781183
4.2576,0.00922798330197061
4.2599,-0.000614372271257047
4.2612,0.00563213581177013
4.2718,0.0137311112617509
4.2739,0.0054070572880125
4.2743,0.00790277781509729
4.2756,0.0131395217765053
4.2782,0.00221927649139619
4.2828,0.0036324971443058
4.286,0.0125625851746145
4.2888,-0.0041297694386353
4.293,-0.00355013394296133
4.3018,-0.00583997666359082
4.3023,-0.00545025806171928
4.3029,0.00280400080375731
4.306,0.0121499475765745
4.3099,-0.00636759806173171
4.3106,6.6637378646206e-05
4.3117,0.0138459382205198
4.3125,0.00475700535262469
4.317,-0.00740106364694348
4.3172,0.0139230385476417
4.3174,0.000793007334855211
4.3199,0.0116906379228672
4.3201,-0.00469094364311484
4.324,0.00572189748581131
4.3283,0.0108997226031118
4.329,0.0138818828936573
4.3312,0.0112389469237133
4.3338,0.0113652837782228
4.3338,-0.00182317886582695
4.334,0.0104041317086496
4.3354,0.0123357701180247
4.3359,-0.00653665742234377
4.3405,-0.0032457877350538
4.3468,0.00851223534318457
4.3471,-0.00300231541190765
4.348,0.013674473894695
4.3485,0.00773002904753284
4.3552,0.000683130982852553
4.3577,0.000883465316737997
4.3597,-0.00340226830292156
4.3604,-0.00047577649836672
4.3609,-0.00749242558072627
4.3625,0.00919790816219113
4.3642,-0.00729652540885439
4.3654,-0.00742677581772533
4.3661,0.00977198162234405
4.3725,0.0105776686305452
4.3734,-0.00494328761019514
4.3752,0.00969271929323323
4.3774,-0.00227913739961672
4.3799,0.0130971162942135
4.3806,0.00483592108034081
4.3838,-0.00184173687575129
4.3863,0.0141050387507047
4.3904,-0.00622717129308992
4.3986,-0.00754130942640785
4.3995,-0.00116914181228189
4.4024,0.0139519984443721
4.4029,0.0140358561137193
4.4231,0.0141024337591791
4.4279,0.0107256027302949
4.4294,0.00518115896752391
4.4381,0.0107212622016553
4.4394,0.00107211277441355
4.44,0.00101876316818128
4.4415,-0.00745256984022014
4.4484,0.00674096924495249
4.4489,-0.00682126066430477
4.449,0.00884331388912596
4.4499,0.0141023681011925
4.4556,0.0103809464739273
4.4558,0.0135222402488751
4.4605,0.0113642213900356
4.463,-0.00729674874997155
4.4685,0.0129090661185405
4.4699,0.0126246275541684
4.4707,-0.0054811033909532
4.4738,-0.00585362318897875
4.4778,-0.00150522770637895
4.481,-0.00534096182087396
4.4814,-0.00470690144185681
4.4815,0.0139382728630384
4.4839,-0.00245000109722593
4.4867,-0.00743420992246602
4.4885,-0.00735404448214538
4.4887,0.0112326072384743
4.4956,-0.00744360088377238
4.4992,0.00917334076401843
4.4997,0.00183858740403942
4.501,0.00583445118048775
4.5059,0.00850771111726978
4.5076,-0.00717306001615192
4.508,0.00307421320124401
4.5105,0.013425865330829
4.5131,0.0140244245175287
4.5132,-0.00600431850768768
4.5189,-0.00645646502913344
4.5214,0.00209756111893711
4.5269,0.00850700117005765
4.5273,-0.00577395998534413
4.532,0.0141053239842526
4.5321,0.00874631289036998
4.5332,0.0137027275768489
4.5361,-0.00373306461949685
4.5367,0.0010256592831368
4.541,-0.00565868789136204
4.5418,0.00460569502154407
4.546,-0.00658334264369564
4.5487,-0.00491504628355166
4.5506,0.0139544707973451
4.552,0.0144822187531748
4.5527,-0.00152180619465625
4.5588,-0.00730554389680727
4.5642,-0.00776396629835219
4.5675,0.0147020664054001
4.5737,0.00583250837773619
4.574,0.0144285968578872
4.5784,-0.00377943014047322
4.5785,-0.00570188929290971
4.5811,-0.00715399425052787
4.5824,0.00649170756440309
4.5839,0.0147586673559807
4.5839,0.0100066779310417
4.5848,-0.00532440031203496
4.5902,0.00263215874567635
4.5917,0.0115744367919275
4.5946,-0.00247210716906565
4.5946,0.0147933214769882
4.5971,-0.00733926058996648
4.5996,0.00664508810580333
4.6009,-0.00102354417130002
4.6009,0.0148515384176902
4.6018,-0.00427187392245099
4.6047,0.00963438304272923
4.6054,-0.00683633061472388
4.6057,0.0142911185254437
4.6069,0.00588089786592594
4.6074,-0.00560167792462707
4.6092,-0.00264855474690506
4.6102,0.00588844791671139
4.6118,0.0127399896286917
4.6173,-0.00204646645651163
4.6219,0.0143397300004402
4.6272,0.00904381058253456
4.6286,0.0137623761253707
4.6373,0.00298521556794284
4.6392,0.000755864171885889
4.6402,0.0132635931507536
4.6403,-0.00794912877448439
4.6447,0.011595715244451
4.6455,0.00558998681940093
4.6479,0.0142250560373007
4.6482,0.0112438609314198
4.6491,0.0074697856698327
4.6492,-0.00730174097278447
4.6534,0.0132867413715339
4.6539,0.00351750079143454
4.6598,0.00841172412247904
4.66,0.000322411543739243
4.6601,-0.000148715430359658
4.6656,-0.00557104853729662
4.6664,-0.00737661305098491
4.6673,-0.00614798566849117
4.6689,0.00501359799506851
4.6711,0.00719697762980154
4.6786,0.0137196976247713
4.6821,0.00573428786271535
4.6826,0.00199180905223351
4.6853,-0.00751546279419557
4.6889,-0.00525181969544608
4.6899,0.012794494381537
4.693,0.00312808680283094
4.6943,0.00791979407235566
4.697,0.0143155690273362
4.697,-0.00804056766646699
4.7017,0.00115396416228908
4.7061,-0.00389939824642838
4.7088,0.00780586070382938
4.7089,-0.00757267223113978
4.7097,0.0151505503334537
4.7106,-0.00594258475897558
4.7139,0.0110862324097214
4.7144,0.0132901132450902
4.7146,0.00751081052009628
4.7166,0.0036111119268698
4.7207,0.00910964864522867
4.7212,0.0132089855488573
4.7244,0.0147881575052384
4.7268,0.0144821387534142
4.7283,-0.00766089534726699
4.7284,0.00393638931160822
4.731,-0.00500081535036934
4.7361,0.00494896450482951
4.7378,0.00988542828667249
4.745,-0.00808379583019647
4.7499,-0.0035715683709201
4.755,0.00287212104134937
4.7621,0.00577579857061217
4.7632,-0.0038263418425224
4.7667,0.00343106074087007
4.7746,0.0073057836151369
4.777,-0.00660072396921496
4.7775,0.00989378328433332
4.7799,-0.00600528145387891
4.7855,0.00977127556501856
4.7889,-0.00332105552248052
4.7915,0.00210101892002879
4.7995,0.000304494888106355
4.7999,0.0151903364843191
4.8147,-0.00637490259538076
4.8172,0.000112125505236982
4.8173,-0.00827699649416402
4.8202,-0.0025798889727513
4.8226,0.0129227723512404
4.8233,0.000733546520795159
4.8251,-0.00587008664712396
4.8267,0.0150920676060906
4.8298,0.0133956461295544
4.8356,0.0155170517273779
4.8402,0.0108263819565435
4.8409,0.00632542758296761
4.8459,-0.00551464407595414
4.8476,0.00411665171214892
4.848,0.0139029289420254
4.8503,0.00501166065463732
4.8505,0.00578501834714551
4.8525,-0.00785658575264225
4.8558,-0.00657744637940638
4.8622,0.00509634072380294
4.8642,-0.00702869887948321
4.8693,-0.00803528440446755
4.8709,-0.00211999344986946
4.874,0.00781372857477614
4.8742,-0.00482856928415298
4.8785,-0.00349471616593444
4.8845,0.00715264631807511
4.8855,0.00115316602657778
4.8877,0.0100071841793481
4.8888,0.00928449694543687
4.889,0.0153407988663892
4.8906,0.00688211849810028
4.8926,-0.0066435154351705
4.896,-0.00654316497256513
4.8973,0.0141155285457009
4.9077,-0.00843147532848754
4.9077,0.00476351157462052
4.9093,0.0132674930113827
4.9093,0.0100430961009632
4.9095,-0.007658547970534
4.9142,0.00025735028236884
4.9155,-0.00837769314065273
4.9158,-0.00699911173448253
4.9165,0.0157984081801033
4.9182,0.0148474326926751
4.9198,-0.00818578861948716
4.9214,0.00453579771956214
4.9242,-0.000928105413261271
4.9265,0.0155421381262508
4.9321,-0.0025075745475176
4.9363,-0.00104826965861005
4.9368,0.0159218391363236
4.9386,-0.00013603469696033
4.9397,0.00692857404372393
4.9411,-0.00842556459224753
4.9416,-0.00810705879160079
4.9419,-0.000277083176531967
4.9454,-0.000591399931325398
4.9463,0.00979784235826386
4.9556,0.0157802256746127
4.9588,0.0144262800357229
4.9603,0.0159974686411992
4.9609,0.00924440787345837
4.9679,-0.00474266924982913
4.9683,0.0138341634753196
4.9723,0.0145797505213716
4.9749,0.0132414405799102
4.9757,0.0159684706367997
4.9767,-0.00372427847737988
4.9779,-0.00567257024872792
4.9783,0.00593785556844928
4.9798,0.00503190806568909
4.9805,0.00805667573745961
4.982,0.00155634518170178
4.9896,-0.00801535645896312
4.9907,0.015293086922056
4.9926,-0.00858040230280288
4.9956,0.00374482182355074
4.9957,0.00505715289319664
4.9966,0.0144046729329395
4.997,-0.00537654617415928
4.9971,0.0144424913305983
5.5521,0.0134124972943619
5.9189,0.00962822080760528
6.2309,0.0192308579006752
6.6847,0.0160849455237519
7.5988,0.0184227870323603
7.7558,0.0101909522330539
8.1791,-0.00847086863535829
8.3765,0.00396313289560446
9.1668,0.00963793785804512
9.586,0.00518029634579342
9.6707,-0.00421291144426306
10.1582,0.0313314608808177
10.1597,-0.0119874603333532
10.2291,0.0119377845352329
10.3318,0.0240477769992733
10.346,0.0300228922520844
10.3846,0.0333536348764234
10.823,0.0346270412868588
11.7277,0.0300547119833361
11.91,-0.00535219744329929
12.0314,0.0378409774156037
12.3417,-0.00544821332831091
12.9214,0.0377879360637099
13.2743,-0.0232799752706043
13.2933,-0.00303226739145401
13.3076,0.0392811809973352
13.3818,-0.0132366353420696
13.3882,0.0186734334322249
13.788,-0.0170138476742032
14.103,0.0272993725336992
14.1933,0.0106792777058242
14.3819,0.0203696528028896
14.4322,0.0280787376597651
14.604,0.0436470038537689
14.7264,0.0445230945907369
14.7499,0.0448875071147423
14.9319,0.0335797216828517
15.2196,0.028870720511982
15.2218,0.0471150044092923
15.3498,0.0188965788594597
15.4207,-0.00760705721637045
15.4216,0.042119610147525
15.7524,0.0234722784979571
15.7651,-0.0178962285992021
15.8215,0.0399250130460551
16.077,-0.024986472576721
16.0847,-0.0134533470052141
16.161,-0.000653983510574108
16.3534,-0.0183432306929454
16.3659,0.0445525162937663
16.3883,0.0528537129930022
16.5328,0.0478477133384843
16.5978,-0.00399161890837973
16.6219,-0.0257307038957073
16.7066,-0.0220904132852731
16.7206,0.0450554288306009
16.9532,-0.0100778396766081
17.2295,0.0329092183467417
17.324,-0.0304284552975709
17.5497,-0.0158259991197127
17.5867,0.0504023462139926
17.8754,-0.000930678454906797
17.9842,0.0477638706093586
18.2192,0.000535366854922614
18.5914,-0.00738693710470528
18.7641,0.0454090173819921
18.9426,0.0132868696329389
19.0872,-0.0345119116909451
19.1321,0.0120213010243333
19.1384,0.0359084673296763
19.1529,0.0175616865023507
19.3091,0.038658353743326
19.3729,-0.0252211937632829
19.5433,0.0573370333859877
19.6422,0.0449046452746416
19.817,0.0293915980000961
19.9273,0.0588941866174544
20.2475,0.0597194442341049
20.3747,0.0514519456547546
20.3955,-8.98869734058394e-05
20.4195,-0.0347677060864022
20.6159,0.0151135069654842
20.8724,-0.00976757287807573
21.192,-0.0213837608178054
21.2353,-0.0262996831749156
21.2896,0.0249582832169999
21.4743,-0.0135831696794426
21.4814,0.010549461109008
21.6839,-0.0208975199263435
21.909,0.0690032099692885
22.0275,-0.0100780291753146
22.071,-0.0286863869438427
22.114,0.0074786799252351
22.1661,-0.0280524798636002
22.2751,0.0665108327797554
22.7625,0.0215878930492117
22.9534,-0.0159125013511172
23.0365,-0.00285890815016998
23.0852,-0.0160570147500572
23.2109,-0.0236428727589058
23.3159,-0.0427100825966242
23.5428,-0.0196159205056468
23.5762,-0.0282186497145034
23.5975,0.072640091614474
23.5983,0.00617178709057598
23.6195,0.0762490988441407
23.6682,-0.0436246089389911
23.9588,0.0159295260651788
24.1532,-0.0421082976668892
24.3608,0.0738164030579078
24.4022,-0.0425230259400138
24.4351,0.0661011108528697
24.5711,-0.0196516645665561
24.6217,0.0567934586166778
24.6917,0.0518868754144997
24.73,0.0599532706267389
24.8923,-0.0423901398216735
25.0841,-0.00549296164787449
25.1643,-0.0473001224661296
25.2328,0.054965019067545
25.2542,0.0286078720080276
25.2798,-0.00458598365113971
25.3337,-0.047181839184443
25.4453,-0.0461977167511449
25.4491,0.0780970797957785
25.5937,0.0675433581690434
25.6209,0.0794064956545171
25.6623,0.0347398728951767
25.8852,0.0386868861331067
25.9586,0.0365007228157133
26.0765,0.0768193403485675
26.1125,0.0191957278287767
26.119,-0.0379722059970042
26.1648,0.0584339003142276
26.2229,0.0620352603306458
26.2963,0.000558232155853489
26.2973,-0.048439826451677
26.4232,-0.0362215861292192
26.4753,-0.0129652813925212
26.6066,-0.0373883439902905
26.6518,0.0583117401383326
26.6582,0.0858890920369753
26.7031,-0.041120892161107
26.711,0.00332810885874579
26.8292,0.0420782976504341
26.833,0.0450624624459408
26.8435,-0.0482748705680223
27.049,-0.0498390761233871
27.1561,0.0495186224349382
27.4921,0.0214481074413513
27.5948,0.0864529336918203
27.6109,0.0624930949166753
27.717,-0.0430746606519641
27.774,0.0591244938659656
27.8937,-0.045410386821068
27.9024,-0.00600822152227565
27.9578,-0.00415379881526334
28.1403,0.0906764685119796
28.2517,0.0657615177549893
28.4861,0.0835110700619843
28.537,-0.0544998848488909
28.567,0.0755364200237487
28.6625,-0.0318527177285262
28.7617,0.0894810170021891
28.8352,0.0378295770953514
28.854,0.0917867067145259
28.9805,-0.03552520670425
28.9995,0.00696671454484843
29.0931,0.0289773840891066
29.3684,0.0933786565448891
29.4665,0.0852889280205105
29.5364,-0.0145766926253437
29.5569,0.094536332910593
29.6043,0.0252120644247427
29.6281,-0.0122694021908138
29.6448,0.0921743532160448
29.6775,0.036380097401274
29.6789,0.0888915819662657
29.702,0.0683595262919994
29.7082,-0.0306451266819003
29.7294,-0.0514313932503008
29.7773,0.0896045956027791
29.7804,0.0451019019323766
29.8231,0.0947158158878239
29.8461,0.0309295369504881
29.8483,0.00531011513237445
29.8602,0.0387577583910854
29.8607,0.083541639895774
29.9277,-0.0291590111395124
29.948,-0.0117657963761992
30.1021,-0.0558274042393592
30.1969,-0.0443858824552734
30.2263,0.0679249086814444
30.2935,0.0708823627679429
30.3024,0.0785168032505332
30.4943,-0.0334095616819283
30.558,0.0755217562279036
30.7017,0.0917830047998862
30.7045,-0.0588385518425021
30.7889,0.0351387163186843
30.7892,-0.0294193909480462
30.8578,-0.00718988966560019
30.9213,0.0126117455926469
30.9866,0.0999623918204939
31.3423,-0.0474826549258758
31.5173,-0.0603358644111296
31.7015,0.0691881113345545
31.7054,0.0667058779711667
31.7138,0.0388922065201989
31.7238,0.0837745050948087
31.7376,-0.0411920849526624
31.8026,-0.0396097677610143
31.9625,-0.0250733929744271
32.0106,0.0561689113910546
32.0836,0.102555883101456
32.2087,-0.0529329703799064
32.3437,-0.0636197063680868
32.3825,-0.0259607529829324
32.4723,-0.0225104764481685
32.5236,-0.0238589802675548
32.5654,0.0441871036822477
32.5969,0.0677764702569448
32.6566,-0.0153256507923487
32.6612,-0.00811228193333591
32.7237,0.00768779390575958
32.7616,0.103880600412253
32.7647,-0.0473663201711929
32.7714,0.0451376764741553
32.8316,0.0424950907322597
32.914,-0.044409411825022
32.9518,0.00602014093414738
33.0132,0.0434348611947826
33.246,0.0787471019929598
33.283,0.0964774086985045
33.2952,-0.0295420774979078
33.4506,-0.0453565378669865
33.472,-0.0054216602654904
33.52,0.0370064241892152
33.6645,0.103927924866504
33.8054,-0.0674872938899398
33.8446,0.0655764257945677
33.8691,-0.054255226821212
33.9687,0.00361435893516671
34.1423,-0.0615639701148183
34.3282,0.10254195470872
34.3553,-0.00655464756236057
34.4363,0.109084717749283
34.444,0.0961029891797125
34.6919,0.010830011179273
34.7742,-0.059967447495346
34.7777,0.111837490588265
34.9265,0.070959938638147
35.0735,0.106402153719266
35.0973,-0.0702938210082991
35.1608,-0.0501844415192636
35.4616,-0.0690620233057402
35.5109,-0.0425786039523217
35.5395,0.0701924446598028
35.6,0.0599242254714198
35.6097,-0.0457633970130402
35.6491,0.0463906222928046
35.8375,-0.0254061103823986
35.8984,0.00590380414358549
36.0238,0.0837260539556084
36.0453,0.0436209946393475
36.2879,-0.0285480306422699
36.3344,0.084391748915408
36.3551,-0.0226455150727958
36.3566,0.00665721006261322
36.6737,0.0512085320914224
36.7221,0.113940350623167
36.7661,-0.00167655798473021
36.9391,-0.0284663054883509
36.9694,0.0320297705365178
37.0001,-0.0265764124670582
37.0003,-0.0245819375781338
37.0023,0.119338791031332
37.05,0.0849933229548441
37.0511,-0.0766230993285291
37.2261,0.0196849647832309
37.2451,-0.0159262563326408
37.3149,-0.0196417177318366
37.4883,-0.0736082115351024
37.5212,0.0137031077328373
37.5696,0.0264411454801987
37.5711,0.118007004710655
37.6468,-0.0531163229082239
37.7177,0.0484320723033349
37.7208,0.0655489388950414
37.9394,-0.0765519047349343
38.0209,-0.0506313384760446
38.0589,-0.0285258915917979
38.1219,0.0783822576548872
38.132,0.0218727856628149
38.1451,0.0640860439681958
38.2289,0.102508358580423
38.254,0.120325512861797
38.2628,0.0441421718525845
38.3136,-0.0215263970829298
38.3209,0.117684310130215
38.3271,-0.0338557681336837
38.3819,-0.00357749888508607
38.4375,0.0519903945753981
38.5566,0.0496020312036833
38.6066,-0.0792003419599325
38.7011,0.114806735882922
38.733,0.124981500315045
38.7602,0.0516769174172822
38.7673,0.0886710893255014
38.8624,0.0298953420004864
38.9306,0.0391091732467501
38.9593,-0.0184912386249394
39.1443,-0.0768198898615609
39.1697,-0.0298022292588982
39.1832,0.0766736613442092
39.195,-0.0630793305106749
39.2831,-0.0431054238466118
39.586,0.122957685254065
39.6926,0.0856480376151367
39.6954,0.124418905756471
39.7045,0.0147559350613591
39.8314,-0.0782978325196737
39.932,-0.0660937117390858
39.9419,-0.0779455696228553
39.9583,-0.0123684752969027
40.328,0.051690301143914
40.3684,0.0729175238186457
40.4867,-0.079327381221276
40.5693,0.117269022695886
40.5863,0.120370928274518
40.5997,-0.0754923129406464
40.7148,-0.0615962234813736
41.11,0.132393611264916
41.1446,0.131573120820022
41.2118,-0.0647349573825338
41.3887,-0.0785929728058576
41.4199,0.0649809547543185
41.4222,0.133265648942277
41.484,-0.0660139137260884
41.4894,0.12912513350831
41.5122,-0.089150334694196
41.5283,0.133199731198687
41.5417,-0.0749858201493581
41.5606,0.126759403033347
41.6295,0.0817820059871437
41.6343,0.134268577295053
41.6791,0.134251214598756
41.7708,0.0630855870491942
41.8785,0.0293567214739454
41.958,0.110452344239221
41.9965,-0.0667460827769091
42.0289,-0.0708976440006097
42.1179,-0.0837979671021643
42.1419,0.124558914731651
42.2036,-0.0665063767162906
42.2138,0.119225646402136
42.22,0.0109212047627665
42.3319,0.0948925189847643
42.3362,-0.0915642184502232
42.421,-0.00645840865351488
42.4641,0.0380616250308137
42.538,-0.0103137975257681
42.5537,-0.0598259300187038
42.6059,-0.00788824041784864
42.8386,0.137882634435606
42.8967,0.114195588717877
42.9074,-0.0927623882791622
42.9124,0.12951466364666
42.952,0.125198182845978
42.9849,0.136500638356196
43.1023,-0.0201110512461824
43.1039,-0.0341904497302963
43.1469,-0.0674097665992619
43.2571,0.00724293700411494
43.295,-0.0667236244130294
43.3659,0.138227246064297
43.4089,0.082329574632432
43.699,-0.069902539480708
43.8208,0.141322208397334
43.8262,0.137985539693041
43.8944,-0.0263794296020947
43.9,-0.0941644428654271
43.9179,0.141694719664407
43.9483,0.138963385177348
43.9738,-0.0869676195481119
44.111,0.120438390908028
44.1453,-0.0869725327380166
44.2173,0.0626161200964077
44.3467,-0.0865186192456449
44.4148,-0.0216156105507466
44.4242,0.132327889569275
44.5316,-0.0955226468205197
44.5649,0.121480288690989
44.572,0.140831092922333
44.5751,0.115356242529167
44.6024,0.139334879873033
44.7273,-0.0904419466555453
44.7394,0.100737051553878
44.7454,0.136064335795751
44.8014,0.0199128644738948
44.8108,0.144516063884581
44.8267,0.0556272753911031
44.9291,0.109962290663397
44.9296,0.00141134861112135
44.9299,0.134347217637306
44.9324,0.0194911433241884
44.9457,0.142908744284107
44.9772,-0.0264254451578552
45.0522,0.0425198046020299
45.114,0.145466921058841
45.161,-0.0638631747944771
45.1901,-0.0418131088247264
45.3594,-0.0625048784380269
45.3873,0.136406400049545
45.44,-0.0944537309731217
45.5181,0.0636448062721016
45.5522,-0.0735613934386805
45.6164,0.1449878415171
45.7132,0.0727961940535238
45.9097,0.065240711504984
45.9335,0.0972232339814028
45.9819,-0.0706201445896326
46.0474,-0.0968516985025332
46.1276,-0.0454803059695621
46.2527,-0.0791899078178773
46.2749,-0.0434798124047404
46.3411,-0.0288882066160312
46.4254,0.145590000544431
46.5685,-0.019090437598166
46.6333,0.0217933764415363
46.6788,0.047063142257862
46.7058,-0.100961535340346
46.8834,0.134798074834585
47.0278,0.0873338455925676
47.0368,0.150839567250173
47.0907,0.132222387585664
47.1947,-0.0994269973931381
47.231,0.0245356862051196
47.4018,0.0574998100897872
47.5332,0.123158020884127
47.5697,0.143375063009863
47.7399,0.148897082429286
47.7551,0.0585189944472333
47.7706,-0.104296626702357
47.7862,-0.105941090391816
47.8011,0.0777650386704991
47.8211,-0.0906879547959889
47.8854,0.0678941215609328
47.9899,0.0883998723905819
48.0161,0.0668977510117159
48.048,0.108830569845253
48.0561,0.15501712780582
48.0721,0.150832370332736
48.1016,-0.027767146661013
48.1586,-0.0810257755082731
48.1862,0.133778208125726
48.1937,0.140989958354538
48.2709,0.123161100286893
48.2963,0.140111677051692
48.3449,0.0245180249360075
48.4253,-0.108498843980072
48.5307,-0.0316928766812623
48.5908,-0.0327842882662281
48.607,0.147800695249813
48.6315,-0.0563420428448538
48.756,0.0572835962900058
48.9174,-0.062627093943739
49.0025,0.142140131369459
49.0255,-0.112427966749365
49.1168,-0.0354111824268344
49.2119,0.158785468811928
49.2156,-0.101726763133307
49.2818,0.125084080456567
49.2998,0.0215360771141633
49.3824,-0.0829179731078682
49.4394,0.158730280354163
49.5364,-0.100716707641588
49.6537,0.138519668381676
49.6557,-0.0786473167324644
49.7168,-0.0830346426939244
49.7192,0.160225027929151
49.7961,-0.0574064466368611
49.8756,-0.114940625799051
49.8799,-0.0123810160324425
49.8979,0.132555535702544
50.0834,0.0339209936771923
50.1185,-0.00946374604477285
50.1228,0.123751523073075
50.2226,0.13627206945349
50.2329,0.0716417957389552
50.2388,0.144292747831784
50.2402,0.0501811251707736
50.3698,-0.0834822609331596
50.382,0.158592719911589
50.3937,0.113578553033463
50.4291,-0.117215269572789
50.4334,0.117785603646368
50.4691,0.139452331220575
50.5082,-0.116495904083756
50.5378,-0.0424784693595157
50.5445,0.163093856365627
50.5531,0.152867444220171
50.5956,0.129510962721945
50.628,0.00161087839830287
50.7226,0.135679863716732
50.7389,0.0904443265568275
50.8289,-0.0343285959693063
50.9282,0.164312017050349
50.9345,0.0063485277065638
50.9892,0.00426025991250611
51.0346,0.162851046876867
51.0349,0.164689361311886
51.0383,-0.119247543123869
51.1606,-0.00927373043392521
51.2562,0.151919029557497
51.3349,0.0824795472967281
51.3444,-0.0505938080326729
51.3605,0.0612485313796682
51.3619,0.106971206122708
51.3762,0.162859011806539
51.378,-0.0747015638178965
51.4024,0.0218462365473115
51.4118,0.165726788562687
51.4423,0.0888176984458866
51.46,-0.119271360697184
51.4734,-0.0755246194519117
51.5156,0.058224794333114
51.5186,0.157323702735034
51.5294,0.0589763552762648
51.5427,-0.121015780457654
51.5639,-0.0752207235579903
51.5855,-0.0807138491990855
51.5862,-0.0520447867461229
51.6171,-0.0975182358507993
51.6425,0.0695803400235135
51.6454,-0.0907437801363145
51.6639,0.127945167504905
51.6699,-0.0935680951316087
51.7932,-0.0801796991143249
51.7962,-0.0174206816008962
51.8467,0.0492533986953916
51.9103,-0.0830027401946296
52.0047,0.14496294672535
52.0196,-0.122630114377756
52.0575,-0.0267566478621433
52.1326,0.166025543052349
52.1949,0.120326385446972
52.2093,-0.0155332042312679
52.2204,-0.0560974558452045
52.2342,-0.0277989863446635
52.3182,-0.0788518193451964
52.3414,0.168135309920387
52.3905,-0.058930600691248
52.452,0.152704780220198
52.4619,0.0844549914361039
52.5212,0.148371300920324
52.5377,0.0788397497289424
52.7392,0.0426745282504157
52.8537,-0.124996432591146
52.9074,0.143081889500927
52.9319,-0.0285905429990834
52.9898,0.132201129045924
53.0081,-0.0722652352715016
53.0412,0.0312279591634592
53.1045,0.0569105277654671
53.1404,0.120763676089908
53.147,0.0338311827210092
53.1557,0.167584560836836
53.1667,0.0261563956520448
53.2083,0.160810962327275
53.2313,0.171718367431161
53.2417,0.0267862008134614
53.2546,0.00529226424590945
53.3186,0.155011080183066
53.4772,0.136908291829442
53.4892,0.00266669347003301
53.495,0.170120034935643
53.5256,-0.109458203806597
53.5657,-0.124514069292665
53.5708,-0.0199380892721592
53.6397,0.0187124571684336
53.6404,0.0478962853015972
53.7139,-0.0298117111446743
53.7246,0.171296077618024
53.8123,0.142352647854516
53.8161,0.0987241404871995
53.8179,-0.123684750181233
53.8414,-0.0157914545885305
53.8785,-0.0928456112717271
53.9646,-0.122536659820462
54.1021,0.123983616391897
54.1806,0.166591303639137
54.2013,0.15459708698733
54.2533,-0.0617167278771618
54.2984,0.131846610999546
54.3617,-0.130753959378133
54.4313,-0.0408718464091251
54.4429,0.0983690849493044
54.5229,-0.115182419173401
54.5804,0.110254530402607
54.7818,0.138549965378047
54.8067,0.170282091747175
54.8276,-0.073235597034099
54.9357,0.0713292282193194
54.9394,0.159589870187482
54.9587,0.107622257015606
54.9796,0.165278929198166
55.039,0.144925507815074
55.0608,0.171868617539516
55.2256,-0.12512729697977
55.2311,0.0876671096943014
55.2875,-0.0177783940316019
55.4049,0.162590281865043
55.4369,0.128062454713955
55.4521,0.091081148574176
55.4563,-0.0866275831754564
55.5353,0.168784404058158
55.5452,0.129585018332499
55.5666,-0.118858735851582
55.6275,-0.135481216408643
55.6639,0.179563922064361
55.6848,-0.0467007291894888
55.7175,-0.134738558081715
55.7206,0.100498234739597
55.7753,-0.134672714872231
55.7805,-0.0604224493979117
55.7994,0.146830550969675
55.8021,-0.118973070567016
55.8599,-0.10898979757004
55.8772,0.0970699959011228
55.8784,0.145668875908029
55.9005,-0.10758010287379
56.019,0.128480903586357
56.1052,0.0543778939184278
56.2004,-0.0625145582027429
56.203,0.0456375047697861
56.2216,0.00930246184934447
56.2457,-0.0865341673051248
56.2812,-0.132552931418054
56.2896,0.114407902461068
56.3615,0.0527167580890122
56.4011,0.17229116312059
56.4697,-0.1378565179796
56.4995,0.0279428249323814
56.5763,-0.136530365884909
56.6079,-0.0939069334407918
56.6701,0.169226216227941
56.8047,0.180609850946375
56.8487,-0.0922387008673908
56.9565,0.152140463628228
57.0612,0.118489752805672
57.1004,-0.0914371084744801
57.1453,0.179716679578164
57.2528,-0.138387454046004
57.3071,0.136682411472577
57.485,0.0816661370114673
57.5039,0.177829638762113
57.5962,0.185610682653945
57.6299,-0.0152970722344961
57.8221,-0.0784807624347721
57.8664,-0.143725857773923
57.8762,-0.106911931652881
57.8795,0.153803150732379
57.8859,-0.056730072278576
57.9472,-0.0760249139881637
57.9661,0.155217649321308
57.9832,-0.143222070767308
58.0021,0.0753298662728739
58.0151,0.175291120865083
58.1748,0.187170915238347
58.2146,0.0393675679822891
58.2299,0.0988899813714426
58.2357,0.0833757450813479
58.2912,-0.12789726315647
58.3522,-0.137556492421929
58.38,-0.0711118940636908
58.448,0.0723582496107653
58.4829,0.133800357163921
58.6459,0.0834816671649534
58.6643,-0.114655341869344
58.722,-0.146880329258877
58.7772,0.155407546380182
58.7782,-0.0835373582041541
58.786,0.0536667840940694
58.7914,0.102403545716236
58.8031,0.188658117271636
58.8245,0.0878537799158963
59.0124,-0.0509733369080152
59.1663,-0.142618641454106
59.1804,-0.082426046184267
59.208,0.183194164919371
59.2603,0.0892939818896039
59.2884,0.175459244506939
59.3633,0.190894568468771
59.4528,-0.0539755349574875
59.5502,-0.149558508468985
59.5792,-0.147832109110794
59.6381,0.183801922727191
59.7423,0.0506419902833954
59.8925,0.18991835217502
60.0132,0.147656778238783
60.0631,0.170158589992752
60.1192,0.18756979220538
60.1341,0.101151656451151
60.1828,0.190223215716784
60.2517,0.0711827609622944
60.3378,0.0299335808503329
60.3619,0.0985265062214467
60.3975,-0.116068622677709
60.4113,0.128172568252687
60.4297,-0.00892469737290469
60.5429,-0.0435454699964524
60.5471,-3.4246339239985e-06
60.5549,-0.130132843321043
60.5966,0.0199721232597057
60.632,-0.108398800138303
60.6459,-0.101705720929793
60.718,-0.140714366408012
60.7744,0.151078752250804
60.8045,0.150331574704779
60.8196,0.196106852641122
60.9161,-0.124759395352463
60.9807,0.0584737349788753
61.008,0.110172213765104
61.0527,-0.142597943353422
61.0605,-0.0938203820972205
61.0607,0.0157307810188954
61.1075,0.196473122478636
61.1217,-0.136672258791648
61.2317,0.197524829835835
61.2361,0.140901887628637
61.2649,0.0833038215817083
61.2685,0.19705718957519
61.3665,0.197904580224566
61.4282,0.188689986958217
61.4511,0.196222984385614
61.4597,0.197236727261391
61.4672,0.190187117344919
61.5896,-0.154711581080157
61.6143,-0.0796201079791601
61.6263,-0.0959411472918248
61.6366,-0.149131628944737
61.7353,0.198794184854201
61.7887,0.198699502195502
61.8484,0.189762666451109
61.8523,-0.060835052148299
61.8846,0.149371037324244
61.9721,-0.138569574887065
62.0569,0.138147990231886
62.2394,-0.133616340922472
62.2865,0.182823998823245
62.3047,0.183674593402195
62.3193,0.177076430792454
62.3224,0.201090180177736
62.3338,0.200943398547778
62.3675,0.188922462269524
62.3763,0.148434061993484
62.4374,-0.0833983571197976
62.4643,0.026335290915199
62.4737,0.110773501641553
62.489,0.19651579318284
62.496,-0.12137844416057
62.4966,0.19608108358662
62.5792,-0.158801764718717
62.5914,0.0749051461202725
62.6567,0.161423143226706
62.7433,-0.0475511040571988
62.8837,-0.160188607532397
62.8876,0.110546051171944
62.8933,0.123879969738915
62.9605,-0.120819651069581
63.0278,0.0190196766603989
63.0704,0.198290841229841
63.1029,0.203270734343462
63.1514,-0.117360368480178
63.2305,0.196472956930378
63.2369,0.119239144977406
63.2566,0.189266954442637
63.2575,-0.0413834314112833
63.2673,0.186614557529708
63.2942,0.158259538342875
63.35,0.152209082474748
63.351,-0.128378594309744
63.4001,0.0557996442643613
63.4311,0.188794722293963
63.4331,0.109967539180218
63.4383,-0.165544605542145
63.4447,0.204488069260954
63.4487,0.191636850164137
63.5279,-0.0783580708591174
63.5853,0.138513401377175
63.6501,0.0601433068530284
63.6542,0.125302011619766
63.6805,0.201288226912808
63.6848,0.189564429185111
63.6949,-0.103832387578876
63.7278,-0.160987822337127
63.7367,0.0151097492137851
63.8222,0.00613220661677616
63.8544,0.194066162005541
63.8627,-0.161804488596196
63.8729,-0.165822939580735
63.9386,0.205217034758768
63.989,0.161330107991191
64.0665,0.158835749674751
64.0888,0.197423805857426
64.0968,0.206155117148136
64.0993,0.204251017305893
64.1638,-0.0488719886123476
64.1844,-0.168745337529131
64.1855,0.117384212167181
64.1937,-0.068364466078549
64.2223,0.138326146531753
64.3122,0.081277708033241
64.3127,-0.138375335561349
64.3253,-0.102734416258031
64.3471,-0.135375908366242
64.355,0.201922863128601
64.4331,-0.0513137378608945
64.4735,-0.0813653521025799
64.5191,-0.148208897526061
64.5658,-0.135317467198718
64.6065,0.198475281622734
64.6947,-0.0172511357889675
64.7568,-0.170462041198292
64.7697,-0.128053632824745
64.7793,0.201556871862621
64.976,0.00274747315583568
65.1939,-0.156346536895612
65.2522,0.170718384565617
65.3127,0.158982438597832
65.414,0.0578528919332513
65.4914,-0.173965135784925
65.5199,0.185489828662369
65.5555,0.0801953140958318
65.5824,0.211145538420681
65.6129,0.0872232887565474
65.6178,0.0740299349797482
65.627,-0.0312794516254797
65.6496,-0.0794539741432772
65.6857,0.211797127697679
65.6943,0.191304056397854
65.7064,0.026932199580628
65.732,-0.0157700906382985
65.8069,0.0583607190179265
65.8643,0.155944427759195
65.9337,-0.1743661668729
65.9765,0.20948732009424
66.0111,0.212870670228028
66.0155,0.213063488397424
66.0203,-0.171351226306356
66.0459,0.171602988094151
66.2157,0.110677846009267
66.249,-0.174656863466993
66.2516,-0.0214539403675076
66.3003,0.213976272494435
66.3129,0.123065961237657
66.3906,0.204121295839499
66.4169,0.176657266097479
66.4409,0.0892972874557501
66.4698,-0.12060299395695
66.4886,-0.165414418094457
66.5541,-0.163771746664509
66.5708,0.190881955006773
66.5789,-0.108258646657944
66.5911,0.203185305178977
66.5955,-0.138581743710375
66.6404,-0.126690061828725
66.6507,0.215109541621089
66.6521,-0.160025622544239
66.6648,-0.00502672335754539
66.6861,0.0618542303960368
66.6994,0.215187177086847
66.7179,-0.0535316672598185
66.7219,-0.145383385633451
66.7224,-0.13703325869686
66.7493,0.0246192742978337
66.7551,-0.179344121707388
66.7857,0.15986831335546
66.8239,-0.0647812088164272
66.8843,0.103212989521936
66.9594,0.122796229982796
67.007,0.0533385055523183
67.0884,0.2165125462692
67.0886,0.206032741680076
67.1381,-0.166012482063451
67.1761,0.212162188258006
67.2038,0.216769154230775
67.2141,0.132293120007802
67.3438,-0.141314944909439
67.4559,0.168662165518171
67.487,-0.128395466679549
67.5296,-0.181740611411115
67.6144,-0.039218994429902
67.6688,0.124579889796394
67.6931,0.201527148662805
67.7685,-0.0947161593798143
67.9483,0.078471565970645
68.092,0.219780194362045
68.1022,0.00683535089589782
68.1103,-0.180914034426877
68.1112,0.105697361852307
68.1598,0.220181643192916
68.1833,0.220217353606174
68.2018,-0.0895679687699129
68.2556,-0.142051418733075
68.2721,0.125182597237711
68.2754,-0.172687044362377
68.3328,0.198559847983731
68.3336,0.0906638852495121
68.3471,0.0260536302035348
68.3708,-0.161780337477524
68.4184,-0.0110803284329108
68.4391,-0.183308220316775
68.4685,0.213264432785451
68.485,0.0934534341458289
68.5338,-0.17070587631099
68.5639,0.0848259970109382
68.5785,0.172009761926034
68.581,0.181026355729571
68.5845,0.0798512876794888
68.6802,0.0354322692691511
68.7035,-0.16069767329553
68.7868,0.0989148297104663
68.8286,-0.158748484356622
68.8396,0.222439585169013
68.9485,-0.0598332063377001
69.0016,0.221481513225385
69.0668,-0.14654708151383
69.1455,-0.189499114070088
69.1515,-0.13426955893253
69.1534,-0.0765407019437276
69.1662,-0.136734367591202
69.2195,0.215741747930622
69.2224,0.222929561284388
69.2592,0.159944848695972
69.2932,-0.182390423250823
69.3415,0.0745303485927025
69.368,-0.18634346392939
69.4071,-0.17336393197921
69.4762,0.219076033238878
69.5077,0.222721051081663
69.5525,0.145971579917841
69.6166,-0.146155696946607
69.6735,0.212860922953027
69.6745,0.0852939057895412
69.7561,0.0204574389220795
69.7668,-0.117441258858292
69.7941,0.211101112014106
69.8105,0.205205540681149
69.8176,0.22483429363281
69.8198,-0.0634318455524721
69.8392,-0.114634680336039
69.8503,-0.0475944008588129
70.0262,0.108540947079689
70.0298,0.225809371389616
70.1111,0.176397750537959
70.1205,0.115272049708793
70.1513,-0.161517264006889
70.1553,0.215464804470713
70.1807,-0.115445517888858
70.1944,0.0327910352856264
70.2028,-0.147811946344746
70.2145,0.181449816184653
70.2379,0.222431990055838
70.2682,0.226574802660807
70.3198,0.108459029550772
70.3634,-0.11036317602823
70.3832,0.219620510723132
70.3943,-0.118746778293868
70.4093,-0.0458098672938121
70.4635,0.202286463317648
70.5341,0.0119587394757019
70.5443,0.226687989681324
70.6677,0.0462441983541737
70.6887,0.149073009613247
70.7086,0.226421650286895
70.739,-0.152225515223449
70.7406,0.221230619024794
70.7445,0.229315417070936
70.7914,0.228476104952108
70.7967,-0.176476838754837
70.8537,0.095749085607622
70.8651,-0.191858991922146
70.9117,-0.0758807634575334
70.9342,0.229236257207418
70.9787,-0.0702997976492128
71.0112,0.0238922353699991
71.0499,0.0235052227091472
71.0506,0.201568723910611
71.0711,-0.187512766904291
71.0979,0.167845032146346
71.1065,0.166905134964182
71.1237,-0.189483795027144
71.1463,0.150048832464989
71.1914,0.165744234395888
71.1971,-0.0762889904031709
71.242,0.196966025690955
71.3091,0.200828191338587
71.377,-0.199092640801922
71.4366,0.231810820603101
71.4472,0.00741791879900688
71.458,-0.042952552236045
71.6345,0.204538676755632
71.6892,0.20058902179224
71.7134,0.231423887409392
71.7358,0.23189648634839
71.8128,-0.201758105556692
71.8369,0.0023010586878911
71.9348,0.187923478736991
71.9529,0.142040984336546
72.0517,0.232624558751723
72.0546,0.23277560903415
72.0601,-0.062176238350105
72.1389,0.210276399792335
72.185,0.0595109224974237
72.3105,0.0440207736144771
72.3117,-0.110983510793758
72.3208,0.233684731025519
72.3413,0.171773370442381
72.475,0.234186195487027
72.5092,-0.18159885311789
72.5265,-0.0480126117740554
72.5362,0.213991986325468
72.5818,0.235815169494288
72.5971,-0.205435579972971
72.6653,-0.0623050654110529
72.6737,0.139910674796411
72.6812,0.0393231207751228
72.7197,0.165731122082406
72.7481,-0.205663594495206
72.851,-0.175164852152122
72.855,0.131426070303704
72.8815,-0.180229293412367
72.9039,0.227654028977639
72.931,-0.0815094123380362
73.0778,-0.199629499302233
73.0987,-0.133158721222415
73.1297,0.237993885877017
73.1321,0.0538635131873946
73.1427,0.158763641500087
73.1641,0.151912282383321
73.1734,0.238127726374998
73.1801,-0.0196156594580117
73.195,0.148171396186214
73.2352,-0.202522640629553
73.2475,-0.167029181731351
73.2615,-0.099067634394018
73.2868,0.225625291578581
73.318,0.0381202403129777
73.4175,0.239310832974652
73.44,-0.207120097243575
73.5295,0.23224797652118
73.5649,-0.106114178165399
73.6753,0.236086607903474
73.7323,-0.177310392252892
73.7669,0.238530027189853
73.7755,0.144338292543779
73.7805,0.0362961063179199
73.8015,-0.13444022622005
73.813,-0.0229099798745693
73.8142,0.238292333446068
73.8248,0.125795923051086
73.8547,-0.0574662223739466
73.8863,-0.206616846235818
73.8968,0.241050709485279
73.9236,0.0856070961115734
73.9424,0.236851111271733
73.9618,0.213685215505535
73.9995,0.0301025492206008
74.0799,-0.202145245512398
74.0981,0.0681176061459325
74.2985,0.239921152604168
74.3241,0.0549186726029092
74.3589,0.234726917134111
74.4025,0.217413897446747
74.426,0.219405396754766
74.4705,-0.0157531809130234
74.5181,-0.203002670512504
74.5467,0.143389571477641
74.6298,0.24224064153421
74.6487,-0.21401268384389
74.6743,0.108822990265452
74.728,-0.111583640592272
74.739,-0.0975419621303502
74.751,0.102139399918798
74.7531,-0.001581965441531
74.7816,-0.199124599279486
74.7982,0.24451068258071
74.8265,0.231335652073483
74.8466,0.113457038881961
74.8695,0.157025361358862
74.8893,0.229814029511758
74.9289,-0.0561059970225131
75.011,-0.174806561745243
75.147,-0.100074251770678
75.2309,-0.135308136780139
75.2849,0.131776682609285
75.3038,-0.133577738115221
75.3118,0.233720596546178
75.3125,0.134653341787882
75.3232,0.241122310635788
75.3263,0.244961279053285
75.3293,0.0905559636847073
75.3302,0.244535450584323
75.3484,0.24319204928014
75.3672,0.243698404264293
75.4103,0.243304365114838
75.4294,0.10898741717682
75.4449,-0.2009543714762
75.4825,0.105968439666839
75.5091,-0.184383043749662
75.5121,-0.200422668049384
75.5482,0.150803822819981
75.5532,0.197960191429772
75.6111,-0.178114810789154
75.6253,-0.0893118176045959
75.6816,-0.192862122994057
75.6988,0.238877175461226
75.722,-0.19874387366508
75.7363,0.248134874408819
75.8209,-0.053219170036229
75.8254,-0.157276656397798
75.9172,0.247631172227713
75.9369,0.00219001079388192
75.9624,0.248407327677981
75.9852,0.174053523340717
76.0734,-0.221603388622484
76.0928,-0.0274433139464065
76.1043,-0.22123170936257
76.1523,-0.219936921554861
76.1525,-0.0615554793221094
76.1962,0.201338349668148
76.2116,0.249778486459761
76.2129,0.175501591904833
76.2401,0.241518561995051
76.2515,-0.213159168024688
76.3524,0.231643902935417
76.4387,-0.214361455829362
76.4634,-0.19525632389778
76.4789,-0.19668387756353
76.4844,0.249208228540752
76.487,0.250971764410863
76.5337,-0.0517071900813164
76.5571,-0.0395500558830548
76.5731,0.251347643767758
76.589,0.21167207117233
76.6577,-0.1912539851688
76.7565,0.0137723890461672
76.7645,-0.202884641199873
76.7762,0.194085495108069
76.8757,-0.0352220151439724
76.8834,0.250204203427799
76.9085,0.252527393193716
77.0167,0.0520553820179401
77.1162,0.23614110490432
77.1282,-0.0379231402201725
77.1556,0.187740563374973
77.1842,-0.134300885160016
77.2459,0.252588037189497
77.2755,0.0839009518578848
77.2883,0.233974647020091
77.3524,0.0656804849413248
77.3649,-0.199023237636922
77.4622,0.172291120522956
77.4892,0.216169238835306
77.4895,0.252955945262869
77.547,0.0327826739238191
77.5592,0.0995095794940966
77.6197,0.254981251367525
77.6326,-0.229266278325099
77.6388,0.126300455813791
77.6465,0.167492774784748
77.7273,0.0405368265560924
77.7578,0.256215793510819
77.8085,0.249696415107934
77.8138,0.255082358816125
77.8138,0.255288941303661
77.8249,-0.103503197399306
77.8648,-0.164077639791401
77.9271,-0.218980434320031
77.934,0.134328469773223
77.9639,-0.0445563316888808
77.9753,0.256673419781123
78.0397,-0.146167942457168
78.0717,-0.0842258247887742
78.1322,-0.0809005112934216
78.1942,0.252170282518335
78.2133,0.244772545118764
78.2974,0.256471860618745
78.33,0.252411002343905
78.4282,0.0150778972116115
78.4331,0.0832460199047347
78.4399,-0.211525546428476
78.452,0.0153438603260128
78.4852,-0.0275184031785756
78.5502,0.252217737724351
78.5582,-0.223058865965228
78.5865,-0.187312410573995
78.6257,0.18728309280489
78.6461,0.259506227071199
78.6719,-0.23200661035051
78.7078,-0.220146870569621
78.7677,0.260106415692704
78.7969,0.177167224812536
78.9358,-0.213610355405152
78.9415,0.250015744741091
78.9475,0.0422352618812738
78.9538,-0.232057236678116
78.9571,-0.17362363093541
78.9614,-0.0591873017210105
78.9702,0.159330863696738
78.9703,0.239172520287809
78.9755,0.230952148568093
78.9989,-0.0118435975666245
79.0209,0.141864807548032
79.0546,0.00506673762916421
79.0991,0.255163996087461
79.1309,-0.217969645994856
79.1406,-0.0623554224255116
79.1729,0.25554469180841
79.1969,-0.228715776744579
79.2425,0.256147300628967
79.2851,0.163204284060953
79.3186,0.256019722977712
79.3366,0.244333248194039
79.3473,0.232097821267956
79.3649,-0.00333941398766058
79.3948,0.189608627460274
79.4961,0.107001818901523
79.5369,-0.188554466175376
79.5444,0.15936388705768
79.5989,0.217673637440299
79.6177,-0.188554468935678
79.6537,-0.204640627695142
79.6754,0.263408280636966
79.6773,0.00405282218518721
79.6872,0.264384149772454
79.7023,-0.237621048069386
79.7061,-0.2360452843009
79.7173,-0.212792263618155
79.7419,0.212573216829313
79.7423,0.19721038833913
79.7476,-0.235898686222683
79.8153,0.0785513002680602
79.8967,0.114564155264844
79.9352,-0.23616265869525
79.9883,0.26428837471947
79.9906,-0.0712561179214077
79.9936,-0.117553428050925
79.9939,-0.204802631505601
80.0001,-0.231885416105456
80.0007,-0.100152283926661
80.0962,0.241157019003651
80.1153,0.258453117341674
80.1187,0.0175784699338521
80.1444,0.00144552752365712
80.1526,0.266005259032326
80.2055,0.0350878405880053
80.214,0.261275579917523
80.241,0.26053944250522
80.2622,0.0095106518444652
80.2921,0.259950349197652
80.3206,0.0992850161508159
80.3383,0.0256572336638783
80.3988,0.0462140426651558
80.408,0.18710052935991
80.4608,0.0572307144440742
80.486,-0.237983445994132
80.4881,-0.0692155426885677
80.5522,0.218604328028178
80.5652,0.181091295346874
80.6266,-0.237479955113855
80.6431,0.260713748359308
80.6463,0.0314021407907745
80.7171,0.260995270928632
80.7269,0.26565162955815
80.7386,0.186974492109499
80.7755,0.261299620296256
80.8417,0.268857780817712
80.8505,-0.108083324163331
80.8563,0.0566354957554154
80.9013,0.172073738555284
80.9693,0.230585475618057
80.9725,0.220296895853693
80.9754,0.059120256377426
81.0438,0.257961698047865
81.0631,0.269793340518106
81.0662,0.0556076537461792
81.0809,0.0650826372239521
81.2429,-0.134134447281085
81.308,0.265492423348689
81.3211,0.262187387007444
81.3973,0.262660473248886
81.425,-0.126163098808419
81.4403,-0.215723087588827
81.4902,0.26523178644274
81.4923,0.157905914056997
81.6337,0.270279886122822
81.6682,-0.0286303090598352
81.6782,0.0843900374747477
81.6986,0.0365048458475883
81.7907,0.222534996374208
81.7917,0.264479479658007
81.7982,0.264368095442194
81.8031,0.0344063992770316
81.8086,0.0506812211547185
81.8189,0.257744804407793
81.8509,0.197436906120402
81.8718,0.0242062439939872
81.8869,-0.250233130690887
81.9885,0.274305131834922
82.002,0.273246489917028
82.0383,0.273879605490919
82.0568,-0.16182373773178
82.0751,-0.0531717778236782
82.0824,0.267848660853247
82.1053,0.257838039882955
82.1502,0.225922450119413
82.1562,-0.245411792301965
82.2223,0.23942314268669
82.2637,-0.181201652051641
82.2873,-0.110985928893967
82.2892,0.0352171829706833
82.3073,0.0967836572219767
82.3377,0.105915919338173
82.3659,0.256756985365911
82.3835,-0.238895649380879
82.4261,0.261084813973071
82.4273,-0.084157760137245
82.4384,0.270354285508972
82.4855,-0.218216542702052
82.4916,0.149698818821904
82.6541,0.255545894555752
82.6803,0.258720394586575
82.7231,0.274546229224455
82.7697,-0.11860226016708
82.785,-0.220091382855045
82.7922,0.272444073610529
82.8672,0.277872260704669
82.8816,0.266933464152146
82.8982,0.278084488662188
82.953,-0.138931569481329
82.9797,0.112810829113982
83.0022,0.133118278910615
83.0044,-0.245246788685861
83.0311,0.22399457666323
83.1687,0.0204445945642959
83.1705,0.272376676524587
83.1726,-0.257086008960513
83.1979,-0.223063631175123
83.198,-0.233698846869615
83.2135,0.242239788809073
83.22,0.196471398245748
83.262,-0.0676209037752926
83.279,0.184197908911869
83.2976,-0.254799046918521
83.3762,-0.187762446307815
83.4272,0.269192217012829
83.515,-0.108636459219554
83.5447,0.251369457575606
83.5447,0.260818143576998
83.5575,-0.256085851424828
83.6332,0.264298121745767
83.6965,0.281838345603475
83.707,-0.259504901984201
83.7425,0.24674529637069
83.8045,0.268428392491799
83.8287,-0.260243688283254
83.842,0.0291609884793758
83.8825,0.27063105947046
83.9259,-0.238456263061423
83.9353,0.28229267981213
83.9625,-0.172498909484005
83.9792,-0.0304808410704425
83.9794,-0.175142604162545
84.0375,-0.255107683685893
84.0412,0.261198261312742
84.0639,-0.18761205818727
84.1478,0.209382699811101
84.1562,0.0624984818262391
84.1591,0.278221496474075
84.1719,0.283495658812129
84.2068,0.105651603393994
84.2298,0.0770828924107008
84.2392,0.249289564854479
84.3102,-0.189145009180749
84.3582,0.2704477645823
84.4066,0.268574939968175
84.4292,0.282900589103065
84.4417,0.272763804750383
84.4889,0.257877630440717
84.4893,0.277764757219629
84.5145,-0.0634363298902088
84.5313,-0.163970516158145
84.5566,0.222281817104687
84.5566,0.232971945529869
84.5584,0.277954552979992
84.6853,-0.248678751383508
84.7519,0.284061458515183
84.9002,0.2772915049744
84.9519,0.278434924986357
85.0389,0.274442047972485
85.0586,0.284493531779304
85.1107,0.0377171525124993
85.1215,0.27423323276787
85.1443,-0.205226411732781
85.1822,0.051030640889735
85.224,-0.0126305035665695
85.2679,-0.268004636834348
85.3287,0.199928655940226
85.3354,0.171969674296122
85.3844,-0.259670170818069
85.391,0.0384068461485185
85.4059,0.259171312557001
85.4241,0.285434767996861
85.4253,-0.262170343781634
85.4325,0.0930340231567328
85.4533,0.211913796665272
85.4577,0.192168599918617
85.4884,0.218733317390971
85.5572,0.0180758327524018
85.5666,0.189507432069121
85.6554,0.205612228223387
85.7186,0.286345895971181
85.8377,-0.19699424494074
85.8688,-0.23499827219419
86.0105,-0.12357978998088
86.0494,0.260383138872839
86.0751,0.28858246006719
86.0755,0.289594303608382
86.0921,-0.271899819988874
86.1202,0.269463524786929
86.1633,-0.248807980372391
86.223,0.277498819473749
86.2345,0.190418578494288
86.2643,-0.205433242016653
86.2814,0.283446623256438
86.3717,-0.117481833538292
86.3813,-0.265610984532046
86.3894,0.19244652499242
86.4384,-0.075594482751498
86.544,0.280975408298644
86.5747,-0.267541775355326
86.6328,0.0557536325942891
86.6341,0.0339924611332378
86.6718,-0.258038833715574
86.6831,0.279749551273653
86.6858,0.228634665044581
86.7138,-0.243054544280611
86.9311,-0.0532406049339897
86.959,0.198296010616161
87.0042,-0.274203251183778
87.0214,-0.276554707223681
87.0529,-0.26209149171207
87.1113,0.00344431567046399
87.1591,0.297349973031913
87.2269,-0.191044243485365
87.3274,-0.257702515628608
87.3826,0.275288142662973
87.4286,0.286500760541614
87.4636,-0.277528301031964
87.5048,-0.261874730600255
87.5107,0.250002251536657
87.5957,-0.280231464125393
87.6442,-0.223468297384031
87.6487,0.262541353146332
87.6705,0.265222783547145
87.7678,0.165661909063331
87.7697,-0.278454459250213
87.7822,-0.278307240269484
87.7976,-0.265801674619809
87.8031,0.179033688629076
87.8092,0.289825787806407
87.8458,0.274168695894687
87.8511,-0.161108322758338
87.911,0.245048994855594
87.9542,0.252929573112141
87.9991,0.301182326065444
88.0121,0.26686534608956
88.0423,0.263010247113016
88.1032,0.00657704229084288
88.1775,-0.283261984145227
88.2209,-0.28242317397698
88.2329,0.0144792803689597
88.3009,-0.22770499719239
88.3168,0.211298660525372
88.3691,0.0342707042840544
88.3691,-0.277199455712264
88.4556,0.300619159723453
88.4715,0.274637217752556
88.4966,0.248711199091048
88.5967,0.288434821122678
88.5968,0.291526596019111
88.6091,-0.267260531530383
88.6467,0.286500477725582
88.6591,0.289123928326674
88.6953,0.196704746077302
88.7547,0.231309466900782
88.772,0.286236861028414
88.8673,-0.0506113669354846
88.8744,0.302839511588886
88.9386,0.0373329324301181
88.9688,-0.198386088213269
88.9722,-0.199994070188879
88.9785,-0.110402938132552
89.1107,0.0384970454454816
89.133,0.299352463245867
89.3124,-0.244882077477229
89.3202,0.289087729082738
89.3845,0.293698908097369
89.4482,0.122706592466329
89.4526,-0.240197089360279
89.4909,-0.268282967962278
89.5225,0.308552526944737
89.5519,-0.0920682599998059
89.5584,0.288980919968793
89.5633,0.288602758715399
89.5964,-0.278440871471346
89.6501,0.307266135073959
89.6802,-0.11038375768787
89.743,-0.290389611828772
89.8337,0.302952872022246
89.8596,0.160182731919519
89.9366,0.30845209204098
89.9543,-0.27488405263091
89.9591,0.146965138396723
89.9627,0.283022754029844
89.9781,-0.2383574164066
89.9819,0.143738356774435
90.0095,0.306473335583476
90.0201,-0.0754223121559932
90.0445,0.114448040625476
90.0486,0.101273090591746
90.1047,0.189580387096029
90.1513,0.259238795035742
90.1902,0.267220408127329
90.212,-0.170835866895658
90.2298,-0.285754251538549
90.2357,0.0150841676670552
90.2592,0.190047910286097
90.2616,0.209589596981999
90.3093,-0.276536501435118
90.3258,0.309760902760218
90.329,-0.287237210926833
90.3356,-0.190271618925422
90.3603,0.117500353375547
90.4681,0.25857733692574
90.471,0.30635471193321
90.5269,-0.197827568673205
90.5353,-0.0683202263306413
90.6015,-0.284901651029941
90.6059,-0.00124109856649568
90.6189,0.308376556943898
90.6232,0.272153967165835
90.6502,0.237948784780087
90.6679,-0.145975479675442
90.6844,0.262195250908619
90.7565,0.234100955281576
90.7616,-0.295329650571205
90.7685,-0.0364288347738579
90.8485,0.303599320385047
90.8976,-0.286976882057317
90.9509,-0.250923669061976
90.9842,-0.0114647625431559
90.9889,0.13845632236675
90.9983,-0.00962374130705257
91.1342,0.0743251429386333
91.136,0.294119073735061
91.1667,0.309782906635775
91.1784,-0.138374908119943
91.2017,-0.126302785315445
91.2022,-0.0660384325979777
91.2041,-0.298279395231233
91.2365,-0.26483706686524
91.2411,-0.0761647653661868
91.2729,-0.1554904840023
91.2773,0.305229854270394
91.3594,0.202049309785409
91.4083,0.293715239118413
91.4319,0.206384075161154
91.5314,0.186905324887846
91.538,0.312998051096358
91.5911,0.310060055097125
91.6145,0.252164391847217
91.6216,0.2859259845021
91.6368,-0.250859930871044
91.6747,0.0108611090325468
91.6903,0.30062182600733
91.7474,0.175841350095595
91.7588,-0.242120250692608
91.7758,-0.301558659153557
91.8065,0.296286987182
91.9289,0.299003828457657
91.9418,-0.109676980967933
91.9908,-0.122015248506742
92.0292,-0.215308685234675
92.0325,0.320350375201443
92.0454,0.302726800214771
92.057,0.310865151195941
92.067,-0.180086008790283
92.0859,-0.0383823670483139
92.1297,-0.211879557128043
92.1323,-0.266240370669024
92.184,0.321833228852597
92.1974,-0.166496975913873
92.2696,-0.135927611989942
92.2937,-0.227113605458143
92.304,0.124941540082247
92.3097,-0.0918860337049949
92.4146,-0.296042623856493
92.4447,-0.0566446896050081
92.4578,0.31526635785545
92.4745,0.194284572340962
92.5009,-0.190099254122146
92.5242,-0.0310570118463005
92.6233,0.319326761502026
92.6288,0.305983829409925
92.6405,0.295700544240191
92.662,-0.0793124839947978
92.6681,-0.250693838880551
92.6776,-0.214463065340254
92.7806,0.0134933689288914
92.8495,0.29962410937847
92.8767,-0.073809682049756
92.8964,0.253889399285029
92.9079,0.0617657142639416
92.9389,0.0174226491637057
92.9477,0.310303090321838
92.9595,-0.294081560537762
92.995,0.300166924582456
93.0149,0.306509395427597
93.0232,-0.300161130631295
93.0264,0.32533341440643
93.0285,0.142397930154004
93.0301,-0.307223167308678
93.0605,-0.291313060585949
93.0659,-0.0310291966869727
93.0911,0.319404907136217
93.1139,0.0569886915883444
93.1461,0.178962504381758
93.2131,-0.281706707335218
93.2404,-0.147315668625751
93.2498,0.215605058188544
93.2624,0.32721388099776
93.2809,0.2703737555305
93.33,-0.151890308322166
93.4131,-0.298384963375597
93.4588,-0.302420930590458
93.4689,-0.306338275052894
93.4749,0.149527273559045
93.4948,-0.086625522164212
93.5242,-0.298032850905017
93.5523,0.0606522807053267
93.5573,-0.222548551537713
93.5881,0.143791909109524
93.6064,0.123929110282447
93.6088,-0.31414111867447
93.6223,0.303099400612865
93.6611,0.258010541260234
93.6772,-0.303999569665578
93.6803,0.323275428445243
93.6913,-0.301094244622178
93.7575,0.0082573345608381
93.7707,-0.2211705621025
93.7966,-0.259987196834217
93.8008,-0.0513200655448713
93.817,0.323948327610552
93.8802,0.0298960532085886
93.8868,-0.26528466139662
93.9174,0.0777596557588538
93.9403,0.0869051102798863
93.9404,0.315569523857874
93.97,0.327505671399635
93.9861,-0.0438919926811678
93.9918,-0.240300296474317
94.0409,0.0492679044108115
94.0843,-0.223708083599035
94.0995,-0.241240064186769
94.1331,0.162484556347351
94.1514,-0.131645286089466
94.1958,0.329113976911401
94.2885,-0.260875168343475
94.3041,0.0220754225528879
94.3217,-0.22265324755098
94.3276,-0.223965219691621
94.3308,-0.19476443048157
94.3832,-0.196100607356428
94.416,0.214808087281796
94.4861,0.305102153426731
94.5108,-0.280787310161401
94.5208,0.262359252704172
94.6243,-0.0279412942376638
94.6398,0.319194192313688
94.6472,0.329359500039232
94.6694,-0.204042294323344
94.685,0.270736320510522
94.6902,0.0964020422655096
94.7511,0.332402733650454
94.8454,0.245717478069551
94.8989,0.171709539934113
94.9503,-0.144654120213232
94.9582,0.285531812559867
94.9625,0.325911512625765
94.9684,0.0727073101344473
94.9783,-0.0465117448712817
95.0352,-0.289817305686825
95.064,0.29160914089799
95.085,-0.260909741759761
95.0933,-0.152227665977918
95.1109,0.211252284542823
95.1469,0.334182611588716
95.1958,0.31744735034826
95.2311,-0.153619454166716
95.2563,0.255820294082724
95.279,0.308439606294613
95.2887,-0.241655577007862
95.3224,0.319703602769223
95.3264,0.304172506086175
95.3369,0.295574067085354
95.3968,0.336554680819788
95.4098,0.120316535811583
95.4547,0.108998004173372
95.4621,0.337267534932906
95.4667,0.118886130278
95.4823,-0.15652164165796
95.4844,-0.242791503477093
95.4891,0.0459068379304313
95.4998,0.331500070082157
95.5724,-0.151064595612993
95.6449,-0.186371291747434
95.6582,0.338058746391525
95.7195,-0.326862820553046
95.7377,0.336804468830309
95.7477,-0.223118540787354
95.7523,0.323580123869377
95.7692,-0.0474594290110701
95.7837,-0.305178636988018
95.8429,0.222621484021218
95.8852,0.300960115315917
95.9585,-0.32819217070147
96.0191,-0.328488791244013
96.0253,0.314236134987823
96.0775,0.260273053570714
96.0887,0.328474045682881
96.101,0.132291892777715
96.1262,-0.0818409579677279
96.2624,0.32670787320852
96.2675,0.33529641704709
96.4465,0.34344003227892
96.4487,-0.102520365932975
96.4504,-0.30134776822328
96.4608,0.320119955017518
96.4628,0.21453987900064
96.5413,0.311433800468848
96.6039,-0.146932219566224
96.6195,0.322913107707848
96.6366,0.33647886801046
96.6734,0.313137901546341
96.7067,-0.0941951033189099
96.7143,-0.298119256960419
96.8249,-0.1430245713331
96.8311,0.200210446098566
96.8488,0.318212714436882
96.8945,0.314433979581651
96.9049,0.312882380406322
96.9247,0.344796109599756
96.9328,0.134362746544411
96.9376,-0.317046111397588
96.9856,0.282691864798835
96.9965,0.295011132132913
96.9969,-0.211871017506368
97.0296,0.316179201485326
97.0615,-0.170965818686426
97.1147,0.342418347369545
97.1232,-0.168856930035233
97.1723,-0.110072763730528
97.1951,0.337923651511943
97.3256,0.346016378455232
97.3339,-0.202122205266633
97.3425,-0.335069206067658
97.3604,0.0327885661760661
97.3994,0.080675061317848
97.4147,0.338808362825191
97.4164,-0.283093399503088
97.4267,0.303835026319319
97.4419,0.199965883327963
97.4495,0.230668828202582
97.4867,-0.325984340508597
97.52,0.265194971802018
97.5261,-0.109495763815815
97.5419,0.316953849193666
97.5498,0.23449986141398
97.582,-0.0709010112350086
97.6307,0.345345943650926
97.634,0.31912929985927
97.6599,0.346441691836802
97.6764,0.316154182283242
97.6918,-0.200816071224978
97.7299,-0.257273038412478
97.7319,0.203346166604277
97.8124,0.316378989426738
97.8285,0.29404730945825
97.8295,0.348937527335409
97.8361,-0.334021809209588
97.8576,0.258944420637405
97.9796,0.211929074661697
97.9803,-0.162784277059615
97.9956,0.262634385128692
98.0946,0.175572287014248
98.105,0.287971061902866
98.2004,-0.300016763349618
98.2598,0.351562998363448
98.2829,0.0737601316633345
98.3469,0.310954721929306
98.3754,0.352682152162643
98.4033,0.222096302227172
98.4817,0.311506614707511
98.576,-0.343710520002574
98.5931,0.327120303040772
98.5952,0.259178173968905
98.5988,0.322851075556301
98.659,0.354844802784854
98.6743,0.355623969890516
98.7088,-0.345072082785435
98.7344,0.355234026435397
98.7393,0.275343060658841
98.7448,0.298481090935297
98.7673,0.0290824118371091
98.77,-0.0478436113673695
98.8386,0.204747741167083
98.8587,0.238856499140908
98.878,-0.319403760797087
98.9274,0.121184647884078
99.0464,0.132057422077608
99.1012,-0.131614155717401
99.1561,0.293537858721692
99.2344,0.354022897512039
99.2362,-0.301849506953758
99.2404,0.337785326973943
99.2709,0.341622305853406
99.3147,-0.234941410406336
99.3248,-0.177918277121023
99.3256,0.323454697040589
99.3547,-0.0674740772358149
99.3672,0.335188014784961
99.4138,0.1961556927629
99.44,-0.125323810722435
99.5046,0.346918929220408
99.5284,0.319615323574482
99.604,0.360777045234954
99.6312,0.36041080617666
99.6367,0.110856865010817
99.6524,0.333000479638173
99.656,0.326725336233977
99.6621,0.340674659998768
99.6863,0.329616571002546
99.7421,0.307697656567029
99.7712,0.36196273974187
99.8234,0.339126114983003
99.8845,-0.0836788952675818
99.9462,0.013966609196288
99.9541,-0.351668833216905
99.9669,-0.333275998270054
99.9683,0.215444636579718
99.9798,0.284913803122038
