Latitude,Longitude,elevation
35.72738905,139.68883597,34
35.73082233,139.70558365,32.5
35.63408291,139.73599729,17.2
35.64881842,139.63494458,40.6
35.74783665,139.71757685,36.4
35.66869233,139.63224387,49.3
35.6849473,139.73514984,29.4
35.62936483,139.67908418,37
35.72822612,139.61721661,48.3
35.7168712,139.62938617,46
35.67295495,139.71466235,33.6
35.65059983,139.70357065,30
35.66075108,139.7612176,1.7
35.64541813,139.69623836,13.6
35.67786106,139.69528549,36.8
35.63029445,139.65560754,51.6
35.68742657,139.66555827,32.4
35.72156667,139.75614459,25.9
35.68797359,139.68842995,34.2
35.74033351,139.69549422,37
35.64747964,139.65379465,45
35.6231845,139.70994513,20.4
35.74425172,139.64522853,34.9
35.67151239,139.66453953,47.2
35.68253959,139.71136116,29.1
35.73025948,139.64173481,43
35.67087388,139.62789791,51
35.67978912,139.71682061,33.5
35.64413874,139.68753336,32.3
35.63659081,139.69365667,33.6
35.71011679,139.74017408,5.1
35.63277112,139.7060599,15.9
35.74842434,139.70540082,34.7
35.65694663,139.70518171,16.9
35.70894285,139.74754501,25.4
35.63005111,139.68893746,32.8
35.67724896,139.7557118,3
35.71698235,139.61903915,45.8
35.68744577,139.77631522,3.5
35.74182773,139.67922226,36.2
35.68265669,139.77568024,4
35.72420831,139.72401285,31.1
35.64823895,139.69010733,22.7
35.67508442,139.68521054,26.8
35.73575134,139.72695397,19.3
35.69076296,139.7631825,4.7
35.67109041,139.63545019,40.2
35.65231708,139.66242792,34.4
35.71284732,139.72683708,28.8
35.68078156,139.73232673,11.7
35.65711547,139.62328578,43.4
35.76069136,139.7066436,34
35.72886666,139.72666666,30.5
35.69241063,139.77260269,4.8
35.64425354,139.74216292,6.1
35.73308538,139.63462279,45.8
35.68838995,139.76640426,4.1
35.64975686,139.75131808,2.4
35.64255008,139.6468882,44
35.70506994,139.66899407,37.9
35.70961327,139.60920127,48.6
35.71137414,139.61331771,50
35.67695545,139.72434445,18.5
35.69075248,139.69373521,33.1
35.73744329,139.63234593,41.8
35.64760799,139.66435022,34.3
35.62345633,139.69116885,34
35.74259296,139.63312587,44
35.74935992,139.71413308,34.5
35.65359458,139.72972769,22.8
35.71954415,139.73596441,28.9
35.68535097,139.7748752,5.1
35.61811539,139.6803852,38.7
35.72891654,139.64572869,40
35.67269325,139.69394522,35.5
35.64678352,139.65079424,36.6
35.66091289,139.74693268,20.7
35.65634427,139.62287344,43.1
35.69507508,139.61773266,46.6
35.72495429,139.63250534,46.1
35.72905013,139.66655962,42.6
35.71633255,139.62920867,45.2
35.70321817,139.76921571,21.8
35.63889964,139.70509396,5.9
35.64644057,139.71810005,16.8
35.67061402,139.66873384,41.6
35.65645561,139.69692321,32.6
35.70514007,139.72242312,19.7
35.69580384,139.69832118,33
35.64060215,139.65380692,39.6
35.65676422,139.62897115,45.5
35.68976738,139.61908964,52.8
35.62968484,139.67638456,39.8
35.64540394,139.739603,8.4
35.74872837,139.7000766,37.9
35.76022329,139.70807721,27.5
35.70740478,139.67987793,36.5
35.74594368,139.65086088,34.5
35.69079454,139.72009412,34.5
35.7229773,139.76738298,21.4
35.71424725,139.69002263,21.9
35.64581187,139.7145333,15.5
35.68754676,139.7441961,29.2
35.74875976,139.68795942,30.1
35.69810688,139.68707905,24.3
35.71353221,139.70389644,16.9
35.65680898,139.65161177,37
35.7110793,139.65306602,42.5
35.70287752,139.67447596,28.9
35.70389621,139.68562837,24.7
35.70010829,139.69024505,25.7
35.67309449,139.73535841,19.9
35.64945005,139.76271512,
35.64894239,139.75344032,2
35.68320089,139.62944286,49.1
35.68018816,139.67747534,40.8
35.66534121,139.62994354,47.9
35.70847894,139.66883468,38.4
35.70856162,139.63093123,45.5
35.67993812,139.71605715,32.2
35.70861265,139.77572994,17.5
35.73461627,139.66553402,42.1
35.72230471,139.6350724,41.2
35.67228742,139.67996883,42.5
35.73185525,139.66516744,37
35.6202766,139.68029733,41.9
35.6895844,139.67257939,33.5
35.67795986,139.72501231,32.1
35.70025173,139.67076064,37.7
35.68439706,139.62017415,48.3
35.68963193,139.76931335,5.6
35.66681044,139.64479074,50.8
35.72518424,139.67523503,38.7
35.70556836,139.75504837,9.9
35.70898597,139.65916514,41.2
35.63258543,139.63913968,51.3
35.75838982,139.6886601,35
35.66374592,139.75880626,2.8
35.72252855,139.64566697,45
35.65238891,139.67957854,26.7
35.70794453,139.62454667,46.5
35.75034594,139.7286366,26.9
35.74533124,139.73122976,29.9
35.70214275,139.7268554,19.2
35.68993793,139.67789772,33.9
35.66733973,139.62935533,48.7
35.75124726,139.71657294,24.5
35.67707073,139.62038597,48
35.67649387,139.61349846,52.2
35.66025519,139.68793431,35.1
35.6935485,139.72971157,33.7
35.66549371,139.67402084,42.3
35.6508793,139.63017351,42.1
35.67113244,139.69659555,34
35.73486541,139.64291486,43.8
35.73120542,139.65800877,41.5
35.64747443,139.71602056,12.6
35.75418177,139.72369855,29.2
35.62240499,139.72228995,5.8
35.7065632,139.75538687,19.4
35.74361263,139.74552398,27
35.65078846,139.74234259,16.6
35.63820876,139.73721483,14.7
35.67728734,139.67582768,40
35.63829958,139.69115417,35
35.69576204,139.68536835,31.1
35.74274555,139.63466879,41.5
35.64826055,139.71660635,10.3
35.72589353,139.65634341,42.1
35.64814609,139.71327305,12.1
35.67792123,139.64614698,44.5
35.65975407,139.65893472,47
35.74693516,139.70822402,36.8
35.6759689,139.77227425,3.8
35.69895221,139.62402311,46.3
35.65318214,139.75641276,2.3
35.65014404,139.67372739,29.3
35.67964012,139.75172773,27.7
35.72544106,139.7659398,14
35.65900357,139.67982986,35.5
35.64636484,139.76062327,0.1
35.61907128,139.68716707,28.3
35.69001742,139.68709993,35.4
35.67800571,139.61405406,51
35.71490905,139.71177666,4.3
35.71071477,139.75897946,23.8
35.69235198,139.63657206,44
35.70369836,139.74454356,5.7
35.70214677,139.74329408,5.6
35.67950088,139.68019262,38.6
35.65460038,139.6728896,29.3
35.75210601,139.68861832,26.3
35.72750087,139.74696888,27.8
35.71942518,139.63759946,45.8
35.69157713,139.67401868,29.7
35.75227189,139.65230345,39.6
35.69564516,139.72215902,34.1
35.66485467,139.69755638,30.6
35.74006275,139.7524063,24
35.69582723,139.76220987,8.3
35.74689573,139.70822297,36.7
35.69268401,139.65960702,38.8
35.68317701,139.69410381,38.9
35.6812321,139.68857154,41.4
35.67765318,139.63484254,45.3
35.69108283,139.70581095,36.7
35.67812952,139.74302554,27.1
35.75754121,139.71774598,24.4
35.64655167,139.74977122,2.6
35.7561631,139.69684004,26.7
35.67947203,139.75172571,25.2
35.63632659,139.72735372,26.4
35.70078837,139.66164721,33.4
35.68693143,139.77655988,3.8
35.69803821,139.69060468,26.2
35.69752888,139.76247572,14.1
35.67941549,139.69047892,33.3
35.73291541,139.67084413,40.8
35.72661137,139.74006984,26.1
35.67758476,139.72157231,33.8
35.7332221,139.68294978,40
35.67270854,139.74423676,22.1
35.7067799,139.66189272,39.7
35.70070486,139.61387596,53.2
35.7560028,139.67285206,34.9
35.64809116,139.72898695,9.4
35.75053217,139.65184659,40.5
35.62594139,139.73356977,26.6
35.63897706,139.65171188,43
35.64044146,139.65863097,36.6
35.72522621,139.63589192,45.3
35.63868147,139.69224817,32.8
35.66126802,139.72156317,18.6
35.67660038,139.6434341,46.2
35.63901571,139.75124049,3.7
35.69593075,139.63459953,39.3
35.68904923,139.60577495,50.4
35.68795797,139.69425616,40.9
35.65538643,139.70562074,14.2
35.70751584,139.64852388,44.2
35.73311644,139.70981452,33.9
35.69103603,139.71091713,36.1
35.72477436,139.69067702,35.4
35.67281957,139.65793447,47.6
35.6587488,139.69494827,30
35.66062678,139.76517863,1.9
35.67967316,139.73754897,28.4
35.73938778,139.62900434,43.3
35.63415715,139.66076856,47.7
35.71331332,139.66720964,38.2
35.67541766,139.72578922,18
35.66708424,139.69196984,21.1
35.66720359,139.75772193,3.7
35.72800579,139.63265989,46.5
35.68884676,139.68511031,35.2
35.65416262,139.73289057,18.6
35.63096613,139.73114762,27.7
35.70122436,139.67918671,26.3
35.75752206,139.69859514,27.2
35.6315439,139.68872056,35.2
35.67625732,139.73280561,24.2
35.7465299,139.74141017,29
35.70210705,139.69190925,32.6
35.75904968,139.68612618,34.5
35.75369869,139.65723651,39.8
35.68271432,139.73286997,32
35.62572068,139.71086181,19.4
35.67598081,139.77684777,3
35.70108257,139.71817852,36.4
35.71510444,139.72580419,30
35.63506453,139.68908721,31.4
35.67219531,139.7172431,34.7
35.66821959,139.75835551,4.3
35.67435848,139.77134307,4.4
35.73541111,139.67658615,37.1
35.72403219,139.63706374,41.6
35.72798152,139.7165166,31.9
35.64946267,139.6325061,40.8
35.67330425,139.6698331,39.7
35.67796757,139.63414945,42.3
35.70905927,139.68937963,31.9
35.67658209,139.71154424,29.3
35.73193647,139.63493886,45.9
35.68030913,139.68266213,37.6
35.70263512,139.63577439,48.7
35.62859107,139.65377638,43.7
35.63294494,139.67673394,33.5
35.6697905,139.66595366,40.4
35.73541739,139.71922538,30
35.64249523,139.67293171,39.8
35.65111611,139.73328325,6.5
35.68152222,139.77160191,3.9
35.72030896,139.72303904,28.3
35.67116126,139.6328067,42.2
35.64453855,139.7442682,4.2
35.71663635,139.67209568,38.2
35.68173455,139.64220363,47.8
35.72435155,139.65816754,43.4
35.66839098,139.76479236,3.3
35.69721537,139.64931077,42.9
35.68935148,139.62839007,47.7
35.64299114,139.62829078,52.8
35.67808111,139.62357667,42
35.68589043,139.76337857,3.5
35.72235256,139.6358364,39.7
35.62281922,139.65916942,43.5
35.69062806,139.7136959,34.6
35.65266915,139.67564535,30.2
35.71722658,139.71922311,26.7
35.65623776,139.74940632,5.6
35.65324298,139.62447758,41.6
35.63684451,139.6358671,50.1
35.70535212,139.72501793,11.1
35.71784646,139.72474474,29.7
35.69936748,139.67182712,37.3
35.71409607,139.70842338,10.7
35.75487756,139.69573421,28.6
35.68891163,139.73317235,28.9
35.65986685,139.650337,42.6
35.70031306,139.7290347,29.8
35.67796173,139.71849141,33
35.62909932,139.70089313,30.7
35.63564788,139.72424412,30.5
35.64802942,139.74249031,10.4
35.64396396,139.64331075,41.6
35.62042126,139.69058782,31
35.71170666,139.77425713,15.1
35.73567061,139.69107808,36.2
35.66304879,139.62065686,47.9
35.74172356,139.65732048,40
35.71222593,139.71487232,10.1
35.75365548,139.67850365,26.1
35.69358284,139.60387531,51.9
35.72847237,139.62364881,46.2
35.70673716,139.63021336,48.2
35.68541918,139.60389514,45.7
35.64221601,139.66516784,37.3
35.6559049,139.66382785,40.5
35.63828983,139.6987157,27.1
35.68996285,139.64124502,45.7
35.71069924,139.67201509,35.1
35.64082381,139.65735997,39.7
35.72400627,139.70111142,34.2
35.65025292,139.76634827,0.1
35.71664558,139.63352276,49.1
35.63182401,139.73050894,28.5
35.62456554,139.73004242,3.6
35.75844232,139.7093364,22.5
35.75994181,139.71103017,20.8
35.7102135,139.67648905,34.9
35.73447541,139.69075776,37.3
35.68605046,139.73115172,31.6
35.64669446,139.68398203,30.5
35.71471092,139.7012677,13.7
35.72861167,139.68762201,38.6
35.66159555,139.68243515,37.8
35.70664547,139.62669409,45.9
35.6495588,139.72639973,24.4
35.71427828,139.63449366,46.2
35.70544467,139.6755029,30.7
35.65808126,139.62668119,46.1
35.72706333,139.62880774,45.9
35.65846807,139.74172021,25.7
35.66408918,139.76677314,3
35.68405595,139.69373053,37.1
35.63217703,139.69290102,31.8
35.70569082,139.7382538,8.5
35.689922,139.61448366,53.5
35.67638605,139.66119034,43
35.63083591,139.73335551,26.1
35.70443414,139.67290689,35.8
35.72370914,139.68546039,36.2
35.67588183,139.67533844,40.4
35.70577862,139.72440087,10.9
35.7263602,139.70845705,31.7
35.74124632,139.70868227,32
35.64680473,139.64684209,37.5
35.74001491,139.64924659,45
35.64148174,139.66959415,47.6
35.73077446,139.69053264,36
35.73470183,139.62847552,47
35.63746695,139.72516022,29.7
35.68271311,139.77448254,4.3
35.66500049,139.65268539,40
35.64526604,139.68325562,32.3
35.72889036,139.72003962,30.6
35.67271762,139.63705034,40
35.70329102,139.71384731,35.5
35.74459824,139.67152524,38
35.73550212,139.7478036,34.9
35.68834835,139.75179692,16.5
35.72874577,139.69043075,34.9
35.68887251,139.66000073,36.9
35.63416816,139.67134809,37.7
35.65834289,139.76110916,1.7
35.70902745,139.68213853,34.5
35.6931202,139.6495065,38.4
35.70924424,139.7389625,5.3
35.70752435,139.61388732,50.4
35.64822751,139.71696404,8.2
35.70882128,139.68549389,30.1
35.63931949,139.70774224,10.2
35.69615428,139.73091853,20.4
35.66155796,139.73982459,24.8
35.62926491,139.72158811,27.6
35.73715126,139.73833891,31.5
35.6685961,139.76081578,4.2
35.72920262,139.72430814,30.7
35.65823165,139.66023096,45.9
35.69637013,139.68551308,28.4
35.64525593,139.72413344,9.4
35.73423202,139.63187519,47.2
35.66443668,139.65103964,44.5
35.69143016,139.7419882,29.3
35.66966835,139.72392791,29.9
35.73181152,139.64656282,45.7
35.74586951,139.73831742,21.9
35.70700621,139.75945575,23.4
35.65058782,139.62247106,43.2
35.6915897,139.72922944,32.2
35.7262044,139.700667,31
35.62391432,139.71233778,21.4
35.67775396,139.75009853,4.3
35.64725292,139.63937267,39.9
35.71416415,139.70313445,16.8
35.64399083,139.62812891,51.6
35.70901464,139.61907494,50
35.6914861,139.76455583,5.1
35.69279569,139.60746291,51.5
35.654582,139.6347066,46.5
35.69533804,139.67303024,38.1
35.65870809,139.73769129,29.5
35.65048767,139.75034117,2.8
35.74405498,139.67597832,38
35.63604595,139.64452216,45.7
35.72206223,139.619762,45
35.69825107,139.64721113,44.8
35.67004158,139.71544242,34.1
35.69932329,139.7470406,11.6
35.75112998,139.69747468,31.8
35.69017229,139.63035882,43.6
35.63483289,139.67918311,36
35.69439829,139.69554844,36.8
35.62102993,139.69699258,32.9
35.67968945,139.63669345,48.2
35.63627395,139.7358293,15
35.62034773,139.68818929,32.2
35.75916394,139.68965126,35.7
35.73872194,139.71838264,32
35.74172322,139.7501767,28.3
35.62897476,139.69148341,36.5
35.7021053,139.64225398,42.3
35.66089767,139.62800876,47.9
35.6350775,139.73146598,25
35.73272097,139.63180701,46.7
35.69769546,139.69812035,33.8
35.72219444,139.64260942,44.3
35.67353852,139.63180071,42.7
35.65256897,139.73457346,6.4
35.66426148,139.76042676,3.8
35.64876897,139.63746632,40.5
35.66605051,139.65780688,47.7
35.68320022,139.74375541,28.6
35.73437147,139.75562214,17
35.64071042,139.64149973,44.6
35.63956914,139.6546309,40
35.65769317,139.61477815,49.1
35.68860893,139.63674349,45.6
35.72192612,139.71238817,29.1
35.65584276,139.76494624,
35.71306589,139.68619604,25.5
35.73970814,139.65504706,45.3
35.65643265,139.63437159,42
35.63674702,139.72741169,25.5
35.67954602,139.74849615,4.3
35.62287469,139.69018928,34.5
35.72518932,139.6424298,45
35.71987636,139.71474065,29.1
35.71669702,139.69179421,17
35.65401986,139.742654,5.1
35.67559304,139.71021542,24.3
35.67808381,139.62891466,46.3
35.63434039,139.73623709,22.9
35.70803764,139.73819063,4.7
35.68925859,139.73062808,24.4
35.65230688,139.74754846,4.7
35.69875689,139.73516394,27.4
35.66334426,139.74694792,7.3
35.63136869,139.6939423,32.1
35.73550697,139.71989012,27.6
35.66620292,139.6313904,48.8
35.72142729,139.65702776,41.3
35.73478609,139.75394326,17.4
35.66576851,139.61213268,46
35.67808392,139.66523939,37.6
35.63552978,139.72345187,27.7
35.66966917,139.73606856,13.2
35.62484506,139.65883766,45.8
35.6371335,139.71505966,31
35.69985016,139.71556771,36.1
35.63489737,139.68160074,35.8
35.69699505,139.6130214,51
35.75155705,139.73499219,18.2
35.73141729,139.75458178,24.5
35.64060348,139.65330947,40
35.67116845,139.60604229,49
35.73958297,139.67924193,35.1
35.6439451,139.71493462,27.6
35.6291528,139.67506879,43.3
35.6333374,139.72219782,20.5
35.70441991,139.61836661,54.6
35.65892361,139.64859277,45.1
35.62892226,139.68597572,39.7
35.65696152,139.7579601,1.4
35.70775682,139.73280596,4.9
35.70677318,139.72462989,9
35.73541244,139.64260073,44.1
35.67896645,139.62601058,49.2
35.62839428,139.67960605,38.4
35.72627699,139.74863214,28.3
35.73982435,139.69613295,37.3
35.71484254,139.65401914,42.1
35.73187371,139.67357353,40.6
35.62528022,139.66976369,41.7
35.66660408,139.76027055,3.8
35.69236085,139.67788363,27.1
35.70521712,139.75809383,22.5
35.63801031,139.7314264,19
35.6421501,139.71996506,14.1
35.75504039,139.68355444,31.2
35.64177292,139.7074322,23.9
35.70844748,139.74605186,16.1
35.675093,139.64848643,37.6
35.69668248,139.76231935,10.4
35.72186083,139.71749163,29
35.6702415,139.71121846,33.5
35.63328128,139.67836753,33.3
35.63658842,139.65577281,39
35.6618519,139.75083562,3.9
35.66634123,139.7646379,2.7
35.73608762,139.65540976,48.5
35.74434425,139.66315347,38
35.65260868,139.62796017,43
35.61928866,139.67136153,36.4
35.69428529,139.75922957,4.5
35.71970757,139.63593211,46.1
35.74117392,139.74633581,22.2
35.62625489,139.66262132,37.3
35.66358361,139.65338386,40.8
35.75543499,139.65627273,40.2
35.66181554,139.64682638,49.3
35.65660277,139.67992941,32.4
35.64497777,139.62562199,47.9
35.7469101,139.72089531,34.9
35.70177074,139.61313185,50.8
35.73760393,139.75811781,27.7
35.66574199,139.75609724,2.7
35.73292154,139.64114573,44.7
35.74508306,139.69891818,32.5
35.71822306,139.67344334,38.6
35.73880634,139.72194709,23.5
35.7130623,139.60855778,51.3
35.71592988,139.68683365,21.8
35.73268284,139.75499335,21.6
35.73721025,139.70835439,30.2
35.70853833,139.75574459,21.7
35.70144932,139.73328211,28
35.6684125,139.73995641,11.6
35.73181156,139.69754425,29.8
35.6574224,139.65473998,42.4
35.74442452,139.74449517,32.7
35.68731188,139.71903286,33.5
35.68532162,139.61021823,47.9
35.72044899,139.69966867,35.8
35.72715237,139.65858435,39.6
35.75053508,139.64732032,39.2
35.6918371,139.69864061,39.1
35.73331203,139.64337599,44
35.759309,139.70025288,31.2
35.68380473,139.68738161,41.1
35.72407765,139.73181435,21.7
35.75544119,139.67708605,28.4
35.73747313,139.70532666,27.8
35.66090311,139.6449045,45.1
35.71571343,139.75375788,18.1
35.75363966,139.68432823,27.1
35.70186464,139.6316905,47.8
35.65456522,139.76919771,2.6
35.66289149,139.67812705,40
35.6880373,139.69345019,36.3
35.74829258,139.7005255,38.1
35.72611362,139.71770581,26.6
35.69695742,139.64878402,43.2
35.72803483,139.71381068,33
35.70394485,139.70763631,30.9
35.64388683,139.67631468,44.9
35.6806245,139.66646694,41.1
35.64608928,139.67874039,36.1
35.66004551,139.67410502,42.2
35.64206352,139.71362986,30.4
35.71738367,139.65418352,39.4
35.72504455,139.70521881,32.5
35.66459844,139.65556908,45.9
35.70857342,139.77456447,16
35.67142975,139.73203533,17.6
35.65208279,139.6326328,44.9
35.70300052,139.7306664,25.6
35.66252767,139.62941278,45.4
35.68041707,139.7154902,26.3
35.71638838,139.64188499,40
35.71287233,139.6829244,26.6
35.68431353,139.67953627,32.9
35.69833794,139.73692296,29.8
35.70244852,139.76064909,20
35.67069293,139.62305634,50.7
35.69454333,139.73836447,4.5
35.73496671,139.62979955,47.7
35.74008761,139.73153334,27
35.72569301,139.66523599,42.3
35.7292083,139.68600154,40.2
35.65247693,139.65523088,37.7
35.64679102,139.70655543,22.3
35.65543885,139.64113987,42
35.64000459,139.65586263,39.9
35.6902532,139.65745144,38.8
35.71149317,139.69139858,20.9
35.64968599,139.62608442,46.2
35.71835116,139.62210773,45.5
35.682974,139.68991468,40.7
35.68165179,139.75805397,4.9
35.65866967,139.67912927,40
35.7411439,139.67408293,40.2
35.73525421,139.67700837,36.6
35.64135647,139.68536219,28.3
35.74321833,139.74834874,28
35.7240519,139.61412891,47.8
35.73978537,139.70461366,36.8
35.70336312,139.71454372,36.5
35.68727731,139.77521396,4
35.71228251,139.77148745,9.6
35.66446364,139.7402395,26.3
35.7283829,139.67833546,39.8
35.63809616,139.68850273,34.3
35.73413109,139.73159214,27.5
35.72339342,139.64398999,46
35.67182777,139.70084793,28.2
35.66693445,139.63085293,49.9
35.65249246,139.62664923,43.1
35.74866914,139.67601767,37.8
35.69964458,139.76601909,1.2
35.72018837,139.69400367,34.4
35.68793336,139.73769828,29.9
35.66800749,139.6347239,48.2
35.70974238,139.70335554,26.5
35.70955514,139.6453187,45.1
35.75087173,139.71698312,24.5
35.64533708,139.75685866,2.8
35.66246308,139.69121919,35.1
35.7007469,139.60739243,51
35.67626107,139.66514151,36.9
35.73221769,139.74665972,29.3
35.65737728,139.67621939,41.3
35.70499349,139.62646964,50.7
35.62560214,139.66719499,45.7
35.74851159,139.65141334,41
35.63456445,139.64191151,48.8
35.74834305,139.6807126,39.5
35.72495335,139.73104771,25.3
35.62771351,139.68958409,32.6
35.6311751,139.73066668,26.2
35.74571737,139.67513245,37.2
35.69590239,139.71197849,36.3
35.70687405,139.65100212,42.4
35.64378089,139.71021992,30.7
35.68257146,139.76912256,3.7
35.72050593,139.75960647,25.1
35.68143137,139.70493214,39.1
35.66061718,139.68354758,38.1
35.74087328,139.63581174,42.4
35.70955503,139.69809303,31.5
35.70176946,139.64693917,40.8
35.6240036,139.70068826,34.9
35.74403877,139.69850868,32
35.65171125,139.7325322,21.5
35.66665045,139.63998678,52.5
35.65154845,139.73367976,7.1
35.74980527,139.68372585,28.1
35.68090788,139.68094916,37
35.68306663,139.66171604,31.2
35.64018175,139.66091399,37.9
35.74242386,139.71775318,27.3
35.62497171,139.66685644,42.2
35.73174321,139.62263879,46.8
35.67073252,139.76409147,4.5
35.71751351,139.69338935,28.6
35.70663016,139.76231713,22.5
35.64077369,139.6748496,37
35.63620436,139.73634471,14.5
35.63720301,139.63174792,52.1
35.72344985,139.76225814,13.7
35.61889845,139.70554393,37.9
35.74627677,139.63711125,40.8
35.73895951,139.72456491,20.4
35.74951449,139.66415549,32
35.62027584,139.71666096,22.4
35.69652623,139.75749593,4.4
35.69060621,139.63426956,45.1
35.64337948,139.69590027,22.8
35.65218328,139.76369927,
35.73971144,139.66297983,42.9
35.75723576,139.66367045,37.7
35.66842663,139.61392654,47.4
35.68889895,139.74578966,17.2
35.72727513,139.69124321,32
35.67284437,139.67749485,34.3
35.67951179,139.66922545,35.7
35.74328268,139.72663843,27.2
35.69267249,139.62960131,43.2
35.67769035,139.72756002,13.9
35.73129947,139.62213103,47.3
35.72128636,139.61612501,46.2
35.71920316,139.72809557,12.5
35.65319159,139.67292362,31.5
35.73798109,139.62677869,44.8
35.66362347,139.75886102,2.6
35.74897833,139.64616953,39.2
35.69627374,139.76251245,8.7
35.74100846,139.73598008,27.1
35.68120328,139.68402328,39.5
35.69570805,139.66379829,36.7
35.70891785,139.67912458,31.6
35.65386566,139.69523609,32.6
35.6800795,139.77604842,2.3
35.70867426,139.66566589,39.7
35.72173029,139.62071888,44.2
35.67672328,139.72389783,17.9
35.638848,139.67480004,31.1
35.68873238,139.67460266,35.3
35.62269059,139.7189222,9.6
35.72970015,139.70417429,33.5
35.75778336,139.71288536,23.6
35.67502827,139.66644789,42.2
35.66224989,139.76134632,3.7
35.71488767,139.72218979,28.9
35.69900534,139.64675494,44.4
35.68501159,139.6715732,36.1
35.6949515,139.6045986,50.5
35.65687223,139.6628989,42.2
35.64167886,139.75788586,3.5
35.69155347,139.65462503,39.5
35.71833567,139.64478495,45.9
35.61716081,139.69290047,31.8
35.63194606,139.7213375,27.7
35.73563395,139.74544178,28.8
35.73454553,139.63395995,48.8
35.67601165,139.7765128,3.2
35.64936683,139.62042079,45.3
35.69194159,139.60435045,53
35.68576772,139.77069994,0.1
35.69034403,139.75376287,15.3
35.63105194,139.73760893,4.4
35.68068536,139.60846822,52.9
35.74061054,139.65172561,40
35.64470898,139.67619639,41
35.71787651,139.72911606,18.8
35.75308623,139.70778782,34.2
35.62403638,139.68668822,34.4
35.64132474,139.64785266,42.3
35.69885523,139.6313615,47.1
35.68662503,139.69374947,39.8
35.69302758,139.6260411,43.8
35.73399509,139.70646449,33.8
35.63421565,139.71431043,25.7
35.68968155,139.72933468,23.9
35.70135824,139.70813088,31.6
35.71407057,139.76703076,15.3
35.64014901,139.62816552,49
35.64947827,139.64902809,34.1
35.69343459,139.60795647,49.2
35.64441435,139.63449169,45
35.65017463,139.68846379,13.7
35.68976099,139.65169958,42.5
35.73580685,139.73269222,27.8
35.70084565,139.63619184,52.7
35.72830782,139.66266244,38.4
35.71159214,139.76475217,25.5
35.65099633,139.75843701,0.1
35.66686925,139.60730899,53.4
35.70008092,139.74138385,10.7
35.73848809,139.63845853,44.2
35.68429649,139.75133175,8.7
35.63795829,139.74539102,3.4
35.71356707,139.60942099,50
35.65531955,139.76231204,2.3
35.74983189,139.65133892,40
35.68830142,139.766906,4.3
35.72381742,139.75017749,29.3
35.66503975,139.76946986,2.8
35.69140932,139.65970342,39.7
35.72316754,139.75733237,24.2
35.67434401,139.66394118,48.1
35.6824007,139.73824464,29.9
35.67110118,139.74762662,15.5
35.63697455,139.63703436,49.2
35.71618732,139.68962892,18.9
35.71741554,139.65788137,40.9
35.69730138,139.75352092,3.5
35.71835775,139.65121619,44.3
35.67019942,139.61720354,48.8
35.70932458,139.63056587,44.9
35.64855738,139.61846998,46.9
35.73191363,139.72158612,31.7
35.70522148,139.73053031,11.3
35.73796126,139.65743412,45
35.67633112,139.68570134,40.6
35.63230439,139.63751727,54.4
35.72278745,139.635807,38.9
35.65267946,139.70173379,29.9
35.69539002,139.6119147,52
35.7098889,139.6703379,38.3
35.69865731,139.63622142,48.8
35.72374176,139.71226551,27.2
35.73239988,139.69779685,30.6
35.65967217,139.63518086,42
35.62294755,139.69816258,33.6
35.70111544,139.77123686,17.2
35.68278753,139.67847961,32.9
35.68660678,139.66118468,31.9
35.63759472,139.68422688,28.9
35.70962213,139.76172351,21.1
35.65297488,139.73615431,6
35.69580739,139.60991431,49
35.71855273,139.76612856,12.2
35.63615289,139.67171025,37.4
35.74252672,139.74048027,20.8
35.6415728,139.68235597,29.6
35.74062506,139.63557965,42
35.63553312,139.74945699,4.9
35.66748418,139.72556316,31.5
35.70727595,139.66983918,35.4
35.64418664,139.70604853,31.7
35.66185705,139.69355815,30
35.67633332,139.72452409,21.4
35.69595976,139.77079036,5.2
35.67105882,139.66582756,43.3
35.74818583,139.68715367,31.1
35.65561396,139.6705227,32
35.69358525,139.76335649,6.1
35.6309254,139.69733588,31.9
35.68766478,139.61609815,55.8
35.72834436,139.74384497,24.5
35.74711851,139.73005758,27.6
35.69984839,139.71249656,33.5
35.66086949,139.72095383,26.4
35.63952548,139.75333953,2.8
35.67190155,139.74804167,12.9
35.71658535,139.72964132,20.2
35.64829164,139.70698668,19.5
35.68204722,139.6698898,37.9
35.73283075,139.63486679,46
35.65965969,139.74054944,28.6
35.67403323,139.74135437,9.9
35.66617521,139.61828357,49.7
35.69685656,139.64414712,48.3
35.6964745,139.75766873,4.1
35.70408659,139.69426076,31.8
35.64241983,139.70331162,9
35.64337759,139.6869122,33.8
35.65344939,139.63183147,42.4
35.64919911,139.70228781,28.5
35.71613148,139.76704702,16.4
35.64858975,139.73983629,7.1
35.70224871,139.77727486,16.7
35.67728212,139.69452379,36.9
35.67992218,139.64758489,43.3
35.71748473,139.62555034,43.4
35.74337122,139.74900263,26.8
35.65767725,139.74391843,9.7
35.67887583,139.68400698,40.3
35.69405509,139.66472225,36.5
35.67092866,139.6281533,51
35.65260321,139.61609393,47.3
35.69030391,139.73994622,25.8
35.69199663,139.60310908,52.6
35.65037196,139.63970492,41.7
35.69451506,139.65576917,37.7
35.64925234,139.66770054,33.1
35.6904893,139.74122089,23.1
35.68842268,139.69821072,39.6
35.71323115,139.74974682,7.7
35.71845413,139.66541785,35.5
35.68489254,139.72452125,20.5
35.67625258,139.69755687,34.9
35.74851449,139.7309732,24.5
35.66433491,139.76549162,3.6
35.65725237,139.76110495,1.9
35.69864014,139.68235685,33
35.67243438,139.69930542,30.2
35.70810531,139.73820552,4.6
35.67266598,139.73474499,27.4
35.65499302,139.62247849,44.4
35.75740166,139.67264065,32
35.63251509,139.70631561,19
35.65247792,139.6215672,48
35.68227575,139.61996674,43.8
35.72334607,139.75724946,24.2
35.74052535,139.69162308,37.4
35.66503237,139.66073395,45.7
35.6548182,139.69841305,28.7
35.69389318,139.6064795,52
35.62563314,139.65162105,43.6
35.73394228,139.75396576,18.2
35.63407238,139.65213378,48.8
35.68142723,139.67080011,37.8
35.7008881,139.67906749,27.3
35.68442914,139.6354251,46.5
35.6752145,139.701785,33.6
35.69973719,139.76320944,17.7
35.70024915,139.69564466,34.2
35.69596153,139.66425409,36.9
35.69691753,139.67920332,34.5
35.75764152,139.67361309,32.9
35.68814324,139.60523036,51.1
35.69363289,139.74516215,25
35.63195638,139.68264976,34.8
35.69650119,139.61884606,48.2
35.68726009,139.68432876,38.8
35.63962977,139.64433339,41.8
35.69051455,139.65563919,39.2
35.70260828,139.71861052,26.3
35.65003383,139.62364489,45.5
35.70970398,139.63283124,42.1
35.73970504,139.75478867,24.2
35.69240968,139.69461794,39.1
35.63736434,139.68055824,31.8
35.66477184,139.70467744,20.2
35.69853977,139.63921055,48.1
35.73602503,139.74725138,31.7
35.62629578,139.70496057,19.4
35.72989611,139.72247695,30.6
35.68209923,139.67417117,32.8
35.66372002,139.67707473,40.7
35.71168299,139.74710232,24.3
35.64539944,139.66094387,35.6
35.62856776,139.69130681,36.6
35.69301971,139.67611183,27.3
35.6665293,139.7652404,2.6
35.71731947,139.73745773,27.5
35.6693256,139.76394388,4.4
35.63523011,139.64482517,43.8
35.64975916,139.6880659,14.3
35.63017035,139.68932022,33
35.73943161,139.70111047,35.3
35.64480201,139.75922649,3
35.72975123,139.66274087,37.7
35.75471887,139.72585526,25.6
35.71681217,139.72232305,29.6
35.67023477,139.74717458,8.9
35.6497895,139.62011426,47
35.6859402,139.7085218,35.2
35.75378944,139.71609746,25.2
35.74002876,139.68254836,39.1
35.65626025,139.69373111,27.3
35.69337743,139.6350813,43.5
35.703483,139.67692879,29.3
35.63153984,139.70756596,17.8
35.62490426,139.7129777,18
35.72534042,139.75968587,25.4
35.70986634,139.72158091,8.4
35.6752291,139.60639279,51.9
35.75656751,139.69575159,25.4
35.70724172,139.63677523,47.9
35.67397328,139.70349221,31.8
35.65247949,139.69125003,27.8
35.64414616,139.65415654,41.6
35.69116956,139.75538786,3.3
35.74657342,139.72425085,28.1
35.65954341,139.71048963,33.8
35.6382325,139.71709678,27.1
35.72698986,139.67173489,34.1
35.64419683,139.70511054,32.2
35.66796194,139.71401574,35.5
35.71537424,139.69133279,19.7
35.71297028,139.62071845,47.2
35.75480689,139.6757959,29.7
35.63690603,139.67834175,30.3
35.74180742,139.74459786,21.6
35.68348611,139.68274535,39.8
35.64077832,139.69307993,19.6
35.74681678,139.63827781,39.2
35.70825916,139.70757348,27.2
35.70556932,139.70957492,22.4
35.64165034,139.64602824,42.1
35.7054481,139.66813565,39.2
35.66860962,139.72871919,18.3
35.68648482,139.76712594,3
35.73789747,139.66535582,44
35.6863787,139.67142171,35.5
35.7257207,139.73172069,24.4
35.64892617,139.68413644,25.1
35.86755848,139.2963581,225.8
35.5140764,138.46994656,418.2
34.74317026,139.83539142,-2092.7
35.14341212,138.56637711,200.3
35.07988751,140.49247169,-121.3
36.84870126,138.69282237,1881.5
36.3673106,139.37129243,65.2
36.88257325,139.15294736,1717.1
34.41608832,139.29843227,
35.83162196,138.43267779,710.2
35.07539533,140.44027304,-123.3
35.74042558,140.57015568,3.5
34.84839743,138.5289687,-693.5
36.71528533,139.80303636,246.5
36.67113381,139.46151149,924.9
35.4479709,138.4779677,257.5
35.24335368,141.22106696,-1837.9
35.51457687,139.97292222,-17.6
35.52951285,140.34729372,4.6
34.77149151,140.0142862,-2129.1
34.70432273,140.76507889,-2236.6
35.46195277,139.13298155,826.8
34.46812655,140.2296949,-3061.1
36.38340715,140.84034732,-119.5
34.96821882,139.80701394,37.6
34.60556299,139.16798189,-510.8
36.60931189,138.91356076,588.4
34.51100381,139.5583005,-170.3
35.31678902,139.19103477,295
34.49385217,138.97544985,-552.7
36.27012177,138.53274402,980.2
35.71811952,139.18954032,344
35.12736229,141.16732765,-2591
36.05656555,139.10254474,258.1
36.71621576,140.60058898,337.2
35.27234297,138.94195118,569.1
36.66457904,139.35151917,1468.8
36.78279828,138.69001929,1496.5
35.42933828,138.98309801,764.2
35.84710985,140.37958226,38
34.8751301,140.39673506,-933.5
36.09480192,138.14912782,1526.9
37.00463996,139.28998498,1382.1
34.85868526,138.80723652,211.3
36.5365024,139.54223799,502.4
35.29317328,138.52615383,362.2
34.97442393,140.53789766,-701.7
34.75156682,138.36154803,-512.8
35.72031567,141.20032528,-175.7
36.68520106,138.64664975,1348.6
36.32567976,138.31794348,720.2
36.29069,140.51428885,14.7
36.65240576,139.44607047,774.8
34.57098463,140.70502831,-3118.2
36.10825019,138.9763757,407.7
36.22539869,140.40548573,14.4
34.75434363,140.51253621,-1923.8
35.74120089,140.81545323,
34.75556567,138.52993411,-137.4
36.32962089,140.24253939,243.1
36.40268487,139.279672,195.6
35.96602975,139.42602622,24.3
35.17420772,139.21525492,-969.7
36.11766123,139.34225003,60.6
35.20341391,139.23090492,-962.9
34.65750477,140.45521151,-2837.3
35.87578398,140.92432323,-67
36.04798548,140.67518189,-16.6
35.97141918,138.89021132,1065.3
35.92289697,139.18946793,306.9
36.65920622,139.35433865,1326.2
36.76700855,140.63810365,456.5
35.54645108,141.02482513,-110.8
35.45052019,140.65819081,-37.4
35.93114585,139.36758416,49.1
36.67447697,139.31717223,1530.8
34.50142435,139.46313087,-85.4
35.95608546,141.41238569,-1616.6
35.1141386,141.18174266,-2517.3
34.88883802,141.12138982,-2555.8
35.97509217,140.16514789,13.3
36.86159293,139.24469534,1280.5
35.19912882,139.1977707,-786.7
35.57314833,139.05709029,520.8
35.24944929,141.17544519,-2226.1
36.91394584,140.50151335,670.3
35.22954446,139.0780438,493.9
34.91425267,139.28573515,-1320.8
35.25392498,140.06535156,74.3
35.9724322,138.67534562,1485.2
36.63379171,138.52488921,1910.6
36.44269631,140.9239179,-174.1
34.34963988,139.4328226,-535.8
35.59701676,138.09891546,1745.2
34.31863332,139.28566446,-0.5
36.84484497,139.96661211,225.7
36.37160496,139.47652304,77.2
34.63576078,140.60537725,-2179.4
36.6015898,141.01594961,-142.8
36.53784064,138.35582729,1418.1
34.92534868,139.23808124,-1232.4
35.24556209,139.2569875,-201.9
35.70696712,138.04254357,1314.6
35.10560017,139.58241056,-72.6
35.10932549,138.6852927,-427.6
34.94479704,140.15830533,-815.2
35.47987645,139.68987043,4.7
35.25337734,139.30263475,-621.1
34.87403351,138.88132506,705.7
36.65608149,140.16557167,84.6
36.78658774,140.79187292,-11.6
35.69929094,138.41680908,646.6
35.20498592,139.23744027,-982.1
36.055661,139.46658014,14.1
35.96163457,140.31751314,8.2
35.52970423,139.32930529,121
34.65525826,140.82181566,-2913.8
35.9278159,141.31021855,-1017.1
37.11475308,139.42571663,1404
34.94989303,140.73747686,-1271.6
36.56211267,140.8257733,-80.8
35.06051655,138.22480027,534.8
35.00716621,138.49040374,6.7
35.23014562,138.77273853,943.8
34.70265359,139.32318106,-81.8
35.34818869,138.95731345,429.8
36.59181258,138.70451004,943.8
35.39258434,140.21731236,30.5
36.25728392,139.75349778,28.5
34.91373535,139.32345509,-1523.3
34.58549032,138.95460676,-52.3
34.39264866,139.50315138,-431.8
34.8604452,140.98746565,-2212.8
34.99674188,140.27533956,-876.7
34.97905668,138.21241782,384.3
35.441843,138.78866396,1067.9
34.89760935,140.36323727,-686.5
34.5731023,138.86589497,-91
35.90127684,139.94469699,20.5
36.34719029,139.94764815,38.8
35.15634913,141.15998843,-2269.3
36.69713106,140.61135016,370.8
35.87505239,138.28453962,913.4
35.02247304,140.09418146,-78.4
34.96158451,138.90541207,287.4
35.81812693,137.92046618,839.7
35.02218627,138.30712359,169.3
35.51136358,140.27033879,53.5
35.05620056,139.52690115,-836.5
35.08023422,141.20166908,-2558.3
36.35164067,140.80693745,-101.8
35.38843985,139.89049385,-0.6
34.83027955,140.26519877,-2102.2
36.84680068,139.23063297,1268.4
35.79960585,137.96716682,640.9
35.147512,141.06916068,-2241.8
36.01362247,139.91269068,18.4
36.86230885,139.42025027,1630.1
35.99296596,141.06499613,-381.1
35.56184532,141.25524239,-793.1
35.23675962,140.69519687,-120.5
35.85307131,138.60459297,2000.6
35.14826286,139.71910344,-112.3
36.08824018,139.88089375,26.6
35.35762732,138.8165672,1196.3
34.62326898,139.96685512,-2047.9
34.9387888,138.51867065,-253.9
36.94604928,139.69701133,590.3
35.9589335,141.41670742,-1638.5
34.78517009,139.88909866,-1593.2
36.65961706,139.25323451,961.2
35.92394054,140.25721736,26.4
35.42206393,138.74251036,1361.8
34.89904631,139.50471607,-1316.2
34.28759766,139.46564501,-476.3
35.92767651,138.10099623,991.9
35.37532177,140.55152125,-29.7
35.32498654,138.08065269,2314.1
36.30491972,139.77175029,24.3
35.79462054,138.21645307,1631.9
36.36019062,139.32519562,138.3
35.2035492,140.40421155,-0.3
36.26318203,138.28029098,874
36.63559349,139.01738934,447.5
36.65213209,139.71301134,241.8
35.10365659,138.38506171,418.1
36.92848245,139.95329252,320.5
35.71355437,140.48867002,3
35.27625099,140.09377512,112.7
35.69054577,137.92653874,686.2
35.99924952,139.0259621,275.2
36.85546367,140.70473631,361.4
35.82642976,141.35479157,-1407.6
36.72244075,139.50453081,1386.1
35.25678839,140.85101264,-215.1
35.78430978,138.10659472,1368.3
35.38969666,138.88107132,1223.4
35.39848706,139.59837812,41.1
35.36328411,139.17514366,216.2
35.3378927,139.0959731,90.7
36.01006776,139.30159878,66.8
34.80987383,138.93134059,546.2
35.45157944,140.69798079,-43.9
35.64450464,139.13273053,410.1
34.85993069,140.73465467,-1630.1
35.23057129,138.88304004,370.4
34.42730041,139.16021074,-295.9
37.00434768,139.8394685,1126.3
36.55597469,139.91931925,115.6
34.57416634,139.72626764,-1742.9
36.16678446,139.09644133,249.8
36.42186473,139.1157434,164.7
35.20117172,140.72518416,-149.2
36.42029695,140.66881421,-29
34.49208009,139.44702268,-109.1
35.14002415,138.20043366,931.7
35.30882427,139.36419548,
35.18620205,139.15256222,-1.1
36.51549061,139.34673227,816
34.73060954,140.172921,-2929.7
36.82370281,139.36540842,1765.8
35.72553239,138.023217,856.6
35.43698521,139.90008157,0
35.33398483,141.35740844,-1074.4
35.03506893,140.73469084,-926.7
35.51036291,140.50306077,-18.1
35.96601083,138.82803235,1041.3
36.33403588,139.70752994,38.4
36.56174696,139.04681968,335.2
35.89317649,139.6175636,15
35.45084823,139.46214367,54.1
36.79757766,140.33036501,169.5
35.80211839,139.91338181,7.3
35.22624958,140.37793348,35.3
34.91621205,140.6105917,-1871.9
35.17295877,138.63889256,23.7
35.83839209,139.45904365,68.7
34.81853406,139.98902443,-988.7
36.37265855,138.9320028,196.4
36.00293044,138.7420968,1349.6
35.64093311,138.75162068,819.9
37.05525822,139.93223947,538.1
36.31015518,139.3479448,51.6
35.26843669,141.32375063,-1443.9
34.67977784,139.65275443,-1784.5
35.13067222,140.94524641,-1488.6
36.51131608,140.42153543,45.1
35.38512459,140.13984593,33.9
35.66436968,140.43935961,41.8
35.44792202,140.65197791,-37.4
36.40411815,140.03157142,56.1
35.01767051,138.93624064,29.6
35.31160416,140.16475652,117.8
34.68213582,140.74631841,-2259.5
36.21179992,141.19980339,-846.4
36.10451498,139.9289993,9
35.60478603,138.100358,1741.9
35.9969398,140.47349956,4.6
35.843075,139.27331368,143.6
35.82722125,140.76448527,4.7
35.57575596,139.44187185,95.3
34.85721121,140.02411372,-1086.9
35.58872413,138.09383228,1421
36.01866004,140.72421013,-24.2
35.3712948,139.28785971,22.9
36.60938775,140.54194258,52.1
36.40056452,141.08146533,-614.3
35.45907776,141.42446894,-1521
36.10237015,139.64439605,11.3
35.13588342,140.7702726,-266.3
34.26731119,139.69646817,-947.1
35.86741871,138.23369472,1045.8
35.05978878,138.64293447,-928.7
35.07370186,140.56194218,-165.4
36.26282472,139.92095641,34.9
35.19154583,138.58796759,59
35.95535432,140.55286897,5.2
35.7128708,138.62021995,1067.1
34.70300831,140.73870344,-2195.7
36.33287763,140.31101695,36
36.95953934,139.75899533,960.8
35.60086921,140.43182,4.5
36.70318895,139.01945554,884.5
35.20902658,138.05193308,1403.1
34.99349785,141.19800616,-3047.7
34.46628507,138.956025,-724.9
34.58043357,139.9651845,-2016.7
36.94358246,140.44788921,258.6
35.42722754,139.83414157,-22.6
34.73119673,139.97150336,-2372.5
36.45448351,139.73853037,75.3
35.4929714,140.24393992,65.5
36.79775446,139.09786098,1579.7
35.71449449,141.20426933,-175.5
36.9401523,139.52681232,1297.8
35.36385333,138.35058047,1916.2
35.94261525,140.57760166,0.1
34.43675197,139.10708668,-544.8
36.23429596,138.96335003,195.5
34.28637377,139.44793131,-458.8
35.29047856,140.66912894,-80
36.21332594,140.46014081,29
36.01815044,138.97373448,269.1
34.8082964,140.21531418,-2363.7
35.68940373,139.59871956,53.3
36.97582369,139.52571324,1320.9
35.472307,140.66783198,-35.5
34.99419271,139.0402999,499.9
34.63185515,140.5270621,-2494.6
36.68407357,138.66993942,1255.6
35.09191675,139.69623564,-160.3
36.4623329,140.35837092,52.3
35.02808322,138.56538584,-646.5
35.73646993,138.42447304,510.1
35.80383018,138.73767206,1119.1
35.98181246,140.10502365,22
36.4901435,138.56344213,1017
36.14306399,140.52451507,2
35.94859266,139.95373121,6.3
35.12011957,140.42748706,-63.3
35.79422202,139.40730269,109
34.69096021,139.66979154,-2164.9
35.49050608,140.01403317,
35.18699116,141.0660504,-2230.9
34.45316139,140.46488774,-3636.5
34.75242809,138.92217803,336.4
35.05958039,139.41455328,-1188.5
36.40052665,139.35332704,147.2
36.47739596,140.74567619,-52.4
36.29770008,138.50936785,736.8
34.98693696,140.60261442,-907.8
35.82462826,140.85624113,-30.3
35.70023475,141.3508477,-1336.5
35.36943984,140.93010434,-165.6
36.11229694,140.25442424,26
35.81113315,141.31083918,-1128.9
37.13238578,139.62974935,1346.9
35.08742107,138.35845988,192.2
35.62088392,138.57061293,255.4
34.60777109,140.38811501,-2912.8
36.34346148,139.78097232,37
34.8469123,139.03971978,702.9
35.93862,141.216598,-681.5
34.78183322,140.48977784,-1883.2
36.31363131,140.58780795,2.7
34.8392188,138.51232672,-730.2
35.38530885,140.93212223,-161.3
35.25796717,138.99018205,675.1
34.91264125,138.65326798,-1515.2
35.34661132,140.79809744,-130.8
36.88968685,139.14533457,1335
35.6433998,141.04410118,-82.9
35.49604597,138.97139188,890.3
36.69721634,140.61274248,353.6
36.47604215,138.71859773,953.1
36.20414956,140.83896849,-125.8
35.55970468,138.14858249,2525
34.42287092,140.06458018,-2052.6
35.21091005,138.93450547,331.7
34.92203581,141.01632919,-2160.1
35.76054125,140.68524772,5.6
35.97618264,141.32631956,-1138.8
36.35743154,140.48899121,19.3
35.89851509,137.97526499,718.9
34.4972055,139.67108043,-1116.2
34.30888555,140.06547517,-1657.1
34.71560147,139.04421677,-226.7
36.28116032,139.21133797,48.2
36.09353617,141.21675316,-748.9
34.58854015,139.9932786,-2166.6
35.12288315,140.04209107,23.3
35.05331561,140.46607783,-141
37.06270618,139.41592783,968.9
34.55588815,140.74408393,-3549.9
35.58638027,138.5688103,333.4
35.47574838,140.54627616,-25.8
35.0694271,139.87519991,69.4
36.05308531,139.85014947,13.7
36.28740057,141.13877891,-742.3
35.5177444,138.11082934,1882
36.81728113,138.64899799,1760.7
35.53646816,140.93331086,-81.8
35.40123637,140.84600305,-126.7
36.12425018,139.39239864,28.9
35.77636961,139.28834271,138.2
37.00054184,139.93265261,448.2
34.73786414,138.66701508,-532.3
36.24719453,141.26180332,-991.3
36.24388932,139.14837922,67
36.44634157,140.96509092,-315
35.5060571,138.63849539,1087.6
35.0232241,138.36063743,59.1
36.23814351,138.6595518,495.2
35.19136738,139.28989785,-985.2
35.09559517,139.95476973,152.9
35.34088077,138.26602451,1708.2
35.52834859,139.11470089,561.2
34.51327671,138.78046034,-385
37.0814508,139.30453999,1144.3
36.59194036,139.6815312,303.6
34.99894411,140.80286151,-1292.4
36.57630015,139.15603535,1398.1
36.08369044,141.39567196,-1381.2
35.53894561,138.76224417,1100.8
36.49039069,140.7002402,-33.5
36.82446491,139.70044655,578.6
35.85996209,139.77958912,3.1
34.57036089,139.09887421,-472.3
35.35007767,138.9137278,556.1
34.88812837,139.9407233,-29
36.22288657,139.07514789,104.3
36.82783463,139.62761665,1049
35.8010127,139.07469803,593.9
35.23610366,139.73314354,
36.55176532,138.80081656,503.6
36.88520848,139.76096403,1279.3
34.75709505,138.96431795,234.7
34.87066679,139.45802158,-1670
36.34471452,138.732612,480.9
35.53224417,141.17216785,-187
35.66404713,140.53688447,4.7
34.86622171,140.15395197,-2159.7
36.8608525,139.46569478,1220.8
36.8325335,139.78153404,563.6
36.83720101,138.94078828,1250
36.48494645,140.28807742,101.6
36.12331127,140.26013154,28
34.89146654,138.24513687,36.8
34.44360004,140.04763562,-2016.9
36.54898439,139.55833864,477.2
35.70749512,140.67030682,5.7
35.56585587,141.22995521,-724.1
35.51861413,140.51426993,-19
35.75099381,140.94531262,-41.9
35.60555746,139.31447496,153.2
36.24318416,138.06054499,1675.5
36.26756476,139.86510424,35.2
35.37572455,141.29216572,-783.1
35.72359519,140.22406071,28.9
36.12198689,138.92254266,582.5
36.90403858,140.55244931,698.1
36.22946282,138.72898397,429.6
35.49319337,138.82360336,748.8
34.35800282,139.53540705,-797.4
35.94184158,140.93237464,-119.8
35.884812,139.22542271,326.5
35.32340315,141.19362236,-484.3
35.84490824,139.12481178,1060.5
36.38808241,140.75992227,-63.1
36.65566055,140.25587525,259.7
35.11867101,138.37720086,596.7
35.05190086,140.68969897,-599.7
34.81454686,139.27269649,-694
34.61898702,140.6136078,-2111.2
37.03767852,139.80267929,1314.5
37.02958864,139.12126553,1315.2
36.47506701,140.15800824,169
35.26847628,138.14364946,1769.6
34.80934991,139.21310849,-782.5
36.83595297,138.61590197,811.7
36.27497595,138.76173399,450.3
36.73328652,140.1349271,115.8
35.804433,140.43909775,42.1
36.24181802,140.4507045,28.9
35.0345452,139.30456367,-1392.5
35.41164061,138.56734485,1048.3
34.51632591,139.59982382,-732.5
35.53969193,140.06070694,2.1
36.7818986,139.07954918,1301.6
35.79784585,141.24061896,-339.2
36.18503926,140.24936698,4.9
34.92958631,138.69701752,-680.3
36.21928786,140.1640013,26.6
36.73314092,138.8532072,827.7
36.12006617,139.71960789,9.3
34.95937407,141.20597502,-2942.6
34.82735503,139.20420009,-891.7
34.54288841,139.46873594,-90.7
34.54622332,139.23633276,-167
35.9661658,140.64292142,35
35.74492024,138.70944973,553.8
36.2391057,140.12265945,313.3
35.22703596,140.06604339,162.6
36.80574538,139.06986272,1140
36.58573669,139.19563165,1184.4
35.72078993,139.8990842,1
34.55256459,140.13937804,-2935.5
35.89185817,141.28825462,-874.1
36.80630702,138.66919915,1476.1
36.623639,140.44960431,147.6
34.91949148,140.11345097,-606.1
36.56352166,138.48593616,1329.1
34.27205629,139.51321261,-477.4
35.16054889,139.31347758,-1057.2
36.58408291,139.09283165,672.8
36.69395169,140.12646734,176
35.78676115,141.21686477,-227.9
36.08958433,138.18022851,1621.4
36.35740144,140.96877382,-424
36.05736617,138.06536424,757.4
34.83754608,138.87506681,590.9
34.4511357,139.30949727,-80.8
34.62966709,139.07169194,-414.7
35.79839075,141.44551633,-2177.6
35.14038411,138.85112046,99.4
35.57808702,141.43998454,-1626.1
36.16689913,139.75688977,19.5
35.3984031,140.56926876,-33.3
37.00171186,139.48076792,1469.9
36.24219802,141.18081992,-794.8
35.08236558,140.91766408,-1392.4
34.56254068,140.07153712,-2619.5
35.04027848,138.40680317,139.8
34.61596444,139.16962262,-511.7
35.09408675,141.01322676,-2015.1
36.30905049,139.34694445,50.3
37.06919985,139.67222056,884.7
36.30859345,138.95596879,196.7
35.58371285,139.63755755,15.9
34.35912811,139.46522336,-573.1
34.4728788,139.64258388,-982.4
36.65851722,139.64567117,544.3
35.14346418,139.87726582,33.1
35.73557215,139.98928124,25.1
36.67877801,140.41245682,212.2
35.88000609,139.1766435,390.7
35.63575476,138.54177179,263.9
36.18019713,140.91096666,-227
35.2721847,138.429358,601
37.00738935,140.12082127,332
36.39956046,138.49497741,1979.8
35.05029861,138.24443171,212.7
36.22571022,138.33974272,903.9
35.83177664,137.92265034,811.8
35.07701411,140.57184678,-172.4
35.04643689,138.18691393,480
35.75412742,140.38789878,41.5
34.80019383,140.74891995,-2030.6
34.41801438,140.33408987,-2944.6
34.88605449,138.72831286,-286.7
36.71754857,139.62549533,816.6
35.37553929,141.28988388,-765.6
34.72585581,139.33880055,-16
36.41448425,140.18257443,183.5
35.66296093,139.02954502,1066
35.03355932,139.98030099,87.9
35.45831928,140.60547008,-27.5
34.66968577,139.21498012,-528.7
36.97849029,140.0473507,313.5
34.98461653,138.21365936,405.1
35.3708752,138.9815838,335.1
35.58279416,138.00310363,999.9
35.37280129,138.89405654,757
35.67581871,140.66577302,-0.8
35.68698548,139.42239467,68.4
35.53724163,138.91601657,621.3
35.93027955,138.82427395,1196.3
36.84094897,138.95136841,873.7
35.41959808,140.64941001,-42.2
36.34652031,138.23438817,502.3
34.86704092,139.94582156,-101.3
35.53198654,138.99930521,998.6
35.64540252,138.33729813,1697.4
35.9161537,140.83944449,-29.5
35.09381057,140.76463889,-593.7
36.17816006,140.35469415,18.9
35.29367175,140.85364596,-185.6
35.39704074,140.87270739,-119.3
35.89148537,138.04212822,1058.7
35.5632567,140.07202396,-0.4
34.28360291,139.99264003,-1446.6
34.82293145,139.75902039,-222.5
36.3049555,139.62028003,47.4
34.43220355,139.71335865,-1194.8
35.219956,140.12864151,148.2
35.51872802,138.31655273,693.5
35.22808301,140.74604011,-147.8
35.36755957,140.85097838,-297
34.83681996,139.09401131,-8.6
35.41645488,139.44387496,34.2
36.97004459,139.2027001,1522.7
34.87896661,138.90697876,283.9
36.10825854,140.14832944,6.8
35.05748275,138.97358486,227.5
36.44772499,139.20931254,291.9
34.52206286,140.31197766,-3121.3
35.09981074,141.29788969,-2792.2
36.40500899,139.38325084,155.8
35.19691281,139.14174002,
35.90074092,139.51647688,11.4
36.31813465,139.36045429,53.5
34.93361506,141.10198526,-2495.2
35.5899403,141.30007864,-911.5
36.605074,140.50669433,195.1
35.20451099,140.36515008,60.7
34.8081705,140.01250799,-1785.8
36.51053195,138.94161497,505.8
36.75779977,138.69656529,1877.4
34.94770779,140.94395697,-2146.3
36.09061469,139.73251159,14.8
36.61468348,139.84230569,167.1
35.81077992,141.3972999,-1930.2
35.83199771,141.32308367,-1159.4
35.74510038,140.53335311,22.8
34.57237294,139.82390583,-2043.4
35.85579591,137.97457798,644.7
36.26697387,141.17538331,-812
34.77888852,139.80472167,-958.7
35.7062145,140.12136908,9.9
35.24189596,140.73614621,-133.4
34.84332449,139.36019775,-962.6
34.51231867,139.56203491,-184.7
35.90503695,138.02441989,1173.9
36.27585343,138.99338002,125.9
36.10715115,139.86561841,19.2
36.160585,138.93166092,677.6
35.94837275,141.34321935,-1199.5
35.72198717,138.37793088,1164.3
35.42016545,141.25419151,-517.8
35.50016223,140.69018065,-33.8
36.71668238,140.43329534,449
36.19362415,139.59863713,14.9
36.04525674,141.2368177,-806.4
35.88863599,138.6366521,2139.4
35.5393694,138.95302158,726.4
34.92936819,139.57673373,-1107.3
35.04285077,138.85070928,-96
36.50767389,139.49646574,429.5
35.7793197,141.33875551,-1409.5
36.73700013,140.59155429,478.6
36.27326173,139.08383438,69.6
34.54195672,139.07815446,-491.8
34.65946653,140.15002507,-2640.2
36.36987735,139.10625725,87.3
36.42703917,138.48693467,1666.1
34.69218882,140.41659712,-2277.5
35.3606195,139.05547702,144.5
35.57941109,140.78493847,-26.8
35.79145414,138.47139504,872.4
35.73715537,140.15370488,10.5
35.89404141,138.10768311,1030.1
36.44277507,140.16408113,173.9
36.45265883,140.34029111,77.6
34.48635044,140.30423584,-3182.5
35.70586463,138.30350109,2645.9
36.38697515,140.85444397,-124.9
34.56715656,139.04283741,-391.2
34.49281729,139.32631408,-205.9
34.9090456,141.0024167,-2155.9
36.05700641,140.42394716,
35.96739635,140.83138199,-38.1
36.60020394,140.81532509,-71.9
35.47061301,139.46438047,68.8
36.47869172,140.87195181,-119.1
35.46361207,138.37979168,1439.9
36.63444966,139.69008726,368.4
36.04324411,141.36350807,-1280
34.36787725,139.20878988,-45.1
36.18309938,139.76293879,23.8
35.25163119,139.33931308,-730.8
34.2780014,139.31474822,-239.4
34.75606804,140.4362107,-2009.4
36.13768377,140.13052552,10
35.71225001,138.96415061,914.1
36.44137035,138.87343039,907.1
36.97861773,138.9304471,930.4
35.06669265,139.55616407,-758.9
35.77259909,139.99113848,27.7
34.79389037,139.14034267,-634.3
35.31844897,140.89589746,-788.1
35.3400675,141.25604701,-586.3
35.68737244,140.24035132,16
34.35788082,139.82712397,-1390.3
35.54258782,140.02683221,-5.4
34.76095286,139.82295934,-1501.1
35.36910861,139.9835244,46.7
35.57547493,139.3415177,120
35.51379052,141.20226563,-192.7
35.35895192,140.0245752,45.2
34.36219966,139.55121541,-788.5
35.12715122,140.02957089,38.2
35.20161989,139.83362464,18.8
34.96301149,140.7337711,-1197.9
35.76217186,140.82540137,
35.13091401,139.89431855,106.1
36.63123892,139.01987642,477.7
36.11504788,138.8173288,1123.8
35.94845131,140.03857764,8.4
35.11390906,138.3365843,389.9
36.95800176,140.18981178,299.7
34.50473565,140.39475438,-3378.7
36.67210365,138.71178544,1160.1
34.86486645,138.59901264,-1265.8
35.81794152,139.97025333,29.7
35.02775973,139.83907113,
36.14110864,138.17967918,1349.4
36.94104098,139.65511773,691.5
35.82598585,140.41992826,19.8
36.01640324,140.3073245,10.4
36.2903776,140.04668381,31
36.47123612,139.72774519,89.9
34.47334786,139.63581687,-958.9
36.37155701,138.29383169,488.8
34.64755829,140.17966061,-2694.5
35.54744145,137.93643948,712.9
35.67506021,138.60576267,554.4
36.21284321,138.86158576,349.8
36.13853533,140.45373029,28
35.45410925,138.4263133,576.7
35.87475622,138.1769591,1897.1
34.86289566,138.94137104,740.4
34.96614441,139.62481505,-556.8
34.92028367,139.64688742,-632.5
36.10851461,140.16615671,30.9
35.01565165,138.83909276,53.5
35.8533241,139.50261938,31.1
35.59944079,139.96656689,-10.6
34.90342939,140.55858981,-665.3
35.16298206,138.62470943,28.2
35.54251581,140.09269627,3
37.06013312,140.19761169,462
35.54958004,138.36911852,1558.5
35.82694283,139.59408793,8.5
36.01896985,141.40313683,-1530.1
36.80386147,140.44459349,390.4
34.5692818,138.93569345,-59.9
36.10891257,138.56145503,1539.9
35.94507162,141.19957176,-639.1
35.47942201,141.1365474,-154.4
34.88240611,139.16237583,-146.8
34.6384026,139.02477991,-142.8
35.88753469,139.35008876,96.5
35.20794328,140.52754868,-43.9
35.91639973,140.25281939,3.9
36.12326445,138.42262578,1021.2
34.46993374,140.45800156,-3611.7
35.9144912,139.63101903,17.2
35.95983376,140.65499385,23.5
34.43535571,140.43733317,-3357.4
34.77327857,139.33193919,-50.5
35.07494802,140.65289472,-349.8
35.99452693,139.3353066,52
36.03330937,139.30535313,73.1
36.42589865,139.85597186,64.2
36.56832103,140.22129248,98.1
36.28182894,140.6975733,-41
36.17361423,138.3374578,1129.8
34.67198188,138.43702722,-425
35.01449519,140.561918,-593
35.42588386,141.05991377,-171.7
36.28391008,140.08826291,32.4
34.76484896,139.17295396,-526.4
36.5939582,140.9118271,-114.9
35.27764421,140.55360628,-17.3
36.86031458,139.00250375,1124.3
36.91357308,140.26101442,602.2
35.31285492,140.69315827,-86.4
34.31258279,139.83022112,-1228.5
36.47013775,138.7436094,713.7
35.48774154,139.61160451,21
35.91662447,141.21165683,-635.9
36.89489548,139.02897125,1024.8
36.27360462,141.14955377,-755
36.69897354,139.54687359,853.5
34.43792941,140.47186875,-3582.8
36.35074219,140.00206918,41.5
35.54534972,138.58570782,799.2
34.62857034,138.89122593,3.4
36.66644817,138.58510408,1434.8
34.76370094,139.1861296,-332.9
36.28264269,139.04645474,76.4
35.21198188,138.91859914,231.3
36.48989788,140.40320978,27.2
35.56854914,139.31139897,79.9
36.4877966,140.84082602,-105
35.05390288,139.66453784,-871.8
35.98069244,139.82098272,15
36.81865803,140.10959625,179.1
35.45804722,140.46416176,-17.5
36.36875468,139.85286134,54.3
34.46005394,139.2340164,-286.6
36.3859836,139.20896842,133.9
36.68342414,139.87162485,210.8
36.17375431,140.24134388,19.8
35.47432889,140.29051234,33.4
35.52221661,140.42264805,1.6
36.21785031,139.52872981,17
34.4691624,139.71791325,-1244.2
35.71135242,139.08548246,527.1
36.25839568,141.1281501,-720
34.88607134,139.08157984,370.2
36.48963012,140.15856568,108.4
35.93358959,140.67017364,18.6
34.35975736,139.93929523,-1583.7
34.373362,139.97629939,-1726.9
37.0148138,139.39922327,1337.3
35.64654586,140.1274529,22.6
36.67215035,138.99027685,424.2
34.85119178,139.57381277,-1274.9
34.5941446,139.28566284,-202.9
36.6394219,140.22315863,178.5
36.8742242,138.92205926,1448.6
35.86914824,141.08796489,-180.4
34.97787924,139.65690905,-126.7
34.53605678,140.48581566,-3266.3
34.87727485,139.6793998,-610.9
35.42576546,138.4056109,264.1
36.47860111,140.70031773,-35.9
35.93260586,138.66225257,1830.7
35.87801766,140.23709135,2.2
36.21427004,140.88470409,-194.5
34.36425246,140.17163954,-2333.8
35.7809892,139.19470007,513.1
34.66328971,139.24595596,-456.6
35.18445322,139.80850884,-1.8
35.92641713,140.19841929,23.1
34.91091119,138.90044057,319.1
35.85241394,139.67683526,9.8
35.84525005,139.44741044,56.5
35.36480311,140.06157453,27.9
36.07152827,141.08811844,-531.3
35.34199561,138.332522,1387.2
36.84834012,140.2510765,513.4
35.99825581,139.06614427,238.6
35.65726784,138.21471309,2276.8
34.85657122,138.74053299,-156
36.81499665,140.77282736,
35.27333285,141.12488121,-1021.8
35.40514055,138.92884152,942.6
36.76239479,139.55942607,1050.1
34.85511689,138.47651224,-673.8
35.84916613,139.23641979,307.5
34.41077893,139.19890059,-318.3
36.80685678,139.57726402,1606
35.62435943,139.29419272,200.2
35.08303816,141.07295624,-2561.6
36.44378295,138.64427141,1469.6
34.67358823,138.69750379,-375
35.22560667,138.88767372,353.1
36.31313265,139.18313862,56.8
36.70336729,139.98093227,164
35.08299164,140.98562704,-1905.6
36.0711165,138.11762748,1020.9
36.56280746,138.50778291,1085.8
36.93818377,140.03119698,272
35.52233434,138.78375395,924.8
35.8942639,138.45334978,1077.4
35.23713822,138.01751363,1697.6
35.54699834,139.62947255,8.3
36.37015172,138.94658764,135
34.58192086,140.07733984,-2793.8
36.25093359,140.01819361,34.7
35.37550313,138.84054696,1170.8
36.22949502,138.78572298,327.5
35.44443414,139.99574439,27.3
36.08075065,138.90421826,664.7
36.06048801,140.2026776,25.1
35.42152119,141.29432451,-769.3
35.27692646,140.35241863,75.2
35.77883474,137.94190155,638.8
34.74177062,139.00364097,
36.34231297,138.49419509,931.3
36.11369141,140.52185397,6.6
36.04522393,139.37909258,41.4
34.97585821,141.19050394,-3159.3
34.90260557,140.96205305,-2218.6
35.40175505,138.23486119,1728.7
34.53398958,138.93849294,-167.1
35.27064103,138.70468597,838.1
35.48916129,138.99633224,806.8
34.70755179,138.76913408,371.7
34.93573968,138.93284614,116.3
34.85524931,140.88152687,-2676.5
36.53953622,139.03948869,258.3
36.01653793,139.85627749,5.7
36.47813616,140.79479811,-74.9
36.04554728,140.83953382,-74
36.56676952,141.04659396,-269.5
35.57634048,139.75449268,
36.08667689,138.91575822,1009.9
34.70670992,140.86863068,-2792.7
34.81083867,138.90091262,497.9
34.99065138,140.40414404,-413.3
34.84969686,139.10817525,-22.2
34.74691048,140.91008564,-2789.9
36.39112758,140.19967885,92.6
34.61356885,140.53995064,-2882.3
35.9546049,139.62137201,15.9
36.10087655,141.03383834,-471.1
35.63296266,140.74634901,-15.5
34.93740642,139.91506075,105
36.93626741,139.52969928,1226.8
35.77244547,139.19953069,409.4
35.51611445,140.660114,-29.5
36.34128268,140.11317525,246.9
35.92374677,139.76279646,5.8
34.82953591,138.66028121,-950.5
35.10129699,138.69179969,-546.7
34.76392239,139.32589291,-133.5
35.42835883,139.94553483,0.8
36.78918721,140.31789025,150.1
35.0629527,138.50581835,285.9
35.71161958,139.10887227,655.1
35.21971582,140.26787079,56.1
36.30673738,139.77761622,25.6
36.3747327,138.59164713,1059
34.30460292,139.76315364,-1153
36.17465037,138.34637648,1058.5
36.49117264,138.95800838,476.6
35.35052118,139.5844341,65.5
35.22127202,140.28729599,82.4
36.9106186,140.53082754,685.1
35.05209073,138.6971161,-1073.7
35.89342092,140.26293125,2.4
35.61156366,139.79505589,
35.71106185,137.94396645,634.6
35.64088874,139.61167937,43
36.22003134,139.83024344,21.2
35.51025849,138.22709871,1730.9
35.712037,139.81517584,4.4
35.57393538,139.30728721,65.3
36.11650901,139.68792499,12
35.74262969,139.09760613,641
36.65961702,140.54872545,342.6
34.4607686,139.07190316,-671.2
35.60860194,140.7765123,-19.3
36.14349152,140.20354542,17.3
36.3358437,139.55096466,44.7
36.11057529,139.96061309,19.6
35.7681904,140.27900438,10.5
34.49784845,139.83858701,-1587
34.27218566,139.90559206,-1261.9
35.58403479,141.1698884,-133.1
36.43919112,138.17892777,399.5
36.73058125,140.86022999,-63.2
34.31733226,140.08401855,-1781.2
34.63409093,138.90045134,62
36.26397377,140.01652791,34
35.73532878,139.29764629,148.2
36.41709642,140.36345839,76.5
35.6509701,141.32921821,-1156
36.06264917,139.16295877,521.9
35.58227576,140.98040892,-60.6
35.59354163,138.07658974,1192.8
36.03957897,140.87220481,-114.1
35.71646794,138.30528569,2310.6
36.35072057,138.12179794,803.1
34.72457799,140.16164573,-2902.2
35.78077501,140.0300399,28
35.36298918,141.16754393,-327.2
35.24414784,138.57129897,211.7
36.8604085,140.43862386,271.3
35.96085553,140.72628214,-16.6
36.5676256,138.34066797,1253.7
36.5931587,140.85765758,-91
34.98251957,138.86837493,398.3
35.13745533,139.0052332,485.7
35.60809852,138.78479339,1034.9
35.4447782,139.16296279,1259.5
35.35570497,139.59512783,87.8
35.18150667,138.70357217,80.4
34.78828887,139.5463747,-1508.6
34.74218818,139.83468957,-2108.9
34.67440312,139.80349194,-2400.4
34.48672508,139.46530309,-113.4
36.32572151,139.46431324,33.2
36.71468914,138.75077169,1140.9
35.33885599,138.89791075,623.7
35.2685881,140.90647113,-1053.5
35.2375262,140.3264529,85.4
36.03094868,139.80784436,7.8
34.72490773,139.71663576,-1861.1
34.57019602,139.06222372,-434.5
34.71309457,140.04571356,-2262.3
36.90093464,139.28020156,1694.1
36.04635427,137.97683523,888.3
34.69412864,139.69098953,-2226
35.03503923,139.12981609,-48.2
35.87879595,139.33254094,110.5
35.25416318,138.53254127,150.1
36.16612011,140.34715729,3.3
35.0092547,139.20451686,-501.8
35.08906691,140.23752117,-53.6
34.96525544,138.85453354,635.8
36.19199526,141.05799184,-520.4
36.63866751,138.4846717,1762.2
34.46381168,140.08575515,-2261.4
36.70032855,139.5384803,881.1
34.95113287,139.770718,
35.75221513,139.56429016,53.3
36.61093659,138.54195803,1791.3
36.3374464,139.35026518,62.4
36.16990115,140.1907032,65.8
36.03827559,140.50458581,25.6
35.02096942,138.21176973,541.3
36.59956305,140.64236352,82.6
34.87704787,138.34529456,-13.8
36.56288703,140.05218963,103.1
34.96725871,140.66129757,-952.8
36.69590713,140.80070286,-45.3
34.68049798,140.15431252,-2597.1
36.26797383,139.61611679,21.7
35.30473194,141.1378978,-641.2
36.16622415,140.70579433,-27.6
35.16535092,140.62434526,-128.9
35.80921524,140.88507208,-30.7
36.59326831,138.5431929,1448.9
35.00542831,140.56406495,-618.4
35.22007987,139.0369378,1002.7
36.01206578,140.60463545,39.5
35.47004112,139.27548765,234.1
36.27908927,141.28763252,-1044.7
35.56844709,139.40237832,117
35.90724492,138.41734748,1192.5
36.49701125,138.88943556,865.8
36.74866142,138.85965513,986.6
35.33436573,138.32953912,1386.2
34.64675699,139.30017646,-351.2
34.95027606,139.74161501,-15.3
34.77943487,140.65546705,-1767.6
36.41906,139.29994031,147.9
35.1039205,138.6246541,-174.9
35.29092114,138.71310328,1138.4
35.5673638,140.81417463,-28.1
35.98693396,138.31077487,1590.7
35.14030979,140.91214365,-1086.8
35.85120073,140.89720769,-42.1
36.52128565,140.84796819,-102
36.66199521,139.80667824,256.2
35.90135429,139.40404197,49.1
36.30370994,138.25884133,680.9
36.05874881,139.16344277,555.2
36.75413448,140.07822173,212.8
35.45311768,137.96120748,1432.1
35.92455901,138.30002935,1306.8
36.7339858,139.64499048,502.2
35.97739941,141.31346648,-1075.2
36.14492307,140.73113067,-32.5
35.21956885,140.65903308,-113.7
35.0718782,141.07092148,-2522.7
36.75742104,139.29224138,1753.4
35.06872392,138.47200405,136.1
34.62247467,138.89977971,-24.7
35.18426184,140.57287147,-92.9
34.57150603,139.8519219,-2047.1
36.53865393,138.44277323,1674.9
35.79498654,140.55611578,31.7
34.95799826,140.27122749,-1341.1
35.61218195,140.47573856,5.3
35.50796377,138.29316346,1887.7
36.31638679,139.36357333,66.6
34.56911772,140.62121682,-3480.8
35.37257414,139.99067817,36.7
35.745258,141.17377945,-151.1
36.92722784,139.49159842,1604
35.08713789,140.33501583,-147
34.73140068,139.4690984,-108.6
35.24798927,140.59562518,-53
35.3019236,138.11573651,1980.3
35.93171368,141.38678177,-1516.7
36.26749797,138.09618211,1617.8
34.92284647,138.47298926,-42
35.98583086,138.07611927,1095.6
36.68163313,138.6010735,1299.6
35.4732986,141.16645087,-171.6
35.87541116,139.92157066,18.1
35.17929989,138.05801692,1261.7
34.75719905,139.3612292,62.7
35.27641982,139.97877428,62.6
34.6694977,139.52457951,-1063.4
35.89502126,139.02959125,1480.1
34.94750129,138.96838093,357.2
35.65865591,138.8713759,1200.2
35.03158328,138.90062455,226.1
35.16336765,141.06432323,-2061.4
35.92254124,141.24658078,-732.1
34.35851634,140.05445402,-1894.6
35.29980927,141.05909772,-928.2
34.96234072,140.1186089,-347.3
36.15931676,139.3935073,29.4
35.0781965,138.71116564,-862.7
34.74859556,140.42276886,-2164
35.57142355,139.5985474,22.6
35.43888571,140.01081668,19.9
35.07502002,138.96353967,12
35.74195898,138.55520634,818.5
36.4522288,140.79371206,-81
34.94787422,139.30311579,-1469.4
35.65964398,139.05847479,612.8
34.61897974,139.38777613,-360.2
36.51069884,140.31670491,174.8
35.47455009,140.35183269,3.7
34.54040879,139.09322984,-496.5
34.60878768,140.33559627,-2937.8
36.35360846,140.88341953,-169.3
35.0360061,138.16005988,557.3
36.60899139,140.62134064,285.2
35.08990439,140.39237989,-108.2
34.95092728,140.38507762,-453.8
36.00967355,138.83789679,1228.8
36.07826047,138.32453797,2235.5
36.9089936,140.03802589,239.3
36.13859607,138.86522302,889.5
36.69087649,139.92644778,176
36.17942573,139.11135319,125.1
35.60280054,139.18465594,287.2
35.93889989,138.94289695,499.8
35.59761376,140.24462938,22
36.68099442,139.15674837,1014.3
35.43946724,138.49647735,738.8
35.19608526,140.84432305,-306.8
36.52663624,139.77152724,126.8
35.19437844,138.89867577,176
36.50034915,140.79152244,-73.4
36.8453453,138.83494686,1013.4
35.50904121,140.7301884,-65.5
35.79192793,139.98649612,28
35.88566054,140.84983902,-29.5
35.09823789,140.63722192,-213.3
34.78834966,139.93824751,-1625
36.56508922,139.73823704,156
34.36382637,139.25676284,55.2
35.24866811,138.87380383,465.1
36.7684096,139.73026808,293.3
35.81797795,140.55929019,42.6
35.64812283,138.47570014,332.1
35.2042844,140.06959699,125.5
34.90064576,140.41645356,-519.3
36.76346805,139.45460697,1384.7
35.87541266,139.51662717,22.6
36.17332055,138.7338184,349.3
36.85544701,140.75385599,35.9
34.84349563,140.54722392,-1491.4
36.06809832,138.41270549,1366.1
36.56520696,139.29385853,702.3
35.13278507,138.08566161,940.2
35.46441738,139.38749957,29.1
34.79663398,138.93924151,385.6
34.81107797,138.56223232,-976.6
36.58635762,139.53639551,559.2
35.22301395,138.85837635,597.8
35.24602816,139.63972705,97.2
36.91432452,140.57035916,655.6
36.06469326,140.85529349,-110.7
36.67420082,139.80228332,242.4
36.13873669,139.89491321,20.9
35.75362592,139.90569456,23.9
36.07818159,140.59401322,39.3
36.68119158,140.06751623,177.7
34.63975866,139.66713113,-1790.6
36.30081751,140.55503583,34.5
35.79962061,138.63081647,1681.1
35.80985601,140.89665559,-28.4
35.04662151,139.66293417,-915.6
36.05948683,139.65464445,9.9
37.06768897,140.14090486,422.1
36.64361644,140.63392562,337.6
35.38655001,140.62904286,-42.4
36.69361265,140.70478486,29.8
36.43489926,139.18861218,242.7
36.93665738,140.512536,689.3
34.66239707,138.70208718,-328.1
35.57503617,138.75550783,1148.8
36.50304404,139.30641988,659.1
36.62378174,140.80221191,-60.8
34.28882942,139.89642078,-1243.9
35.50242981,139.12004431,896.5
35.94159855,138.66396488,1690.8
35.17925763,139.13193283,196.5
34.88599553,141.10058145,-2478.9
36.33393774,139.73060717,32.6
36.18480113,139.96342504,21.6
36.53245851,140.47094012,16.5
36.91757597,140.08474413,242.3
36.17763989,139.1004392,204.7
36.64996861,138.70786308,1203.4
35.73007152,138.8532284,1816.7
35.07685436,139.29280224,-1351.7
36.83610137,139.5682808,1507.2
35.3220221,139.83964483,2.8
35.90890043,139.37103588,55.2
34.76631933,139.43000623,136.5
35.13309828,139.4152676,-860.4
36.00840354,140.70626502,-21.8
35.61164947,140.68784041,-16.2
35.38025679,138.65714233,1299.8
35.51817119,138.65831802,1476.4
36.07889936,141.34734781,-1163.1
35.69352171,139.64636238,44.3
36.77439487,140.08093023,197.9
35.89351609,138.45695321,1086.7
35.66824953,138.52742292,280.5
36.0579052,138.34622795,2132.3
35.02983402,138.82748093,-105
34.78411924,139.13475255,-621.6
34.57437637,140.24339722,-2763.4
34.97690878,139.76710589,
35.22518507,141.16420393,-2170
36.94354509,139.66185969,1030.2
34.767891,140.69033526,-1961.1
37.01081736,139.44929927,1554.9
34.93136269,138.19932638,202.6
34.75661851,138.84875256,216.3
35.74020808,140.27153855,5.1
34.84299739,139.50325735,-1665.8
35.17593825,139.2731263,-1185.1
36.60128884,139.92270172,138.6
36.5763899,139.33745628,887.9
36.17817607,141.21593302,-766.3
35.41013428,140.57810022,-33.9
36.78123074,140.57541729,546.8
36.23620446,138.04905601,1134.2
34.85332958,140.92358659,-2676.4
35.9848559,138.67525233,1632.6
36.11059554,141.29075573,-963.3
35.00160584,140.67548885,-958.6
34.62352141,140.36382838,-2920
35.25197405,138.45978188,395.2
35.98741195,140.29748673,22.6
35.53443793,140.83128206,-52.8
34.47972719,139.97355686,-1602.5
34.64759547,140.28463776,-2800.7
36.79157308,139.36006195,1939.5
36.72840593,139.19717013,1090.5
36.12827198,141.31049356,-1005.9
35.10677559,139.55429192,-542.7
34.654726,138.66382616,-703.9
35.87223382,139.288032,194.3
35.16746762,141.24951585,-2118.7
35.64858417,138.95567358,536.2
36.95387525,139.10463078,891.2
36.62049698,140.74261697,-34.9
36.76927565,140.52244002,682.9
36.19829214,141.26089716,-961.4
36.13807383,140.51993597,-0.2
34.68994655,139.12254634,-460
36.32794854,140.58565116,25.6
36.75570121,139.71706372,349.7
35.13532966,138.87451861,63.6
36.37370082,140.51137734,1.5
36.49467664,138.58337749,989.4
35.48119807,139.38538435,28.5
34.37110965,139.93172241,-1631.1
34.57502043,139.90537766,-2074.6
35.45177943,140.06625582,23.7
36.6328199,140.53219881,205
35.49298664,140.20944292,73
34.83077539,140.40506841,
35.02012215,138.58929012,
36.33505646,141.23127408,
34.57759175,139.82546268,
36.6888747,139.6491016,
35.18387219,140.91036917,-926.2
36.13310797,140.12704581,7.7
35.03462426,140.67508773,-798
34.99589133,139.9669332,14.9
35.77182332,139.40807411,131.9
36.5401311,140.73864674,-44
35.55679292,139.29145769,276.4
35.91409482,140.38095011,1.6
35.46837501,138.05596681,2134.5
35.45371254,137.980764,1424.6
35.19153387,139.2974017,-901.2
36.57259407,139.77256873,182.4
36.59282994,139.47324659,1030.4
35.12279687,140.01360722,60.6
34.96243671,138.51652258,-34.8
35.48803483,139.04849883,886.3
36.5135862,141.14427113,-599.9
36.38218516,138.78617175,655
35.68535074,140.99458241,-68.8
35.32640179,140.58091521,-33
36.14865129,139.00261757,490.4
35.27997656,139.87959426,30.4
35.91986671,141.18311938,-552.6
36.98031759,139.4452293,1887.2
36.81770463,140.76265359,9
34.97406514,139.34990023,-1523.9
36.5060889,139.67908082,224.5
36.97772352,140.08910881,300.4
35.60558873,141.05770898,-109.7
34.80764843,140.31507899,-1933.5
35.71548316,141.26478893,-306.7
36.66734468,138.45136485,1272.9
35.02908812,139.36194244,-1445.5
35.28073511,139.79433203,-4.7
35.43991783,140.89003475,-123.3
35.08102707,138.88073751,11.1
36.18713973,140.11290787,169.6
36.2217876,138.29518279,1038.4
36.04853696,140.71859334,-24.1
36.07632481,140.54822554,1.2
34.62620614,140.2118505,-2712.4
36.57230324,140.31802937,87.7
35.32259144,138.13144985,1159.6
35.79108257,140.09447854,19.7
35.22109153,141.15998933,-2082.1
35.56976257,140.43827544,4.1
35.68121417,141.20115112,-142.2
35.42543817,141.10184351,-239.9
35.93021481,138.81664025,1270.2
34.76789565,138.70056603,-320.4
35.23743817,140.66365976,-111.1
34.55864353,138.81491403,-138
36.23115853,141.30281007,-997.2
36.03794469,140.74664092,-27.1
35.16514034,139.55243297,-242.8
35.28829802,138.82367161,883.2
34.94628292,138.25687936,70.7
35.39851244,140.24139107,42
34.86266655,139.74540802,-86.8
36.51499375,138.81495216,721
35.36098302,140.91293145,-166.5
34.89363995,140.43207593,-545.8
35.61679259,139.79815743,0.6
35.14191124,140.13160709,97.8
35.79096434,140.23045946,4.4
35.49949063,140.3346977,6.4
36.32241792,140.3716708,29.3
35.95375216,141.08103527,-336.3
36.3315708,140.68095677,-34.3
35.81781654,139.25483734,315.3
36.00024183,140.02912975,12.3
34.36932477,138.9906489,-898.6
37.03229401,140.04919623,420
34.99248703,141.16679035,-2933.5
36.79459698,139.91347431,246
35.06698597,140.27550099,-179.1
36.62254059,139.87752808,168.1
35.75680034,139.89195408,3.1
36.57977799,139.97347468,113
36.8061976,139.23554606,845.3
36.63062126,140.03363217,128.4
35.37544403,141.02591067,-260.1
35.99250665,140.93526483,-139.9
36.59907935,140.67718511,
36.51287643,138.51002867,960.2
36.83046129,140.73240059,105.5
36.75654742,138.79477039,1398.8
34.84302117,139.14961467,-810.4
35.74125844,138.41020507,410.1
36.40541293,139.33168868,108
35.89119541,140.59291759,-0.6
36.28838841,138.35892832,701.1
36.14072723,138.10021733,1250.1
34.36597381,139.1586707,-426.4
35.94955133,141.27392328,-885
35.54493266,140.36162603,4.3
36.06316557,138.21355032,1270.4
35.56407822,138.58057108,389.2
36.33812328,138.30151821,641.5
36.24591612,139.75538566,26.3
34.7711982,140.00274487,-1976.6
34.35635807,139.02409168,-441.4
35.31142442,138.87131918,666.8
36.34515414,140.9463652,-356.2
36.09104818,140.49885369,19.6
36.62505556,139.191749,583.7
34.45620753,140.51601222,-3648.3
34.44805298,139.9378784,-1622
36.82845663,138.67501098,1882.3
35.78183024,139.53334772,48.9
36.53938724,140.87467786,-109.9
35.20693116,138.47482226,639.6
34.95014992,140.09917208,-310.2
36.10629186,140.69393084,-25.3
36.76454535,140.84123882,-47.4
35.49402141,137.95621126,927.5
35.43281917,138.80309311,1087.3
35.3586787,138.37723552,963.5
37.07068404,139.17225904,1144.9
37.06332177,139.38009806,1651.5
35.01910577,138.89416257,4.2
35.27946179,140.69264821,-111.6
34.28270489,139.73378018,-1016.7
34.41804382,140.10604758,-2290.6
36.3982562,138.82523081,409.7
35.74133363,138.35661138,1059
36.19966231,138.51530133,922.6
35.54606576,141.01054882,-112.6
36.0898425,138.37899271,1663.5
35.3044276,138.63676994,632.2
35.36914162,138.50622531,1258.6
35.72238906,138.11078963,1559.6
36.17100365,141.21425624,-747.6
37.0467016,139.22726643,1365
35.16281755,139.75205368,-320.2
36.86746353,139.43085431,1528.9
35.28251647,139.02033078,813.4
36.25378239,138.7638425,693.2
36.50967566,138.47394328,1170.6
36.89229817,139.34439948,1665
35.03829867,139.96941408,26.7
35.77386395,139.58642786,44.2
36.15792033,140.93599126,-286.5
35.82711349,139.01808279,1591
36.08134011,141.37795625,-1283.7
37.04962859,139.29614674,935.1
35.02068782,139.5927549,-1009.2
35.98224262,139.75054627,9.5
36.30750495,140.99632204,-499
35.26697078,138.64885475,410
36.3789803,138.97077543,138.7
35.98245881,140.81118869,-34.2
34.66048276,139.54791629,-1274.3
34.95224773,139.44047434,-1375.1
35.44803563,138.21556821,1367.4
35.13282125,138.59071737,259.7
35.24665932,139.99357699,49.2
35.29537645,141.33687715,-1530.4
36.0049249,140.51902367,24.4
34.85277987,139.36358441,-1141.3
36.70415658,139.51544046,1093.4
36.30721359,138.6552423,1079.7
34.75236479,140.4468852,-1979.2
35.23270112,139.08207718,258.7
34.55461025,140.62962938,-2983.9
35.98086153,139.25347802,281.9
35.37958387,138.27015534,1337.2
36.72075324,138.98427771,520.2
34.95439497,139.81975614,56.8
36.86546413,138.78803128,1033.2
35.34953457,141.05390961,-542.1
34.88197305,138.83663213,865
35.12723572,141.30345521,-2753
35.57943988,138.29416041,1299.4
35.20994429,138.57953503,301.5
36.68386219,139.73858255,299
35.84329001,137.92899481,758.5
34.63932107,140.38727161,-2816.5
35.13289767,140.01529926,46.3
34.4486646,139.41718125,-205.1
35.14496514,140.69071572,-174.3
36.41846855,138.35806913,1312.8
36.53019203,138.52941634,853.2
34.68272341,138.74340948,-45.1
35.34722696,138.69715981,1959.3
36.12261899,139.52240799,16.8
34.59253481,139.81132668,-2026.1
36.1767206,139.05574403,132.2
35.81464231,141.32019622,-1198.8
36.69131923,139.10775059,513.3
36.56158019,140.93078809,-125.2
34.91478068,139.99718087,-98.8
34.87716322,140.46820679,-705.5
35.79850741,141.45057244,-2217.8
36.83172804,139.97733389,208.6
36.33088214,140.20587647,251.9
35.69825007,140.94215931,-35.2
35.29084439,138.39060249,1020.4
35.70106878,138.94462493,873.7
35.81435731,138.99740437,1073.4
36.2109493,139.40143247,27
37.07948217,139.92491049,755.5
34.25944781,139.89929518,-1214.2
35.19061928,138.81659966,741.3
35.83304303,139.08284017,613.7
36.2029992,138.06035539,943.7
36.64351349,140.10095573,173.2
35.87704372,140.89525595,-48.8
35.77624479,138.48008512,816.5
35.0687525,138.4359039,435.2
36.18846996,139.09693745,130.9
36.40800491,140.4863697,27
35.74627803,137.92546833,711.5
35.84747966,140.24779109,4.2
36.36858139,138.91757472,146.4
35.76785984,140.76100452,2
35.55045338,138.27518872,1431.4
36.22553999,139.25911515,37.4
36.69554143,139.79408349,310.2
35.99276251,141.30126104,-1004
35.80404014,140.73949079,5.1
35.01567,139.71054091,-333.2
34.34655423,139.25864678,233.6
34.52322529,139.09462655,-494
37.0143803,139.49304423,1333.2
36.66376791,138.87875163,899.9
36.20274686,140.19554998,25.6
36.13754212,140.69492727,-27.5
34.58134747,140.52796074,-2782.8
35.8316289,140.47291473,36
35.66184882,139.43017125,59
35.13659248,139.12637661,-2
35.70624073,138.7303135,411.3
36.36218775,139.48940322,53
35.8749561,139.0690394,1243.5
36.42194392,139.45840449,278.2
36.19864208,138.76252823,337.6
34.46031274,140.44460979,-3573.8
35.33271746,139.19266978,150.2
35.87329073,139.11844703,880.5
35.09735959,138.26851356,699.1
36.22565202,138.59067083,999.4
35.3863083,140.24803262,42.9
35.94875675,139.27890592,231.2
35.66690138,141.00411436,-65.2
36.2014845,138.59202658,1058.2
36.5417377,141.11597317,-507.1
36.06188211,139.16328507,530.6
35.57340707,138.72914402,1277.9
35.8720261,140.93393735,-77.8
34.80571353,140.51054547,-1893.5
35.53617399,138.25668043,2021.5
35.97772431,140.08437872,17.9
34.8915104,140.35970381,-802.6
35.84786318,140.77348348,-0.8
35.75278923,139.49449998,66
35.98260338,140.87877321,-86.1
35.50270236,141.38860817,-1373.5
36.68431462,139.04244132,460.5
36.93863749,138.95220271,1189.7
36.8152316,140.53998949,702.9
36.40244118,140.14527396,204.5
34.78195543,141.03216165,-3047
35.3958773,140.96288262,-159.3
36.21451043,141.20736739,-862.9
34.99038507,141.05411398,-2475.7
35.05744692,139.55500052,-778.1
35.03450824,140.0461867,-2.5
35.01104017,140.16270911,-294.5
35.11919148,140.11033157,12.9
35.09087331,139.00855037,313.4
34.84904634,140.65858809,-1728.3
36.38122443,139.70436059,71.7
36.91789819,139.7892849,1264.7
34.6747055,139.4942644,-693.1
35.43494636,139.24472561,744.2
35.42660142,139.3011202,73.2
35.34596463,138.8000909,1410
35.77700915,139.75670223,4.5
36.24163009,138.67133245,537.4
36.86220191,138.866906,871.2
35.18672586,140.6919083,-147.7
35.72362996,139.89809367,1.4
34.67837791,139.81477861,-2422.4
35.6309527,140.78978269,-16.3
34.83572421,138.76554854,233.9
35.59107033,138.82079236,1016.5
36.4834732,138.35477032,1004.9
35.121451,141.13104405,-2619.8
36.51947351,138.76952424,718.7
36.59659276,139.52188982,887.1
36.42208907,139.82792924,65.6
35.25824112,138.02277123,1570.4
34.30209221,139.54043037,-608.6
35.60901672,139.89690096,-0.8
34.61566956,138.68979075,-692.8
35.0756032,138.42894416,512.6
34.61730063,140.37801204,-2918.5
36.26339021,139.46505253,27.7
36.73112498,139.09333343,845.9
35.35214304,138.09379873,2148.4
36.56230706,139.63589665,242.7
36.74249273,139.06413999,825.2
36.84690423,138.80966789,1329
36.08900986,141.36091832,-1208.2
35.68658685,140.14382487,24.8
34.73059999,139.73161762,-1729.4
35.28715394,139.81939691,-0.4
35.56782606,139.40005524,115.9
35.04682919,138.22669936,286.6
35.79670478,139.20732325,420.3
35.96602234,139.70066483,10.7
36.04496897,140.15978485,26
35.45462803,138.55757408,1090.1
35.13589232,138.83500631,73
35.24968364,138.44153162,703
35.26347091,140.80361032,-153.5
35.33231992,141.01947969,-663.9
35.64471542,141.31394635,-1015.1
35.56822248,138.89688239,596.1
34.71367729,140.59509636,-1973
35.3846065,141.29818556,-814.5
34.36756151,140.14350524,-2179.7
35.85958549,140.96860849,-106.1
35.64188094,141.46618741,-1980.5
36.23992385,140.22300988,46
36.85346261,140.56226451,729.6
35.79338548,139.65720267,9.3
36.15295097,140.98925451,-433.1
35.83253913,140.01712795,25.3
34.81732179,139.05313967,147.5
35.96638497,140.16706554,25.8
36.37722036,139.84391344,57.5
36.84325166,138.91737094,1536.8
36.48613321,139.77198649,96
35.29150066,140.11942961,131.5
34.97345791,140.59277517,-1059.2
37.0869078,139.69162863,800.4
36.74744789,138.49319654,1397.5
36.522132,138.99424419,195.9
35.30764025,139.64672887,
36.0471879,139.58603783,8.6
35.78655513,139.51015782,39.4
35.36442647,138.64477689,1056.8
35.8487925,139.14016605,736.9
36.49700573,139.07373167,428.4
35.68428636,141.01978256,-76.7
34.74755786,140.31999019,-2196.2
36.03831712,140.2992327,
35.71439973,138.38431028,1047.3
34.75556527,140.0194503,-2579.7
34.53613445,140.02905495,-2002
36.19398869,140.861494,-150.1
36.19137349,140.70478742,-29.4
36.10714447,139.04693517,568.9
34.4049318,139.98279316,-1767.4
34.81413736,138.42626676,-886.2
34.5637627,139.88903393,-2032.2
35.24049362,138.49280894,96.9
35.30883793,140.21685211,136.6
34.98135573,138.22527245,275.1
35.49187799,139.47234942,57.9
36.00283971,140.05521045,22.5
35.99587552,139.97877525,14.5
34.6146621,139.34557425,-333.5
35.20833538,140.51487983,-39.6
35.16398524,139.23898451,-1058.7
35.42189016,140.53330255,-27.7
35.94763581,138.79498966,1308
36.02387021,141.41869468,-1595.5
36.91015597,138.97557733,1662.4
35.03675936,139.15036039,-11
34.29862199,139.86847089,-1217
35.11839601,140.32925856,-12.8
36.36663186,138.24059879,593.4
36.4264562,140.67831486,-31.8
35.95275326,138.6410235,1382.5
34.56819446,140.47084745,-3236.7
36.18960029,139.37759105,28.7
35.63456535,140.68802051,-11.4
35.17233703,138.74893391,143.1
36.15759347,140.65466893,-25.1
36.33190169,140.78921762,-81.6
36.16115649,139.93144309,29.4
36.05048916,141.20507159,-724.5
34.9690822,140.15069768,-509.5
36.69949163,139.50688154,957.9
35.24539036,138.83537626,709.8
35.11746924,140.60987164,-155
36.29383454,140.93745914,-359.6
35.9307669,138.06494749,1159.6
36.00428497,140.13495489,19.1
35.66158115,139.91162652,3.3
35.97326366,138.49545239,1267.6
35.70695346,140.63406482,6.3
34.48482124,140.10528288,-2469.1
35.41340537,141.41429664,-1527.1
36.7691293,139.30393268,1603.7
35.48133292,141.18350992,-176.2
34.71326724,140.06871823,-2309.7
36.92728436,140.41423226,177.2
35.7468325,139.25621773,223.2
36.95553363,139.77038397,971.3
35.34546758,140.6805255,-65.7
35.0510251,139.24096847,-1172.1
35.55998759,139.86585971,-15.9
35.01537142,139.66079245,-703.9
36.57084475,138.87144682,348.2
34.55352559,139.77357135,-1846.1
35.78700873,140.18300669,19.8
35.6031769,140.82083717,-30.1
36.5028745,139.84540394,92
34.77776705,139.57712614,-1819.3
34.65830413,139.59348776,-1329.8
36.61547514,140.92583164,-116.4
34.98471127,140.56513486,-812.5
35.3086183,140.87296705,-208.5
36.63458983,139.90456547,153
34.36022771,139.83426525,-1411.5
36.19974323,138.38184845,972.3
35.8777215,138.43770764,988.4
34.64693731,139.29420946,-358
35.82889008,139.19115028,711.6
36.21933199,138.7552512,428.8
36.70420776,138.90895841,485.1
34.69924357,139.42019971,212.8
35.24634607,140.90040165,-428.9
36.43049186,138.91112395,526.7
36.241085,140.2723404,30.8
36.70026479,139.17861113,1190.4
35.48299228,140.02955824,3.5
36.62434284,139.17437378,713.6
36.22830791,140.88308971,-185.7
35.02488128,138.55848146,-437.4
36.53117614,140.31746151,257.2
36.40168669,140.99479423,-452.6
36.18951149,139.0715966,128
35.60490572,139.82401631,
34.56125147,140.1796255,-2848.2
36.91109022,139.93961177,300.9
34.40251618,139.65351205,-966.8
36.80190205,138.83189529,1419.7
34.26322995,139.63241486,-741.4
35.81230345,138.3304745,608.1
35.59075243,139.98298881,-11.2
36.11867638,139.42979654,22.6
36.84052895,139.48157415,1502.4
35.94090196,139.50645975,10
36.56352259,139.60568408,201.2
35.8073459,138.28376849,1286.7
36.20891863,140.71685602,-30.7
36.51262276,138.64882909,1289
34.90524087,140.20790209,-2192.6
36.10691082,139.78972191,14.7
35.59840034,140.31028162,43
35.03541123,139.74735511,-479.8
35.38433434,140.21508979,39.1
35.12650282,140.52800986,-110.7
35.91746606,141.06520288,-218.1
34.52681017,138.86352923,-204.2
35.79726831,139.14887844,765.1
34.68655925,139.70476087,-2254.8
35.89312701,138.58366396,1744.2
35.55368715,139.49092308,37.6
34.75501143,139.68229644,-1358.8
35.11045934,138.52099218,192.8
35.23745627,141.35483339,-1791.2
36.32718895,140.76510883,-59.4
35.95409441,139.51171416,11.1
35.64206293,138.15610418,1691.9
35.39784566,139.16583704,247.2
36.29226114,138.74624777,641.6
34.72052534,138.78558922,263.3
35.92950799,140.88905356,-63.2
34.75334915,140.58288848,-1892.5
35.42682477,139.2590659,483.7
36.56464275,140.08754798,129.9
36.98185287,139.83081608,917.4
34.90629411,140.48379534,-400.8
36.13974945,141.34441308,-1092.8
35.76888614,138.98464601,934.5
36.1627626,138.05645116,1873.5
35.58785303,138.49018518,247.4
35.49744339,139.93093619,-19
35.34332482,139.95417016,61.2
34.94716514,140.25042185,-1972.6
35.27605649,141.05708826,-1168.3
34.82674145,139.64634384,-438.1
35.49111407,141.25543228,-583.3
35.21136693,140.56312331,-56.8
35.30817826,139.02373117,609.3
35.14654172,139.16437794,
35.85559768,138.58563685,1453.9
35.73938981,140.67785868,4.1
36.69585859,140.30644387,341.4
34.37405343,139.1874144,-336.4
34.82805579,140.74923635,-1751.8
36.20385811,138.8768017,617.4
34.60494762,140.27075292,-3004.4
35.58397797,139.3062957,135.7
36.60812395,139.58047292,557.5
36.28780278,139.28574372,47.4
36.36227527,138.42592801,1018.5
35.56438968,138.21283645,2384.3
35.6165167,139.59655702,19.4
35.3101219,141.35685105,-1445.5
34.99425328,139.72688575,-80.7
34.89472577,140.98467876,-2061.9
34.74479459,140.35029713,-2183.6
34.9859126,139.89632091,36.2
34.27788415,139.85687369,-1172.1
36.24730616,139.06629201,93
36.37873862,139.51578167,158.5
36.83809844,139.77381786,735.1
36.53996924,139.51447951,434.1
36.63777059,139.40606511,1036.4
36.6286487,140.43948363,148.2
35.03455642,138.68884198,-1217
35.25058187,141.3058076,-1431.6
34.94622312,140.79912713,-1463.5
34.3778376,139.09209476,-173.3
35.25583071,139.7438261,62.2
34.37430358,139.9406525,-1658.6
36.13170697,141.27379576,-939.5
36.42593468,140.34232388,136.7
35.36643231,139.88565463,
36.96454941,139.29638581,1942
36.02854505,138.90716327,587.8
35.94111096,139.87520786,17
35.29202476,140.47950362,-15.9
36.73338056,138.60164013,1429.1
35.2948668,139.14410828,18.5
36.14664988,140.86674166,-135.6
36.55248243,139.15267661,1353.1
35.72692714,138.85179039,1689.9
34.63483339,140.02877984,-2633
34.9212703,139.89482578,74.3
36.51474303,140.03793754,88.6
35.21715738,138.88278532,342.9
36.98165739,139.94687413,407.3
34.77488646,141.05248646,-3225.1
36.84560968,140.07749899,178.5
36.6485546,138.99204448,598.9
34.45770215,139.82229828,-1458.2
34.86551546,141.1201737,-2487.8
35.69456731,140.60834005,3.9
34.35638439,139.91526287,-1513.7
35.66660878,138.6381607,360.4
36.47909588,140.78374618,-70.5
35.26730209,140.51562443,-16.5
36.29005918,138.80973491,253.8
36.54329267,140.49269907,32
35.1778453,139.59555756,-10.6
35.22752226,140.92853898,-1167
35.50709101,140.5661361,-25.2
34.77385325,139.27176033,-315.2
35.76786119,139.6101874,34.4
36.49960955,138.44403964,1306
36.22449968,139.90045835,31.7
35.57724628,138.54224013,310.1
36.66718869,140.89065136,-88.6
36.23986608,140.72037904,-42.7
35.80089762,138.9616834,992.1
35.90077768,139.88581756,4.9
36.58507503,139.11851997,891.7
35.40969254,139.35807619,15.3
36.01544832,138.74660163,1574.3
36.60512375,138.66571742,1028.1
35.76421901,140.81766467,4.6
34.9295636,139.19768946,-847.2
36.36730012,139.82375234,51
36.46673083,139.98263476,84.4
36.01209431,141.37876728,-1395.1
36.21942827,140.7750204,-58.3
36.00953459,138.82113259,1072.7
36.46784322,138.27847558,852.8
35.19942981,138.59185431,70.3
34.63498355,140.15657066,-2647.4
34.50610143,140.00457992,-1705.8
35.33642391,140.74191368,-102.3
36.37685005,138.40207569,1027.1
35.01041458,138.24215549,349.8
34.43721264,138.91117346,-1034.8
35.81676539,139.64717314,6.1
36.62990523,138.48705813,1614
34.56366144,140.63619344,-3100.5
36.08447981,138.22932995,1444.5
35.99341332,140.81303671,-34.8
35.19751974,139.83181891,34.3
35.68092326,138.78301773,1338.5
34.73547809,139.36692302,175.2
36.0183803,139.09534594,216.4
35.47224379,139.30702116,95.9
35.21352641,139.80082562,-11.2
36.88468298,140.41228012,171.1
35.32563397,138.11315842,1815.7
35.33267707,141.08456863,-591.4
36.56361347,140.25830961,77.4
35.7026034,138.8029746,1272.6
36.29344773,138.49535639,714.4
34.71653423,138.42334851,-675.8
35.90496251,140.64599837,6
35.11067964,138.67702911,-352.5
36.62656692,138.53754341,2060.6
36.08074518,139.05124934,377.8
35.66288899,139.74941814,4.4
35.99201716,139.66818035,16.7
35.25286081,139.49146022,-90.8
35.86454851,139.3501346,93.7
35.61142388,140.37940234,5.9
36.28124119,141.01245764,-549.8
35.91590244,139.09793462,740.5
36.26067028,140.82798333,-119.4
34.4608198,139.2734256,-48.9
35.81874661,139.99853298,8.4
35.95447029,140.05133384,7.7
36.1734952,141.0646811,-521.8
36.55694227,138.79460094,674.9
34.61309417,139.45519009,-202.8
37.0877657,139.87700237,1132.1
36.60135565,139.47407911,1010.3
36.15092922,140.72735468,-32.7
35.98975582,139.56637127,23.1
35.40021647,141.29088577,-718.7
36.96167962,139.50604903,1483.8
35.68811001,141.02817868,-80.8
36.38316909,139.8218397,40.5
35.77011398,141.3485536,-1457.9
35.5351773,138.22517534,2408.5
35.7777628,138.84325524,1174.4
36.4128075,141.15465761,-727.8
35.16131386,138.62942637,23.4
35.76928412,139.94202774,16
36.14589791,139.58150323,12
34.81102638,140.94832548,-3093.7
36.15155163,138.06990015,1528
35.15174263,138.38769017,869.8
35.03218953,140.75502285,-1031.8
36.72231461,138.79777606,1273.5
36.67049301,140.24215129,299.6
36.39291907,138.53759548,1913.5
36.07590343,138.70532231,740.3
36.40562073,139.41883198,324.6
34.96332297,141.10206686,-2672.9
36.19665817,141.20348117,-846.5
35.0864128,140.26721512,-110.8
36.19835848,139.32884862,30.8
36.78800176,139.09644036,1380.5
36.34201454,138.39504191,672.3
34.5623729,140.39414686,-3079.4
36.36952231,140.4895661,7.4
34.52004317,140.48578262,-3263.8
36.49690099,139.45843876,393.1
35.04406042,140.65010983,-640.2
36.79755245,139.09122329,1468.7
36.69714712,138.80038922,1083.5
35.81099502,138.52704639,1341
36.99630421,139.90746754,554.9
35.35309236,140.71234559,-76.1
35.39083831,140.44190264,-16.7
35.85612412,138.50439092,907.1
35.72186525,140.84929258,11.2
36.29515722,141.29890752,-1070
35.62323254,141.21424048,-179.8
36.62677926,140.0207681,128
36.51275894,139.20023084,884.6
35.33555807,138.94892574,434.7
35.8376248,140.8958446,-38.7
36.32205584,138.31699626,709.5
35.2728086,138.867711,587.4
36.11091459,138.224636,1463.1
35.43255902,141.09038211,-174.8
36.60890565,138.99660993,748.6
36.52340564,140.26605537,124.5
35.69597408,140.33123382,39.8
34.92654573,139.76965367,-44.7
35.87605642,140.85718979,-34.6
36.14945136,140.35215695,2.4
35.08062765,138.34663302,209.2
34.93629737,138.6527932,-1357.7
36.71607874,139.11121086,698.1
34.37555237,139.33871465,-150.8
36.53075597,139.831338,105.7
36.63056314,139.84644015,184.9
35.54277106,138.38288821,1234.3
36.06016219,138.2659527,1298.7
36.80361628,140.79087058,-6.1
36.31844625,138.92118049,203.5
36.22589924,139.12743956,78
35.41328681,141.29070817,-717.7
35.16356302,139.30647033,-1012.9
36.22524164,139.98864892,16.8
34.40068064,139.2639867,202.1
35.16452705,140.57174049,-104.3
37.06511833,139.20113555,1022.8
36.46925632,138.92920792,899.3
36.05989688,140.36876168,
36.09597733,141.36522816,-1224.5
35.27491669,138.76215259,1068.2
35.23392038,139.71309514,37.3
36.72934489,140.93617772,-97.1
34.57244031,139.12869801,-521.2
36.85258134,138.9350463,1154.2
36.30903276,138.44652724,697.8
36.65345539,138.54299912,1858.9
35.005309,138.85905463,176.5
35.34061238,140.20918901,66.7
35.05011884,139.76242041,-540.8
35.20307622,141.27009125,-1757.1
35.54920836,141.27837396,-970.7
37.01570638,139.8177235,1218.4
36.33829492,139.98325355,39.1
34.99423679,138.94988863,64.9
35.09318073,139.04789834,457.8
35.8689456,140.0236347,22.3
35.2600198,141.16533511,-1875.7
35.88497543,139.5711943,6.4
35.71632115,139.85082726,0.5
35.42839861,139.02012327,828.1
35.92126052,139.63283048,15.7
36.5621593,138.59687809,839.7
35.65585224,139.894685,1.3
36.20026953,140.69209488,-28.6
36.16021015,141.28239247,-988.2
35.5127802,141.16379059,-152.7
36.64236052,140.6828336,40
36.399646,138.53284913,2183.3
35.89216827,138.96476567,1071.1
35.2209398,140.1648852,224.8
35.29274071,140.61361916,-46.7
36.34064045,138.56485173,969.7
35.94652102,138.30348382,1497.1
35.37530026,138.82068022,1392.4
35.61520846,138.87203413,779.2
34.77630678,138.4108284,-806
36.08366421,141.09480563,-549.9
34.62250153,139.07224526,-407.5
35.73024379,138.29997754,1941.8
35.48645091,139.15054329,1333.9
35.08554434,140.91638791,-1367.3
36.49177344,139.30410428,489.6
35.93342911,140.58846707,1.9
34.53878399,139.59543696,-687.8
35.71236557,141.06443817,-99.5
36.5746363,139.44561645,878
35.0307874,139.08517165,294.4
36.53447637,138.69405145,848.4
35.91462251,140.82098366,-24.9