0.1401,4.60024622215838e-05
0.1436,-4.89693317032858e-05
0.1779,-0.000112588022818272
0.2116,-0.000200876624738083
0.2287,0.000338327334199473
0.2598,0.000153844939247971
0.2612,-0.000459477765405447
0.3725,-0.000631612612861265
0.3729,-0.00072500538266862
0.3922,0.000808953347687102
0.4021,0.000427961740791238
0.4218,-0.00053360379157591
0.4418,-0.000666464137869083
0.4564,0.000920052156735629
0.4613,0.00106621898156045
0.4617,0.000533358634416059
0.5609,0.000340088854590914
0.5731,0.00031557724520237
0.5892,0.000532649348684799
0.5942,0.00140045851318482
0.5971,0.00125248657315458
0.6499,0.00111551959440204
0.652,-0.000104943570997662
0.6719,0.000779048090022605
0.6995,0.00165597436914233
0.7168,0.000584191810141688
0.7386,0.00173418286418403
0.7711,-0.000801518728191675
0.7758,-0.00150148972970876
0.776,0.00166780867016925
0.7994,-0.00151342143548627
0.8009,-0.00142840665791277
0.8125,0.000575951480373149
0.8219,0.000481191540629422
0.8283,0.00183566566037752
0.8464,0.000237903507561921
0.8513,0.00111871565601185
0.8583,0.00202094220222737
0.8696,-0.000431758816359817
0.8723,0.00216598293892523
0.8751,-0.000608083081444999
0.9088,-0.00151722931469556
0.9281,-0.000255202365660789
0.9456,0.00036751750008801
0.9615,-0.00192175393423555
0.9698,0.00189392392964161
0.9719,0.00190673328281121
0.9753,-0.00159838606569129
1.0033,-0.00194122920817108
1.0192,0.00245674903609272
1.0254,-0.000160134396480549
1.0527,0.0021109039896654
1.0602,0.00205704909574811
1.0603,0.000505621315121996
1.0733,0.000611375744678844
1.0737,-0.00213529136958512
1.0837,-0.00208734087607398
1.109,-0.00107024951929269
1.1236,-0.00163229206628479
1.1372,0.00155627619590426
1.1588,-0.0020901699959579
1.1675,0.00280044918544786
1.1718,-0.00190672906915834
1.2033,-0.00152308018963687
1.2213,-0.00170363460849421
1.2271,0.000242473746733696
1.2341,-0.000116880593178159
1.2369,-0.00241701163707142
1.2535,0.00248923167953263
1.26,0.00161705262656575
1.2743,0.000764203833795163
1.298,0.00298291043899224
1.2991,-0.00149919592323489
1.3082,-0.00106659918711371
1.3148,0.000456258754677252
1.3241,0.00242260487118084
1.3283,-0.00170445498386296
1.3386,0.000151065790823468
1.3409,0.000607030512345119
1.359,0.00329408611606952
1.3592,0.00195457809454025
1.3692,-0.00109853710612939
1.381,0.00300089888166299
1.3913,-0.00106767949867903
1.3999,0.00145390636132414
1.4051,0.00203613463306196
1.4149,0.000146747746659237
1.4269,-0.000219677537135476
1.4295,0.00088817397206653
1.4326,0.00316079327510033
1.4381,-0.00131797320638283
1.4534,0.0027163135837851
1.4747,-0.00287477373565781
1.475,-0.00170192996809604
1.4767,0.000230854574585271
1.4971,0.000594508377537828
1.5173,0.0022568775702545
1.518,-0.0016428315110788
1.5189,-0.00153648884904611
1.521,0.00371276433894918
1.5414,-0.0028980213335601
1.5437,-0.00184948667879281
1.5451,0.0025384069343739
1.5473,-0.00276364531517803
1.5485,0.00377735225078912
1.5611,-0.00172021879217921
1.5667,-0.000662415522846294
1.5737,0.00158992245422929
1.5961,-0.00313341830098879
1.6009,-0.000727272370390164
1.6046,-0.00268777396049269
1.6245,-0.00273876210349866
1.6587,0.00381351531481244
1.661,0.000115605506282312
1.6678,0.00213248884357653
1.6689,-0.000255378165348263
1.6819,-0.00163314684932736
1.6883,-0.00170060150058848
1.6898,0.00357615062837779
1.7017,-0.00155661833501619
1.7139,0.00421360838337659
1.7224,0.00010701248652234
1.7226,-0.000326252103815872
1.7232,0.00125895081580141
1.7249,-0.00327493082916464
1.7339,0.00400555984264894
1.7348,-0.000763138691461718
1.7373,0.000404591804990639
1.7411,-0.00286620300490159
1.7492,-0.00126501957570091
1.7615,-0.00154296291710043
1.7616,-0.00307170948676494
1.7803,-0.00351406720345326
1.7893,0.00441073825447336
1.7972,0.00321476679121702
1.8014,-0.00350083126573986
1.8154,-0.00345145449891349
1.8222,0.00346502211092092
1.8241,0.00378360278804291
1.8344,0.000607132143041644
1.836,0.00151112390522323
1.836,0.000432714764791342
1.8479,0.00434970457244255
1.8491,0.00457404527000427
1.8512,0.00108187360960343
1.857,0.00332555975185178
1.8593,-0.00227701177936357
1.8665,-0.00013443586036721
1.8676,-0.00194781003417122
1.868,0.00460228584997902
1.8693,-0.00341616413054724
1.8776,-0.000956694123738
1.8806,0.00462514712770656
1.8927,0.000678220075635227
1.9125,0.00466318547820466
1.9236,-0.00381879602914736
1.9322,7.97820841709207e-05
1.9329,0.00259397089802293
1.9378,-0.00178601565712766
1.9393,0.004728588384461
1.9425,0.00268934386409092
1.9448,0.00136828363693242
1.9613,0.00339533380355683
1.9672,-0.000225129921060718
1.9736,3.35572181842103e-06
1.9859,0.000364285407080889
1.99,0.003621990621274
1.9968,0.00433619688160869
2.0111,-0.00210069412157754
2.0259,-0.00396240665406999
2.0267,-0.00225216465086575
2.0315,0.00493979165182523
2.0325,-0.00242562514737443
2.0354,-0.00167079175288176
2.0397,0.00114639564527508
2.047,-0.00381518454483576
2.0473,0.00462003002999012
2.0545,-0.00213613882334895
2.0564,-0.00110115023508373
2.0864,-0.00412623699358949
2.0871,0.00225622567158856
2.1113,-0.00418920918919552
2.1123,-0.00419255663018792
2.1258,0.00518060692815503
2.1323,0.00518251220089194
2.1453,0.00129973336728062
2.1464,-0.00210227298785126
2.1518,-0.00409645534194336
2.153,-0.00187521167401794
2.1581,-0.00289885253480238
2.1676,-0.00199621433288488
2.1717,-0.00281050625141344
2.1754,0.00280986521864213
2.1849,-0.00435316028735411
2.1861,0.00496978583092078
2.1899,-0.000498111442812199
2.2005,-0.00172557585276811
2.2099,0.00456873803196478
2.2185,-0.00160909605388504
2.2249,-0.00339654608057005
2.227,-0.00424927005973874
2.235,0.00336831401266213
2.244,0.00459228034531112
2.2459,-0.00439605250111619
2.2488,-0.00413588137617893
2.2622,0.00376158889203815
2.2691,-0.000608147256271785
2.2699,-0.00103942530668988
2.2993,0.00559924281188495
2.3017,0.00549464545211542
2.3228,0.0037095137663945
2.3281,-0.00452822601522218
2.3578,-0.00409233302613377
2.3584,-0.00390691484336836
2.3671,0.00505839452952817
2.3729,0.00475102154265405
2.3779,-0.00328926842443655
2.3821,-0.00463805840263021
2.3836,0.00454778738932493
2.3911,0.00567832743784225
2.425,0.000605830529650575
2.4256,0.00573529062402578
2.4343,-0.000364045494676724
2.4355,-0.00284036037165292
2.439,-0.00436796192913391
2.4396,0.00605361962994744
2.4435,0.00550422354220359
2.4514,0.000558451852300301
2.4589,-0.00457717985480688
2.4619,0.00160339438178214
2.464,-0.00451996437238611
2.4663,0.0028978198297378
2.47,0.00604204579963241
2.4758,-0.00384587436745587
2.4819,-0.00321391515291358
2.483,0.0050005288565953
2.487,0.00212164760484423
2.4993,-2.72713377831302e-05
2.5221,-0.00438813956511952
2.5247,0.00375841425224754
2.5299,-0.00110592489768591
2.5485,-0.000695097985943249
2.5533,0.000905547563910591
2.558,0.00633371271259309
2.5606,-0.00493142061208429
2.5636,-0.00419329011895853
2.57,-0.00456944690877181
2.5708,0.0019240536736147
2.5718,0.00167435689064899
2.5719,0.00529081671491838
2.5815,-0.00275989920936226
2.584,-0.00506935910715001
2.5853,-0.00225577526758602
2.5871,0.00595769953993797
2.6056,0.00595345591867069
2.6072,-3.29073921561118e-05
2.6076,-0.0044938062417712
2.6108,-0.00463502610310407
2.6119,0.00650141363013113
2.6224,-0.0033347953202858
2.6246,0.00649494445977572
2.626,0.00417592993838145
2.6298,-0.00284287959070051
2.6326,-0.00168760011576063
2.6326,0.00471901067132929
2.6337,0.00411170437128838
2.6347,0.00499926328613931
2.6423,-0.0051523418304078
2.6523,-0.00422502400201807
2.653,0.00580044497425369
2.6581,-0.00468408678688359
2.66,-8.15305177286341e-05
2.6614,-0.00435076042467308
2.6647,0.00288025425893856
2.6797,-0.00405183415213939
2.6814,-0.00280461301140367
2.6982,0.000761451413545444
2.6998,0.00537624230463063
2.6999,-0.00299794087991856
2.7074,0.000556145462707214
2.7085,-0.00538162665927899
2.7138,0.00661140598231125
2.7143,0.00668396449105613
2.7164,0.0052202793495173
2.7178,-0.00503279067378148
2.7213,0.0049852685565539
2.7232,0.006558261966922
2.7253,-0.00309346757590268
2.7469,-0.000662834281627056
2.7535,0.00670318025119654
2.7584,0.00156684636818882
2.7623,0.00158551360105408
2.7639,0.006605712834725
2.7684,-0.000597808363516528
2.7691,0.00619620523527065
2.7745,0.0028671207851918
2.7804,-0.00545421789782008
2.791,0.00208904243943353
2.7911,0.00599807962043508
2.7991,-0.000155198565890746
2.7996,0.0032180187600459
2.824,0.00495106298219117
2.8257,-0.00561634849221715
2.8302,-0.00498186688083502
2.8329,-0.00553389418694739
2.8355,0.00673331762866836
2.8357,-0.000354386691406194
2.8424,-0.00244109514116531
2.8426,-0.00393969342833733
2.8473,0.00656936116739182
2.8523,0.00695662672370911
2.8526,-0.00421288321813496
2.8544,0.00709895741589639
2.8553,-7.58080905933767e-05
2.8655,-0.000682621482436474
2.8661,0.00630483061950882
2.8737,-7.1072566961039e-05
2.883,-0.00508142417667745
2.8964,0.000407122087868306
2.9006,0.00566237950518911
2.9071,-0.00356351820107292
2.9096,-0.00474346402048376
2.9099,-0.00356870817233546
2.9101,0.00363052690557053
2.9219,0.00381400832199752
2.9389,0.00479332196522542
2.943,0.00129464770731058
2.9436,0.00714561038943273
2.9496,-0.00575631947994459
2.9501,-0.0031421502357869
2.954,-0.00545157367898996
2.9611,0.00629263140432856
2.9738,0.00633460005848363
2.9833,-0.00343137713455732
2.9849,-0.00400447043493646
2.9856,0.00723285109176919
2.9861,-0.00471232381785169
2.9893,0.00709640242345078
3.0029,0.0043873171979012
3.0077,0.00229223842823023
3.0124,-0.00550904907588778
3.0143,-0.00592974732365237
3.0242,-0.000431440865080734
3.025,-0.00508718984000067
3.0363,-0.00595367409305192
3.0364,0.00150871840352451
3.05,0.00375262770431517
3.0565,0.00739039873018443
3.0577,0.00216920138591581
3.0624,0.00715304845530351
3.0651,-0.00213171171338145
3.0665,0.00658354943294537
3.0714,-0.00349553785658241
3.0757,-0.0026940612437194
3.0771,0.00455682700847326
3.086,-0.00603090646313564
3.0866,0.00690297037037135
3.0903,0.00510019802135675
3.093,0.00730638333026334
3.0962,0.00023848703634588
3.1013,0.00612778027086103
3.1013,-0.00605582735196286
3.1034,0.00567198442015959
3.1098,0.00764037351494107
3.1242,-0.0050785170164116
3.1394,0.00380151149045505
3.1431,0.00772167888410857
3.1536,0.00400861862362456
3.1617,-0.00544504615967512
3.1634,-0.000803680397240658
3.1689,-0.00410490773449457
3.174,0.00524169331090141
3.1783,-0.00589004411792748
3.1788,-0.00594944212071002
3.1795,-0.00588613733207133
3.1821,0.00632065359051603
3.1849,0.00514974809643398
3.1857,0.00681046135640573
3.1889,0.00110605015706788
3.1899,-0.00629235696558306
3.1922,0.00790195370425284
3.1955,0.0078119638791514
3.1983,0.00782938581560044
3.1988,0.00287842164380425
3.2047,0.00216433514514947
3.2084,-0.00163018957016314
3.2087,0.00545114179374595
3.2128,0.000167326406123713
3.2135,-0.00566666945379257
3.2151,0.00695124138639658
3.2195,0.00722127108476167
3.2218,0.005948349498341
3.2229,0.0041772692774189
3.2251,-0.00640317363480891
3.2274,-0.00186329296413179
3.2329,0.0071507470087635
3.2364,-0.00618424525956751
3.2382,-0.000818090276737848
3.2613,-0.00566173204153841
3.2681,0.00714565730348049
3.2684,-0.0055258795622346
3.269,0.00712556922306717
3.2729,0.00225521701985354
3.2769,0.00509729868904385
3.2769,0.00269978364651191
3.2795,0.00595333960625766
3.2801,-0.00432894493881086
3.2836,0.00377687313498853
3.2837,0.000910190014727252
3.2853,0.00497847451650202
3.2855,0.0070795599900082
3.2876,-0.000806831726209101
3.2954,-0.0054014056169418
3.2988,0.00331052956054734
3.299,0.00117862465085361
3.3031,-0.00156136886310909
3.305,-0.00280732691801466
3.3178,0.00763631359665906
3.3185,-0.00478073654771505
3.3199,-0.00462791224680092
3.3204,-0.00114682697680735
3.3239,0.00542689390220286
3.3257,0.0068828094996416
3.3279,-0.00545617734322335
3.3454,-0.000164030403624782
3.3456,0.00805073876561035
3.353,0.00789418922583751
3.3552,0.00287823115047958
3.358,-0.00238944021079623
3.3628,0.00163390319025325
3.3637,0.00124412469769597
3.3664,-0.00636519158970694
3.3675,0.00831026867841222
3.3741,-0.00667699305431935
3.3769,-0.00563706338783954
3.3779,0.00436775703075787
3.378,0.00367490678083593
3.3865,-0.00402870168453218
3.3869,-0.00423447610870609
3.3883,-0.00439807107791168
3.4035,0.00757833324329571
3.4047,-0.00425340970503552
3.4072,0.00632673247328386
3.4104,-0.0047649008428472
3.414,0.00747173376055033
3.4147,0.00705405232208722
3.4282,0.00728510202289279
3.4308,-0.000831024043277395
3.4376,-0.00593011554958034
3.4398,-0.0059268443015803
3.4441,-0.00676671902700576
3.4476,0.00553918713137413
3.4482,0.00364333665867411
3.4484,-0.000490515708450712
3.4486,-0.00644471493743426
3.4671,-0.00422505969111775
3.4744,0.00219867093920545
3.4757,-0.00612540194599154
3.484,-0.00694466528592264
3.4879,0.00848971724968717
3.492,0.00819574131895395
3.4932,-0.0068421032977799
3.4974,0.00754845350745725
3.5013,0.00687617161190168
3.5027,0.00505535339921526
3.5077,0.00162636468041688
3.5116,-0.00676750485993338
3.5116,0.00864320743632918
3.5207,0.00863856669557661
3.5222,-0.00659611423536788
3.5256,0.00199464052565901
3.5269,-0.00375967196805549
3.5275,0.00868144260251746
3.5302,0.00548983794933822
3.5308,0.0083642945013942
3.5323,0.0080434555101494
3.533,-0.000685410525839369
3.5332,0.0022172641449254
3.538,0.00871374075467513
3.5392,-0.00514938951455912
3.541,-0.00465093979776698
3.5427,0.00697059734461725
3.5451,0.00350053028259589
3.5492,0.0013062371140613
3.551,0.00800978875624425
3.5522,0.00538933158726218
3.5543,-0.006995520871099
3.5565,0.00874127318126039
3.5583,0.00490025442544262
3.5586,-0.000539419975410738
3.5604,0.00861780849892213
3.5641,-0.00109788300892566
3.5763,0.00806626687880652
3.5766,-0.00715891824737724
3.5824,0.0078324131588694
3.5878,-0.00503732968007675
3.5895,-0.00260302422990311
3.591,0.00627784336588544
3.6002,0.00362198349996579
3.6111,0.00867925337602848
3.6121,-0.00614291481183216
3.6265,0.00794994606774013
3.6346,-0.0042942738992604
3.6363,0.0061317261858016
3.6397,-0.00400622901638181
3.6476,-0.00443905594945804
3.6517,-0.00576958812633332
3.6565,0.00855366013109338
3.6571,-0.00546359580413114
3.6576,0.00898984069845676
3.6581,0.00620508568734968
3.6591,0.00238498870225845
3.6644,-0.000898995084348986
3.6747,-0.00249375256370143
3.6763,-0.00199974242747158
3.6848,0.00852926184661484
3.6877,-0.000137049583744719
3.6915,-0.00615796899786591
3.6942,-0.00724927294990785
3.6955,-0.00536348085570593
3.702,0.00793265187436409
3.7047,0.00788373891356464
3.7064,-0.00040329211157486
3.7109,0.00852859811284201
3.7176,0.0062727416078503
3.7249,-0.00723401843652427
3.725,-0.00629604470346612
3.7254,-0.00288770769597146
3.734,-0.00731094977710756
3.7351,-1.61895750006025e-05
3.7402,0.00335854856854834
3.7493,-0.00390921846312509
3.753,0.00102729288723369
3.7553,-0.00411753242431967
3.7591,-0.00655642266941525
3.7599,0.00428934504552991
3.7632,-0.00271299232128497
3.7638,-0.00692631853598424
3.7641,-0.00621336558493768
3.7644,0.00930682089557022
3.7666,-0.00376289007041697
3.7673,0.000131918119260721
3.7771,0.00442184474472995
3.784,-0.00201518725791505
3.7896,0.00914223950999293
3.7916,-0.00512890714727954
3.8048,-0.00753363485135639
3.8063,-0.00522629579031797
3.8078,0.00578921869141658
3.8109,0.00430176715569131
3.812,0.00319860281980633
3.8153,-0.00655400739746348
3.8155,0.00909558145467138
3.8187,0.00727680444112089
3.8206,-0.00442564062467188
3.8214,0.00621054044814917
3.8273,0.00620588718081638
3.828,-0.0059241532745884
3.8301,-0.00284263719040601
3.837,-0.00623990074767189
3.8424,0.00895577880956733
3.8483,-0.00392752301956856
3.8488,0.00770696194067844
3.8535,0.00817044974383485
3.8551,-0.0073147215090601
3.8631,0.00500065854247778
3.8638,0.00934924977733909
3.8653,0.0058207987518486
3.8698,0.00173283409312752
3.8719,-0.0022372349858788
3.8734,0.00864592065573211
3.8772,0.00562894288701665
3.8793,0.00272206167008937
3.8817,-0.00664023247210555
3.8848,0.00539267742791116
3.8866,-0.00159502691690694
3.891,-0.00208332176589643
3.9036,0.000997314973796293
3.9048,-0.00236470097648933
3.9052,-0.00668782381765132
3.9107,0.00180999780357149
3.9262,-0.00454840395759826
3.9399,0.00711431291636
3.942,0.00334392736076117
3.9475,-0.00136966986376574
3.9563,0.00918302224830114
3.9616,0.0097540184724827
3.9629,-0.00339192894903562
3.9682,-0.00448842625765966
3.9684,0.00560320731869268
3.9702,-0.00440001214995345
3.9717,-0.000367846007979011
3.972,-0.00140167071181763
3.9721,-0.00729665246163647
3.9738,0.00827585200799152
3.9757,0.000578002737625205
3.977,-0.00433417717349105
3.9792,0.000761979878267649
3.9796,-0.00641577475487942
3.9818,-0.007788617422821
3.9892,-0.00160109324860613
3.9907,0.00850625979276254
3.9908,-0.00668588211754706
3.9931,0.00512422266009427
3.9948,-0.00778382303884362
3.9961,0.00883747292557713
3.9974,0.00912738332805452
4.002,0.00917694207899888
4.0021,-0.00787977493813585
4.0079,-0.000869673472295496
4.008,0.00507578582261203
4.0083,0.00984858263299904
4.0087,0.00963023037561017
4.0112,-0.00773702253606601
4.0133,-0.00794757477391528
4.0136,-0.00484303663910168
4.0189,0.00992350335948977
4.0202,-0.00515024133919972
4.0223,0.00928075442890464
4.0255,0.00829528809472535
4.0296,0.00546499158156255
4.031,-0.00767752935876409
4.0311,-0.00783616003056675
4.032,-0.00796003675491441
4.0349,0.00500107171891351
4.0425,0.00156711479337268
4.0495,-0.00245838047291347
4.0509,-0.00613135661723163
4.054,-0.000209156318239145
4.0566,0.00645153740564108
4.058,-0.00758289933835332
4.0599,0.00994141684170025
4.0641,0.00264550841423805
4.0647,-0.00107854247973016
4.065,0.00995730406894335
4.0659,0.00157698373669479
4.0672,-0.00572977724223644
4.0746,0.0089979373305118
4.0756,-0.00778845147377627
4.0764,-0.00804471533371132
4.0773,0.00903761779260481
4.0832,-0.00161365645224443
4.0859,-0.00329507896564252
4.0917,-0.00814443783729946
4.0937,0.00584348617951935
4.0944,0.00982721494636518
4.0949,-0.00692193543729669
4.102,0.0101713018482199
4.1021,0.0101506631342412
4.1029,0.00929335211331139
4.1058,0.00369950962483223
4.1109,0.0100924987637443
4.1144,0.00975900221760284
4.1161,0.00717775490817107
4.1185,-0.00801539788309125
4.1213,0.00987109284834187
4.1289,-0.00228593523665399
4.1308,0.00109162700639587
4.1335,0.00709078024387022
4.1366,-0.00711988436551181
4.14,-0.00543533881480052
4.1406,0.00410327048554215
4.142,0.00149499608955761
4.1453,0.00951555990471853
4.1456,0.00702758573545559
4.1468,0.000871799796789752
4.1504,0.00445198998109042
4.1511,0.00525668674296131
4.1575,0.00288595838109895
4.1602,0.00630010690888838
4.1617,-0.00503371415378329
4.1634,0.00178409656613621
4.1663,-0.00429577306647655
4.1691,-0.00660588046407629
4.1703,-0.00820446520826668
4.1727,-0.00428108359794699
4.176,0.00626243842964147
4.1824,0.0103355207885123
4.184,-0.00112614723717019
4.1841,0.00950236046190245
4.1842,0.0064714118434237
4.1846,0.00383527407073192
4.1856,0.0046952608465789
4.186,-0.00223194261901138
4.187,-0.00484008905270006
4.1929,0.0101525642146241
4.1939,-0.00827588227155918
4.1984,0.0103118397945403
4.1992,0.00549283096367059
4.2003,0.0073896796127606
4.2032,0.00597713359714103
4.2035,0.00186385465455352
4.2054,-0.000645359421294955
4.2056,0.0101989851938047
4.2073,0.00267193916895359
4.2106,0.0104335926514727
4.2155,0.0099746675039567
4.2192,0.00251756733529795
4.2219,0.00969637886241159
4.2222,-0.00830460296189894
4.2277,0.00410047809358804
4.23,-0.00810234671262311
4.2339,-0.00463969152479926
4.2389,-0.00823634580810673
4.2418,0.00765185880247987
4.2421,-0.00385057639201225
4.244,-0.00758693872996652
4.2462,-0.0083208710321232
4.2475,-0.00283749789687526
4.2496,0.00046449524542691
4.2507,-0.00159660412193752
4.255,-0.000212266912604342
4.2656,-0.00620293024545493
4.27,-3.01212587316968e-05
4.2712,0.0105129174715213
4.2728,0.0104847784099356
4.2735,0.00975914254077193
4.2768,0.0100895306578055
4.2851,0.00206151186563108
4.2862,0.00820213882490961
4.2883,-0.0060025129207002
4.2935,0.00754522709005112
4.2943,-0.00702402967605131
4.3022,-0.00631320972808513
4.3111,0.00806716837396593
4.3246,-5.24821160698963e-05
4.3253,0.00893165463874102
4.3294,-0.000239939195055605
4.331,-0.00026106841909268
4.3314,0.0106860939061582
4.335,-0.00856955638597956
4.3395,-0.0043885565787658
4.342,0.00390878110986215
4.3465,-0.00275328098101024
4.3477,0.00702752729357936
4.3533,0.00403931158552417
4.3546,-0.00595534879472925
4.3565,-0.00862412663277023
4.3571,-0.00377814400129228
4.3598,-0.00370430425975243
4.3655,-0.000739261248573264
4.3694,0.00464877428229205
4.3722,-0.00821251089831954
4.3725,-0.00463642984329127
4.3734,0.00612319233115688
4.3753,-0.00680138971764332
4.376,-0.00011849703745348
4.3791,-0.0039989563784717
4.3824,-0.00248284379853736
4.3862,-0.0051796702086655
4.3877,-0.00466392334497279
4.3893,0.000945971875765395
4.3901,-0.00634227357994988
4.3941,-0.0014338548425501
4.3947,0.00332733923596251
4.3961,-0.00551049522846281
4.398,-0.000133060093843618
4.4087,0.000822105338127876
4.4155,-0.00167679013417743
4.4229,-0.00565879923961532
4.4259,-0.00560151317204216
4.4275,0.00837097539697584
4.428,0.00631124707444197
4.4305,0.0103982135313663
4.431,-0.00779644802259405
4.4346,0.00524500406327277
4.437,-0.00842577049521864
4.4419,-0.00861260935722985
4.4457,-0.00307832109774075
4.4472,-0.0086660486808503
4.4515,0.00561878000991722
4.4517,-0.00356185445669333
4.4529,-0.00829846540174373
4.4532,0.0108203557525872
4.4548,0.00517587704613653
4.4574,-0.000320432711249374
4.4589,-0.00156200893143499
4.4617,-0.00881967183749843
4.4734,0.0088226854565745
4.475,0.000559461272144901
4.4751,0.00146375159409029
4.4791,0.000752220469358633
4.4815,-0.0076853120977125
4.4874,0.0102383237808157
4.4879,0.00860069570068056
4.4885,-0.00327459579384648
4.4909,0.00902573730740652
4.4914,-0.0084902003402707
4.4926,-0.00528894407987934
4.4926,-0.00304807256691042
4.4945,8.63305632012867e-05
4.4965,0.0105733589103627
4.4975,-0.00886329532277585
4.4977,-0.000660242476912209
4.4995,-0.00589639130498298
4.5165,0.00177407813754282
4.5188,-0.00846354609395394
4.5251,0.0110926933937678
4.5254,0.00564990702598855
4.5274,0.00621705443953058
4.5304,-0.00206993361645225
4.5325,0.0111476030229678
4.5359,-0.00865618493774445
4.5367,0.0101832416841541
4.5422,0.00696178734907349
4.5423,-0.00790938385921347
4.5456,-0.0089878781326318
4.5457,0.00484913684792154
4.5493,-0.00374656157145115
4.5538,0.0110690212624434
4.554,0.0110496642765057
4.5564,-0.00676622846637276
4.5586,0.00566252798468891
4.5599,-0.00275331596198125
4.5639,0.0112793678145833
4.5649,-0.000331185982731519
4.565,-0.00483253477897971
4.5655,-0.00544536818900809
4.5659,0.00762937982138912
4.5661,-0.00162758863909396
4.5662,0.00578990921884781
4.5749,0.00342758607910465
4.5819,0.00512890072116701
4.5821,-0.00454306249841263
4.5835,-0.00886613726085184
4.5859,0.00714713064366546
4.5915,-0.00761202688296425
4.5953,-0.00147819596859389
4.5967,0.00436238479504514
4.5983,-0.00101837493515156
4.602,0.0105257715963809
4.603,-0.00649757554471364
4.6031,-0.00452367450464397
4.6048,0.0113857821685617
4.6057,0.0100888900768483
4.6115,0.00712461004008969
4.612,-0.00904723400213658
4.6122,-0.00646671788676301
4.6132,0.0112609863549773
4.6144,-0.00303715336570587
4.6173,0.0112912349250376
4.6186,-0.00790008800242692
4.6208,0.0101509806201348
4.6231,-0.00489370886605744
4.6251,0.00978759270467755
4.6317,0.0107888023810681
4.6349,-0.00602226229331482
4.6367,0.0063625773773035
4.6398,-0.0013748173762913
4.6419,0.0114784963747603
4.6503,0.00956262301608213
4.6526,-0.00748937144055795
4.6528,-0.000919645125474489
4.6642,0.00629972919706834
4.6656,0.00916721081351923
4.666,0.00343104763094804
4.6704,-0.00882186084966996
4.6723,0.00981058489588182
4.6743,-0.00301110406730221
4.6776,-0.00902371201437457
4.6779,0.010394009730109
4.6783,0.00256572863736082
4.6801,0.00685456512576366
4.6815,-0.00594673270741719
4.6851,-0.000601699125112098
4.6891,0.00717139157096103
4.6903,-0.00916789185845435
4.6905,-0.000795375345113314
4.6933,0.00455084375827752
4.6947,-0.00151429346480203
4.6957,0.0107294229539905
4.696,-0.00234751344788187
4.6993,0.000499962853321101
4.7074,0.00203298228898419
4.7091,-0.00933590179597665
4.7123,-0.00868458017650564
4.7148,0.00487274491645806
4.7172,0.00772772570946589
4.7174,0.0105026325171638
4.7181,0.0114785248491547
4.7266,-0.00182092059842098
4.7284,-0.000843741647116758
4.7342,0.00175943257797506
4.7345,-0.00933273624534614
4.7377,-0.00894026934418957
4.7384,0.00186976508616077
4.7408,0.0116410319205338
4.7423,-0.00117554644435369
4.7462,0.00656449769508871
4.747,-0.00765431052295007
4.7517,-0.00932040495034858
4.7538,0.00359041771220525
4.7574,0.000590167641869144
4.7588,-0.0063114949964449
4.764,8.87377348162133e-05
4.7653,0.0117382617031048
4.7666,-0.00935103808873361
4.774,0.0118027160928493
4.7754,0.00681756546334977
4.7775,-0.00563105947735565
4.7793,-0.00876954108237982
4.7827,0.0117456699286214
4.7913,0.00613365267632382
4.7938,-0.00947240806661309
4.7962,-0.00921658876255016
4.7966,0.00083542887690502
4.8032,0.00345123903032629
4.8078,0.00274248543443445
4.8143,0.0107538313819582
4.8159,0.00315119740615089
4.8171,0.0118622040756309
4.818,0.0117785254964309
4.8183,0.00862440675258469
4.8187,0.0109036368019861
4.8201,2.29798709128204e-06
4.8239,-0.0094840247027479
4.8263,0.0115989121746818
4.8294,0.00416762127758386
4.8316,0.00232069343307728
4.8341,0.00907890134905198
4.8342,-0.0084669394196446
4.8353,-0.0082559438827996
4.837,-0.00546225698305935
4.8411,0.00553107402897979
4.8412,0.00826035364809119
4.8461,-0.00441299015241725
4.8496,0.0118036818677352
4.851,-0.00475340751895548
4.8513,-0.0083846834037411
4.8532,-0.00256670111793955
4.8553,-0.00950524639761774
4.8577,-0.00273896482136404
4.8632,0.0100947010236681
4.867,-0.00190487923204596
4.8675,0.0110825244293995
4.8676,0.0105781686007953
4.8694,-0.00174507681695957
4.8702,-0.00838495140246565
4.8702,0.00719540566068844
4.8736,0.0120228622406966
4.878,0.00210901438748756
4.8786,0.00149318306464519
4.8808,0.00071312170293325
4.8812,-0.00815791240771357
4.8833,-0.00935607586841414
4.8845,-0.000712096408253871
4.8882,0.00214124738247978
4.889,0.00195550103424846
4.8899,-0.00831586426510178
4.8901,-0.000155077834055106
4.8979,-0.00860981065405575
4.8988,0.00840605606799194
4.8996,0.00599967552337155
4.9042,-0.00970884868938438
4.9066,-0.00972428963660654
4.9091,-0.00783696918447419
4.9174,0.00486581288503363
4.9201,0.00202352618689705
4.9253,0.010031148799662
4.9271,0.000279744791282788
4.9273,0.00169795680276774
4.9299,0.00638208239459992
4.9355,0.00149473346082729
4.9375,-0.00947871400408928
4.9384,-0.0097953683815204
4.9391,0.00272288215624883
4.9397,0.0098198339717781
4.9403,0.011724066547985
4.942,0.00349444006045907
4.9432,-0.00793409785692578
4.9444,0.00979645460103917
4.9507,-0.000492660959078961
4.9521,-0.00312082845453432
4.9543,0.00807390944301822
4.9569,0.00950761370404685
4.9577,0.000199464036529484
4.9644,-0.00419457799990308
4.9662,-0.00551011534541956
4.9688,0.00360688859408675
4.9727,0.000712395854490566
4.9728,0.0084594558557507
4.9732,-0.00785791075058295
4.9738,0.0120146819675844
4.9745,0.0114400262339975
4.9756,-0.00380352876599144
4.9764,-0.00983468548858113
4.9769,0.00850730959905288
4.9791,0.00326838116970762
4.9817,0.00788864738326644
4.9846,0.0112802675542625
4.9847,0.0107556684793044
4.988,0.00469335266189042
4.9888,0.0112023016906093
4.9896,-0.00700979187207817
4.9913,-0.00188065084415534
4.9919,-0.00242084467006443
4.9922,0.0116515821765582
4.995,-0.000854411579282122
4.9994,0.0123795732584693
5.2199,-0.0102313402910941
5.6104,-0.00102181433614312
7.0633,0.00804719365016027
7.0896,0.00302885150798193
7.1031,-0.0134848172871864
7.3479,0.00258786559130897
7.4373,0.0158940134905379
7.8093,0.00105419799579121
7.9182,0.0150191613283663
8.3005,-0.000334591870752021
8.3615,-0.00886582195246532
9.1213,-0.0178526112016861
9.1447,0.0191294920655487
9.6941,0.0133802371705123
10.4506,0.0215470637000656
10.9392,-0.00912020722016216
10.9651,0.0127235671112338
11.2917,0.0276913491123683
11.6314,-0.0184098277794824
11.8211,-0.023642042599624
11.8383,-0.0238639937559206
11.8994,-0.0202964786728668
12.1613,-0.0205474184401133
12.1961,-0.0127299655520225
12.4972,-0.0211000302665969
12.7716,0.0210223802636982
12.7964,-0.00912742859557802
12.7996,-0.023050826490822
13.2605,0.00665631626342034
14.4878,0.0357123990172461
14.6527,0.0317111953527451
14.6707,-0.0181873215641044
14.6748,0.0050067800101985
14.679,0.0296863755295114
14.8076,-0.025599543035689
15.0889,-0.0274404007934272
15.1066,0.0203858288383572
15.1191,-0.0295459962367115
15.5133,-0.00113741499585451
15.9191,0.0352255818265412
16.086,-0.00599122464296187
16.171,0.00675907830085265
16.3556,0.0365906998199108
16.6187,-0.0138617177428237
16.6454,-0.0142445619547082
16.6742,0.0355398709033707
16.9005,-0.0325513779885505
17.0007,-0.0356093214588959
17.424,-0.0152020042330889
17.52,-0.0307556739961967
17.598,0.0120296009126122
17.7275,-0.0137535997022198
17.7549,-0.0351182628011557
17.9701,-0.0270567125275925
17.9894,-0.0329985916720759
18.2001,-0.00643615264559827
18.2121,0.00723498430628311
18.2804,-0.00822894437975563
18.3995,0.0188186270594208
18.4162,-0.00824618843145686
18.743,0.0414009183581392
18.8934,0.0158710120690593
19.1196,0.0472688245038633
19.3905,-0.0325472174910928
19.8025,0.0234729461423342
19.8168,0.0399857334683666
19.8971,0.00732151288606886
20.0027,-0.0410559657152838
20.2046,0.0181161848032083
20.2422,0.0181549488437582
20.382,-0.00686108527807505
20.5009,0.0473287007588112
20.7573,-0.0345864453333284
20.7863,0.0478048461027853
20.8859,0.0220605808434229
20.9429,0.0281214465768009
20.9512,0.0514160664733012
21.0197,0.0334591028299087
21.1916,-0.0158081735554703
21.3907,0.0372898383982339
21.3926,-0.00529361013513707
21.783,-0.0148898939857816
21.9093,0.0401080462433647
21.9669,-0.0258930356742191
22.3402,-0.0483028777951091
22.3662,-0.0313024632378678
22.4434,0.0138164957105573
22.6549,-0.0335989569837487
22.773,-0.032186887602812
22.8446,-0.0212874899898132
22.9418,-0.0167093317723825
23.0093,0.0322734573395778
23.0246,-0.0185227319728511
23.0788,-0.0149325797051674
23.1176,0.0184913873243566
23.1593,0.000357632430059596
23.1656,-0.00456067750032929
23.1746,-0.00751305140935798
23.4138,-0.0511660929180593
23.4589,0.0351178272512733
23.5184,-0.0217277978309269
23.5415,-0.0303727654436976
23.6206,0.0450455761133703
23.6613,-0.0512308916285882
23.7008,0.0556785785557068
23.7552,0.0111459304688957
24.0153,-0.0356373578054416
24.0635,0.0245012824558053
24.1444,-0.0498396316330556
24.1927,0.0562669261586493
24.2277,0.00352927045454621
24.2851,-0.0156332293703763
24.4122,0.0375326306986459
24.4806,0.048979491430007
24.6467,-0.0402950386922711
24.6782,-0.0185850414083895
24.7145,-0.0109895228266126
24.7568,-0.0548983630058721
24.9379,0.0248755999344397
25.3556,-0.0453672173165565
25.3811,-0.0494290512416278
25.4214,0.0538566609826781
25.5959,0.0241645868996407
25.657,0.0624494780999321
25.7535,-0.051937897687985
25.9201,-0.0465672630238458
26.0599,-0.057119476996359
26.1352,-0.0573373679912628
26.3256,0.010084852173911
26.4249,-0.0218775881546769
26.5917,0.00331509695038079
26.6512,0.0458207162391879
26.7079,0.0173205367092919
26.7269,0.0606490598643674
26.9435,0.0310981574064506
27.2326,-0.0242245905171181
27.5635,0.0446359357177286
27.6144,0.0433834682812986
27.8152,-0.0594538020196929
27.8183,0.0674817852051639
27.8828,0.00837790557975282
28.1148,0.0522666654813513
28.1651,-0.0655507455108975
28.203,-0.0655333792001969
28.2536,-0.0607188469501558
28.2753,0.0322267533545073
28.3746,-0.0653233825272537
28.5036,0.022897880167843
28.5918,-0.0674067872477799
28.6126,-0.00970018988824606
28.6595,0.0692968215627907
28.7212,0.0676954045802418
28.8357,0.0692214164416711
29.0384,-0.0154013146408225
29.1023,-0.0371486737848592
29.2633,-0.0390407709084961
29.3679,0.0652646574594158
29.4228,-0.059644239818244
29.5148,0.0730674405084883
29.526,0.0462584646023458
29.5382,0.045201646218981
29.6816,-0.0712052498954385
29.6817,-0.0291509138682002
29.7287,-0.0165170624426949
29.8008,0.0730960543396577
29.9703,-0.0646258344148656
30.1159,0.0741783479064999
30.1845,0.00692426703497517
30.2145,0.0680166418033394
30.3536,0.0193408818268388
30.4652,0.0530948796069737
30.6012,0.041931395437885
30.6772,0.0144144145058718
30.7336,-0.0342243972589245
30.7895,0.0757606588791049
30.7991,-0.0601950572932353
31.0269,-0.0730157528976285
31.1218,-0.0221193899055336
31.3491,-0.0775627441116207
31.4008,0.05732642140552
31.51,0.0779188225969207
31.5407,-0.0528412902122604
31.6124,0.0384107339405979
31.617,0.037758849280106
31.6989,-0.0390380154382655
31.7391,-0.0706123665635872
31.7571,-0.0411814337783056
32.1124,-0.00492274086160904
32.1411,-0.0166728884829155
32.1427,0.0709805405856443
32.2142,0.072346961430263
32.4466,-0.0647540477447279
32.727,-0.0731306897867654
32.7488,-0.0710506758246581
32.7673,0.031489723405528
32.7848,-0.0653760582801794
32.8001,-0.0532586518824871
32.804,0.0667150235845284
32.8296,0.0324206976367378
32.8313,-0.0807147152431327
33.0159,-0.038964798575897
33.0416,-0.0785543333454939
33.0674,-0.0516040089324008
33.0682,0.0529384877197643
33.0898,0.0355545556939774
33.1978,0.0790209851879737
33.2396,-0.0765231249207616
33.3978,-0.0780493620120595
33.4653,0.0811644100427245
33.498,-0.0138293972693759
33.5406,-0.0775680584962188
33.5575,-0.0869903432285355
33.8797,-0.00717406856479386
34.0594,-0.0729088766565482
34.2013,0.00162110544793848
34.2825,-0.0220360985047421
34.3486,0.0814071319101686
34.405,0.0266774833057113
34.5623,-0.0864884178357173
34.6317,-0.0157556606050662
34.6534,0.0833277263191832
34.7704,-0.0148441429205164
34.9061,0.0840796785475462
34.9894,-0.0816873699709006
35.0072,0.0731670401179159
35.1259,-0.00106179199580225
35.1465,-0.0787782420914596
35.231,0.0814626416582627
35.2532,0.0488759588476455
35.3095,-0.0448009226431481
35.4596,-0.0879896652812064
35.4758,0.0107648399627038
35.5202,0.0863209517375907
35.5603,-0.0894282822588224
35.6001,-0.079510589151468
35.6131,-0.0647733970993585
35.7748,0.0872428261160962
35.7898,0.0241004765943202
35.9014,-0.0720914017740455
35.9303,-0.0396846500036858
35.9845,0.0266288220105082
36.1842,0.0660044558936335
36.2122,0.0293145415627833
36.4389,0.0644967598442179
36.5107,0.0339344908907862
36.5459,-0.0399758360599307
36.5515,0.0598903588631856
36.5597,0.0887591471200793
36.7233,0.0705060282743304
36.7777,0.0354184809346023
36.7794,-0.0888938240740131
36.7981,-0.00391820848933833
36.8789,0.0236259553035154
37.0799,0.0886151191809574
37.1918,-0.100346094130892
37.222,-0.0722913337708633
37.2581,0.066246083554411
37.2911,0.0531934968099819
37.3671,0.0452948784002984
37.4391,0.0921505795769093
37.459,0.0454033033307724
37.4793,0.0800231706796879
37.6395,0.0761033362231558
37.6573,0.0273165269113136
37.8016,0.0432947780891055
38.1725,0.0499742684325142
38.285,0.0772265672688235
38.4242,-0.0503053229684127
38.4494,-0.0150952090497682
38.4619,-0.026063488505244
38.6176,-0.0251049121612823
38.6227,0.0928019656535
38.7407,-0.0149427160948363
38.7783,0.0354818404665664
38.7784,0.0680577808108467
38.9436,-0.0320869706049649
38.9604,-0.111019369953752
38.9979,-0.0546140097222931
39.0725,-0.056979565019283
39.1596,0.0942566741184763
39.1662,-0.0137208424733686
39.2205,-0.0564265867031182
39.2456,0.0703768258944493
39.269,-0.0563392771672611
39.2984,-0.0308894868644032
39.3197,-0.0910633740129825
39.3957,0.0949055231196567
39.5317,0.0463704587530174
39.5346,-0.0139492678329773
39.5641,0.0528125252993448
39.6996,-0.085852190994693
39.7157,0.0826700078828893
39.7454,-0.111846809674013
39.7956,-0.0924424289852794
39.8891,-0.105848188507359
39.9695,-0.00748862523534655
40.049,-0.0993377892506899
40.0847,-0.102885537597714
40.2056,0.0960004154206047
40.2581,0.0968619686121599
40.4006,-0.0339018816010466
40.4079,-0.0802579314472567
40.585,0.0466005299213705
40.611,0.0228716366604829
40.7218,0.078805000556109
40.823,0.0997652013909871
40.866,-0.0898649182872049
40.957,0.0789322112048012
41.0121,0.0973263853535329
41.034,-0.0899720581525045
41.1146,0.0828613731899708
41.152,0.0555869618447389
41.1973,0.0782100064766027
41.2296,-0.0863311691551942
41.3025,0.101581100032277
41.398,0.0410380170425029
41.4246,-0.071327682817298
41.4639,-0.0176160422673348
41.4885,0.0910410020054897
41.6227,-0.0741548882780521
41.6384,-0.107422020028025
41.6424,0.07197810355553
41.6497,0.0707200293264378
41.669,-0.108596261502171
41.6967,0.000898521090611837
41.8513,0.0050728056355851
41.9193,-0.107534872645502
41.9333,0.0786257407966247
41.9422,-0.0889658644944973
42.0122,-0.0757153913591111
42.0183,-0.055798314972229
42.1375,0.0752325621643877
42.3116,0.0844976702581661
42.3324,0.0843788544600201
42.3964,0.0322947283321255
42.448,0.0759627958722575
42.4908,-0.036937845464486
42.5693,0.0981140459483782
42.6088,0.0798236184038217
42.6346,-0.0219366026096424
42.6706,-0.0283971647378678
42.6708,-0.10746319408404
42.7258,0.1026531892036
42.7488,-0.0459809156871884
42.7711,0.101834584594243
42.7824,-0.0373779362158544
42.8876,0.0432968416371722
42.9315,0.101635349842162
42.9708,-0.0589109196044717
43.0067,-0.100854106578545
43.0954,-0.119282433517178
43.1616,0.100295578311567
43.2763,0.0995772809798154
43.3868,-0.0280781723829975
43.6415,0.104739674146884
43.6653,0.0463368102356441
43.7119,0.00362905594445095
43.7175,0.102701346867221
43.7225,-0.0591272437104351
43.8423,0.0791560274878904
43.8546,0.100800510751391
43.9558,0.10312750163267
44.0859,0.107962618254689
44.2539,0.00596357247582091
44.3561,-0.0631874868582116
44.3583,0.104267416658494
44.37,0.107021997346799
44.3766,0.0851101223681141
44.4619,0.103905053693779
44.5574,0.110046974603293
44.5904,0.0838974301499533
44.5949,0.109364856669487
44.7448,0.104340727999485
44.7619,-0.0946694361550442
44.8373,-0.0384139127450283
44.9021,-0.117373702100949
44.9164,-0.087647739113585
44.9915,0.00735493351800187
45.1561,-0.00973816885272782
45.2361,0.0985175807007437
45.3125,-0.0236656233697019
45.3158,0.109811180642318
45.3612,0.100672939158578
45.3711,-0.122370339956007
45.4313,-0.0506670892197718
45.4582,-0.0447318747668319
45.4747,0.107625461199675
45.6105,0.026455066411458
45.7749,0.0834623749272794
45.8959,0.0793555110691671
45.9052,0.0487627870449501
45.9329,0.103246218567605
46.0316,0.0425633786212742
46.1076,-0.087299917689144
46.1707,0.0875242228462696
46.1917,-0.114246130251438
46.2217,-0.0870923667290882
46.2536,0.102571450861817
46.2773,-0.00722657604963217
46.3193,-0.0697494435083854
46.3353,-0.0455329047287236
46.5601,0.108103102931572
46.5837,0.113912229189573
46.6003,0.0791186945371223
46.6248,0.111414349658176
46.6321,0.0745842742786138
46.6877,0.0282451112721276
46.8592,0.0613451422994515
46.8844,-0.0610069945715495
46.9199,-0.0534752926467306
46.9474,0.075230792255347
46.9609,0.0500520683860444
46.9697,0.0189237461399472
47.0076,0.0505821696994602
47.0531,0.0562808863047337
47.1041,0.0566752377866067
47.1397,-0.117564380813299
47.1752,0.0268467581343472
47.1871,0.00960952710907037
47.2088,-0.115031037414468
47.2324,0.0557576772450616
47.2475,-0.0290124877026301
47.2568,-0.0577636234548109
47.3003,0.0899405964846025
47.3857,-0.108471566386328
47.4255,0.106966351748554
47.4614,0.0743504525377219
47.4844,-0.0855946170166106
47.5734,0.0339337463773006
47.6516,0.116146080913396
47.6563,0.0803894487066614
47.709,-0.0328334622403119
47.7132,0.0697629444408534
47.8046,0.103115133199857
47.8153,0.11805907939079
47.8498,0.0952593548436909
47.9283,-0.0571549577732284
47.9392,0.101088318758897
47.991,-0.122916969873856
48.0927,0.118676180501957
48.1651,0.117649465984996
48.2773,-0.0266983263817551
48.2886,0.10592313976899
48.4217,0.0384331755757827
48.493,0.110052864433833
48.6424,0.102594671968156
48.6552,0.0943278872165862
48.6827,0.0565011675952434
48.6838,-0.131716919242095
48.6937,-0.0398988167765424
48.7568,-0.086410766576023
48.8856,0.0671428297336618
48.9083,-0.0291110683686213
48.929,0.000288000512576048
48.9574,-0.140158328729548
48.9743,-0.0658975886973749
48.9971,-0.0733516147530153
49.0368,-0.123803698166597
49.1068,0.0763914413954296
49.2226,0.121223706006639
49.2837,0.107613956574994
49.3043,-0.0825123786907014
49.3897,-0.0670708658638759
49.4132,-0.108709958553419
49.4217,-0.112088325315099
49.4664,-0.129312871001751
49.4826,0.119721126412564
49.4843,0.0657691284026285
49.6553,0.0320972667460211
49.7429,0.101930842812138
49.8043,-0.133645422722736
49.8933,-0.108469869662024
49.9193,0.022096156286409
49.9481,-0.0965507318260777
49.978,0.123737456919258
50.0781,0.0121190901774
50.0844,-0.0443564091861077
50.1367,0.121347033156582
50.155,0.0682219585599029
50.1731,-0.0836658833757156
50.1756,0.0784126961087779
50.2519,0.10974965566151
50.2559,-0.0179660219639217
50.2734,0.124532808613061
50.3872,0.124271185980675
50.4875,-0.0593803266165125
50.6099,0.0854793057196233
50.6421,-0.0278515943038826
50.6816,0.0532078998891166
50.7335,-0.0314281015724092
50.8081,0.00390692599756193
50.8093,0.0358462129309487
50.8392,0.030710804549571
50.9174,0.111687727882057
51.0156,-0.104363792900116
51.1063,0.0611536803650807
51.1688,0.126546679778635
51.2034,0.116072547777051
51.221,-0.143827304346019
51.2454,-0.0761863875618545
51.3172,0.127251032430891
51.3812,0.124304397079712
51.3893,-0.152921399768459
51.395,-0.13284853935756
51.4549,-0.103058693097481
51.519,-0.140777803654316
51.6388,-0.00362414642032149
51.6407,-0.148835259251889
51.6522,0.115190809254045
51.7187,0.112709390285552
51.7285,-0.13404617038897
51.7919,0.0870049743066303
51.7929,-0.155233944066815
52.0352,-0.154285318181252
52.0608,-0.0586924263992685
52.1542,0.0554925087761617
52.2759,0.0991739636656277
52.313,-0.0426008202722485
52.3208,0.0864234748726886
52.3719,0.07848458297061
52.4136,-0.149097341289227
52.4185,-0.125813689316409
52.5627,0.0173315961435492
52.6429,-0.153165403005886
52.6567,0.0693114466872515
52.7035,-0.156481713571637
52.7517,-0.12167784495967
52.7617,-0.0477609991903947
52.8105,0.117084649068723
52.8351,-0.00403170168705458
52.888,0.120828105318246
52.8945,-0.089575838058245
52.9074,-0.109974259619193
52.9144,0.130876927714446
52.918,0.0689039375001315
52.9351,0.123799857200162
52.9381,0.129551968105154
53.0117,0.0220746262079246
53.0151,-0.154394920076669
53.0184,-0.0064370002774865
53.0365,-0.138561522448875
53.0439,0.0460578561696252
53.0703,0.118892595755298
53.1829,-0.0668087793938028
53.2244,0.128606572358471
53.2511,-0.0516916739903834
53.2949,0.0122144139747959
53.3289,-0.162400709630184
53.3666,0.111018163689465
53.4154,0.0640088307593487
53.4536,0.0071798684323241
53.4854,0.133439659435304
53.5534,-0.159299954325313
53.5697,-0.12050901220465
53.5785,-0.0104386024334886
53.5882,0.0152606026044708
53.7958,-0.0137096103461758
53.8869,0.129785008078578
53.9063,-0.017883198196337
53.9596,0.0836100441138612
53.9747,-0.112476266098547
54.0688,0.132830864375691
54.0968,-0.144131994531762
54.1613,0.122605987825878
54.3092,0.0240822964839111
54.3181,0.135553284831786
54.3227,0.10589718386268
54.4059,0.0468393127961235
54.449,0.129102225516974
54.4633,0.127358743613371
54.4664,-0.0958734319717465
54.59,0.0611711352670383
54.6159,-0.0604491638091957
54.6249,0.0836055152533604
54.6648,-0.069085785251545
54.6922,-0.10300626291955
54.7894,0.0649568872650832
54.9041,0.117502144816022
54.9124,-0.153575251927471
54.9418,-0.114356922494082
54.9512,-0.145130226748883
54.9717,0.0567128151930376
55.1838,0.0194450459986868
55.2008,0.120186600972197
55.2078,0.0706106841177245
55.2179,0.128904882882424
55.2432,0.132883506471458
55.2529,-0.127929298763419
55.4132,0.031733424043054
55.4478,-0.12577078010699
55.4696,0.0792074495440005
55.4809,-0.0991901687377634
55.4847,0.0774651397288366
55.494,0.0269150869490673
55.5311,-0.162066824520146
55.6412,0.129157935969239
55.7121,-0.145446190720214
55.7243,-0.0404347606720776
55.7253,0.137814542990931
55.7454,0.128017702242168
55.7733,-0.143621463471305
55.7919,-0.166459171384957
55.9636,-0.1333139974235
55.9702,0.0414933838313303
56.0288,0.139383862970092
56.0345,0.082373246941998
56.0761,-0.0900577589276352
56.1162,0.137591305944774
56.1243,0.0940163935130727
56.1412,0.136032084211379
56.1705,0.0541240364173277
56.1771,-0.14488000348797
56.1929,0.0101520910908803
56.2035,-0.081132423660577
56.2078,-0.117286463650721
56.2424,0.0611929363005643
56.2487,0.141086989826903
56.2585,0.0904146932344077
56.2833,-0.0819345447656019
56.3584,-0.0431635268208268
56.4446,0.13899302275248
56.4822,-0.00584017555819827
56.5092,-0.0111888847648629
56.5105,0.120358029394545
56.6301,-0.171058607293062
56.7229,0.0156869982229466
56.7896,-0.01260325461039
56.8696,0.127855424444476
56.8856,-0.0222603764530618
56.9255,0.080299289421859
56.9339,0.133127676071005
56.9908,0.00106839635691358
57.044,0.0871654762447633
57.0965,-0.110766823477206
57.1087,-0.163242769428301
57.1247,-0.172984860551956
57.1248,0.0207757521318399
57.1406,0.1433737310198
57.1463,0.0716802581453564
57.155,0.114798908038068
57.2252,-0.167176229445239
57.2268,0.141398038587582
57.236,0.122514800066128
57.2908,-0.0220174897568413
57.3057,0.112374950298396
57.3786,-0.172171820484756
57.4431,-0.181198974450218
57.4998,0.133275422260873
57.5388,-0.183649725509028
57.5913,0.121343011793641
57.6213,-0.0353711253050051
57.6408,0.0876356105562763
57.8065,0.141552501083851
57.8181,-0.135663461695678
57.9569,-0.0688958977747944
58.0318,0.139866373407521
58.0958,0.137184408023003
58.1092,0.132138061764863
58.2693,0.138215623571696
58.2936,0.145284297700691
58.3203,0.136162344664562
58.3708,0.0329048035511192
58.6245,0.147261029163204
58.6655,0.134558147219494
58.681,0.0552852922459977
58.6852,0.140246228489126
58.6888,0.0211566597453583
58.8693,-0.139218719063763
58.9126,-0.0146222105546343
58.9296,0.0309588577090949
59.0534,0.127555167179956
59.1341,0.133067262086016
59.154,0.0871725751965968
59.1705,-0.10839479656449
59.2664,-0.051997276701627
59.3061,-0.154366450397021
59.3301,0.07347526825302
59.3522,-0.0947764328429272
59.3586,-0.0920833880062872
59.4558,0.145865962972202
59.4646,0.135336591076843
59.5266,0.0706143337025864
59.5479,0.132578247444236
59.609,0.130092633289678
59.6485,0.0590372772419485
59.6788,-0.041410262419582
59.6845,0.145936141971852
59.8394,0.129829357399352
59.8698,0.137440452064823
59.8821,0.112191746658091
59.9831,-0.008936013914429
59.9968,-0.164242491151228
60.0133,0.148036413793918
60.0971,-0.194023764027982
60.1422,0.0932580987610834
60.1609,-0.130873708977653
60.1789,-0.193671475078645
60.1999,0.142510793043883
60.206,0.0725344333429376
60.209,0.13533658811405
60.216,-0.194368297606125
60.2201,0.0412879168400195
60.2262,0.0879789028272029
60.2397,-0.146151434209003
60.2526,0.0858563436632593
60.3993,-0.188424099746811
60.4062,0.147294494127067
60.4823,0.146141674711728
60.4954,0.0325647731876231
60.5011,-0.197812481502467
60.5042,0.147768316524157
60.5325,-0.0446181670286023
60.5738,0.1483330792761
60.6004,0.145759940568126
60.6754,0.0978542730241898
60.6808,0.111462245960361
60.6989,0.0779948845530143
60.7215,0.147179851596832
60.7318,-0.193414135062419
60.7438,0.0203040428933363
60.9169,-0.165249489208286
60.9353,-0.189405755932775
60.9625,-0.192116419803504
60.9732,-0.115590640700603
61.1024,0.117382036288575
61.1414,0.0440240361891853
61.1825,-0.0874361243843751
61.2029,-0.104575065722734
61.2035,0.147553591258259
61.2214,0.124554167763783
61.3541,-0.192683224762639
61.4025,0.150863169709687
61.424,0.105342639002622
61.5299,0.138424149130479
61.5307,0.0565088652614421
61.5762,0.0522683618767772
61.5851,0.113814086813761
61.6299,-0.197549675100177
61.6449,-0.172738200901911
61.7347,0.131569327927764
61.7958,-0.0979665476905609
61.8804,-0.0756898788872746
61.9431,0.028818036109385
61.951,0.138540596556872
61.9886,0.0112783079041279
61.9894,-0.129852813386726
62.0021,-0.187768376294841
62.0711,0.0468254332324847
62.1026,0.130641733903524
62.1534,-0.198023929793365
62.3765,0.153432401586386
62.4064,-0.0752406242334587
62.4919,0.153804020402468
62.5488,-0.039604534349202
62.5913,0.140779543729487
62.5933,0.143062005675233
62.6396,-0.200282802447674
62.6418,0.0627103896977488
62.7012,0.120883595367275
62.7531,-0.0497775196786776
62.7819,-0.17536682365229
62.8198,0.151997507000203
62.8252,0.145793896953784
62.831,-0.0866808513983344
62.8618,-0.18775694866725
62.9348,-0.0636077863914224
62.9438,-0.165772913317589
63.0046,0.147275508447997
63.0068,0.0789072144714922
63.0215,-0.0709765793792414
63.029,0.0199123499392044
63.0586,0.0613917420614598
63.0752,-0.19834542433108
63.0782,-0.185593997828228
63.138,-0.0961651303860407
63.1744,0.0370015206074967
63.1823,-0.185647798713234
63.2595,0.152191768360233
63.2729,0.163268836542095
63.3456,0.142845794950141
63.3869,-0.152846255065157
63.4079,0.138493883369975
63.4097,0.0863589580681889
63.4758,-0.0815707154184224
63.4883,0.147919549466373
63.5026,-0.092500800152159
63.5116,0.116975283500011
63.5473,0.148767147008691
63.6149,0.12852524851607
63.6204,-0.0724874655525056
63.6319,0.0928167663527475
63.6858,0.145714626789633
63.695,-0.199222263384847
63.698,-0.0888825247899021
63.7039,0.153377870363251
63.7952,0.149705347891995
63.8059,0.107108120357509
63.8087,-0.206533243050075
63.819,0.14967012203541
63.8379,-0.0990129843345073
63.8795,-0.148114156214099
63.9222,-0.177636128944435
63.9244,0.03608809464518
63.993,-0.0338664749666364
64.0038,0.103756216582148
64.1296,-0.200327670348457
64.1551,-0.145036441358783
64.1676,-0.111529142682343
64.1844,0.130388598366324
64.282,-0.00649731530380393
64.3012,0.161500448205047
64.3252,0.131886061649809
64.3973,0.0822614768792818
64.4097,0.094216418745475
64.4645,-0.15224786970407
64.4724,0.0802345401881865
64.4958,0.147633494697658
64.5599,0.150046860214402
64.5774,0.0798916439675423
64.5894,0.150868032320389
64.603,0.150628897396984
64.6801,-0.105111444711511
64.7912,-0.110102987254749
64.9214,-0.174283597209921
64.9228,-0.0586165790299162
64.9319,0.138165541089663
64.9322,0.165474298408782
65.0065,-0.141122480092648
65.035,-0.0794691618526144
65.0543,0.0490682893246515
65.1041,0.12501753817962
65.1162,-0.0397629278993463
65.1473,0.145378109212203
65.1868,-0.199696052612197
65.2048,0.137620421634523
65.3121,0.160538662517354
65.3173,0.143818037191096
65.3317,0.17080340964138
65.3823,-0.120322465955397
65.494,0.166088784009276
65.5255,-0.186931643864284
65.5278,0.165538265196545
65.5583,0.0662772669378313
65.614,0.149811239699815
65.6215,-0.0127264203609201
65.6265,-0.204968175934297
65.6322,0.167785825318006
65.792,-0.0244777467795245
65.7952,0.101694166921888
65.8425,-0.11878403170337
65.8528,0.152830771254457
65.866,-0.180093679235952
65.8993,-0.172807777725268
65.9069,0.146629894789854
65.9138,-0.213270193382371
65.959,0.00956864544447456
65.9695,0.146642556399073
65.9802,-0.179532528573191
66.0101,0.151552895171662
66.0192,0.170302789099438
66.0778,-0.00340752195197069
66.1165,-0.156977848532676
66.1503,-0.212278198132964
66.1616,-0.211444157737319
66.1789,-0.201011133038236
66.1793,0.101091466919058
66.2165,-0.203877858021897
66.2444,-0.215915133039672
66.3128,0.151272231880156
66.3322,-0.197477250851861
66.3928,0.14134371997612
66.4356,0.0786042089675476
66.4604,-0.205323377503092
66.5021,0.171403970742176
66.5448,0.163817726425037
66.5596,0.17149748476875
66.5626,0.172503445257817
66.5993,0.0309962290767629
66.6079,-0.19598114012787
66.6192,-0.103454284567007
66.6295,0.157651162747214
66.6313,-0.0136912376349301
66.6725,-0.154837842395878
66.6828,0.150486782559909
66.69,-0.214677884582613
66.7203,0.151603948222188
66.7324,0.176596843665024
66.7978,0.173005216502631
66.8083,0.0229296236480536
66.9254,0.155756975013233
67.0247,0.162964767666367
67.0595,0.16734587313735
67.0832,0.172432836558798
67.1405,0.133842022952933
67.149,0.147945743588636
67.2226,0.173488971382753
67.2688,-0.0939819962112267
67.2702,0.0960819949181655
67.3132,-0.178639620854909
67.334,0.11348102000504
67.38,0.0849192333283639
67.398,0.164224082937082
67.4017,0.169535359233308
67.4218,0.172336460689976
67.4488,-0.178835553575993
67.4516,0.12245752802265
67.5212,0.159730790575935
67.5537,0.0358224072705013
67.5691,-0.195780386485424
67.5799,0.17571003815587
67.6319,0.164185222980336
67.6674,-0.209840412536238
67.6956,0.11836422000394
67.6961,0.159693981873289
67.6967,0.157148010363343
67.7879,0.110630465143529
67.8521,0.0471062032290064
67.8549,-0.0881661600411121
67.8603,-0.0104951988650157
67.9017,0.00410282573405141
67.9026,0.181122362454914
67.9495,0.135867530465347
68.0917,0.152542546266929
68.0988,-0.180889081505512
68.1143,-0.0541670667655012
68.1472,0.178334937710645
68.1952,0.0203610345713514
68.1976,0.0284113499309626
68.2192,0.16026689829566
68.2413,-0.171142575855015
68.3032,-0.190472837250567
68.3381,-0.116874555548407
68.3384,0.162302206519485
68.4403,0.176242198689053
68.5199,-0.19525470864933
68.6614,-0.208238214532045
68.6928,-0.0820431245005437
68.6952,0.167691867966482
68.7155,-0.203354309573768
68.7769,0.168192662171606
68.7953,0.150919800845159
68.8045,0.170796177081158
68.8202,-0.178372174502272
68.831,0.143465193969575
68.8382,-0.232439125397022
68.8799,-0.135133663659218
68.8835,0.184719512881031
68.8984,0.0200681097281716
68.9155,-0.0634283960580433
68.922,0.18061131193204
68.981,-0.211418650507539
69.0253,0.152376117754116
69.0521,0.141291381072719
69.0657,0.181988120766675
69.0787,-0.21238598031492
69.1222,-0.0186928088587024
69.1317,-0.21770877922539
69.1634,0.0700771378816825
69.2086,0.107974612455834
69.2136,-0.110918411070699
69.2666,0.166280863383804
69.2839,0.183522238764823
69.3223,0.15185556395781
69.3854,-0.0174983535789863
69.4243,0.00564023935322666
69.4262,0.155327329422036
69.4456,0.131092659027743
69.4722,0.133496737328784
69.4887,-0.0412147884349565
69.52,0.179988113487497
69.5301,-0.229191731812307
69.5462,-0.0161101513417634
69.5548,0.139599551590294
69.5741,-0.202276917094935
69.6032,-0.243793380125197
69.6158,0.110885211032837
69.6672,-0.154869930288115
69.6787,0.0194798009823671
69.721,-0.0544996747411233
69.7685,0.166529963017268
69.7722,0.131394120147448
69.7803,0.0926402221351026
69.8218,0.159680113325138
69.8424,-0.233380192975531
69.9105,-0.058565588047145
69.913,0.183208359491843
70.0157,0.109764589070764
70.0299,0.18646965997732
70.0553,0.153678380648429
70.0645,0.186474771173636
70.0854,0.11348971530316
70.1343,-0.240059659091798
70.1386,0.179056584115429
70.179,0.0782930227453136
70.1824,-0.179988826947806
70.1893,0.184849825136794
70.1929,-0.142403760604324
70.2183,-0.0117011220866772
70.2288,0.153100344531211
70.2328,0.190771760680718
70.2377,0.160105566221887
70.2482,-0.0213151385014498
70.252,0.113006146070958
70.26,0.0149788932695856
70.2884,0.0102197199267664
70.2986,0.186833918193201
70.3012,-0.208328608957743
70.3236,-0.00258853071260035
70.3759,0.178015718656425
70.3836,0.164153211043939
70.3861,0.159172299020227
70.4097,-0.239941231735386
70.4246,0.0573028058975495
70.4397,0.147095622667777
70.4422,0.153820550576441
70.4724,-0.16515493423806
70.5326,-0.0676018688411659
70.5613,-0.0659135731091567
70.5645,0.153948541830573
70.5863,0.0982109211926172
70.6458,-0.21744101313449
70.6782,0.168502595900847
70.7522,0.165615246130727
70.7693,0.0498913378736034
70.7861,-0.208816488708152
70.8156,0.155056359620914
70.8165,-0.230828670388803
70.8492,0.0938561452742448
70.8537,-0.218352038392922
70.879,0.0563370758280399
70.9101,-0.193648347543672
70.9261,0.171142283484059
70.9814,-0.238374987987712
71.0189,0.175591064320272
71.0434,0.101908923055603
71.08,0.0556042072208385
71.1077,0.191926225457806
71.127,0.172432862307062
71.1514,0.170659060093158
71.1704,0.169337787497341
71.1893,-0.161440714518321
71.2125,0.101261278024808
71.2141,0.190011061323119
71.2926,-0.198566603396102
71.2932,0.149526957644426
71.3111,0.185645304513315
71.3745,0.0832830571164749
71.4024,0.191829121323863
71.4522,0.154144734299734
71.487,0.169594814969486
71.4907,0.0490991330206469
71.5035,-0.215326340550604
71.5596,0.158452601755101
71.5651,-0.146779669271993
71.5724,-0.0951894923264831
71.5831,0.171200628832651
71.6284,0.16303643610425
71.6768,0.110052898650807
71.6886,-0.230412539470706
71.7769,0.163624837650744
71.7802,0.0740399718967097
71.7992,0.126265751266175
71.848,0.0732385490227756
71.8497,0.0744239276678371
71.8856,-0.239655147743349
71.9081,0.137453669165311
71.9836,-0.216541585991692
72.0027,-0.165039786090347
72.0417,0.0483851556507915
72.1527,0.154179833540468
72.2385,0.176073049095194
72.3491,0.0229481678426282
72.4165,0.155961783638077
72.4447,0.0421133332174009
72.4714,0.138009121272347
72.561,-0.21081591792732
72.5664,0.166713395797927
72.5741,0.196012631726035
72.7159,-0.0772675517281556
72.7538,-0.2449776065923
72.7681,-0.0917490660201992
72.862,0.0103246489188251
72.9669,-0.255596817936365
72.9739,-0.0267541486775826
72.9834,0.128033761163394
73.0064,-0.230251404040473
73.0502,0.170043955885902
73.0844,0.01848728231991
73.0952,0.193142454749434
73.1394,-0.142444095053406
73.1406,0.142724343829229
73.3152,0.102502015962813
73.3895,-0.252313069915857
73.3991,0.151801235389144
73.3994,-0.159053029139542
73.538,0.0937636863718438
73.6989,-0.1349132297088
73.706,0.181049514858714
73.7679,-0.163951940686957
73.7709,0.198620497313684
73.7713,0.124700560404122
73.8244,0.0383532199062699
74.0328,0.18130861047139
74.0428,-0.0855582479398436
74.1404,0.190040243456636
74.1654,-0.259120061211604
74.1733,0.162767901573005
74.2338,-0.0772662080451454
74.2815,0.0820448194640733
74.3016,0.0655875549935558
74.3128,0.00434488192155413
74.3783,-0.182025126542328
74.417,0.208086615928934
74.4326,0.046499466770797
74.4497,0.184891912356846
74.4513,-0.0269091634156382
74.4593,-0.228167084777823
74.4723,0.177600232388045
74.5209,0.171333434721035
74.5548,-0.14475541297557
74.5758,-0.012210267055778
74.6018,0.18308125085116
74.6137,0.0796289788709288
74.6747,-0.263536273987427
74.7444,0.0520586927175088
74.7597,-0.0756329715773916
74.7729,0.207725386213113
74.8182,-0.251745412414323
74.9147,0.210725374417635
74.935,-0.0838322845445703
75.0068,-0.174585126680157
75.0235,-0.147509581748608
75.0555,-0.185702712559106
75.1139,-0.0111608367895997
75.1404,0.195136625942794
75.1825,-0.125775294554586
75.2057,0.165056428805585
75.2642,0.199911016862515
75.315,0.177811568215191
75.3405,0.172705782036928
75.3666,0.211992915632436
75.3826,-0.0375279720625343
75.3878,0.197744232974074
75.3971,0.152864589329383
75.4435,-0.0112804106767044
75.4541,0.201888828692915
75.4755,0.19829982275732
75.4953,0.0627145781033533
75.5511,-0.0767771212292274
75.5871,0.191258793838514
75.6031,-0.164457699490001
75.6494,0.0770378893888761
75.7389,-0.237888895601372
75.7532,0.180908738990439
75.826,0.204068926575744
75.9563,0.194624172441522
75.9657,-0.269054844278855
76.0053,-0.127496724171849
76.0781,0.210422420852353
76.1116,-0.136011501337194
76.1178,0.174517469529192
76.196,-0.274159578674556
76.1979,0.209611432463873
76.2019,0.098516799646319
76.2059,-0.0891912137299613
76.2375,-0.262595503279201
76.2561,-0.276885615115333
76.2595,0.0984172704337993
76.3496,-0.269809227969475
76.4169,0.217587591859996
76.5212,0.0374031177027518
76.5977,0.205844692861092
76.6013,0.0859385005795446
76.6022,0.215512136542131
76.6557,0.0780689992052856
76.675,0.120197677658794
76.6777,0.0670973881363182
76.7816,-0.224121487204869
76.7997,-0.279216774849388
76.8195,0.199376293672771
76.8241,-0.207101967918717
76.8491,0.19783651368391
76.8748,-0.176695441186453
76.9197,0.0757846802556514
76.9275,-0.0209628715443557
76.9396,-0.109648439355141
76.9911,-0.0639856926581359
77.0001,0.207211169932435
77.0108,0.108421500562969
77.025,0.205206340754202
77.0634,-0.163151848961135
77.0877,-0.146456301827698
77.0984,0.107281327795619
77.1105,0.186467860063715
77.1113,0.179104520672738
77.1121,-0.283023889480532
77.1471,0.142356905662396
77.166,-0.0465618259224101
77.1837,-0.0521658005757075
77.2346,0.209739590717874
77.2915,0.189113644831579
77.3367,-0.245021445248952
77.3746,0.167653409167229
77.3946,0.0209036746692419
77.4206,-0.251662136304731
77.4715,0.186867536802993
77.4911,0.1761602507042
77.545,0.210254383293872
77.5485,0.0246570779080315
77.5713,0.178547125857705
77.611,-0.240582284987099
77.6249,-0.126205094526995
77.6891,0.114592442558859
77.7015,0.210738337630161
77.7135,0.00866420558359948
77.7993,0.17991513585234
77.8358,-0.18004294686024
77.927,-0.179290311867049
77.9319,-0.0824943438130816
77.9686,0.182052543986345
77.9786,0.185178780109752
77.9898,0.224981789712615
77.9907,0.0426655458321221
78.0449,0.193967037317762
78.0609,0.123127394973721
78.1184,0.0140447887635275
78.1209,-0.1292048378819
78.1554,-0.183310403229413
78.1727,-0.0659961026085938
78.1963,0.186178906115714
78.2316,0.0566400095191142
78.232,0.173282336351491
78.3482,-0.271456987965578
78.3725,-0.217256567344478
78.3777,0.196154848316738
78.383,0.130867701158238
78.3834,-0.0166518325483196
78.4117,-0.19108561617945
78.4466,0.192082199369054
78.5266,0.12859143168015
78.5393,-0.29351671201897
78.5865,-0.250107743823335
78.6011,0.18361889846021
78.6494,0.182511647385752
78.674,0.0360451435219886
78.6782,0.176143845808397
78.7056,0.219415015320592
78.723,0.011812537862383
78.753,0.181462423296381
78.759,0.188235822156457
78.8272,0.223362836952973
78.856,-0.276606567240378
78.8728,-0.10264853007557
78.9745,-0.189957589275295
79.0587,-0.0138947401221969
79.1073,0.209881080538935
79.149,0.195268552189432
79.1612,0.190121172251438
79.269,-0.235847629426686
79.3206,-0.0252826567750475
79.3342,-0.0983753744865936
79.3507,0.0372623625453627
79.3757,-0.295414952507357
79.395,-0.215478642580266
79.4219,0.199714174399148
79.4596,0.203630923203917
79.4648,-0.000156169898261282
79.5192,0.190810861425675
79.5318,0.220602059193041
79.5393,-0.299100426699312
79.5473,0.181428816200935
79.5913,-0.068547749589726
79.5931,0.186032034215032
79.6328,0.165164990823357
79.6803,-0.260195512551348
79.6927,0.215775673400557
79.7181,0.195281888035453
79.7501,-0.276096416341147
79.8043,-0.268794360411832
79.8478,0.218797776000798
79.9347,-0.24185702021326
79.9739,-0.26653511387677
80.0581,-0.281620566741239
80.1338,-0.258850644581941
80.1392,0.234868865321246
80.1465,0.0276644582290686
80.1508,0.0271240827732555
80.1633,-0.089237093472903
80.1724,0.217446983815321
80.195,-0.212330655694885
80.2446,0.203081537259735
80.315,-0.0902353408198309
80.3448,-0.297964241304001
80.4125,0.170531514813135
80.4693,0.0318168191116968
80.474,0.140182342902207
80.4851,0.132255813115634
80.5358,0.161210289713893
80.551,0.221191108373304
80.6206,-0.0184555244999984
80.6489,0.152929308915063
80.7079,-0.181253549580333
80.7313,-0.280217181390711
80.7551,0.0271237155452582
80.7698,-0.270501647092829
80.7951,0.191970749860076
80.8254,0.154291926415524
80.8661,0.201140889566233
80.8991,-0.276755635381875
80.9118,-0.264903326031785
81.0246,0.165272355759143
81.0502,-0.236132126525845
81.1366,-0.311323940602804
81.1875,-0.0729247589193847
81.1971,0.23039300086721
81.2266,-0.29534919016038
81.2505,0.198714827761194
81.2595,-0.275450128758877
81.2625,0.105670157491843
81.3098,0.165947074042137
81.3256,-0.0871859771790326
81.3358,-0.308796755285329
81.3618,-0.0148209029804462
81.4141,-0.207980690149299
81.4449,0.12245926200805
81.467,-0.0108859375177275
81.5226,0.0526786167244069
81.6314,0.231916438019979
81.6909,0.203140165230224
81.7386,-0.296438074237656
81.7904,0.20414927389325
81.8007,0.203643985680301
81.8381,0.236569384750254
81.8465,-0.229987857332574
81.9336,0.17383436278881
81.9645,0.232734554096567
81.965,0.200776478210045
81.9842,0.0641634101266106
82.0401,-0.137980370084918
82.1513,0.0362405945954123
82.161,0.224063829866452
82.1637,-0.0289218879251507
82.2639,-0.235196119450833
82.2899,-0.149305185730995
82.3147,0.129656118582432
82.3529,-0.0943989910347653
82.414,0.198246431067631
82.4189,-0.316513347180845
82.4597,0.161557370561283
82.5001,-0.0463844706664958
82.5239,0.191460274755144
82.5367,-0.305632923176489
82.5397,0.218165388974597
82.5542,0.197580816571389
82.6113,-0.049295548082597
82.6736,-0.248462220489543
82.704,0.165679907516889
82.7131,0.202715413603585
82.7335,0.19609829111991
82.7478,0.137255492518605
82.7562,0.168094636182161
82.7725,0.00670099511631861
82.7791,0.197678712416305
82.8458,0.165341440087047
82.8466,-0.319581065200509
82.8569,0.0379177147747214
82.8594,0.0455423589786221
82.8882,0.216505015359033
82.9064,-0.203502891308545
82.9526,-0.289338934328299
82.9574,-0.15898214064957
83.0769,-0.222206010007739
83.0852,0.214972514169219
83.0903,-0.0922958416108486
83.1056,0.22516324435847
83.1253,0.210848541672021
83.1414,0.210651044584779
83.1474,-0.232240972141369
83.1568,-0.310939306614998
83.1647,0.238020033017875
83.1654,0.207954247738968
83.1919,0.236817333897264
83.2189,-0.169932695159474
83.2347,-0.0716798173697129
83.2382,-0.23841103614923
83.2561,-0.19304737733394
83.3516,-0.107100834372758
83.3546,0.22518435271212
83.4452,0.0462278275540626
83.5049,-0.302357638477787
83.5072,0.233594699989041
83.5298,-0.109244331641364
83.5798,0.0443424970744957
83.6233,-0.0665914868288695
83.6388,0.0377897345377107
83.6398,0.220452626041606
83.6825,0.207266989503893
83.7456,0.026250953828125
83.8031,-0.323492655331563
83.8572,-0.313285651155411
83.8638,-0.248165765883172
83.8942,-0.0781891268833732
83.906,0.147804144654145
83.9088,0.213552849254938
83.9608,0.230934896736116
83.9725,-0.325000124628758
84.0138,0.108662018175878
84.0166,0.155036505226036
84.0753,0.217261860780738
84.1,0.154900617108012
84.1104,0.213174730361914
84.1141,0.203899797491061
84.133,0.2037242118422
84.2278,-0.326997045756684
84.2324,-0.0441105702922613
84.2824,0.255583441374284
84.2961,0.23885274181923
84.3019,0.236616017816175
84.306,-0.00901945453443886
84.3364,-0.139479168884236
84.357,0.202223352800104
84.431,-0.322877890826135
84.4386,-0.289829510897647
84.4561,0.0338772602789561
84.4894,0.224701193338291
84.5346,-0.319515904056772
84.5673,0.245886296594406
84.5792,0.0395085636095018
84.6374,-0.256246837102509
84.6492,-0.0338836934220836
84.6653,-0.30953694970745
84.6965,-0.183711881311865
84.7387,-0.163172817475228
84.7535,0.116116263374408
84.7841,0.254132156383918
84.8261,0.103180736167758
84.9117,-0.18119264580821
85.0118,-0.312313373861983
85.0639,0.245549589900719
85.0737,0.15053747075666
85.0764,-0.0495341302940773
85.0766,0.199924149540806
85.1019,-0.275315510125353
85.1197,0.210253580229789
85.1512,0.244900608947688
85.1936,0.184291096066389
85.2512,0.224432241895357
85.2558,-0.328048232348976
85.3447,-0.188184534512388
85.3551,0.14847879145745
85.3731,-0.319161373914355
85.4298,0.11766300553748
85.4559,0.205220589521289
85.554,0.183086102204584
85.5554,0.259019936148377
85.5618,0.262266805799726
85.5635,-0.271208122521287
85.5688,-0.107372243504855
85.6116,0.0522820941218498
85.6252,-0.132687154047716
85.6349,0.0680790560490863
85.6674,0.243592331291225
85.7524,-0.0692715931609769
85.805,0.248915262393595
85.826,-0.219775600905152
85.8689,-0.225944295178735
85.8775,0.165223693547858
85.891,-0.267769871110261
85.9464,0.0756146087182543
85.9621,-0.0732300120171487
85.9977,-0.16390113892119
86.0273,0.0196204925525194
86.0857,0.153304314604597
86.1398,-0.162215712693794
86.1541,0.124489217511751
86.1542,0.261920208442902
86.2622,0.261861244633536
86.2706,0.186845317142527
86.2886,-0.150806955968577
86.3086,-0.295629346401938
86.3171,-0.33141945942053
86.3265,0.245982516302774
86.3271,-0.320399810708764
86.3343,-0.289268657438484
86.3593,-0.342267359047469
86.4513,-0.258105749132127
86.4666,0.15982038525209
86.4845,0.213784477029236
86.4954,-0.120182863310674
86.5264,0.211126756595988
86.5463,-0.120735394201816
86.566,0.248211106449531
86.6346,-0.279870333014216
86.6435,0.197045542216358
86.6687,-0.068265275876243
86.6908,0.169646466994408
86.6914,0.209731732023016
86.7163,-0.327783019404606
86.7908,0.230167504795176
86.8113,0.131251231343455
86.8376,-0.102635552566383
86.849,0.212894719789347
86.8648,0.183289260980843
86.9071,0.209040123778749
86.9256,0.212729504102015
86.9274,0.19684615398765
86.9359,0.261095981351204
87.0136,0.250242915492592
87.0624,-0.197188413117573
87.0692,-0.105943303712422
87.1096,-0.261369742760593
87.1383,-0.272124651633831
87.147,-0.340610613464747
87.1553,0.223410888582947
87.1561,-0.112000770134955
87.1819,-0.156918755909572
87.1828,-0.290296116540205
87.2071,-0.111556173921954
87.2109,-0.2290975294232
87.2672,0.211798230073896
87.3912,0.249400783189373
87.4374,0.234340374285338
87.4394,-0.244605640118763
87.5967,0.218165589239646
87.6006,0.268878853689657
87.6137,0.209943741639023
87.658,0.148003830691948
87.6599,0.251021499964239
87.7113,-0.0183782207677154
87.7538,0.0832318468250719
87.8127,0.273833979153025
87.8334,-0.0641937857981247
87.8609,0.211403980091148
87.8961,-0.32596804989285
87.9799,0.228238197081723
88.0334,0.258708712700056
88.0337,0.196901083830255
88.0882,-0.104000778360827
88.0949,0.070327578655224
88.1547,0.237117658482688
88.1736,-0.130328680414266
88.2093,0.0425220846991863
88.2782,0.234332318758604
88.2808,-0.102338882190693
88.3019,-0.314311177549783
88.3085,-0.189226704632205
88.3415,-0.354150123064031
88.3515,0.166839612684811
88.3556,-0.330518904447416
88.3606,0.0848499563283411
88.3915,-0.27015883560162
88.3983,0.155016957397748
88.4258,-0.348280269191491
88.4333,0.220298272854365
88.4343,0.268345205977596
88.4733,0.252330873945823
88.4981,0.236142716914713
88.5024,-0.348400812050727
88.5333,-0.290765813484953
88.5345,0.196260187091141
88.6307,-0.289730557439057
88.6709,0.161233301679076
88.7552,-0.19899047452482
88.7759,0.090586951888568
88.7864,0.257025264002294
88.8295,0.24173202513056
88.8522,-0.23632150053632
88.8834,0.0733178135216548
88.8924,0.0875184779833091
88.9514,-0.0594269088850865
88.9766,0.215906412816125
89.036,-0.347653098174149
89.1071,-0.102815661485863
89.1389,0.245208927707949
89.1681,-0.23124908489379
89.2701,0.26831574664503
89.2968,-0.177614877437406
89.3855,0.202767423593158
89.3884,-0.306088200777097
89.4509,-0.362228539668635
89.4963,-0.168539134289389
89.4991,-0.227520483095077
89.505,-0.25420207993362
89.5073,-0.271460374661871
89.5689,-0.13453413527661
89.572,0.0199771736697301
89.595,0.256289837083173
89.627,-0.0830552349447657
89.6419,-0.00607120491402213
89.6583,0.209488683029136
89.6711,-0.0971611555875427
89.686,-0.0142988778230091
89.6907,-0.130139168283804
89.7217,-0.356178484993663
89.7322,0.22700910109468
89.8077,-0.0162389435677426
89.8409,-0.348208852614249
89.9122,0.284347246332842
89.9229,-0.283303442794008
89.9534,-0.343396236276178
89.9608,0.233727650489712
89.9659,-0.337009093856494
90.0004,0.260066130893563
90.0227,-0.123389340100388
90.0255,0.166567829464924
90.0493,0.22587203757044
90.0826,0.2339375186436
90.0878,0.138590886187075
90.1147,-0.088623267574846
90.1802,0.280630512649012
90.1907,-0.19036326722842
90.1994,-0.25849453018273
90.2084,-0.361737201711207
90.2519,0.273431004099578
90.2651,0.226001811696563
90.2662,0.185533883876943
90.2981,0.223222852971418
90.3511,0.0833728313759394
90.3595,0.287076950105714
90.3971,0.243656826723068
90.4052,-0.256318621813236
90.4324,0.193626581498691
90.4443,-0.28390684259503
90.4756,-0.307722677546337
90.4883,0.275489442045512
90.5073,0.275979517581106
90.5338,0.125414712080612
90.5942,-0.284322528191396
90.5991,-0.0761544943106855
90.6035,-0.122702706262146
90.6552,0.202862606970925
90.6676,-0.299824514022518
90.6691,-0.0267337124097509
90.6738,-0.368040216514686
90.7453,0.201509030399151
90.7739,-0.0134950992764686
90.8007,-0.357255244012705
90.8345,0.145588021400357
90.8658,-0.371483660257965
90.9501,0.229374762808206
90.9607,-0.126349738513369
90.9821,-0.372999363554911
91.0028,-0.00481775782021998
91.0256,0.243560774647975
91.0448,-0.0652132984815523
91.1171,0.202988107176225
91.1262,0.0391082290625064
91.1421,-0.156789247546286
91.1438,-0.308828420571615
91.1666,0.277590155370461
91.2085,-0.249321676202428
91.2494,0.211085974810771
91.2518,-0.36261165507689
91.2591,0.0324359238969691
91.2646,0.169602078620713
91.2705,-0.123547923274785
91.3101,0.242197206995868
91.3385,-0.259819543153185
91.3745,0.0409412880211448
91.4448,0.0823526991229215
91.4527,0.199524557379803
91.4774,-0.370851394406387
91.491,-0.22560306994265
91.4931,0.256084729927608
91.5194,0.237296296302034
91.5671,-0.374661003512117
91.6022,0.199664288309265
91.627,0.233155561326001
91.6305,0.281091062238374
91.6415,-0.377814769085319
91.6707,-0.214463821464506
91.7425,-0.373465235465545
91.7456,0.157452204184835
91.7491,-0.297062366352947
91.7517,-0.252924010867787
91.7553,0.138533129494618
91.7761,-0.377295274054262
91.8442,0.0125369972254106
91.8588,0.0702048436154996
91.8755,0.265623774952829
91.9077,-0.363378433961131
91.9187,-0.0134856543129729
91.931,0.214830037713483
91.9572,0.12029313668549
91.982,-0.162625221004845
91.9855,0.225954339706973
91.9968,-0.0189249831620799
92.01,-0.354465026910091
92.0236,-0.262219930439215
92.0279,0.288182041368742
92.0303,0.276782847542762
92.0808,0.226966420072671
92.0825,-0.381206257297038
92.1252,0.295449283671374
92.1274,-0.00541395786514443
92.1279,0.22610453579405
92.1849,0.147226784789666
92.1884,-0.264327987671351
92.202,-0.306030214188567
92.2267,0.2233721397849
92.2366,0.204834916728629
92.2376,-0.380483001983848
92.2738,0.259071373330912
92.3045,0.0354693007397202
92.3063,0.250082714159333
92.3165,0.194904990201735
92.3539,0.22363001528997
92.3603,-0.158307218867151
92.3801,0.22875031215402
92.4319,-0.0180803344750586
92.4415,-0.286109561714014
92.4465,-0.252636115447984
92.4511,0.228411242157037
92.4603,0.26025191262876
92.4712,0.00979164271930699
92.5496,0.294434000746008
92.573,-0.196927476107604
92.5836,-0.332765283607344
92.5928,0.00952494131799142
92.6002,0.119919534958328
92.6129,-0.23804508461761
92.638,0.0488392922541863
92.6682,-0.345922993868697
92.6732,0.25625842953481
92.6852,0.265034731932417
92.6917,-0.309370530990051
92.7615,0.194309055507247
92.7758,0.00380813699703708
92.8098,-0.331293934378209
92.8383,0.233879166395553
92.8619,0.0165968871093867
92.8854,0.148043695687022
92.8905,0.256305228269483
92.9677,0.22912389836101
92.9851,0.244675924981991
93.0035,0.22845442322847
93.0064,0.292472837185727
93.0255,-0.329231384028574
93.0368,0.187086153271494
93.0665,-0.0642088749949608
93.0847,-0.219345683663761
93.1265,-0.234667591392807
93.1321,-0.194705098056176
93.1748,-0.0440313679799971
93.2101,-0.0569391311061196
93.2688,-0.383592625914474
93.3038,0.0835831496420667
93.322,0.0126377047081689
93.3476,0.302255057388678
93.3635,0.259938671183647
93.386,0.219299466060946
93.4004,0.190353568999299
93.5055,-0.281575389398142
93.529,-0.29453383791855
93.5773,0.272560047745316
93.6021,0.280258441710288
93.6084,0.156178672624677
93.6435,-0.384302704379238
93.6721,-0.207794805425181
93.6886,-0.377626569405493
93.712,-0.331856652638464
93.7555,-0.265782610551113
93.7563,0.197757858635441
93.757,0.238346358610556
93.8884,-0.0792257010097046
93.9419,-0.0703676826092163
93.9584,-0.154802097872732
94.0177,-0.29225513326061
94.0201,-0.283471950081363
94.0409,0.218644387869119
94.0778,0.0322405321799977
94.1366,-0.37540100161219
94.168,0.152880928094675
94.2279,0.286137491815325
94.2341,0.215589398133673
94.2545,0.238419664303692
94.27,-0.323190382122505
94.3425,-0.208962807796169
94.367,0.283476585802404
94.3855,-0.384588130913286
94.4636,0.268189456618188
94.5428,0.0194506934045364
94.5653,-0.361751123552622
94.5842,-0.394132262958877
94.6457,-0.305219676223658
94.6768,0.286270788814136
94.7455,0.28327645307715
94.7804,0.261285409065763
94.7864,-0.389591625795262
94.8611,0.126283548663807
94.8734,0.257738275326489
94.8749,-0.349137860573151
94.8766,0.245811170640295
94.9182,0.178402809374163
94.9331,0.168379015762952
95.0172,0.10932421809305
95.0316,0.261470260055887
95.0371,0.290442536880818
95.0792,-0.270377457954709
95.0979,0.258459888666764
95.1387,-0.124584058130665
95.1608,0.235662547770033
95.2914,0.265040773695759
95.3409,0.20895879582713
95.3453,0.263745283850312
95.3629,0.212983287407567
95.3664,0.232490447751417
95.4887,0.232989647439794
95.529,-0.379532526882457
95.5374,0.248965432564376
95.5591,-0.38739884749269
95.61,-0.0855158441717379
95.6554,0.0104038904359811
95.7496,0.201612057533154
95.7857,0.0840774657360015
95.8031,0.232307480256708
95.8222,-0.396441229883067
95.8429,0.297617831321162
95.8436,0.246932066192628
95.8991,-0.0279184407280439
95.9136,-0.407826022118726
95.9498,-0.162467987524863
95.9803,0.299062335041
95.9916,0.266510854042593
96.0002,0.261012689486961
96.0366,-0.267625418180529
96.0808,0.232776618352759
96.108,0.208269124721284
96.144,0.201739585827369
96.2129,0.296473876842498
96.2286,-0.398990146273519
96.2362,-0.076592362590489
96.2482,0.312946082226404
96.273,0.238880213589496
96.3218,0.270982597915904
96.3547,0.07337806179099
96.3657,0.0058862261267052
96.3987,0.269452701111405
96.4714,-0.325973606014827
96.477,-0.0437220004387342
96.5025,0.0560861308528047
96.5241,0.188822747844156
96.5294,0.232316843770107
96.5388,-0.380039431178872
96.5504,0.169234626927064
96.5841,0.236077992286241
96.6506,0.237662247695667
96.672,-0.0562557043368486
96.7252,-0.295466233077036
96.7767,-0.370244604292651
96.7867,0.235434746501468
96.7982,0.281044155056748
96.8075,-0.355775787353124
96.8789,0.0344720990718486
96.9383,-0.355033914064521
96.9431,0.213509411639762
96.9608,0.25909613196869
96.9734,-0.286777956125931
96.9913,-0.159352822047993
97.0385,-0.256971448876854
97.0762,-0.2481670893184
97.105,-0.361127520194714
97.1106,0.272735334816332
97.1411,-0.339355094700835
97.158,0.276969288070546
97.1644,0.300384061766522
97.1909,-0.409419508491922
97.1917,0.220653820627348
97.2274,-0.174302518110167
97.2604,0.236423320068425
97.2935,0.0476441450115033
97.3008,0.143936439811554
97.3038,-0.309390356223815
97.4037,0.251115923862216
97.4297,0.209921940053277
97.4587,-0.387904906758322
97.4964,0.262055521399049
97.4993,0.241084274737574
97.5238,-0.203699768951395
97.5554,-0.0451191306624281
97.5564,-0.146422829494341
97.5702,-0.0295539133405924
97.5962,-0.417663297450446
97.5998,0.209957899282045
97.6052,-0.401729675450554
97.7348,0.246789744620571
97.7398,0.251360352931229
97.772,-0.425543431715397
97.7838,-0.0637870466800479
97.813,0.260068285734192
97.8234,-0.391893500166759
97.8489,0.217123911102632
97.8897,-0.164634654317638
97.9127,0.1017434644627
97.9363,-0.415377311722224
97.955,0.248549732119656
98.0116,0.24088606340689
98.1068,-0.20822214393273
98.1145,0.11221715889755
98.1165,-0.425388715333142
98.1246,-0.233991859180975
98.1726,-0.343764895108379
98.1993,-0.183254003088976
98.2309,-0.389790022577444
98.2486,0.321385713877987
98.2873,0.288511101194715
98.2955,0.239110945422979
98.3101,0.159068372444466
98.3636,-0.248858091785863
98.3755,0.303644276409528
98.3893,-0.146016550593203
98.4026,-0.201050804173576
98.4458,-0.346245467803399
98.4717,-0.0702178984477797
98.4805,0.157030654587643
98.4872,0.24616467220423
98.497,0.275952058072988
98.5088,-0.129801844210704
98.5247,0.131120833005937
98.5389,-0.370733472885135
98.5525,0.0812127229867485
98.589,0.17609378198307
98.6344,0.241546359922751
98.6467,-0.0453629345352908
98.6519,0.24922492808831
98.6664,0.00875173039104027
98.6697,-0.269892221311181
98.6873,0.272133053790014
98.6977,0.0914234089507886
98.7013,-0.0506440281398426
98.7042,0.244679201973312
98.7255,-0.0202534241240073
98.759,0.147361094401234
98.8279,0.13564907841149
98.9191,0.140596843247849
98.9454,-0.431755995312002
98.9454,-0.430432199316172
98.953,-0.271093675029036
98.9601,-0.388898229811218
99.0589,-0.266872055151921
99.0864,-0.197776811257228
99.1063,-0.105692071781661
99.1151,-0.401072726126444
99.1367,-0.419700381355426
99.1458,-0.433659217189501
99.1467,0.262094143150904
99.164,-0.380337069461092
99.1855,0.23097075304058
99.1895,-0.232017959704734
99.2106,0.319524506242587
99.228,-0.395918566600415
99.2481,0.162915927795964
99.2959,0.0942005193248292
99.3577,-0.430155219021344
99.3626,-0.183814208268274
99.4235,-0.288071639675124
99.4623,-0.377028165237931
99.4856,0.293003154123213
99.4969,0.299589845563858
99.5353,0.246724904453586
99.5872,0.297654526941159
99.6136,0.209997423044925
99.6938,-0.175569902010352
99.7028,-0.282783481308144
99.7423,0.130346070025411
99.7447,-0.275406443458039
99.7869,0.239107625346648
99.8453,0.336884047880943
99.8641,0.264999484462891
99.9072,-0.290477623177949
99.9837,-0.172976823103639
