Latitude,Longitude,elevation
48.15155583,16.35898511,189.8
48.20521559,16.46284027,151.9
48.24612828,16.32533065,229.8
48.18336068,16.33920761,187.5
48.23463552,16.30214136,309.2
48.16134547,16.42668245,178.7
48.20706709,16.40508646,161.2
48.15922748,16.30124851,210.6
48.22719514,16.42165364,162.7
48.25604571,16.38508299,158.9
48.2732484,16.36264682,154
48.24030359,16.3456317,210.1
48.20240819,16.30924621,241.7
48.23858622,16.29683255,350.7
48.22102138,16.4644407,156.1
48.15894151,16.45274952,158.9
48.1889954,16.33087072,191.6
48.26902547,16.42519391,160.9
48.13982971,16.364317,183.6
48.24265953,16.43427457,163.6
48.15306876,16.3132878,208.2
48.19001292,16.40574124,166
48.24623257,16.33776117,213.2
48.18661465,16.35098955,184.1
48.19854167,16.31072235,233
48.21350701,16.37840545,168
48.25621514,16.35970475,188.5
48.2267695,16.42606099,157.1
48.1788842,16.35402222,203.7
48.21455048,16.2747172,339.3
48.26100461,16.34649598,237.7
48.18939686,16.2865015,204.1
48.27161148,16.36809512,162.9
48.16975506,16.44153228,153.2
48.25978773,16.36638777,167.1
48.23154721,16.34918922,188.8
48.19832937,16.38641016,180.8
48.17250267,16.382849,222
48.21548426,16.36197674,183.5
48.26926396,16.42192474,160.9
48.22567644,16.47057907,157
48.17564873,16.30640525,237.2
48.21266002,16.32645459,210.3
48.22439288,16.35882917,168.3
48.25411602,16.44479267,158.8
48.16344437,16.33547631,207.4
48.22483586,16.42875055,155.1
48.15433247,16.32202951,193.1
48.20518264,16.26543162,257
48.22301366,16.44952535,157.2
48.22060761,16.28400062,358.1
48.19327526,16.33215534,205.7
48.20408258,16.43503543,160.4
48.18444142,16.4613906,155.4
48.25264884,16.32125032,258.8
48.20394687,16.42544697,160.2
48.14771751,16.37085443,186.2
48.27078546,16.35671335,256.2
48.27337202,16.34924987,240.5
48.18588645,16.32048946,187
48.19777675,16.34967677,209.8
48.18581116,16.29934563,197
48.24566724,16.35626338,188.6
48.25837334,16.29943798,410.6
48.2133877,16.44973062,156.7
48.21779762,16.34373156,196.3
48.17310536,16.30781891,228.2
48.20513726,16.26704427,269
48.24888058,16.45643704,156.6
48.15542163,16.43772573,172.7
48.18118832,16.42075969,156.1
48.1406651,16.34631643,190.8
48.18879089,16.29914774,194.4
48.18184083,16.37406734,207.5
48.23087091,16.39446259,164.5
48.20415294,16.35417609,200.9
48.23120525,16.40337416,154.1
48.19446315,16.45912597,160.2
48.22428771,16.47373605,154.6
48.2329457,16.27766165,408.6
48.1689284,16.31496429,214.8
48.24076316,16.33264117,216.5
48.25780222,16.43594421,156.4
48.23553402,16.41701188,162.8
48.16752285,16.30627801,216.6
48.16988041,16.31751035,217.8
48.16300642,16.45100145,150.7
48.27167972,16.3333734,345.9
48.24098579,16.38254195,164
48.15921021,16.38581961,237.2
48.1935117,16.4079554,161.7
48.21494661,16.31425628,225
48.20423282,16.32105029,235.6
48.2303777,16.38354277,161.5
48.19437603,16.31331553,215.5
48.22934128,16.37001758,168.6
48.20907496,16.28140021,303.1
48.20440118,16.38031831,165.7
48.19726426,16.3306081,221.6
48.17398505,16.38802453,211.4
48.19474993,16.31962038,225.7
48.13771062,16.36956798,184.7
48.15439151,16.39536351,246.8
48.18169625,16.38709874,197.8
48.14646701,16.36097502,184.3
48.13948801,16.35416599,186.2
48.23954094,16.35883932,175.8
48.25739744,16.36165984,180.9
48.19041782,16.27717218,209.4
48.17325678,16.31176927,226
48.21315615,16.26647054,344.8
48.22958452,16.39425862,161.3
48.21502325,16.3949376,161.3
48.21505281,16.45303677,154.8
48.19427722,16.37504963,182.2
48.27099594,16.37092354,154.1
48.15776582,16.45063781,162.8
48.24213577,16.28870073,311
48.16649793,16.29375345,229.8
48.2167796,16.45693807,157.6
48.16314079,16.36399959,242.1
48.16972191,16.32104582,214.9
48.25857838,16.35654352,194.1
48.17888881,16.45287614,155.5
48.21476078,16.28039337,330.5
48.21212849,16.39955057,161.6
48.24265712,16.43732773,163.2
48.24740966,16.3319378,224
48.23118419,16.36830125,167.4
48.22037968,16.40893521,164.3
48.2351286,16.38478371,170
48.16753132,16.37711851,236.8
48.19406908,16.36062716,184.7
48.16722112,16.31680066,207.8
48.22941095,16.4387805,156.4
48.19117542,16.31632448,201.9
48.2630516,16.33852245,290.8
48.19201188,16.45081878,160.3
48.15965135,16.29717966,223.7
48.17571041,16.34201285,210
48.25064475,16.32332241,246.3
48.27484716,16.37756444,160.2
48.16755425,16.30654596,216
48.16088334,16.4408045,163.7
48.17865027,16.41283488,174.1
48.17011162,16.3414278,220.8
48.18954873,16.46612641,161.2
48.22171908,16.4387132,159.6
48.20400679,16.42304395,157.7
48.25301018,16.3144666,285.6
48.1861634,16.30191956,196.8
48.20339817,16.34124936,218.7
48.16396834,16.40769626,203.2
48.2050473,16.3557112,194.5
48.24666939,16.31793192,252.7
48.22827669,16.31411296,246.4
48.22880325,16.454356,156.4
48.19055451,16.43858669,158.8
48.27968332,16.37655068,162
48.20931672,16.33030282,210.5
48.17290394,16.46534672,155.5
48.14097333,16.3925944,178.6
48.24210517,16.43812462,167.4
48.16808748,16.29220637,222.5
48.21482065,16.28115186,329.9
48.25116698,16.3758167,166
48.14270195,16.3470766,187.5
48.19772754,16.30015037,229.1
48.25577639,16.34774691,216.1
48.1507666,16.43869946,176.8
48.24052689,16.35709718,186.7
48.20510501,16.27154651,281.5
48.16368612,16.29524649,231.6
48.26823076,16.39072121,164.8
48.23869716,16.3026344,321.9
48.17483614,16.38267601,215.3
48.2483043,16.43174452,158
48.20062174,16.38152966,180.9
48.2039484,16.45733437,155.7
48.21560797,16.38009665,170.2
48.21573602,16.45687064,156.2
48.15211666,16.43597829,175.8
48.27048305,16.4262033,160.8
48.15157765,16.37927947,201
48.1555048,16.34943953,196.6
48.21667469,16.28339415,338.5
48.27879854,16.35538325,162
48.14505591,16.3571196,183.9
48.1483368,16.34913666,187.1
48.26338421,16.40957143,157.9
48.27126176,16.35226609,241.3
48.26982286,16.37083478,156
48.19835003,16.45052638,156.4
48.18762824,16.28223874,202.1
48.1823797,16.41448847,159.3
48.20714153,16.4112224,168.3
48.27665922,16.37912973,160.3
48.13662202,16.37099347,183
48.23566197,16.39143383,164.1
48.22578266,16.37191772,161.1
48.23136817,16.4035025,154.3
48.1591731,16.31519758,197.8
48.20926402,16.28135827,304.9
48.17335942,16.46443169,157.4
48.24490106,16.36630662,165.5
48.19232381,16.35026819,184.5
48.19047447,16.28628559,199.6
48.14368883,16.376696,182.5
48.20305615,16.36836671,184.2
48.18570027,16.27968158,204
48.25519646,16.40746235,164.2
48.1956107,16.28033694,211.7
48.25179441,16.30208717,269
48.19277778,16.38187549,184.7
48.16573839,16.36425868,245
48.20721447,16.32919204,218.8
48.25927866,16.41872559,160.2
48.24587073,16.39027166,162.6
48.19864659,16.29008417,236.2
48.19748386,16.44645065,156.3
48.2227001,16.35205773,182.6
48.14915243,16.38917526,209
48.22391003,16.28216264,323.2
48.15236588,16.3099605,204.5
48.23808991,16.33157294,248
48.2241936,16.33327081,216.6
48.18073883,16.45865591,158.8
48.20399397,16.43554712,160.5
48.15031829,16.39068943,211.7
48.21569894,16.46015263,154
48.2382247,16.42473689,155.7
48.21688875,16.39619082,160
48.24323111,16.42265072,153.7
48.23324228,16.45427156,156
48.16962498,16.32451851,217.2
48.20622345,16.28098988,281.1
48.22160823,16.47447143,154.1
48.214285,16.45829946,153.1
48.19792149,16.32354686,237.8
48.23169263,16.39221698,162.8
48.14707462,16.32160444,198.9
48.19159641,16.39344822,181.6
48.14708418,16.4128713,228
48.2054571,16.37156442,188.5
48.19935439,16.43614351,156.7
48.25251263,16.42798578,156.2
48.26505139,16.34707914,305.3
48.27695076,16.34182879,351
48.27877654,16.3974707,159.5
48.27282095,16.41594281,158.9
48.21360755,16.37581948,170.3
48.16034256,16.33416676,197.6
48.1577205,16.31482933,200.4
48.21048347,16.44159817,161.6
48.16545632,16.36781477,242.6
48.2086902,16.41889847,162.7
48.18416719,16.32997509,189.3
48.16820948,16.43837966,154.9
48.24134462,16.43604929,160.4
48.23426562,16.45164307,156.4
48.20577491,16.41045223,167.3
48.16979001,16.41172591,182.5
48.2559311,16.39633695,163.3
48.1862829,16.4483175,157.6
48.1948395,16.31576428,216.4
48.15441655,16.41047513,226.1
48.27090835,16.39867014,160
48.2612298,16.41792556,160
48.27164805,16.33834978,350.4
48.2263398,16.28767478,293.6
48.2306209,16.28690272,320.8
48.17224447,16.45256176,154.9
48.22444758,16.44730964,158.6
48.27083703,16.35698935,248.8
48.1642611,16.3334259,207.6
48.22937696,16.36661644,169.4
48.22684101,16.45283052,159.1
48.2727215,16.38304465,162
48.18015364,16.27490477,232
48.20194628,16.41417588,168.1
48.19454032,16.34559472,195.4
48.18269878,16.33224592,189.2
48.18166904,16.45264482,155.1
48.18528753,16.43984527,159.5
48.15364678,16.40739424,240.3
48.14528214,16.42601879,182.2
48.24983751,16.34121452,212.8
48.14411862,16.41544759,214.4
48.20638773,16.44744354,158
48.23641228,16.29656576,322.3
48.26821476,16.36790763,158.5
48.2679472,16.3443736,332.7
48.22060767,16.28505581,357.9
48.23591229,16.36358337,165
48.18914997,16.38527403,201.5
48.1962093,16.32308769,233.2
48.16731679,16.34531587,226.4
48.2099028,16.39116729,168
48.1877424,16.37130102,200
48.14413216,16.41339547,217.8
48.18407065,16.35123932,189.8
48.1898107,16.40250944,170.4
48.22186047,16.28244438,346
48.1522937,16.36955265,197.1
48.2547067,16.39253462,162.7
48.21812142,16.38712804,168.7
48.23289172,16.37895474,161.2
48.27434951,16.35506562,176.1
48.23245305,16.27570232,426.9
48.26216285,16.316067,372.1
48.22972601,16.45905061,158.1
48.22074113,16.4629487,156.1
48.21786856,16.31302783,228.5
48.21772552,16.34750811,195.9
48.14869225,16.34046857,191.6
48.19224307,16.47056923,162
48.14518023,16.34235592,191.8
48.20114495,16.32783699,230.6
48.19301151,16.27664962,199.9
48.26929322,16.39723259,161.6
48.19532189,16.32089804,228.6
48.22049582,16.43519496,153
48.14800558,16.31530253,196.4
48.147391,16.33524358,191.6
48.16350833,16.43091905,167.5
48.25853517,16.33886903,242.2
48.17791422,16.40802248,179.4
48.19439964,16.27522799,206.7
48.14715204,16.3419704,190.7
48.23987003,16.35853173,180.5
48.21328587,16.33828953,207.3
48.25122183,16.44387324,157.1
48.21827991,16.35435609,185.9
48.19838829,16.35672803,189.3
48.16408556,16.45329069,154.8
48.17304722,16.37200231,219.8
48.16853255,16.30841434,217
48.19162123,16.32912315,201.4
48.24863431,16.43873815,162.7
48.26351368,16.34225517,264.7
48.14236249,16.36253818,183.7
48.22949004,16.288959,303.6
48.140928,16.33454382,191.4
48.21305352,16.45013184,155.6
48.24899682,16.4433797,161.1
48.24573789,16.44329893,157.9
48.23399452,16.32509112,229.9
48.25232016,16.43362775,160.6
48.20341615,16.35734789,194.5
48.22212402,16.31868615,216.8
48.21530031,16.38310962,169.4
48.20789467,16.35480486,198.5
48.27352703,16.34091152,355.9
48.22750226,16.46523261,157.3
48.27530882,16.35694034,162.5
48.17939489,16.46611471,154.9
48.22435286,16.39712751,158.5
48.23443717,16.344508,203.1
48.20655424,16.33350292,210.3
48.17241283,16.37623818,222.5
48.17337456,16.38511385,217.3
48.2173081,16.30120769,247.4
48.18669,16.45036792,155.5
48.14394851,16.35739434,185.6
48.21573766,16.36802219,182.6
48.26573665,16.41770002,159.1
48.25778656,16.41617902,157.6
48.19500116,16.37719409,179.8
48.18524146,16.31588876,186.5
48.16789013,16.39478302,228.8
48.26840962,16.32494728,351.8
48.23355691,16.37794123,162
48.17979235,16.37355693,209.5
48.17517118,16.41979672,166
48.15711131,16.29743951,218.6
48.16749144,16.40381669,208.9
48.23149433,16.34439399,201.6
48.23346515,16.31421428,258.9
48.14861737,16.31745834,198.5
48.22506365,16.27671971,403.8
48.18293393,16.35020617,193.7
48.25631451,16.35746754,194.8
48.19869289,16.32050473,244.4
48.23187089,16.41591954,159.8
48.20731052,16.31135703,226
48.16531301,16.4084471,197.4
48.2045831,16.36409567,188.1
48.20203872,16.41037795,168.7
48.25709579,16.30482119,352.8
48.2124604,16.41195443,162.5
48.20898356,16.44734938,166.4
48.20654211,16.28001119,284.8
48.26781782,16.41008526,159.3
48.19540194,16.29318384,223.7
48.21878602,16.45984645,154.6
48.20755636,16.42290833,167.1
48.18604183,16.35616726,185
48.16156783,16.43160063,170.8
48.25829871,16.41906484,158.2
48.18684921,16.4504354,154.7
48.232142,16.34774134,192
48.18147893,16.33565181,191.8
48.17161518,16.36056316,234.8
48.20811926,16.30641336,239.7
48.20515801,16.30993551,236.2
48.2072253,16.42115749,176.7
48.26922435,16.39143088,164.9
48.25526553,16.43287979,157.8
48.19850828,16.39804232,175.2
48.25904676,16.33057743,278.1
48.25594949,16.42028094,158.6
48.15239647,16.31532398,212.7
48.2345979,16.32989079,225.6
48.23895899,16.37270071,160.9
48.19990348,16.45018699,157.4
48.20558668,16.44419615,155.9
48.23820831,16.33546109,236.8
48.18174277,16.43474811,158.3
48.18892553,16.47517504,159.1
48.26961158,16.39412982,163
48.22486111,16.35818463,172.9
48.25383579,16.29050233,325.2
48.15030439,16.38641253,208.8
48.18769684,16.42819129,156.7
48.25831037,16.3088486,334.7
48.17586704,16.35055212,215.8
48.20153788,16.46249442,154.6
48.14054016,16.37443955,180.7
48.17690925,16.46540096,155.8
48.1850929,16.37614482,199
48.19468723,16.31270411,216.8
48.18954411,16.35865544,184.9
48.17728092,16.35125359,205.9
48.16757167,16.4278831,155.9
48.20546699,16.38310855,174.1
48.2169142,16.4769003,159
48.22251721,16.32673627,205
48.18069935,16.30467909,220.2
48.15805545,16.3286428,198.2
48.23726826,16.39518628,154
48.2566519,16.30982495,300.1
48.2603304,16.32222421,341.6
48.16229961,16.42581548,178.3
48.23063943,16.30485588,255
48.23859408,16.31540771,251.7
48.20652717,16.30053126,248.9
48.20745833,16.33539901,207.8
48.17966778,16.3979821,192.9
48.2312267,16.36413041,166.7
48.19619966,16.47751803,152.5
48.19031602,16.43476425,163.1
48.25799718,16.36576135,167.1
48.18947077,16.34656859,183.6
48.20449475,16.45477496,154.9
48.26725383,16.35474038,278.2
48.17428491,16.34878647,219.9
48.20484306,16.28437463,264.5
48.21090582,16.34787735,206.3
48.15812762,16.44607879,169.5
48.18651366,16.30911293,190.8
48.1786315,16.33426759,197.4
48.18265606,16.34350308,194.6
48.13871854,16.399429,176.9
48.22309626,16.47853914,155.6
48.17764153,16.4533097,155.9
48.1923704,16.27222065,205.3
48.20756224,16.36160486,179
48.25629515,16.43033728,158.3
48.23930797,16.44863536,157.9
48.21020511,16.41844301,160.5
48.2194466,16.47761055,156.3
48.17983428,16.43417954,162.9
48.15475742,16.42125962,185
48.23181021,16.46856724,156.8
48.15826444,16.33957743,195.7
48.15162596,16.43743733,172.8
48.24581699,16.43868884,160.4
48.21829175,16.34275981,197.1
48.24920898,16.32563508,238.2
48.16218027,16.37623314,242.5
48.15439434,16.38501964,214.8
48.25494106,16.44699251,158.8
48.1391127,16.36310368,185.3
48.24653726,16.29779731,347.9
48.18460917,16.46198377,155
48.24095693,16.29955228,345.2
48.23206598,16.47594506,156.3
48.23630367,16.41262012,164.5
48.26665613,16.35491677,287.5
48.19023619,16.46129656,154.1
48.15875401,16.31566218,197.7
48.21734911,16.29198878,273.6
48.22265529,16.41467708,155.6
48.27013603,16.36424966,154
48.18138228,16.36484163,203
48.17252078,16.3085717,226.6
48.19297758,16.34877087,191.8
48.16041277,16.41121404,203.5
48.19072506,16.45940979,154
48.2040532,16.37877983,173.5
48.14976635,16.31390431,202.6
48.18179812,16.30961529,197.5
48.24106304,16.4497557,159
48.17414034,16.42922716,158.7
48.18551787,16.32084695,188.2
48.26731532,16.38467615,164
48.15419354,16.41997675,188.8
48.20215691,16.47207528,154
48.21693986,16.40244971,159.4
48.2790016,16.36931314,160.8
48.19889195,16.38526718,179.5
48.18508864,16.36396112,200
48.19474833,16.33413825,207.6
48.16965154,16.33735958,216.1
48.18422939,16.35396472,193
48.20099567,16.34031648,219.3
48.25393101,16.41636527,161.8
48.21201817,16.39330253,165.8
48.23039891,16.45640384,158.5
48.21928592,16.4362204,155.5
48.25644465,16.31717802,300.6
48.24333976,16.43705234,160.6
48.18024681,16.37546418,209.6
48.21776261,16.42312533,162.7
48.25057255,16.42878641,160
48.24615009,16.44565235,159.9
48.23215961,16.36083092,168.9
48.20962215,16.32511499,214.2
48.21758618,16.43114969,156.9
48.26062857,16.34827268,232.4
48.21426212,16.33588446,206.7
48.17550068,16.4458399,153.3
48.15557253,16.33364423,189.7
48.18487382,16.37014457,203.8
48.20476594,16.37942538,169.3
48.26604617,16.41987273,160
48.18059163,16.29644231,212.7
48.20718905,16.42118913,176.5
48.21509866,16.3440333,203.5
48.18262522,16.30791539,193.1
48.22333598,16.40827386,162.6
48.15338639,16.44249511,172
48.21023113,16.45490168,155
48.20227417,16.35406439,205.6
48.19872364,16.2903038,236.7
48.17179384,16.38068921,225.9
48.23408855,16.38937727,168.9
48.22314336,16.40691411,166
48.21192702,16.32981321,211.7
48.23859306,16.30053613,326.7
48.19096419,16.45126841,161.2
48.19050272,16.28387124,200.9
48.13776441,16.37146199,182
48.19094094,16.44200114,158.7
48.20670163,16.26882734,292.2
48.24279945,16.44183948,159.9
48.25029896,16.38709924,159.3
48.26831387,16.40975908,161
48.2022594,16.36138706,189.9
48.24652404,16.45789661,155.8
48.15806477,16.30983116,203.2
48.2221025,16.41080508,158.1
48.22495637,16.45153869,159.1
48.20886486,16.3185021,229.1
48.24715901,16.35926026,173.5
48.20755397,16.35298394,204.5
48.23044363,16.36171246,166
48.19638357,16.29364012,226.9
48.20024132,16.46817255,154.7
48.25860524,16.38272437,158
48.235325,16.41747155,163.4
48.22714231,16.33573104,211.2
48.18732937,16.38049468,199
48.16314083,16.41114474,191.4
48.1629531,16.41254876,186.5
48.19053813,16.27958298,205.4
48.26303,16.35420058,246.3
48.24799644,16.34055152,211.7
48.270055,16.36495111,154.1
48.22021249,16.45684912,158.2
48.16012597,16.41374656,193.4
48.21532497,16.44753143,161.4
48.18552197,16.44438218,158
48.195126,16.33277312,208
48.21213201,16.39887428,161.8
48.18009617,16.29166496,238.2
48.14868199,16.37046425,188.1
48.23170305,16.27184861,414.4
48.22466606,16.44211839,154.4
48.21285563,16.48025145,155.1
48.27015398,16.37933237,160.9
48.26598161,16.43548602,156.8
48.15465077,16.40196681,247.2
48.17494974,16.37139439,215.5
48.13871563,16.3707916,181.8
48.18803293,16.3299528,187.1
48.17126401,16.39371916,214.6
48.15529704,16.36786318,204
48.1609526,16.4295647,174.6
48.17736407,16.41932331,165.1
48.19222934,16.41912948,158.2
48.20332694,16.26566205,251.9
48.24463014,16.31735532,238.3
48.16268624,16.36098303,234.4
48.2441789,16.31587598,259.3
48.26658381,16.4306507,160.8
48.21091975,16.42788145,154
48.18754337,16.38738111,198.5
48.19400279,16.39460315,178.8
48.20478182,16.36004018,198.8
48.26191656,16.40137625,164.9
48.17111746,16.4307498,158.6
48.18537597,16.44721155,155
48.21667128,16.40605512,158.2
48.2278812,16.4155399,162.3
48.17319745,16.29205077,226.9
48.22233787,16.43593486,154.1
48.19193729,16.35433213,177.5
48.20793541,16.47595562,156.3
48.17492354,16.43995898,153.4
48.2120585,16.36327729,187.4
48.24333734,16.30855523,268.8
48.1862664,16.28714733,203.3
48.19807362,16.30745312,229.2
48.24256492,16.2801863,300.6
48.25593842,16.44880004,158.9
48.25981997,16.41764118,162.8
48.21189168,16.32081834,216.1
48.24741699,16.30576746,303.2
48.18993992,16.37162449,197.2
48.24141925,16.41214265,165.4
48.1807465,16.46837359,155.6
48.21293518,16.42120812,166.7
48.23157362,16.41130799,160.9
48.22942249,16.40145409,157.5
48.16403142,16.45156224,153.9
48.16690527,16.40535709,203.3
48.16522958,16.38235363,244.5
48.18562955,16.33621252,182.2
48.17983711,16.37133197,208.9
48.1667702,16.38881093,230.3
48.17492892,16.33425911,210.5
48.16422218,16.33078263,205.7
48.17277367,16.40968835,182
48.23728994,16.38236605,166.9
48.18994722,16.31892384,197.6
48.24187729,16.29495341,339.6
48.22763353,16.37919842,162.6
48.2500765,16.32879858,252.7
48.23598381,16.39847954,154
48.2434917,16.32609182,217.3
48.24424602,16.33951513,207.3
48.24541051,16.33661849,215
48.17097439,16.28950534,216
48.21828649,16.40794057,166
48.23875516,16.42258772,157.6
48.23282166,16.40950765,162.8
48.21311475,16.324513,206.4
48.24036716,16.29140842,371.7
48.25840631,16.31130376,356.8
48.2406908,16.39320152,155.3
48.22634276,16.27390076,441.7
48.23879573,16.43796607,155.5
48.27290906,16.39254492,163.2
48.18276914,16.36012233,202.7
48.20898784,16.35640132,198.7
48.20582209,16.29140733,259.8
48.16534322,16.28982925,224
48.15238706,16.39055235,220.4
48.2075658,16.38772476,169.3
48.25318588,16.35653588,201.9
48.1878386,16.35601793,181.2
48.26542097,16.42508106,158.5
48.19576904,16.38711404,177.6
48.17534793,16.35285142,222.6
48.15603125,16.40955227,224.2
48.16187201,16.34193341,216.5
48.20261871,16.47272875,154
48.20660071,16.3473546,206.7
48.24594884,16.35688038,188.8
48.21321254,16.34347041,207
48.22379706,16.3290969,212.9
48.24231188,16.45659018,156.9
48.15886912,16.32815649,198.5
48.22311773,16.3644135,173.8
48.23363813,16.36936021,166.9
48.19028039,16.35229756,180.6
48.2521345,16.29053729,307.4
48.18618628,16.35902596,190.5
48.19990385,16.46999891,153.8
48.16757581,16.43042877,159.1
48.20864425,16.44042002,156
48.19637543,16.42954894,164.6
48.24233741,16.4474298,158
48.16719831,16.39272787,235
48.22603177,16.37667246,165.2
48.20332774,16.30586775,238.8
48.13967976,16.35591746,186
48.1425163,16.40735328,198.8
48.18452015,16.33621402,186.1
48.178795,16.43183505,156.8
48.17852336,16.44269478,153.7
48.2028246,16.46166984,154.4
48.16203423,16.32098682,200.5
48.27193996,16.35843119,187
48.22024084,16.27737601,376.9
48.21298338,16.30105304,241.9
48.23028252,16.28664501,322.5
48.18964367,16.41471403,163.9
48.2523585,16.31100932,277.5
48.23484605,16.32089043,247.7
48.17340935,16.4603578,156.7
48.24623186,16.29185203,387.8
48.21981255,16.28924325,336.6
48.15991291,16.33996619,196.6
48.24418516,16.32125191,223.5
48.1593375,16.33977595,197.8
48.24647359,16.42640779,155
48.20038617,16.46890476,153.9
48.19907435,16.37431058,179.5
48.18070727,16.29537454,212.9
48.26092868,16.41325941,160
48.20955226,16.37589235,184.4
48.21957145,16.38062151,168.3
48.23300365,16.44317037,160.1
48.20448351,16.38400637,176.3
48.18269913,16.2778117,209
48.22197783,16.38242519,169.4
48.2726769,16.4020682,160.3
48.2107792,16.37532442,184.9
48.21210589,16.38360082,163.7
48.16177932,16.33305701,201.1
48.24532717,16.38313552,160.2
48.22320042,16.38034077,163.6
48.22185545,16.45820141,157.5
48.15891958,16.38935649,241.9
48.21913904,16.32094627,216.5
48.21077396,16.41085111,161.1
48.18669455,16.35052479,184
48.1724002,16.38602008,219.8
48.18884524,16.36673114,192.4
48.16997485,16.3141968,218.9
48.15161742,16.38324092,206.2
48.21877932,16.28906406,318.8
48.22913317,16.39528313,161.2
48.20780625,16.36273671,180.1
48.21171767,16.35185736,198.8
48.20833599,16.48053213,154
48.17702172,16.28364433,208.6
48.20942068,16.41888055,161.7
48.19349886,16.46396211,151.2
48.18378183,16.41845378,155.3
48.24407118,16.32741667,220.1
48.18213846,16.40228742,187.8
48.22668376,16.40029698,168.1
48.20931399,16.27106549,304.7
48.19230241,16.33320348,204.1
48.18501172,16.34257554,186.1
48.20225427,16.27923917,254.9
48.19033726,16.41787767,157.2
48.21196113,16.47199359,156.6
48.23345725,16.31697094,247.1
48.23190753,16.29200425,251.7
48.25598198,16.40786366,163.1
48.24979253,16.33205039,251.1
48.21789263,16.35781789,186
48.1576714,16.38196388,219.7
48.25605409,16.4486168,159
48.20434026,16.46457249,152.7
48.25523417,16.44017448,161.9
48.17419691,16.45480484,155.8
48.25464667,16.38475825,154.1
48.19820611,16.40301951,170.3
48.18636491,16.41990169,159.7
48.26267556,16.31755605,369.9
48.24930518,16.32841084,238.4
48.26077898,16.31377683,376.7
48.24450114,16.3058966,283.1
48.16244621,16.35624689,217.9
48.16858194,16.377608,234.1
48.2203043,16.41413095,156.5
48.27644316,16.39871594,159.8
48.15298713,16.37108626,198.6
48.25658111,16.33464632,258.3
48.23307856,16.2826102,323.6
48.16562615,16.32334687,205.9
48.25283989,16.39053936,160.9
48.21049387,16.43087336,154
48.27320153,16.344664,298.3
48.19809928,16.46991461,153.4
48.21758534,16.3315386,206.2
48.19884391,16.35748935,192.3
48.18065525,16.45432605,157.9
48.26948046,16.37520392,161.5
48.21597778,16.28395737,332.6
48.20451476,16.3138034,237
48.1796406,16.43851065,157.2
48.21737243,16.48080708,158.2
48.17360093,16.37401115,220.7
48.23056002,16.45748625,157.8
48.23317433,16.34044266,217.4
48.23120151,16.42172679,162.6
48.26537037,16.3230756,355.6
48.23906322,16.28448115,270.4
48.24816368,16.29517688,351
48.16415775,16.36440489,240.5
48.18385068,16.31289792,189.5
48.21570478,16.44858964,157
48.16188029,16.32265691,197.8
48.22425481,16.33722592,216.3
48.14718644,16.32906097,193.5
48.24386132,16.46047027,155
48.16645267,16.36760863,242.9
48.17610106,16.41489838,173
48.19780872,16.31973007,238.3
48.15864279,16.3916411,247.5
48.19103319,16.32142263,197.6
48.177494,16.45535608,154.1
48.23524147,16.33312319,230.6
48.20942179,16.37746818,181.7
48.16736022,16.44472242,156
48.20089013,16.41684418,162.1
48.17138209,16.44825779,151.7
48.18067647,16.32424772,192.2
48.19432868,16.42725943,167.9
48.22889341,16.43734397,154.8
48.21097792,16.41095798,161.6
48.19577065,16.42715932,166.2
48.16809547,16.3460248,229.2
48.2303764,16.32108942,249
48.26440807,16.37063891,156.2
48.19482805,16.45481638,161.4
48.1579945,16.33509425,191.9
48.1918398,16.43387393,167
48.27465754,16.41095837,166.4
48.17871336,16.3401284,199.5
48.24197581,16.32043328,246.3
48.23457026,16.47203881,158.9
48.25740369,16.3423735,240
48.14876467,16.34112325,192.2
48.14002189,16.33794056,192.8
48.17894053,16.42111248,163.7
48.14724445,16.3449026,189
48.21990288,16.43985534,157.2
48.24259422,16.41932053,153.6
48.18579385,16.37907264,204.9
48.23956827,16.28665484,326.2
48.14016531,16.36203062,185.5
48.15369031,16.39806391,249.1
48.20321855,16.33486794,218.4
48.15334457,16.43556436,173.6
48.18513246,16.41082561,162.3
48.23763497,16.44673374,157.8
48.23155463,16.42834034,154.9
48.22386426,16.36806211,159
48.1587786,16.42344659,179.3
48.18598328,16.35230416,188.2
48.16901577,16.38145009,231.1
48.17929113,16.43228921,158.9
48.14703696,16.36757213,184.2
48.17472537,16.32876239,217.3
48.23470962,16.38685902,164
48.19798188,16.47456905,153.6
48.24369692,16.43668385,160.4
48.22069819,16.42874809,162.2
48.1928222,16.43268617,167.9
48.15063827,16.42488049,181
48.14614617,16.36858606,183
48.20831252,16.3401131,204.9
48.17923972,16.35874977,201.8
48.16082951,16.40840719,214.7
48.20328943,16.45265975,155.9
48.17420077,16.3350637,208.9
48.23446176,16.36538841,167.2
48.26077662,16.42389457,157.3
48.22081004,16.44654052,158
48.19874414,16.35763661,191.3
48.2008405,16.45235663,151.3
48.23936323,16.44182684,159.7
48.15579421,16.42789644,175.2
48.24154563,16.33276112,211.4
48.27934343,16.39306715,160.8
48.22469688,16.36855394,164.1
48.16234474,16.32290167,199
48.26733336,16.38904126,163.6
48.22289214,16.30602285,239.6
48.2284986,16.47350488,155.5
48.26978562,16.39374644,163.8
48.16295197,16.31434863,200.4
48.20863901,16.42443938,161.8
48.22331251,16.37712148,159.4
48.26107907,16.33820049,272.2
48.21823672,16.46650624,157.8
48.24331474,16.4666959,157.4
48.19913335,16.29492615,229.5
48.18547915,16.36528367,203.3
48.26713316,16.32384937,344.4
48.20391702,16.29105371,249.3
48.21047911,16.30425851,236.9
48.25436081,16.36766575,163.6
48.25549751,16.31122378,296.6
48.15162319,16.39977582,237.4
48.24936712,16.38363262,155.2
48.20140383,16.30914142,238.9
48.24114867,16.46271469,156.1
48.2251395,16.37609756,160.3
48.18795948,16.42738091,155.8
48.24652624,16.43739207,159.4
48.2032735,16.34902955,213.6
48.17428172,16.41187627,175.9
48.18980069,16.38799576,199.4
48.14888759,16.37272472,188.5
48.19420136,16.43705459,165.8
48.20918667,16.47982305,153.7
48.22161069,16.28259109,349.5
48.19657534,16.42863437,162.8
48.23326935,16.37858785,161.8
48.2334231,16.36411147,170
48.17328367,16.28438782,213.8
48.25423423,16.31165438,289.9
48.23177272,16.29280832,248.8
48.13617028,16.36888879,186.3
48.2445981,16.32023936,227.4
48.22236617,16.4395784,157.9
48.21827994,16.35443918,186
48.23226423,16.40176643,154
48.19247271,16.36156673,181.8
48.16061816,16.35204513,188.6
48.15880877,16.3626549,223.3
48.22862795,16.47074077,154.3
48.15291132,16.36941421,198.8
48.18378292,16.38833851,198.8
48.24291157,16.32743141,216.9
48.2189537,16.31151631,226.7
48.16090982,16.33310028,198.6
48.16474937,16.40808428,202
48.25052747,16.33783913,219.6
48.19012062,16.40009724,173.5
48.16592946,16.43178638,155.7
48.2392413,16.43763393,155.1
48.15328437,16.42345444,183.6
48.26215197,16.42023813,159.4
48.17113021,16.28130307,221.5
48.20458398,16.29171729,255.7
48.25412944,16.44780164,157.3
48.25411656,16.40072317,162.9
48.22961917,16.35162952,187
48.21797395,16.47222457,158.8
48.18396138,16.40450123,179.3
48.22889949,16.39512093,160.1
48.18310072,16.45993333,157
48.19499697,16.43340348,167
48.25490112,16.43909561,164.3
48.24630698,16.41002244,156.1
48.19820154,16.31487664,236.1
48.26768681,16.38289529,161.7
48.24952615,16.39031237,154.6
48.23440835,16.46736206,156.1
48.25131017,16.44201776,160.2
48.22413681,16.41907138,155
48.17554959,16.41231094,176
48.17326828,16.33335048,214.5
48.26501602,16.41017805,160.1
48.20976285,16.4649943,153.7
48.1888122,16.45671151,163.7
48.19850642,16.34189822,212.5
48.14215944,16.38783673,181.7
48.20506298,16.4148317,163.4
48.21913709,16.37098719,163
48.17380606,16.39325402,211.2
48.15220018,16.35270705,190.6
48.16974824,16.31940359,213.9
48.18538399,16.27294866,212
48.19744393,16.30200292,228.1
48.24386401,16.44708629,160.6
48.22416487,16.28508809,301.7
48.25067294,16.30199735,268
48.16768239,16.41437264,180.5
48.17860717,16.43942735,156.6
48.27983392,16.36302913,154
48.15528845,16.42323431,180.7
48.21248874,16.43735879,154.7
48.26208191,16.33578159,309.7
48.23791924,16.38271758,167.5
48.14039479,16.39521554,180.7
48.1946537,16.47018057,156.3
48.13957597,16.36750696,185
48.27294282,16.33642326,384
48.22987543,16.33819315,215
48.24617113,16.37748457,167.7
48.22337147,16.29211993,303.5
48.1781088,16.37777019,211.7
48.17137593,16.37917663,223
48.14183612,16.41137267,204.4
48.19236838,16.41012002,156.8
48.21328864,16.44531995,162.5
48.26675211,16.3310381,341.6
48.2064478,16.41947575,168.8
48.23390074,16.41165893,166.1
48.25291732,16.30345571,279.8
49.44929442,16.25812264,584.1
49.63988249,16.15277763,595.6
48.82595576,17.11997047,165.9
48.89538754,16.36094682,238.8
48.16441207,17.0381172,291
47.87233407,16.0147513,566.9
48.43807387,16.64919407,245.7
48.03225115,18.1190414,119
47.93318357,16.6833236,273.2
48.16673163,15.20432465,299.5
48.70314285,17.51334906,338.5
47.61091797,15.64700378,1056.8
47.58083042,16.07393676,750.3
47.75780163,16.76377329,114
49.01229305,15.17141242,654.3
47.34079359,16.38934658,778.8
47.5860135,16.22628241,577.5
49.24613184,15.36180556,756.2
47.81678956,16.06269589,412.5
49.26368659,16.63733373,397.2
49.3644446,16.87993457,531.6
48.55898397,15.88510853,264.5
48.35111929,16.6851087,163.5
47.34459025,15.46602385,1190.2
47.74807982,17.36674537,114.4
47.27751358,16.6347665,220
49.21461932,17.0062366,313.4
48.04206006,16.87976463,155.9
49.48056286,17.27710409,210.7
47.20308754,15.06208351,1301.3
48.54851914,15.56349182,577.2
47.08112008,15.20615722,495.7
47.95423358,18.1511181,110.9
49.25325422,16.82210544,487.2
48.76551384,15.25517321,546.8
49.00496191,15.20630429,655.7
48.52090603,16.02788063,338.2
47.68979871,16.34819549,598.2
48.09015673,16.47622855,182.3
47.6383705,17.10230107,112.6
47.71439073,15.21453942,807.3
47.96682488,16.12657115,405.5
49.05079415,15.7917009,464.2
47.20629398,16.48662119,286.4
48.84195777,15.34922233,627.2
49.25242925,17.83958297,424.9
48.97441277,15.54174643,477.5
47.60360828,16.80277525,140
47.49858961,16.38169547,375.7
48.78368545,17.72285615,308.3
48.84663418,15.71503797,445.6
47.8919439,15.71237705,715.9
48.37917606,14.60815557,647.7
47.76359937,17.88653024,109.5
48.25373196,17.04943482,190
48.91384725,18.08407905,216.5
49.08299956,17.18811628,495.8
47.91244495,16.42504632,211.8
47.54612491,15.93786476,1060.1
47.57619578,16.48670311,300.5
47.92001894,18.19250261,111
47.03635052,17.36229184,189.7
48.37611535,18.09869396,198.6
48.23011151,15.65495975,252.9
49.08843343,16.96063596,364.9
49.16085008,16.1836608,416.6
47.41805984,17.54849759,145.3
49.04884536,17.15737653,263.5
47.26784921,15.01726842,1351.8
47.73147496,15.82776465,1231.5
49.25137138,15.94254776,455.5
49.04544092,14.65999921,441.6
48.84202425,17.52456387,392
48.13153845,18.29180622,150
48.61530644,17.15519531,205.3
47.26844191,17.91514202,405.4
48.08641038,17.21914674,127.9
48.70058452,14.92994207,548.8
48.03662185,17.91935353,108.1
48.68594933,16.74864483,181.1
47.63536554,17.19836969,113
47.58915855,18.30683591,174.1
47.29454743,15.20597984,1281.3
47.91485416,17.02715047,155
48.29035069,15.76034436,292.2
49.11973848,17.47388725,182
48.73272092,15.39207741,578.6
49.54822578,16.94067248,441.9
47.51073557,17.39146005,114.9
48.43963133,14.30021843,810.3
47.67690138,14.60555619,602.9
48.3675361,15.52080624,421.7
49.42291247,16.01653635,523.1
48.70320876,17.95463871,374
47.43775525,17.24643459,125.4
47.58313743,16.23447246,613.9
49.30895976,17.07853971,263.6
47.79477395,16.72455433,110
47.87766492,16.81129909,110
48.81837528,17.32668365,455.8
47.86726851,17.12835788,120
47.11403807,15.05136885,773.4
47.59138315,17.55086387,118
48.59822677,14.885942,742.7
47.15195134,15.78277638,367.8
47.98595875,15.11015112,876.8
49.31957767,17.61433817,278
47.59807672,15.78537805,1090.1
47.15428501,17.40955665,167
48.26499173,17.35602076,173.5
49.24417733,16.89637809,312.3
48.8190113,16.25839169,222.8
48.63307759,18.22864221,224.7
47.41647092,17.6707224,152.2
47.99132067,17.78635417,109.9
47.41344652,15.37489916,1163.7
48.53963493,17.58969384,208.1
48.48124769,14.70024792,820.3
48.06776007,14.76724802,332.6
49.07985769,16.62271023,182.4
47.32509824,16.02777851,454.9
49.57101549,16.90213718,399.8
48.14744002,16.48314266,157.2
47.9116218,15.85518165,775.5
47.55221639,16.87192175,171
47.58702504,16.83797726,131.9
48.04610554,16.19724145,356.4
47.88886843,17.61590607,111.2
48.09268216,15.2563073,284.3
48.49466644,18.25146937,492.6
48.83785937,15.30785022,500.4
48.74423699,16.76444343,208.9
48.36303393,17.57792581,144.1
47.89448435,16.60104355,308.2
47.4906514,17.89911505,159
47.55641788,15.1587027,824.7
48.12639867,14.59555766,345.8
47.57021129,16.55611998,249
47.60710974,16.9911256,115
48.61745843,17.47905776,337.2
47.68452355,16.71791621,112.7
48.19770961,18.47702419,168
49.02374881,16.95459747,197.9
47.66500372,17.6275445,105.5
48.26097303,16.33586863,286.1
48.31397322,16.94906012,137.9
49.02297272,16.73390145,201.4
47.71690384,14.53674473,783.3
47.10908395,16.46593336,214.3
48.75015585,14.65391995,621.3
47.16538328,14.91289146,1542.8
47.86580454,15.60543117,572.2
49.14259595,17.78283281,391.2
48.80769635,16.5258465,182.3
48.22436115,16.68286336,147.5
47.90591881,16.3671612,215.6
48.9698337,15.46163267,438.3
47.00701055,17.55426545,362.1
47.24021112,16.99058244,167.9
47.8357629,15.62786535,858.8
47.42401134,14.60334037,1971.9
47.97518241,14.6322321,456.2
49.25696635,15.02426749,559
47.94717523,16.7187615,185.4
48.22826717,17.05432421,275.6
49.06447734,16.20693261,346.9
48.94823848,14.99753374,540.4
46.97060792,16.97816482,181.1
47.26617824,17.82361808,419
48.67017573,16.52509402,245.3
48.34681515,16.58619808,157.2
48.64251826,16.6739735,204.4
48.08895475,14.56816485,365.7
47.94159141,16.08321583,424
47.16169636,15.91080432,409.7
47.84588426,16.17019131,412.8
48.13862912,16.59735279,158.8
47.63260342,17.11910802,118.5
47.50433094,17.88151717,154.5
49.38682034,15.70810965,499.9
49.54974046,16.94474229,434.8
47.56086208,18.20059935,167.4
47.69400648,14.93732416,600.2
49.27226937,15.63235624,611.3
47.79688837,15.2144352,1282.3
48.44437777,18.26467041,374.7
47.66293278,15.23957401,1065.3
47.92298042,15.47426415,536.3
48.13890724,17.69336261,113
49.04739722,15.21558653,670.4
47.46784673,17.02013525,132.4
49.41754277,16.11330647,561
47.36757589,16.17037809,442.5
48.49415076,17.25540257,188
49.41460792,15.70265546,508
49.42781107,16.24573081,493.1
47.51465358,14.93243894,1759.8
48.48040544,18.14387192,157.2
48.59167898,17.49796123,418
48.92006591,17.28935105,178
47.54455133,15.72827992,1427.9
47.16858567,17.67172581,366
47.77003153,17.88947652,106.1
48.83689166,16.92624083,188
47.64300893,16.65787505,182.3
47.46564024,16.86667253,175.3
48.47180501,15.85452977,273.3
48.86094563,17.27227001,197.6
48.71571462,15.53772903,551.1
48.85782154,15.66985973,471.5
47.87236181,16.14123857,334.7
48.66468741,16.34678049,205.5
48.73033608,17.18274621,223
47.10551032,15.94417695,293.6
47.75462178,15.7931451,1553.5
46.84213932,15.95330736,508.6
47.4968884,17.82033128,188.7
47.52350303,16.6494127,249.7
48.89327418,16.31629933,238
48.30526774,14.90690555,678.4
47.72656002,14.5984952,502.2
46.87571999,15.68910939,396.3
49.14258737,16.80304112,278.4
48.13612084,17.57527027,115
48.15598455,17.27281858,128
48.09470219,14.66703378,367.7
47.735605,16.06094312,415.8
47.15924608,15.18354544,722
48.46821123,15.60998515,339.6
48.1844424,14.74018649,230.7
48.2823825,17.52956606,132
47.05575796,16.56347483,201.3
49.33989108,15.30393057,638.1
48.5815212,16.3506715,353.2
49.38094249,16.72069926,503.1
48.56361916,16.79574252,196.5
48.39075835,15.04024854,959.2
48.6020062,17.21623316,261.9
49.28186671,17.75468668,356.5
47.79110556,14.96715632,575.6
47.57633335,16.02500946,816.2
48.36570725,15.87720829,178
49.02943188,17.73984379,254.7
47.68584483,16.29062981,635.8
47.73825305,16.8115953,113.6
47.53264726,15.94359482,1346.6
46.94749585,16.0294267,257.5
47.62432684,16.12652857,397.3
49.11999128,16.06491386,409.4
47.26877079,15.06431783,1517.7
48.60450037,15.09613571,563.9
47.54606471,15.79125712,1154.9
47.29710104,18.03497148,297.8
46.82498216,15.80106208,287.7
49.04079385,16.63212802,287.1
49.10531363,16.60596384,196
47.68965479,14.63915099,778.4
49.39706751,15.33885427,714.5
47.42539456,17.83774193,221.2
47.2805434,15.64038378,982.6
47.34198735,15.64013141,1155.9
47.30958001,16.35284714,353.5
48.61942627,14.78280119,910.1
47.10198369,15.13186948,671.4
48.55672376,16.65642423,226.2
48.63608642,15.56911685,467.6
48.67290761,17.67976771,237.3
49.09238057,17.22382492,530.6
49.01688151,16.28963725,243.5
49.17134336,17.7611223,453.7
47.30045764,15.54667863,811.2
49.20159136,16.61337206,212
47.4435814,15.84782969,703.1
47.03412194,16.02189093,276
47.8743871,16.22966726,289.6
49.13926721,17.14188156,308.4
47.93985812,15.85146796,813.3
47.75279217,17.73353829,109
47.3091741,15.19516127,1107
47.0434526,16.56613354,201.8
47.54356029,14.80807733,1510.3
49.28194198,17.0017684,247.6
49.16666951,17.23078104,305.2
48.48329033,17.90774426,197.6
48.36418262,14.65670395,543
49.42516341,17.06495416,301.6
49.20818665,17.38587429,316.3
48.56218139,17.22087311,251.3
47.37028093,15.4787828,997.5
48.59498797,18.20097152,211.2
48.05737082,15.80814318,504.2
48.49385634,16.95222001,150.2
47.20394853,16.54086271,287.1
47.44104258,16.10408089,542.1
47.5500427,14.71570811,1956.9
47.97326739,16.59209136,187.8
48.8798986,18.07639428,248.2
47.89323525,16.28079249,258.6
48.3042624,15.99026852,173.7
47.44434135,17.22645778,124.1
48.38253123,17.00656977,155.1
47.96460999,15.41155404,675.7
49.17661633,15.70922102,624.8
47.37413206,17.39284249,124.6
48.57361816,14.88925257,759.9
48.01405378,17.4493057,120.3
47.4041312,17.47818914,127
49.36835062,15.731224,466.4
48.79891574,14.68563347,535.9
49.29260793,15.24083037,661
48.61603691,15.2597083,496
48.32316292,14.79529079,552.1
49.43611419,15.96036433,554.8
47.40786722,15.66352531,946.3
48.23143185,15.73910944,258.9
47.21082658,16.8743876,166
48.22452998,16.48965528,156.8
46.97565513,16.64685331,227.3
47.90405201,16.71277599,112.3
47.67872845,18.19101727,127
47.60829605,15.67534848,683.3
48.34854672,14.3079686,520.9
48.72976083,14.49421131,584.4
48.8401401,17.21862651,170.2
49.13636353,15.55090903,550
47.46719272,16.23518172,650.3
49.01724679,16.98687728,203.7
48.02708667,16.21243176,444.5
47.67397604,17.54208174,109.7
47.8993558,17.0902551,122.7
49.00218066,16.03910654,379.2
48.23940137,18.265267,198.9
47.56385255,17.66561649,257.9
47.08808436,16.0375948,331.1
48.38341002,16.72340434,156.2
47.50121973,17.82370387,193.5
48.70945708,17.76978642,244
47.3503455,17.00791296,141.6
46.94011834,16.43168299,225.6
47.94407224,15.82896264,1178.1
49.13335197,15.33507387,611.3
48.7579215,17.47836554,455.6
48.94188553,15.8653997,406.1
48.88855998,15.68448377,454.4
49.40991469,17.11177686,235.6
49.18628582,16.9651966,292
47.67657149,16.47560653,425.4
48.91346769,15.31555682,485.2
48.44539651,15.71138115,219.6
48.6813193,16.25910522,188
48.05640958,15.21188197,300.8
48.32037406,14.49737985,355.3
49.45905759,16.83561346,630.4
48.37442185,17.81833818,188.9
48.5942036,18.22633873,167
49.25969328,17.07864897,282.1
48.77760042,16.1349939,211.9
47.15980255,14.90220299,1538.6
47.67217,17.10747046,111.2
48.07610516,14.80381276,305.6
47.54006199,14.79016265,1541.5
48.23628542,16.30388068,304.4
48.4043873,14.76364507,653.2
48.45410107,15.29027912,757.4
47.88352839,15.86896618,532.2
48.1504759,17.8375359,113
48.70446993,17.16874468,255
47.25786129,15.28193178,944.6
48.71373587,17.90465836,216.1
48.76842954,17.65178681,294.3
48.54606021,17.68970899,178.5
48.56564781,18.02793461,251.9
47.96145971,15.79871033,677.2
48.32442424,17.45925981,154
48.13442807,14.52922162,327.9
49.12842729,15.56647737,595.3
48.03167066,15.78414531,438.2
48.68413863,18.36231695,263.4
47.82280139,14.99030018,558.6
48.96904328,15.4515552,479.6
47.82280537,18.44113002,115
47.1620127,17.21484144,132
48.77366297,16.5705919,236.7
48.62663323,17.34204326,221.3
47.71308591,16.59466372,180.2
48.17848469,15.78279762,388.8
48.18310852,16.84296696,141
47.5023111,18.10135195,197.7
48.87805485,15.08340999,556.6
48.48312883,15.88328609,290.1
47.48390895,15.06324683,1206.6
47.72829243,16.37870208,258.5
48.50444644,14.97379769,810.7
46.93681976,16.14107154,242.6
47.48684153,17.07092454,130
46.9230443,15.40519425,315.1
47.89897578,16.82468394,110
48.35078079,15.65613309,335.5
47.8473384,17.07227687,121.3
48.01546791,14.31162687,324.5
48.65187221,15.03793662,645.2
49.44619706,16.74871446,598.3
48.58882804,15.93699307,232.3
48.38679403,18.07017439,144.4
48.45095767,18.08394111,160.4
47.84841555,16.54520348,161.3
47.609819,16.02753658,563.8
48.73463861,17.04813261,166.8
47.0527756,16.50035144,208.6
47.95505559,16.275942,232
49.06441337,17.03178542,219.8
48.09537126,17.00753543,166.9
48.38854993,15.0111054,986.5
47.25954019,17.72722251,319.2
48.02830377,14.33482236,321.2
48.18033574,14.85490103,365.1
47.57035428,17.71908648,127.3
46.90815437,16.26524539,316.4
48.35540345,17.63564686,142.1
47.77272902,17.61079631,110.1
48.21847483,16.20938968,296
48.71672094,17.08426723,173.8
49.23804649,15.89291759,437.4
49.57042237,17.05783779,283.8
48.86821297,17.62801144,538.7
48.44832826,15.32477063,763.6
47.83713299,16.52537135,157
48.49244466,16.52628542,257.1
46.97931915,17.29045155,206.9
46.9494908,16.92713957,209.3
49.24471467,17.34909052,207.1
48.37960085,16.17455468,171.4
48.70881757,15.66132961,495
48.35517842,17.93582037,192
48.59951829,16.12975659,252.1
47.19762109,14.86510388,811.7
48.13866359,16.73559073,157
47.75687267,16.00508668,773.8
49.03263403,17.69222147,227.4
48.0134413,14.45444567,505
48.86384255,14.948274,467.1
48.9952993,15.42389132,522.6
47.57856576,15.87769567,1188.1
47.879294,15.08622871,856.6
49.25798247,17.10764767,319.6
49.04639633,16.26207002,288.9
47.33561494,16.43783646,524
49.56754924,16.58647379,389.7
47.74516153,16.02083425,473.4
48.14943454,17.59796436,121.3
48.3906357,16.06635708,173.3
46.9547777,17.016036,168.2
48.00618831,14.62833387,627.4
48.12463585,14.50827093,322
47.8023395,17.09873184,117.4
48.218169,18.38013388,199.4
47.59274573,15.07889322,1653.1
49.04381293,17.80912392,352
48.4747237,16.25563757,233
48.4602739,17.95406459,181.5
47.52098845,15.24179085,652.9
48.50553792,15.44922683,605.3
48.43996835,17.07288525,183
49.19882092,17.09595898,359
48.87576088,15.81227874,484.5
47.03035681,17.43408723,215.4
49.16821785,16.17443334,385
47.49013514,17.5444039,128
47.06679305,15.66789248,477.1
48.05438435,17.50547951,114.5
49.32564057,14.98685123,652.6
48.91697443,17.06122535,173.1
48.95756387,16.47719345,205
46.97708576,16.50066607,212
49.01714793,16.13088328,361.9
47.19874479,15.54371973,531.9
47.76709753,17.2326215,114.1
48.06164803,15.02081097,389.6
47.4867952,15.62884156,1065.9
48.85572867,14.43290572,520.5
49.27571077,15.12896074,599.5
48.6100043,17.49991314,400.6
47.40216577,16.65821621,255.3
48.7950194,17.20501907,180.6
48.13966494,16.02817207,516
48.36620734,16.9172047,140.4
47.13164934,16.10441003,270.7
48.24719915,17.09142677,415.5
47.91856505,14.72797728,631.3
47.67876788,15.70519558,1360
47.67038011,15.7673349,779.5
49.1126252,15.66449411,545.3
48.12419191,14.71965848,340.9
48.13243362,15.99010117,539.7
49.44974724,17.45804691,216.7
48.75506218,14.71444571,593.1
48.17550878,17.23632642,128.8
49.48111147,15.57126491,621
49.23262065,16.96502526,260.7
47.35431978,17.92136851,288.9
48.27411592,15.0354072,692.5
47.38681759,14.70332139,1956.3
47.22511335,17.59982406,275.8
47.59196198,16.33907935,616.2
46.90927588,15.5189763,365
48.99462549,16.80323489,250.2
48.30366222,17.7369206,126.1
47.07144885,16.8934967,237
49.33894069,15.33272577,608.2
47.74776687,18.18133019,107.6
47.37431357,17.19611137,150.5
48.12331625,17.66395784,113
47.1448254,16.93164174,210.7
49.06472005,17.16179178,372
47.36563224,15.41624927,1103.2
47.77507924,17.44056875,113.3
48.02343888,14.29228529,422.8
49.47213215,15.81484764,647.1
47.67904969,14.48102028,788.5
47.5757527,18.08684335,144.4
49.32642967,17.01179122,361.7
49.35991166,17.24244579,213.6
49.00888488,14.67006705,474.9
49.03197254,16.8303382,296.2
47.23454624,15.85101593,444
48.93703072,15.69621635,449.5
47.70479538,16.56174411,224.2
48.38392618,15.34767735,490.3
47.64224586,14.6315128,1099.8
48.40235104,17.22937714,548.1
48.20036889,14.48058682,245.5
47.16128359,16.23131888,275.1
47.62388995,14.55132522,820.8
49.02393098,17.62231311,206
49.32741093,16.11237204,542.1
47.76291678,14.63139086,700.8
48.2936414,17.36799149,146.1
48.11722848,16.40745782,186.2
47.57945662,16.25028763,641.1
48.39526345,18.11497729,155.1
49.2838502,15.81556884,534.4
49.44686662,15.49665482,612.6
48.10487196,16.8376935,186.2
48.96639172,17.33760586,177.5
46.87806497,15.82010482,276.9
47.6387277,14.82348271,1323.9
49.62570264,16.22108178,512
47.99765515,14.77747829,665
48.88493311,18.16782179,523.4
46.767453,16.21478476,372.1
48.46212849,15.44643929,550.3
47.87327895,14.80026708,410.1
47.42367536,16.77007639,176.5
47.50190953,14.49801956,862.8
47.85582324,15.58677942,674.2
48.39686938,14.57742619,654
48.67176388,15.45339608,541.9
47.8162183,14.82030537,518.3
47.50104751,16.09590774,761.6
49.20187816,17.23565292,316.6
49.00241747,17.36594297,177.8
47.71120945,14.35394514,661.8
48.03542427,17.02822178,131.7
46.91063729,17.19913319,317.2
48.18147308,16.22030819,304.2
48.37799367,17.55866553,149.2
47.26739941,15.21141879,1270.9
47.05741257,15.2600859,471.8
47.27819281,16.34327339,363
47.54189337,15.72555297,1496.9
48.63591256,15.78484245,371
48.09163635,14.39267052,354.3
47.12241499,17.06090757,146.8
47.70726741,14.38992108,937.8
48.56360488,14.59846091,877.2
48.15143866,18.47464949,163.3
47.60182373,17.14600174,114.8
47.14517046,15.12924694,804.3
49.34146547,16.27173506,447.9
47.94215489,14.84620202,477
48.64450599,15.5772573,409.7
49.28835148,16.19102526,514.3
47.44901824,15.79931992,862.5
47.87242594,15.37890076,929
48.77119471,15.72829765,522
47.23485453,16.63016325,214.8
47.91671512,18.05343485,106
47.53045919,16.01168286,1087.3
48.87029426,16.74596994,224.5
49.42914817,15.35637117,627.5
48.09412535,15.60127803,320
48.47470235,15.92215192,307.5
47.33491737,15.18501229,1371.3
48.40069042,16.5173144,221.6
46.87710486,16.52324717,236.2
48.66596604,14.35489834,586.3
48.44374217,18.49389362,426.2
49.24961455,16.84253766,521.7
47.52178624,17.49356016,125.5
48.14852964,15.23930494,246.5
48.58795327,15.15494779,571.6
47.82356994,14.40785809,831.3
47.21213963,16.90268519,158
47.27751133,17.52657318,197.1
48.39902097,15.59035104,199.3
48.03442516,17.61584457,112.8
48.3535273,14.83513666,703.9
47.94673016,16.18788463,292.1
46.85979287,17.07318384,206.9
47.07882677,17.49149516,195.7
48.9244262,16.2322951,234.7
48.09704272,14.85904153,281.5
47.63843882,18.25092453,134.2
48.73541825,17.98394597,625.2
47.11571543,16.71969241,186.6
48.53450921,16.06207512,212.1
47.69472755,15.30199276,1036.4
48.95092817,16.47759152,189.9
48.50545663,15.99765098,261.6
48.64747002,18.21754623,232.1
48.53605237,18.46315604,486.5
47.63873791,16.07415931,597.2
48.42827537,16.0436119,217.2
47.46988105,17.08053371,138
47.5580087,15.83060009,1344.2
49.34107214,15.18493663,627.6
48.7654083,15.98484118,255.3
48.33966874,16.56268068,158.1
46.91185451,15.46827538,318.6
48.02134905,18.16339459,116.7
49.06034806,17.39691119,186
47.6777739,15.51740333,1153.2
48.10312087,18.09931889,117
49.0093422,15.67233156,460
47.69719932,15.72146535,1571.2
47.02512449,15.15529021,410.2
49.32401313,16.36624626,465.2
48.55865348,16.26641577,301.6
47.77823629,16.70413699,110
48.56594494,15.92466505,233
47.66393267,15.85375097,747.6
48.69243431,15.56556634,368.1
48.11624661,14.84134342,280.4
46.83257938,16.22358341,311.6
48.66778227,14.71652815,821
46.99023688,16.29631696,281.3
48.87978181,17.93588995,330.5
48.59097365,18.13549672,190.7
48.15435711,17.2186494,131
48.41194838,17.46571209,176
46.88326325,17.02045008,217.7
47.82640347,16.52564042,150.8
48.05402709,17.50456087,114.4
47.39188454,15.09911946,586
47.99451136,17.33194928,123.2
48.05699938,17.56734686,113.1
48.3630656,17.12961041,253.5
49.07824934,18.08595576,707.6
48.87693052,17.02111017,240.4
48.28456761,17.19244951,372.7
48.82887314,14.62634926,468.8
48.4627641,17.62721621,165
47.89942911,18.45517138,186.7
48.23787605,17.01734049,152.2
47.16485489,17.2743531,137.7
47.0606502,16.77461468,174
48.25834163,18.10135193,139
47.70991267,14.41624135,772.6
47.25457383,17.32988195,133
48.15681935,15.4294954,270.7
47.90478517,14.34029695,1134.2
47.9537957,18.1460522,109.9
47.42286941,15.86346553,939.5
46.93521745,16.10524195,246.9
48.9041423,17.91028638,653
47.03893822,17.00102698,168.2
48.42043279,18.44952211,276
48.26696486,17.57627512,125.9
47.38455171,15.60666,1024.7
46.80203688,16.46783761,218.4
47.60870618,17.58415779,117.8
48.05690443,15.82129668,514.7
47.86477678,16.19984255,304.1
47.38179949,15.38397136,823.2
47.11956939,15.38202687,574.9
49.33157696,17.45938167,198.3
48.80201582,17.75342817,324.2
48.57829645,14.99226922,734
47.8814534,15.86460323,726
47.9726675,14.46507292,591.3
48.19142539,14.45350036,261.2
48.38076403,16.47679851,214.9
47.15825147,17.68301111,364.4
47.18630355,17.86822786,443.6
47.82671507,15.22590353,929.4
48.00825544,14.94577279,404.8
46.97897683,15.86457047,312.2
48.82130648,17.81403192,294.5
47.96748016,14.39291918,460.7
48.21922303,16.43845888,160.1
48.68801131,14.8214085,656.1
48.81371083,15.63607167,463
48.17039604,15.64812451,293.6
46.96842284,16.71787253,238.8
46.8498292,16.57342341,209.2
47.31967354,16.39793002,515.9
47.82292465,16.35223966,259.2
49.51585606,16.27924113,585.1
48.77421472,14.90680048,521.4
46.93543828,16.42991365,242.3
48.38830123,15.53218159,202.5
48.84674278,14.74405306,469.7
47.61517802,17.64618184,116.3
48.7534261,15.44882662,546
48.52621181,15.61667849,459.4
49.19689736,15.14670709,564.6
47.1535328,16.18830254,273.9
47.05470961,17.57676479,362.7
48.21702156,14.8453712,438
47.51761053,14.50335683,1383.2
48.42131284,15.54655942,451.6
47.86894501,15.35545839,871.3
48.92151856,18.08572371,212.8
47.03826434,16.02844592,312.1
47.68257577,16.46420795,358.4
48.67137635,16.58857293,225.6
47.54234614,17.62601393,182.3
48.47042688,14.2773041,651.3
48.95821336,15.25785648,525.5
48.00414689,16.89017345,178
47.39281806,16.98419271,143.2
48.18316593,17.04257054,215.7
47.27551662,15.54866306,673.1
46.89577705,16.71491184,206.2
47.76430159,16.32205629,405.6
48.86211605,14.73343401,462.9
47.90441944,15.84053413,688.7
47.95003085,15.74678407,786.1
49.15467834,15.93837189,512.3
47.51534947,17.60277206,134.9
47.68238972,17.33564634,111.1
47.78185549,18.12396443,106
47.72090969,15.07537604,988.1
47.12969955,16.14987094,283.5
49.54684986,16.37692997,501.9
48.82615001,15.30680961,518.2
47.2390769,16.38239211,297.5
48.09179,15.87591207,408.1
46.84521584,16.11631615,319.5
49.05334748,16.7785684,213.1
48.36784502,14.57373391,400.3
47.43050282,16.54923804,231.6
48.49317993,16.46922047,237.6
47.77062729,14.81039319,995.4
47.53137147,15.51738067,596.3
48.91141021,15.01484932,546
47.96389144,17.53367055,113.5
48.98465511,15.76761831,459.4
48.25222742,15.35422813,212.5
48.20597306,15.27399029,234.8
49.03241604,17.90042935,536.9
48.46963758,17.955727,174.1
48.60275298,14.91374817,721.5
46.9835797,16.31277931,265.2
47.85929299,17.64556966,111
49.10675828,16.7045826,198.1
48.90391753,15.43750391,528.3
47.60799766,17.42330222,109.8
49.37484052,16.12809222,558.4
49.03466615,17.70694749,276.6
48.54920737,16.66650677,240.2
47.56949448,16.6225478,264.6
48.33960489,14.49845462,379.3
47.73022741,17.54675645,110.2
48.09116121,17.3003443,125.6
49.42119458,16.06889589,613.3
48.90899338,14.86620693,464.3
47.51486384,16.20175685,499.5
47.78586319,17.74728637,106.2
47.18059043,14.96747242,1346.9
48.04479636,16.70871336,204.5
47.4002733,16.7644136,177
46.82438436,16.22233834,264.8
48.19801615,18.50105121,161
48.21317176,16.39107128,165.8
48.78980841,16.29999412,193
48.06236778,17.29268231,124.3
47.0963293,15.75664653,411.8
47.72162237,14.73244928,908.5
48.70215734,14.51235426,622.6
48.39178449,15.9854822,178
47.98741082,16.58212705,177.8
47.98171831,16.41226875,194.5
48.8477689,16.68683348,212.4
48.23071243,17.74896314,117.2
48.30902413,14.46845983,310.4
47.38428798,17.32981295,119.6
49.32717032,17.702153,573.8
47.8312165,18.16178971,106.1
47.30073764,17.06621068,188.3
48.12170239,16.71766333,144.7
48.81083971,16.85837155,156
46.85068082,17.04320976,201
47.3918069,16.59784228,312.2
48.61023534,16.16427148,264.8
47.47192001,15.97273128,1300
47.8765812,14.94228432,927.1
48.66298522,14.41645329,734.6
49.04124116,15.25251528,613.5
46.96696883,16.06926625,313.3
47.88084348,17.56650604,113
47.08306379,16.6837389,189.2
48.06467646,15.56141107,497.9
48.97406119,17.57478542,273.5
48.98480732,15.64162636,455.8
49.01232143,17.08059419,239.1
48.7303661,15.09322822,560
49.01053393,15.08207627,624.7
47.1628067,17.27496191,139.3
48.75188258,15.40687649,555.9
48.8946055,18.26932857,541.4
47.91908281,17.89866279,106.9
47.81703089,17.28590848,115.3
47.771605,18.34161494,116
48.05036894,17.14001215,131.5
47.00356801,15.18785483,695.4
47.95953499,15.34382045,905.9
49.04028143,17.92527271,593.7
48.5192461,17.82348955,150.3
48.21129454,17.70293485,117.8
47.95903425,18.44470495,171.1
47.74046149,17.20870039,114.1
49.09610863,14.75998497,433
47.90979647,17.22783529,122.8
49.61224972,16.48931204,512.3
48.05930349,16.36524781,182.4
47.97887368,15.2149723,594.1
47.78233852,18.43817553,106.9
49.55173999,16.24501415,660
47.13025549,16.17612461,284.2
47.72130649,14.67128208,419.9
47.69623997,16.8360138,112.8
48.37202137,15.60933414,232.8
49.14155434,15.89275025,459.9
47.61247581,16.72136317,160.5
47.9476413,14.48197658,657.9
47.96792757,17.94642702,106.6
47.84796408,15.093046,977.6
47.63835701,16.13630357,494.5
47.82758434,15.77294471,758.3
47.48984878,15.95879265,1029.8
48.41235221,16.94376374,144.4
48.7693507,17.33034871,262.8
47.60663651,18.17766482,152.7
47.05519298,17.05074642,166.8
48.43585409,16.97513208,157.1
49.17069757,16.77719722,238.6
48.22134501,17.38023887,121.8
46.92960377,17.15085872,167.7
48.51308562,15.43408647,601.6
46.98922569,16.6507431,219.3
48.35068013,15.44998974,666.6
49.30219783,16.50961616,270.9
49.30000593,17.69194652,364.5
48.95080386,16.63806266,276.7
48.83277776,15.62778791,471.2
47.18968035,16.9039467,160.9
49.01097745,15.29343327,617.2
49.00037106,18.08007579,503.8
48.95740542,17.61548669,280.7
48.76109868,16.40292686,179.2
47.55259183,17.88531554,140.5
48.24315291,15.14162152,583.8
46.94348009,16.10239308,347.5
46.83472112,16.94471412,184.5
48.69125567,16.69856379,214.1
48.02833326,14.89876629,478.1
48.71958749,15.84862274,325
47.54169497,15.593398,706.8
47.26589054,15.68672214,664
48.67903373,15.46371972,503.3
48.44332013,15.39121058,605.8
47.89674547,16.86466188,115
48.10124227,16.97441923,239.7
48.30398939,17.43311537,156.7
48.93695389,15.59875481,470.5
48.91029113,16.61075968,167
49.10697601,16.56075479,262
47.59995838,17.65684555,130.9
47.8392273,17.13628799,118.1
48.58823532,17.54966116,234.2
48.91080956,15.72848863,435.1
49.33679882,17.55678616,216.9
47.33314439,17.52211189,156.5
47.89546022,14.39791503,980.4
48.86529171,16.24199036,196.3
47.52078293,17.1300142,123
48.38508151,15.39525641,678.9
49.0559352,15.03266022,523.9
47.32886999,17.72136761,268
47.22102498,17.94102682,379.3
48.58689161,17.10833183,186
48.46578246,16.94144203,147
47.60048925,15.57837867,1166.6
48.63285377,15.74887795,429.8
49.56830846,15.91153294,560.7
47.12818994,16.46911112,225
48.26937695,15.6521007,278.7
47.26537302,16.92858461,151.2
48.80127564,17.04985801,155
48.55307033,15.56881048,591.6
48.6554296,16.65125945,191.8
47.96375907,15.77788831,793.6
49.15877711,15.35773267,674
47.88308878,15.66342762,754.8
47.22759648,16.47438524,286
47.56367567,16.23502308,622.5
48.01307273,15.4851595,561.4
47.94645859,14.87908401,428.2
49.33848199,15.53290396,639.6
48.97474328,16.64952039,189.6
48.85830654,18.32582099,400.4
47.92241289,16.82525546,110
49.34074799,15.31048452,650.9
47.74403592,18.40780943,126.6
47.56502768,15.68862508,1108.8
49.0553574,15.853086,446.3
47.19172078,15.65870416,417.7
48.22656369,14.21598134,279
48.75591081,18.16573712,246.5
46.91352757,16.45861932,269.4
49.11354279,17.13698082,258.1
49.5441446,16.3331371,457.3
47.19834937,16.77105756,177.4
47.43645283,16.17873481,607.6
46.94757132,17.39219735,212.5
47.50707424,16.04895268,887.8
47.95684847,15.19166253,574.4
48.13815203,16.21763839,286.2
48.57920103,16.65040124,204.8
49.04128868,16.973935,222.1
47.96217565,16.29621349,221.8
49.45714356,15.71503425,533.3
47.60198858,18.07935593,131.6
48.62894815,14.34714733,598.2
49.51205496,15.92164847,554.7
48.14280431,14.94792247,368.8
48.2183239,16.3465913,195.2
47.32626079,16.40574846,535.1
48.83670186,15.95911552,385.6
49.16102019,16.86917003,233.1
47.92600796,16.4652349,210.2
48.33654495,14.92013596,805.5
49.19598853,17.755403,359.3
48.66073287,14.81639352,749.5
47.35541958,14.90687366,1384.8
48.88558929,17.3264032,200.2
47.79008686,15.99472155,541.2
49.15602062,16.03906902,456.6
48.73024384,16.68167142,292.9
48.57563473,14.29479327,899.5
49.48596242,16.21655472,554.6
49.31997408,17.70572119,535.6
48.55019738,17.94392212,220.6
46.97300799,16.88073278,226.2
47.3958491,14.88647891,802.9
48.97094369,16.95504627,223.9
49.2640972,16.21959663,569
48.45861383,17.95325497,184.9
48.64616719,17.5931555,487.7
47.52730585,15.74325282,1089.6
48.76774448,16.84261548,161.3
48.2688386,18.5389724,169
47.67388667,16.41141246,524
47.06620082,17.27507516,159
48.91262842,15.97374245,363.3
48.32865011,16.55945775,156.2
47.40401836,16.39468324,391
47.58756604,17.05136029,117.2
48.01849065,16.18370656,257
47.97885544,17.21845523,124
46.81159721,16.07438044,258
47.11250821,16.23791934,297.8
47.55978628,17.48972876,123.2
48.95679206,17.61777676,284.3
48.33629342,16.82002548,144
48.11300752,17.27427282,128
48.22132325,16.22974874,327.3
47.71956383,15.77627454,1521.1
48.68114204,15.55328356,419.6
47.4995378,17.8958724,156
48.96204485,17.58208293,286.4
47.81230638,15.65711883,1371.3
47.68882131,14.43772123,864
47.99181216,14.89255911,663.1
47.18209017,16.73110491,186.5
47.79235082,17.17903222,113.4
48.07311324,14.7168757,330.3
47.19364006,17.06445121,157.9
48.11956639,15.54015491,294.6
48.8726389,14.55360321,471.9
47.24419912,15.09794913,1274.1
48.20628244,15.56941146,285.8
47.48368587,17.50960112,137.8
47.89354351,15.63268896,579.4
48.56194991,15.84510816,288.5
48.0169991,14.43262527,397.9
48.22494746,18.24223381,209.9
49.38644602,15.79902525,629.1
47.37500993,14.81961185,1004
47.69227696,15.00850295,794
48.15233605,18.06707578,120
47.20557827,14.90037504,978.9
47.58275979,17.16587492,117.9
48.09706204,15.61099647,341.1
46.98418309,15.49590117,325
47.38975246,15.80339891,861.3
48.80200049,14.95156371,478.8
47.36444335,14.64544379,2049.6
47.73579879,17.14905953,113.4
48.23039406,16.80278545,143
47.69572669,15.40220112,1420.5
48.61506686,17.09109513,187.5
48.33911218,16.73074094,163.4
47.39319546,16.75544571,176.4
49.01213161,14.59861584,530.8
48.42720435,16.56966691,215.5
47.97232294,17.70350282,111.6
48.4149034,16.71138183,263.9
48.64563799,15.28697319,584
46.94311612,17.07100939,118
47.34500531,16.57816998,252
47.97678547,14.52481293,632.9
47.88713167,15.77588388,806
47.57930215,14.43133064,622.7
47.96875617,15.2162416,471.5
47.46208074,15.92530777,839.2
47.49182541,16.44830207,356.9
47.21675461,16.39204136,310.9
48.67682879,16.39439904,188.2
47.55992503,16.76773231,172.5
47.30781098,17.58505138,199.1
48.68361492,17.79515749,169.7
49.42606644,15.35672772,643.1
48.07646175,17.62984352,117.6
46.96927872,16.45386088,202
49.01586061,17.17555689,235.9
49.58234297,16.27939022,588.6
47.33229715,17.41175804,131
47.80553693,14.38733178,653
49.44146096,15.36405535,625.7
47.34617385,15.29573127,826.3
47.13966588,17.06513026,134
48.74484,14.99415274,546.7
47.75071432,16.68288391,114
47.6642658,17.64650889,117
47.94712381,14.73929856,566.8
48.97069796,16.74505711,249.2
48.29201819,16.59356484,160
49.20139643,17.20671582,352
47.64735824,17.0135748,113.3
47.95700754,15.16019342,388.9
49.25051561,17.68365198,281.8
49.53505776,17.19202412,214.7
48.39630777,15.3192333,531.9
47.22523126,15.45941086,782.4
48.2081088,16.93526488,139
49.56675919,15.78974491,506.9
48.50772621,15.96172389,270.7
48.7946176,18.26551007,352.2
47.9664235,14.59036209,542.6
48.85509243,16.69452831,195.4
47.62506046,17.104343,115
49.125655,16.27267209,345.8
47.36503409,15.70115098,660.2
48.63851548,16.52020445,258.2
47.01370916,16.76576717,238.6
48.71343463,14.37384642,640.2
48.2146755,17.66492441,116.8
47.95047215,14.49417674,859
49.40401026,17.06588632,333.8
48.63330149,16.35542596,292.9
48.0672427,14.63087136,352.7
48.3472108,15.82210444,182
47.75329843,14.40807577,1057.9
48.31792217,16.16135307,169.3
49.30609689,15.3291613,592.8
48.53962231,14.80144071,955.1
48.65541833,16.40111968,254.8
48.68853682,16.04681753,238.8
49.14961336,15.32058307,688.4
48.83222363,14.80187242,499
49.49305725,16.85985305,633.6
48.44165718,17.63171938,159.1
49.09686581,14.96558658,492.7
47.93559733,15.43460754,964
49.15671806,17.48113127,232.9
48.75073327,17.95437294,320.8
48.26686709,14.60539094,277.4
47.75762604,16.19685845,315.4
47.46181206,17.16704837,128
47.63604727,15.75663323,1335.9
47.43848584,15.52243082,736.5
49.00120445,16.07800753,381.9
47.76814113,17.05830744,115.4
48.53956252,14.52745113,682.9
48.44197486,17.11197571,206.2
48.26205553,17.24746802,133
47.89876295,16.62020237,277.7
47.69528406,17.02689391,116.1
48.7121799,15.07490425,613
47.79204799,16.28359123,269.1
48.98991014,14.54588432,482.7
48.99477478,18.1008384,243.9
49.23512164,16.06178053,460.5
47.99566907,14.8612315,687.1
47.80479675,15.51361161,1192.4
49.34479314,15.14989866,671.3
48.52210864,18.01057174,175.7
46.91376974,15.51808448,386
47.88133111,16.69109058,113
48.71575281,15.38687656,565.1
48.98242856,14.75978042,435
47.4608373,15.21802992,1098.7
49.20809996,14.95135956,552.8
46.85535083,16.00132524,312.7
48.05108054,17.38202362,121.1
48.18191221,16.68901094,147
47.31910426,17.69861881,247.2
48.40286377,18.50981838,720.6
48.3607213,18.40730046,217.7
48.57682038,14.90950801,747.5
48.53380855,14.99445241,778.8
48.02967944,18.49949252,167.2
47.77970363,14.35666407,1172.9
48.33093768,16.68662489,162.3
49.26597815,17.83543981,320.9
49.11914396,15.47530844,511.1
47.31869288,17.78806612,423.3
48.03133597,16.93412934,171.5
46.85256041,15.83897113,301.5
48.41700065,18.30223512,232.2
47.29905283,16.11236722,453.4
47.11092733,17.32535487,169.8
48.77027394,16.54082942,206.5
47.65037413,16.23769001,475.1
48.81635249,17.02012421,188.4
48.1808429,14.93201469,346.9
48.98180539,17.06996731,196.6
46.8779689,16.6264513,220
47.70619342,15.9234851,705.5
47.71914321,15.40956324,1449
49.44604328,15.67576596,524.5
48.69495196,15.0926991,630.2
47.94467085,16.41966906,198.5
46.872868,16.46793041,275.1
49.19271528,16.73121199,243.5
48.70841947,16.45231091,195
48.5210105,16.29190191,269.5
48.96823127,17.01193718,196.5
47.72698534,17.18912441,116.3
49.55086726,16.92051881,369
48.91734892,17.63370888,375.8
49.08753128,17.21738064,442.6
49.19361573,17.64995648,346.8
47.65972819,14.96234056,1118.8
49.3752549,17.43722492,196.1
47.63254476,16.69445559,175
47.85979211,17.2960497,116.8
49.06815901,16.57871361,220.3
48.38358002,17.08838515,197.9
47.12655627,16.80036714,175.7
47.58715786,17.63531152,259.2
47.38389761,16.50266879,558
47.21125699,17.75154096,465.2
48.63295392,16.32850405,338.3
47.85017306,16.73180877,110
47.42552015,16.86722139,165.4
47.21810946,16.43083757,312.1
49.55557098,16.24611739,643.3
49.23280132,16.10415554,412.8
48.37059416,17.39166853,181
47.43662234,16.38020684,437.9
47.70473187,16.56229058,223.5
47.40859243,17.47029387,125.3
48.88077366,16.06542758,305.9
46.91556754,16.08278731,306.3
47.29721114,15.36708954,701.2
48.83135556,14.41138938,561
47.53535399,15.89305919,1346.9
47.44516767,15.70889122,764.6
47.15679468,16.16339744,251.6
48.330509,15.82734357,183.8
48.18783061,18.09097772,141.5
48.10162722,17.70925192,109.2
48.28186829,16.47259573,156.7
48.47667411,15.07648707,765
47.68500285,16.46706196,339.5
48.03605521,15.66052689,537.9
47.50185807,17.19393631,122.3
49.56923059,15.65111881,479.2
49.3329034,15.10103752,590.8
47.71842397,14.89586787,1186.8
48.6580322,16.65434278,199.2
48.43869961,17.70972257,141.4
48.01477322,15.06115989,557.2
49.54776368,16.42440208,554.5
48.91243563,17.07308637,185.8
48.68425648,17.73707663,295.8
48.12703552,16.43410379,176
48.94652006,15.88631547,442
47.65078669,15.16774962,1106.2
49.0308918,17.09020557,232.3
48.83338287,16.03223692,278.2
48.61746576,17.90247762,273.7
48.63373804,16.75041886,173
47.60631576,16.10685958,652.5
48.61052426,18.40586798,349.6
49.27418982,15.1133565,582.5
48.35490538,17.05013291,185.5
48.60267836,18.0715771,285.3
48.03943053,18.3761551,185.1
47.83586746,14.48208914,732.4
48.69118464,17.508293,448.8
48.28013474,16.84077586,152.9
46.92591338,15.44992419,317.2
47.82823431,16.79241383,110
48.99450086,15.34941891,519.3
49.02265759,16.00177856,389.4
48.5625204,15.73920194,439.8
48.39678968,18.48979021,655.7
48.76527302,14.607649,697.5
48.72196129,17.05515856,178.3
47.14505292,16.58378555,208
49.00338088,18.16586393,232
47.81627683,14.87178307,641.5
48.00566277,18.27228087,121.7
47.79876098,16.7961797,115
47.44902833,16.70657013,189.7
47.62002568,18.2005278,152.5
48.99247846,16.11574312,337.8
48.95127703,15.00676067,525.4
47.70645585,16.7165445,110
48.22108734,17.10034238,415.5
49.47656043,16.90549309,542.6
48.44786686,18.34930837,322.3
48.57046565,15.9547381,276.7
49.5336544,16.9600922,341.2
48.03284128,17.27837987,126.5
48.42160452,18.5127783,727.6
46.91121549,16.33762764,255.1
48.27656371,14.27978389,272.4
47.94509137,15.89662927,762.8
47.80031146,17.33897251,113
47.42446054,16.43752182,411.4
47.25543541,15.68164262,603.2
47.57129339,15.44380045,1119
49.00792643,15.1348655,618.4
49.34029264,16.21083457,531
48.39385948,16.70865832,169.6
48.90075925,18.20773742,456.6
49.47021496,16.08801739,532.6
47.43056041,16.41884987,396.8
47.64810677,15.0221047,1128.2
49.18985718,15.12006351,560.2
47.74608468,16.1651125,332.6
47.74310581,15.7258598,1305.8
47.42866417,15.49864064,1063.1
48.34565507,18.29831846,175.9
48.16326689,16.88521878,139
48.46473381,17.65935839,151
48.6052284,14.73977331,953.1
48.5839008,16.72646258,252.5
47.14925012,15.15260488,668.4
47.75567894,17.88099017,109.3
46.91018175,17.2219736,245.8
48.19901426,16.59193629,152.2
48.07932858,14.23710437,376
47.810798,16.50580309,163.8
48.15295064,16.63049923,154
47.83682317,16.68020207,112.7
47.96400051,16.01980715,524.5
48.17425221,18.27587107,133
48.09052808,16.48110536,182.9
49.40713803,16.59828933,385.2
47.09682934,15.95664166,287.9
47.55903199,14.87470908,792.5
47.09378942,17.18342409,143.5
47.35324985,17.80816724,353.7
47.39777266,17.4516209,130
47.97080991,14.41136093,604.8
48.26200527,14.26016184,281.8
47.68969461,16.17501997,424.4
47.78020844,15.53222843,1323.8
47.65929359,18.17755698,143.4
48.64840634,16.72809215,184.4
48.28547646,14.80320201,429
47.89418652,17.05514381,151.3
48.16207225,14.61081061,307.3
47.88296525,16.03254808,489.2
48.21255671,17.09046714,358.9
49.49986078,15.86327077,590.7
49.52990508,15.48554934,528.3
48.74202916,17.91256258,350.6
48.49703209,18.44515092,441
47.26109505,16.93865877,153.6
48.22169501,15.13717337,341.2
47.26087549,14.83463707,684.6
47.30744514,17.57981224,191.5
47.42392004,15.38949529,894.1
46.97429922,17.12763434,188.6
46.97775994,16.00766873,270.6
47.23595687,16.39292264,290.7
48.10693325,14.71392759,363.9
48.99428907,18.18636984,230.1
47.13707867,17.73600241,344.6
48.8350626,17.47375026,398.6
48.9051272,14.69922292,500.4
49.57394581,15.65061281,470.4
47.23598299,16.38794754,276.9
46.8813265,15.82293303,292.4
46.98289465,16.40238317,242.5
49.09214471,16.82252612,251.8
47.89734745,14.9112047,777.9
48.22559297,17.32080897,167.4
47.5217319,18.11686452,180.9
47.67500023,16.02084695,559.7
49.62153571,16.49571908,525.1
47.55372023,17.62769219,140.6
48.20778366,16.7380328,143.2
48.43570719,16.48309834,247.4
47.02364952,16.77450969,239.8
46.94151577,17.40898245,203.9
48.58411652,14.55677385,721.6
48.71612384,14.53691202,602.4
49.31641481,16.48348621,360
47.67296131,17.11654115,113.3
48.78312602,16.69214372,191
48.32993095,18.10547007,211.8
48.04462629,15.06185804,460.6
47.19516826,17.24996189,130.1
49.08416523,14.65856155,443.3
48.09731512,15.38507368,315.6
48.49853013,17.16926233,204.1
47.55496636,16.44693834,280.8
47.72857184,16.12840171,345.5
49.46877789,17.42082879,223.3
48.65250245,16.57046025,293.2
47.03236342,15.76344434,317
47.08631896,15.39199505,570.3
47.46056408,16.54882037,270.5
48.38288841,18.37681069,181.6
47.71774166,15.2822926,1215.2
47.14815624,16.33476215,300
47.27050972,16.26062555,360.7
47.6103762,16.52767918,326.3
49.34234023,16.2467366,465.1
47.79609397,18.43233962,105.9
49.50963442,15.77257133,562
47.36805543,17.12360028,149.8
48.51774761,17.86424592,345.6
49.38210879,15.36334243,603
48.05492084,17.12171139,131.7
48.51722396,15.12972587,696.7
47.71517334,14.52839436,765.1
48.53892121,18.12179009,174.5
48.17057529,15.80631699,411.4
49.02984489,16.65904455,265.9
49.02397292,17.51693045,257.4
47.4479766,16.63467914,259.7
49.29688834,14.96157726,552.9
47.458719,16.86560754,157.4
47.39409562,15.92669425,646.6
48.64601343,14.65950326,845.3
46.96595566,16.55708547,209.2
47.44915041,14.84409857,1560.1
49.08855372,15.38407603,488
48.02969496,16.7012367,159
48.31669502,15.39703636,437.1
48.64119599,15.71311661,311
48.58576455,17.52891348,306.4
49.31720303,15.42894808,560.7
47.24149778,17.94108677,395.1
47.89435884,16.09376886,455
48.22652331,16.65769654,148
47.60989584,17.82645413,130.6
47.96865088,15.42061013,695.4
48.90165974,16.31578936,245.6
48.29926467,16.1042915,170.7
49.44186827,16.21516797,502.8
49.06178031,16.42319414,262.2
47.8734288,15.45802794,697.2
48.40594823,14.30833766,777.1
49.47612814,16.33733941,410.7
46.87953992,16.41009473,275.1
47.34089203,16.21823131,382.4
47.80456107,15.6225132,1132.7
48.10081786,15.07268372,327.8
47.35272149,16.00735565,473.5
48.12381093,14.72907592,334.4
47.5001345,14.75717908,1236.1
47.66345579,17.66612477,127.3
47.45187108,18.11270751,234.8
47.90778227,15.01990834,911.5
47.97682125,15.65427019,815.7
48.98261685,15.24101183,547.9
48.70986711,15.1081197,576.3
48.87424827,15.07083854,565.5
47.1744431,17.08092798,133
48.84831981,17.0885865,160
48.00467046,15.7945308,498.5
48.39207913,16.64294381,179.8
47.87060386,14.50431512,729.9
47.85544924,16.29806612,248.1
47.429345,17.41244001,120
47.97309839,16.69063149,328
48.03481532,14.48867113,447
47.23476491,16.81074204,174.2
48.68168776,15.29702644,597.6
47.01699955,16.05134285,253.9
47.11658767,16.19825191,291.7
49.05410722,15.09453273,608
47.2696522,14.91447771,591.8
47.88295447,17.09407227,119.6
48.88828047,16.23180531,232.9
48.39542024,16.43779165,327.4
47.21472441,16.97330998,197.6
49.0475362,15.45432307,511.3
48.04116428,16.03750633,465.8
47.09844981,17.4948027,197.7
48.52268292,14.3403238,789.1
49.2077805,16.2888453,483
47.58518964,14.83406067,996
49.0070131,14.60008718,532.1
47.42301565,17.35391798,116.5
48.66079074,17.18508305,223.8
48.67075463,17.78046908,169.3
48.49694614,15.32271951,739.4
49.36808033,15.71270836,451.8
48.41254278,14.22175114,632.1
48.04004558,17.07169465,131.7
48.59820977,15.35851758,498.5
48.84510502,17.61182493,686.2
47.08843005,15.24324518,483.5
48.08344566,16.36076426,177
48.99714937,15.42390733,542.9
49.20287064,15.62757178,648
48.74901346,16.21703517,204.1
48.19269733,18.2628676,174.4
48.24920356,17.84749451,118.7
47.76058841,14.40049937,1019.7
46.96718573,17.13297384,188.7
47.70048631,15.32004096,862.7
48.23910452,18.43132228,189.6
49.51781395,15.60521211,535.3
48.18825059,15.30806738,484.1
47.59820684,16.67486713,190.8
48.32346649,15.04561861,813.6
49.26270084,17.74156096,339
48.17451657,15.91155226,447.2
48.03586487,14.28688027,416
47.11896736,16.00884878,333.4
49.42376771,17.16357504,219.4
48.28219223,18.18520866,157
47.00660624,16.13634794,238.6
47.5810238,16.03442537,838
48.52479484,15.86343497,295
46.916809,16.83829717,202.1
47.24502241,15.89252988,341
48.30024948,14.77979992,493.2
48.08425951,14.83146848,297.1
49.01267304,16.87177696,229.8
48.07482551,17.14826534,129.1
49.50191697,15.57257501,572.3
49.52144454,17.25222616,225.9
47.23107326,14.94037699,956.5
49.40375249,16.40801528,382.5
48.24056355,17.52666113,117.7
47.82059562,18.33983701,143.6
47.19092923,15.90211281,356.6
47.50008807,16.7033099,228.4
47.32804027,17.96072377,276.2
46.97578722,16.99056947,152.5
48.77275915,15.27035603,525.9
47.07334598,15.86826251,373.2
48.20277813,16.94948127,139
48.6264799,16.68350704,212.3
47.97103692,17.30489144,123
48.30338345,18.53672538,178.1
47.40581557,15.6178829,1207.4
47.58007634,15.29231503,1247.9
48.30054493,17.06177686,319.7
47.522359,15.65410084,1222.7
48.76259865,16.71362343,192.1
47.27433427,15.39880641,710.1
47.78359826,16.44697612,190.4
47.99760648,16.97910843,140.6
48.45587335,14.92160708,866.1
49.43416714,16.56450764,330.4
48.11462488,17.44084908,120
48.20033692,16.29329911,234.6
48.94254798,16.0186162,352.5
49.56231272,16.64450147,486.8
46.84575016,15.69273923,390.8
48.48892414,15.47457829,452
48.32716972,14.40215922,340.5
47.74947416,14.3286702,962.7
47.40670863,16.51743848,284.5
48.34219048,15.26500744,508
48.64588341,17.24895602,198.7
48.7627371,16.56652186,248.3
48.22046088,14.52947981,251.9
49.11757922,17.77101117,275.2
47.88744524,16.46509451,329.9
48.32564759,14.45138215,312.3
48.45198835,14.88913697,816.7
48.56685894,16.08424012,235.4
48.26460561,15.63604738,275.3
48.62102142,16.33091528,315.3
48.88281811,15.47938015,443.2
48.36594004,16.05680369,173
48.81245384,16.4775533,171.6
47.42008651,15.72109188,999.1
46.85678695,15.70413026,341.7
48.1711586,17.11551892,249.8
49.23968315,15.95166716,476.6
47.96550002,17.25464491,123
48.1935443,17.28383364,127
47.0213673,17.59542223,303.7
47.16785094,16.3666812,291.9
48.27496004,16.72119106,149
47.98776626,17.58008755,115.6
48.21953251,16.50652869,156.9
48.58890199,16.34255327,309.9
48.91734334,18.18463447,502.5
48.36746375,16.79011128,151.4
48.89816036,15.15275047,593.1
47.92387277,14.27916004,852.1
49.51524942,16.89770674,518.8
49.61504008,16.08201519,801.6
48.93685333,15.10926138,586.9
48.72288507,14.96490082,584.7
48.53472906,16.32267224,337.3
48.78183215,17.53945204,436.3
47.77631601,17.83024226,107.9
47.7371486,18.01344397,124
48.41869587,15.85061116,182.2
49.15338148,14.93770359,528.9
49.04302975,17.69727134,216.1
49.19565529,14.80199594,453.6
47.77555124,15.3253363,995.4
48.8943879,17.99514136,203.4
48.03480428,17.43649864,120.1
48.10193296,16.05851424,558.2
48.5006082,17.86504418,419.8
47.27383244,16.10755611,417
48.1459226,16.78440067,142.4
49.32259601,15.76317842,489.6
49.15734226,15.29981735,604.7
49.02064442,15.84808276,407.4
48.99322613,16.8484652,315
47.56049921,18.28890468,178.3
49.41371312,16.11389017,542.8
48.31937896,14.45221571,319.4
48.96098046,16.48793442,188.4
48.39749356,15.06335853,941.4
47.38857249,17.1431832,140.7
49.34827091,15.72215575,542.5
46.87340551,15.79214851,309.1
47.05861338,16.1481171,288.7
47.36138166,16.9237748,149
48.95403174,17.61004251,292.6
47.28814311,16.67229886,217.3
48.06936977,15.43333662,494.2
47.37715367,15.65669045,761.4
47.94620375,18.46041424,243.8
48.09920193,16.44712005,164
48.76373283,17.17703236,218.4
46.8434239,16.97961988,191
48.67566732,17.26595687,178
47.49697789,14.76265739,1277.5
48.67741207,15.7658656,404
48.8169745,14.66086059,503.2
48.97588679,15.78613575,451.5
48.34336695,16.96126918,144.7
47.38773929,14.94009976,629.9
48.74771883,18.23417911,202.6
47.57106697,17.7154039,125
48.49625404,16.34773076,302.4
49.02979252,17.206905,251.6
47.22397346,16.85821386,166.4
48.73836348,15.52487226,516.1
48.47977681,17.05573414,187.9
47.76418474,15.99208324,721.5
48.92752963,16.61192376,167.3
47.29882817,16.61009226,232.9
48.01280505,15.57512034,424.4
47.26930363,15.70516303,506.2
47.8217319,15.50759737,817.8
48.98948457,15.64675662,466.7
47.83224501,15.08587281,1408.4
47.29349783,16.12192116,417.8
49.2944578,15.80879982,547
49.0623286,18.06334743,692.3
48.49113225,16.9164685,145
47.45530329,14.63183982,1137.6
48.78005464,16.14821594,209.9
47.39477871,15.21457679,640.6
47.71989597,18.37351851,235
48.42502695,17.83108372,176.5
47.54325119,17.08334764,122
47.45099694,15.53062654,1027.2
47.61767676,16.94946049,115.3
49.07592779,15.78286701,501.5
49.087655,16.13361148,379.3
47.31310917,16.6358811,233.2
48.60225675,15.0994884,572.7
49.02787404,15.10524484,587.8
46.93031607,15.77904097,375.4
47.08853197,16.30173612,219.9
48.53758809,14.47605849,688.3
48.35195037,16.39313186,216.7
48.0577608,14.50826582,360.3
49.1709184,16.5015407,276.8
47.21419815,15.53668523,750.2
49.06436069,17.84663097,355.2
47.76739584,16.94697116,119
49.50997246,16.85375902,626.5
47.80344863,16.33243994,286.9
49.52749639,16.86311042,587.4
49.05348433,17.70302672,272.5
47.35083922,14.64793118,1309.1
47.47213933,16.40736586,372.9
49.47518324,16.03263225,570.5
47.75823367,17.53609235,112
48.57264703,17.23072838,240.1
48.35746057,16.98200457,144.9
49.51525436,16.50069661,515.7
48.46968799,17.07663868,194.8
48.74438838,14.70032795,617.8
49.13373329,17.77143591,326.3
49.34585988,15.82000877,614.8
49.61604111,16.19019222,571.7
48.99865663,18.07217747,562.1
47.25640119,15.73305807,542.9
47.63345511,15.84139201,847.7
47.41112678,15.76697555,1074.5
48.69802675,14.79240673,661.7
48.33984314,15.07925431,891.2
47.54961224,16.44220312,279.7
48.384004,16.46786143,220.9
47.61249288,15.48587656,1233
47.92718305,16.09116441,330
49.36868594,17.67165694,362.1
48.68341398,16.23733049,200
48.49869697,14.31950677,725.7
47.16841107,16.78882475,177.5
48.92305718,15.43729363,528.4
49.05525994,15.66561627,503.4
47.31649553,15.62543116,803.1
48.50874859,14.87176432,925.1
48.40994278,16.19359755,207.6
48.43879675,15.54576242,445
48.91325014,18.16119143,263.9
49.08083656,16.78791255,217.2
48.30494445,18.07640179,153.6
47.33416951,17.11436148,163.8
47.99507261,16.04484632,380.1
48.25382997,17.07291278,332.4
47.40682054,17.84659721,266.8
49.49106191,16.51708973,395.2
48.04361919,18.21243605,117.7
47.80137259,17.01284789,118.2
48.45884491,14.30019088,783.9
48.04660192,17.08577355,132.9
49.34835265,17.57433547,231.5
48.89733115,16.20799532,194.1
49.34319288,16.1067984,577.6
49.35643903,16.87643711,496.5
47.89180516,16.89797784,122
48.3201028,16.72930708,153.3
48.26021796,14.88953423,463.5
47.93572186,14.43492956,518.6
47.00843047,16.51900466,196.4
47.83140038,15.63868967,947.9
48.79257943,16.42118575,176.2
48.54351012,16.08177457,241.2
48.08348427,17.19590822,134
48.02919478,14.69349272,356
48.82210348,15.42287722,553.1
47.56820239,15.26368864,919.7
48.33451494,14.78496267,597.3
48.94260641,14.83062624,470.3
48.12981759,14.55279677,315.9
49.5599201,16.35040989,581
48.90047429,15.63830177,461.7
47.65272218,15.06327931,1278.7
48.51272509,16.93008241,145.4
47.57934736,16.75785278,148.5
47.09815104,17.68322055,480.1
47.37035608,16.12237863,390.9
48.74648672,18.27455349,250.1
48.72111273,16.38430117,183
48.29045922,16.93690395,137.1
47.56298168,16.54767029,287.3
48.73478847,15.78662119,433.9
47.19598785,17.60942119,338.3
47.82835662,17.422247,115
48.2722056,16.56013234,153
47.64819433,16.47897354,472.1
47.91332978,14.99582258,784.7
49.01910661,17.63544421,204
48.29360375,15.98998977,177
49.52594972,17.20561897,208
46.84551596,15.83548825,283
48.28799902,14.28794183,276.1
47.5204857,17.0940903,126.5
49.22135849,15.95922361,463.7
46.82892017,16.42575193,257.1
46.95606894,16.44133304,200.7
48.33916441,18.10273309,390.1
49.55519364,17.03716364,319.9
47.34356168,16.45784254,649
48.12584249,17.60782044,114.4
49.57725435,16.29327584,560.6
47.59036298,17.04174077,122.3
46.94839284,17.34902792,195.4
47.09181969,16.9642208,185.6
47.68334814,16.29376739,626.3
48.11172422,15.95280935,524.6
47.1913401,17.15663679,139.4
47.66061524,17.95793772,157.2
49.20250431,15.8758825,459.6
48.0701637,15.58150263,510.8
47.93718973,16.03533294,676.3
48.38434813,17.91616105,207.6
47.20384638,16.48130139,295
47.47383429,16.74061104,192
47.03175277,17.3254014,174.1
48.31655501,15.87356872,181.1
48.29613032,15.82535501,235.2
48.15544631,15.02787139,289.8
48.11403241,14.71311883,383.9
48.9083301,14.94291813,474.4
48.85240402,17.28197266,222.7
47.30519801,17.82419319,395.3
47.53416659,17.47384755,122.7
46.88918196,15.51546352,296.9
48.30764922,17.65435025,128.2
47.85310925,15.70443794,699.2
49.40130897,15.19549215,586.6
47.23886761,16.29308916,273.6
49.47881484,17.00158985,330.7
47.17654804,16.49843272,289.3
48.6003742,17.28502508,242.7
48.63685276,16.29643341,234
48.19777789,14.74639005,236.6
49.38053007,15.94354772,514.9
47.98741015,17.82087391,108.4
48.56093661,16.27207734,337.9
48.33253198,15.21452912,645.5
47.61661957,17.36729122,110
47.98510979,14.50847156,532.7
47.87488894,18.27967613,168.9
48.98260172,15.59017941,446.5
49.27002414,16.75596279,438.7
47.28821115,15.90787482,539.6
46.79044011,16.27711112,272.1
48.32446651,15.24396495,596.5
48.04182344,15.61460005,365.2
48.49015793,14.65872196,854.5
47.12275136,17.17409665,142
47.90015333,16.57594925,303.6
47.75613465,15.34744277,906.3
47.60266337,17.81039055,135.4
48.39212688,14.69596481,715.3
48.91096168,17.58596589,447.9
47.74964464,18.38352416,102.1
47.60495453,18.14808764,141.2
46.91751374,16.96107188,133.6
48.55871888,15.33950316,644.8
48.95131127,17.28935773,206.1
48.40730027,17.72899791,136.5
47.87299356,17.53015101,118
48.29426077,15.86267869,239.7
48.24071945,18.22525538,192.7
47.47724687,17.71872376,255.5
48.92772972,15.44643274,538.9
47.23215483,14.99086079,1563.2
48.47946,15.85568261,293.3
47.68893464,14.51450069,962.7
48.43000331,16.93981095,146.9
48.1024989,17.95194563,109.8
47.37849021,15.89514576,842.4
47.16573498,17.78707999,420.1
48.72516443,17.86290314,170.9
48.74786016,15.7822627,470.2
48.15969537,18.31427302,168.6
47.33969849,16.85280119,155.8
48.06039562,15.41223109,661.2
49.13767489,17.39089044,357.8
47.18525277,15.93894865,382.2
48.412185,15.26944487,777.8
48.91406097,17.297567,165
47.72436228,16.25163009,352.5
47.38841223,14.78088942,1214.9
49.45960484,16.89865378,599
47.41902731,15.67386687,1062.3
46.94389754,15.40604436,362.4
47.65613599,16.90200825,115
47.14649724,15.7130984,429.7
49.39732526,17.61879887,312.3
47.93091869,16.098849,332.5
49.26735201,15.35119276,698.5
48.85910063,15.2131497,540.8
47.49575107,17.26216515,120.7
48.86192096,15.42241907,479.6
47.7104163,14.80958132,522
48.1457523,17.68402743,114.5
47.87172777,14.28943881,803
47.52994156,15.5541522,719.5
47.530736,16.80468007,199.3
49.18190814,16.69501576,268.9
47.34422621,15.72175214,695
48.34953308,16.21585451,171
48.90238035,17.01439693,220.2
48.84790809,15.35374462,600.7
48.220371,15.92310425,222.8
48.24288703,16.94286431,140
47.46322105,17.75559542,225.2
47.93559126,17.16143994,128.4
48.75508112,16.77812465,201
47.62179832,16.85182674,122.7
48.24936326,16.13333031,368.5
47.98134615,15.67911589,1000.2
49.14445255,16.59225858,232.2
47.52027435,15.52106474,789.2
47.84366264,16.53430125,158
49.22780995,17.09674432,414.8
46.94473855,16.09326306,300.8
47.66480049,15.88633189,754.5
49.1404437,16.69397816,225
49.24770111,16.09929753,414.7
49.26718817,16.7359862,412.4
48.89341963,17.2494123,164.2
47.77345892,15.64180663,934.9
49.48017311,16.36594092,570.7
47.99863852,17.881046,106.1
47.8005122,17.98397354,106.5
48.30976719,15.98275632,176.5
48.03746298,15.65083087,562.8
47.448503,15.45090943,735.4
49.33077099,16.39119958,394.1
48.56938268,17.72054145,176.1
48.00402695,17.54363879,115.3
49.07615906,16.64562496,185.7
48.72114066,16.67017047,267.1
48.74899899,16.79355745,199.3
47.11151335,17.42598426,163
49.01510674,17.1855424,219
49.15767912,15.93605264,523.7
46.95292027,15.60252492,386.1
46.92513719,16.97472599,128.8
47.46337315,16.79751326,184.5
49.16185322,15.55514602,592.4
49.63555374,16.18439321,543.8
48.7851422,14.72961134,534.2
47.40849043,16.05746703,491.4
47.41627432,14.87995158,1553.6
48.72083296,14.68224553,716.1
49.23930627,17.16716146,317
48.68337575,14.55802274,630.6
49.12510762,14.70865744,429.2
47.56547668,17.94002668,137
47.03045433,16.8918215,188.1
47.30431168,17.14546755,135.9
48.40780685,14.52909314,574.4
48.23946539,18.30418015,141.6
48.50377247,15.75226929,366
48.58172536,18.47303581,347.3
48.75240723,15.90517727,309.3
48.77760472,17.0775373,156.7
48.20537936,15.33056922,301.9
48.97289282,15.09437109,591.9
48.63154631,16.29456586,229.7
48.03546146,16.40137575,177.3
47.75610293,17.31784405,115.4
47.62222953,15.26514978,981.4
47.98000546,14.50020755,573.7
47.23184391,15.475948,791.2
47.1702724,17.36683499,155.2
49.06728153,17.70505639,264.5
48.65581488,17.22680981,172.2
47.82312738,14.33754131,702.5
47.7203904,15.93560744,837.1
47.29972548,17.57353539,196.4
47.41612603,16.3372752,414.5
48.81427938,16.72528297,237.6
47.04715971,17.38474327,192.2
48.15246487,15.37711714,283.1
49.07135957,16.39573528,350
48.94818897,16.96951975,199.8
49.29089468,15.34732943,681.7
48.94299411,14.84073898,484.2
48.4100469,17.26100632,458.1
49.37536968,15.90099226,512.3
49.43003787,16.48734542,522
48.20617643,14.7206959,234
49.53457322,16.46815595,600.9
47.35440493,16.4387699,850.7
49.13542924,17.30177907,522.4
48.05714156,14.65994677,324.4
47.44026799,16.42169855,371.7
49.5667093,16.63898187,448.6
48.93276016,17.04702135,199
48.02799291,15.37294744,503.4
49.07858753,17.36272499,253.4
48.54885998,16.47433406,237
47.98514219,18.19546192,112
48.00392611,17.11047144,129
49.2836478,15.72605322,540.4
49.41385767,15.78877304,575.4
48.25551764,18.05728509,171.9
49.38480891,16.16330353,561.8
49.48348001,16.77419437,681.2
49.47582318,15.51701184,653.4
48.04573492,15.7978748,516.1
46.79672974,16.34432802,239.7
47.40534181,16.27162014,651.6
47.54004014,17.33701695,115
48.83406559,18.19462619,280.3
49.43851802,16.76146434,544.8
48.4286132,15.01485413,798.3
48.35791142,15.47253505,608.8
47.66371579,15.34714196,960.1
47.1179041,15.37136645,370.9
48.53817024,18.3055616,268.5
47.27718626,17.6511499,345.8
48.61479202,17.6781362,246.3
47.25017451,15.67723144,612.7
47.5800577,15.17606455,1086.2
48.0962382,15.4805375,336.5
48.31635697,14.52985816,403.7
48.83548953,15.17984906,572.6
46.97227532,17.09696438,130.2
47.00787171,17.10538197,143.5
48.62508938,16.47807039,348.1
47.90379348,17.36735464,118
47.74456957,15.34701571,930.9
47.27945485,16.0167622,360
47.01409999,17.26019781,140
48.4288087,17.87702623,221.9
48.24613548,17.16887106,443.9
49.54021268,15.6710118,487.5
48.40364547,17.36529676,234.7
48.81588573,15.15600801,
49.03376056,16.03732677,
47.49664446,18.06910946,
47.34333729,18.05654816,
47.87565744,17.32405009,123.1
48.75118029,15.26251073,495.8
46.78096489,16.17854834,339.9
48.84298343,17.23542419,184
48.21208334,16.71151841,144.1
48.43410814,16.96363035,167.2
49.6377028,16.422199,580.4
47.2716557,17.77677676,471.2
48.11100762,17.44405046,120
47.36261837,16.82501052,159.8
48.51149151,14.60004091,757.9
48.69155522,18.28149545,239
48.49747856,16.50619725,271.9
47.93781119,14.57815941,664.1
47.4748667,15.80207695,1052
47.38568596,15.8099966,858.7
47.86162426,17.16382734,118.6
48.52532054,18.26728984,321.7
48.45478341,17.40975478,474.4
49.20994365,15.43568374,551.4
47.8179398,16.01353623,982.9
48.13369575,15.16671172,262.4
48.28143185,17.32250043,216.9
47.20966526,16.34952528,295.2
49.11193,15.39332669,548.8
48.92771907,15.53548353,476.6
47.91180752,14.5131524,680.4
48.76786488,17.64825572,288.7
47.60967959,16.65665562,182.5
48.10340551,16.62364419,181
47.46914061,15.38541482,541.7
48.61040945,14.60133905,831
47.93150927,14.97565494,739.6
49.32613595,17.3072947,207.1
49.04584273,16.72481215,195.3
48.08494048,17.14726574,131.7
47.73249426,15.60653529,1105.7
48.4086039,18.19316808,273.6
48.68386146,14.95735746,590.3
49.03310431,17.42513325,185.6
48.04421242,15.94804556,478.9