47.34098204,8.58770355
47.38962581,8.53128671
47.3860647,8.49279857
47.40084679,8.62512784
47.37365774,8.57730723
47.38005215,8.60105579
47.3611636,8.47831717
47.33377664,8.49018757
47.30093914,8.56333289
47.39657063,8.48665457
47.39728539,8.50008819
47.42671974,8.58540917
47.32221438,8.47875803
47.3327266,8.56708356
47.36861795,8.57816761
47.30424711,8.53242134
47.33251775,8.50877094
47.40029575,8.53520821
47.38217042,8.48474311
47.39318864,8.53652924
47.40151198,8.50834578
47.39121137,8.60373761
47.33393592,8.53902664
47.40016562,8.55349864
47.32035887,8.55867312
47.37680685,8.44259479
47.36435184,8.46761501
47.37749009,8.43778916
47.34923967,8.5029698
47.31538139,8.51104822
47.37152331,8.61704039
47.40702286,8.51044783
47.39108331,8.62966813
47.36948102,8.5207954
47.32992201,8.61714202
47.3109637,8.57742832
47.41105049,8.62145753
47.31777491,8.59201674
47.37248963,8.59048979
47.35625005,8.50885128
47.35797298,8.56495886
47.42055772,8.49290212
47.31592125,8.4865829
47.39670405,8.57458256
47.40957408,8.59174398
47.37701856,8.61068722
47.40668649,8.52991458
47.42738578,8.55617581
47.37499253,8.59691158
47.32696874,8.55424183
47.40958187,8.46027031
47.30878025,8.54129269
47.44039592,8.54335865
47.4127381,8.48894325
47.43884719,8.54316807
47.35594428,8.44597721
47.38168796,8.63987112
47.303991,8.58623855
47.37782936,8.58004621
47.41941017,8.47025833
47.39931217,8.4661231
47.33292972,8.45413496
47.31752677,8.56470002
47.40817301,8.59156156
47.30607355,8.49714839
47.43063044,8.52629603
47.31020474,8.55793024
47.36159697,8.44433532
47.37518912,8.46370341
47.35706001,8.59355592
47.35718122,8.6375817
47.361309,8.53490329
47.37102878,8.5629187
47.38324768,8.48809036
47.42820307,8.54775628
47.37735136,8.60201891
47.40713305,8.55706909
47.38993154,8.57336729
47.39674379,8.59917015
47.33036497,8.51568505
47.30653267,8.57279686
47.4302484,8.54548441
47.30115448,8.57045206
47.3922527,8.57551338
47.32562082,8.48880479
47.40910239,8.61895496
47.36187093,8.59738347
47.39602394,8.59448496
47.35218725,8.46986352
47.39874037,8.49131806
47.38817913,8.44138792
47.33043911,8.60325214
47.39514296,8.49581976
47.40667088,8.5672448
47.38417096,8.51571471
47.30631341,8.49891931
47.33334508,8.50157587
47.34766215,8.54745121
47.3269369,8.46271198
47.37019857,8.50630314
47.36419232,8.58681313
47.41228108,8.50485251
47.37487833,8.59617488
47.433675,8.51499929
47.36167129,8.6045095
47.365019,8.53617338
47.36206934,8.5534722
47.3236414,8.57400081
47.37785994,8.62383373
47.34447908,8.48688903
47.37233479,8.6089747
47.38534354,8.46233811
47.34261308,8.5469815
47.36773979,8.5100443
47.33517133,8.53922881
47.39031993,8.62739364
47.42702588,8.55009116
47.41146497,8.47398606
47.40057657,8.62624577
47.37814491,8.51544888
47.43983153,8.52709997
47.33221372,8.4731037
47.41295121,8.51580833
47.30734298,8.51609057
47.4222426,8.60122838
47.39519166,8.56994194
47.39269333,8.58073331
47.30677011,8.58053974
47.36529679,8.51661913
47.31211864,8.48676723
47.42659841,8.60063626
47.40476918,8.59865512
47.3194436,8.48705214
47.37299188,8.58818274
47.38274579,8.63427993
47.37168222,8.52807131
47.43304646,8.57934702
47.36599139,8.54470044
47.39038159,8.55314558
47.35003019,8.56328798
47.37882194,8.59437452
47.35691716,8.4818039
47.35981835,8.55270668
47.43189684,8.50800624
47.33958401,8.51222448
47.41010601,8.49255761
47.35726096,8.59768233
47.35803853,8.571328
47.37678062,8.48378262
47.38549597,8.59496475
47.35588876,8.56568143
47.37781103,8.53632771
47.30941703,8.48204317
47.36226113,8.6077987
47.34882074,8.58949867
47.41679573,8.49253982
47.30669203,8.53557787
47.35486181,8.59417225
47.40763485,8.52447316
47.41760659,8.61131747
47.38485781,8.55826568
47.38709157,8.5552159
47.38826877,8.43978782
47.39748127,8.61954396
47.39163114,8.62827053
47.39159506,8.53216879
47.34277625,8.48213903
47.34699123,8.52911184
47.3745892,8.52523461
47.40502233,8.55331618
47.32909562,8.62063797
47.36081791,8.59390144
47.42963939,8.57394418
47.37109384,8.4757652
47.33074159,8.52012707
47.31985669,8.50504752
47.41416414,8.58013555
47.40637757,8.5507752
47.3967868,8.56383712
47.41632832,8.59734368
47.42549819,8.5336991
47.39003467,8.46475762
47.37601586,8.49497711
47.37186683,8.49700137
47.36128015,8.45888558
47.37980197,8.4611692
47.33082616,8.51016767
47.37073084,8.43268487
47.39112182,8.46141776
47.4019236,8.50230202
47.36816379,8.60215906
47.37511908,8.50143697
47.37828037,8.50774214
47.41237583,8.58206833
47.416121,8.47780372
47.35161524,8.50661423
47.42376411,8.47912545
47.38225162,8.54779777
47.36457365,8.51801205
47.31761735,8.55462061
47.34720908,8.48703873
47.36605845,8.58301816
47.40821152,8.6009214
47.40317353,8.62870865
47.35316732,8.63838764
47.39275833,8.55519904
47.36618782,8.57151281
47.35494676,8.51096935
47.36519978,8.51606311
47.40937582,8.55642452
47.39277575,8.47491821
47.33897912,8.55386343
47.31947636,8.51310963
47.37952016,8.57460011
47.37770404,8.55206791
47.38014467,8.55284671
47.38033315,8.62935417
47.33278232,8.45006778
47.41854767,8.55672926
47.37095775,8.60274079
47.32613516,8.55633114
47.34595534,8.48478566
47.40804497,8.49130314
47.33269617,8.58871831
47.41570297,8.56606897
47.37539416,8.51752473
47.38057412,8.47793311
47.42704825,8.49142462
47.33040532,8.5954153
47.33977057,8.44177612
47.30244323,8.56989335
47.40512418,8.57640801
47.31368552,8.59071766
47.32618605,8.50714144
47.34065965,8.47583751
47.42566264,8.60286134
47.3682041,8.63324375
47.41841407,8.60637995
47.40437397,8.59148915
47.41308714,8.58931734
47.39273781,8.56489326
47.35488826,8.6011366
47.33374563,8.59147475
47.33303748,8.47157508
47.34898709,8.55998642
47.4188065,8.51745839
47.30581933,8.49528659
47.31749588,8.55753208
47.3451554,8.61835085
47.34545413,8.61846871
47.39520334,8.49338944
47.38087493,8.51790521
47.3371013,8.49839471
47.34483175,8.51339109
47.34802415,8.61759294
47.34381493,8.54845758
47.37814574,8.61313326
47.38278832,8.63798971
47.36817778,8.64284971
47.34917159,8.54749946
47.37094566,8.47722776
47.38541434,8.63681788
47.40508732,8.49939976
47.36009082,8.61777456
47.34155434,8.48311019
47.29914745,8.5541653
47.40960824,8.55578991
47.39175859,8.44671464
47.42433398,8.60420074
47.37768904,8.48991687
47.43680823,8.55986626
47.34887213,8.6335216
47.34856167,8.61137866
47.32781349,8.50456281
47.4035778,8.58536245
47.32330648,8.50048189
47.34868691,8.55240296
47.38639087,8.62467524
47.3303836,8.62057004
47.38842934,8.49925859
47.3889964,8.58449121
47.40458818,8.4934914
47.30630835,8.55162406
47.42059422,8.54704274
47.32910665,8.61581108
47.36663134,8.52519255
47.33303355,8.58284239
47.34016628,8.53156925
47.32599694,8.51783887
47.39363546,8.48283849
47.35850208,8.54615366
47.32314108,8.49990346
47.34426234,8.49145474
47.38739202,8.56426807
47.3281699,8.46141253
47.35964265,8.58196547
47.35639091,8.6333398
47.30800226,8.58322271
47.31683084,8.60704757
47.32956239,8.57196778
47.33766579,8.63024194
47.39437586,8.57548917
47.36689613,8.59510845
47.35651385,8.62025678
47.32699909,8.51187187
47.43476101,8.53150777
47.35364925,8.50322118
47.35744235,8.57890501
47.32565571,8.55551089
47.36988993,8.62030503
47.40201737,8.53488764
47.39454653,8.5601121
47.33586643,8.62053278
47.33228388,8.57625504
47.31318246,8.49199997
47.33367893,8.52181355
47.35149031,8.45551032
47.36884251,8.61139194
47.39808026,8.60556501
47.30508854,8.5856965
47.32402637,8.47509901
47.38236956,8.51806995
47.38340568,8.58525546
47.31023402,8.53190609
47.39037184,8.47159062
47.40220831,8.61553852
47.33755618,8.48499939
47.43391608,8.50262551
47.30353678,8.51462492
47.31863189,8.48353596
47.33202337,8.54618393
47.42923213,8.5003389
47.43004135,8.58852778
47.35228293,8.49903367
47.37047871,8.53096287
47.40375703,8.4496531
47.38145463,8.58855787
47.41265451,8.47169955
47.42622275,8.49131203
47.3716676,8.49187707
47.41428527,8.58841217
47.35576439,8.47119482
47.4022422,8.59139758
47.40710704,8.52371304
47.42272265,8.60217081
47.31729219,8.6034757
47.41065667,8.54241116
47.33562729,8.52937382
47.37282254,8.53530945
47.31239795,8.4962374
47.3915946,8.44893659
47.3501417,8.51332064
47.34803977,8.50318414
47.40647049,8.47358791
47.31125125,8.54497465
47.42238052,8.47841851
47.37331259,8.58329399
47.39691509,8.54935077
47.42230832,8.56188772
47.30820629,8.4819269
47.3429831,8.47841325
47.35293819,8.45765114
47.38316654,8.49143834
47.36396004,8.52014041
47.34374506,8.61903506
47.31914352,8.5467542
47.38581639,8.53281049
47.42683147,8.51063001
47.34958387,8.63128738
47.37782977,8.58573268
47.39977288,8.50848165
47.35044736,8.55854043
47.31516404,8.53697296
47.3579653,8.51595905
47.36882746,8.43632854
47.34684581,8.57600323
47.36753364,8.6284774
47.34959596,8.4872134
47.36965503,8.55973508
47.37946448,8.53174141
47.41948368,8.46968585
47.34376794,8.63303627
47.32013602,8.536853
47.36093515,8.499875
47.37996986,8.52252461
47.34023342,8.52009153
47.43401744,8.4945303
47.38767634,8.478991
47.36562369,8.52654784
47.33630055,8.5767643
47.32010159,8.57004648
47.35408899,8.5427243
47.3566518,8.47437143
47.37451229,8.53407268
47.39736163,8.52173297
47.41109725,8.62299259
47.36466856,8.53664817
47.40778968,8.5720051
47.36158625,8.53012162
47.33417073,8.45770369
47.3795145,8.44630322
47.35530347,8.52139849
47.37811379,8.52748397
47.33775145,8.56424861
47.41286194,8.56067033
47.34387533,8.52393161
47.31890432,8.47359059
47.42404755,8.53771953
47.36019731,8.54977943
47.38054626,8.63455858
47.42549037,8.57992906
47.35286768,8.58007384
47.36800112,8.62687528
47.35718017,8.61662673
47.32835465,8.62584522
47.3858745,8.6378248
47.30895166,8.53063993
47.30643184,8.53063129
47.3518893,8.44161318
47.3170371,8.52973087
47.38325065,8.63036251
47.38931635,8.57614985
47.36481764,8.48977814
47.30238273,8.52998785
47.40438328,8.4936271
47.31308486,8.59378959
47.33659716,8.44407694
47.34037881,8.5494716
47.34917329,8.54031212
47.33942112,8.51803656
47.38890882,8.54787016
47.39453513,8.45714677
47.35668962,8.62767699
47.33141578,8.48962719
47.32850853,8.54323604
47.30887556,8.57329591
47.31131748,8.51275688
47.36434531,8.61419319
47.41102982,8.4811437
47.42727395,8.50724587
47.32938963,8.54689712
47.3663748,8.59237672
47.40879658,8.60349527
47.3523485,8.6352682
47.40672788,8.56310014
47.42989533,8.49090364
47.40311487,8.4868513
47.38045306,8.4521099
47.29657777,8.54068301
47.39596196,8.6040242
47.34561074,8.45623913
47.39913871,8.47019164
47.3934564,8.44488841
47.33984271,8.58302201
47.3595765,8.54418794
47.38834542,8.49934144
47.32059186,8.52097623
47.30870725,8.55454934
47.42957636,8.58934301
47.4268739,8.50555425
47.41407511,8.4802225
47.40972104,8.48766838
47.38691049,8.61650685
47.30549301,8.57212539
47.30612785,8.54587742
47.36188759,8.62402237
47.32450122,8.50446366
47.30543824,8.57328482
47.39327313,8.47085512
47.37007374,8.48149071
47.37709555,8.62243163
47.35430206,8.48524457
47.32276091,8.52539264
47.37620102,8.55456943
47.39900138,8.52518681
47.34795255,8.5324988
47.33080885,8.61382351
47.35339211,8.49869005
47.3401182,8.4417643
47.36034883,8.52804093
47.39635994,8.49281335
47.31708846,8.51273136
47.37946086,8.52824064
47.31331856,8.51919438
47.38856264,8.5632798
47.40987117,8.46126091
47.40141394,8.56963029
47.40893669,8.48230245
47.34344463,8.61895114
47.30286525,8.57993342
47.40525448,8.4513954
47.41078798,8.61713313
47.37135575,8.59201123
47.30936305,8.50588531
47.37601008,8.4412469
47.38510598,8.57164704
47.32552665,8.60845297
47.34123483,8.57164025
47.4166163,8.48038739
47.40639788,8.46010828
47.34884931,8.49585679
47.36896508,8.61121316
47.37645358,8.5503975
47.40545046,8.53627815
47.43202382,8.53973238
47.39953555,8.56054366
47.39603653,8.55717597
47.41808,8.47433071
47.3885985,8.49367679
47.33741082,8.58502475
47.37308713,8.54490385
47.33473257,8.5647651
47.43688314,8.50782711
47.39201089,8.46026997
47.43915335,8.56035554
47.37777633,8.54360366
47.36231628,8.44431656
47.43343651,8.51562769
47.42447918,8.50204382
47.40840122,8.54730483
47.34581212,8.4606553
47.43041691,8.58308823
47.35915131,8.61128658
47.39011344,8.47298711
47.42815191,8.56976205
47.35785062,8.54717552
47.32023566,8.59975301
47.41587025,8.54106038
47.3838018,8.49840547
47.36488488,8.53645262
47.33744319,8.63440493
47.38078496,8.55261831
47.38065634,8.45548056
47.39053446,8.59052856
47.38645228,8.48509811
47.37230921,8.46816621
47.33411789,8.45717218
47.39987614,8.52995272
47.41592995,8.48578028
47.41116899,8.49536632
47.34372549,8.58860548
47.36611941,8.60463564
47.38222211,8.63626716
47.39098476,8.46364036
47.35054802,8.61597901
47.3095499,8.54503645
47.31966342,8.56345674
47.43638516,8.56582196
47.39610814,8.52894877
47.39846503,8.56641495
47.34536651,8.4951976
47.34443757,8.47436624
47.38308737,8.61173434
47.35691332,8.4439331
47.40784552,8.54753714
47.31253708,8.51659841
47.39821872,8.57048411
47.43873671,8.5220291
47.43799577,8.54556926
47.33551577,8.63011964
47.32845657,8.60294603
47.39373146,8.49040911
47.33749309,8.61649439
47.38180962,8.45658829
47.40716107,8.54408475
47.36147449,8.64027852
47.38678102,8.57727644
47.41533365,8.47456565
47.37465482,8.44837047
47.31931542,8.58288097
47.31573147,8.55315074
47.32980691,8.50555487
47.33159232,8.62431264
47.41935188,8.52791965
47.37428118,8.53143976
47.34797112,8.61611103
47.39679018,8.49655252
47.3221769,8.48053112
47.35754004,8.48772492
47.41330154,8.5234664
47.35080378,8.53971178
47.30205669,8.50273468
47.41052472,8.55880763
47.36367788,8.58333828
47.34326703,8.60314522
47.36042713,8.51870762
47.32235738,8.48704795
47.36005445,8.48836442
47.43154682,8.56543005
47.37417454,8.58288502
47.30986669,8.51183168
47.40543219,8.5643554
47.39216395,8.4732351
47.32009237,8.53161288
47.3728144,8.44531079
47.40814755,8.46370472
47.30934177,8.59386064
47.40130608,8.59697201
47.32411257,8.52163097
47.32400114,8.58582174
47.40687231,8.57306113
47.40362998,8.51665137
47.34532722,8.47361639
47.34492078,8.44468214
47.39462018,8.56484307
47.33587743,8.56441433
47.38741779,8.62506244
47.31352633,8.60188212
47.35829422,8.45118265
47.34850772,8.51492098
47.41014122,8.52884821
47.38697859,8.47884564
47.36798966,8.59143793
47.3543377,8.61715172
47.3255642,8.48973113
47.40351914,8.46558101
47.37247152,8.63987973
47.42511999,8.50466242
47.36922282,8.44308857
47.35486741,8.48429464
47.38773364,8.50280943
47.42094889,8.55754924
47.31810934,8.56165754
47.42272761,8.59601075
47.35738928,8.59042032
47.3808633,8.6138673
47.42317077,8.49389756
47.4073386,8.54507673
47.33751074,8.61586198
47.33903563,8.58923128
47.38676927,8.55134129
47.29963511,8.51765944
47.37994535,8.62363157
47.41269795,8.59363301
47.4192222,8.51224625
47.36268004,8.58064547
47.41092089,8.51145947
47.40556929,8.52485703
47.36674801,8.57425773
47.35551915,8.62667467
47.43137962,8.56682765
47.31635012,8.55843209
47.41281115,8.54451663
47.35371687,8.56583236
47.35920307,8.46620606
47.44054441,8.5293896
47.30070492,8.54550872
47.3981272,8.50297939
47.37453941,8.56533123
47.36621307,8.43625025
47.35864304,8.4949944
47.34642489,8.55575018
47.34213595,8.55315865
47.34533347,8.61676357
47.33093119,8.56000561
47.34204931,8.51675658
47.3908799,8.52968752
47.35330422,8.60296583
47.42179219,8.51749941
47.31163165,8.5163616
47.35036705,8.55106817
47.43061176,8.51834442
47.39082414,8.60205399
47.39360088,8.46289671
47.34819749,8.63227214
47.4313413,8.50658366
47.39522891,8.47078957
47.41479887,8.52489663
47.41920563,8.51689828
47.32802203,8.62655052
47.32886242,8.62265903
47.42229618,8.56971294
47.34149451,8.6327044
47.38717701,8.48709179
47.38410865,8.55131342
47.37846008,8.51582107
47.32408936,8.56488839
47.37811209,8.59353531
47.33115061,8.55778382
47.38985012,8.59112659
47.36657309,8.6245235
47.38138686,8.53208955
47.41150404,8.53391247
47.37601719,8.6021854
47.43377372,8.54445935
47.39112454,8.47701994
47.33896967,8.54427703
47.37510806,8.629846
47.41956432,8.59277663
47.3914393,8.62452794
47.37840493,8.60079138
47.36911548,8.49507422
47.37372909,8.63463762
47.35246718,8.47211948
47.39843416,8.62840465
47.3222465,8.58534455
47.31043022,8.50550453
47.36711477,8.45902007
47.37790145,8.52010409
47.37075333,8.57275914
47.40187882,8.53466948
47.33865645,8.51460209
47.36161968,8.43378549
47.41255733,8.50678809
47.40870652,8.5733973
47.35706227,8.49927701
47.39645243,8.61117669
47.36142251,8.60783107
47.40903101,8.52796079
47.41704707,8.53340901
47.38290346,8.45671567
47.34387499,8.50582169
47.40656416,8.60770497
47.39541492,8.58140584
47.36578672,8.53142929
47.39231744,8.50750867
47.33389518,8.59696404
47.31841877,8.51465305
47.34427655,8.57832635
47.38929158,8.57658291
47.35126171,8.45911456
47.38157862,8.55039832
47.35466839,8.60501305
47.33711142,8.4737958
47.38945471,8.62791272
47.33518005,8.57425147
47.4143881,8.53039843
47.38967168,8.49457437
47.42820328,8.54501156
47.34276287,8.58338966
47.35746359,8.5925441
47.41053535,8.62156541
47.33892141,8.48579921
47.32515037,8.46355639
47.36412321,8.48512235
47.40776081,8.62437678
47.39045668,8.63795143
47.34275085,8.62599429
47.42479407,8.47272258
47.30478753,8.5245121
47.43188158,8.49865539
47.41000405,8.49322866
47.37155041,8.56322487
47.40886499,8.4536431
47.31927634,8.58409533
47.3565555,8.48776629
47.39305326,8.6194984
47.35503388,8.58509499
47.37866998,8.46262598
47.41467053,8.55650042
47.37222054,8.56529409
47.35121687,8.48518336
47.40095314,8.55023067
47.34887666,8.47563783
47.31820936,8.55499617
47.35758486,8.60572204
47.3489462,8.55542964
47.32918021,8.59575049
47.3535473,8.55984361
47.35300935,8.46471017
47.30904682,8.58951591
47.34465651,8.55497121
47.3435613,8.45911767
47.39079319,8.59104992
47.35096842,8.59838086
47.37238401,8.63593782
47.38824107,8.63669031
47.3709996,8.61975019
47.38859786,8.46609387
47.36615042,8.46558927
47.32729205,8.57694722
47.34825759,8.60562081
47.36223737,8.50225675
47.39933951,8.58724332
47.33027651,8.58122498
47.37356991,8.46105949
47.34108414,8.63300833
47.42084382,8.51443289
47.38476505,8.53921491
47.40241926,8.62854419
47.36037278,8.59417377
47.37346026,8.49081149
47.37761941,8.61018126
47.40246085,8.59846242
47.32847376,8.54295198
47.30790649,8.52368359
47.33974355,8.46201719
47.38356972,8.58307613
47.33813084,8.5822054
47.40638872,8.53779323
47.40872448,8.48316369
47.35608153,8.49855014
47.40258297,8.60252317
47.3584615,8.59228963
47.37631656,8.64229728
47.32924635,8.57715581
47.38571128,8.45771154
47.38139094,8.61098508
47.3359716,8.4644139
47.35879012,8.56699076
47.38537519,8.58013563
47.35489775,8.55061182
47.36035754,8.51065573
47.39161719,8.508156
47.43557662,8.53369874
47.3856035,8.55582468
47.42341703,8.52633039
47.36732685,8.51392944
47.41538486,8.49461502
47.42102743,8.50366191
47.38972941,8.52880558
47.3506144,8.59054309
47.29680195,8.53283989
47.37565189,8.46564703
47.3418446,8.57445344
47.40975609,8.52369208
47.42130855,8.48794465
47.39772543,8.55825349
47.39127157,8.51081584
47.37977846,8.58416967
47.33344356,8.47077922
47.35009991,8.45179474
47.38881435,8.48724951
47.30926966,8.55171726
47.37237861,8.58614296
47.34063429,8.44915768
47.39141761,8.57071858
47.38752353,8.5798923
47.41734167,8.55607777
47.41870601,8.58997178
47.31654927,8.52460391
47.43098711,8.52966688
47.42392756,8.5830561
47.35799328,8.51218998
47.32303778,8.54912128
47.3696911,8.55114909
47.35526068,8.59450032
47.35959859,8.5031244
47.3522759,8.50774395
47.37998547,8.53347278
47.42443638,8.60019948
47.41705628,8.51895785
47.32066886,8.60280998
47.34464559,8.47186713
47.30277957,8.5438909
47.37197819,8.45341456
47.37592518,8.63305084
47.40327708,8.51663949
47.38176904,8.55223915
47.36687695,8.48477743
47.30693891,8.59153821
47.34400741,8.58439164
47.42676027,8.59759908
47.30510409,8.54784481
47.41914338,8.54294569
47.34063702,8.60402962
47.43100844,8.49466529
47.30961892,8.51106782
47.37553177,8.50472557
47.39065422,8.58800077
47.35690432,8.50258169
47.41341691,8.58609328
47.39538369,8.60833757
47.396469,8.49821425
47.31036618,8.51576142
47.35456485,8.57521975
47.38068173,8.61677625
47.38426223,8.54805844
47.39778529,8.5982577
47.37167517,8.59009503
47.41836063,8.58195072
47.35183716,8.57224696
47.34112576,8.58325902
47.39023832,8.55978977
47.35696765,8.4899788
47.36993784,8.52095916
47.33221848,8.52116452
47.37523713,8.56138902
47.34960663,8.52337218
47.34268885,8.46905049
47.41622455,8.59194209
47.42326776,8.6035764
47.3444275,8.44545609
47.41033057,8.59247392
47.37079478,8.51462547
47.37494429,8.57338762
47.32013119,8.46453733
47.31788956,8.5520115
47.38658368,8.56570279
47.42185678,8.52723691
47.40584487,8.59770949
47.41079026,8.45916207
47.38168029,8.44051386
47.32823888,8.61580112
47.42502918,8.50805302
47.37630534,8.46771184
47.37170569,8.49819152
47.4025963,8.50480796
47.30827555,8.54646786
47.3954105,8.54207994
47.30493756,8.54696672
47.38597798,8.55928096
47.31647434,8.60496791
47.39851457,8.57905493
47.32068498,8.59506204
47.37206215,8.49396835
47.40296144,8.52783266
47.33195633,8.5106567
47.35406107,8.63718209
47.41071419,8.59074628
47.33277764,8.59770061
47.34478445,8.51893426
47.30630874,8.49686327
47.41608122,8.52119737
47.40282783,8.60557046
47.33069469,8.5162951
47.33461496,8.4455854
47.36584027,8.50533335
47.39938189,8.46426512
47.41009947,8.54337903
47.3091268,8.48952521
47.36264292,8.55649789
47.41267461,8.49598323
47.41498067,8.52869941
47.38871766,8.50468344
47.39839433,8.56140892
47.4085819,8.61698853
47.32979118,8.59547511
47.37590462,8.46724667
47.31448735,8.47333962
47.31501201,8.59092917
47.42662315,8.57974241
47.33613002,8.60630221
47.406177,8.57883738
47.38358944,8.49431365
47.41562295,8.57304315
47.39773442,8.45256671
47.40705494,8.54476494
47.38261215,8.54015529
47.37049794,8.43716013
47.3610621,8.61148979
47.40444032,8.45000265
47.4297575,8.50751168
47.38906483,8.48668346
47.33106172,8.60424602
47.38013272,8.46016332
47.34616575,8.52668262
47.38511961,8.55434185
47.41944592,8.5149859
47.34189257,8.54248369
47.30099081,8.57065701
47.42924831,8.58401936
47.32575282,8.57643444
47.35401278,8.57597203
47.43214699,8.50660008
47.42064618,8.55538396
47.40591595,8.57235533
47.30581855,8.57215621
47.33871286,8.54254908
47.38131738,8.57788023
47.36833698,8.63608286
47.34562066,8.60392651
47.35284791,8.51588057
47.33201216,8.54248451
47.39713912,8.63509635
47.40253718,8.51338317
47.38220344,8.48689836
47.33490315,8.45641807
47.31961402,8.48276281
47.35280008,8.47775907
47.40423642,8.51926436
47.30495276,8.58499609
47.42341545,8.48657737
47.32360556,8.57431777
47.4119937,8.61676129
47.33578758,8.58709363
47.35831409,8.61290819
47.38153793,8.59767916
47.34738001,8.47880479
47.33381501,8.56738137
47.42844438,8.59347255
47.34569395,8.63017046
47.4092247,8.496433
47.30022068,8.5592946
47.35422699,8.59711534
47.39287309,8.59105322
47.31936455,8.52666323
47.34501062,8.59521223
47.34240412,8.56865844
47.32432725,8.57010824
47.42117821,8.53479212
47.33222683,8.60568484
47.33860251,8.53423751
47.32340481,8.55931324
47.36571571,8.4613029
47.31875832,8.50553235
47.30418926,8.51642985
47.30233964,8.55101825
47.39999487,8.51124355
47.39174099,8.48378623
47.36400887,6.8845979
48.45153111,8.11674336
47.5028509,8.00110708
46.13700305,7.44154612
47.34360411,9.4124163
47.40701975,6.61973166
48.18304741,7.51682369
47.48794862,7.62958459
46.33023816,7.84810296
47.4437331,6.80656642
46.23872826,7.26337096
47.13297316,10.36584058
48.10642461,9.29288314
48.13165711,7.27783197
46.98898151,9.00336219
46.80403194,8.40980349
46.48941893,9.92287503
47.79617209,8.8425483
48.23885482,8.2605037
47.40375091,6.48602037
48.4145044,8.27900624
47.14581157,7.65070949
46.52740615,7.04057116
46.79049103,8.17172866
47.50932152,8.20232491
46.62637815,7.67673944
48.33513248,8.0821592
47.04266325,6.61009563
46.0469485,9.12712372
46.61978022,7.32907677
47.8969275,9.76641341
47.59049683,9.0881651
47.84601552,6.90385566
47.07885871,6.83322975
46.20200555,9.28059679
46.84798471,8.54378916
46.6400819,7.13530075
47.06874671,8.32001217
48.28764454,8.09518494
46.85791679,8.05078777
47.11895542,9.89379261
48.63583901,7.62463158
47.59682608,8.69945122
47.27841025,6.80330549
46.92054555,7.18894953
46.11985328,8.71958678
47.31422807,9.42950905
47.82955137,8.39153151
46.08929397,8.08149051
46.66002391,9.35050307
48.61696059,8.24402782
47.08682338,9.73804426
48.05167158,10.38018096
46.61897241,7.65001168
46.59919761,8.99828956
46.13598045,8.68476062
47.91715574,8.63677647
47.6702833,6.50406467
47.24382461,7.81113462
48.54333009,9.73613412
47.88551163,9.18606701
48.38654667,7.52447773
46.67864903,8.63499388
48.08535116,8.67805128
48.09355687,8.56626397
46.72520626,9.82459286
46.08187114,7.85352328
47.14259916,6.6133369
47.752013,10.23317003
47.91409724,7.04353593
46.57186439,9.90911326
48.38827363,8.67061609
47.41491119,9.69351915
47.06999206,7.02319101
47.23038964,10.58437473
47.84783783,9.07231766
48.05329718,7.45994367
46.66530884,9.59546139
47.14970447,7.19891777
48.48088382,9.10626313
46.84686687,6.81092875
47.95899878,10.1906808
46.97172442,9.5443559
47.06575714,6.6416633
46.90966387,6.53742664
47.65943987,10.16567697
46.75071285,8.21436472
46.75428112,9.83729319
48.24840922,6.91480905
48.75408882,8.45020099
47.41880307,8.79898054
46.41826394,8.05891962
48.1958526,7.59751729
48.49974804,8.91276254
47.55177875,9.89451716
47.18173718,7.69381902
46.89379936,7.90223577
48.53374839,8.21862063
46.10683441,9.56816386
46.61738545,8.97510332
47.29093088,9.95777197
46.93398781,9.67750381
45.95152077,8.74025597
47.65447601,6.80192069
47.31088098,7.8142629
48.50112352,7.82436331
47.67895676,8.71798406
47.0128731,10.26460262
46.78949327,10.40588036
48.76040796,8.72235394
47.65489368,10.35680934
47.57286559,8.13184437
47.91844902,8.46952926
48.00038825,7.23254468
47.00049855,7.29988768
46.64299194,9.17438986
46.31383653,8.93996902
48.37027281,9.52726252
48.37068308,8.23173029
47.82678992,7.27798901
48.21755075,8.33069206
47.10183838,9.6957956
47.6960333,8.39619939
47.98496586,7.21220819
46.63451559,7.04287472
47.60384377,9.09448371
47.22780384,6.8608347
47.44501853,7.73686307
46.98675592,8.86351078
46.13417084,8.71234009
48.07697195,10.16908338
46.05885136,9.06677458
47.1216124,7.62474476
46.75120419,8.43206315
46.27563558,8.06913459
48.43783803,8.01251391
48.06922489,9.00177963
47.00117481,8.97668934
48.49270177,8.89669959
47.95812936,6.789101
48.07371949,8.95387704
47.06127005,8.44107
47.31054511,7.78367213
46.16248633,9.69281926
48.30611321,8.6640977
46.77317597,8.86962274
48.0837441,8.75046094
46.47321885,7.4634773
47.87141622,10.31577513
47.45474152,8.73713114
47.8037582,8.18742188
48.49638657,8.64290905
46.17200327,9.61707153
48.65932544,9.49164076
48.10806656,10.06914606
48.07477229,9.37696336
48.02288018,8.8967978
47.50363248,6.88290734
46.65574955,9.37747057
46.96869821,10.03095152
46.90134076,10.5040988
46.60192479,10.10577557
47.54201206,8.94055794
47.87990368,7.61521374
47.28070193,8.34765834
47.00144164,10.10158339
46.45751359,9.20997788
48.40409386,7.53511865
47.08781593,8.52336469
48.35801312,9.70785631
47.78486812,7.92826194
47.960639,9.90652166
47.65004194,10.60473171
48.56875144,9.59120919
47.59691561,8.38231128
47.07916521,9.68734842
46.89906489,9.82831946
48.76156132,8.37120913
46.92870887,7.37107192
47.88897618,6.76494208
46.3861985,7.3042893
46.1560634,8.81927489
45.96138995,8.22344221
47.7468208,10.36274524
47.19852435,9.70392368
47.43555827,7.28365683
46.26081636,8.12476194
47.41307231,8.07570442
47.38955351,7.67794195
46.71203845,10.39313857
48.0281877,10.17433197
46.41818533,8.16566929
48.33001014,8.23316271
46.90737377,6.91206515
46.70320037,6.8324357
48.39524867,9.00374046
48.17336591,8.19126231
46.36868026,7.04498775
48.31354997,8.87067033
48.07101426,8.55384715
46.57118989,9.46676994
47.23069516,7.76237406
47.94798377,9.25377985
48.00609067,9.88894169
46.48214391,10.02326978
46.78990103,10.06051264
48.51727695,8.12246464
48.41668996,8.93438238
48.64592394,9.02321964
46.7906361,8.20834226
46.46528974,8.26471898
48.49061973,8.10213969
47.99294373,6.91540643
47.17644261,9.02122134
46.5636218,8.56726286
47.48858071,6.88986581
47.27210807,8.90975518
47.76191317,7.41665473
48.05627467,9.63155622
46.95663318,7.37801653
46.46106303,7.9696353
47.33709339,10.32322454
47.37008833,10.48070114
46.74463338,6.76064223
48.70334528,9.15627952
46.50589472,9.12319588
47.91041948,7.11890411
48.37866125,8.92839851
46.98982253,7.25437698
46.92197426,7.64578505
48.41411562,9.43128353
47.04264468,6.83763984
47.63286888,8.89682765
46.33179564,8.39237746
48.5272674,9.69913652
46.75393975,9.39978004
47.30440352,7.66712986
46.80681371,10.37597323
46.81808706,8.58472103
47.50696673,8.87938322
48.66896562,7.93384184
48.50994711,8.10581855
46.50822341,10.08569356
47.75030929,8.45445422
45.99925342,9.06583528
46.8041356,10.10230525
48.42597917,8.32663236
48.10551578,8.53644946
48.65768561,8.16996532
46.40418199,7.94578772
47.995453,8.33664991
46.15651144,9.15549217
46.50808982,9.40180468
47.57006927,8.8130005
47.9332645,8.43117203
46.84549989,7.95048903
47.05561118,7.77907547
46.69343212,6.77945879
47.46311976,10.00579946
46.16033515,8.99093599
48.73978581,8.09966136
48.27508253,9.64637721
47.6555469,8.39003309
47.47145507,7.0285676
48.17155321,7.81002716
47.48182817,8.26073004
46.7834321,8.79638881
46.3965932,7.18904244
48.02192374,9.48422835
48.34803608,9.44458211
47.18845705,10.11105668
47.27737731,10.29013087
47.39102776,6.54020264
47.64474175,9.66803476
46.17744154,8.76574749
46.40219767,9.18757702
47.85766428,8.85699981
48.65527292,8.72498437
46.6219466,9.64275259
47.17198538,9.39920238
47.79237591,7.45431297
48.15232952,9.47183517
46.02620256,7.98243665
48.67218934,9.09137443
46.25808008,7.96912221
46.27084856,8.58898998
46.901036,7.85994776
46.21402535,9.70769862
48.10054606,6.8840493
46.84722161,7.71193798
46.43411889,9.3622915
47.96976663,10.0839863
46.55416622,7.27544422
47.75358795,7.46209197
46.62576744,7.95074608
46.05334544,8.99509596
46.42287678,8.27696441
48.11052104,6.81325096
47.69092937,8.47340979
46.83970466,10.48194467
46.83434883,10.0567455
47.52931597,7.48723162
47.41742499,7.23523831
47.68136886,6.78848612
46.40666485,7.81378238
47.72380817,6.64354625
46.6487213,6.97061306
47.2878416,7.82045745
45.98717055,7.97554932
47.62712369,10.53693725
46.12980471,8.35403126
46.33762059,9.5161652
47.68158819,7.72261062
47.30919696,8.08147608
47.84655381,9.7937998
47.00693283,8.63545583
47.22631253,9.65026531
46.98465332,7.54962709
46.4490509,9.24931692
48.3980407,9.10623734
48.26852542,8.96071703
48.20411491,7.92922138
46.93673081,7.89065912
47.25438568,9.01986049
47.19493082,10.62083575
46.962662,9.98819358
46.88746411,8.33150754
48.15057163,7.04427187
46.17479517,7.55832487
47.77118699,7.20268852
48.12539223,7.19316159
47.1456951,7.85364644
46.13060437,8.64131201
47.97397106,7.26664087
47.0517697,9.500369
47.90983379,7.69784809
46.92389939,8.46948019
48.37091852,7.86087671
46.53123881,8.61893235
47.84581215,8.06736097
47.64602976,10.23102501
46.85880259,7.57779693
47.42980618,9.90094116
47.44321689,8.10138907
46.37211443,9.55427754
46.28723384,8.96421083
48.30914938,7.6215011
48.6908889,8.8020226
48.27942007,8.9764114
48.30703396,7.9617268
47.41711687,10.37281245
46.17659367,8.55759309
47.39652801,9.98946726
46.32903635,8.38030371
47.98977105,9.03004671
46.49960941,7.03243632
46.41438714,10.12879439
48.26105509,6.99804101
47.60845606,9.2831167
47.87828174,10.26580352
47.81665041,9.91295637
46.70988308,7.30365375
46.05667229,7.91194019
48.20173396,7.89988989
48.35635917,8.61191571
47.69576299,8.49150984
47.03410031,6.9447389
46.42047051,8.46185303
47.16957521,10.33985586
47.50604913,10.08997182
47.91506339,7.29229459
46.97853221,7.94126413
47.99633199,8.85430668
46.76924886,6.69480459
47.53692451,7.13305105
46.70621735,7.40544762
46.48670706,9.81440393
47.36179444,8.65822988
48.15291842,7.56051623
47.03388768,7.24047973
47.41729307,7.30300945
46.44853234,9.63963753
48.52018954,9.56425652
47.93243751,10.04709654
47.94093317,7.46688376
46.94944377,9.65615663
47.17508602,8.14591031
46.38653191,7.24782454
47.87433479,6.75879581
47.028263,8.7267579
48.23267009,10.16767454
46.61931815,7.31835377
47.87356268,9.77113166
48.3496336,8.94488548
48.18895821,7.76504819
46.91516408,6.56688348
46.7599213,9.82226431
46.47582549,9.43497023
48.4666548,7.48061648
48.02021637,9.79144035
48.09394277,10.2095578
46.70342282,6.78609336
47.88856222,8.68665219
46.49646397,7.66896265
46.9983765,8.02722251
48.66200673,8.45919468
46.59614854,9.38523278
48.29594064,9.37974568
47.05255661,7.97626663
47.30059287,7.65588176
46.72311988,10.38899852
48.12963941,9.54775371
47.27146774,8.6830555
48.14686247,8.43560111
46.83582653,7.35105494
48.60476934,8.11581046
46.13496421,8.02986348
46.92930806,6.72730123
46.68092453,7.47357108
47.2280208,8.32453302
46.96021654,10.24509142
46.76815189,8.84132247
46.15711111,8.71146087
48.73105125,8.26344604
47.77344426,8.43326821
47.56466305,10.27798838
47.7461629,7.29795232
46.64712444,8.10308843
46.50792371,9.1307866
47.18906114,7.42026839
46.73465971,10.29268089
48.17750775,9.53619167
47.37148081,9.4451254
47.98515712,10.37118417
47.38497103,7.88242981
47.19743189,6.96996832
47.74491459,7.70657579
46.60520884,8.89782086
46.04709035,9.07446684
47.11138915,10.3538786
47.60094424,8.04395051
46.61922579,7.86064456
48.77310956,8.21966
48.35325295,9.1140716
47.47360286,8.74905692
46.86700109,9.27214853
46.19799661,9.50870875
46.99467912,9.49049434
46.52820666,8.17322451
46.57028971,9.81980712
48.08414243,8.77643144
46.50499176,10.01020567
46.73494645,7.55358251
47.00586977,8.40401051
47.66835972,8.86857941
46.78977534,7.17475455
46.1655953,9.0857449
48.73147223,9.0187148
47.16990565,8.71105889
47.15896381,6.57332008
46.971702,7.95258632
47.99991657,8.09505493
46.75084525,6.69476285
47.58525415,9.31310779
47.51247907,8.57646616
46.45287467,9.93921457
47.86291224,9.65070704
47.98264523,7.0837046
46.36594042,7.44481695
47.45069334,9.66167505
47.66039002,9.62332875
47.5086387,7.53377122
48.61804754,8.23501873
47.2255218,9.58595761
47.71731492,8.87661728
48.45043308,8.92463575
46.36945925,7.68541306
47.33477375,8.69743818
46.83292261,9.02963716
47.99619962,7.24844652
48.75696267,8.73228551
46.63238729,10.33832455
48.30303804,9.21394746
47.54570928,8.69700406
47.90943082,7.84186846
47.4987223,6.90825864
47.67579793,10.11578859
48.02686153,6.74389805
47.70124163,7.77050235
46.89513901,10.07476135
47.16986497,7.213453
47.32984149,8.88566363
47.65758274,8.13360706
48.70500385,7.91090254
47.62463599,9.27255304
47.29822375,10.01520393
47.93146063,8.71821178
48.08466127,9.35722715
48.0376604,8.10013856
47.49139873,6.86594171
47.50988524,7.87277387
47.23205296,7.95805583
47.26321479,9.0449412
47.40536674,9.51261618
47.85084399,9.13376303
47.49952537,6.84933072
48.34817894,10.05889985
47.92257477,9.14218979
48.31968551,9.9634421
47.07056041,6.62540152
48.59127733,7.65178072
48.0439798,7.42879916
47.25725815,10.32077958
47.9954408,9.47970185
47.1829776,7.72102443
47.68202939,8.69510932
46.61640473,7.23048029
46.89317987,6.95943922
45.92207824,8.5481917
48.77374577,8.75241123
48.16117426,6.78560933
47.82498174,8.55577001
48.66082743,9.02953223
47.15905894,10.35580619
47.04430108,8.70676922
48.1277599,7.68985667
46.97169854,8.76226552
47.84416333,6.67909955
47.59306956,7.03472784
48.41087679,9.12108366
48.57918569,9.67618124
46.55489251,8.50765294
48.66413627,8.85077215
47.02068745,8.57324126
46.24598371,9.30586366
48.34087842,7.3243314
48.148258,9.56863999
47.29518857,7.69188877
47.19722544,9.88045542
48.52624933,7.83644875
46.87784116,7.8832959
48.06402115,9.93990821
46.74046816,7.70638337
47.8549929,9.41388058
47.19603024,8.40114457
46.78739112,7.42301942
47.59096784,6.43101863
47.69002072,7.33944345
46.8146451,9.69850978
46.97979918,9.67749166
47.55212186,9.25478247
48.51959691,8.95084142
47.40097423,8.03762605
47.43610026,8.5628302
48.57527181,9.70200283
48.29574545,9.84514329
47.71418266,9.7736764
47.08592613,8.52438761
48.66791957,9.37109159
47.08700273,7.47237902
47.04654692,7.91193383
46.29248141,9.74804353
46.48614286,7.36649801
47.39849561,10.01520659
46.33034542,7.43672394
47.84520959,10.11620595
47.32075587,9.96131049
47.62250744,8.36174098
46.4596369,10.08917452
48.66836031,8.61465687
48.35223526,8.79354435
47.00103585,6.75586062
46.3158415,7.99036474
45.96733284,8.66608419
46.92631161,10.39462069
46.70734042,9.01261816
48.30484175,8.51631338
46.5476509,7.20731675
47.35784284,9.91810534
46.89495002,9.08588735
46.51733942,8.31087462
48.24500286,9.26498858
48.00940423,9.84471785
46.98619305,6.8235149
47.37805656,7.52881254
46.40593877,7.58896073
47.69567156,9.26296744
46.41959494,7.69781365
46.97031033,9.49247645
46.85524081,8.13615333
48.6639898,8.28806951
47.10610633,10.24051984
48.36926983,7.82028439
47.63296153,7.01940433
46.90503955,10.32803646
48.52722752,7.96793993
46.81767494,8.62426749
46.89045651,8.67757573
48.03892187,9.12408304
48.20226795,8.60282118
46.34730252,9.82825691
48.75447722,8.85579273
46.06664427,7.75415954
47.77659044,8.80711813
46.03369299,8.9618928
47.11369248,10.50913603
48.02477467,7.87126359
46.34155121,8.26245814
48.17544741,9.28019056
48.16752181,9.31429343
47.29774243,7.89422519
46.35375684,7.18904063
46.67351325,8.54799415
46.80105961,8.95060302
46.48206035,8.1421093
47.68938333,9.03442797
47.90757895,9.7509071
46.812397,6.73221932
47.2528122,10.09914664
47.58761882,9.89804469
47.75458667,8.12804732
47.73441891,6.55049975
46.31449821,9.69137063
47.76407426,9.45417387
47.60223837,9.58174558
46.55481013,7.55013442
46.74216025,10.08477466
47.499614,7.36764581
46.36400958,7.31759537
48.05762155,9.20907218
46.73513973,8.38591351
47.84364286,9.81095494
47.43399868,9.75297785
46.28827665,8.05144746
48.73785667,8.22083808
47.77203606,10.31349936
46.65865841,6.96536658
48.09743427,8.39915575
47.05216626,10.23069009
47.16882173,9.9794887
46.55031182,10.26421564
47.13110697,6.65521563
48.68791927,8.05920663
48.73751886,8.61980858
47.69290611,6.56981035
47.78259784,7.83089872
47.477851,8.20337576
46.0521064,8.3453084
47.45960289,10.49906988
48.42969321,7.99931921
46.87737432,8.42750555
48.27170575,7.02751981
47.72455806,10.32827206
47.38195393,7.33277829
47.23172119,6.97729763
48.67066176,7.60369849
47.01043874,10.48899974
48.26567984,7.05956318
48.22303869,8.93740849
47.06401825,8.30892214
47.53617429,8.88531365
47.11825681,8.96316271
46.44601145,8.15232543
45.96988161,8.13884349
47.65607493,8.97426753
47.87682996,8.42182306
47.34327131,7.93403858
47.21162148,7.96582337
47.94675385,9.13600836
48.62193563,7.96912545
46.40871054,8.07255582
48.20659386,10.22142335
47.17086005,9.913037
46.30558167,8.27751956
48.12366479,9.6695971
47.90067656,6.72880205
46.41983469,9.40972488
47.8377957,10.0583052
46.05341073,8.85078152
47.97869216,7.40353427
46.76933268,9.1262975
46.69849276,8.02068373
48.1173861,7.58904997
48.16399824,8.24563857
47.080261,7.4738304
46.79111529,9.94982947
47.19197456,7.70327446
46.2367216,7.53628457
48.07122796,10.16471301
47.88507572,8.43991682
47.77506029,10.56342263
46.46898833,8.63730031
48.03736763,7.94767441
48.0321998,7.30251892
47.36701359,7.21073369
46.94863005,8.30227313
46.44175761,7.18970364
47.83214411,8.95244447
47.83141388,9.84270515
48.15789692,7.88354866
46.74383591,9.1333599
48.18289113,7.40738795
47.74128148,9.36139977
47.36700881,6.50145541
48.46630078,8.4362518
46.66378988,7.48681308
46.09532466,9.36944591
47.02764733,8.68133341
46.92476176,6.52038788
47.83417242,8.9768906
47.71713522,8.6985189
47.39994446,7.12453865
46.78895428,8.51273546
46.81213716,8.79594456
48.20389663,7.56102921
46.36303572,7.78011964
47.13343525,8.01250485
47.39234042,7.96514088
48.29469047,8.74350756
46.46736155,10.09721336
47.22066663,8.47529493
47.2834591,8.59397188
46.3821373,7.33386045
46.48095276,7.28037502
46.58203358,7.83078209
47.16229119,9.20862323
46.24038504,9.04671967
46.46545596,8.47957639
46.46305379,7.86671324
47.13532307,8.61157644
47.61508384,9.94462192
48.30433681,7.71513442
47.70124661,6.78529059
47.19078448,6.53887543
47.67701236,9.26897413
48.11886558,9.64279319
48.34926705,9.69655433
46.54752855,8.62034941
47.16565626,6.53397138
48.10793097,9.75723806
47.97873936,9.33667803
47.55969121,8.55038038
46.42196571,7.11530523
46.13195135,9.5321427
47.57474835,10.24185867
47.76059899,8.89460292
47.5753501,7.73788553
47.37999519,10.61006809
47.38251659,8.03657165
46.46567637,9.12799769
47.51661346,8.36679814
47.97731524,8.63426225
46.14393909,7.76003671
48.12786694,8.50681513
46.63004665,8.38124956
48.14829259,7.87203297
46.75527642,8.58077007
46.91748253,9.54461699
47.3148082,7.08554812
47.44988309,6.40894661
47.22486734,9.66884226
48.53861786,8.7614494
47.68359599,8.42139702
48.34609863,7.72126052
47.074509,7.22863767
47.14562094,10.5574925
47.79377743,8.96570887
47.14268637,7.36066482
47.42584286,7.91443458
47.07153138,9.12220343
46.70992762,9.5453007
48.10659499,8.60932973
46.74693544,7.6116042
47.05522312,7.20728876
46.19391908,8.53467093
48.00766112,8.25907085
46.65341776,9.72783348
48.78641508,8.17029514
46.76650495,7.36498919
46.74243456,10.29185874
47.85827109,9.47706598
46.52915451,7.95383448
46.8922517,7.65783677
46.19918392,8.22620249
47.83410095,9.92512144
47.42377104,10.09835455
46.49554815,9.13071339
47.88454747,8.01616711
48.22414635,7.45264216
46.9921473,9.14394489
46.43037135,9.33586076
48.48099341,7.53101735
47.61798422,10.10234826
48.06931053,10.33829297
48.08656655,7.47484063
46.77774215,10.10772351
46.94987313,10.02857177
47.73263801,6.55829416
47.88558082,10.53169323
46.43451263,8.79577758
47.46630022,9.11602301
46.62325479,7.64062082
46.37645947,8.6330862
48.05858066,6.98067731
48.16413901,7.80599476
48.39691599,9.67657072
48.70632621,8.20060197
48.10320636,10.38667153
47.25820871,9.43816497
46.16471386,8.47135811
46.31016259,7.26892385
46.69378633,9.27583971
46.58228418,8.98852701
46.05219642,7.79792579
47.70242225,6.5123224
48.43200684,8.01218178
47.66332236,10.61620942
46.99872354,7.1234757
47.42375351,10.40476515
48.44289823,9.48917957
47.73535242,9.91966356
45.97067902,8.9569015
46.55919316,7.31603447
47.03306914,7.52538369
47.59869747,7.56999169
48.0264969,8.89517098
47.66245704,7.90519121
46.99722561,10.03333898
47.96921081,8.32565317
47.08432491,10.07323737
48.42435856,8.69975456
46.30755355,7.87583779
46.89185639,7.93924197
48.08777932,9.70491143
48.79078109,8.15098598
48.57772016,9.1615397
46.50928676,7.68153238
47.25273945,7.82314829
47.98201787,9.64048902
48.12093313,9.94835507
48.10140846,7.54853314
48.11221181,9.4043471
47.42192136,10.45183422
48.52000363,7.44476683
46.30079631,9.18512689
47.90233787,9.76585807
48.58438696,9.41417478
48.35529061,8.01525349
48.24008421,7.7302516
48.51043183,7.54121273
48.13487954,9.3213434
47.80208493,10.18476988
46.19509535,9.38104239
47.01492422,8.27174495
46.46609327,9.7538718
47.76369709,8.10633322
46.50453074,7.89601997
46.71206225,10.39110621
46.83271269,10.39697046
46.56181954,7.86933483
47.86380134,8.6227261
46.97976017,6.91978335
47.63605572,7.15736474
46.47410977,10.07056893
46.59370512,7.55221981
48.03708346,9.32640164
46.79998177,7.73431814
48.5445851,7.37366144
46.40413764,9.87443386
47.81625638,8.55559925
47.058898,7.26155518
48.31060983,7.98893781
46.8117118,9.96358642
48.18668773,6.90800002
48.72113334,8.29979147
47.45715993,8.90929049
46.95128385,7.3118492
47.38330776,8.02267285
47.11591656,8.0092206
48.55435087,8.27428013
47.23513391,8.20330544
45.97104375,9.07433678
47.15032024,10.0003501
47.83269242,7.85511369
47.75783874,7.30912501
47.03263668,10.3624233
47.57763934,10.11726787
47.25699437,7.63494535
48.50831985,8.59447578
46.90051441,10.00425869
47.44822585,9.20491756
46.85122829,8.89616544
47.86411332,8.52266337
48.42627667,7.45241336
46.77329644,10.39849269
48.65143637,8.50369863
46.89618628,10.50837508
48.1668006,9.7773654
47.30698255,10.27720909
47.10862662,8.2500681
47.94261,8.09648802
46.70080946,9.82511686
46.29098908,9.82714837
47.97254499,8.79769383
47.77226677,7.95829623
47.07937213,9.90556648
46.30225245,8.92679589
46.95300003,10.12965362
46.26310465,7.98126
47.19246462,6.46590989
48.13979279,8.83616119
47.35639437,7.68320527
47.46607059,8.00185069
45.93930211,8.83489053
47.07794897,8.76133863
47.57014664,6.54709316
48.28929905,6.90663976
47.79422392,9.88961314
47.39816689,10.51315282
47.37662376,7.41894097
47.36502409,9.31010246
48.37305259,7.20797747
46.27678939,8.4551943
46.85186108,8.52351935
46.82709103,6.86368348
47.46997212,10.57254954
48.15287041,7.12488036
47.57693277,9.66903887
48.46321654,9.67480124
47.25903349,6.46225612
46.80275128,10.03128269
47.59468825,7.38676844
48.5978753,8.57597693
46.34327847,9.32180129
47.42060828,8.11195335
46.37249314,8.14930293
46.92412936,10.52403577
46.28504388,8.77160018
46.6546579,9.34104255
47.23684189,9.14094254
46.80736726,9.84766792
48.61971469,7.74013204
46.54349139,8.79035956
47.40201497,8.35412115
46.45282094,7.15774634
47.2834399,8.51077323
48.25010155,8.61357998
47.76288011,7.7324857
48.66134205,8.83511608
46.86305948,7.62176861
47.40399359,7.59730097
46.6659717,8.8051677
46.6029622,6.93729684
47.7233105,9.63031354
47.12760477,7.02627199
46.62635238,9.54511161
47.24649525,9.33908248
47.79016804,7.00484456
46.89528667,8.87372742
48.63641553,9.32883671
47.70375272,6.85635362
47.85851947,7.380475
46.37889762,8.15781589
48.35281436,7.97561792
46.20104789,8.92429809
48.06790846,9.43362292
48.54611467,9.16985601
48.00240619,6.92735212
47.89615655,7.87311979
47.73702597,7.9500295
46.29328212,7.45264576
47.03288633,6.57725879
48.69058902,8.50884024
46.0075278,8.28261314
47.64524543,7.259185
47.94069109,8.68347004
47.833247,10.04024951
46.72026848,9.90352825
48.01137675,10.28688476
48.08335514,7.40563448
46.92985713,6.5472142
47.99150269,8.59963645
47.00124838,10.00230885
46.80903508,9.07749636
46.72929203,8.53219716
46.6151824,8.91571185
47.00662416,8.85389089
48.47587548,7.70561478
46.05477049,8.71398759
47.82262014,6.76512334
47.71767969,6.87652211
46.16725922,7.88820088
47.20288634,9.69774196
47.38286876,9.13468824
46.69142821,7.3912177
47.73844431,9.69289677
47.60742457,8.78485598
47.502027,7.65852712
47.72377847,6.81317147
46.44383729,8.0463533
47.60979175,8.55848348
48.03885872,7.03078883
47.15238413,8.34987333
46.68608786,6.9852792
47.30160077,7.8648071
46.39642243,9.06493514
47.06415238,9.34604817
48.41933894,9.93417322
47.84644435,9.86492254
47.81297097,6.84959384
47.70709312,6.77121119
46.44755192,8.84786636
47.09730602,9.01587375
46.6855183,7.7749156
46.68522461,7.58220174
46.41422276,9.87705761
47.5629601,6.45089515
48.35728987,9.48345272
46.3162303,9.32725144
46.61095769,7.93573402
46.89350833,8.24789781
46.48502537,10.02689357
46.31591392,8.03252919
48.17691451,7.15824452
46.38155346,7.98916224
47.62347703,7.97024373
46.1653751,7.64188944
47.5945374,6.80562045
47.53261106,8.28149819
47.99819315,6.65654424
46.14236099,8.27837919
47.09539005,9.37557088
48.4589783,7.62320612
47.13096636,10.39861978
48.1410909,10.10422499
48.06159871,8.00959226
47.24321239,10.1054225
47.95415016,6.6175367
46.93552496,7.2522436
47.57391248,9.37961351
46.85456507,9.02556209
48.14103043,7.31853613
48.65854151,8.39328926
48.14178089,8.77853165
48.15768856,8.725826
47.61482274,9.20468963
46.81511645,8.27241785
46.52931787,8.24594768
46.38680208,9.74435488
47.2941717,8.80007367
46.58296623,7.39569957
46.20469993,8.79991329
46.81427958,8.19919715
47.15211893,9.16804291
45.94347132,8.55030107
48.2523348,10.06955191
47.80644862,9.38964588
46.83990866,9.6851672
48.06057093,8.65142815
47.52586508,8.34327604
47.72204871,8.97448091
46.34951941,9.97100649
47.83686984,8.98602927
46.58982539,8.29332218
47.78521412,8.53486495
47.75745379,10.19558529
48.54033621,9.45168062
48.53440124,7.31872625
47.00554646,9.97239731
47.02159848,7.96444414
47.51659924,9.96472068
48.52859023,9.49223694
47.99675493,9.47358335
46.6781271,10.2728491
46.22957297,7.48297284
47.39921228,8.10352417
46.9175994,8.0945308
48.24858538,9.18202824
46.90901346,9.88893131
46.95450206,10.34705583
48.50297096,9.04928549
47.51268193,7.20567285
48.15238321,8.53342807
47.31465413,6.91087137
47.33100176,7.85215465
47.30719499,6.59000476
47.36601096,8.49556292
47.89817209,7.71751084
47.32610912,7.32809217
48.10546745,7.31911627
46.61986626,7.56129308
47.47534657,8.20045065
47.91664736,8.41072211
46.81152967,10.07917965
47.6815013,8.6019665
47.90916913,9.56248759
47.75218295,7.18363595
46.92085375,10.02669566
47.91351924,7.68753024
48.29262385,7.67413977
46.49307838,8.73062847
47.20624594,6.50954013
47.12580267,9.77940747
47.35070515,6.53003144
47.17319542,7.73562129
46.68451982,9.83228457
46.62387769,7.34560297
46.74237223,8.6103412
48.00429771,7.50084114
46.46259101,9.2142818
46.34039736,7.41641448
46.17261326,8.58684847
47.20825076,7.22928675
46.84172427,6.9846821
47.38586239,8.64945488
47.50495793,9.36912841
48.66519297,8.54659349
46.94370495,8.77013707
48.09521041,7.18494192
47.2761776,7.582786
47.38979338,6.95459728
48.21460392,7.40824306
47.48728588,7.88477999
46.67291346,8.403352
47.08150576,6.61867479
47.13475887,7.01851221
47.75253298,8.66369922
48.16802685,8.63351648
46.87040839,7.32926598
47.56421073,10.13621971
46.76428141,8.6093422
48.49357958,7.9349699
47.51983113,10.36714726
46.73669104,7.73607771
46.63744662,9.88315402
47.51839197,10.06417874
48.19210631,8.47788679
46.72253026,9.97986501
46.98894974,7.30236044
45.97984863,8.74970073
46.96478495,9.83304982
47.6611857,6.72582981
47.6583962,6.79636354
47.86137227,9.61616956
46.00520994,7.85619169
48.2408091,10.00100974
47.54355001,6.66042911
46.70088045,10.02614646
48.6085649,7.4757594
48.53496664,8.76841681
46.71523975,9.25523803
48.15792837,7.366044
47.38112946,9.45339602
46.63170846,7.58673066
48.29283781,8.65630141
46.39570366,7.61425504
48.30467684,8.49756443
46.30445254,9.9086994
47.92057911,10.34321657
47.69802924,10.41739434
46.8999223,7.93828496
47.9385154,7.7024364
46.72261267,7.43940946
47.19477093,7.98187026
48.36121217,8.18565335
47.99377437,9.83190238
46.50953996,7.42969201
46.74010012,6.87461707
47.42160789,8.31594146
47.31057579,8.53883219
46.73912067,8.22618844
46.94342904,8.6296434
46.85587104,6.67472573
48.48559829,8.74713572
47.03603944,8.3215616
45.97367679,8.52352326
47.76932649,7.43060521
48.2197081,7.52806716
47.56845392,7.92449817
47.87978453,10.18363839
47.71278172,6.64225346
46.15164243,7.84834694
47.57669481,8.21462044
46.11497347,8.13704822
46.67335167,8.09721831
48.60464859,7.80183864
46.99552163,9.31159865
47.93057112,10.30419718
47.8688654,7.58662498
46.86014988,7.41319459
46.03214701,8.18247219
47.25438501,6.92520233
46.84767876,7.89492585
47.2674734,9.29056003
46.63027793,8.50614974
48.29562629,9.87801742
47.09372512,9.00267999
46.46456322,9.10861432
46.94372636,9.68888074
46.63538728,7.41129808
46.96714648,8.95036007
47.59488936,6.57484955
46.42562191,7.86477499
47.4197503,10.47181106
48.1304361,10.01868865
47.68957483,7.99654136
48.56352548,9.38333611
47.7930703,7.95562138
47.72321746,8.92644278
47.81975601,7.66486579
46.90844119,7.49263325
47.74235041,7.45216308
46.55467518,8.8261448
48.22752463,7.57552602
46.04950302,8.75060457
47.6931909,7.24653492
46.89196067,8.34022135
47.99864038,10.27654469
47.33552636,9.15381997
47.05627958,9.85595142
48.01662804,10.24707076
46.4662704,9.49898924
47.60079433,7.2129905
46.23943451,8.62831276
47.19709028,8.38088221
47.96131404,6.63654423
48.31842155,8.56368441
48.43943629,9.51194883
46.6699565,6.97573372
46.46388797,7.77252079
46.42552917,7.67961782
46.66518656,8.73756043
47.15776537,7.38412181
47.25527179,8.99124311
46.84450474,8.22100396
47.78517148,6.89240382
46.68621534,9.98765028
47.92268827,7.97027315
46.76082904,9.63114673
48.37565308,8.75033324
47.14355388,9.97925311
46.23969717,8.15901648
47.60734905,7.05125561
48.17506467,8.3736485
46.5502073,9.26497804
47.02161856,8.83270536
48.7005739,8.25848305
47.91584455,8.934822
46.07506319,8.60257917
47.37188667,10.37777008
47.2764236,7.27636314
46.62242007,8.54880778
47.81071632,6.94788684
47.08978388,10.59797427
47.07091054,9.92959054
46.34905856,8.35810949
47.42106819,9.71593522
47.63787463,8.53066805
48.65907457,8.95214805
46.69193456,9.77656044
46.413263,9.83046925
48.30948904,9.81964654
48.47206754,9.44486777
46.26590981,8.05164107
48.53582151,7.42771082
46.73959546,6.65978764
48.62056342,7.90017349
48.58093165,8.96802551
46.64263046,8.26354532
47.41714385,7.48080431
48.15302243,6.8535784
47.73695117,9.5397838
46.66702857,9.69738049
47.60618876,7.42308008
48.7848162,8.39366202
47.41910867,7.1581621
46.81254641,9.10066463
48.23201846,8.12025083
46.569435,7.81160405
46.68547915,7.19807214
46.86640257,9.41947336
48.35614265,9.93042478
47.40243429,7.61581576
46.10751145,8.18264496
46.61690436,9.8727072
48.63085379,9.57015721
47.29510022,9.85403841
47.11308836,8.83805973
47.7750789,7.88930936
48.63572951,8.32682716
46.94658804,9.50296912
47.53728622,7.54809001
47.16575107,8.05094978
48.60607217,8.85608197
48.13128544,6.87918663
47.22655868,7.74122611
46.02143879,8.30750481
47.22806781,9.48949335
47.30744255,8.18915359
48.23325315,7.19083914
46.34569987,9.49181092
46.02721031,8.88775861
46.88925251,7.61546199
48.30219716,7.44131641
47.3862512,7.73933449
47.22614341,9.13635631
46.97077111,8.80286454
46.53625346,9.40855897
46.4930977,10.20799123
46.84249067,7.24980029
47.88883342,9.29602519
48.00648436,8.00198287
47.64617306,8.56461763
48.09427497,8.095705
48.52276547,9.6743582
46.0428136,9.13220624
47.8331082,8.16193089
46.57363758,6.93470778
47.08411325,7.55304272
47.8938928,6.96095413
47.66857175,9.79400977
48.06796253,9.39121208
46.19215305,9.51285036
47.61200412,7.94483308
46.91421121,9.24719155
46.55522236,6.99724369
48.53507354,9.52358183
48.60022533,8.63893294
46.49366514,7.16501716
46.52733863,10.24775015
46.46981808,9.95811158
47.63368986,7.01258075
46.03733084,9.29454465
47.71009894,9.97337531
46.45035145,8.84229273
48.44203209,9.70711423
48.17505225,6.8624842
47.43922416,6.7110068
48.24020374,9.57137598
46.01052583,8.1028441
47.61548868,10.07427657
46.74014124,8.5156355
47.50831602,6.41149314
48.46620245,9.86872924
47.20314882,7.1356297
47.16507561,7.37842235
47.54205996,10.39959552
47.6662222,9.31218371
47.10726731,8.64640037
46.77274476,7.58537891
46.11253151,8.31369279
48.40131768,9.41692594
47.38522163,9.54753645
46.96417909,10.35939826
46.99237722,9.26481342
47.25619335,7.94547528
48.00706691,7.33454087
48.50656262,9.82925752
47.51214422,8.94526596
47.66541887,9.95876021
46.99562232,6.95596506
48.22429023,10.12565485
47.87581196,7.67878863
46.36893497,8.17667414
47.75657154,10.45802656
47.18869021,8.58041863
47.15842054,8.24331788
47.00671763,7.51280255
46.15559436,7.59301018
47.39409004,9.78147156
47.11251552,8.00735668
47.92206549,7.68787651
46.60779008,7.13870399
48.49427639,9.76975151
47.82685997,10.17480323
48.12168273,9.84611787
48.21725629,8.11057069
46.65528472,7.33144161
47.79082645,8.36669729
46.83873327,10.50765632
45.9682927,8.68938575
46.97096949,8.9697217
47.8298438,7.9000657
48.04743001,9.29081728
47.75775681,9.09675855
48.21583407,9.95422057
47.11825444,10.49046885
46.92802042,8.22177464
46.98311156,8.34311705
47.47873507,10.61113281
47.54416536,6.79524049
48.05900902,8.454053
46.3733184,9.80871351
47.08862793,9.87380488
48.32038636,9.97955891
47.22278143,6.51668172
47.99881394,7.25942124
47.02227681,7.69498863
48.36009325,7.73677972
46.58763741,9.26651061
46.20310504,7.78701007
46.87890445,9.81429822
47.92399997,10.40145356
48.43789727,9.04210378
47.46032899,8.81130525
46.29018827,8.8996558
47.75266118,8.01898378
47.16679183,6.56049082
47.8791663,10.49008809
48.72706417,8.76639106
48.59264533,9.09160773
47.28686408,6.60587977
48.35859761,9.60496946
46.97100925,7.88465259
48.35398872,7.33842424
47.13137289,9.45109051
46.34812287,7.96588868
46.14084295,8.93754145
47.06588418,9.34037945
48.59041912,7.61394898
46.09923391,7.58736667
47.04646614,6.70145911
46.77662625,7.19817357
47.41389622,8.02523689
47.94054997,7.52362422
46.13533278,9.45226718
46.58538812,8.05106307
48.4610064,9.05567348
48.60652888,9.50415258
46.7438724,9.60368399
47.12174778,10.16644486
47.03353571,7.3377517
48.05892499,7.96751408
47.31491323,9.12077915
47.15734446,9.80717
46.25391185,7.62341261
47.13317091,9.43496016
47.70429538,6.58468887
48.26807898,10.09414858
46.77932944,8.20992083
48.03215013,6.64428847
46.58192004,7.24104137
48.67283417,8.78162372
47.95496255,8.33986542
46.62246946,10.34986654
47.80706092,9.11231714
46.19543046,8.33637627
46.98083855,10.57332859
48.38683486,8.12878031
47.34287446,6.63462041
47.9662029,9.53886239
46.90757256,7.33414999
47.62545825,7.83692268
48.37550561,8.99070626
46.55375373,8.1068443
46.63793902,6.88250124
47.41926897,8.00153838
48.48040919,8.49855525
47.19854878,10.20289943
47.85444529,8.07040602
47.7558315,9.52723792
46.12463277,8.63867207
46.85370495,9.91676719
47.10227677,7.59569886
47.31514139,7.75820219
48.02764454,8.94248101
48.20659171,7.15824957
45.95287219,8.59885486
48.29835408,8.1406302
47.88802669,6.98818937
47.46007178,9.09616464
47.68491777,6.89869727
47.71249811,7.76625734
48.40959917,9.49390757
46.34244429,7.91056394
48.36281234,9.89919558
47.04288977,8.91272313
48.66708691,8.19258729
46.42023222,9.77855206
48.46592201,9.22205075
47.10687946,9.82262521
48.38104425,9.820447
46.95564435,8.23493747
47.62445382,9.92295094
48.33788476,7.59311923
48.16118788,7.79985521
46.89464001,8.01190875
47.94059027,9.4047811
46.13785177,7.59279142
46.79819667,7.63665309
47.44627403,6.84385734
47.44285639,8.61990472
46.86653215,8.85199063
48.22985465,8.3255872
46.65405305,6.85964655
46.58897855,7.10935833
47.23571178,10.00092519
48.21959552,7.4041135
47.89187793,7.33013305
46.53007941,7.49886596
46.98767294,7.31572975
47.6455113,7.40845802
47.32637242,8.09660012
48.15255937,9.4845069
47.73911044,9.65072248
46.85013767,9.89991581
47.16232955,9.45894665
48.36680021,8.17849186
46.99227733,8.43016284
46.36883258,9.41123811
47.48821978,6.91196981
48.55597419,7.71642352
46.84936944,9.15456474
47.26616954,9.01454231
48.26019751,9.65158182
47.83718192,9.76858086
47.58203159,8.12277746
47.53051109,7.92152804
46.55973175,8.11156862
47.69862932,9.46457904
48.33738058,7.52088812
46.78177461,9.66218136
48.09973712,7.08281564
46.10006597,8.55094445
48.48477475,9.40089097
47.13547718,7.4182797
46.45748981,7.13744162
47.30762157,8.63221699
47.27926242,9.7067206
46.56372331,8.02737298
46.69329043,7.12708173
48.10826067,7.13093419
47.10162774,9.98983323
47.26471709,9.41990465
46.86711976,10.41054766
48.30903121,9.64213013
47.67818468,8.76156696
48.18452796,9.04216786
48.44466285,9.3272026
46.54250168,8.3232183
46.94843915,8.36729598
46.18982151,8.55527213
47.55802365,9.08233265
46.75142731,7.75877817
47.71966817,10.43958103
48.1770609,6.76292511
48.30445979,8.37491185
48.57987857,7.5627134
47.13556253,9.0664137
46.55812728,8.52563045
46.13501685,8.11385676
45.96960007,8.01859846
47.28796239,9.9344064
46.50785157,7.19531914
47.69978645,9.97211762
48.19616032,9.34774504
46.68306316,9.58597271
48.57888092,8.7939002
48.10313312,8.38323152
47.37281633,7.05743514
46.38239393,8.77527107
47.615925,7.23198186
46.07608456,7.76905155
47.43991847,10.11137649
48.38066279,8.81777361
47.73734378,10.2796287
46.93899549,9.72769746
48.1016158,6.75809771
47.7871057,7.55147685
47.02939751,8.84443685
46.22300585,7.32525121
47.48987124,7.47710565
47.86707788,10.03940515
47.36351088,9.74101649
47.58612485,7.75759428
46.39114796,7.06433486
47.81639415,8.3569661
47.0152305,7.41037638
48.0338883,8.62447995
48.6124653,8.92124342
46.57670219,9.20756581
46.45846777,7.94603752
46.78040945,9.58778515
46.38112345,8.34192312
46.17250224,9.2375558
46.76236899,9.09176956
47.35437272,7.07946216
46.91773773,8.69615487
47.66245115,9.65738884
46.82199857,7.50976037
46.63703147,9.40237401
46.29419894,9.95167997
47.75235616,8.38309058
46.46583817,9.85544874
48.3661746,7.11712229
46.36179837,9.20395501
48.06622827,6.81182558
47.63896016,9.73593014
47.74620116,9.98012371
46.65248685,8.72239374
47.01333544,6.7280004
47.29141303,9.4742581
47.74368626,9.86663209
46.53304058,8.76448747
46.00922927,8.09423136
47.03192723,9.49254175
48.4675504,8.8340591
47.57332744,9.09171645
48.18775514,10.29799869
48.74006571,8.61853076
48.39463327,7.10625669
46.6096282,6.75310803
48.19698785,7.26079675
47.74308854,8.54417978
45.98538707,8.93515645
47.61893351,9.35700695
47.34171617,9.21709579
48.52723991,9.43620475
46.32127065,8.20076203
46.87489648,9.74622257
47.14311914,8.65133672
46.25586195,9.13124199
47.02209399,8.53459081
48.59410289,8.34522304
46.39184098,9.85454668
48.18179164,9.52411529
46.85596077,10.06822835
47.1372138,7.98053385
48.08995177,7.90443198
47.40714242,10.24792136
48.39720538,9.24313082
46.82265534,8.3732849
46.20499844,8.83760767
46.79176154,7.12531216
46.95429355,9.63858137
47.72971195,6.93048907
46.35794956,8.05834833
46.87993805,8.60514559
46.29687555,9.72138983
47.89945154,10.00992348
48.47863105,9.34328822
47.40214818,9.59164973
48.36198103,7.1310477
47.03172122,7.31157998
47.34965411,8.91902072
48.03047895,7.5406055
47.91908673,7.52270133
47.90576768,7.09835834
47.40535151,9.82303291
47.5056462,7.1834955
47.22008706,9.68518863
46.86583704,8.88321761
46.84507279,7.09141626
47.6528775,7.33576789
47.80530421,7.08982948
48.2005067,7.71832714
47.52393341,6.77597253
48.07359826,8.83255164
48.08370618,9.0754629
48.25976126,7.21610039
47.09571951,9.00596991
48.42978526,9.70522815
47.51410272,10.50516244
46.56890639,9.80302699
48.13511064,8.60052279
47.44099368,9.2220512
48.50857499,9.34113365
47.62589114,10.40782135
46.0733247,9.27938367
47.63548397,8.09774364
48.25864185,9.4138891
47.77483279,7.43483216
47.47078632,8.91490103
46.83557431,8.96746839
47.30296111,8.48256019
47.64511786,8.79512382
47.9705926,9.17102877
46.6114627,7.37632967
47.95224386,6.92117339
48.71950891,8.66712929
46.55479229,7.68295263
47.07595829,7.11540883
47.137913,7.07031641
46.63880693,10.1683343
46.77224394,7.70604784
46.27900287,7.44443327
48.24885433,8.74930517
47.59109738,9.47185426
48.5553162,9.74872004
46.8201554,7.93713683
47.49924535,10.540344
47.359349,9.48181808
48.4319461,9.72273175
48.30625126,8.67003592
46.78186694,8.82938807
47.65077025,8.43134787
46.36648462,7.03727265
46.98946901,10.49561341
47.59923874,6.74018476
48.26515173,9.31453643
47.20821029,6.97390666
46.21744798,7.62364519
48.48170549,8.16962957
46.57484042,8.33732268
48.59021921,9.37823789
48.47889224,7.95906404
46.74249467,7.25973642
47.79014176,8.53965038
48.55128617,9.73702515
46.62622368,10.17285679
46.64741483,8.12189575
46.97568386,8.86918038
48.55774872,8.44675585
46.38796714,8.47239991
48.59467479,9.63121567
47.20186313,9.6459926
47.5443933,7.79600986
47.06038089,9.12807723
46.92164227,6.75916354
48.14332577,8.38459891
47.16685354,8.70663119
46.1304838,8.56178202
47.37397309,10.56537268
47.44883108,9.3558085
48.38978565,7.19906721
47.29970665,7.96020998
48.4638037,8.72020293
48.17301883,9.38449532
46.73256946,9.91394687
47.68762549,10.14607327
48.44356096,8.87256725
46.50937423,10.0677597
47.23096855,7.81607011
46.88438935,8.79044726
46.12362419,8.25428827
48.03319152,9.02237606
46.9162462,9.79902877
47.66709714,7.12954014
46.25009902,7.91517898
46.48398158,7.20800311
48.78171496,8.2744548
47.24015439,9.17525309
47.33377315,9.77524666
47.9223446,7.99469256
46.78786419,7.42848247
47.55350725,7.79523055
48.57205106,9.39728
46.79862361,8.08029949
47.54381505,7.6965055
47.24197652,6.60133891
46.9178847,10.00034729
48.21248471,8.49325471
48.30574515,8.61423235
48.35867035,7.18141802
46.3736826,8.2001929
48.07180966,9.18247568
47.68106535,7.17191844
47.51704181,9.13105606
46.37148373,7.68837514
47.68872955,8.68247321
47.55821596,10.64498632
47.93677954,8.59280692
47.3512884,7.01513324
47.39259623,9.62608543
46.98607259,9.20569291
47.72148115,8.34808967
48.11071967,8.49454954
47.51973013,9.57705015
48.1599864,8.86073343
48.1685441,9.06200929
47.35374961,8.87897089
48.63550022,8.68808733
46.34097732,8.57202744
47.64837193,9.48514048
46.44883507,8.7291284
48.17351867,8.97122852
46.49032316,7.07730808
48.11745905,9.78494277
48.46382313,7.75445942
47.4171441,10.52782582
47.53309076,10.13666347
47.20217861,9.3235924
47.98328794,7.45810423
46.97695943,7.61004774
46.15634381,8.25213985
48.1995065,7.44885703
47.03481078,6.77005745
46.686989,10.28996794
47.25097062,9.35475352
48.50329444,7.76040472
47.61068229,7.90930626
47.95239115,8.89076217
48.17713942,10.26408206
47.34888714,9.15516028
46.67754715,7.96396981
47.40561964,7.90685914
46.02267463,8.41310142
48.33234763,9.07771146
46.85229651,8.03565323
46.7221124,10.34597204
48.59837862,7.68491875
47.68465631,9.56660452
47.80574879,8.58997896
47.9447579,7.41884404
47.28573804,8.01820178
47.13583113,6.8202807
47.43176163,8.82872741
46.41389747,7.29550193
47.4661048,8.78487147
46.6972419,7.19038257
46.51064266,8.40324397
47.17402148,7.56271074
47.38430757,8.97635053
47.42162605,9.636741
48.3182084,7.22267177
46.82129729,9.02092452
46.38407293,7.83185108
47.97284993,9.11149278
46.60719923,7.82888067
47.9214058,6.74872568
46.26917477,7.42921329
46.76768506,7.63130455
45.99974904,7.86203804
46.19915093,8.24787832
47.90573275,9.32801101
47.01194174,8.89091802
48.363552,9.8380317
47.98428458,10.10474293
46.96476087,6.8111377
47.34432703,6.44384888
47.42545525,7.73162949
47.19221125,10.63060438
47.787501,7.91062739
46.37860404,7.34195607
46.40942496,9.56150493
47.5371964,10.30069781
46.44074714,9.19412374
47.93072567,9.85403666
46.97748232,8.69082252
46.80417426,9.22058126
46.31476953,7.2443469
48.20130298,8.88592667
46.22202211,7.35778352
46.98198049,7.73626024
47.22375238,8.24758283
47.18330047,9.48313142
46.19315446,9.63244056
47.02744378,9.23192149
47.41170448,6.97762637
48.27085693,8.34564873
48.08174005,7.55716257
46.57199178,7.97054078
47.69488,9.36746811
46.19441583,9.6396964
48.22239084,10.05820644
46.84240126,6.76000688
48.46811687,7.29144151
46.59331407,9.29188411
47.48359385,7.39841226
48.59574391,7.46096519
46.66896179,8.15305763
47.48528469,9.59402301
48.1705832,8.40956346
46.70620639,6.90249713
46.16343686,8.99580865
46.24031142,7.77934154
48.05550395,6.98422753
47.74829872,9.67605362
46.73963001,7.40261011
46.59806799,10.2868375
47.49583905,10.26233453
48.10996046,10.2614731
47.73674745,7.12116038
46.94384635,6.51093395
46.57871915,6.95885362
48.30755526,8.52737265
46.55324984,9.62701286
47.24364062,7.49081927
48.49320092,9.88582313
47.52925003,7.12611355
47.71124025,9.79888611
47.61029876,8.769551
48.67118296,8.96599834
47.1303481,7.06634441
48.40877312,7.89333345
46.76607252,10.21839547
48.07350427,8.24106324
47.2106644,7.41555025
47.62897819,7.45214787
48.0954132,6.8814392
46.34266179,9.78419061
47.21831306,7.93117855
47.46559337,9.77186284
47.5550389,10.25733678
46.62970059,7.45502625
46.71376516,10.00626911
47.94121884,7.39134779
46.43182469,6.97663859
47.91348419,9.11124704
47.91546174,6.80896724
47.94539139,10.05169066
48.10428698,10.22422277
46.63300808,9.24744302
46.29931457,8.47903837
47.7540562,7.01512437
47.00233698,7.9084195
48.20472413,10.15688597
47.83280075,9.31103733
46.38546051,7.18682438
47.98097676,8.4615417
48.45314291,8.73425191
47.73708013,9.66954743
48.25664313,7.44488579
48.01312942,6.69777196
46.45945532,7.36275592
46.40150271,9.26521656
47.409546,7.04460944
47.38617661,7.70164381
47.86834005,7.97527596
46.91098493,8.71360948
47.93462682,9.64057137
47.57822057,9.64624275
47.45944574,9.7569231
46.6974472,8.74564521
46.33598492,8.69534527
48.69526143,8.56442528
46.61250855,10.01984131
46.40147626,7.25513998
46.46749612,9.1360073
47.4401889,8.36804557
46.91655173,6.61954197
46.71998192,8.22296296
46.95937047,8.41710711
46.49435437,7.3902192
47.17674894,8.6738587
47.73894787,7.35773374
47.70427334,9.69802109
47.48080659,8.40661564
47.38003418,6.74214401
46.71281875,9.5934565
47.65340092,7.52429563
48.1363356,7.26126371
47.48051475,7.2648695
46.76874684,10.28534537
47.25451522,7.39492694
47.23922144,9.82961184
48.01769949,8.04223931
47.14977894,7.11461995
46.54964211,6.87027071
47.05576328,8.44090854
48.0832007,7.17309044
47.573779,10.04507952
47.77742873,10.19081777
47.29941175,10.40034474
47.77577762,8.2545022
47.82853107,9.47821626
48.08935455,10.29160669
48.42464222,9.15932813
46.79319583,8.0115461
47.07271403,7.34936873
47.00018262,8.13117439
46.74792489,7.9452547
48.22926054,8.72123257
46.45474563,7.03299936
46.67489858,6.94521829
48.75144425,8.87664635
46.25502459,7.28285759
47.4019488,7.93679875
47.14453448,10.56331369
45.99746775,7.99853023
48.41771148,7.10710087
46.66503113,9.51803059
47.03743835,8.60202342
46.80176646,9.43999564
46.94065521,8.04306654
46.07688286,9.25585369
47.69762108,7.36950186
48.36583857,8.96245931
47.32421836,10.64513936
47.98511195,7.2415051
46.19047227,7.59397995
47.45544564,9.06789582
46.77499793,8.84877352
47.39364855,7.91863441
47.54148104,8.0068292
46.59244189,9.10352818
47.45727331,10.46345374
46.05821727,8.44102293
48.27987935,9.4442443
46.74988151,9.65119782
48.23617195,8.87091114
48.19586915,9.97264377
46.2161486,7.57311342
46.31492449,9.43240023
48.41048937,9.54233705
48.43275835,9.11237245
47.21777181,9.57046972
46.64333199,9.91894292
46.45381977,8.06110157
46.62921961,9.81375502
