Observation	Correct	FP	FN
0	2	0	0
1	2	0	0
2	2	0	0
3	2	0	0
4	2	0	0
5	2	0	0
6	2	0	0
7	2	0	0
8	2	0	0
9	2	0	0
10	2	0	0
11	2	0	0
12	2	0	0
13	2	0	0
14	2	0	0
15	2	0	0
16	2	0	0
17	2	0	0
18	2	0	0
19	1	0	1
20	2	0	0
21	2	0	0
22	1	0	1
23	2	1	0
24	2	0	0
25	2	0	0
26	2	0	0
27	2	0	0
28	2	0	0
29	2	0	0
30	2	1	0
31	1	0	1
32	2	0	0
33	2	1	0
34	1	0	1
35	2	0	0
36	2	0	0
37	1	0	1
38	1	0	1
39	2	1	0
40	2	0	0
41	1	0	1
42	2	0	0
43	2	0	0
44	1	0	1
45	2	0	0
46	1	0	1
47	1	0	1
48	2	0	0
49	2	0	0
50	2	0	0
51	2	0	0
52	2	0	0
53	2	1	0
54	1	0	1
55	2	1	0
56	2	1	0
57	1	0	1
58	1	0	1
59	2	1	0
60	2	1	0
61	2	0	0
62	2	0	0
63	2	1	0
64	1	0	1
65	2	0	0
66	2	0	0
67	2	1	0
68	2	1	0
69	1	0	1
70	2	1	0
71	0	0	2
72	2	1	0
73	1	0	1
74	0	0	2
75	2	0	0
76	2	0	0
77	2	1	0
78	1	0	1
79	2	0	0
80	2	1	0
81	2	1	0
82	2	0	0
83	2	0	0
84	2	0	0
85	2	1	0
86	2	1	0
87	1	0	1
88	0	0	2
89	2	1	0
90	0	0	2
91	2	1	0
92	1	0	1
93	1	0	1
94	2	0	0
95	2	1	0
96	2	1	0
97	0	0	2
98	2	1	0
99	1	0	1
