Observation	Correct	FP	FN
0	5	0	0
1	5	0	0
2	5	0	0
3	4	0	1
4	4	0	1
5	5	0	0
6	5	0	0
7	5	0	0
8	5	0	0
9	5	0	0
10	5	0	0
11	5	0	0
12	4	0	1
13	4	0	1
14	4	0	1
15	5	1	0
16	4	0	1
17	4	0	1
18	5	0	0
19	5	1	0
20	4	0	1
21	4	0	1
22	5	1	0
23	4	0	1
24	4	0	1
25	5	1	0
26	5	0	0
27	5	1	0
28	5	0	0
29	5	0	0
30	5	0	0
31	4	0	1
32	4	0	1
33	4	0	1
34	4	0	1
35	5	0	0
36	4	0	1
37	4	0	1
38	4	0	1
39	5	1	0
40	4	0	1
41	4	0	1
42	4	0	1
43	4	0	1
44	5	1	0
45	5	1	0
46	4	0	1
47	4	0	1
48	5	1	0
49	4	0	1
50	5	1	0
51	4	0	1
52	4	0	1
53	4	0	1
54	5	1	0
55	5	1	0
56	5	1	0
57	4	0	1
58	4	0	1
59	5	1	0
60	5	0	0
61	4	0	1
62	4	0	1
63	5	1	0
64	5	0	0
65	5	1	0
66	4	0	1
67	4	0	1
68	5	0	0
69	4	0	1
70	5	1	0
71	5	1	0
72	5	1	0
73	5	1	0
74	5	1	0
75	5	1	0
76	4	0	1
77	5	0	0
78	4	0	1
79	5	1	0
80	5	0	0
81	4	0	1
82	5	1	0
83	4	0	1
84	5	1	0
85	5	2	0
86	5	1	0
87	5	1	0
88	4	0	1
89	4	0	1
90	4	0	1
91	5	1	0
92	5	1	0
93	5	1	0
94	5	1	0
95	5	2	0
96	5	0	0
97	5	2	0
98	4	0	1
99	4	0	1
