Observation	Correct	FP	FN
0	2	0	0
1	2	0	0
2	2	0	0
3	2	0	0
4	2	0	0
5	2	0	0
6	2	0	0
7	2	0	0
8	2	0	0
9	2	0	0
10	2	0	0
11	1	0	1
12	2	0	0
13	2	0	0
14	2	0	0
15	2	0	0
16	1	0	1
17	1	0	1
18	2	0	0
19	1	0	1
20	2	0	0
21	2	0	0
22	2	0	0
23	2	0	0
24	2	0	0
25	2	0	0
26	2	0	0
27	1	0	1
28	1	0	1
29	2	0	0
30	2	0	0
31	1	0	1
32	2	1	0
33	1	0	1
34	2	0	0
35	2	0	0
36	2	0	0
37	2	1	0
38	2	0	0
39	2	1	0
40	2	1	0
41	1	0	1
42	2	2	0
43	2	0	0
44	2	0	0
45	1	0	1
46	2	1	0
47	2	1	0
48	0	0	2
49	2	1	0
50	0	0	2
51	1	0	1
52	2	0	0
53	2	1	0
54	1	0	1
55	2	1	0
56	0	0	2
57	2	1	0
58	0	0	2
59	2	2	0
60	2	2	0
61	1	0	1
62	2	1	0
63	2	1	0
64	2	1	0
65	2	1	0
66	2	2	0
67	1	0	1
68	2	1	0
69	2	2	0
70	2	1	0
71	2	0	0
72	1	0	1
73	2	1	0
74	2	1	0
75	2	1	0
76	0	0	2
77	2	2	0
78	0	0	2
79	2	0	0
80	2	1	0
81	2	1	0
82	2	1	0
83	2	0	0
84	0	0	2
85	2	2	0
86	0	0	2
87	2	1	0
88	0	0	2
89	2	1	0
90	2	2	0
91	2	2	0
92	2	1	0
93	0	0	2
94	2	1	0
95	0	0	2
96	2	2	0
97	2	2	0
98	2	1	0
99	2	2	0
