Observation	Correct	FP	FN
0	2	0	0
1	2	0	0
2	2	0	0
3	2	0	0
4	2	0	0
5	2	0	0
6	2	0	0
7	2	0	0
8	2	0	0
9	2	0	0
10	2	0	0
11	2	0	0
12	2	0	0
13	2	0	0
14	1	0	1
15	1	0	1
16	2	0	0
17	2	0	0
18	2	0	0
19	2	1	0
20	1	0	1
21	2	0	0
22	2	0	0
23	2	0	0
24	2	0	0
25	2	0	0
26	2	0	0
27	2	0	0
28	2	1	0
29	2	0	0
30	2	0	0
31	2	0	0
32	1	0	1
33	2	0	0
34	2	1	0
35	1	0	1
36	2	0	0
37	2	0	0
38	1	0	1
39	2	0	0
40	1	0	1
41	2	1	0
42	2	1	0
43	2	2	0
44	2	1	0
45	2	1	0
46	1	0	1
47	2	0	0
48	2	1	0
49	1	0	1
50	2	1	0
51	2	0	0
52	2	0	0
53	2	1	0
54	2	1	0
55	2	2	0
56	2	0	0
57	2	1	0
58	2	1	0
59	1	0	1
60	2	0	0
61	1	0	1
62	2	1	0
63	1	0	1
64	2	1	0
65	1	0	1
66	2	1	0
67	0	0	2
68	2	1	0
69	0	0	2
70	2	0	0
71	2	0	0
72	2	0	0
73	2	2	0
74	2	1	0
75	2	1	0
76	1	0	1
77	0	0	2
78	0	0	2
79	2	1	0
80	0	0	2
81	1	0	1
82	2	2	0
83	0	0	2
84	2	0	0
85	2	3	0
86	0	0	2
87	0	0	2
88	0	0	2
89	1	1	1
90	1	0	1
91	1	0	1
92	0	0	2
93	1	0	1
94	0	0	2
95	2	1	0
96	2	3	0
97	2	1	0
98	0	0	2
99	0	0	2
