Observation	Correct	FP	FN
0	2	0	0
1	2	0	0
2	2	0	0
3	2	0	0
4	2	0	0
5	2	0	0
6	2	0	0
7	2	0	0
8	2	0	0
9	2	0	0
10	2	0	0
11	2	0	0
12	2	0	0
13	2	0	0
14	2	0	0
15	2	0	0
16	2	0	0
17	2	0	0
18	2	0	0
19	1	0	1
20	2	0	0
21	1	0	1
22	2	0	0
23	1	0	1
24	2	0	0
25	2	0	0
26	1	0	1
27	1	0	1
28	1	0	1
29	2	0	0
30	2	0	0
31	2	1	0
32	2	0	0
33	1	0	1
34	1	0	1
35	1	0	1
36	2	1	0
37	2	0	0
38	2	0	0
39	1	0	1
40	2	0	0
41	1	0	1
42	2	0	0
43	1	0	1
44	2	1	0
45	1	0	1
46	2	0	0
47	2	0	0
48	1	0	1
49	1	0	1
50	1	0	1
51	2	0	0
52	2	1	0
53	2	0	0
54	2	0	0
55	2	0	0
56	2	1	0
57	1	0	1
58	2	0	0
59	1	0	1
60	2	1	0
61	1	0	1
62	1	0	1
63	1	0	1
64	2	0	0
65	1	0	1
66	2	1	0
67	2	1	0
68	1	0	1
69	2	1	0
70	1	0	1
71	0	0	2
72	2	1	0
73	1	0	1
74	1	0	1
75	2	0	0
76	2	1	0
77	0	0	2
78	2	0	0
79	2	1	0
80	2	1	0
81	2	1	0
82	2	1	0
83	2	1	0
84	2	1	0
85	2	1	0
86	2	1	0
87	2	0	0
88	2	1	0
89	2	1	0
90	0	0	2
91	0	0	2
92	2	0	0
93	1	0	1
94	0	0	2
95	2	1	0
96	0	0	2
97	2	0	0
98	2	1	0
99	0	0	2
