Observation	Correct	FP	FN
0	4	0	0
1	4	0	0
2	4	0	0
3	4	0	0
4	3	0	1
5	4	0	0
6	4	0	0
7	3	0	1
8	3	0	1
9	4	0	0
10	3	0	1
11	4	0	0
12	3	0	1
13	4	0	0
14	3	0	1
15	4	0	0
16	3	0	1
17	4	0	0
18	3	0	1
19	4	0	0
20	4	0	0
21	4	0	0
22	4	0	0
23	4	0	0
24	3	0	1
25	3	0	1
26	4	0	0
27	4	0	0
28	3	0	1
29	3	0	1
30	4	0	0
31	4	0	0
32	4	0	0
33	3	0	1
34	4	0	0
35	3	0	1
36	4	0	0
37	4	0	0
38	3	0	1
39	3	0	1
40	3	0	1
41	4	0	0
42	4	0	0
43	3	0	1
44	3	0	1
45	4	0	0
46	4	0	0
47	4	0	0
48	3	0	1
49	3	0	1
50	4	0	0
51	4	0	0
52	4	0	0
53	4	0	0
54	3	0	1
55	3	0	1
56	4	0	0
57	3	0	1
58	3	0	1
59	4	0	0
60	3	0	1
61	4	0	0
62	3	0	1
63	3	0	1
64	3	0	1
65	4	0	0
66	3	0	1
67	3	0	1
68	4	0	0
69	3	0	1
70	3	0	1
71	3	0	1
72	4	0	0
73	4	0	0
74	4	0	0
75	4	0	0
76	3	0	1
77	3	0	1
78	4	0	0
79	4	0	0
80	3	0	1
81	4	0	0
82	3	0	1
83	4	0	0
84	3	0	1
85	3	0	1
86	4	0	0
87	4	0	0
88	4	0	0
89	3	0	1
90	3	0	1
91	4	0	0
92	4	0	0
93	4	0	0
94	3	0	1
95	3	0	1
96	3	0	1
97	4	0	0
98	3	0	1
99	3	0	1
