Observation	Correct	FP	FN
0	2	0	0
1	2	0	0
2	2	0	0
3	2	0	0
4	2	0	0
5	2	0	0
6	2	0	0
7	2	0	0
8	2	0	0
9	2	0	0
10	2	0	0
11	1	0	1
12	1	0	1
13	2	0	0
14	2	0	0
15	2	0	0
16	1	0	1
17	2	0	0
18	2	0	0
19	2	0	0
20	2	0	0
21	2	0	0
22	1	0	1
23	2	0	0
24	1	0	1
25	1	0	1
26	1	0	1
27	2	0	0
28	2	0	0
29	1	0	1
30	1	0	1
31	2	0	0
32	2	0	0
33	2	0	0
34	2	0	0
35	1	0	1
36	1	0	1
37	2	0	0
38	2	0	0
39	1	0	1
40	2	0	0
41	1	0	1
42	2	0	0
43	1	0	1
44	2	0	0
45	2	1	0
46	1	0	1
47	0	0	2
48	2	0	0
49	2	0	0
50	2	0	0
51	1	0	1
52	2	1	0
53	0	0	2
54	2	0	0
55	2	1	0
56	1	0	1
57	2	0	0
58	0	0	2
59	2	0	0
60	2	1	0
61	0	0	2
62	2	0	0
63	0	0	2
64	2	1	0
65	2	1	0
66	2	0	0
67	0	0	2
68	1	0	1
69	2	1	0
70	2	0	0
71	2	0	0
72	2	0	0
73	2	1	0
74	2	1	0
75	0	0	2
76	0	0	2
77	2	1	0
78	0	0	2
79	2	1	0
80	2	1	0
81	0	0	2
82	1	0	1
83	2	1	0
84	2	1	0
85	2	0	0
86	2	1	0
87	2	1	0
88	2	0	0
89	2	0	0
90	2	0	0
91	2	0	0
92	2	0	0
93	2	1	0
94	2	1	0
95	2	1	0
96	1	0	1
97	2	0	0
98	2	1	0
99	2	1	0
