Observation	Correct	FP	FN
0	6	0	0
1	6	0	0
2	5	0	1
3	5	0	1
4	5	0	1
5	6	0	0
6	5	0	1
7	5	0	1
8	5	0	1
9	5	0	1
10	6	0	0
11	5	0	1
12	5	0	1
13	5	0	1
14	5	0	1
15	5	0	1
16	5	0	1
17	6	0	0
18	6	0	0
19	6	0	0
20	5	0	1
21	6	0	0
22	5	0	1
23	5	0	1
24	6	0	0
25	5	0	1
26	6	0	0
27	6	0	0
28	6	0	0
29	6	0	0
30	5	0	1
31	6	0	0
32	6	0	0
33	5	0	1
34	6	0	0
35	5	0	1
36	5	0	1
37	5	0	1
38	6	0	0
39	5	0	1
40	5	0	1
41	5	0	1
42	5	0	1
43	5	0	1
44	5	0	1
45	6	0	0
46	5	0	1
47	6	0	0
48	5	0	1
49	6	0	0
50	6	0	0
51	6	0	0
52	5	0	1
53	6	0	0
54	5	0	1
55	5	0	1
56	6	0	0
57	6	0	0
58	6	0	0
59	6	0	0
60	6	0	0
61	6	0	0
62	5	0	1
63	6	0	0
64	5	0	1
65	5	0	1
66	5	0	1
67	6	0	0
68	6	0	0
69	6	0	0
70	5	0	1
71	6	0	0
72	6	0	0
73	6	0	0
74	5	0	1
75	6	0	0
76	5	0	1
77	6	0	0
78	5	0	1
79	5	0	1
80	6	0	0
81	6	0	0
82	5	0	1
83	5	0	1
84	6	0	0
85	6	0	0
86	6	0	0
87	5	0	1
88	5	0	1
89	6	0	0
90	6	0	0
91	6	0	0
92	6	0	0
93	6	0	0
94	5	0	1
95	6	0	0
96	6	0	0
97	6	0	0
98	5	0	1
99	6	0	0
