Observation	Correct	FP	FN
0	2	0	0
1	2	0	0
2	2	0	0
3	2	0	0
4	2	0	0
5	2	0	0
6	2	0	0
7	2	0	0
8	2	0	0
9	2	0	0
10	2	0	0
11	2	0	0
12	2	0	0
13	2	0	0
14	2	0	0
15	2	0	0
16	2	0	0
17	2	0	0
18	2	0	0
19	2	0	0
20	2	0	0
21	2	0	0
22	2	0	0
23	1	0	1
24	2	0	0
25	1	0	1
26	2	0	0
27	2	0	0
28	1	0	1
29	2	1	0
30	2	1	0
31	2	1	0
32	2	0	0
33	2	0	0
34	2	1	0
35	2	0	0
36	2	0	0
37	2	0	0
38	1	0	1
39	2	1	0
40	2	1	0
41	2	0	0
42	2	0	0
43	2	1	0
44	2	0	0
45	1	0	1
46	2	0	0
47	2	1	0
48	2	1	0
49	2	1	0
50	2	1	0
51	1	0	1
52	1	0	1
53	2	1	0
54	2	1	0
55	2	0	0
56	2	1	0
57	2	1	0
58	2	1	0
59	1	0	1
60	1	0	1
61	1	0	1
62	2	0	0
63	2	1	0
64	1	0	1
65	2	1	0
66	1	0	1
67	2	1	0
68	1	0	1
69	2	0	0
70	2	1	0
71	2	0	0
72	0	0	2
73	1	0	1
74	0	0	2
75	2	0	0
76	2	0	0
77	2	1	0
78	0	0	2
79	2	1	0
80	2	0	0
81	2	1	0
82	2	1	0
83	1	0	1
84	2	1	0
85	2	1	0
86	2	1	0
87	2	0	0
88	2	1	0
89	0	0	2
90	2	0	0
91	0	0	2
92	1	0	1
93	2	0	0
94	2	0	0
95	2	1	0
96	2	1	0
97	0	0	2
98	1	0	1
99	0	0	2
