Observation	Correct	FP	FN
0	7	0	0
1	7	0	0
2	7	0	0
3	7	0	0
4	7	0	0
5	7	0	0
6	7	0	0
7	7	0	0
8	7	0	0
9	7	0	0
10	7	0	0
11	7	0	0
12	7	0	0
13	7	0	0
14	6	0	1
15	7	0	0
16	7	0	0
17	6	0	1
18	7	0	0
19	7	0	0
20	7	0	0
21	6	0	1
22	7	0	0
23	7	0	0
24	7	0	0
25	7	0	0
26	6	0	1
27	7	0	0
28	7	0	0
29	7	0	0
30	7	0	0
31	7	0	0
32	7	0	0
33	6	0	1
34	6	0	1
35	7	0	0
36	7	0	0
37	7	0	0
38	7	0	0
39	7	0	0
40	6	0	1
41	6	0	1
42	7	0	0
43	7	0	0
44	7	0	0
45	7	0	0
46	7	0	0
47	7	0	0
48	7	0	0
49	7	0	0
50	7	0	0
51	6	0	1
52	7	0	0
53	6	0	1
54	7	0	0
55	7	0	0
56	6	0	1
57	7	0	0
58	7	0	0
59	6	0	1
60	7	0	0
61	7	0	0
62	7	0	0
63	7	0	0
64	7	0	0
65	7	0	0
66	6	0	1
67	6	0	1
68	7	0	0
69	7	0	0
70	6	0	1
71	7	0	0
72	7	0	0
73	7	0	0
74	7	0	0
75	6	0	1
76	6	0	1
77	6	0	1
78	6	0	1
79	7	0	0
80	7	0	0
81	6	0	1
82	6	0	1
83	7	0	0
84	6	0	1
85	6	0	1
86	6	0	1
87	6	0	1
88	6	0	1
89	6	0	1
90	6	0	1
91	6	0	1
92	7	0	0
93	7	0	0
94	7	0	0
95	6	0	1
96	7	0	0
97	6	0	1
98	7	0	0
99	7	0	0
