Observation	Correct	FP	FN
0	2	0	0
1	2	0	0
2	2	0	0
3	2	0	0
4	2	0	0
5	2	0	0
6	2	0	0
7	2	0	0
8	2	0	0
9	2	0	0
10	2	0	0
11	2	0	0
12	2	0	0
13	2	0	0
14	2	0	0
15	2	0	0
16	2	0	0
17	2	0	0
18	1	0	1
19	2	0	0
20	2	0	0
21	2	0	0
22	2	0	0
23	1	0	1
24	1	0	1
25	2	0	0
26	2	1	0
27	2	0	0
28	2	0	0
29	2	1	0
30	2	0	0
31	2	0	0
32	1	0	1
33	2	0	0
34	2	1	0
35	2	0	0
36	2	1	0
37	1	0	1
38	1	0	1
39	2	0	0
40	2	0	0
41	1	0	1
42	2	0	0
43	1	0	1
44	2	0	0
45	2	1	0
46	2	0	0
47	1	0	1
48	2	1	0
49	2	0	0
50	2	0	0
51	2	0	0
52	1	0	1
53	1	0	1
54	1	0	1
55	2	0	0
56	2	1	0
57	1	0	1
58	1	0	1
59	1	0	1
60	2	1	0
61	1	0	1
62	2	1	0
63	1	0	1
64	1	0	1
65	1	0	1
66	2	0	0
67	2	0	0
68	2	1	0
69	1	0	1
70	2	1	0
71	1	0	1
72	2	1	0
73	0	0	2
74	2	0	0
75	0	0	2
76	2	1	0
77	2	0	0
78	2	1	0
79	0	0	2
80	2	0	0
81	2	1	0
82	2	1	0
83	0	0	2
84	2	1	0
85	2	1	0
86	1	0	1
87	2	1	0
88	2	1	0
89	2	1	0
90	2	0	0
91	2	1	0
92	1	0	1
93	2	0	0
94	2	0	0
95	2	1	0
96	0	0	2
97	0	0	2
98	2	1	0
99	2	1	0
