Observation	Correct	FP	FN
0	2	0	0
1	2	0	0
2	2	0	0
3	2	0	0
4	2	0	0
5	2	0	0
6	2	0	0
7	2	0	0
8	2	0	0
9	2	0	0
10	1	0	1
11	2	0	0
12	2	0	0
13	2	0	0
14	1	0	1
15	2	0	0
16	2	0	0
17	2	0	0
18	2	0	0
19	2	0	0
20	1	0	1
21	1	0	1
22	2	0	0
23	2	0	0
24	2	0	0
25	1	0	1
26	2	0	0
27	1	0	1
28	1	0	1
29	2	0	0
30	2	0	0
31	2	0	0
32	2	0	0
33	1	0	1
34	2	0	0
35	2	1	0
36	1	0	1
37	2	0	0
38	2	1	0
39	2	1	0
40	2	0	0
41	2	0	0
42	2	0	0
43	1	0	1
44	2	0	0
45	2	1	0
46	1	0	1
47	1	0	1
48	0	0	2
49	1	0	1
50	2	1	0
51	1	0	1
52	2	1	0
53	0	0	2
54	2	1	0
55	2	1	0
56	0	0	2
57	2	1	0
58	2	0	0
59	2	1	0
60	2	1	0
61	0	0	2
62	0	0	2
63	0	0	2
64	0	0	2
65	2	1	0
66	2	0	0
67	1	0	1
68	2	0	0
69	2	1	0
70	2	1	0
71	0	0	2
72	2	0	0
73	2	0	0
74	0	0	2
75	0	0	2
76	1	0	1
77	2	1	0
78	0	0	2
79	2	1	0
80	2	1	0
81	2	1	0
82	2	1	0
83	0	0	2
84	2	1	0
85	0	0	2
86	0	0	2
87	0	0	2
88	2	0	0
89	2	1	0
90	0	0	2
91	0	0	2
92	0	0	2
93	0	0	2
94	0	0	2
95	2	0	0
96	2	1	0
97	2	0	0
98	0	0	2
99	1	0	1
