Observation	Correct	FP	FN
0	1	0	0
1	1	0	0
2	1	0	0
3	1	0	0
4	1	0	0
5	1	0	0
6	1	0	0
7	1	0	0
8	1	0	0
9	1	0	0
10	1	0	0
11	1	0	0
12	1	0	0
13	1	0	0
14	1	0	0
15	1	0	0
16	1	0	0
17	1	0	0
18	1	0	0
19	1	0	0
20	1	0	0
21	1	0	0
22	1	0	0
23	1	0	0
24	1	0	0
25	1	0	0
26	1	0	0
27	1	0	0
28	1	0	0
29	1	0	0
30	1	0	0
31	1	0	0
32	1	0	0
33	1	0	0
34	1	0	0
35	1	1	0
36	1	1	0
37	1	0	0
38	1	0	0
39	1	0	0
40	1	0	0
41	1	0	0
42	1	0	0
43	1	0	0
44	1	1	0
45	1	0	0
46	1	1	0
47	1	0	0
48	0	0	1
49	1	0	0
50	1	0	0
51	1	0	0
52	1	0	0
53	1	1	0
54	1	1	0
55	1	1	0
56	1	0	0
57	0	0	1
58	1	1	0
59	1	1	0
60	1	0	0
61	1	0	0
62	1	1	0
63	1	0	0
64	0	0	1
65	1	1	0
66	0	0	1
67	1	1	0
68	0	0	1
69	1	1	0
70	1	2	0
71	0	0	1
72	1	0	0
73	1	1	0
74	1	0	0
75	0	0	1
76	1	0	0
77	1	0	0
78	1	0	0
79	1	3	0
80	1	1	0
81	1	3	0
82	1	0	0
83	1	1	0
84	0	0	1
85	1	3	0
86	1	1	0
87	1	1	0
88	1	1	0
89	0	0	1
90	1	1	0
91	1	1	0
92	0	0	1
93	0	0	1
94	0	0	1
95	0	0	1
96	1	5	0
97	1	0	0
98	1	1	0
99	1	0	0
