Observation	Correct	FP	FN
0	2	0	0
1	2	0	0
2	2	0	0
3	2	0	0
4	2	0	0
5	2	0	0
6	2	0	0
7	2	0	0
8	2	0	0
9	2	0	0
10	2	0	0
11	2	0	0
12	2	0	0
13	2	0	0
14	1	0	1
15	2	0	0
16	2	0	0
17	1	0	1
18	2	0	0
19	2	0	0
20	1	0	1
21	1	0	1
22	2	0	0
23	2	0	0
24	2	0	0
25	2	0	0
26	1	0	1
27	2	0	0
28	1	0	1
29	2	0	0
30	2	0	0
31	2	0	0
32	1	0	1
33	1	0	1
34	2	0	0
35	2	0	0
36	1	0	1
37	2	1	0
38	1	0	1
39	2	0	0
40	2	0	0
41	1	0	1
42	2	0	0
43	0	0	2
44	2	0	0
45	0	0	2
46	1	0	1
47	0	0	2
48	0	0	2
49	2	0	0
50	1	0	1
51	2	0	0
52	2	1	0
53	2	0	0
54	1	0	1
55	2	0	0
56	1	0	1
57	2	1	0
58	2	1	0
59	1	0	1
60	2	0	0
61	2	1	0
62	2	0	0
63	0	0	2
64	2	0	0
65	2	0	0
66	2	1	0
67	2	1	0
68	0	0	2
69	2	1	0
70	0	0	2
71	2	0	0
72	1	0	1
73	2	0	0
74	0	0	2
75	1	0	1
76	2	1	0
77	0	0	2
78	2	1	0
79	1	0	1
80	2	0	0
81	2	1	0
82	1	0	1
83	2	1	0
84	2	1	0
85	1	0	1
86	2	1	0
87	2	1	0
88	2	1	0
89	0	0	2
90	1	0	1
91	0	0	2
92	0	0	2
93	2	1	0
94	2	1	0
95	0	0	2
96	2	1	0
97	2	1	0
98	2	1	0
99	0	0	2
