Observation	Correct	FP	FN
0	2	0	0
1	2	0	0
2	2	0	0
3	2	0	0
4	2	0	0
5	2	0	0
6	2	0	0
7	2	0	0
8	2	0	0
9	2	0	0
10	2	0	0
11	2	0	0
12	2	0	0
13	2	0	0
14	2	0	0
15	2	0	0
16	2	0	0
17	2	0	0
18	2	0	0
19	1	0	1
20	2	0	0
21	2	0	0
22	2	0	0
23	2	0	0
24	1	0	1
25	2	0	0
26	2	1	0
27	2	1	0
28	2	0	0
29	2	0	0
30	2	0	0
31	1	0	1
32	2	1	0
33	2	1	0
34	1	0	1
35	2	1	0
36	2	0	0
37	2	0	0
38	2	1	0
39	1	0	1
40	2	1	0
41	2	0	0
42	2	1	0
43	2	1	0
44	2	0	0
45	2	1	0
46	2	0	0
47	1	0	1
48	1	0	1
49	1	0	1
50	2	1	0
51	2	0	0
52	2	1	0
53	1	0	1
54	1	0	1
55	2	0	0
56	2	1	0
57	1	0	1
58	2	0	0
59	2	1	0
60	2	0	0
61	1	0	1
62	1	0	1
63	1	0	1
64	1	0	1
65	0	0	2
66	2	1	0
67	2	0	0
68	1	0	1
69	2	0	0
70	2	0	0
71	0	0	2
72	2	1	0
73	2	1	0
74	1	0	1
75	2	1	0
76	0	0	2
77	0	0	2
78	2	0	0
79	2	0	0
80	2	0	0
81	2	1	0
82	2	0	0
83	2	0	0
84	1	0	1
85	0	0	2
86	2	2	0
87	0	0	2
88	2	1	0
89	0	0	2
90	2	0	0
91	2	1	0
92	0	0	2
93	0	0	2
94	0	0	2
95	2	2	0
96	0	0	2
97	2	2	0
98	2	0	0
99	0	0	2
