Observation	Correct	FP	FN
0	4	0	0
1	4	1	0
2	4	0	0
3	4	0	0
4	4	2	0
5	4	2	0
6	4	0	0
7	4	1	0
8	4	0	0
9	4	1	0
10	4	1	0
11	4	1	0
12	4	2	0
13	4	0	0
14	4	0	0
15	4	1	0
16	4	0	0
17	4	0	0
18	4	1	0
19	4	0	0
20	4	1	0
21	4	2	0
22	4	0	0
23	4	0	0
24	4	1	0
25	4	0	0
26	4	0	0
27	4	0	0
28	4	1	0
29	4	0	0
30	4	2	0
31	4	1	0
32	4	0	0
33	4	1	0
34	4	1	0
35	4	2	0
36	4	0	0
37	4	2	0
38	4	1	0
39	4	1	0
40	4	0	0
41	4	1	0
42	4	1	0
43	4	2	0
44	4	2	0
45	4	2	0
46	4	0	0
47	4	0	0
48	4	0	0
49	4	0	0
50	4	1	0
51	4	0	0
52	4	2	0
53	4	1	0
54	4	1	0
55	4	1	0
56	4	1	0
57	4	0	0
58	4	0	0
59	4	1	0
60	4	0	0
61	4	1	0
62	4	0	0
63	4	0	0
64	4	1	0
65	4	1	0
66	4	1	0
67	4	1	0
68	4	1	0
69	4	1	0
70	4	1	0
71	4	1	0
72	4	1	0
73	4	0	0
74	4	2	0
75	4	2	0
76	4	1	0
77	4	1	0
78	4	0	0
79	4	1	0
80	4	1	0
81	4	1	0
82	4	1	0
83	4	1	0
84	4	0	0
85	4	0	0
86	4	1	0
87	4	2	0
88	4	1	0
89	4	1	0
90	4	0	0
91	4	1	0
92	4	0	0
93	4	2	0
94	4	1	0
95	4	0	0
96	4	0	0
97	4	2	0
98	4	0	0
99	4	1	0
