Observation	Correct	FP	FN
0	2	1	0
1	2	1	0
2	2	1	0
3	2	0	0
4	2	1	0
5	2	0	0
6	2	1	0
7	2	1	0
8	2	1	0
9	2	1	0
10	2	1	0
11	2	1	0
12	2	1	0
13	2	0	0
14	1	0	1
15	2	1	0
16	2	1	0
17	2	1	0
18	2	1	0
19	2	0	0
20	2	1	0
21	2	1	0
22	2	0	0
23	2	1	0
24	2	1	0
25	2	0	0
26	1	0	1
27	1	0	1
28	2	1	0
29	2	0	0
30	1	0	1
31	1	0	1
32	1	1	1
33	1	0	1
34	2	1	0
35	2	2	0
36	2	2	0
37	2	2	0
38	2	1	0
39	1	0	1
40	2	0	0
41	1	0	1
42	2	0	0
43	1	0	1
44	2	1	0
45	1	1	1
46	2	0	0
47	2	1	0
48	2	0	0
49	2	2	0
50	2	0	0
51	2	0	0
52	2	2	0
53	2	2	0
54	1	1	1
55	1	0	1
56	1	0	1
57	2	2	0
58	2	2	0
59	1	0	1
60	2	2	0
61	2	1	0
62	1	1	1
63	2	1	0
64	2	2	0
65	2	1	0
66	1	0	1
67	2	2	0
68	1	0	1
69	2	1	0
70	1	0	1
71	1	0	1
72	1	0	1
73	2	1	0
74	1	1	1
75	2	2	0
76	0	0	2
77	2	0	0
78	2	0	0
79	2	2	0
80	2	2	0
81	2	2	0
82	2	1	0
83	2	1	0
84	0	0	2
85	2	2	0
86	0	0	2
87	2	2	0
88	1	1	1
89	2	1	0
90	2	1	0
91	1	0	1
92	2	2	0
93	0	0	2
94	0	0	2
95	0	0	2
96	2	1	0
97	0	0	2
98	2	2	0
99	2	2	0
