Observation	Correct	FP	FN
0	2	0	0
1	2	0	0
2	2	0	0
3	2	0	0
4	2	0	0
5	2	0	0
6	1	0	1
7	2	0	0
8	2	0	0
9	2	0	0
10	2	0	0
11	2	0	0
12	1	0	1
13	2	0	0
14	2	0	0
15	2	0	0
16	2	0	0
17	2	0	0
18	2	0	0
19	2	0	0
20	2	0	0
21	1	0	1
22	2	0	0
23	2	0	0
24	1	0	1
25	2	0	0
26	2	0	0
27	2	0	0
28	2	0	0
29	2	0	0
30	2	0	0
31	1	0	1
32	1	0	1
33	1	0	1
34	2	0	0
35	2	0	0
36	1	0	1
37	1	0	1
38	1	0	1
39	2	0	0
40	1	0	1
41	2	0	0
42	2	0	0
43	2	0	0
44	1	0	1
45	0	0	2
46	2	0	0
47	2	1	0
48	1	0	1
49	1	0	1
50	0	0	2
51	2	0	0
52	1	0	1
53	2	0	0
54	0	0	2
55	0	0	2
56	2	0	0
57	2	1	0
58	2	0	0
59	2	0	0
60	1	0	1
61	2	0	0
62	2	0	0
63	2	0	0
64	1	0	1
65	2	0	0
66	2	0	0
67	2	0	0
68	0	0	2
69	0	0	2
70	2	0	0
71	0	0	2
72	1	0	1
73	2	1	0
74	2	1	0
75	0	0	2
76	0	0	2
77	0	0	2
78	2	0	0
79	2	1	0
80	2	0	0
81	2	1	0
82	2	1	0
83	0	0	2
84	1	0	1
85	0	0	2
86	2	1	0
87	2	1	0
88	2	1	0
89	2	1	0
90	0	0	2
91	0	0	2
92	0	0	2
93	2	1	0
94	0	0	2
95	0	0	2
96	2	1	0
97	0	0	2
98	2	1	0
99	2	1	0
