Observation	Correct	FP	FN
0	4	1	0
1	4	1	0
2	4	1	0
3	4	1	0
4	4	1	0
5	4	1	0
6	4	1	0
7	4	1	0
8	4	1	0
9	4	1	0
10	4	1	0
11	4	1	0
12	4	1	0
13	4	1	0
14	4	0	0
15	4	1	0
16	4	1	0
17	4	1	0
18	4	1	0
19	4	1	0
20	4	1	0
21	4	0	0
22	4	1	0
23	3	1	1
24	4	1	0
25	4	1	0
26	4	1	0
27	3	1	1
28	3	1	1
29	3	1	1
30	4	0	0
31	4	1	0
32	4	0	0
33	4	1	0
34	4	1	0
35	4	1	0
36	3	1	1
37	3	1	1
38	4	1	0
39	4	1	0
40	3	1	1
41	3	1	1
42	4	1	0
43	4	1	0
44	4	0	0
45	4	0	0
46	3	1	1
47	4	0	0
48	4	0	0
49	4	1	0
50	4	0	0
51	3	1	1
52	4	0	0
53	4	0	0
54	4	0	0
55	4	0	0
56	3	1	1
57	3	1	1
58	4	1	0
59	3	1	1
60	4	1	0
61	4	0	0
62	4	1	0
63	4	1	0
64	3	1	1
65	4	1	0
66	4	0	0
67	4	0	0
68	4	0	0
69	4	0	0
70	3	1	1
71	4	0	0
72	4	0	0
73	4	0	0
74	3	1	1
75	3	1	1
76	3	1	1
77	4	0	0
78	4	0	0
79	4	1	0
80	3	1	1
81	3	1	1
82	4	1	0
83	4	0	0
84	4	0	0
85	3	1	1
86	3	1	1
87	3	1	1
88	4	1	0
89	3	1	1
90	4	0	0
91	4	0	0
92	4	0	0
93	3	1	1
94	3	1	1
95	3	1	1
96	4	0	0
97	4	1	0
98	4	1	0
99	4	0	0
