Observation	Correct	FP	FN
0	2	0	0
1	2	0	0
2	2	0	0
3	2	0	0
4	2	0	0
5	2	0	0
6	2	0	0
7	2	0	0
8	2	0	0
9	2	0	0
10	2	0	0
11	2	0	0
12	2	0	0
13	2	0	0
14	2	0	0
15	2	0	0
16	2	0	0
17	2	0	0
18	1	0	1
19	2	0	0
20	2	0	0
21	2	0	0
22	2	0	0
23	2	0	0
24	1	0	1
25	2	0	0
26	1	0	1
27	1	0	1
28	2	0	0
29	2	0	0
30	2	1	0
31	2	0	0
32	1	0	1
33	2	0	0
34	1	0	1
35	2	1	0
36	2	0	0
37	1	0	1
38	1	0	1
39	2	0	0
40	2	1	0
41	2	1	0
42	2	1	0
43	1	0	1
44	2	2	0
45	0	0	2
46	2	1	0
47	2	1	0
48	2	2	0
49	1	0	1
50	2	0	0
51	1	0	1
52	1	0	1
53	0	0	2
54	2	0	0
55	2	0	0
56	2	1	0
57	1	0	1
58	2	2	0
59	1	0	1
60	2	0	0
61	2	2	0
62	2	2	0
63	2	2	0
64	2	1	0
65	0	0	2
66	2	2	0
67	2	1	0
68	0	0	2
69	2	1	0
70	0	0	2
71	1	0	1
72	0	0	2
73	2	1	0
74	2	1	0
75	2	1	0
76	2	0	0
77	2	0	0
78	2	1	0
79	2	1	0
80	2	0	0
81	2	1	0
82	2	1	0
83	1	0	1
84	2	1	0
85	0	0	2
86	2	0	0
87	2	2	0
88	2	2	0
89	2	1	0
90	2	2	0
91	2	2	0
92	0	0	2
93	1	0	1
94	1	0	1
95	2	1	0
96	0	0	2
97	1	1	1
98	0	0	2
99	1	0	1
