Observation	Correct	FP	FN
0	2	0	0
1	2	0	0
2	2	0	0
3	2	0	0
4	2	0	0
5	2	0	0
6	2	0	0
7	2	0	0
8	2	0	0
9	2	0	0
10	2	0	0
11	2	0	0
12	2	0	0
13	2	0	0
14	2	0	0
15	2	0	0
16	2	0	0
17	2	0	0
18	2	0	0
19	2	0	0
20	2	0	0
21	2	0	0
22	2	0	0
23	2	0	0
24	2	0	0
25	2	0	0
26	2	0	0
27	1	0	1
28	1	0	1
29	1	0	1
30	2	0	0
31	1	0	1
32	2	0	0
33	1	0	1
34	1	0	1
35	1	0	1
36	2	0	0
37	2	1	0
38	2	1	0
39	2	0	0
40	2	0	0
41	2	0	0
42	2	0	0
43	1	0	1
44	2	0	0
45	2	0	0
46	2	0	0
47	2	0	0
48	2	1	0
49	2	0	0
50	2	1	0
51	2	0	0
52	2	0	0
53	0	0	2
54	2	0	0
55	0	0	2
56	1	0	1
57	2	1	0
58	0	0	2
59	2	0	0
60	1	0	1
61	2	1	0
62	0	0	2
63	0	0	2
64	2	0	0
65	2	1	0
66	2	1	0
67	2	1	0
68	2	0	0
69	0	0	2
70	0	0	2
71	1	0	1
72	0	0	2
73	2	1	0
74	0	0	2
75	2	0	0
76	2	0	0
77	2	1	0
78	0	0	2
79	2	0	0
80	2	1	0
81	0	0	2
82	1	0	1
83	2	0	0
84	0	0	2
85	0	0	2
86	0	0	2
87	2	1	0
88	2	1	0
89	2	1	0
90	2	1	0
91	2	1	0
92	0	0	2
93	0	0	2
94	0	0	2
95	0	0	2
96	2	1	0
97	0	0	2
98	1	0	1
99	2	1	0
