Observation	Correct	FP	FN
0	2	1	0
1	2	1	0
2	2	1	0
3	2	1	0
4	2	0	0
5	2	0	0
6	2	1	0
7	2	1	0
8	2	1	0
9	2	1	0
10	2	0	0
11	2	1	0
12	2	0	0
13	2	0	0
14	2	1	0
15	1	0	1
16	2	1	0
17	2	1	0
18	2	1	0
19	2	2	0
20	1	0	1
21	1	0	1
22	2	1	0
23	2	1	0
24	1	0	1
25	2	0	0
26	2	0	0
27	1	0	1
28	2	2	0
29	1	0	1
30	2	1	0
31	2	2	0
32	2	2	0
33	2	1	0
34	1	0	1
35	1	0	1
36	1	0	1
37	2	1	0
38	1	0	1
39	2	0	0
40	2	1	0
41	2	2	0
42	1	0	1
43	1	0	1
44	2	0	0
45	2	2	0
46	1	0	1
47	1	0	1
48	2	1	0
49	2	2	0
50	2	0	0
51	2	1	0
52	2	1	0
53	2	0	0
54	2	2	0
55	2	2	0
56	2	1	0
57	2	1	0
58	2	1	0
59	1	0	1
60	1	0	1
61	2	1	0
62	2	2	0
63	2	1	0
64	2	0	0
65	1	1	1
66	2	2	0
67	1	0	1
68	1	0	1
69	2	2	0
70	1	0	1
71	2	2	0
72	2	2	0
73	0	0	2
74	2	2	0
75	1	0	1
76	2	1	0
77	1	1	1
78	2	2	0
79	2	0	0
80	0	0	2
81	0	0	2
82	0	0	2
83	0	0	2
84	2	1	0
85	0	0	2
86	2	1	0
87	0	0	2
88	0	0	2
89	2	0	0
90	2	0	0
91	0	0	2
92	0	0	2
93	0	0	2
94	2	2	0
95	0	0	2
96	2	1	0
97	2	2	0
98	2	2	0
99	0	0	2
