Observation	Correct	FP	FN
0	2	0	0
1	2	0	0
2	2	0	0
3	2	0	0
4	2	0	0
5	2	0	0
6	2	0	0
7	2	1	0
8	2	1	0
9	2	0	0
10	1	0	1
11	2	0	0
12	2	0	0
13	2	0	0
14	1	0	1
15	1	0	1
16	2	0	0
17	2	0	0
18	1	0	1
19	2	0	0
20	1	0	1
21	2	0	0
22	1	0	1
23	2	0	0
24	2	0	0
25	2	1	0
26	2	0	0
27	2	1	0
28	2	0	0
29	2	1	0
30	2	1	0
31	1	0	1
32	2	0	0
33	1	0	1
34	2	2	0
35	1	0	1
36	2	0	0
37	1	0	1
38	2	0	0
39	2	2	0
40	2	0	0
41	2	2	0
42	2	0	0
43	2	0	0
44	2	0	0
45	1	0	1
46	2	0	0
47	1	0	1
48	1	0	1
49	2	2	0
50	2	0	0
51	1	1	1
52	2	0	0
53	0	0	2
54	2	2	0
55	2	1	0
56	2	1	0
57	0	0	2
58	2	1	0
59	0	0	2
60	1	0	1
61	1	1	1
62	1	0	1
63	0	0	2
64	2	2	0
65	0	0	2
66	0	0	2
67	0	0	2
68	1	0	1
69	0	0	2
70	0	0	2
71	2	1	0
72	2	2	0
73	2	0	0
74	2	2	0
75	1	0	1
76	2	2	0
77	1	0	1
78	2	3	0
79	0	0	2
80	2	2	0
81	1	2	1
82	2	3	0
83	2	1	0
84	1	0	1
85	2	1	0
86	2	1	0
87	0	0	2
88	1	0	1
89	2	2	0
90	2	3	0
91	0	0	2
92	2	3	0
93	2	3	0
94	0	0	2
95	2	3	0
96	0	0	2
97	0	0	2
98	2	3	0
99	2	3	0
