Observation	Correct	FP	FN
0	4	0	0
1	4	0	0
2	4	1	0
3	4	0	0
4	4	1	0
5	4	0	0
6	3	1	1
7	4	0	0
8	4	1	0
9	3	1	1
10	4	1	0
11	3	1	1
12	3	1	1
13	3	1	1
14	4	0	0
15	4	0	0
16	3	1	1
17	4	1	0
18	4	0	0
19	3	1	1
20	3	1	1
21	4	0	0
22	4	0	0
23	4	0	0
24	4	1	0
25	4	1	0
26	3	1	1
27	3	1	1
28	3	1	1
29	4	0	0
30	4	0	0
31	4	0	0
32	4	0	0
33	4	0	0
34	3	1	1
35	4	0	0
36	4	1	0
37	3	1	1
38	4	0	0
39	4	0	0
40	4	0	0
41	3	1	1
42	3	0	1
43	3	1	1
44	4	0	0
45	3	1	1
46	3	1	1
47	4	0	0
48	4	0	0
49	3	1	1
50	4	0	0
51	4	0	0
52	3	1	1
53	3	1	1
54	3	1	1
55	4	1	0
56	4	0	0
57	4	0	0
58	3	1	1
59	3	1	1
60	4	0	0
61	3	1	1
62	4	0	0
63	4	0	0
64	4	0	0
65	4	0	0
66	4	0	0
67	4	0	0
68	4	0	0
69	4	0	0
70	3	0	1
71	3	1	1
72	3	0	1
73	4	0	0
74	4	0	0
75	4	0	0
76	3	1	1
77	4	1	0
78	4	0	0
79	4	0	0
80	3	1	1
81	4	0	0
82	3	1	1
83	3	1	1
84	4	0	0
85	4	0	0
86	3	1	1
87	4	0	0
88	4	0	0
89	3	1	1
90	4	0	0
91	3	1	1
92	4	0	0
93	3	1	1
94	4	0	0
95	4	0	0
96	3	1	1
97	3	1	1
98	3	1	1
99	4	0	0
