Observation	Correct	FP	FN
0	5	1	0
1	5	1	0
2	5	1	0
3	5	1	0
4	5	1	0
5	5	1	0
6	5	1	0
7	5	1	0
8	5	1	0
9	5	1	0
10	5	1	0
11	5	1	0
12	5	0	0
13	5	1	0
14	5	0	0
15	5	0	0
16	5	1	0
17	5	1	0
18	5	1	0
19	5	0	0
20	5	1	0
21	5	1	0
22	5	0	0
23	5	2	0
24	5	1	0
25	5	1	0
26	5	2	0
27	5	0	0
28	5	1	0
29	5	1	0
30	5	1	0
31	5	1	0
32	5	1	0
33	5	1	0
34	5	0	0
35	4	0	1
36	5	1	0
37	5	0	0
38	5	0	0
39	5	1	0
40	5	1	0
41	5	2	0
42	4	0	1
43	5	0	0
44	5	1	0
45	4	0	1
46	5	0	0
47	5	1	0
48	5	1	0
49	5	2	0
50	5	2	0
51	4	0	1
52	4	0	1
53	5	2	0
54	5	2	0
55	4	0	1
56	5	2	0
57	5	1	0
58	5	1	0
59	4	0	1
60	5	2	0
61	4	0	1
62	5	1	0
63	5	2	0
64	4	0	1
65	5	2	0
66	5	1	0
67	5	1	0
68	4	0	1
69	5	1	0
70	5	1	0
71	4	0	1
72	4	0	1
73	4	0	1
74	5	0	0
75	5	1	0
76	5	2	0
77	5	1	0
78	4	0	1
79	5	1	0
80	4	0	1
81	4	0	1
82	5	2	0
83	5	1	0
84	4	0	1
85	4	0	1
86	5	2	0
87	4	0	1
88	5	1	0
89	5	0	0
90	4	0	1
91	5	0	0
92	4	0	1
93	4	0	1
94	4	0	1
95	5	1	0
96	5	2	0
97	4	0	1
98	5	1	0
99	4	0	1
