Observation	Correct	FP	FN
0	2	0	0
1	2	0	0
2	2	0	0
3	2	0	0
4	2	0	0
5	2	0	0
6	2	0	0
7	2	0	0
8	2	0	0
9	2	0	0
10	2	0	0
11	2	0	0
12	2	0	0
13	2	0	0
14	1	0	1
15	2	0	0
16	2	0	0
17	2	0	0
18	2	0	0
19	2	1	0
20	2	0	0
21	2	1	0
22	1	0	1
23	2	0	0
24	2	0	0
25	2	0	0
26	2	1	0
27	1	0	1
28	1	0	1
29	2	0	0
30	2	0	0
31	2	0	0
32	2	0	0
33	2	0	0
34	2	0	0
35	2	0	0
36	1	0	1
37	2	1	0
38	2	1	0
39	2	1	0
40	2	1	0
41	1	0	1
42	2	0	0
43	1	0	1
44	1	0	1
45	1	0	1
46	2	1	0
47	2	1	0
48	2	0	0
49	2	0	0
50	2	0	0
51	2	0	0
52	2	1	0
53	2	0	0
54	1	0	1
55	2	1	0
56	1	0	1
57	1	0	1
58	2	1	0
59	1	0	1
60	1	0	1
61	1	0	1
62	2	1	0
63	2	0	0
64	2	0	0
65	2	1	0
66	0	0	2
67	2	0	0
68	0	0	2
69	2	1	0
70	1	0	1
71	2	0	0
72	2	0	0
73	1	0	1
74	1	0	1
75	1	0	1
76	2	0	0
77	2	1	0
78	2	1	0
79	1	0	1
80	2	1	0
81	2	0	0
82	0	0	2
83	0	0	2
84	2	1	0
85	2	1	0
86	2	1	0
87	0	0	2
88	2	0	0
89	2	1	0
90	1	0	1
91	0	0	2
92	2	0	0
93	1	0	1
94	2	1	0
95	1	0	1
96	1	0	1
97	0	0	2
98	0	0	2
99	0	0	2
