Observation	Correct	FP	FN
0	3	0	0
1	3	0	0
2	3	0	0
3	3	0	0
4	3	0	0
5	3	0	0
6	3	0	0
7	3	0	0
8	3	0	0
9	3	0	0
10	3	0	0
11	3	0	0
12	3	0	0
13	3	0	0
14	3	0	0
15	3	0	0
16	2	0	1
17	3	0	0
18	3	0	0
19	3	0	0
20	3	0	0
21	3	0	0
22	3	0	0
23	2	0	1
24	3	0	0
25	2	0	1
26	3	0	0
27	3	0	0
28	3	0	0
29	3	1	0
30	3	1	0
31	3	0	0
32	1	0	2
33	1	0	2
34	1	0	2
35	3	1	0
36	3	0	0
37	1	0	2
38	3	1	0
39	3	0	0
40	1	0	2
41	2	0	1
42	3	1	0
43	1	0	2
44	2	0	1
45	3	1	0
46	2	0	1
47	3	1	0
48	3	1	0
49	3	0	0
50	3	0	0
51	3	0	0
52	3	0	0
53	1	0	2
54	3	1	0
55	3	0	0
56	2	0	1
57	3	1	0
58	1	0	2
59	3	0	0
60	3	0	0
61	2	0	1
62	3	0	0
63	3	0	0
64	1	0	2
65	1	0	2
66	3	1	0
67	2	0	1
68	3	1	0
69	3	1	0
70	3	0	0
71	2	0	1
72	2	0	1
73	0	0	3
74	1	0	2
75	1	0	2
76	1	0	2
77	2	1	1
78	1	0	2
79	3	1	0
80	3	1	0
81	2	0	1
82	3	1	0
83	2	0	1
84	3	1	0
85	2	0	1
86	3	1	0
87	3	1	0
88	3	0	0
89	0	0	3
90	2	0	1
91	2	0	1
92	1	0	2
93	2	1	1
94	3	1	0
95	3	1	0
96	3	1	0
97	3	1	0
98	0	0	3
99	3	1	0
