Observation	Correct	FP	FN
0	2	0	0
1	2	0	0
2	2	0	0
3	2	0	0
4	2	0	0
5	2	0	0
6	2	0	0
7	2	0	0
8	2	0	0
9	2	0	0
10	2	0	0
11	2	0	0
12	2	0	0
13	2	0	0
14	2	0	0
15	1	0	1
16	1	0	1
17	1	0	1
18	2	0	0
19	1	0	1
20	1	0	1
21	2	0	0
22	1	0	1
23	2	0	0
24	2	0	0
25	2	0	0
26	2	0	0
27	2	0	0
28	1	0	1
29	1	0	1
30	2	0	0
31	2	0	0
32	1	0	1
33	2	0	0
34	2	0	0
35	1	0	1
36	1	0	1
37	1	0	1
38	2	1	0
39	2	0	0
40	2	0	0
41	1	0	1
42	1	0	1
43	2	0	0
44	2	1	0
45	2	1	0
46	1	0	1
47	2	1	0
48	2	1	0
49	2	0	0
50	2	0	0
51	2	0	0
52	2	0	0
53	2	1	0
54	2	0	0
55	2	1	0
56	1	0	1
57	2	0	0
58	2	1	0
59	2	0	0
60	1	0	1
61	2	0	0
62	2	1	0
63	2	0	0
64	2	1	0
65	2	1	0
66	0	0	2
67	0	0	2
68	0	0	2
69	0	0	2
70	0	0	2
71	0	0	2
72	1	0	1
73	0	0	2
74	2	1	0
75	0	0	2
76	0	0	2
77	2	1	0
78	2	1	0
79	2	1	0
80	2	1	0
81	1	0	1
82	2	1	0
83	0	0	2
84	1	0	1
85	0	0	2
86	1	0	1
87	0	0	2
88	2	1	0
89	0	0	2
90	2	0	0
91	2	0	0
92	2	1	0
93	2	1	0
94	2	1	0
95	2	1	0
96	2	1	0
97	0	0	2
98	0	0	2
99	0	0	2
