Observation	Correct	FP	FN
0	2	0	0
1	2	0	0
2	2	0	0
3	2	0	0
4	2	0	0
5	2	0	0
6	2	0	0
7	2	0	0
8	2	0	0
9	2	0	0
10	2	0	0
11	2	0	0
12	2	0	0
13	2	0	0
14	2	0	0
15	2	0	0
16	2	0	0
17	2	0	0
18	2	0	0
19	1	0	1
20	2	0	0
21	2	0	0
22	2	0	0
23	2	0	0
24	1	0	1
25	2	0	0
26	2	0	0
27	2	0	0
28	2	0	0
29	2	0	0
30	2	0	0
31	2	0	0
32	2	0	0
33	1	0	1
34	2	0	0
35	2	0	0
36	1	0	1
37	2	0	0
38	2	1	0
39	1	0	1
40	2	0	0
41	1	0	1
42	2	0	0
43	2	0	0
44	2	1	0
45	1	0	1
46	2	0	0
47	1	0	1
48	2	1	0
49	2	0	0
50	2	0	0
51	2	0	0
52	1	0	1
53	2	0	0
54	1	0	1
55	2	0	0
56	1	0	1
57	2	0	0
58	1	0	1
59	2	0	0
60	2	1	0
61	2	0	0
62	2	0	0
63	2	1	0
64	2	1	0
65	1	0	1
66	0	0	2
67	2	1	0
68	2	0	0
69	2	0	0
70	0	0	2
71	2	0	0
72	2	1	0
73	0	0	2
74	0	0	2
75	2	1	0
76	0	0	2
77	2	1	0
78	0	0	2
79	2	0	0
80	0	0	2
81	2	1	0
82	2	0	0
83	0	0	2
84	2	1	0
85	0	0	2
86	0	0	2
87	2	0	0
88	2	0	0
89	2	1	0
90	2	1	0
91	0	0	2
92	2	1	0
93	0	0	2
94	2	1	0
95	2	1	0
96	0	0	2
97	0	0	2
98	0	0	2
99	0	0	2
