Observation	Correct	FP	FN
0	3	0	0
1	3	0	0
2	3	0	0
3	3	0	0
4	3	0	0
5	3	0	0
6	3	0	0
7	3	0	0
8	3	0	0
9	3	0	0
10	3	0	0
11	2	0	1
12	3	0	0
13	2	0	1
14	3	0	0
15	3	0	0
16	3	0	0
17	3	0	0
18	3	0	0
19	3	0	0
20	3	0	0
21	2	0	1
22	2	0	1
23	3	0	0
24	3	0	0
25	3	0	0
26	3	0	0
27	2	0	1
28	2	0	1
29	3	0	0
30	3	0	0
31	3	0	0
32	2	0	1
33	3	0	0
34	2	0	1
35	3	0	0
36	3	0	0
37	3	1	0
38	3	0	0
39	3	0	0
40	2	0	1
41	3	0	0
42	3	0	0
43	3	0	0
44	3	1	0
45	3	0	0
46	0	0	3
47	2	0	1
48	3	1	0
49	3	0	0
50	3	0	0
51	3	0	0
52	1	0	2
53	3	0	0
54	3	1	0
55	3	0	0
56	3	0	0
57	3	1	0
58	3	1	0
59	0	0	3
60	3	0	0
61	3	1	0
62	3	1	0
63	3	0	0
64	0	0	3
65	3	0	0
66	0	0	3
67	3	0	0
68	3	1	0
69	3	1	0
70	1	0	2
71	0	0	3
72	1	0	2
73	1	0	2
74	3	1	0
75	3	0	0
76	0	0	3
77	3	0	0
78	3	1	0
79	3	1	0
80	0	0	3
81	0	0	3
82	3	1	0
83	3	1	0
84	0	0	3
85	0	0	3
86	3	1	0
87	0	0	3
88	3	1	0
89	0	0	3
90	3	0	0
91	3	1	0
92	3	1	0
93	0	0	3
94	3	1	0
95	0	0	3
96	3	1	0
97	0	0	3
98	0	0	3
99	0	0	3
