Observation	Correct	FP	FN
0	5	1	0
1	5	1	0
2	5	0	0
3	5	1	0
4	5	1	0
5	5	0	0
6	5	1	0
7	5	0	0
8	5	1	0
9	5	1	0
10	5	0	0
11	5	1	0
12	5	1	0
13	5	1	0
14	5	1	0
15	5	0	0
16	5	1	0
17	5	1	0
18	5	1	0
19	5	1	0
20	5	0	0
21	5	0	0
22	5	0	0
23	5	1	0
24	5	1	0
25	5	0	0
26	5	0	0
27	5	0	0
28	5	1	0
29	5	0	0
30	4	0	1
31	4	0	1
32	4	0	1
33	5	1	0
34	4	0	1
35	4	0	1
36	5	0	0
37	4	0	1
38	4	0	1
39	4	0	1
40	5	1	0
41	5	0	0
42	4	0	1
43	5	1	0
44	4	0	1
45	4	0	1
46	5	1	0
47	5	1	0
48	5	0	0
49	5	1	0
50	5	1	0
51	5	1	0
52	5	1	0
53	5	1	0
54	5	0	0
55	4	0	1
56	5	1	0
57	4	0	1
58	5	1	0
59	4	0	1
60	5	1	0
61	5	0	0
62	5	1	0
63	5	1	0
64	5	1	0
65	5	1	0
66	4	0	1
67	5	0	0
68	4	0	1
69	4	0	1
70	4	0	1
71	5	1	0
72	5	1	0
73	5	1	0
74	4	0	1
75	5	1	0
76	5	0	0
77	5	0	0
78	5	1	0
79	5	1	0
80	5	0	0
81	4	0	1
82	4	0	1
83	5	0	0
84	4	0	1
85	5	1	0
86	4	0	1
87	5	0	0
88	5	0	0
89	5	0	0
90	4	0	1
91	5	0	0
92	5	0	0
93	5	1	0
94	5	1	0
95	4	0	1
96	4	0	1
97	4	0	1
98	5	0	0
99	5	0	0
