Observation	Correct	FP	FN
0	2	0	0
1	2	0	0
2	2	0	0
3	2	0	0
4	2	0	0
5	2	0	0
6	2	0	0
7	2	0	0
8	2	0	0
9	2	0	0
10	2	0	0
11	2	0	0
12	2	0	0
13	2	0	0
14	1	0	1
15	2	0	0
16	2	0	0
17	1	0	1
18	2	0	0
19	1	0	1
20	1	0	1
21	1	0	1
22	1	0	1
23	2	0	0
24	1	0	1
25	2	0	0
26	2	0	0
27	2	0	0
28	2	0	0
29	2	0	0
30	2	0	0
31	1	0	1
32	2	0	0
33	2	0	0
34	2	0	0
35	1	0	1
36	1	0	1
37	2	0	0
38	1	0	1
39	1	0	1
40	2	0	0
41	2	0	0
42	2	0	0
43	2	0	0
44	1	0	1
45	2	0	0
46	0	0	2
47	0	0	2
48	2	0	0
49	2	0	0
50	1	0	1
51	0	0	2
52	2	1	0
53	2	0	0
54	2	0	0
55	1	0	1
56	2	0	0
57	2	0	0
58	0	0	2
59	2	1	0
60	2	1	0
61	1	0	1
62	2	0	0
63	0	0	2
64	2	1	0
65	0	0	2
66	0	0	2
67	2	1	0
68	0	0	2
69	2	1	0
70	0	0	2
71	1	0	1
72	1	0	1
73	1	0	1
74	2	1	0
75	2	0	0
76	2	0	0
77	2	0	0
78	0	0	2
79	2	0	0
80	2	0	0
81	2	1	0
82	0	0	2
83	1	0	1
84	0	0	2
85	2	1	0
86	2	1	0
87	2	0	0
88	0	0	2
89	0	0	2
90	2	1	0
91	0	0	2
92	2	0	0
93	2	0	0
94	0	0	2
95	2	1	0
96	0	0	2
97	2	0	0
98	0	0	2
99	2	1	0
