Observation	Correct	FP	FN
0	5	0	0
1	5	0	0
2	5	0	0
3	5	0	0
4	5	0	0
5	5	0	0
6	5	0	0
7	5	0	0
8	5	0	0
9	5	0	0
10	4	0	1
11	4	0	1
12	4	0	1
13	4	0	1
14	5	0	0
15	5	0	0
16	5	0	0
17	4	0	1
18	5	0	0
19	4	0	1
20	4	0	1
21	5	0	0
22	4	0	1
23	5	0	0
24	5	0	0
25	4	0	1
26	4	0	1
27	5	0	0
28	5	0	0
29	5	0	0
30	5	0	0
31	5	0	0
32	4	0	1
33	4	0	1
34	4	0	1
35	4	0	1
36	5	0	0
37	5	0	0
38	4	0	1
39	5	0	0
40	4	0	1
41	4	0	1
42	4	0	1
43	4	0	1
44	4	0	1
45	5	1	0
46	4	0	1
47	4	0	1
48	5	1	0
49	5	1	0
50	5	0	0
51	4	0	1
52	4	0	1
53	5	1	0
54	4	0	1
55	4	0	1
56	5	1	0
57	4	0	1
58	5	0	0
59	5	1	0
60	5	0	0
61	5	1	0
62	4	0	1
63	4	0	1
64	5	1	0
65	5	1	0
66	5	1	0
67	5	1	0
68	4	0	1
69	4	0	1
70	5	1	0
71	4	0	1
72	4	0	1
73	4	0	1
74	5	0	0
75	5	1	0
76	4	0	1
77	4	0	1
78	5	0	0
79	4	0	1
80	5	1	0
81	4	0	1
82	4	0	1
83	5	0	0
84	5	0	0
85	5	0	0
86	4	0	1
87	5	0	0
88	5	1	0
89	4	0	1
90	4	0	1
91	4	0	1
92	5	1	0
93	4	0	1
94	5	0	0
95	4	0	1
96	5	1	0
97	5	1	0
98	5	1	0
99	5	1	0
