Observation	Correct	FP	FN
0	2	0	0
1	2	0	0
2	2	0	0
3	2	0	0
4	2	0	0
5	2	0	0
6	2	0	0
7	2	0	0
8	2	0	0
9	2	0	0
10	2	0	0
11	2	0	0
12	2	0	0
13	2	0	0
14	1	0	1
15	2	0	0
16	2	0	0
17	1	0	1
18	1	0	1
19	2	0	0
20	2	0	0
21	2	0	0
22	2	0	0
23	2	0	0
24	2	0	0
25	2	0	0
26	2	0	0
27	2	0	0
28	2	0	0
29	2	0	0
30	2	0	0
31	2	0	0
32	2	0	0
33	2	0	0
34	2	0	0
35	2	0	0
36	2	0	0
37	2	1	0
38	1	0	1
39	1	0	1
40	2	0	0
41	0	0	2
42	2	0	0
43	2	1	0
44	2	0	0
45	2	0	0
46	2	0	0
47	2	0	0
48	2	1	0
49	2	0	0
50	2	0	0
51	0	0	2
52	2	1	0
53	0	0	2
54	2	1	0
55	2	0	0
56	2	1	0
57	0	0	2
58	1	0	1
59	0	0	2
60	0	0	2
61	2	0	0
62	2	0	0
63	2	1	0
64	0	0	2
65	0	0	2
66	1	0	1
67	2	1	0
68	0	0	2
69	2	1	0
70	0	0	2
71	2	1	0
72	2	1	0
73	2	1	0
74	0	0	2
75	0	0	2
76	2	1	0
77	2	1	0
78	2	0	0
79	0	0	2
80	2	1	0
81	2	0	0
82	2	1	0
83	2	1	0
84	0	0	2
85	0	0	2
86	2	1	0
87	0	0	2
88	2	1	0
89	1	0	1
90	2	1	0
91	2	1	0
92	2	1	0
93	1	0	1
94	1	0	1
95	2	0	0
96	2	1	0
97	0	0	2
98	2	1	0
99	2	1	0
