Observation	Correct	FP	FN
0	2	0	0
1	2	0	0
2	2	0	0
3	2	0	0
4	2	0	0
5	2	0	0
6	2	0	0
7	2	0	0
8	2	0	0
9	2	0	0
10	2	0	0
11	2	0	0
12	2	0	0
13	2	0	0
14	2	0	0
15	2	0	0
16	2	0	0
17	1	0	1
18	2	0	0
19	2	0	0
20	2	0	0
21	2	0	0
22	2	0	0
23	2	0	0
24	2	0	0
25	2	1	0
26	2	0	0
27	1	0	1
28	1	0	1
29	1	0	1
30	1	0	1
31	1	0	1
32	2	0	0
33	2	0	0
34	1	0	1
35	2	1	0
36	1	0	1
37	2	0	0
38	2	0	0
39	2	1	0
40	2	1	0
41	2	1	0
42	2	0	0
43	2	0	0
44	2	1	0
45	1	0	1
46	2	1	0
47	1	0	1
48	1	0	1
49	2	0	0
50	2	0	0
51	2	1	0
52	1	0	1
53	1	0	1
54	2	1	0
55	2	0	0
56	1	0	1
57	2	1	0
58	2	0	0
59	2	0	0
60	2	0	0
61	2	1	0
62	2	1	0
63	2	0	0
64	2	1	0
65	2	1	0
66	1	0	1
67	2	0	0
68	2	0	0
69	0	0	2
70	1	0	1
71	1	0	1
72	2	0	0
73	2	0	0
74	2	1	0
75	2	0	0
76	1	0	1
77	2	0	0
78	2	1	0
79	1	0	1
80	2	1	0
81	2	0	0
82	2	1	0
83	1	0	1
84	2	0	0
85	2	0	0
86	0	0	2
87	2	1	0
88	2	0	0
89	0	0	2
90	0	0	2
91	2	0	0
92	0	0	2
93	2	0	0
94	2	1	0
95	2	0	0
96	2	1	0
97	2	1	0
98	2	1	0
99	2	0	0
