Observation	Correct	FP	FN
0	4	0	0
1	4	0	0
2	4	0	0
3	4	0	0
4	4	0	0
5	4	0	0
6	4	0	0
7	4	0	0
8	4	0	0
9	4	0	0
10	4	0	0
11	4	0	0
12	4	0	0
13	4	0	0
14	3	0	1
15	4	0	0
16	4	0	0
17	4	0	0
18	4	0	0
19	4	0	0
20	4	0	0
21	4	0	0
22	3	0	1
23	4	0	0
24	4	0	0
25	4	0	0
26	4	0	0
27	3	0	1
28	4	0	0
29	4	0	0
30	4	0	0
31	4	1	0
32	3	0	1
33	4	0	0
34	4	1	0
35	4	0	0
36	4	0	0
37	3	0	1
38	3	0	1
39	4	0	0
40	4	0	0
41	2	0	2
42	3	0	1
43	2	0	2
44	4	1	0
45	4	1	0
46	2	0	2
47	3	0	1
48	4	1	0
49	4	1	0
50	4	0	0
51	3	0	1
52	4	1	0
53	4	0	0
54	1	0	3
55	3	0	1
56	4	1	0
57	3	0	1
58	4	0	0
59	1	0	3
60	3	0	1
61	1	0	3
62	1	0	3
63	4	1	0
64	4	1	0
65	4	0	0
66	2	0	2
67	1	0	3
68	0	0	4
69	1	0	3
70	2	0	2
71	0	0	4
72	3	0	1
73	1	0	3
74	3	0	1
75	4	1	0
76	0	0	4
77	4	2	0
78	1	0	3
79	1	0	3
80	3	1	1
81	0	0	4
82	4	1	0
83	1	0	3
84	3	1	1
85	0	0	4
86	4	2	0
87	0	0	4
88	3	1	1
89	0	0	4
90	3	1	1
91	4	0	0
92	2	0	2
93	0	0	4
94	1	0	3
95	3	1	1
96	0	0	4
97	4	2	0
98	0	0	4
99	0	0	4
