Observation	Correct	FP	FN
0	2	0	0
1	2	0	0
2	2	0	0
3	2	0	0
4	2	0	0
5	2	0	0
6	2	0	0
7	2	0	0
8	2	0	0
9	2	0	0
10	2	0	0
11	2	0	0
12	2	0	0
13	2	0	0
14	1	0	1
15	2	0	0
16	2	0	0
17	2	0	0
18	1	0	1
19	2	0	0
20	2	0	0
21	2	0	0
22	2	0	0
23	2	0	0
24	2	0	0
25	2	0	0
26	2	0	0
27	1	0	1
28	2	0	0
29	2	0	0
30	2	0	0
31	1	0	1
32	1	0	1
33	2	0	0
34	2	0	0
35	1	0	1
36	2	1	0
37	2	0	0
38	1	0	1
39	1	0	1
40	2	1	0
41	2	0	0
42	1	0	1
43	2	0	0
44	2	1	0
45	2	1	0
46	2	1	0
47	1	0	1
48	2	0	0
49	0	0	2
50	2	1	0
51	2	1	0
52	1	0	1
53	2	1	0
54	2	0	0
55	2	0	0
56	1	0	1
57	2	0	0
58	0	0	2
59	0	0	2
60	2	1	0
61	2	1	0
62	1	0	1
63	1	0	1
64	1	0	1
65	1	0	1
66	0	0	2
67	2	1	0
68	0	0	2
69	0	0	2
70	0	0	2
71	2	0	0
72	0	0	2
73	0	0	2
74	2	0	0
75	0	0	2
76	2	1	0
77	2	1	0
78	0	0	2
79	2	1	0
80	2	0	0
81	0	0	2
82	2	0	0
83	2	0	0
84	2	1	0
85	2	1	0
86	0	0	2
87	0	0	2
88	2	1	0
89	2	1	0
90	2	1	0
91	2	0	0
92	0	0	2
93	2	1	0
94	2	0	0
95	0	0	2
96	2	0	0
97	2	0	0
98	0	0	2
99	1	0	1
