Observation	Correct	FP	FN
0	3	0	0
1	3	0	0
2	3	0	0
3	3	0	0
4	3	0	0
5	3	0	0
6	3	0	0
7	3	0	0
8	3	0	0
9	3	0	0
10	3	0	0
11	3	0	0
12	3	0	0
13	3	0	0
14	2	0	1
15	2	0	1
16	3	0	0
17	2	0	1
18	3	0	0
19	3	0	0
20	3	0	0
21	1	0	2
22	3	0	0
23	2	0	1
24	2	0	1
25	2	0	1
26	2	0	1
27	3	0	0
28	3	1	0
29	3	0	0
30	3	1	0
31	3	0	0
32	3	0	0
33	2	0	1
34	3	0	0
35	3	0	0
36	1	0	2
37	1	0	2
38	3	1	0
39	3	1	0
40	2	0	1
41	3	1	0
42	3	1	0
43	1	0	2
44	2	0	1
45	3	1	0
46	1	0	2
47	2	0	1
48	3	1	0
49	2	0	1
50	1	0	2
51	3	0	0
52	3	1	0
53	2	0	1
54	2	0	1
55	2	0	1
56	1	0	2
57	1	0	2
58	3	1	0
59	3	1	0
60	3	1	0
61	3	1	0
62	2	0	1
63	2	0	1
64	1	0	2
65	2	0	1
66	3	1	0
67	3	1	0
68	3	1	0
69	3	0	0
70	3	1	0
71	0	0	3
72	1	0	2
73	3	0	0
74	0	0	3
75	2	1	1
76	0	0	3
77	0	0	3
78	3	0	0
79	0	0	3
80	3	0	0
81	2	1	1
82	1	0	2
83	2	0	1
84	0	0	3
85	3	1	0
86	1	0	2
87	2	1	1
88	2	0	1
89	3	0	0
90	3	1	0
91	3	1	0
92	1	0	2
93	2	1	1
94	2	1	1
95	3	1	0
96	3	0	0
97	0	0	3
98	3	1	0
99	2	0	1
