Observation	Correct	FP	FN
0	2	0	0
1	2	0	0
2	2	0	0
3	2	0	0
4	2	0	0
5	2	0	0
6	2	0	0
7	2	0	0
8	2	0	0
9	2	1	0
10	1	0	1
11	2	0	0
12	2	0	0
13	2	0	0
14	2	1	0
15	1	0	1
16	2	0	0
17	2	0	0
18	2	1	0
19	1	0	1
20	1	0	1
21	2	0	0
22	1	0	1
23	2	0	0
24	1	0	1
25	2	0	0
26	2	1	0
27	2	0	0
28	2	0	0
29	1	0	1
30	2	2	0
31	2	1	0
32	2	0	0
33	2	0	0
34	1	0	1
35	2	0	0
36	2	1	0
37	2	1	0
38	2	1	0
39	2	1	0
40	1	0	1
41	1	0	1
42	2	1	0
43	2	2	0
44	2	1	0
45	2	1	0
46	2	0	0
47	0	0	2
48	2	1	0
49	2	0	0
50	2	1	0
51	2	0	0
52	1	0	1
53	1	0	1
54	1	0	1
55	2	1	0
56	2	0	0
57	2	2	0
58	1	0	1
59	2	0	0
60	0	0	2
61	2	2	0
62	1	0	1
63	0	0	2
64	2	1	0
65	0	0	2
66	2	1	0
67	2	1	0
68	2	0	0
69	0	0	2
70	2	1	0
71	2	2	0
72	2	1	0
73	2	1	0
74	0	0	2
75	2	1	0
76	2	0	0
77	2	0	0
78	1	0	1
79	1	1	1
80	2	2	0
81	2	2	0
82	1	0	1
83	2	1	0
84	2	2	0
85	2	1	0
86	2	1	0
87	2	2	0
88	2	1	0
89	2	2	0
90	0	0	2
91	0	0	2
92	2	1	0
93	0	0	2
94	0	0	2
95	2	1	0
96	0	0	2
97	0	0	2
98	2	1	0
99	0	0	2
