Observation	Correct	FP	FN
0	2	1	0
1	2	2	0
2	2	1	0
3	2	2	0
4	2	2	0
5	2	0	0
6	2	0	0
7	2	2	0
8	2	1	0
9	2	2	0
10	2	2	0
11	2	2	0
12	2	2	0
13	2	1	0
14	2	0	0
15	1	0	1
16	1	1	1
17	2	1	0
18	2	2	0
19	2	2	0
20	2	0	0
21	1	0	1
22	2	2	0
23	2	2	0
24	2	1	0
25	2	0	0
26	1	1	1
27	1	0	1
28	2	2	0
29	2	2	0
30	1	0	1
31	2	3	0
32	1	0	1
33	1	1	1
34	2	1	0
35	2	3	0
36	1	0	1
37	2	2	0
38	2	2	0
39	1	2	1
40	2	0	0
41	2	2	0
42	2	2	0
43	0	0	2
44	2	0	0
45	2	1	0
46	1	0	1
47	2	3	0
48	2	2	0
49	2	0	0
50	0	0	2
51	2	0	0
52	1	0	1
53	2	4	0
54	2	2	0
55	1	0	1
56	0	0	2
57	0	0	2
58	2	4	0
59	2	2	0
60	1	2	1
61	2	0	0
62	2	0	0
63	2	4	0
64	2	2	0
65	2	1	0
66	2	2	0
67	2	0	0
68	2	3	0
69	2	0	0
70	2	4	0
71	0	0	2
72	2	3	0
73	0	0	2
74	2	2	0
75	1	2	1
76	2	4	0
77	2	3	0
78	2	4	0
79	2	0	0
80	2	3	0
81	1	2	1
82	0	0	2
83	0	0	2
84	0	0	2
85	0	0	2
86	0	0	2
87	2	4	0
88	1	2	1
89	0	2	2
90	1	0	1
91	2	2	0
92	0	0	2
93	1	0	1
94	0	0	2
95	0	1	2
96	2	2	0
97	2	4	0
98	0	1	2
99	0	0	2
