Observation	Correct	FP	FN
0	2	0	0
1	2	0	0
2	2	0	0
3	2	0	0
4	2	0	0
5	2	0	0
6	2	0	0
7	2	0	0
8	1	0	1
9	2	0	0
10	2	0	0
11	1	0	1
12	1	0	1
13	2	0	0
14	2	0	0
15	2	0	0
16	2	0	0
17	2	0	0
18	2	0	0
19	2	0	0
20	2	0	0
21	1	0	1
22	2	0	0
23	2	0	0
24	1	0	1
25	2	0	0
26	2	0	0
27	2	0	0
28	2	0	0
29	2	0	0
30	1	0	1
31	1	0	1
32	2	0	0
33	1	0	1
34	2	1	0
35	1	0	1
36	1	0	1
37	1	0	1
38	2	0	0
39	2	0	0
40	1	0	1
41	1	0	1
42	2	0	0
43	1	0	1
44	2	0	0
45	0	0	2
46	1	0	1
47	0	0	2
48	2	0	0
49	1	0	1
50	2	0	0
51	0	0	2
52	2	1	0
53	2	0	0
54	0	0	2
55	2	0	0
56	2	1	0
57	2	0	0
58	2	1	0
59	2	1	0
60	2	0	0
61	2	1	0
62	0	0	2
63	0	0	2
64	2	0	0
65	2	1	0
66	0	0	2
67	0	0	2
68	2	0	0
69	0	0	2
70	2	1	0
71	0	0	2
72	1	0	1
73	2	1	0
74	2	0	0
75	2	0	0
76	2	1	0
77	1	0	1
78	1	0	1
79	0	0	2
80	0	0	2
81	0	0	2
82	2	1	0
83	0	0	2
84	2	1	0
85	1	0	1
86	2	1	0
87	2	0	0
88	2	0	0
89	0	0	2
90	2	0	0
91	2	0	0
92	0	0	2
93	0	0	2
94	2	1	0
95	2	0	0
96	0	0	2
97	1	0	1
98	0	0	2
99	2	1	0
