1
2
3
4
5
8
11
14
17
20
23
26
29
32
35
38
41
43
44
47
50
53
56
59
62
65
67
68
69
71
74
75
77
79
80
83
84
86
88
89
92
95
97
98
101
102
104
105
107
110
113
116
118
119
122
125
128
129
131
134
135
136
137
140
143
146
149
152
154
155
158
159
161
164
166
167
170
172
173
176
179
180
182
185
188
189
191
194
197
198
200
202
203
206
207
209
212
215
217
218
221
224
227
229
230
233
235
236
239
240
242
243
245
248
251
254
257
260
263
266
267
269
272
275
276
278
281
284
285
286
287
288
290
291
292
293
294
295
296
298
299
300
301
302
303
304
306
307
308
310
311
312
315
316
318
319
320
322
323
324
326
327
328
330
332
334
335
336
337
338
339
340
342
343
344
350
351
352
355
356
357
358
359
360
363
364
365
366
367
368
370
371
372
373
374
375
376
379
380
381
384
386
388
389
392
394
396
397
398
399
400
402
403
404
405
406
408
411
412
415
416
418
419
420
423
424
426
427
428
430
431
432
433
434
435
436
438
439
440
441
442
443
444
446
447
448
449
450
451
452
454
455
456
457
460
462
463
464
465
466
468
470
471
472
473
474
475
476
478
479
480
481
482
484
487
488
489
490
491
492
495
496
498
499
500
501
503
506
507
Average error is = 0.154074803149606
