Observation	Correct	FP	FN
0	3	5	0
1	3	5	0
2	3	5	0
3	3	7	0
4	3	7	0
5	3	7	0
6	3	5	0
7	3	5	0
8	3	6	0
9	3	7	0
10	3	5	0
11	3	5	0
12	3	5	0
13	3	7	0
14	3	5	0
15	3	5	0
16	3	5	0
17	3	5	0
18	3	7	0
19	3	5	0
20	3	6	0
21	3	5	0
22	3	7	0
23	3	7	0
24	3	5	0
25	3	7	0
26	3	6	0
27	3	5	0
28	3	5	0
29	3	5	0
30	3	5	0
31	3	5	0
32	3	5	0
33	3	5	0
34	3	6	0
35	3	7	0
36	3	5	0
37	3	7	0
38	3	5	0
39	3	5	0
40	3	5	0
41	3	5	0
42	3	5	0
43	3	7	0
44	3	5	0
45	3	5	0
46	3	5	0
47	3	5	0
48	3	7	0
49	3	7	0
50	3	5	0
51	3	5	0
52	3	7	0
53	3	7	0
54	3	5	0
55	3	5	0
56	3	7	0
57	3	5	0
58	3	5	0
59	3	5	0
60	3	5	0
61	3	7	0
62	3	7	0
63	3	7	0
64	3	7	0
65	3	5	0
66	3	5	0
67	3	5	0
68	3	7	0
69	3	5	0
70	3	5	0
71	3	5	0
72	3	7	0
73	3	5	0
74	3	5	0
75	3	5	0
76	3	7	0
77	3	7	0
78	3	7	0
79	3	5	0
80	3	7	0
81	3	7	0
82	3	6	0
83	3	7	0
84	3	5	0
85	3	6	0
86	3	7	0
87	3	5	0
88	3	5	0
89	3	5	0
90	3	5	0
91	3	7	0
92	3	7	0
93	3	5	0
94	3	6	0
95	3	7	0
96	3	5	0
97	3	5	0
98	3	7	0
99	3	5	0
