Observation	Correct	FP	FN
0	10	8	0
1	10	8	0
2	10	8	0
3	10	8	0
4	10	8	0
5	10	8	0
6	10	8	0
7	10	8	0
8	10	8	0
9	10	8	0
10	10	8	0
11	10	8	0
12	10	8	0
13	10	8	0
14	10	8	0
15	10	8	0
16	10	8	0
17	10	8	0
18	10	8	0
19	10	8	0
20	10	7	0
21	10	8	0
22	10	8	0
23	10	8	0
24	10	8	0
25	10	8	0
26	10	8	0
27	10	8	0
28	10	8	0
29	10	8	0
30	10	7	0
31	10	7	0
32	10	8	0
33	10	8	0
34	10	8	0
35	10	8	0
36	10	8	0
37	10	8	0
38	10	8	0
39	10	8	0
40	10	8	0
41	10	8	0
42	10	8	0
43	10	8	0
44	10	8	0
45	10	8	0
46	10	7	0
47	10	8	0
48	10	8	0
49	10	8	0
50	10	8	0
51	10	8	0
52	10	8	0
53	10	8	0
54	10	8	0
55	10	8	0
56	10	8	0
57	10	8	0
58	10	7	0
59	10	8	0
60	10	7	0
61	10	8	0
62	10	8	0
63	10	8	0
64	10	8	0
65	10	8	0
66	10	8	0
67	10	8	0
68	10	8	0
69	10	8	0
70	10	8	0
71	10	8	0
72	10	8	0
73	10	8	0
74	10	8	0
75	10	8	0
76	10	8	0
77	10	8	0
78	10	8	0
79	10	8	0
80	10	8	0
81	10	7	0
82	10	8	0
83	10	8	0
84	10	8	0
85	10	8	0
86	10	8	0
87	10	8	0
88	10	8	0
89	10	8	0
90	10	8	0
91	10	8	0
92	10	8	0
93	10	8	0
94	10	8	0
95	10	8	0
96	10	8	0
97	10	8	0
98	10	8	0
99	10	8	0
