Observation	Correct	FP	FN
0	15	4	0
1	15	5	0
2	15	5	0
3	15	4	0
4	15	4	0
5	15	3	0
6	15	4	0
7	15	5	0
8	15	5	0
9	15	5	0
10	15	3	0
11	15	4	0
12	15	5	0
13	15	5	0
14	15	3	0
15	15	5	0
16	15	5	0
17	15	5	0
18	15	5	0
19	15	3	0
20	15	5	0
21	15	4	0
22	15	3	0
23	15	5	0
24	15	3	0
25	15	5	0
26	15	4	0
27	15	5	0
28	15	5	0
29	15	3	0
30	15	3	0
31	15	5	0
32	15	3	0
33	15	4	0
34	15	3	0
35	15	5	0
36	15	5	0
37	15	5	0
38	15	3	0
39	15	5	0
40	15	5	0
41	15	3	0
42	15	5	0
43	15	3	0
44	15	4	0
45	15	5	0
46	15	3	0
47	15	3	0
48	15	5	0
49	15	5	0
50	15	4	0
51	15	5	0
52	15	5	0
53	15	5	0
54	15	3	0
55	15	5	0
56	15	3	0
57	15	4	0
58	15	3	0
59	15	3	0
60	15	4	0
61	15	5	0
62	15	4	0
63	15	5	0
64	15	3	0
65	15	3	0
66	15	4	0
67	15	5	0
68	15	3	0
69	15	5	0
70	15	5	0
71	15	4	0
72	15	5	0
73	15	3	0
74	15	4	0
75	15	5	0
76	15	5	0
77	15	5	0
78	15	3	0
79	15	5	0
80	15	3	0
81	15	5	0
82	15	3	0
83	15	3	0
84	15	3	0
85	15	5	0
86	15	5	0
87	15	3	0
88	15	3	0
89	15	5	0
90	15	5	0
91	15	4	0
92	15	3	0
93	15	3	0
94	15	4	0
95	15	5	0
96	15	5	0
97	15	3	0
98	15	3	0
99	15	5	0
