Observation	Correct	FP	FN
0	3	15	0
1	3	13	0
2	3	15	0
3	3	13	0
4	3	15	0
5	3	15	0
6	3	13	0
7	3	14	0
8	3	14	0
9	3	15	0
10	3	15	0
11	3	15	0
12	3	15	0
13	3	15	0
14	3	13	0
15	3	13	0
16	3	15	0
17	3	14	0
18	3	14	0
19	3	15	0
20	3	13	0
21	3	15	0
22	3	15	0
23	3	15	0
24	3	15	0
25	3	15	0
26	3	13	0
27	3	13	0
28	3	13	0
29	3	15	0
30	3	13	0
31	3	15	0
32	3	15	0
33	3	15	0
34	3	13	0
35	3	14	0
36	3	13	0
37	3	13	0
38	3	14	0
39	3	15	0
40	3	15	0
41	3	13	0
42	3	13	0
43	3	13	0
44	3	15	0
45	3	13	0
46	3	15	0
47	3	15	0
48	3	15	0
49	3	15	0
50	3	15	0
51	3	15	0
52	3	15	0
53	3	15	0
54	3	13	0
55	3	13	0
56	3	13	0
57	3	15	0
58	3	14	0
59	3	13	0
60	3	13	0
61	3	15	0
62	3	13	0
63	3	13	0
64	3	13	0
65	3	13	0
66	3	15	0
67	3	15	0
68	3	13	0
69	3	15	0
70	3	13	0
71	3	15	0
72	3	15	0
73	3	13	0
74	3	15	0
75	3	15	0
76	3	15	0
77	3	13	0
78	3	15	0
79	3	13	0
80	3	15	0
81	3	15	0
82	3	15	0
83	3	15	0
84	3	15	0
85	3	13	0
86	3	13	0
87	3	14	0
88	3	15	0
89	3	15	0
90	3	15	0
91	3	15	0
92	3	13	0
93	3	15	0
94	3	15	0
95	3	15	0
96	3	15	0
97	3	15	0
98	3	14	0
99	3	15	0
