Observation	Correct	FP	FN
0	4	8	0
1	4	7	0
2	4	10	0
3	4	9	0
4	4	9	0
5	4	8	0
6	4	9	0
7	4	9	0
8	4	8	0
9	4	7	0
10	4	7	0
11	4	8	0
12	4	10	0
13	4	8	0
14	4	9	0
15	4	8	0
16	4	10	0
17	4	8	0
18	4	8	0
19	4	8	0
20	4	9	0
21	4	9	0
22	4	8	0
23	4	10	0
24	4	8	0
25	4	8	0
26	4	10	0
27	4	8	0
28	4	10	0
29	4	9	0
30	4	9	0
31	4	9	0
32	4	10	0
33	4	8	0
34	4	10	0
35	4	10	0
36	4	8	0
37	4	9	0
38	4	10	0
39	4	10	0
40	4	9	0
41	4	8	0
42	4	8	0
43	4	10	0
44	4	9	0
45	4	9	0
46	4	7	0
47	4	8	0
48	4	8	0
49	4	7	0
50	4	10	0
51	4	10	0
52	4	9	0
53	4	10	0
54	4	7	0
55	4	9	0
56	4	10	0
57	4	10	0
58	4	8	0
59	4	9	0
60	4	9	0
61	4	7	0
62	4	8	0
63	4	8	0
64	4	9	0
65	4	10	0
66	4	8	0
67	4	9	0
68	4	7	0
69	4	9	0
70	4	9	0
71	4	7	0
72	4	9	0
73	4	8	0
74	4	9	0
75	4	7	0
76	4	7	0
77	4	8	0
78	4	8	0
79	4	10	0
80	4	10	0
81	4	10	0
82	4	8	0
83	4	7	0
84	4	9	0
85	4	10	0
86	4	8	0
87	4	9	0
88	4	7	0
89	4	9	0
90	4	10	0
91	4	9	0
92	4	9	0
93	4	9	0
94	4	7	0
95	4	10	0
96	4	9	0
97	4	10	0
98	4	8	0
99	4	8	0
