Observation	Correct	FP	FN
0	8	5	0
1	8	5	0
2	8	5	0
3	8	5	0
4	8	5	0
5	8	5	0
6	8	5	0
7	8	5	0
8	8	5	0
9	8	5	0
10	8	5	0
11	8	5	0
12	8	5	0
13	8	5	0
14	8	5	0
15	8	5	0
16	8	5	0
17	8	5	0
18	8	5	0
19	8	5	0
20	8	5	0
21	8	5	0
22	8	5	0
23	8	5	0
24	8	5	0
25	8	5	0
26	8	5	0
27	8	5	0
28	8	5	0
29	8	5	0
30	8	5	0
31	8	5	0
32	8	5	0
33	8	5	0
34	8	5	0
35	8	5	0
36	8	5	0
37	8	5	0
38	8	5	0
39	8	5	0
40	8	5	0
41	8	5	0
42	8	5	0
43	8	5	0
44	8	5	0
45	8	5	0
46	8	5	0
47	8	5	0
48	8	5	0
49	8	5	0
50	8	5	0
51	8	5	0
52	8	5	0
53	8	5	0
54	8	5	0
55	8	5	0
56	8	5	0
57	8	5	0
58	8	5	0
59	8	5	0
60	8	5	0
61	8	5	0
62	8	5	0
63	8	5	0
64	8	5	0
65	8	5	0
66	8	5	0
67	8	5	0
68	8	5	0
69	8	5	0
70	8	5	0
71	8	5	0
72	8	5	0
73	8	5	0
74	8	5	0
75	8	5	0
76	8	5	0
77	8	5	0
78	8	5	0
79	8	5	0
80	8	5	0
81	8	5	0
82	8	5	0
83	8	5	0
84	8	5	0
85	8	5	0
86	8	5	0
87	8	5	0
88	8	5	0
89	8	5	0
90	8	5	0
91	8	5	0
92	8	5	0
93	8	5	0
94	8	5	0
95	8	5	0
96	8	5	0
97	8	5	0
98	8	5	0
99	8	5	0
