Observation	Correct	FP	FN
0	3	14	0
1	3	14	0
2	3	14	0
3	3	14	0
4	3	14	0
5	3	14	0
6	3	14	0
7	3	14	0
8	3	14	0
9	3	14	0
10	3	14	0
11	3	15	0
12	3	14	0
13	3	14	0
14	3	14	0
15	3	14	0
16	3	14	0
17	3	14	0
18	3	14	0
19	3	14	0
20	3	14	0
21	3	15	0
22	3	14	0
23	3	14	0
24	3	14	0
25	3	15	0
26	3	14	0
27	3	14	0
28	3	14	0
29	3	14	0
30	3	14	0
31	3	14	0
32	3	14	0
33	3	14	0
34	3	14	0
35	3	14	0
36	3	14	0
37	3	14	0
38	3	14	0
39	3	14	0
40	3	15	0
41	3	14	0
42	3	15	0
43	3	14	0
44	3	14	0
45	3	14	0
46	3	14	0
47	3	14	0
48	3	15	0
49	3	15	0
50	3	15	0
51	3	14	0
52	3	14	0
53	3	15	0
54	3	14	0
55	3	14	0
56	3	14	0
57	3	15	0
58	3	15	0
59	3	14	0
60	3	14	0
61	3	14	0
62	3	14	0
63	3	14	0
64	3	14	0
65	3	14	0
66	3	14	0
67	3	14	0
68	3	14	0
69	3	14	0
70	3	14	0
71	3	14	0
72	3	15	0
73	3	14	0
74	3	14	0
75	3	14	0
76	3	14	0
77	3	14	0
78	3	14	0
79	3	14	0
80	3	14	0
81	3	14	0
82	3	14	0
83	3	14	0
84	3	14	0
85	3	14	0
86	3	15	0
87	3	14	0
88	3	14	0
89	3	14	0
90	3	14	0
91	3	14	0
92	3	14	0
93	3	14	0
94	3	14	0
95	3	14	0
96	3	14	0
97	3	14	0
98	3	15	0
99	3	14	0
