Observation	Correct	FP	FN
0	19	4	0
1	19	4	0
2	19	4	0
3	19	4	0
4	19	4	0
5	19	4	0
6	19	4	0
7	19	4	0
8	19	4	0
9	19	4	0
10	19	4	0
11	19	4	0
12	19	4	0
13	19	4	0
14	19	4	0
15	19	4	0
16	19	4	0
17	19	4	0
18	19	4	0
19	19	4	0
20	19	4	0
21	19	4	0
22	19	4	0
23	19	4	0
24	19	4	0
25	19	4	0
26	19	4	0
27	19	4	0
28	19	4	0
29	19	4	0
30	19	4	0
31	19	4	0
32	19	4	0
33	19	4	0
34	19	4	0
35	19	4	0
36	19	4	0
37	19	4	0
38	19	4	0
39	19	4	0
40	19	4	0
41	19	4	0
42	19	4	0
43	19	4	0
44	19	4	0
45	19	4	0
46	19	4	0
47	19	4	0
48	19	4	0
49	19	4	0
50	19	4	0
51	19	4	0
52	19	4	0
53	19	4	0
54	19	4	0
55	19	4	0
56	19	4	0
57	19	4	0
58	19	4	0
59	19	4	0
60	19	4	0
61	19	4	0
62	19	4	0
63	19	4	0
64	19	4	0
65	19	4	0
66	19	4	0
67	19	4	0
68	19	4	0
69	19	4	0
70	19	4	0
71	19	4	0
72	19	4	0
73	19	4	0
74	19	4	0
75	19	4	0
76	19	4	0
77	19	4	0
78	19	4	0
79	19	4	0
80	19	4	0
81	19	4	0
82	19	4	0
83	19	4	0
84	19	4	0
85	19	4	0
86	19	4	0
87	19	4	0
88	19	4	0
89	19	4	0
90	19	4	0
91	19	4	0
92	19	4	0
93	19	4	0
94	19	4	0
95	19	4	0
96	19	4	0
97	19	4	0
98	19	4	0
99	19	4	0
