Observation	Correct	FP	FN
0	5	6	0
1	5	6	0
2	5	6	0
3	5	6	0
4	5	6	0
5	5	6	0
6	5	6	0
7	5	6	0
8	5	6	0
9	5	6	0
10	5	6	0
11	5	6	0
12	5	6	0
13	5	6	0
14	5	6	0
15	5	6	0
16	5	6	0
17	5	6	0
18	5	6	0
19	5	6	0
20	5	6	0
21	5	6	0
22	5	6	0
23	5	6	0
24	5	6	0
25	5	6	0
26	5	6	0
27	5	6	0
28	5	6	0
29	5	6	0
30	5	6	0
31	5	6	0
32	5	6	0
33	5	6	0
34	5	6	0
35	5	6	0
36	5	6	0
37	5	6	0
38	5	6	0
39	5	6	0
40	5	6	0
41	5	6	0
42	5	6	0
43	5	6	0
44	5	6	0
45	5	6	0
46	5	6	0
47	5	6	0
48	5	6	0
49	5	6	0
50	5	6	0
51	5	6	0
52	5	6	0
53	5	6	0
54	5	6	0
55	5	6	0
56	5	6	0
57	5	6	0
58	5	6	0
59	5	6	0
60	5	6	0
61	5	6	0
62	5	6	0
63	5	6	0
64	5	6	0
65	5	6	0
66	5	6	0
67	5	6	0
68	5	6	0
69	5	6	0
70	5	6	0
71	5	6	0
72	5	6	0
73	5	6	0
74	5	6	0
75	5	6	0
76	5	6	0
77	5	6	0
78	5	6	0
79	5	6	0
80	5	6	0
81	5	6	0
82	5	6	0
83	5	6	0
84	5	6	0
85	5	6	0
86	5	6	0
87	5	6	0
88	5	6	0
89	5	6	0
90	5	6	0
91	5	6	0
92	5	6	0
93	5	6	0
94	5	6	0
95	5	6	0
96	5	6	0
97	5	6	0
98	5	6	0
99	5	6	0
