Observation	Correct	FP	FN
0	11	3	0
1	11	3	0
2	11	3	0
3	11	3	0
4	11	3	0
5	11	3	0
6	11	3	0
7	11	3	0
8	11	3	0
9	11	3	0
10	11	3	0
11	11	3	0
12	11	3	0
13	11	3	0
14	11	3	0
15	11	3	0
16	11	3	0
17	11	3	0
18	11	3	0
19	11	3	0
20	11	3	0
21	11	3	0
22	11	3	0
23	11	3	0
24	11	3	0
25	11	3	0
26	11	3	0
27	11	3	0
28	11	3	0
29	11	3	0
30	11	3	0
31	11	3	0
32	11	3	0
33	11	3	0
34	11	3	0
35	11	3	0
36	11	3	0
37	11	3	0
38	11	3	0
39	11	3	0
40	11	3	0
41	11	3	0
42	11	3	0
43	11	3	0
44	11	3	0
45	11	3	0
46	11	3	0
47	11	3	0
48	11	3	0
49	11	3	0
50	11	3	0
51	11	3	0
52	11	3	0
53	11	3	0
54	11	3	0
55	11	3	0
56	11	3	0
57	11	3	0
58	11	3	0
59	11	3	0
60	11	3	0
61	11	3	0
62	11	3	0
63	11	3	0
64	11	3	0
65	11	3	0
66	11	3	0
67	11	3	0
68	11	3	0
69	11	3	0
70	11	3	0
71	11	3	0
72	11	3	0
73	11	3	0
74	11	3	0
75	11	3	0
76	11	3	0
77	11	3	0
78	11	3	0
79	11	3	0
80	11	3	0
81	11	3	0
82	11	3	0
83	11	3	0
84	11	3	0
85	11	3	0
86	11	3	0
87	11	3	0
88	11	3	0
89	11	3	0
90	11	3	0
91	11	3	0
92	11	3	0
93	11	3	0
94	11	3	0
95	11	3	0
96	11	3	0
97	11	3	0
98	11	3	0
99	11	3	0
