Observation	Correct	FP	FN
0	6	5	0
1	6	6	0
2	6	5	0
3	6	3	0
4	6	3	0
5	6	3	0
6	6	5	0
7	6	5	0
8	6	6	0
9	6	3	0
10	6	3	0
11	6	3	0
12	6	5	0
13	6	6	0
14	6	3	0
15	6	6	0
16	6	6	0
17	6	4	0
18	6	3	0
19	6	3	0
20	6	4	0
21	6	5	0
22	6	5	0
23	6	5	0
24	6	5	0
25	6	5	0
26	6	3	0
27	6	3	0
28	6	5	0
29	6	5	0
30	6	5	0
31	6	6	0
32	6	6	0
33	6	5	0
34	6	5	0
35	6	6	0
36	6	3	0
37	6	5	0
38	6	5	0
39	6	3	0
40	6	3	0
41	6	3	0
42	6	5	0
43	6	3	0
44	6	6	0
45	6	6	0
46	6	3	0
47	6	6	0
48	6	5	0
49	6	3	0
50	6	3	0
51	6	6	0
52	6	5	0
53	6	4	0
54	6	6	0
55	6	6	0
56	6	3	0
57	6	3	0
58	6	6	0
59	6	5	0
60	6	5	0
61	6	5	0
62	6	3	0
63	6	5	0
64	6	6	0
65	6	5	0
66	6	5	0
67	6	3	0
68	6	5	0
69	6	3	0
70	6	3	0
71	6	5	0
72	6	3	0
73	6	6	0
74	6	5	0
75	6	5	0
76	6	6	0
77	6	3	0
78	6	6	0
79	6	4	0
80	6	5	0
81	6	6	0
82	6	5	0
83	6	3	0
84	6	6	0
85	6	3	0
86	6	5	0
87	6	6	0
88	6	5	0
89	6	5	0
90	6	3	0
91	6	5	0
92	6	5	0
93	6	3	0
94	6	5	0
95	6	5	0
96	6	3	0
97	6	3	0
98	6	5	0
99	6	6	0
