Observation	Correct	FP	FN
0	13	4	0
1	13	3	0
2	13	4	0
3	13	3	0
4	13	5	0
5	13	5	0
6	13	3	0
7	13	3	0
8	13	5	0
9	13	3	0
10	13	5	0
11	13	5	0
12	13	3	0
13	13	3	0
14	13	4	0
15	13	4	0
16	13	3	0
17	13	3	0
18	13	3	0
19	13	4	0
20	13	3	0
21	13	3	0
22	13	5	0
23	13	5	0
24	13	5	0
25	13	3	0
26	13	3	0
27	13	3	0
28	13	5	0
29	13	3	0
30	13	3	0
31	13	4	0
32	13	5	0
33	13	3	0
34	13	3	0
35	13	3	0
36	13	3	0
37	13	3	0
38	13	3	0
39	13	4	0
40	13	4	0
41	13	4	0
42	13	3	0
43	13	3	0
44	13	4	0
45	13	3	0
46	13	4	0
47	13	3	0
48	13	4	0
49	13	3	0
50	13	3	0
51	13	5	0
52	13	4	0
53	13	4	0
54	13	3	0
55	13	4	0
56	13	4	0
57	13	5	0
58	13	3	0
59	13	5	0
60	13	3	0
61	13	3	0
62	13	5	0
63	13	3	0
64	13	3	0
65	13	3	0
66	13	4	0
67	13	5	0
68	13	4	0
69	13	3	0
70	13	3	0
71	13	4	0
72	13	3	0
73	13	5	0
74	13	4	0
75	13	3	0
76	13	5	0
77	13	3	0
78	13	3	0
79	13	3	0
80	13	5	0
81	13	5	0
82	13	3	0
83	13	3	0
84	13	4	0
85	13	5	0
86	13	3	0
87	13	5	0
88	13	4	0
89	13	3	0
90	13	3	0
91	13	3	0
92	13	3	0
93	13	3	0
94	13	5	0
95	13	4	0
96	13	3	0
97	13	4	0
98	13	3	0
99	13	4	0
