Observation	Correct	FP	FN
0	10	5	0
1	9	5	1
2	10	5	0
3	10	5	0
4	10	5	0
5	10	5	0
6	10	5	0
7	10	5	0
8	10	5	0
9	10	5	0
10	10	5	0
11	10	5	0
12	9	5	1
13	9	5	1
14	10	5	0
15	10	5	0
16	10	5	0
17	10	5	0
18	10	5	0
19	9	5	1
20	9	5	1
21	10	5	0
22	9	5	1
23	9	5	1
24	10	5	0
25	10	5	0
26	9	5	1
27	10	5	0
28	10	5	0
29	10	5	0
30	10	5	0
31	9	5	1
32	10	5	0
33	10	5	0
34	9	5	1
35	9	5	1
36	10	5	0
37	10	5	0
38	10	5	0
39	10	5	0
40	10	5	0
41	10	5	0
42	10	5	0
43	9	5	1
44	10	5	0
45	10	5	0
46	9	5	1
47	9	5	1
48	10	5	0
49	10	5	0
50	9	5	1
51	9	5	1
52	9	5	1
53	9	5	1
54	10	5	0
55	10	5	0
56	10	5	0
57	10	5	0
58	9	5	1
59	10	5	0
60	9	5	1
61	9	5	1
62	9	5	1
63	10	5	0
64	9	5	1
65	10	5	0
66	9	5	1
67	10	5	0
68	10	5	0
69	10	5	0
70	9	5	1
71	9	5	1
72	10	5	0
73	9	5	1
74	10	5	0
75	10	5	0
76	10	5	0
77	10	5	0
78	10	5	0
79	10	5	0
80	10	5	0
81	9	5	1
82	9	5	1
83	10	5	0
84	9	5	1
85	9	5	1
86	10	5	0
87	9	5	1
88	10	5	0
89	10	5	0
90	10	5	0
91	10	5	0
92	9	5	1
93	10	5	0
94	9	5	1
95	9	5	1
96	10	5	0
97	9	5	1
98	10	5	0
99	10	5	0
