Observation	Correct	FP	FN
0	12	10	0
1	12	10	0
2	12	10	0
3	12	10	0
4	12	10	0
5	12	10	0
6	12	10	0
7	12	10	0
8	12	10	0
9	12	10	0
10	12	10	0
11	12	10	0
12	12	10	0
13	12	10	0
14	12	10	0
15	12	10	0
16	12	10	0
17	12	10	0
18	12	10	0
19	12	10	0
20	12	10	0
21	12	10	0
22	12	10	0
23	12	10	0
24	12	10	0
25	12	10	0
26	12	10	0
27	12	10	0
28	12	10	0
29	12	10	0
30	12	10	0
31	12	10	0
32	12	10	0
33	12	10	0
34	12	10	0
35	12	10	0
36	12	10	0
37	12	10	0
38	12	10	0
39	12	10	0
40	12	10	0
41	12	10	0
42	12	10	0
43	12	10	0
44	12	10	0
45	12	10	0
46	12	10	0
47	12	10	0
48	12	10	0
49	12	10	0
50	12	10	0
51	12	10	0
52	12	10	0
53	12	10	0
54	12	10	0
55	12	10	0
56	12	10	0
57	12	10	0
58	12	10	0
59	12	10	0
60	12	10	0
61	12	10	0
62	12	10	0
63	12	10	0
64	12	10	0
65	12	10	0
66	12	10	0
67	12	10	0
68	12	10	0
69	12	10	0
70	12	10	0
71	12	10	0
72	12	10	0
73	12	10	0
74	12	10	0
75	12	10	0
76	12	10	0
77	12	10	0
78	12	10	0
79	12	10	0
80	12	10	0
81	12	10	0
82	12	10	0
83	12	10	0
84	12	10	0
85	12	10	0
86	12	10	0
87	12	10	0
88	12	10	0
89	12	10	0
90	12	10	0
91	12	10	0
92	12	10	0
93	12	10	0
94	12	10	0
95	12	10	0
96	12	10	0
97	12	10	0
98	12	10	0
99	12	10	0
