Observation	Correct	FP	FN
0	1	22	0
1	1	20	0
2	1	20	0
3	1	19	0
4	1	20	0
5	1	21	0
6	1	22	0
7	1	23	0
8	1	22	0
9	1	20	0
10	1	21	0
11	1	22	0
12	1	21	0
13	1	21	0
14	1	20	0
15	1	20	0
16	1	23	0
17	1	21	0
18	1	21	0
19	1	21	0
20	1	20	0
21	1	21	0
22	1	20	0
23	1	21	0
24	1	22	0
25	1	21	0
26	1	22	0
27	1	21	0
28	1	22	0
29	1	21	0
30	1	20	0
31	1	20	0
32	1	20	0
33	1	20	0
34	1	21	0
35	1	21	0
36	1	22	0
37	1	21	0
38	1	21	0
39	1	22	0
40	1	23	0
41	1	20	0
42	1	20	0
43	1	20	0
44	1	22	0
45	1	20	0
46	1	20	0
47	1	20	0
48	1	21	0
49	1	21	0
50	1	21	0
51	1	22	0
52	1	20	0
53	1	20	0
54	1	21	0
55	1	23	0
56	1	22	0
57	1	22	0
58	1	23	0
59	1	21	0
60	1	21	0
61	1	21	0
62	1	20	0
63	1	20	0
64	1	19	0
65	1	21	0
66	1	20	0
67	1	21	0
68	1	21	0
69	1	20	0
70	1	20	0
71	1	21	0
72	1	22	0
73	1	20	0
74	1	22	0
75	1	20	0
76	1	22	0
77	1	23	0
78	1	20	0
79	1	20	0
80	1	21	0
81	1	19	0
82	1	21	0
83	1	20	0
84	1	22	0
85	1	19	0
86	1	22	0
87	1	19	0
88	1	19	0
89	1	22	0
90	1	20	0
91	1	22	0
92	1	21	0
93	1	19	0
94	1	21	0
95	1	20	0
96	1	20	0
97	1	21	0
98	1	20	0
99	1	21	0
