Observation	Correct	FP	FN
0	10	2	0
1	9	2	1
2	10	2	0
3	10	2	0
4	10	2	0
5	10	2	0
6	10	2	0
7	9	2	1
8	10	2	0
9	9	2	1
10	10	2	0
11	10	2	0
12	9	2	1
13	9	2	1
14	10	2	0
15	10	2	0
16	10	2	0
17	10	2	0
18	10	2	0
19	9	2	1
20	9	2	1
21	10	2	0
22	9	2	1
23	9	2	1
24	10	2	0
25	10	2	0
26	9	2	1
27	10	2	0
28	10	2	0
29	10	2	0
30	9	2	1
31	9	2	1
32	10	2	0
33	10	2	0
34	9	2	1
35	9	2	1
36	10	2	0
37	10	2	0
38	10	2	0
39	10	2	0
40	9	2	1
41	10	2	0
42	9	2	1
43	10	2	0
44	10	2	0
45	10	2	0
46	9	2	1
47	9	2	1
48	10	2	0
49	10	2	0
50	9	2	1
51	9	2	1
52	9	2	1
53	9	2	1
54	10	2	0
55	10	2	0
56	10	2	0
57	10	2	0
58	9	2	1
59	10	2	0
60	9	2	1
61	9	2	1
62	10	2	0
63	10	2	0
64	9	2	1
65	10	2	0
66	10	2	0
67	10	2	0
68	10	2	0
69	10	2	0
70	9	2	1
71	9	2	1
72	10	2	0
73	9	2	1
74	10	2	0
75	10	2	0
76	10	2	0
77	10	2	0
78	10	2	0
79	10	2	0
80	10	2	0
81	9	2	1
82	9	2	1
83	10	2	0
84	10	2	0
85	10	2	0
86	10	2	0
87	10	2	0
88	9	2	1
89	10	2	0
90	10	2	0
91	9	2	1
92	9	2	1
93	9	2	1
94	9	2	1
95	9	2	1
96	10	2	0
97	10	2	0
98	9	2	1
99	10	2	0
