Observation	Correct	FP	FN
0	13	9	0
1	13	9	0
2	13	10	0
3	13	10	0
4	13	9	0
5	13	9	0
6	13	10	0
7	13	10	0
8	13	10	0
9	13	9	0
10	13	9	0
11	13	9	0
12	13	9	0
13	13	10	0
14	13	9	0
15	13	9	0
16	13	9	0
17	13	10	0
18	13	9	0
19	13	10	0
20	13	10	0
21	13	9	0
22	13	10	0
23	13	10	0
24	13	9	0
25	13	9	0
26	13	10	0
27	13	9	0
28	13	9	0
29	13	10	0
30	13	9	0
31	13	10	0
32	13	10	0
33	13	10	0
34	13	9	0
35	13	10	0
36	13	10	0
37	13	10	0
38	13	10	0
39	13	10	0
40	13	9	0
41	13	10	0
42	13	10	0
43	13	9	0
44	13	9	0
45	13	9	0
46	13	10	0
47	13	10	0
48	13	10	0
49	13	9	0
50	13	9	0
51	13	9	0
52	13	9	0
53	13	10	0
54	13	9	0
55	13	9	0
56	13	10	0
57	13	9	0
58	13	9	0
59	13	9	0
60	13	9	0
61	13	10	0
62	13	10	0
63	13	10	0
64	13	9	0
65	13	9	0
66	13	10	0
67	13	10	0
68	13	10	0
69	13	9	0
70	13	9	0
71	13	9	0
72	13	10	0
73	13	10	0
74	13	10	0
75	13	9	0
76	13	9	0
77	13	9	0
78	13	10	0
79	13	9	0
80	13	9	0
81	13	9	0
82	13	9	0
83	13	9	0
84	13	9	0
85	13	9	0
86	13	10	0
87	13	9	0
88	13	10	0
89	13	10	0
90	13	10	0
91	13	9	0
92	13	10	0
93	13	10	0
94	13	10	0
95	13	9	0
96	13	9	0
97	13	10	0
98	13	10	0
99	13	10	0
