Observation	Correct	FP	FN
0	5	9	0
1	5	9	0
2	5	10	0
3	5	10	0
4	5	9	0
5	5	10	0
6	5	9	0
7	5	9	0
8	5	10	0
9	5	9	0
10	5	10	0
11	5	9	0
12	5	9	0
13	5	9	0
14	5	10	0
15	5	9	0
16	5	10	0
17	5	10	0
18	5	10	0
19	5	9	0
20	5	9	0
21	5	10	0
22	5	9	0
23	5	9	0
24	5	10	0
25	5	10	0
26	5	9	0
27	5	9	0
28	5	10	0
29	5	9	0
30	5	9	0
31	5	9	0
32	5	9	0
33	5	9	0
34	5	9	0
35	5	9	0
36	5	10	0
37	5	9	0
38	5	9	0
39	5	9	0
40	5	9	0
41	5	10	0
42	5	9	0
43	5	9	0
44	5	9	0
45	5	10	0
46	5	9	0
47	5	9	0
48	5	10	0
49	5	9	0
50	5	9	0
51	5	9	0
52	5	9	0
53	5	9	0
54	5	9	0
55	5	10	0
56	5	9	0
57	5	10	0
58	5	9	0
59	5	9	0
60	5	9	0
61	5	9	0
62	5	9	0
63	5	9	0
64	5	9	0
65	5	10	0
66	5	9	0
67	5	10	0
68	5	10	0
69	5	10	0
70	5	9	0
71	5	9	0
72	5	9	0
73	5	9	0
74	5	10	0
75	5	10	0
76	5	9	0
77	5	9	0
78	5	9	0
79	5	9	0
80	5	9	0
81	5	9	0
82	5	9	0
83	5	10	0
84	5	9	0
85	5	10	0
86	5	9	0
87	5	9	0
88	5	9	0
89	5	10	0
90	5	10	0
91	5	9	0
92	5	9	0
93	5	10	0
94	5	9	0
95	5	9	0
96	5	10	0
97	5	9	0
98	5	9	0
99	5	9	0
