Observation	Correct	FP	FN
0	6	4	0
1	6	4	0
2	5	4	1
3	5	4	1
4	6	4	0
5	5	4	1
6	6	4	0
7	6	4	0
8	6	4	0
9	6	4	0
10	6	4	0
11	6	4	0
12	6	4	0
13	6	4	0
14	5	4	1
15	6	4	0
16	5	4	1
17	5	4	1
18	5	4	1
19	6	4	0
20	6	4	0
21	5	4	1
22	6	4	0
23	6	4	0
24	5	4	1
25	6	4	0
26	6	4	0
27	5	4	1
28	6	4	0
29	6	4	0
30	6	4	0
31	6	4	0
32	6	4	0
33	6	4	0
34	6	4	0
35	6	4	0
36	5	4	1
37	6	4	0
38	6	4	0
39	5	4	1
40	6	4	0
41	5	4	1
42	6	4	0
43	5	4	1
44	6	4	0
45	6	4	0
46	6	4	0
47	6	4	0
48	5	4	1
49	6	4	0
50	6	4	0
51	6	4	0
52	6	4	0
53	6	4	0
54	6	4	0
55	6	4	0
56	5	4	1
57	6	4	0
58	6	4	0
59	5	4	1
60	6	4	0
61	6	4	0
62	6	4	0
63	6	4	0
64	6	4	0
65	5	4	1
66	6	4	0
67	5	4	1
68	5	4	1
69	5	4	1
70	6	4	0
71	6	4	0
72	6	4	0
73	6	4	0
74	6	4	0
75	6	4	0
76	6	4	0
77	6	4	0
78	5	4	1
79	5	4	1
80	6	4	0
81	6	4	0
82	6	4	0
83	5	4	1
84	6	4	0
85	5	4	1
86	6	4	0
87	5	4	1
88	6	4	0
89	5	4	1
90	5	4	1
91	6	4	0
92	6	4	0
93	5	4	1
94	6	4	0
95	6	4	0
96	5	4	1
97	5	4	1
98	6	4	0
99	5	4	1
