Observation	Correct	FP	FN
0	11	12	0
1	11	13	0
2	11	12	0
3	11	12	0
4	11	12	0
5	11	12	0
6	11	13	0
7	11	13	0
8	11	13	0
9	11	12	0
10	11	13	0
11	11	12	0
12	11	11	0
13	11	12	0
14	11	12	0
15	11	12	0
16	11	12	0
17	11	13	0
18	11	13	0
19	11	12	0
20	11	12	0
21	11	12	0
22	11	12	0
23	11	12	0
24	11	13	0
25	11	12	0
26	11	12	0
27	11	13	0
28	11	12	0
29	11	12	0
30	11	12	0
31	11	12	0
32	11	12	0
33	11	12	0
34	11	12	0
35	11	13	0
36	11	13	0
37	11	13	0
38	11	12	0
39	11	12	0
40	11	12	0
41	11	12	0
42	11	12	0
43	11	12	0
44	11	12	0
45	11	12	0
46	11	12	0
47	11	12	0
48	11	12	0
49	11	12	0
50	11	12	0
51	11	12	0
52	11	12	0
53	11	12	0
54	11	12	0
55	11	12	0
56	11	12	0
57	11	12	0
58	11	12	0
59	11	13	0
60	11	12	0
61	11	12	0
62	11	12	0
63	11	12	0
64	11	12	0
65	11	12	0
66	11	12	0
67	11	12	0
68	11	12	0
69	11	12	0
70	11	12	0
71	11	12	0
72	11	12	0
73	11	11	0
74	11	12	0
75	11	12	0
76	11	12	0
77	11	12	0
78	11	12	0
79	11	12	0
80	11	12	0
81	11	12	0
82	11	12	0
83	11	12	0
84	11	12	0
85	11	13	0
86	11	12	0
87	11	12	0
88	11	12	0
89	11	12	0
90	11	12	0
91	11	12	0
92	11	12	0
93	11	13	0
94	11	11	0
95	11	12	0
96	11	13	0
97	11	12	0
98	11	12	0
99	11	12	0
