Observation	Correct	FP	FN
0	8	4	0
1	8	4	0
2	8	3	0
3	8	3	0
4	8	3	0
5	8	3	0
6	8	4	0
7	8	4	0
8	8	3	0
9	8	4	0
10	8	3	0
11	8	4	0
12	8	4	0
13	8	4	0
14	8	3	0
15	8	4	0
16	8	3	0
17	8	3	0
18	8	3	0
19	8	4	0
20	8	4	0
21	8	3	0
22	8	4	0
23	8	4	0
24	8	3	0
25	8	3	0
26	8	4	0
27	8	3	0
28	8	3	0
29	8	4	0
30	8	4	0
31	8	4	0
32	8	3	0
33	8	4	0
34	8	4	0
35	8	4	0
36	8	3	0
37	8	4	0
38	8	4	0
39	8	4	0
40	8	4	0
41	8	3	0
42	8	4	0
43	8	4	0
44	8	4	0
45	8	3	0
46	8	4	0
47	8	4	0
48	8	3	0
49	8	4	0
50	8	4	0
51	8	4	0
52	8	4	0
53	8	4	0
54	8	4	0
55	8	3	0
56	8	3	0
57	8	4	0
58	8	4	0
59	8	4	0
60	8	4	0
61	8	4	0
62	8	4	0
63	8	4	0
64	8	4	0
65	8	3	0
66	8	3	0
67	8	3	0
68	8	3	0
69	8	3	0
70	8	4	0
71	8	3	0
72	8	4	0
73	8	4	0
74	8	4	0
75	8	3	0
76	8	4	0
77	8	4	0
78	8	3	0
79	8	4	0
80	8	4	0
81	8	4	0
82	8	4	0
83	8	3	0
84	8	3	0
85	8	3	0
86	8	4	0
87	8	3	0
88	8	4	0
89	8	3	0
90	8	3	0
91	8	4	0
92	8	4	0
93	8	3	0
94	8	4	0
95	8	4	0
96	8	3	0
97	8	4	0
98	8	4	0
99	8	3	0
