Observation	Correct	FP	FN
0	8	7	0
1	8	7	0
2	8	7	0
3	8	7	0
4	8	7	0
5	8	7	0
6	8	7	0
7	8	7	0
8	8	7	0
9	8	7	0
10	8	7	0
11	8	7	0
12	8	7	0
13	8	7	0
14	8	7	0
15	8	7	0
16	8	7	0
17	8	7	0
18	8	7	0
19	8	7	0
20	8	7	0
21	8	7	0
22	8	7	0
23	8	7	0
24	8	7	0
25	8	7	0
26	8	7	0
27	8	7	0
28	8	7	0
29	8	7	0
30	8	7	0
31	8	7	0
32	8	7	0
33	8	7	0
34	8	7	0
35	8	7	0
36	8	7	0
37	8	7	0
38	8	7	0
39	8	7	0
40	8	7	0
41	8	7	0
42	8	7	0
43	8	7	0
44	8	7	0
45	8	7	0
46	8	7	0
47	8	7	0
48	8	7	0
49	8	7	0
50	8	7	0
51	8	7	0
52	8	7	0
53	8	7	0
54	8	7	0
55	8	7	0
56	8	7	0
57	8	7	0
58	8	7	0
59	8	7	0
60	8	7	0
61	8	7	0
62	8	7	0
63	8	7	0
64	8	7	0
65	8	7	0
66	8	7	0
67	8	7	0
68	8	7	0
69	8	7	0
70	8	7	0
71	8	7	0
72	8	7	0
73	8	7	0
74	8	7	0
75	8	7	0
76	8	7	0
77	8	7	0
78	8	7	0
79	8	7	0
80	8	7	0
81	8	7	0
82	8	7	0
83	8	7	0
84	8	7	0
85	8	7	0
86	8	7	0
87	8	7	0
88	8	7	0
89	8	7	0
90	8	7	0
91	8	7	0
92	8	7	0
93	8	7	0
94	8	7	0
95	8	7	0
96	8	7	0
97	8	7	0
98	8	7	0
99	8	7	0
