Observation	Correct	FP	FN
0	10	7	0
1	10	6	0
2	10	6	0
3	10	6	0
4	10	6	0
5	10	6	0
6	10	6	0
7	10	6	0
8	10	7	0
9	10	6	0
10	10	6	0
11	10	6	0
12	10	6	0
13	10	6	0
14	10	6	0
15	10	6	0
16	10	6	0
17	10	7	0
18	10	6	0
19	10	6	0
20	10	7	0
21	10	6	0
22	10	7	0
23	10	6	0
24	10	6	0
25	10	7	0
26	10	6	0
27	10	6	0
28	10	7	0
29	10	6	0
30	10	7	0
31	10	6	0
32	10	7	0
33	10	6	0
34	10	6	0
35	10	6	0
36	10	7	0
37	10	6	0
38	10	6	0
39	10	6	0
40	10	6	0
41	10	6	0
42	10	6	0
43	10	7	0
44	10	7	0
45	10	6	0
46	10	6	0
47	10	6	0
48	10	7	0
49	10	6	0
50	10	6	0
51	10	6	0
52	10	6	0
53	10	6	0
54	10	6	0
55	10	6	0
56	10	6	0
57	10	6	0
58	10	6	0
59	10	7	0
60	10	6	0
61	10	6	0
62	10	6	0
63	10	6	0
64	10	6	0
65	10	7	0
66	10	7	0
67	10	7	0
68	10	6	0
69	10	6	0
70	10	6	0
71	10	6	0
72	10	6	0
73	10	6	0
74	10	6	0
75	10	7	0
76	10	6	0
77	10	6	0
78	10	6	0
79	10	6	0
80	10	6	0
81	10	6	0
82	10	6	0
83	10	6	0
84	10	7	0
85	10	6	0
86	10	6	0
87	10	6	0
88	10	6	0
89	10	7	0
90	10	7	0
91	10	6	0
92	10	6	0
93	10	6	0
94	10	6	0
95	10	7	0
96	10	6	0
97	10	6	0
98	10	6	0
99	10	6	0
