Observation	Correct	FP	FN
0	1	7	0
1	1	7	0
2	1	7	0
3	1	7	0
4	1	7	0
5	1	7	0
6	1	7	0
7	1	7	0
8	1	7	0
9	1	7	0
10	1	7	0
11	1	7	0
12	1	7	0
13	1	7	0
14	1	7	0
15	1	7	0
16	1	7	0
17	1	7	0
18	1	7	0
19	1	7	0
20	1	7	0
21	1	7	0
22	1	7	0
23	1	7	0
24	1	7	0
25	1	7	0
26	1	7	0
27	1	7	0
28	1	7	0
29	1	7	0
30	1	7	0
31	1	7	0
32	1	7	0
33	1	7	0
34	1	7	0
35	1	7	0
36	1	7	0
37	1	7	0
38	1	7	0
39	1	7	0
40	1	7	0
41	1	7	0
42	1	7	0
43	1	7	0
44	1	7	0
45	1	7	0
46	1	7	0
47	1	7	0
48	1	7	0
49	1	7	0
50	1	7	0
51	1	7	0
52	1	7	0
53	1	7	0
54	1	7	0
55	1	7	0
56	1	7	0
57	1	7	0
58	1	7	0
59	1	7	0
60	1	7	0
61	1	7	0
62	1	7	0
63	1	7	0
64	1	7	0
65	1	7	0
66	1	7	0
67	1	7	0
68	1	7	0
69	1	7	0
70	1	7	0
71	1	7	0
72	1	7	0
73	1	7	0
74	1	7	0
75	1	7	0
76	1	7	0
77	1	7	0
78	1	7	0
79	1	7	0
80	1	7	0
81	1	7	0
82	1	7	0
83	1	7	0
84	1	7	0
85	1	7	0
86	1	7	0
87	1	7	0
88	1	7	0
89	1	7	0
90	1	7	0
91	1	7	0
92	1	7	0
93	1	7	0
94	1	7	0
95	1	7	0
96	1	7	0
97	1	7	0
98	1	7	0
99	1	7	0
