Observation	Correct	FP	FN
0	8	9	0
1	8	8	0
2	8	6	0
3	8	9	0
4	8	6	0
5	8	8	0
6	8	9	0
7	8	8	0
8	8	9	0
9	8	7	0
10	8	6	0
11	8	7	0
12	8	7	0
13	8	9	0
14	8	8	0
15	8	8	0
16	8	9	0
17	8	8	0
18	8	8	0
19	8	7	0
20	8	8	0
21	8	6	0
22	8	8	0
23	8	9	0
24	8	6	0
25	8	9	0
26	8	7	0
27	8	6	0
28	8	9	0
29	8	9	0
30	8	9	0
31	8	9	0
32	8	9	0
33	8	9	0
34	8	7	0
35	8	8	0
36	8	9	0
37	8	9	0
38	8	7	0
39	8	9	0
40	8	7	0
41	8	9	0
42	8	9	0
43	8	9	0
44	8	9	0
45	8	8	0
46	8	9	0
47	8	9	0
48	8	9	0
49	8	7	0
50	8	9	0
51	8	9	0
52	8	9	0
53	8	7	0
54	8	7	0
55	8	9	0
56	8	9	0
57	8	7	0
58	8	9	0
59	8	8	0
60	8	9	0
61	8	9	0
62	8	7	0
63	8	6	0
64	8	9	0
65	8	8	0
66	8	7	0
67	8	9	0
68	8	9	0
69	8	9	0
70	8	9	0
71	8	9	0
72	8	9	0
73	8	8	0
74	8	9	0
75	8	9	0
76	8	9	0
77	8	9	0
78	8	6	0
79	8	7	0
80	8	8	0
81	8	9	0
82	8	9	0
83	8	9	0
84	8	9	0
85	8	9	0
86	8	7	0
87	8	9	0
88	8	9	0
89	8	9	0
90	8	6	0
91	8	9	0
92	8	9	0
93	8	9	0
94	8	9	0
95	8	7	0
96	8	6	0
97	8	8	0
98	8	9	0
99	8	9	0
