Observation	Correct	FP	FN
0	15	2	0
1	15	1	0
2	15	1	0
3	15	2	0
4	15	2	0
5	15	1	0
6	15	1	0
7	15	1	0
8	15	1	0
9	15	2	0
10	15	1	0
11	15	1	0
12	15	1	0
13	15	1	0
14	15	2	0
15	15	2	0
16	15	2	0
17	15	1	0
18	15	1	0
19	15	2	0
20	15	1	0
21	15	2	0
22	15	1	0
23	15	2	0
24	15	1	0
25	15	2	0
26	15	1	0
27	15	2	0
28	15	1	0
29	15	2	0
30	15	1	0
31	15	2	0
32	15	2	0
33	15	2	0
34	15	2	0
35	15	2	0
36	15	1	0
37	15	1	0
38	15	1	0
39	15	2	0
40	15	2	0
41	15	2	0
42	15	1	0
43	15	1	0
44	15	1	0
45	15	2	0
46	15	1	0
47	15	1	0
48	15	1	0
49	15	1	0
50	15	1	0
51	15	1	0
52	15	1	0
53	15	2	0
54	15	2	0
55	15	2	0
56	15	1	0
57	15	2	0
58	15	1	0
59	15	1	0
60	15	1	0
61	15	2	0
62	15	1	0
63	15	1	0
64	15	2	0
65	15	2	0
66	15	1	0
67	15	2	0
68	15	2	0
69	15	1	0
70	15	2	0
71	15	1	0
72	15	1	0
73	15	1	0
74	15	1	0
75	15	2	0
76	15	2	0
77	15	1	0
78	15	2	0
79	15	1	0
80	15	1	0
81	15	1	0
82	15	2	0
83	15	1	0
84	15	1	0
85	15	1	0
86	15	2	0
87	15	2	0
88	15	2	0
89	15	2	0
90	15	2	0
91	15	1	0
92	15	2	0
93	15	1	0
94	15	1	0
95	15	1	0
96	15	2	0
97	15	2	0
98	15	2	0
99	15	2	0
