Observation	Correct	FP	FN
0	7	5	0
1	7	6	0
2	7	5	0
3	7	5	0
4	7	5	0
5	7	5	0
6	7	5	0
7	7	6	0
8	7	5	0
9	7	6	0
10	7	5	0
11	7	6	0
12	7	5	0
13	7	6	0
14	7	5	0
15	7	5	0
16	7	5	0
17	7	5	0
18	7	5	0
19	7	6	0
20	7	6	0
21	7	5	0
22	7	6	0
23	7	6	0
24	7	5	0
25	7	5	0
26	7	6	0
27	7	5	0
28	7	5	0
29	7	5	0
30	7	5	0
31	7	6	0
32	7	5	0
33	7	5	0
34	7	6	0
35	7	6	0
36	7	5	0
37	7	5	0
38	7	6	0
39	7	5	0
40	7	6	0
41	7	5	0
42	7	6	0
43	7	5	0
44	7	6	0
45	7	5	0
46	7	6	0
47	7	5	0
48	7	5	0
49	7	5	0
50	7	6	0
51	7	6	0
52	7	6	0
53	7	6	0
54	7	6	0
55	7	5	0
56	7	5	0
57	7	5	0
58	7	6	0
59	7	5	0
60	7	6	0
61	7	6	0
62	7	5	0
63	7	5	0
64	7	6	0
65	7	5	0
66	7	5	0
67	7	5	0
68	7	5	0
69	7	5	0
70	7	5	0
71	7	5	0
72	7	5	0
73	7	6	0
74	7	5	0
75	7	5	0
76	7	5	0
77	7	5	0
78	7	5	0
79	7	5	0
80	7	6	0
81	7	6	0
82	7	6	0
83	7	5	0
84	7	5	0
85	7	5	0
86	7	5	0
87	7	5	0
88	7	6	0
89	7	5	0
90	7	5	0
91	7	6	0
92	7	6	0
93	7	5	0
94	7	6	0
95	7	6	0
96	7	5	0
97	7	5	0
98	7	6	0
99	7	5	0
