Observation	Correct	FP	FN
0	4	9	0
1	4	10	0
2	4	11	0
3	4	11	0
4	4	9	0
5	4	10	0
6	4	10	0
7	4	9	0
8	4	9	0
9	4	9	0
10	4	10	0
11	4	11	0
12	4	9	0
13	4	10	0
14	4	10	0
15	4	9	0
16	4	9	0
17	4	9	0
18	4	10	0
19	4	9	0
20	4	9	0
21	4	10	0
22	4	9	0
23	4	9	0
24	4	11	0
25	4	11	0
26	4	10	0
27	4	9	0
28	4	9	0
29	4	10	0
30	4	11	0
31	4	9	0
32	4	10	0
33	4	10	0
34	4	11	0
35	4	11	0
36	4	10	0
37	4	9	0
38	4	9	0
39	4	11	0
40	4	9	0
41	4	9	0
42	4	11	0
43	4	10	0
44	4	10	0
45	4	11	0
46	4	10	0
47	4	9	0
48	4	10	0
49	4	10	0
50	4	10	0
51	4	9	0
52	4	10	0
53	4	9	0
54	4	9	0
55	4	11	0
56	4	9	0
57	4	11	0
58	4	9	0
59	4	9	0
60	4	9	0
61	4	11	0
62	4	9	0
63	4	9	0
64	4	10	0
65	4	11	0
66	4	9	0
67	4	9	0
68	4	11	0
69	4	9	0
70	4	10	0
71	4	9	0
72	4	10	0
73	4	11	0
74	4	10	0
75	4	9	0
76	4	9	0
77	4	10	0
78	4	11	0
79	4	9	0
80	4	9	0
81	4	11	0
82	4	9	0
83	4	11	0
84	4	10	0
85	4	9	0
86	4	11	0
87	4	11	0
88	4	11	0
89	4	10	0
90	4	11	0
91	4	11	0
92	4	11	0
93	4	9	0
94	4	11	0
95	4	9	0
96	4	11	0
97	4	11	0
98	4	9	0
99	4	9	0
