Observation	Correct	FP	FN
0	9	11	0
1	9	10	0
2	9	11	0
3	9	10	0
4	9	10	0
5	9	11	0
6	9	10	0
7	9	10	0
8	9	10	0
9	9	10	0
10	9	10	0
11	9	11	0
12	9	10	0
13	9	10	0
14	9	10	0
15	9	10	0
16	9	10	0
17	9	10	0
18	9	10	0
19	9	11	0
20	9	10	0
21	9	10	0
22	9	10	0
23	9	10	0
24	9	10	0
25	9	11	0
26	9	11	0
27	9	10	0
28	9	10	0
29	9	10	0
30	9	10	0
31	9	10	0
32	9	10	0
33	9	10	0
34	9	10	0
35	9	10	0
36	9	10	0
37	9	11	0
38	9	10	0
39	9	10	0
40	9	11	0
41	9	10	0
42	9	10	0
43	9	10	0
44	9	10	0
45	9	10	0
46	9	11	0
47	9	10	0
48	9	11	0
49	9	10	0
50	9	10	0
51	9	10	0
52	9	10	0
53	9	10	0
54	9	10	0
55	9	11	0
56	9	11	0
57	9	10	0
58	9	10	0
59	9	10	0
60	9	10	0
61	9	11	0
62	9	11	0
63	9	10	0
64	9	10	0
65	9	11	0
66	9	10	0
67	9	10	0
68	9	11	0
69	9	10	0
70	9	10	0
71	9	11	0
72	9	11	0
73	9	10	0
74	9	11	0
75	9	10	0
76	9	11	0
77	9	10	0
78	9	10	0
79	9	10	0
80	9	10	0
81	9	11	0
82	9	10	0
83	9	10	0
84	9	10	0
85	9	10	0
86	9	10	0
87	9	10	0
88	9	10	0
89	9	11	0
90	9	10	0
91	9	10	0
92	9	10	0
93	9	11	0
94	9	10	0
95	9	10	0
96	9	10	0
97	9	10	0
98	9	10	0
99	9	10	0
