Observation	Correct	FP	FN
0	3	11	0
1	3	11	0
2	3	11	0
3	3	11	0
4	3	11	0
5	3	11	0
6	3	11	0
7	3	11	0
8	3	11	0
9	3	11	0
10	3	11	0
11	3	11	0
12	3	11	0
13	3	11	0
14	3	11	0
15	3	11	0
16	3	11	0
17	3	11	0
18	3	11	0
19	3	11	0
20	3	11	0
21	3	11	0
22	3	11	0
23	3	11	0
24	3	11	0
25	3	11	0
26	3	11	0
27	3	11	0
28	3	11	0
29	3	11	0
30	3	11	0
31	3	11	0
32	3	11	0
33	3	11	0
34	3	11	0
35	3	11	0
36	3	11	0
37	3	11	0
38	3	11	0
39	3	11	0
40	3	11	0
41	3	11	0
42	3	11	0
43	3	11	0
44	3	11	0
45	3	11	0
46	3	11	0
47	3	11	0
48	3	11	0
49	3	11	0
50	3	11	0
51	3	11	0
52	3	11	0
53	3	11	0
54	3	11	0
55	3	11	0
56	3	11	0
57	3	11	0
58	3	11	0
59	3	11	0
60	3	11	0
61	3	11	0
62	3	11	0
63	3	11	0
64	3	11	0
65	3	11	0
66	3	11	0
67	3	11	0
68	3	11	0
69	3	11	0
70	3	11	0
71	3	11	0
72	3	11	0
73	3	11	0
74	3	11	0
75	3	11	0
76	3	11	0
77	3	11	0
78	3	11	0
79	3	11	0
80	3	11	0
81	3	11	0
82	3	11	0
83	3	11	0
84	3	11	0
85	3	11	0
86	3	11	0
87	3	11	0
88	3	11	0
89	3	11	0
90	3	11	0
91	3	11	0
92	3	11	0
93	3	11	0
94	3	11	0
95	3	11	0
96	3	11	0
97	3	11	0
98	3	11	0
99	3	11	0
