Observation	Correct	FP	FN
0	2	14	0
1	2	13	0
2	2	13	0
3	2	14	0
4	2	14	0
5	2	12	0
6	2	14	0
7	2	14	0
8	2	15	0
9	2	13	0
10	2	16	0
11	2	14	0
12	2	14	0
13	2	14	0
14	2	13	0
15	2	15	0
16	2	15	0
17	2	15	0
18	2	15	0
19	2	15	0
20	2	15	0
21	2	15	0
22	2	15	0
23	2	15	0
24	2	14	0
25	2	15	0
26	2	13	0
27	2	15	0
28	2	15	0
29	2	14	0
30	2	13	0
31	2	13	0
32	2	15	0
33	2	14	0
34	2	11	0
35	2	15	0
36	2	14	0
37	2	15	0
38	2	15	0
39	2	15	0
40	2	14	0
41	2	14	0
42	2	14	0
43	2	14	0
44	2	14	0
45	2	14	0
46	2	14	0
47	2	14	0
48	2	14	0
49	2	13	0
50	2	13	0
51	2	12	0
52	2	15	0
53	2	15	0
54	2	15	0
55	2	14	0
56	2	15	0
57	2	14	0
58	2	14	0
59	2	14	0
60	2	11	0
61	2	13	0
62	2	14	0
63	2	15	0
64	2	13	0
65	2	15	0
66	2	15	0
67	2	15	0
68	2	15	0
69	2	14	0
70	2	13	0
71	2	14	0
72	2	14	0
73	2	14	0
74	2	15	0
75	2	15	0
76	2	13	0
77	2	15	0
78	2	13	0
79	2	15	0
80	2	15	0
81	2	15	0
82	2	15	0
83	2	15	0
84	2	12	0
85	2	14	0
86	2	14	0
87	2	13	0
88	2	12	0
89	2	15	0
90	2	15	0
91	2	15	0
92	2	14	0
93	2	12	0
94	2	13	0
95	2	11	0
96	2	15	0
97	2	14	0
98	2	14	0
99	2	12	0
