Observation	Correct	FP	FN
0	11	4	0
1	11	4	0
2	11	4	0
3	11	4	0
4	11	4	0
5	11	4	0
6	11	4	0
7	11	4	0
8	11	4	0
9	11	4	0
10	11	4	0
11	11	4	0
12	11	4	0
13	11	4	0
14	11	4	0
15	11	4	0
16	11	4	0
17	11	4	0
18	11	4	0
19	11	4	0
20	11	4	0
21	11	4	0
22	11	4	0
23	11	4	0
24	11	4	0
25	11	4	0
26	11	4	0
27	11	4	0
28	11	4	0
29	11	4	0
30	11	4	0
31	11	4	0
32	11	4	0
33	11	4	0
34	11	4	0
35	11	4	0
36	11	4	0
37	11	4	0
38	11	4	0
39	11	4	0
40	11	4	0
41	11	4	0
42	11	4	0
43	11	4	0
44	11	4	0
45	11	4	0
46	11	4	0
47	11	4	0
48	11	4	0
49	11	4	0
50	11	4	0
51	11	4	0
52	11	4	0
53	11	4	0
54	11	4	0
55	11	4	0
56	11	4	0
57	11	4	0
58	11	4	0
59	11	3	0
60	11	4	0
61	11	4	0
62	11	4	0
63	11	4	0
64	11	4	0
65	11	4	0
66	11	4	0
67	11	4	0
68	11	4	0
69	11	4	0
70	11	4	0
71	11	4	0
72	11	4	0
73	11	4	0
74	11	3	0
75	11	4	0
76	11	4	0
77	11	4	0
78	11	4	0
79	11	4	0
80	11	4	0
81	11	4	0
82	11	4	0
83	11	3	0
84	11	3	0
85	11	4	0
86	11	4	0
87	11	4	0
88	11	3	0
89	11	3	0
90	11	3	0
91	11	4	0
92	11	4	0
93	11	3	0
94	11	4	0
95	11	4	0
96	11	3	0
97	11	4	0
98	11	4	0
99	11	4	0
