95642
10243
8686
8782
8646
8353
8494
7967
7910
7746
7997
8822
8103
7908
8161
7599
7612
8687
8345
7960
8170
8328
8125
7985
8007
7904
8547
8115
7521
8223
8020
7840
7779
7995
8048
7851
8711
7880
7780
8303
9019
7993
8153
8354
8173
7905
8032
8158
7875
8110
7824
8035
7787
7717
7892
7885
7985
8030
8053
8884
8030
8461
8143
8270
8508
8324
8253
7874
8093
8182
8182
8057
8168
8338
7837
7551
7414
7744
7460
7812
7592
7080
7170
7032
7081
7217
6902
7248
6950
8039
8027
8130
7814
7890
8185
7065
7450
7471
7817
7870
7631
7671
7912
7734
7932
8090
7786
7722
7669
7389
8025
7691
8126
7719
7832
7812
7470
7780
7975
7684
7583
7509
7782
8015
7809
7957
7659
7854
7627
7403
7596
7739
7760
7832
8300
7882
8401
7699
7972
9318
8200
7619
8353
7972
9370
7977
8669
7879
7980
8366
8504
8857
7889
9178
8200
7800
7867
7591
7686
8017
9581
7885
7227
7764
7816
7416
7549
7523
7674
7554
7952
7957
7483
7589
7413
7671
7604
7466
7416
7641
7652
7408
7626
7736
7669
7380
7394
7607
7867
8158
8014
8060
7556
7173
7253
7621
7586
7453
7940
7797
7824
8769
7186
7057
8057
7286
7519
7559
7789
8376
291032
7985
8032
7711
7967
7789
7699
7699
11266
8083
7449
64271
7839
7746
7639
7664
7321
7601
7541
7391
7561
7859
7523
7438
7777
7391
7433
7659
7777
7451
7687
7646
7639
7749
7624
7353
7633
7772
7827
7717
7820
7661
7694
7473
7230
7699
7561
7812
8423
7361
7699
7596
7376
7491
7807
7652
7815
7631
7458
7814
7436
7586
7694
7677
7449
7626
7534
7744
7399
7543
7468
7383
7504
7118
7544
7399
7716
7541
7619
7581
7256
7165
7546
7343
7341
7493
7424
7280
7614
7601
7614
7719
9358
7653
7323
7388
7358
7370
7015
7601
7942
7877
7531
7712
7448
7812
7386
7403
7361
7276
7333
7253
7298
7441
7496
7522
7837
7622
8571
10173
9235
9571
8618
8980
9122
8508
8037
7517
7306
7761
7726
7591
8003
7684
8666
7418
8108
7755
8052
8007
9461
9681
9115
9589
9345
7957
7947
7593
7719
7734
7532
7754
7426
22533
7983
7866
7992
8178
8123
7955
8215
8002
8065
8163
8182
7809
7554
7825
8110
8140
8202
8065
8338
8087
7995
8238
8072
7834
8128
7797
8161
7764
7927
8787
8303
8228
7940
8082
7764
8266
7684
8190
8186
7992
8310
8567
8050
8055
8024
8167
8647
7817
8130
8147
8907
8150
8341
8150
8322
8461
8023
8057
7804
8168
9130
8498
7977
8155
7985
7734
8047
8055
7633
7589
7762
7902
7809
7474
7496
7632
7742
7614
7711
7854
7689
8130
7819
7754
7764
7674
8168
7982
7469
8939
7571
7599
7391
7533
7586
7711
7742
7696
7970
7637
7376
7579
7782
7431
7492
7874
7591
8023
7479
7890
7764
7529
7584
7995
7288
7235
7626
8268
8153
8075
8263
8078
7820
7900
8536
7902
7935
8171
7790
8040
7935
8143
7681
7486
8291
7759
8256
8323
7807
8065
7724
7807
7890
8230
7802
7968
8221
8030
7952
7897
8732
8193
8133
33839
8937
8633
9053
7677
7541
11147
7846
9423
7626
7920
6927
8173
8727
8306
8719
8642
8306
8052
10285
7549
7354
7676
7679
7817
7862
7702
7742
7929
7862
8115
8242
8027
8014
7857
7649
7908
7800
7844
7769
7940
7932
7393
7348
7910
7764
7837
7662
7850
7263
7426
7800
7676
8113
8486
8418
7992
7515
8301
8661
8148
8338
8289
9564
8945
8408
7747
7301
7781
7534
7649
7649
7423
7676
7796
7689
7789
7836
7421
7887
7606
7787
7430
7724
7569
7940
7621
7622
7527
7707
7659
7439
7569
7521
7727
7353
7421
7501
7193
6995
7471
7335
7155
7769
7644
7589
7323
7804
7637
7320
7193
7483
7385
7431
7476
7528
7411
7574
7514
7308
8007
8040
8576
8193
7541
7995
7652
7140
7295
7747
7539
7674
7613
7553
7486
7556
7356
7428
7549
7506
7360
7559
7679
7453
7573
7306
8012
7459
7466
7722
7313
7654
7491
7391
7481
7614
7436
7439
7411
7150
7205
7323
7090
8227
7627
7306
7508
7221
7478
7173
7413
7386
7454
7426
7298
7496
7458
7152
7541
7356
7303
7424
7506
7475
7494
7511
7363
7444
7531
7561
7195
7308
7435
7273
7461
7554
7488
7441
7686
7090
7380
7669
7333
7315
7348
7458
7325
7380
7253
7331
7328
7548
7657
7501
7356
7521
7413
7391
7416
7396
7147
7290
7571
7393
7614
7388
7476
7356
7286
7658
7275
7434
7522
7481
8247
6997
7253
7423
7466
7311
7168
7411
7305
7230
7368
7494
7198
7343
7433
7434
7431
7646
7353
7318
6977
7559
7288
7622
7518
7489
7314
7403
7396
7393
7385
7566
7248
7609
7446
7418
7441
7165
7568
7633
7393
7438
7603
7375
7679
7255
7103
7318
7517
7451
7276
7379
7408
7579
7511
7439
7338
7173
6995
7462
7757
7522
7257
7461
7544
7659
7318
7491
7519
7306
7293
7375
7175
25388
8549
7511
7281
7441
7619
7611
7438
7722
7466
7348
7584
7437
7657
7817
7521
7411
7606
7503
7225
7694
7676
7656
7694
7667
7935
7594
7609
7466
7418
7561
7784
7195
7524
7840
7749
7890
7749
7586
7386
7369
7656
7702
10090
7444
7514
7383
7115
7305
7196
7787
7576
7608
7623
7737
7792
8120
7494
8216
7564
8481
7817
7832
8177
8539
8851
8173
8383
8341
8982
7812
8481
8125
8240
8148
8383
7960
8461
8559
8508
8044
7887
8010
8073
7792
8057
7959
7875
8007
7950
7995
7875
7825
8168
7802
8205
7955
8147
8659
7841
7890
7572
7849
8125
7349
9557
10115
9170
9491
7954
8052
8188
8173
8358
8781
8225
8744
8230
8508
8063
8238
8280
8473
9115
8869
8639
8942
8579
8246
8902
8641
8789
8945
9105
8689
8782
8696
9000
8631
9053
8463
8078
7579
7696
6939
7836
8453
8253
7396
7795
8105
7815
8253
8085
7766
7601
7386
7820
7807
8100
7559
8799
8316
7604
7870
8035
8210
8819
8614
8473
8677
9481
8704
8703
8528
8924
8790
9040
8717
9240
9038
8677
8920
8657
9127
9731
8473
8647
9042
8639
8616
8556
8063
9075
8358
7832
9013
8857
8571
8240
8335
8874
8722
8090
8140
8165
8441
8624
8310
8691
9088
8395
8339
8676
9014
8283
8907
8498
8807
8734
8393
8744
8779
8947
8471
8501
9967
8632
8230
8385
9078
8902
8983
9133
8473
8739
9138
8511
8333
7958
8087
8446
8561
9080
8676
8882
8880
8534
8325
8810
8429
8899
8825
8678
9433
9173
7769
8707
8586
8992
9255
8594
9316
8909
9115
9075
9669
9233
9491
8262
9053
8316
8752
8792
8750
20608
8955
8391
8706
8501
8358
8553
8796
49274
9003
9318
9028
8970
8103
9137
9105
8456
8797
8641
8511
8736
9118
8549
8607
8559
8173
8496
8057
8483
8638
8959
8874
8930
8902
8629
9564
9099
8794
9298
8546
8884
8614
9591
8729
8810
8667
8494
8902
8787
9421
8802
8764
8691
8506
8233
8531
8561
9791
8338
8434
8375
9048
8711
9000
8955
8612
8285
9103
8797
7822
8428
8902
33641
9493
8661
8739
8178
8396
8261
8185
8325
8491
8375
9506
8543
7499
8007
8849
9085
8716
8426
8877
8441
8473
8837
8812
9451
8997
8601
8556
8345
8927
8962
8583
8478
8095
8867
9140
8499
8591
9058
8145
8634
9102
8601
8313
8420
8193
8176
8481
8679
8629
8634
8132
9824
8528
8606
8323
8526
8291
8679
8310
8932
8880
8163
8694
8603
8832
8782
8727
8801
8679
8862
8380
8735
8350
8396
8865
8814
8957
8584
8994
9002
8348
8373
9348
8915
8551
8518
8621
9551
9127
8766
8965
8762
8255
8687
8574
8614
8882
8602
8509
8405
8571
8671
8336
8240
8624
8744
8165
8940
8624
9143
8629
8834
8606
8526
8947
8513
8637
8687
8754
8393
8864
8456
8792
8892
8012
8476
8784
8273
8887
8473
8679
8847
8761
8398
9092
8827
8020
8466
8481
8934
8541
8446
8316
8584
8483
8739
8576
8391
8706
8563
8681
8917
9030
8874
8564
8682
9040
8303
8118
8614
9180
9258
9073
8474
8280
8476
8343
9014
8889
8872
9373
9243
8651
8436
8431
8608
8792
8842
8767
8749
8850
9045
9561
8611
8594
9438
7985
7965
7852
7571
8543
8716
9128
9398
8864
8343
8744
8767
8684
8581
9311
8879
8378
8934
9258
8920
8715
9028
8854
8659
8298
8423
8491
8165
8393
8466
8754
8902
9077
8288
8391
8995
8905
8514
8581
9065
9598
8988
8851
9185
8892
9070
9080
9037
8972
9559
9541
8980
8481
8972
9719
9108
8892
9128
9571
9000
9080
9069
9112
8889
8972
9105
8940
9043
8897
8732
8363
8513
8894
8772
8817
8709
8636
8428
8479
9378
8599
8987
8403
9368
9148
8543
8790
8857
8521
9258
8711
8659
8950
8210
8060
9373
8887
8656
8075
8822
8403
9155
8739
8055
9644
8832
8746
9045
8185
10060
8506
9130
8717
9065
9338
32796
7431
7183
7155
7781
7790
7606
7118
7338
8208
7446
7627
7684
7609
7300
7285
7592
7737
7474
7210
7100
7606
7426
7180
7348
7800
7804
7724
7972
7890
7764
7993
8163
7694
7882
7826
8037
7806
7917
7726
8007
7697
7869
7931
8028
8000
7842
7742
7574
7061
7305
7205
7180
7273
7163
7276
7191
7902
7100
7145
7040
7286
7373
7318
7278
7173
6942
7005
6997
6960
7175
7048
7007
7251
6930
7095
7321
7018
7165
7085
7295
7233
7446
7213
7418
7135
7130
7391
7318
7503
7198
7075
7483
7353
7436
6957
7085
7604
7048
7301
7346
7250
7583
7130
7153
7314
7797
7538
7774
7241
7742
7588
7611
7679
8816
9196
10388
9792
9682
9077
9717
10293
10453
9845
10150
9341
9982
10381
9551
10191
9480
9662
9060
8365
7652
7649
7621
7314
8193
7704
7385
7063
7351
7288
7566
7469
7306
7418
7353
7709
7581
7366
7661
7774
7834
7933
7451
7834
7732
7767
7727
8220
7430
7539
7973
7797
7729
7654
8105
9180
8353
7975
7702
7350
7727
7875
8004
10256
9638
9687
7436
9937
10140
10463
10218
9967
10653
9787
10787
10020
30142
11804
10486
9351
10827
9887
10290
9186
10979
10067
10210
9924
9584
10564
10621
10320
10028
8649
10681
9822
9475
9930
9283
10453
9922
10093
9875
9313
10273
10243
10195
7872
8429
7902
8351
7634
7754
7974
8373
8055
8436
8220
8428
8453
8237
8050
7850
7799
8078
8032
8060
7812
7947
7789
7973
7835
8236
8476
8148
8241
7656
8343
8055
8330
8108
8243
8020
9464
9356
9045
10426
10574
10183
9910
8594
8884
8443
7486
8205
7729
7646
7810
7724
9328
8112
8105
8318
8659
8303
7819
8018
8097
7852
7982
7950
8072
7990
7832
8376
7789
8135
8150
8110
8145
8135
7998
8470
8102
8007
8221
8143
8198
8055
8258
8117
8323
8173
8048
7817
8830
8216
7639
7594
7925
7919
7977
7925
8048
8015
7970
7909
32982
8291
8161
7851
8261
8203
8035
7942
7772
7860
8105
7804
8038
8009
7776
7814
7779
7621
7980
7792
7416
7817
8108
8143
7857
7804
7652
7903
7817
7659
8038
7879
7804
7895
8235
8143
8049
8193
8251
7970
7917
7852
7957
8175
7836
7840
7669
8035
7787
7714
7814
8095
9401
9308
9185
8949
9168
8374
9672
9356
9206
8601
7892
8115
8215
8340
8534
8053
8800
11095
9406
10673
9405
9945
8363
8554
9105
8195
8040
8113
8045
7975
7952
8047
8235
8301
7927
8233
8270
8484
8275
8298
8343
8430
8163
8827
8047
8364
8749
8511
8198
8243
8659
8406
8118
8626
8653
8137
8729
8168
8020
8183
8293
8799
9005
8195
8789
8356
8594
8599
8434
8524
8231
8444
8887
8720
8052
9000
8806
8541
8927
11847
8761
8278
9060
8112
8166
8025
9233
8596
8957
8249
8959
8657
8676
8842
8784
8318
8112
8240
7904
7792
7994
8043
8067
8278
7777
8090
8358
7977
7825
8110
7847
8047
7612
7757
7799
7770
8506
8220
7943
8160
7950
7726
7547
7955
7960
7704
7622
7739
7924
7714
7864
7940
7915
8413
7910
7651
8067
7873
7741
8333
7987
7509
7571
8489
7614
7784
7849
7411
7742
8037
7879
7957
7566
8228
8323
8308
8772
8771
8774
8022
8221
8621
9318
8807
8656
7785
8110
9163
8321
7950
7907
7945
8273
8288
8205
8027
7852
7804
7694
8203
8032
8045
8158
8446
8110
8311
8346
8503
8120
8127
7939
8539
8533
8175
8308
8142
7804
7669
8305
8232
8766
8201
11806
8561
8283
8922
8163
8692
9769
7954
7892
8383
8161
8326
8098
7874
7882
7977
8037
9010
8037
9177
8075
8992
8346
8413
8448
13155
8428
8147
8824
8255
8679
8105
8060
9050
8812
8732
8252
8193
7980
9228
7639
7992
7982
7832
7872
8233
7924
8100
8050
7729
8138
8186
8268
8007
8030
8055
7915
8095
10419
8205
8854
8579
8489
8223
8333
9238
8637
8501
8602
10889
8135
8729
8078
7983
8100
8939
7935
8253
8075
8140
8563
8767
8281
7707
8346
8378
8135
8087
8308
8596
8095
8663
8691
8258
8443
8814
8238
8652
8375
8037
8192
8355
8699
9077
9276
8553
8328
8155
9396
8218
9120
8860
8386
7949
8270
8067
8220
8338
8539
8832
8832
7022
8962
8459
8642
8070
8356
8596
8526
9018
8942
8967
9095
8759
8900
8694
9303
8872
8315
8641
8847
8902
8251
8296
8108
8544
8781
8578
8559
8516
8548
9032
8539
8308
8694
8057
8097
8636
8496
8110
9067
9416
8330
9100
8408
8601
8156
8430
8632
9323
25144
8291
8481
8809
8929
8488
8775
8529
8654
8386
8328
8804
9612
9030
9155
8494
8531
8877
9030
8255
8304
9022
8829
8631
8251
9110
9250
8722
8629
8486
9135
8644
9177
8745
8508
8207
8443
8859
8290
8112
8551
8727
8486
8784
8983
8897
9082
8711
8571
8479
8754
9125
8609
8506
9098
8293
8742
9075
8762
9137
8769
9007
8746
8907
8990
8601
8844
9598
8666
8374
8661
8390
8508
8363
9063
8577
9396
9952
8679
8852
8849
8731
8814
8950
8459
12859
8687
8757
8794
8569
8967
8867
9176
9013
9015
8947
9004
9446
8940
8716
8521
8907
8835
8321
8892
8000
7548
9694
8148
9050
8468
8320
9285
7972
9618
9885
8800
7363
7160
8426
8802
8483
8925
9656
8228
8644
8800
9744
8501
8747
9113
8426
8228
9616
8451
9040
9396
8649
8521
8506
9443
8965
8930
9286
8561
8741
8764
9155
8937
8820
8599
8544
8508
8957
8729
8947
8393
8606
8754
9885
9233
8128
9403
9092
8989
8751
9324
9338
9057
9213
8366
12749
8363
9175
9806
9984
8421
8469
8804
8942
8767
8493
9130
9431
10095
8536
12155
7930
7797
7466
7549
7088
7404
7491
7376
7817
7531
28926
7845
7634
8027
7724
7817
8085
7584
8042
7651
7795
7837
7812
8045
7777
8030
7965
7909
7779
7649
7805
7446
7732
7962
7491
7591
7496
7701
7737
8060
8155
8163
7744
8002
7599
7356
7426
7544
7689
7682
8033
7732
7449
7468
7649
7486
7830
7579
7466
8025
7807
7940
8007
7874
8043
7463
7844
7714
7990
8334
7856
7935
8040
7909
7854
7791
8147
7962
7834
8273
8017
8434
8029
8371
8095
9132
8069
9629
8741
8138
8246
8127
7972
8115
7924
56702
8939
8316
8611
7749
9110
8461
8401
8343
8221
8588
8624
7338
8170
8726
7416
8494
8582
8509
8869
8741
8093
7852
7945
8092
8694
8130
8166
8501
8230
8335
8634
8411
7940
7955
8719
7998
8393
8373
8233
7950
8055
7822
7827
7879
8020
8539
8689
8533
8531
7787
8862
8479
8612
8496
8578
8852
8629
8394
8694
7802
8018
8568
8085
8228
9010
8536
8604
8609
7975
8047
8095
7880
7982
8391
8947
8499
8897
8994
8657
8784
8476
8286
8957
8513
8604
8554
8730
7836
7647
9400
8419
9330
8779
8471
8381
8243
8291
9000
7925
8122
8253
7897
8080
8073
8068
8044
7952
8388
7942
8321
8583
8519
8453
8659
8588
8333
9175
8484
8641
8531
8446
9315
8652
8218
8954
8578
8516
8609
8212
8659
8182
8148
8411
8298
8481
8225
7924
8689
8150
8075
8791
8770
8902
8632
8594
8368
8223
8424
8544
8654
9278
8932
9125
8338
8712
8924
8997
8474
8802
8927
8226
8811
8413
8822
8689
8554
8428
8744
8775
8578
8413
8132
8633
8386
8409
8774
8411
11057
10017
9857
12774
10601
10055
9267
10995
9093
9995
7787
7493
7496
7642
7757
7491
7642
7929
7714
7997
7874
7581
7829
7832
7704
8128
7834
7692
7792
7736
7781
7970
8887
8557
14508
10451
12528
10170
8967
10360
10474
10481
10263
9388
10035
10263
9760
9290
9584
9476
31905
10238
9010
10281
10762
9814
10642
9814
13473
9276
8075
8349
8108
8170
8023
8365
8453
8125
7752
8090
7787
8466
8167
7814
7922
8015
8088
8117
8060
8216
10662
10777
10797
11185
9443
8187
9509
8057
8335
8173
7937
7963
7983
8015
7924
7909
21937
8253
8035
7983
7895
7834
7832
7729
8097
7754
7927
8065
7769
8155
8040
8097
8187
8002
7965
7666
8158
7874
8025
7825
7902
8058
7987
8175
8173
8024
7706
7649
7576
7751
8078
7787
7969
7599
7827
7730
7764
7937
7989
7710
8396
10228
8534
9114
7899
8363
8218
7980
7912
8148
8248
8330
8408
7922
8058
8433
8271
8105
8350
8175
8471
8594
7998
8330
8211
8158
8519
8664
8208
8471
8211
8444
8534
8533
8541
7949
8526
8062
8052
7894
8170
7747
7744
8005
7969
8085
7827
7687
7809
8057
7990
7935
8396
7714
7589
7872
8193
8073
7852
8015
8073
8023
8025
7671
7681
8165
8699
8150
8533
8120
8303
8018
8170
8494
8516
8366
8593
8679
8706
7987
8563
8275
7531
8080
7734
8722
8103
8187
9704
8225
8571
8270
8456
7975
9604
8436
8488
8358
8043
7697
7521
7810
8371
8203
8231
7762
8632
7989
8248
Duration mean is 8512.68670994192
Duration variance is 2.4908122007707454E7
