718279
25598
25077
24285
24721
24671
25215
24292
24275
25518
24931
25954
25152
24563
25543
25335
25478
25275
24596
25042
24458
25220
24608
24716
24922
24260
26520
24198
24555
24167
24588
23075
24761
25370
25641
23819
25035
24673
24651
25957
25499
25814
25162
25668
24796
25227
24611
25225
25250
51688
25884
25548
24892
25756
26260
26558
26769
25079
26009
26534
26468
24919
25691
26265
25806
26154
23944
23185
24380
24014
24027
23584
24057
24145
23295
24814
25768
26029
26237
26059
26779
26536
27153
26874
26087
25518
24490
23441
24824
26427
24689
24738
25761
25475
25426
26089
26215
25059
26052
25932
26468
26193
24541
24651
24639
26052
26305
25626
26611
26054
25463
26200
26532
26303
26533
25634
25466
26238
25280
25673
25702
25942
25595
26167
25302
26050
25981
26099
25768
26107
25418
26478
25406
26293
27054
26303
26972
26651
25932
26411
26075
26318
26611
26172
25869
25500
26147
26197
25237
25754
26538
24257
25909
26050
26616
26806
26694
25375
27174
25332
26190
25483
25699
24980
25247
26225
25446
26180
27997
25641
26362
26563
26315
27267
25095
25934
25881
50312
23899
23732
23525
23317
26649
26959
26142
25132
25410
27337
24177
23468
26002
24060
24519
24047
24159
24107
23965
24558
24357
24430
24215
25488
24351
24210
24084
24458
23861
23902
24135
24453
24365
24135
24308
23841
23611
23498
24123
24042
23528
24227
24069
23884
24097
23734
23549
23634
25069
25147
24149
23951
23816
23826
26561
29322
32583
28230
25721
25524
25218
25531
24901
31282
28406
26235
24826
24381
25648
25849
26536
26752
26072
25468
25949
27007
25766
25701
25506
26315
25493
25872
26089
26731
26014
26513
26462
26731
27087
26433
26428
24909
24736
25198
24293
24804
24668
24485
24884
25245
24727
24212
24204
24962
24649
24872
25077
25753
25438
25318
24629
25345
25337
25478
24964
24400
25350
25927
25646
25350
25190
25327
25428
26265
24967
26164
25656
26678
26101
27177
26974
28852
101742
25210
25751
25528
24520
25422
24834
25446
25004
23967
25112
25308
25513
26531
26372
26982
25451
25179
24776
24648
24638
24460
25260
25204
24779
24754
24491
23758
23538
23638
23892
24475
24127
23777
23776
25039
25801
26858
25733
23846
25353
25818
24410
24177
23907
23854
23907
24047
23759
24205
23816
23884
23997
23749
23751
23563
23530
23916
23716
23874
23914
23774
23916
23849
23493
23593
23736
23877
23566
23506
23521
23430
23633
24102
24368
23984
24132
24110
23639
23944
23491
23488
23127
23891
23594
23899
24040
23586
23779
23533
23563
23779
24205
23704
24005
23952
23360
23440
23787
23616
23763
24012
23596
23596
24025
23385
23548
23336
23100
23142
23490
23985
23584
23916
24035
23561
23874
23796
24210
23864
23177
23356
23535
23491
23525
23834
23960
23190
23668
23999
24316
24055
23743
23807
23729
23782
24027
23929
22946
23227
44569
25802
25165
25458
26451
26205
25436
26097
25425
26330
26636
25684
26207
26693
26751
26483
26576
26047
26816
26676
25796
26280
24262
24586
25047
25661
25090
25538
25198
26067
25934
25698
26390
25412
26082
25035
26259
24611
26621
25463
25528
26490
26109
25856
25483
26097
26671
25591
25518
24593
26491
26076
26041
27004
26774
27125
27082
26288
25212
26185
26849
26390
26325
26929
27307
27566
27187
27255
28550
28079
27072
27874
27521
26300
25917
26560
26368
26591
26182
27155
26393
27127
25012
27661
25079
26034
26140
26618
28011
25724
26511
26636
26418
26583
25982
26959
26255
25949
25984
26265
25967
27362
27052
25962
26130
25837
25480
26249
26904
26119
26006
26711
25382
25739
26588
27366
25609
25832
26643
26430
25661
26272
26796
26977
26030
48092
26997
26556
26691
25982
26343
26195
26415
25744
27526
26515
25488
25160
26139
27097
26270
26139
26250
25964
26451
26603
25871
26360
26107
26728
26413
26877
27408
26982
26638
26025
26863
26037
26616
25571
25927
26686
26140
26130
25162
25932
26272
26350
27714
26330
26593
25335
26746
26079
26079
25265
26042
26167
25951
26574
26964
26827
25641
25478
26082
27247
24519
23238
24536
23864
23892
24265
24247
24425
24381
24568
24370
25265
23217
24783
24701
24012
23832
24338
24052
23874
24508
24701
24734
61687
26082
24848
24506
24857
25906
25894
26250
26152
25255
25549
27097
26646
24962
25812
26192
25611
25340
26300
25964
25162
27069
25112
25649
26029
24724
25558
26571
25964
26218
26934
26017
26035
26322
26613
26110
25578
27147
27174
27172
26794
26145
26410
27212
50027
23616
23262
23296
23363
23277
23052
23335
23553
23177
23546
23178
23451
23661
23345
23914
23744
23871
23849
23521
23365
24654
25581
24919
25967
24721
25120
29431
28649
33586
28871
28766
31723
31445
25325
23481
23551
23418
23403
23723
23817
24585
24551
24767
24457
24734
24431
24490
24538
24516
24989
31538
27804
29300
29571
29035
30688
28651
30495
28480
29497
29310
28125
29102
29436
29017
29964
32343
29416
25090
25403
24821
25306
25457
25097
25090
25177
25039
25323
25352
25235
25553
31075
34576
28372
24854
24569
26844
24799
25854
25273
25445
24984
25355
25400
25848
25278
24879
25683
25333
24849
24729
24847
24939
25408
24937
24651
24759
25112
25601
24583
24804
26002
24889
24867
24773
24922
26238
25729
24734
24914
24520
24867
28808
29017
31282
29951
25027
25937
31914
29712
53927
30122
26183
25218
26371
27112
26598
27658
27004
27212
27456
27275
26932
26240
26282
27182
27042
27090
27059
28195
31495
27430
26844
27686
27283
28371
27262
25583
24952
25648
25590
25889
25014
25257
26415
25736
24791
25290
25052
25288
26275
25505
25581
26257
25808
25298
25230
24791
26335
26443
26277
27024
25518
25177
25185
25286
25060
24837
25655
26117
26107
25518
26112
25822
26047
30042
26601
27531
26165
25709
25541
29230
26859
26383
27375
26839
27165
27202
27594
25658
25706
26122
26162
26124
26198
27007
27040
26696
26255
26258
29467
26057
25879
25416
24966
26137
26120
28267
25909
25841
26085
30069
25683
25417
25272
26338
25082
25240
24877
24972
25824
25784
25586
26736
25380
24693
25548
25806
26831
26433
27122
25611
26766
26190
25776
25849
26072
26574
27037
49252
26110
26470
23726
24656
24353
24491
24458
24701
24483
24621
25375
26939
25380
26282
26132
26395
26302
25561
25613
25909
25420
25573
27140
26297
25332
25769
68457
27267
26576
26235
26734
26048
26716
26517
26533
27960
24436
24315
24621
24767
24273
24358
24074
24606
25516
29478
28999
30069
28247
30084
28019
29603
26328
25553
25710
25393
25922
25410
28345
26734
25247
24915
25340
24984
25047
25157
24974
25353
25290
25465
25215
25208
25280
25907
25104
25055
25067
24498
24914
28541
28876
25861
26222
26014
26225
26583
26711
26177
26460
26621
26358
26456
26220
25590
25508
25689
25418
25247
25408
25388
26147
25566
24714
26332
25297
25519
26022
25796
25987
25017
26265
26401
26480
26676
26656
24270
25801
25027
25732
27671
26826
26004
26168
25894
24543
71341
44831
25856
25029
25020
25661
25265
26037
26437
26413
41184
26052
24275
24824
24182
24032
24812
24393
24170
24405
24448
24182
24518
23976
24456
25010
24606
24272
23469
23047
23555
23836
23268
23949
24423
24115
25814
27305
24813
24423
24911
24997
24779
24764
25185
25478
28814
28902
28422
29187
28295
29736
34886
25681
24909
25102
25212
25323
25052
25719
28566
26593
26020
25039
24646
24639
24954
25122
24701
24754
24872
25295
24866
24914
25074
25263
24814
24285
25004
24287
24528
25796
25839
26342
26330
25994
26395
26666
26072
26831
26669
26280
25927
26992
25493
25711
25599
25629
25916
25383
26079
25741
26571
26277
25793
25257
25812
26170
26205
25526
26104
25879
25538
25089
25576
27300
26345
25443
26763
26235
25692
27127
26233
25373
25104
26686
25771
26080
25689
25734
26240
26428
26022
49527
25668
24831
25259
26103
26174
24829
25393
25874
24280
24495
23443
23812
23451
24012
23580
25839
25631
24987
25055
25939
25694
26451
25676
25635
25610
25426
25436
25951
25573
25194
25644
26435
25653
24583
25330
25736
25279
23874
25363
26366
25460
25213
25017
25077
25235
25490
25235
25684
25819
25604
25325
25553
25062
25302
25814
25428
25689
26358
26152
25939
29673
25764
23992
24754
24771
24791
24839
24631
24982
24719
24501
24851
25182
25082
25415
30027
28889
28533
29493
29939
29628
28843
30125
28804
28182
29486
28626
30485
28382
29267
27498
26380
25035
24659
25283
24937
24992
25245
25230
25067
25310
25523
25358
25197
30250
30037
27536
24666
24851
27944
24796
26262
25087
25195
25350
24919
25115
25598
25087
25037
24779
24603
24621
25218
24907
25238
25187
24877
24663
25017
24921
48350
22029
23034
24586
24646
24952
25248
25368
24461
24681
25924
25674
24611
25004
24919
24491
25801
29044
27575
26307
26270
27022
27202
27353
27884
26576
26616
27480
26867
26500
26608
27342
26951
27077
27719
27400
27884
27590
27586
26814
28212
26104
25548
25638
25440
25717
25390
25566
25323
26583
25112
25057
25814
25072
25315
25869
25992
26378
25904
25636
30315
29548
30543
28729
30455
28340
28526
28731
33596
28929
31871
28155
31726
27729
28809
29175
34719
28005
31673
29441
29037
29308
26518
25212
26127
25809
25741
25721
26014
26516
26257
26382
25711
25934
23861
25804
25698
25724
25250
25886
26145
26213
26252
25721
25380
25866
25556
25921
26342
26170
25543
23927
23696
25117
25944
26047
25566
27328
28563
24854
24445
25321
24756
24094
24651
25037
24651
26253
52202
31184
29673
28398
30210
29832
30282
29405
29551
25932
25450
25563
25029
25230
25205
25541
29676
24831
27266
25500
24688
25397
25035
24940
25122
24819
24731
24789
25040
25405
24891
25398
25428
24585
24473
24771
24468
24366
25729
26237
25949
26653
26162
26292
26480
26288
26666
27195
26490
25827
25774
25733
25663
25493
25365
25050
25751
26213
26104
25794
28801
26288
25619
24871
26806
27020
24947
24393
24821
25458
24656
24833
24608
24489
30325
29736
28408
28614
28980
28738
29468
28007
26080
26142
25884
25981
25716
25621
26215
28781
27094
25956
24584
25142
24939
24944
24834
25029
24668
25087
24734
24586
24851
25197
24824
24749
24550
25350
24699
24586
27212
26068
26714
26082
26142
26849
25979
26964
26734
26541
26534
26307
26373
25641
25150
25498
25609
25751
25967
26317
45811
26085
26550
25243
27168
25829
26819
26350
26950
26486
25636
26077
26142
26080
26683
26478
25809
25991
27097
26460
27656
26328
26813
26643
26025
27139
26801
27252
26711
26220
27403
26072
27378
27012
26904
27427
27390
33245
27325
26623
27876
27514
27312
27971
27670
27560
27723
27277
26874
27140
26799
26787
26954
26688
26551
26688
26879
27192
26936
26857
26438
27029
27659
26766
27310
26518
26801
26836
26468
26408
26764
27145
26681
26561
26618
27272
26643
27267
27363
27154
27854
28070
26150
26718
26553
26613
26921
26636
25596
26481
26583
26812
27378
26728
26465
26866
25774
26114
26357
26947
26892
26994
26185
25781
26030
27080
26285
26944
27050
27225
26649
27413
26729
27415
26967
27107
25964
24759
24451
25037
24779
25325
25425
25062
24711
29335
47369
25370
24428
25445
25774
25814
25229
25426
25034
26234
26412
26949
27287
30209
27834
26874
23736
23896
23706
23505
23635
24478
24450
24468
24446
24127
24849
24030
24318
24646
24441
26400
29270
30285
31314
28701
30593
29200
29362
29107
28739
30243
29000
30330
28621
29713
29937
28746
30530
26056
25949
25603
26292
25641
25699
25824
26382
25824
26125
25859
25866
26458
30806
26520
24811
28538
24836
25393
24862
25289
25525
24884
25070
25483
25388
25556
24806
24621
24538
25022
24850
25034
25065
24889
24932
24791
25174
25373
24656
25139
25403
25234
25262
25044
24989
25546
25706
25012
24869
24869
24460
26468
28242
25814
25435
26305
26924
26734
27094
26225
26405
26510
27267
27097
26942
26969
27453
27142
27578
27360
27187
27480
27673
28603
26933
28045
25696
25140
25580
25292
50172
26420
26200
26065
24932
25059
24942
26260
25160
25558
25608
26671
26052
25099
26338
27904
25242
25797
26974
25797
25984
26986
25782
25752
25934
25312
26100
26445
25719
26981
25764
26340
26861
27283
26726
26611
26764
26142
26809
27007
27681
27242
26641
26521
27210
27656
26744
27142
27646
26400
26638
26776
28027
27243
27250
27279
27040
26942
27067
27218
27052
27478
26355
26889
26448
27243
26862
28027
27155
26666
27305
27367
27084
27077
27248
27317
27355
26225
27836
27726
26862
27500
27382
27962
27633
26887
27841
27719
26881
27931
27681
26490
24109
24010
24283
25205
26731
26653
27638
25802
26323
26385
26495
27080
26706
26606
25937
26530
26729
26460
26613
26548
26006
26616
26373
26217
26581
26580
27017
26130
26378
25513
25355
25879
25789
27243
26698
25952
52044
28242
29696
295368
47272
24184
23769
25172
24936
24927
24694
24917
28370
24230
27741
25435
24290
24470
24721
24808
24844
24654
24821
24576
24648
24706
25022
24539
24731
24696
24435
24448
24606
25084
25024
24758
26280
25864
25415
26122
25877
26207
26202
26689
25744
26217
26654
26987
26811
25418
24832
26608
24626
25090
24208
25007
24298
25200
25243
25262
25503
24578
24894
24575
25255
24949
25293
25425
25670
24814
25748
25062
24865
24744
24571
24646
25356
24781
24859
25473
25395
25864
25015
25789
25280
26640
27007
25428
25262
25849
25884
26549
25288
26257
26358
26285
26676
26741
25666
24549
25465
26914
26257
23446
25145
25356
24929
25283
25463
25055
25614
25042
25092
26430
26799
25716
26588
25671
26117
25566
25766
26273
26373
46074
26626
25797
26453
26666
25427
25501
25919
25696
26684
26032
25102
25022
24949
24708
25531
24824
25132
25064
24797
24929
25198
25516
26247
25237
25335
25321
25510
25350
25218
25318
25062
25148
26095
25122
24871
26170
25002
25518
25375
25801
24989
24588
25666
25240
25047
24974
26435
26829
24956
26410
26395
25970
26678
26237
26160
25298
25317
25225
25157
25583
25265
25405
27190
26052
25029
25147
25410
25112
24861
24671
25661
25112
24834
25105
25114
25140
25433
25696
27087
26651
27367
28530
24613
23987
24150
24002
24087
24819
24328
24539
24751
24641
24242
24265
23944
24355
24618
28766
28606
27686
28799
28005
30052
27827
29400
29285
28415
29200
27646
29663
27636
29265
27501
25793
24972
25385
25601
25465
24889
25163
25110
25004
25097
25092
25238
25130
31157
26811
24699
24102
27046
46628
25280
24906
24413
24583
24498
25250
25054
24866
24611
24789
24505
25047
24560
24867
25248
25145
24295
24686
24871
24776
24313
24646
24723
24853
24969
24154
24659
25501
25182
24581
24976
25267
24869
26510
28275
25628
25150
26052
27040
27087
27691
26102
26412
27713
26117
26202
26503
26864
26403
26353
27027
26766
27348
27285
27020
26599
27200
26007
25488
25182
24829
24666
25224
25498
25338
26049
24440
24591
24573
25498
25498
25585
25481
26418
24716
25142
24992
25568
25030
24932
24628
24678
24992
24716
24671
24854
25348
25175
26087
25197
25425
26152
25822
25961
24752
25461
26518
25227
25346
25608
26295
26303
27743
26641
25608
25365
25443
25964
25125
25375
25385
26250
25353
26313
26187
26648
25999
25365
24300
24391
24355
24641
24559
24596
24656
24473
24724
24328
24656
25563
29318
46516
23914
22895
24205
24167
23538
23289
23636
24010
23601
23365
23884
27633
28779
29619
29011
29114
29072
34111
26015
25982
26150
25660
25648
25972
25523
27277
28613
27495
25594
24401
24454
24736
25154
24839
24806
24814
25090
25049
25097
24455
24530
25187
24811
24733
24969
24584
24734
25288
24733
25270
25671
26005
26445
26057
25984
26250
26282
25761
26518
26222
26956
26084
25989
24917
25282
25047
25178
25593
25160
24692
25395
26172
25666
25906
24413
25122
24701
25648
25491
25546
25117
26285
25037
25664
25333
24856
25034
24757
24242
24836
25912
25055
24934
25500
25015
25691
25969
25763
25685
24704
25217
25544
25884
25926
26119
25388
24608
24558
24869
24499
24336
24455
24095
29713
29242
27714
28852
28736
28671
29279
28423
25565
25180
25162
24771
25077
25009
25426
28783
26568
26783
25448
25102
25050
25110
25082
25005
24989
24967
24731
24578
25197
24560
24754
24691
24581
24581
25145
24654
24558
25689
26078
26223
26350
25681
26613
26960
25614
26411
26791
27117
26701
25844
25030
25518
25238
25167
25320
25328
25129
25726
26062
25904
25147
24631
24909
25751
25566
25343
25729
25356
25989
25346
25112
25014
24776
25223
24957
25599
24525
25766
25445
26034
25147
24478
25846
25406
25980
26448
25127
25683
26092
26075
26268
25616
25700
26726
26629
26425
26503
23405
23551
23997
23849
25438
26621
46871
25628
25703
26040
26057
25889
26340
25879
26084
26144
26022
26854
26618
26108
26761
26210
26154
26269
25626
26410
26154
26573
26312
26475
26458
26248
26508
26714
27049
25163
25282
25195
25069
25007
25160
25473
24954
25633
25498
25425
25506
24904
85582
25187
25832
25904
31626
28355
28536
29636
28555
30207
28856
29428
29067
28586
29691
29485
30283
28405
28583
24220
24591
24129
23999
23731
23936
24661
23831
23398
23554
24681
25272
24638
25109
25124
25087
25107
30498
26555
24175
24092
27075
24162
25839
25102
24533
24338
24791
24985
24950
24994
24698
24584
24089
24629
24887
24773
24524
24934
24693
24738
25009
24653
24956
24784
24987
24576
24912
24718
25069
25357
25220
24964
24519
24761
25265
30673
26285
25668
25818
26711
27087
26571
26107
26375
26513
26408
25929
26736
26892
26818
26114
26889
26829
26634
26571
26942
26297
27157
25909
25804
25182
25017
24986
24832
25185
24782
25736
24624
24608
24598
24910
24639
25566
26179
25941
25158
24974
24466
25400
24671
24776
24937
24867
24912
24783
24997
25024
25486
26172
25947
25371
26070
25540
25441
25515
25284
47528
26312
26195
25545
25564
26931
26932
25130
25380
25832
25734
25455
26894
25792
26180
28551
26054
28074
27744
29701
30142
26718
26924
26659
26149
25523
27144
26112
26859
26521
28343
27202
26177
26789
26638
26997
26824
26388
26919
25513
25295
25403
26207
24924
25924
27295
26759
25972
26192
26896
25801
25909
26428
25378
26520
25786
25949
27335
26307
26217
26618
24879
26495
25789
25714
25538
27262
26069
26601
26593
25510
26046
25995
26588
24365
23656
23779
23884
23877
24619
24621
24609
25052
24871
24200
24510
24233
24543
24593
26014
26465
27844
28952
28356
29420
27753
28754
27350
28265
30531
27564
29089
28187
29942
28924
28743
28969
28948
29170
25528
25167
24563
24962
25446
25157
24922
25114
25238
25300
25213
25217
25415
25303
30884
26613
24488
24072
28370
50447
26200
26242
25773
24378
24458
24473
24578
24716
24443
24192
24731
24603
24856
24491
24508
24338
24312
24283
24345
24503
Actual mean is 26452.37341988384
Actual variance is 14120.948137536307
