734328
25836
24989
24950
24400
23945
24217
24598
24323
24646
23874
25894
25852
26109
26558
25912
25954
26724
26144
24726
24956
25103
25045
24701
25069
25217
26757
25473
25756
25436
24405
25228
25661
50736
25473
24982
25187
25114
25451
25323
25255
24932
24794
25152
24320
24729
24818
24458
24929
25215
24641
24784
25082
25287
25496
25287
25285
25115
25270
25594
24137
24094
23137
22945
23178
25398
25707
23644
23874
25125
24571
24273
24370
24169
23601
24179
23676
24478
24822
23806
23839
25177
25142
25105
25708
25526
25510
25561
25263
26586
25338
24661
24458
24731
24468
24493
25109
24706
177479
24425
25536
26440
24496
24590
24902
24879
25002
25839
24633
25699
25656
24846
25375
25307
25120
25285
25217
25470
25295
25127
25729
25916
26656
26821
25826
26278
25723
26342
25604
26100
26009
26107
26037
25543
23906
24378
23985
24127
23282
24255
24280
24200
24531
25715
25984
25817
26217
26177
26854
26569
26613
25817
25969
24343
23816
24934
26122
24393
24205
25357
24813
51584
23837
23443
23724
24188
23869
24207
23801
23007
23603
23638
23460
24139
24250
24169
24641
23673
24258
24581
24022
24280
24277
23794
24859
24293
25395
24370
24483
24047
24297
25884
25631
24806
24245
25049
25561
25784
25303
25954
25129
26282
25989
26455
24237
23551
25651
25345
25275
25603
25024
25162
25182
24814
25977
24867
25057
25238
24345
25696
26410
25327
26240
27291
25831
25518
25089
24874
25387
25107
25127
25370
24377
25187
24874
24580
23514
24082
24751
24706
24385
24225
24029
25280
26240
26014
26407
24472
26080
25458
24385
24087
24524
23905
24245
24160
24015
24190
24252
24401
24308
23586
23703
23844
24030
23681
23658
23786
23723
24011
23791
23891
24405
23774
23608
23435
24062
23516
23618
23902
24170
23992
24225
23767
23623
23788
24014
23889
23460
23934
23506
23909
23842
23621
23408
23899
23230
23746
24154
44519
25543
23994
24731
23826
23859
23962
24235
23115
23285
23589
23699
23736
23841
23326
23375
23573
23208
23802
23926
24092
23944
23839
23957
23804
23533
23949
24045
23556
23676
23611
23503
23380
24037
23531
23227
24255
24659
24420
24064
24105
23992
23576
23906
24090
23548
22811
22852
22957
23037
22932
23055
23035
22726
22941
22578
22852
23140
22792
22911
23936
23428
23375
22982
22966
23185
23054
24007
23123
24139
24338
26904
25297
23065
23230
23129
23135
23774
23834
24325
23969
24473
24451
23634
24503
23979
24079
25872
26268
27997
29001
29838
27330
28393
27859
28879
29044
28205
28563
27558
30147
28060
28583
26919
24303
24115
23764
24766
24458
24551
24804
24859
24851
24373
24701
24974
25080
25142
29162
30656
28295
25721
24124
27032
24583
25127
24177
24275
24301
24257
25039
24909
24921
24989
24769
25255
24829
24215
24044
24721
25392
23636
23448
23579
23839
24581
24595
24263
24313
24616
25782
25639
25044
24844
25543
26120
25791
25546
26410
25385
25796
27691
24591
25676
25889
26505
26588
25595
25801
26255
25555
26070
26165
25894
26199
25946
26143
25957
25523
25671
25886
25563
25279
25312
26104
25683
26423
26288
26084
25879
25884
26430
26237
25421
26267
26059
26010
25967
25987
24994
25877
26114
24303
25288
26020
23799
25771
25514
26431
26406
26002
25849
26844
25718
26114
26987
25333
24881
25285
26358
25629
26102
28277
25120
25884
26493
26187
26538
25483
24892
26362
26072
26460
25986
26049
26268
26609
25450
26034
26608
25403
26285
26054
26327
26546
26373
26631
26468
26523
26302
26786
25591
25972
25676
25142
25328
26405
26025
25957
26385
26002
25919
26167
26355
26260
26185
26450
49916
26228
27006
26883
26077
25015
24230
25671
27165
25163
27001
26609
27224
26323
25694
24478
25563
26157
24703
27075
26999
27232
26703
26661
27290
26846
27057
27568
27104
26661
26596
25077
25729
26345
25703
25570
26758
26044
26936
25169
25739
25476
25909
25812
25756
26686
26989
25503
26575
26554
26155
26054
25781
26398
26213
25841
25914
25792
25792
26310
25804
26545
26107
25774
25142
26189
26773
25832
25897
26310
25960
26132
25834
26628
25480
25904
26134
26701
25458
26295
25686
26683
25157
25687
26588
26842
26034
25325
26004
26759
26539
25255
26190
63600
27658
27584
26583
26235
26723
26157
26733
27453
27501
27756
26468
27317
26995
27776
27518
26783
26901
30513
27478
27270
27631
26876
26581
27621
26664
26952
27268
26088
27057
27074
50087
25155
24829
24822
25175
24501
25165
24663
24787
25015
24882
24984
24548
24265
25204
25127
25124
24375
24533
23666
25781
25674
24501
25047
24570
24438
24729
24520
29709
28225
29987
28944
24951
25594
26964
29982
28350
27323
25528
25200
25774
27250
26688
27548
27541
26886
26589
26866
26421
26814
26263
25994
26794
26869
26754
27123
27511
28505
27307
27485
26786
28128
27405
27400
27090
25937
25125
25580
25503
25410
25150
25751
26027
26473
25979
25252
25087
25413
25217
25350
26345
26042
25753
25550
26437
24704
25200
26388
27258
26345
25619
25789
25107
24914
25388
25481
26348
26608
25651
26473
25285
25508
25902
27320
26992
26340
26594
26598
25804
26939
26430
26939
25974
27135
26102
27899
25884
26789
25776
25756
25490
27200
25954
26004
25546
27372
25904
26471
26122
25889
25899
47110
25581
26192
26378
27538
25545
27170
26783
26879
25941
25285
25345
25613
26233
25052
25466
25180
26057
26097
25826
25656
26834
26024
26418
25864
25842
26353
26009
27182
25766
26679
26090
25390
25781
25616
26733
27115
26716
26041
25397
26651
26428
26423
26067
25137
24947
24635
25506
25007
25220
25082
25288
26130
25924
27112
25924
25606
25608
25425
25756
25571
25410
26105
26325
25284
24944
25836
25428
24979
25786
25578
25426
25465
25300
25511
25373
25495
25511
25533
25217
25560
25764
26248
26087
25649
25498
25445
26807
26087
26741
27889
25445
24297
24824
24728
25099
24753
25004
24974
25001
24746
25095
25606
25137
26816
25465
24202
25285
25149
26317
25604
25200
26368
26473
33976
26904
24162
23669
23639
24902
23748
41900
24922
24430
24626
24328
24816
24984
25182
24819
23285
25040
24751
25004
24325
24748
24348
24258
24824
24929
24892
25891
25703
25037
25067
24967
24794
25663
26217
25977
25814
26009
25102
26400
26481
25480
25064
25172
25671
25004
26491
26112
24946
25536
24984
26426
25355
25728
26120
25170
25781
26663
25796
26306
26701
26233
26406
26556
27155
25543
25836
26623
26533
26804
26548
25689
26035
27017
26009
25843
25470
25859
25676
25623
26017
26683
26040
26203
26636
26987
26222
26453
26207
26455
26764
26323
27575
26635
27155
25851
26257
26470
26441
26433
26074
26754
27220
32363
31079
30453
26117
24708
24706
25578
24931
24784
24748
24600
25321
29142
34578
35268
29179
29428
28402
28546
29578
28748
29492
28916
33679
28333
25649
25901
25568
25074
25240
25388
25711
29759
34360
27970
26074
25288
24701
25224
25242
25302
25287
25656
25365
25072
25506
25425
25453
25560
25217
24992
25634
24634
24924
26243
26566
26297
25874
26300
26125
25729
37816
26368
26498
26330
26295
26363
25911
25262
25215
25851
25285
25290
24939
25541
25864
25694
25749
25496
25606
26122
26521
26643
25777
24668
26390
26383
26689
26303
26588
24130
26355
24626
25543
26608
25899
26010
25872
25152
24177
24984
25104
25215
25037
25543
25137
24872
26152
25275
26330
26529
27007
27288
25225
24250
24238
24237
24546
24137
24395
24295
24523
24538
24678
24235
24916
24408
24498
24155
23944
23410
23664
23741
23378
24120
24356
23793
25350
25706
25636
24747
24561
24869
25004
24907
24560
24676
26423
32889
29729
28588
30192
27784
29162
29716
29684
30220
29460
29681
28971
30833
29440
28182
52581
24140
23931
23922
23473
23490
23571
23857
24310
24172
24295
24014
25308
25002
25122
25236
25606
25418
25350
25826
32004
31307
27729
24200
24342
27034
25415
25245
25254
25277
25365
25235
25232
25939
25563
25300
25292
24969
24743
24791
25027
25381
25345
25410
25974
25272
24842
25117
25367
24679
24922
25360
24919
25179
24909
24852
26057
25769
24899
25060
25142
25315
26479
29265
25651
25365
26636
26611
26843
27077
26223
26478
26726
26395
26882
25889
26698
26809
26393
27185
27147
27120
28112
28573
27468
27325
26812
26864
25593
25382
25696
25362
25288
26162
25095
25871
25959
24947
24741
25706
25215
25708
25385
26065
26250
25658
26122
30207
28400
31798
29225
31229
30806
28942
31473
29373
28545
29358
29059
27335
33590
27811
30242
29019
32009
28564
32367
29177
31447
49398
32325
29639
30127
24927
24864
25383
25960
25495
25450
26222
26708
26150
26057
24977
26739
26426
26362
25558
25957
26129
26365
27894
26924
27576
24343
24115
24340
23721
24215
24744
24341
25664
24949
24912
24621
25160
25355
24987
24628
27757
29417
28315
29749
28806
30263
30045
28829
29833
30270
29027
28167
29802
29801
29500
28210
30124
26827
25899
25170
25150
25782
25644
25291
25022
25113
25408
25736
25706
26063
28691
27949
25523
24212
27756
24263
25197
25212
24919
24593
25295
25804
25325
25530
25362
24814
24739
24661
24694
24834
25089
25313
24937
24821
24919
25012
24836
24593
25035
25305
24921
24869
24674
25255
25466
25794
24849
24837
24792
24580
25651
26686
25974
25575
26601
26911
26856
27303
26245
26190
26427
26829
26157
26245
26849
26897
26724
26473
27385
26644
52717
31170
28600
28954
28563
28716
28784
28237
29039
24949
23696
23300
24371
23864
23834
23546
24576
25326
25526
25083
25616
29323
27428
27781
25180
25016
24656
25164
25087
24935
25004
25400
25175
24832
24992
24711
25175
25654
25014
25042
25094
24699
24914
26476
25751
26776
26564
26057
27140
26723
26320
26947
26713
26816
26167
26999
25583
25663
26400
25561
25538
25907
25821
26035
26306
25431
26035
25530
24691
25568
26974
25994
25821
26144
25375
25955
25651
26854
25979
25827
25789
26922
25107
26510
26380
25578
25461
25508
26195
25350
26290
25475
25947
25153
25195
25503
25664
25558
25669
25510
25581
25746
26781
26749
26393
25904
26626
26500
25779
26072
25806
26177
24763
26095
25794
25616
26087
25213
25135
24709
25070
25142
24741
24786
24771
28984
28901
28736
29024
28992
120115
26540
25348
25738
25183
25704
28784
26403
28934
25709
25045
24706
25230
25010
25235
25208
24826
25145
24992
24930
24751
24831
25867
25160
24899
24992
24766
24871
25688
26107
26884
26631
26366
26942
26912
26886
27042
27127
27099
26812
26021
25714
26036
25433
25611
25521
25225
26486
25879
25899
26014
27771
26714
25941
25130
26095
28808
25240
24551
39457
26518
25022
24616
24370
29413
29671
28992
28238
29664
28049
28646
26603
25964
25912
25538
25756
25496
25746
29205
27543
26287
25380
25297
25262
25636
25628
25493
25016
25210
24819
24944
25411
24932
24832
25255
24942
25508
25483
24854
26644
26056
26451
26413
26390
26997
26092
27127
26877
26588
27300
27090
26047
25756
25641
25403
25623
25711
25511
25996
25839
25569
26689
25423
26691
26310
26821
26340
27032
26402
43575
27170
25801
25847
24551
25102
25212
24804
25054
24904
24520
25794
31253
29896
28285
29042
28180
28706
27942
29802
29208
27997
25616
25684
25313
25192
25415
25638
25380
27187
27654
25847
26423
25405
25065
24926
25270
25065
24799
25110
25258
24991
25010
25213
24927
25240
25147
24851
24854
24965
25393
25418
24499
26004
26267
25946
26608
26235
26252
26866
26964
25799
26340
26741
27145
27400
26134
25138
25192
25082
25305
25165
25280
25388
25714
26123
25709
26057
25561
25619
25358
25586
25418
25382
25902
25696
25616
25353
25089
25380
25538
25077
25242
25778
27601
25985
25183
25024
25563
25974
25411
26322
24491
25069
25453
26014
25997
26769
26225
26320
24688
25109
25198
26370
25768
24937
25362
27977
29859
28523
29042
29295
28264
29418
25636
25257
25446
25297
25335
25262
25624
29323
27074
42593
28748
27450
25330
25185
25909
25606
25832
25822
25759
25309
25195
25678
25456
25784
25363
25345
25486
25776
25571
25117
26248
26423
26921
26944
26839
26836
27989
26581
26638
27059
27321
27024
26312
25515
25871
25683
25817
25661
25302
25100
26120
26187
26629
25545
25373
25292
25498
25277
25222
25846
25807
26185
25621
25435
25293
25110
25475
25182
26345
25490
25411
25746
26197
25055
26555
26460
25679
25881
26611
25661
26280
25726
26819
26365
26197
26849
26042
26200
26049
27007
24534
23639
23829
24122
25896
26162
26094
27052
25438
25977
26536
26310
26297
26922
26313
26285
26674
26809
27272
26430
26749
26124
26536
26636
26410
25546
27210
26413
26480
27553
26099
26718
26555
26836
27074
26773
25766
25799
25215
25447
25483
24884
25752
25801
25621
25055
26361
26182
25859
25653
27991
4460459
30962
26761
27458
27064
28064
27951
27174
27463
27060
27889
27540
26500
26448
27269
290905
60199
26285
25208
24495
25664
24553
24787
24899
24997
25159
25486
24102
24596
24651
24939
25129
24902
25300
25620
25661
25665
24433
25105
25205
24656
25185
25134
24580
24947
24876
24729
24969
25057
25069
25184
25654
26327
25606
25573
25947
26421
25490
25100
25731
25665
25413
25468
25270
26919
26611
27536
26398
25661
25128
25313
26340
25696
24989
24854
25222
25549
25488
25383
25526
26533
26238
26784
26951
24315
24022
24245
24488
24768
24683
24724
24335
24553
24197
24533
24594
27511
28235
28916
27443
29175
29342
28072
28856
27919
29804
28139
66676
29977
28523
28338
28358
26427
25040
24824
24731
25403
25315
24739
25411
25030
25606
25508
25047
24676
31204
26554
24099
24047
25114
24400
25190
24473
24589
24842
24754
25105
25193
25331
24861
24327
24428
24678
24791
24689
24944
24653
24328
24691
24729
24957
24678
24741
25020
25225
24428
24904
25621
25681
25443
25154
24821
24769
29467
28703
26969
26634
25811
25816
27107
26834
25917
26723
26671
26295
26004
26310
26668
26235
26292
26129
27248
27486
27217
27412
26689
27110
27247
25563
25490
25153
25250
25300
25446
25039
25957
24857
24611
24460
25603
25406
25491
26233
25628
24708
25315
24823
25039
24817
24252
24699
24857
24651
24803
25075
25220
25371
26224
26052
26754
26508
25460
25613
25210
25599
25099
25771
26032
25478
25576
26904
26841
25337
24887
25210
8193757
40743
27518
28488
24922
25137
24836
25132
25952
24996
24794
25300
24280
24759
25688
26079
23924
25428
25032
26094
26956
24999
24463
24445
24042
23952
24538
24208
24589
24365
24871
24355
24558
24964
24190
24052
24603
25097
27849
29110
28949
29773
28634
27897
29982
28616
29287
28893
28260
29758
29062
28992
27428
29946
28839
29267
28568
25242
24796
24799
24712
25362
25400
25192
25135
25042
25184
25157
25420
25272
25451
25343
31372
26608
24072
23947
40094
25428
24243
24593
24754
24400
25694
26696
29581
28751
29934
28505
29094
29153
28097
30195
28887
29438
28410
29538
30360
28157
30420
28513
30534
79410
27829
25074
24866
24648
24829
25500
24977
24752
25223
25205
25446
25461
25485
25709
25433
27508
28410
25605
24313
23565
27287
24187
25620
25538
24990
24826
24573
25391
25403
25010
25293
24593
24400
25180
25050
24849
24949
24906
24641
24651
24676
24683
25062
24985
24869
25139
24826
25252
24694
24962
24398
25172
25541
25541
24854
24698
25102
24508
24713
26651
28403
26538
25801
25812
26157
26488
26052
25929
26084
27202
26558
26335
26021
26014
25904
25824
26523
26649
25992
26167
27267
26538
27445
26327
26776
26520
27193
26398
25508
24861
25138
24618
25105
25032
24832
25205
24986
26175
24192
24470
24638
25237
25292
25062
25353
25879
25293
24536
24902
24684
25246
24779
25027
25107
25458
25515
25148
25322
25062
25373
25621
25052
24330
25070
26105
25894
26305
25561
26258
26210
25914
25616
25831
44241
25950
25709
25984
25263
25686
26801
27044
24914
25220
25129
25839
25538
26383
25455
24455
25441
25961
31541
29050
27087
28914
30019
28844
31014
29052
27105
26936
26154
26287
25300
25105
24944
25856
25325
26052
25952
26009
26252
25217
25523
25498
26127
26638
24636
25315
24703
25214
25538
24947
24175
24709
25152
24982
24987
25681
25821
26182
25849
25814
26651
26413
27516
26822
25478
24145
23413
23899
24215
24506
24313
25152
24137
24696
24335
24435
23738
24250
24360
25179
28510
27984
29032
28220
29187
28393
27581
29593
28368
28525
28290
29210
29130
27751
28024
27610
28230
27187
28345
28237
25150
25067
25027
24758
25653
24907
24909
24889
25270
25024
25015
25747
25814
25525
25987
30483
26671
24143
23510
27564
24376
25683
25395
24827
24869
24787
25117
25335
24901
25114
8080644
31736
27278
24566
25239
24894
25371
24969
25247
24839
24644
25380
25671
25184
25220
24829
46936
26137
24941
25213
24894
25936
25526
24263
25067
26621
24867
24872
25490
25874
25493
24869
25581
24350
24513
25082
25377
24754
24457
24919
24812
25739
25287
25395
25761
26082
25621
25959
25453
25947
25097
25613
25989
25523
24714
26415
27571
24924
24879
24616
26433
25613
24643
24872
26214
25546
25300
24678
25128
25295
25822
25295
26526
25328
25584
25678
25794
26172
26999
27653
25744
26315
25746
26530
26638
26273
25844
26932
25659
26711
25516
26989
24292
25453
25343
25804
26265
26150
25483
8963668
32530
26365
26932
26370
26954
25894
26330
26494
26323
26964
26270
26400
26571
26275
26986
27252
26192
26651
26714
26699
26932
26879
26854
26951
27085
26869
26889
26814
27037
26945
26531
26292
26229
25894
27007
26746
26059
25809
26022
26505
26173
26070
25849
26481
26072
26150
26255
26606
26452
27500
26350
26824
26372
26062
26621
26846
26228
25999
26799
26230
26506
26014
26834
26179
25738
26220
25884
26381
26200
26566
27047
26387
26650
26663
27450
27235
26834
27408
26951
26591
26375
26653
26551
26157
26769
25764
26964
26452
27223
30017
26728
26591
26937
26709
26172
26376
26461
27365
26391
27082
26247
29974
26513
28057
26744
27378
27002
27498
26656
27566
27601
27438
26794
26526
25982
29009
27839
26533
27007
27676
26237
25583
24222
63904
25648
25606
25070
25075
25806
25939
25526
25428
26069
25646
26145
25583
24833
24759
25125
26338
26283
25974
26448
24506
26601
24621
25102
24553
24303
26263
24628
24383
25310
24819
25202
25122
25282
25798
25443
25234
25355
24853
25190
24485
25258
24493
24967
24595
24922
25267
24894
25174
25017
24882
24386
24423
24654
25130
24814
24869
25022
24939
24954
24897
24573
24505
24854
25172
24418
24932
24528
25528
25396
25079
24879
25215
24796
24729
24498
24744
24744
23764
24132
25771
26300
25550
26295
26200
25679
26165
26418
26353
26579
25270
25445
25922
25681
26050
25956
26465
25817
26042
25124
25533
25774
26080
26756
25955
25668
25937
26892
26282
25922
26042
26460
27235
26017
26232
25203
25626
25776
25917
26040
26302
26655
26426
26611
26480
26390
25386
26142
27085
26679
24822
24656
25686
26113
52428
25917
26182
26247
25821
25816
26531
25500
26446
26407
26327
24844
25335
26413
25601
25834
26002
25372
25383
25290
26441
25190
25352
25989
26463
25415
26154
25964
27222
27325
27748
27651
27869
27956
27493
28167
28272
27804
27764
27949
28323
27994
28102
25303
27779
Actual mean is 36373.63060951105
Actual variance is 278404.0055024695
