742664
27881
26270
26273
26139
25776
24215
23115
50667
28972
29262
28420
26855
22896
22849
22906
22614
23558
22573
23456
23148
23172
23396
22882
24019
24538
24924
24576
25022
24207
24743
23994
29533
26357
24508
23644
22929
25591
24362
25323
24821
24163
24320
24305
24729
24718
24759
24668
24801
24250
24583
24158
24263
24701
24741
24684
24844
25199
24458
24912
24792
24818
24671
24247
24355
24564
24420
25310
24455
24681
24074
24265
24187
23989
23410
28484
25833
24405
24871
25307
24979
26989
28094
27132
24673
24679
24814
26017
26110
26974
26435
25588
25924
25912
25448
25511
25518
26135
26129
25416
25478
26681
25899
27167
26711
26280
26711
26045
25989
26901
24328
24691
24568
24611
24782
24438
24523
24556
25280
24686
23942
23969
24395
24188
24559
25009
24872
25643
25006
24067
25050
25486
25643
24480
25747
24508
25490
25947
25208
25056
25185
25957
50221
26465
26357
23889
26150
26483
28154
26798
25032
25604
25035
25170
25604
24819
25049
25352
25074
24992
23856
23982
25594
25703
25588
26245
27478
25255
25386
24490
24591
24742
24628
24964
25070
24806
25149
24313
24025
23591
23867
25904
24634
23959
23706
23828
24684
25985
26921
25836
24648
25731
25370
24045
24108
24118
23937
24054
24158
23924
24077
25318
24021
23927
23451
23734
23692
23731
23729
24050
23935
23857
23759
23789
23403
23859
23623
23623
23906
23227
23814
23849
24042
23561
24490
23741
23894
23683
23614
23699
23894
23721
23475
23884
23425
23308
23691
23854
23546
23628
23566
24105
23896
23783
23957
23568
23907
24215
23733
23614
23814
23255
23902
23514
23738
23746
23859
23508
23440
23257
23627
23516
23906
23498
23987
23676
24065
24027
23744
25127
25500
23501
24796
23092
24521
24062
24030
25280
25972
26396
26654
54723
27202
26087
27458
26335
25205
24295
23869
24162
24861
25550
24581
24754
25706
25974
25478
26212
25909
27147
25729
26475
27027
24843
25184
24683
25834
25904
26165
26786
25964
25869
26042
26388
26724
26716
25733
25801
26137
24897
25520
25665
26277
25468
25872
25085
25107
24992
25648
25483
25618
25894
26050
25864
26464
26219
26238
25829
25680
25769
26070
25962
26125
26062
26292
25881
25503
25034
26448
26164
24571
25528
25513
23693
25420
25353
26185
25438
25899
26160
26846
25623
26187
25638
25218
25218
24977
26328
26365
25799
27287
25733
25822
25876
26042
25784
25365
25210
27059
25912
26415
25688
25964
25977
26515
26438
25962
26112
26207
26209
26327
26072
26368
26360
25872
26779
25601
26119
26361
25864
25911
25180
25781
25706
25902
25518
26488
26085
46287
25971
26400
25621
25877
27104
27225
26014
25769
25596
26204
25288
25090
23972
26556
26177
25972
27350
26528
26546
26956
25927
25473
25565
25914
26358
26408
27273
26776
27315
27160
27092
28030
27232
26596
27701
27463
25809
25636
26238
25826
26416
26458
25257
23332
24152
24631
23137
23548
23802
23240
23571
23052
23746
24711
25223
23759
23758
25045
24691
22916
23202
23448
24519
25516
25195
24784
23416
25007
24861
24974
23365
23631
24852
24649
24804
23859
24027
24864
25999
25781
25593
25849
26047
25681
26052
25970
25746
25744
23766
25525
25402
25645
25251
26029
26360
25731
26303
22716
23881
23408
23002
23112
23942
25039
24458
24474
24531
23651
24310
25884
22946
23984
23596
22997
23716
24967
25317
26024
25092
25410
26275
26130
26827
25099
22980
23227
26002
29829
25268
23049
22463
46712
24323
31270
25544
23335
22808
22430
25213
32463
26127
25939
25270
27000
23829
22994
23260
23270
22689
25217
24789
25926
25298
22914
23160
23370
23718
23601
23343
23681
23213
23260
23529
23640
23525
23538
23295
24215
24247
24315
24000
23791
23716
23651
24057
23569
23137
22824
23047
22957
22480
22836
22561
22621
22806
22694
22871
22862
23082
22939
22932
23069
23157
23571
23348
22977
23042
22947
23318
23017
22891
23902
24728
26739
25277
27142
22804
22551
23017
22744
23047
22701
23613
23540
24564
23821
23872
24069
23787
23874
23143
23446
23799
28961
25904
29160
28122
28724
28302
28938
29295
28252
29533
28127
28338
27701
28588
28616
27759
28716
27919
25160
24397
23969
24807
24425
24531
24706
24849
25039
67193
26548
25480
29937
31280
28961
27067
24428
28147
25044
25312
25393
24843
25007
24819
25621
25100
26157
25468
25142
25212
25668
25170
25432
25132
25598
25185
24872
24884
24916
25300
24566
24829
24829
25310
24962
24794
24663
25867
25859
24917
25799
24954
25130
24972
30217
28742
29473
25531
25917
27889
28438
28777
27480
25917
25428
26095
27092
26816
27114
27087
26777
26336
27669
26295
26681
25975
27215
26578
26969
26593
27119
30019
27408
26834
27195
27380
26728
28395
26574
25513
25553
25626
25704
25365
24819
24957
25791
25879
24859
24731
25072
25275
25746
25330
25465
26403
25506
26275
25696
25197
24841
26776
26007
27277
26583
25310
25674
25313
25801
25273
25060
25834
25811
26009
25807
25917
25689
25849
29568
26721
26400
25911
25601
24759
26162
30082
27183
26951
26470
26022
26736
25465
26315
25293
25939
25140
25426
25836
25922
27381
26067
25545
26311
25809
25641
45658
23904
26776
26962
24776
24175
24228
24623
25686
24924
24426
25969
25858
24350
25914
26235
26459
26498
27516
26368
27062
26754
25864
26644
26310
25939
26621
26683
26696
26006
26681
25897
27646
26107
25889
27011
26674
25604
26839
27337
27195
26599
26773
26636
26814
26066
26518
26771
26245
26172
26834
26433
26020
26964
26601
27521
25966
26307
26827
26786
26831
26480
26927
27448
26982
26174
27400
26117
25927
25902
26348
27388
27035
26245
26498
26779
28561
27613
26878
27967
26368
26596
27072
28205
26773
27490
27766
26786
29330
27430
27059
26741
26896
27182
26826
27448
28495
25634
27249
26363
26245
27220
27420
26894
29353
27019
26180
27418
27287
27265
27235
27049
26332
26618
26270
27230
27032
27543
29366
26548
27608
26618
27135
31335
29293
50228
24273
25288
23634
24335
24797
24706
24693
24620
25037
25017
25070
23964
25658
25282
24235
24405
24668
24298
24801
24741
24945
24766
26202
24516
24718
24345
24907
25202
25921
25979
25892
25904
26037
26430
26468
26613
25368
25874
26077
25097
25275
25746
25869
24473
25516
25418
25548
24869
25939
25195
25245
25147
25826
25749
26553
26714
26553
25570
26531
26691
25222
25270
26398
26105
26641
26859
26377
25681
27337
26244
26361
25792
25664
25641
25891
25861
26123
26463
26145
26585
26706
25621
26466
26433
25762
26242
25738
26530
26107
27410
27120
27237
26410
26415
26626
26415
26789
26673
26964
29774
33230
33055
29837
24343
24857
24646
24880
24666
24839
24275
24598
25588
36355
29902
29793
28240
30009
29718
31069
28290
31631
25824
25390
25390
25556
25375
25313
48778
24889
24889
24102
24305
24104
24453
26092
29305
26744
26623
25225
25488
25260
29127
25596
24684
24491
24872
25716
24932
24237
24701
24959
24701
24982
24997
24910
24593
24726
26094
25803
24867
24864
25771
25446
25887
26042
26212
25192
26534
37270
25631
25757
25417
26095
26321
27032
26440
26160
25719
26882
26007
26322
25202
24079
24052
24180
24843
25732
25130
25643
24490
24974
26000
26072
26440
25302
25198
25139
25387
25205
25180
25362
25784
26252
25358
24960
25984
25217
24526
25410
25797
25473
25506
25255
25566
25495
25723
25435
25248
25052
25553
25782
25616
25130
25179
25052
25348
26142
26839
25902
26844
27590
24656
24849
24854
24391
24796
24701
24453
24783
24811
24824
25255
24708
25335
29278
28892
28721
29230
29218
29060
29598
29724
29837
29959
30065
28079
29728
28107
55810
28340
30069
26134
24932
25175
25694
25077
24994
25348
25455
25335
25271
25495
25558
25658
29415
33100
28807
24977
23924
27182
24576
26047
25250
25137
24446
24831
24601
25160
25794
25301
24911
24478
24912
25187
25080
25193
25089
24798
25212
24871
24731
24666
24576
24644
25027
25495
25017
24764
24884
25636
25636
25173
25117
24959
24530
27382
28897
26513
26002
25663
26894
27019
27538
26636
26503
26957
26911
27032
26575
26823
27057
26198
26564
27608
27070
26921
27350
26786
26879
27676
25954
26082
25333
25092
25260
25984
25819
25677
26500
24997
25014
25446
25341
25591
25568
25747
27084
25919
25550
30299
28686
33510
28528
28167
30541
28390
27881
27555
31498
30094
31828
28380
31265
27188
27761
28959
30746
29951
28676
28075
30609
29608
31621
25994
24774
26283
52252
24413
24611
25909
30520
27493
29851
26393
24734
26272
24513
24836
24854
25145
24699
25162
25080
24661
25178
25242
25025
24864
24613
25663
25154
24586
24763
24911
24771
25170
27480
26613
25861
26318
26736
25538
25598
26155
25646
26568
26501
27199
26854
25661
24976
25218
25518
25287
24891
25402
24962
25709
25225
25611
24503
25508
25069
25631
25849
25789
25380
26337
27518
26199
25961
26358
26403
26225
24177
25807
24513
24788
26579
27044
25925
26172
25566
24723
25087
25481
25941
25351
25260
24979
25734
25470
26391
27315
25721
28325
26949
25062
24260
24480
24160
24505
24543
24461
23887
24335
24621
24340
24127
24686
24543
24341
24385
23950
23490
24065
23636
23664
24208
24200
23889
24601
25952
25463
24381
24297
24906
24613
24172
26518
25085
24085
24375
30902
29966
30325
28129
30393
30107
56024
29674
30057
32139
25753
25684
25598
25215
25501
25308
25523
31681
28921
25365
25026
24926
25027
24814
24822
25042
24996
24631
25039
24834
24714
25440
25358
24666
24902
24706
24460
25305
26082
26185
26600
25756
26518
26771
26483
26748
26248
26570
26762
28486
25395
25546
25568
25553
25012
25322
25243
25729
25899
25929
25554
25473
25746
25561
26070
25606
26767
25726
25510
25536
25513
25706
25195
27004
26034
25616
25323
26400
25264
26150
26969
25894
25230
25485
26473
25129
26376
25711
24996
24869
25525
25622
25779
25819
25380
25616
26197
26608
27280
26210
26045
26198
26142
26109
25701
26473
24967
26010
25836
25861
25544
26322
24896
24917
24706
24942
24827
24343
24616
25673
30090
29158
32090
29342
30130
29001
30393
30553
29193
27982
25921
25674
25198
25538
25483
47531
27400
27240
26916
27982
25599
24671
25362
24811
25456
25305
25197
24878
24719
24892
24834
24881
25834
25285
24925
25227
24513
24714
25576
26187
25793
26583
25901
26711
26463
26087
27345
26911
26917
25902
26150
25997
25127
25433
25641
25601
25212
25412
26195
25704
25401
27075
27508
26779
25929
25463
26593
26330
24485
24476
24862
24852
24772
24713
24521
28605
29485
29470
29019
28976
28999
28686
25518
25894
25134
29782
25773
25488
29024
27511
26355
25260
24859
25307
25561
25114
25508
25037
25204
24821
25082
24909
25049
25017
24974
24887
26030
25561
25001
26874
26245
26079
26085
26037
26583
26366
26950
26337
26611
26691
26698
25571
25698
25500
25200
26458
25535
26255
26383
26255
26247
27396
26706
27257
26235
27027
26272
26756
26112
25904
25836
26454
25207
26521
26127
25520
53441
25238
25475
26025
26017
25591
25300
26307
25638
24887
26185
26051
25340
25931
25536
25689
26127
27162
28753
29115
28876
26533
23160
23724
23453
23461
23207
23734
24375
24909
24528
24215
24994
24448
25001
24610
24375
26383
27097
29343
30486
29040
30536
28789
30147
28585
30624
29333
28736
28483
28084
29921
28400
29541
28932
28418
25358
24753
25130
25300
25608
25643
25253
25355
25540
25150
25608
25178
30796
26937
24819
28383
25406
25122
24931
24819
25495
24806
25508
25355
25353
25621
25332
24914
24729
24837
25147
25102
25045
25017
25092
24626
25438
24701
24663
25107
25009
24759
24914
24904
25232
25739
25841
24774
25342
24678
24816
27195
26586
25866
26503
27217
27172
27485
27553
25987
26791
26949
26438
26465
26588
26892
26538
26799
26558
26965
27420
27676
27340
27733
52766
27578
25749
25054
25343
25265
24994
80093
26345
25498
25079
25189
25827
25275
25202
25473
26335
26332
24849
26102
28282
25395
25405
26277
25777
26009
26059
25132
24922
25691
25573
26213
26220
25269
26144
25398
25671
25986
26193
27433
26490
26545
26614
26741
26238
27052
26979
26515
27117
26466
26551
26813
26924
27104
27518
27160
26373
27365
27756
27603
26779
26626
27225
26631
27187
26561
26679
27387
25768
26919
26954
27032
26716
27691
27225
27177
26852
27112
27591
27102
27468
283567
28195
26834
27520
27125
27110
27453
27505
26646
27232
23982
24280
24696
24410
26312
26658
26713
25481
25970
25701
25867
26123
25944
26619
26420
26285
25831
26140
26320
26292
25846
25954
25967
26252
25994
26315
26037
26065
48829
25172
25506
25357
26297
26345
24941
24816
24656
25661
25565
26130
26272
25756
27308
26799
26756
25681
27117
26275
25969
26663
86524
27290
27285
27167
26831
26841
26784
26585
27471
26957
26724
26515
27601
27177
26356
27007
26752
26764
261757
49695
27011
26208
26312
26248
26104
25959
26260
25676
25593
26405
26543
26205
26282
26177
26461
26004
26885
26049
26252
26939
26994
26907
25816
26268
25751
25824
25779
25874
25493
26272
25155
25937
26109
25834
25844
26035
25245
25267
25065
25658
27448
26172
25217
26175
67807
26330
25986
26137
26874
26077
25763
25688
25767
26465
25944
27180
26616
26097
24067
24305
24528
24348
24526
24550
24125
24531
27565
28979
29560
28305
29548
28119
29272
28165
30007
26320
25148
24861
24425
24962
24939
24951
25997
27255
25979
25646
24230
24603
25014
24971
24739
24786
24661
24408
24841
24711
24490
24621
24849
24739
24475
24346
24604
25237
24671
24684
27338
25293
25483
26448
25886
26290
26132
25969
25779
26277
26493
27340
25626
26628
24879
25163
24791
25082
24929
24766
25157
25538
25846
25443
24809
25681
25009
25500
25067
24703
25084
25819
25230
25826
25140
25210
24768
24759
24528
25578
24977
24776
25438
25473
25493
25704
25481
25285
26413
28556
25684
25448
25576
26077
25874
25819
27072
25747
26278
26137
26736
25263
24327
24190
24077
24415
24070
24509
24022
24139
29075
29227
28362
28856
29746
27493
25162
25250
25315
24894
25084
25437
24942
25072
28105
25829
26215
25385
24736
24511
25052
24954
24844
24931
25019
24802
24914
24506
24633
24955
24914
24488
47776
26063
24365
23433
24496
24904
24578
23999
24363
23478
24944
24295
24535
24345
25803
25473
25218
24385
26659
24663
25130
25235
24916
25007
25478
24957
25749
24631
26007
25723
26152
26042
26425
26047
25744
25794
26841
25984
26621
26386
25508
26651
26305
25516
26533
26227
26843
26466
26183
24869
25247
25237
25563
25150
25060
24989
24914
25000
25004
26300
25792
24829
25488
25230
24944
25453
25298
25137
25220
25619
25581
25521
25024
26252
25107
25473
25964
25215
25049
25230
24961
25014
25040
25310
25884
26060
27225
26270
26619
26467
26638
25097
24911
25065
26476
25401
25458
24666
26120
26634
25738
24966
25082
24796
25265
24872
25031
25366
25195
25045
24876
25065
25327
25436
25942
26473
26819
29164
26578
24079
24119
23914
23553
24491
24769
24496
24024
24102
24343
24383
24162
24781
203088
29866
29420
29357
29709
28195
30120
29268
28076
29074
27977
26365
24238
24318
24488
25027
24930
25097
24641
25303
24814
25077
24959
25082
27087
28350
25079
24032
26861
23999
25440
25207
24926
24799
24756
25164
25004
25315
25157
24866
24538
24621
24967
25189
24575
25337
24712
24656
24753
24857
25125
24368
24892
24448
24872
24531
24618
25676
25566
24787
24693
24931
25021
25736
28856
25748
25638
26759
27395
27205
27897
27037
25849
26954
26202
26501
25919
26431
27214
26225
25849
26391
26664
26967
26882
27275
27824
26275
27278
25351
24686
25135
24798
24852
24706
25347
25629
25110
24866
24285
24536
25210
24907
24944
25150
25977
25741
24432
25185
24972
24904
24864
24861
25092
25139
25182
25150
24393
24834
25029
25217
26027
25262
25330
25660
25297
52528
24473
23077
24476
24648
24032
23976
27799
25075
24873
24854
24849
26069
25639
25518
26050
26408
25721
25408
26222
25193
26212
26448
25518
26260
24806
24944
24403
24663
24746
25059
24834
24754
25453
25501
25764
24766
25741
24967
25220
25213
24671
24894
25834
24884
26115
24742
24894
25022
24814
24599
25107
25423
25099
24900
25087
24929
25788
25573
26225
24703
24661
25551
25190
25273
26177
25686
26150
25097
24649
24383
24250
24658
24192
24061
24343
24493
30270
27794
30007
28698
29302
29375
28851
28919
29415
25663
25563
25185
25300
25483
25583
27798
26075
27496
25639
24631
24784
24809
25080
24842
24979
24776
24383
24466
24809
24862
24726
24495
24656
24230
24809
25007
24870
24548
25856
25520
26024
26573
25629
26385
26458
25824
26834
26125
27353
26949
25535
25054
25297
24565
24969
25010
65295
25248
25177
25265
24257
25212
24763
25641
25087
24829
25065
25753
24896
25390
25112
25072
24658
24208
25250
24892
25731
24711
24931
25060
25827
25079
25613
25781
25005
26097
25550
25423
25092
24995
25889
26037
26042
26633
25764
26145
26089
26245
25736
23282
24173
24029
24957
25698
26470
26039
25465
24736
25902
25796
25916
26290
26074
25694
26295
25839
26881
26248
25944
26184
26096
26779
26009
25951
25774
26648
25869
26137
26591
26095
26390
26225
26523
26235
26438
25268
24774
24843
25406
24653
25267
25308
25435
25112
24834
25010
25365
25435
24970
24523
25977
25024
25548
25824
24275
24649
24396
24699
25257
24734
24668
24603
24550
24395
24931
24418
24238
24636
24593
24523
24739
24926
24413
24115
24814
24200
24456
24240
31061
29448
24648
25180
26105
25458
30343
29057
27515
25468
51134
24922
23783
24300
23837
24240
25741
24566
24378
24688
24356
24380
24681
25784
25510
26904
26310
24087
25686
24779
24703
24916
24824
23989
24165
25047
24496
24891
25122
25754
25346
25828
26357
26952
27110
24425
23774
23521
23423
23714
24225
24954
24268
23846
24523
24373
24849
24506
25531
25107
29169
28463
29526
28786
28754
27473
29238
29270
29015
28934
28272
27566
27989
28518
28410
29633
27902
25147
24686
24864
25478
25856
25070
24984
24849
25022
24671
25162
25044
29809
26498
24666
23957
26485
24854
24616
24907
25280
25310
24809
25148
24303
24799
24889
24907
24661
24696
25162
24699
24959
24887
25175
25184
24779
24937
24809
24280
24920
25576
25882
25202
25129
24894
24661
26924
27132
25654
25681
26595
26802
27122
26237
26686
26678
26678
26125
26197
27004
26546
46523
26816
26303
26463
26696
26766
26127
26952
25528
29430
25511
25129
25207
25084
24884
24831
25463
25094
26029
24871
24804
24907
25223
24937
25503
26009
25461
24882
25192
24643
25503
25157
24849
25265
25137
25125
24886
24816
25020
25303
25198
26065
24921
25901
25831
25613
25508
25277
25779
25698
25725
26496
25415
25631
27197
26706
24972
24757
25042
25961
25470
26544
27287
25714
29498
27619
25744
30500
28726
28598
27321
25768
27935
27390
26155
25764
27514
26804
26155
27300
26761
27340
26122
28593
26471
26857
27323
26834
27353
26915
25210
25872
25323
26556
25095
25372
26889
26436
25654
25220
26846
25999
25916
26801
25994
26450
26232
25561
26573
26728
26000
25383
25879
24994
26754
25142
26479
Actual mean is 26466.093015446608
Actual variance is 15294.48242003373
