94867
9155
8371
7576
7546
7473
7603
7682
7323
7551
7572
8494
7351
7499
7744
7716
7757
8167
7885
7548
7559
7719
7465
7446
7511
7100
8053
8100
7957
7925
8092
7930
7809
7694
7579
7772
7393
7293
7612
7731
7742
7694
7729
7617
10937
10170
9070
9553
8940
8947
9321
9301
8927
9140
8516
7461
7187
8338
7674
9168
7744
7636
8349
7895
8306
7612
8448
8110
10240
8737
9644
9548
8787
8589
11990
8348
7825
7860
7639
7789
7591
7518
7862
8446
7990
8108
8090
8396
8243
9165
8266
8038
8235
8721
8333
8574
7912
7796
8255
8032
8524
7867
7614
8634
7887
8113
9213
8516
8068
8002
8058
8165
8268
7692
8559
8156
8185
7907
8378
8661
7962
8108
7884
8566
7922
9323
8353
8288
8471
7666
7984
8647
11559
8022
8968
8393
8564
8443
8729
8258
7887
8544
8744
8227
8130
8594
8058
8110
9055
8543
8332
8882
7522
8130
8083
7816
7623
7564
8122
7967
7874
7714
7599
7606
7674
7779
7907
7627
7473
7782
7764
7574
8935
7897
7840
7975
7737
7679
7925
7566
7516
7621
7408
7594
7684
7701
7617
7556
7557
7837
7676
7771
7676
7781
7737
7904
7601
7905
7832
7895
8003
9182
7719
7917
7699
8298
7481
7493
7837
7993
8155
8312
7812
7784
7922
8205
8203
7772
7805
8207
7852
7942
7877
7990
7801
7882
8384
8238
8445
8105
8042
7782
8115
7451
8160
8453
7609
7957
8150
8042
8484
8549
8148
8133
8468
8662
8714
8370
8235
9005
9030
7902
9501
9374
7401
8769
8734
8884
8601
8122
8102
7391
8732
8313
7757
7832
7847
7789
7819
7964
7787
7644
7563
7829
7636
8045
7674
7972
7871
7844
7682
7990
7792
7837
7759
7737
7933
7667
7456
7529
7724
8268
11045
7300
7601
7348
7669
7819
7544
7514
8190
8196
8626
7505
7581
7945
7729
8313
7553
7880
7115
9942
7593
7624
7539
7774
7623
7606
7619
7774
7386
7749
9777
8436
7704
7460
7381
7626
7765
7674
7373
7684
7578
7388
7399
7638
7925
7574
7497
7784
7641
7847
7759
7849
7589
7528
7929
8062
7882
7963
7858
8103
7856
7907
8042
7754
7935
7439
7829
8711
8153
8033
8097
20413
8453
8208
8235
8481
8078
8095
8371
7867
8088
7997
8298
8348
8045
8425
8063
7861
8050
8083
7983
7968
8266
8019
7889
8038
8097
7869
7862
8017
8050
7709
8153
7857
8100
8280
7924
7764
8090
8152
8100
7947
7975
8040
8122
8113
8185
8266
7646
8122
8077
8243
8130
7844
8253
8058
7972
7709
7774
7619
7639
7910
8025
7964
8267
8060
7902
8208
8142
8341
8260
8100
7819
8110
8230
8275
8118
8088
8233
7701
7915
8133
8135
7915
7845
7456
7855
7521
7855
7744
7070
8729
7672
7070
7288
6849
7223
7877
7825
8123
8206
8040
8030
7057
7481
7603
7884
7721
8015
7930
8008
8075
7774
8228
8148
7594
7616
7960
7970
7938
8025
7812
7679
7694
7764
7935
7972
7772
7957
7797
8107
8078
7709
8000
8165
7989
7694
7679
7794
7546
8436
7501
7967
8100
8115
7346
7774
7940
7862
7697
7985
8173
8711
7893
7572
7726
7636
8150
7674
7967
7849
7962
7932
7589
7877
8348
7879
7368
7657
7654
7584
7740
7538
7599
7656
7668
7839
7523
7346
7759
7692
7822
7699
7759
7742
7701
7519
7699
7538
7594
7674
7549
7922
7982
8007
8030
7985
7701
7078
7379
7774
7623
7749
7957
7789
7909
7860
7095
7238
7113
8062
7890
7902
7730
8150
8463
7752
7847
7554
7058
7370
8175
7862
8128
8198
7967
8093
7907
7940
8345
8160
8213
8631
8371
7589
7684
7855
8275
8150
8266
8175
7902
8027
8351
8313
7701
7739
7722
7802
7909
7809
7887
7852
7754
7834
7689
7802
7856
7782
7667
7751
7679
7888
7614
36368
8614
7807
7721
7534
7469
8015
8171
8536
8468
8754
7903
8168
8283
8571
8228
8248
8246
7990
8252
8250
8355
8351
8318
8273
8439
9020
9248
8787
8376
7088
8308
8215
8286
8070
8238
8651
8281
8629
8661
8305
8353
8390
7814
7870
7446
7080
7160
7418
8057
6812
7370
7854
7494
9082
7752
7471
7408
7514
8553
7957
7514
7781
7654
7278
7366
7597
7511
8075
8268
8476
8093
8366
8683
8436
8379
8546
8639
8448
8762
8524
8499
8879
8561
8431
8007
8734
8508
9315
8489
8739
8386
8581
8423
7840
8248
9068
7854
7664
7945
7604
7689
7925
8414
7719
8301
9183
8496
7859
7892
7912
8108
7761
8135
8423
8661
8461
9310
8764
7940
8418
8667
8398
8556
8371
8433
7750
7807
8260
8817
8136
8498
8664
8904
9614
9160
8293
8105
9455
8483
7914
7960
8020
7975
7735
7403
7872
7875
8050
8679
8418
8516
8564
8403
8230
8634
8388
8762
8371
7707
8879
8857
7995
8260
8183
9504
8541
8148
8341
8624
8639
8762
9007
8423
8256
8496
8153
8205
8052
8434
8616
8419
8083
8416
8390
8273
8351
8088
8335
8406
8790
9418
8268
8346
8333
8423
8759
8268
27939
9644
9501
8729
8776
8879
8982
9168
8985
8694
8541
9476
8842
8633
8786
8905
8727
9070
8612
8696
8528
8992
8914
8882
8686
8932
8516
9170
9260
9032
8779
9769
8613
8597
8839
8499
8678
8504
8436
8707
8737
8265
8689
8779
9058
8644
8539
8922
8862
9406
8857
8559
8418
8308
9220
7862
8248
8353
8413
8819
8686
8391
8391
8371
8148
7968
8775
8423
8270
9275
8416
8521
7646
8140
8363
8526
8537
8847
8691
8642
8441
8952
8962
8599
8797
8629
8716
8784
8454
8399
8821
9834
8797
8326
9005
8694
8840
9128
8310
8835
8784
8536
8609
8521
7932
8222
8734
8401
8576
10764
7882
8243
8756
8547
8536
8972
8711
9464
8097
9298
9894
8098
9270
9727
8797
7761
7591
7456
7736
7561
7395
7701
7867
7273
7669
7395
7298
7255
7576
7473
7320
7458
7661
7727
7513
7629
7915
7659
7777
7656
7614
7609
7511
7639
7867
7656
7754
7509
7710
7904
7746
7937
7572
8127
7711
7594
8000
7747
7536
7852
7777
7744
7872
7664
7704
7571
7271
7681
7736
7318
7699
7460
7531
7641
8075
8115
7784
7433
7644
7684
7604
7296
7689
7526
7922
7767
10576
8704
8020
8118
8719
7867
7662
7770
7887
8107
7701
7842
8511
7814
7820
7827
8015
7554
7717
7806
8007
7764
8696
7925
7674
7627
7719
7481
7689
7516
7814
7696
7877
7749
7669
7912
8090
7361
7661
7658
7394
7639
7536
7694
7804
8003
7724
7736
7591
7669
7679
7927
7556
7779
7749
7799
7496
7765
7541
7826
8030
7669
7934
7779
7724
7356
7900
7910
7948
7623
7549
7784
7784
7686
7990
7634
7927
7612
7363
18579
8030
7453
7471
7787
7528
7546
7820
52650
8429
7471
7771
7591
7794
7642
7654
7571
7379
8734
7984
7423
7448
7390
7649
7551
7388
7679
7493
7672
7913
6975
7581
7644
7626
7865
7786
7706
7644
7426
7707
7549
7596
7330
7835
7691
7534
7995
7406
7070
7711
7852
7534
7604
7343
7514
7594
7709
7691
7671
7676
7626
7769
7604
7641
7674
7576
7869
7764
7657
7724
7609
7664
7639
7606
7403
7523
7659
7599
7423
7704
7892
7607
7749
7558
7586
7228
7536
7556
7656
7363
7741
7714
7739
7652
7465
7644
7782
7559
7662
7449
7518
7531
7982
7405
7551
6948
7879
7787
7686
7642
7429
7479
7824
7358
7492
7827
7699
7275
7694
7719
7654
7646
7335
7757
7586
7553
7415
7704
7451
7724
7579
7399
7531
7408
7809
7601
7576
7543
7448
7508
7709
7751
7153
7458
7453
7532
8180
7769
7454
7866
7516
7681
7827
7581
7576
7596
7606
7513
7541
7774
7694
7125
7686
7574
7561
7764
7554
7613
8143
8008
8150
7677
8040
8013
8952
8534
8246
8228
8183
7988
8181
7992
8160
8025
8143
8747
8549
7709
8068
7423
7491
7446
7293
7324
7073
7225
7368
7180
7298
7158
7313
7238
7250
7428
7233
7338
7100
7308
7278
7283
7301
7223
7117
7215
7216
7070
7283
7338
7379
7226
7158
7355
7235
7261
7537
7345
7444
7378
7559
7807
7722
7512
7311
7313
7501
7604
7712
7483
7519
7505
7443
7218
7639
7716
7353
7200
7533
7576
7303
7364
8248
7997
7955
8541
7504
11238
9945
9401
9636
10825
10002
13568
10211
10015
10047
9852
9107
9441
8068
7403
7512
7479
7476
7303
7774
7709
7619
7538
7323
7892
7588
7619
7764
7797
7820
7997
7796
7549
7865
7826
7997
8123
7975
7844
7772
7910
7657
8028
7669
8082
8000
7704
7689
8110
7596
7839
7658
7944
8208
8125
9466
9152
10077
10004
10375
9471
8456
10749
10573
9935
8722
9390
11110
10015
9394
9290
10398
10563
10121
10268
9679
10975
10686
10746
8840
9704
10112
10336
10040
8606
10364
10220
10048
9897
10047
11198
9564
10373
10631
8083
8256
8032
7993
8351
8035
7850
8004
8185
8360
7887
8282
8168
8519
8015
7727
8145
7997
8257
7995
8077
8093
7890
7721
8007
7967
8345
8228
7859
8010
7924
7872
8103
8055
8005
7817
9370
9984
9574
12614
8549
8997
8619
8998
7428
8125
7649
8049
8005
10887
8245
7940
8138
8504
8083
7654
7937
7984
7904
7982
8085
8050
8178
8022
7862
8065
8386
8143
7875
7933
8316
8258
7721
7779
8133
8180
8155
8100
8118
7761
7897
7992
8942
8010
7927
8098
7792
7927
7980
7967
8080
8112
8088
7930
8090
7775
7887
8967
7979
8100
8172
7998
7805
7824
7618
7649
8167
7789
8070
7882
7814
7807
7907
7384
7552
7916
7609
7742
7696
7990
7995
7677
7907
7832
7689
7699
7870
7945
7872
7829
7659
8095
7987
7904
7900
8182
8085
8103
7855
7835
7732
7739
7875
7907
7766
8007
7907
7872
7526
7950
11874
10140
7739
8057
7642
7498
7824
7694
7644
9724
8072
9217
8012
8223
8561
8989
8213
8373
8125
8095
8057
8220
8461
8295
8626
9027
8927
8373
8388
8496
8940
8228
7972
8205
7658
7875
8400
8511
8233
8669
9403
8827
8739
8907
8369
9017
8780
8874
8338
8829
9037
9519
9160
8697
9250
8759
8776
8855
8177
8566
8599
8917
8564
8521
8592
22548
9208
9323
9108
9073
9050
8341
8832
8922
8862
9010
8902
8804
8694
8568
8775
8761
8529
8852
8992
8190
8889
8549
8764
8441
8118
8439
8900
8614
8690
8594
8681
7957
9000
9133
8831
8704
8782
9629
8222
8662
9148
8464
9355
8724
8431
8754
8671
8815
8814
8554
8729
9385
9443
8910
8801
8338
8180
8454
8328
9015
8524
8296
8451
8709
9028
9085
8829
8984
8596
8320
8925
8844
8912
8664
8463
8942
8917
9119
8513
9220
9020
8765
8634
8862
8701
8807
8972
8872
8852
8860
8488
9266
7962
7489
7807
8043
8654
8957
9218
8989
9243
8092
8478
8416
8584
9013
8817
8759
8859
8559
8586
8701
9373
8839
8857
9135
8679
8461
8399
8674
7908
8115
8516
8596
8489
8985
7900
8386
8317
8836
8761
8796
8885
9143
8441
9057
9178
8368
9055
8746
9128
9100
9739
8882
9117
8880
8434
8762
9060
9043
8830
9097
9643
8491
9121
9050
8947
9162
8955
9170
8556
8910
8922
8697
8516
8699
8676
9256
9316
8850
8832
8957
9140
8815
9052
8651
9073
9165
9218
9070
9040
9150
9619
9273
8794
8637
8195
8413
9323
9659
9007
7504
9368
8351
8912
8907
8807
8549
9078
8609
9238
9408
9190
10110
9529
8844
8712
8904
8910
8634
8707
8561
8588
8910
9085
8639
8696
8742
8777
8847
8882
8516
8992
8820
8423
8756
8737
8799
9626
8982
8751
8507
8589
8025
9652
8616
9017
8766
8762
8717
8426
8681
8915
9361
8762
9421
8301
8519
8343
8277
9093
8864
8772
8777
9025
9348
8623
8739
8924
9576
9107
8867
8844
8889
8297
8052
8381
9444
9110
9005
8533
8634
9258
8690
9045
8541
8191
8757
8957
8767
8611
8887
9062
8622
8867
8293
9073
8182
8677
9501
8486
9020
10238
9504
9032
8990
8217
8734
8912
8744
8712
8825
8972
8712
8950
8727
9345
8869
9055
8904
9045
8401
8892
9087
9027
8594
9326
9554
8676
9216
8253
8827
8265
8970
8719
9318
9218
8711
8691
8621
8628
8596
8396
8714
8346
9839
9130
9203
9275
8617
9396
8827
8729
8867
8922
8513
8598
8767
8764
8414
8118
8845
8832
9005
8403
8451
8631
9175
9463
9035
10012
8714
8834
8744
8807
8486
9123
8360
8496
9736
8900
8994
9231
9852
9013
8666
8739
9263
9142
8885
9471
9172
9281
9022
8614
8820
9181
8584
9459
8599
8724
9411
8998
9293
9033
8879
8799
8583
8631
8907
9323
8478
8985
8780
9534
8912
8463
9022
8318
8707
9205
9278
8113
7633
8671
9569
9414
8752
8972
8278
8749
8955
8979
8611
8907
9090
8494
9032
8383
9290
8885
9995
8890
8619
8193
9293
9840
9333
8865
8978
9401
9418
9694
9173
9643
8511
9714
8649
8607
8250
8702
8609
9421
8947
8268
8719
9308
8526
8795
8980
9246
8561
8817
8679
8869
8263
9313
10100
9125
8251
8136
8779
8373
8451
8811
8386
9266
9541
9604
9775
7947
7581
7632
7772
7341
7614
7461
7847
8015
7651
7433
7516
7922
7536
7727
7699
7802
7987
7584
7636
7892
7756
7759
7772
7779
7621
7777
7747
7837
7536
7464
7444
7676
7395
7306
7584
7802
7722
7687
7631
8138
7443
7531
7493
7381
7860
7493
7526
7659
7472
7504
7350
7318
7621
7518
7335
7514
7631
7691
7529
7687
12025
10486
9915
9920
9721
7574
13118
10541
10554
8623
9952
7751
7729
25644
8002
8170
8619
8208
7626
12735
9548
9642
9236
9526
7965
7146
12554
7659
7973
7767
7618
7305
7543
7441
7912
7669
7865
7586
7747
8521
8312
8406
8516
7857
8441
8626
8366
8544
8413
8321
8360
7709
9662
8213
7987
9699
8441
8602
7872
8351
8993
8865
8494
8403
8717
8524
7967
8827
8807
8007
8639
8415
8291
9298
8368
8712
8985
8516
7889
9990
7979
8316
8799
8616
8546
8641
9009
7854
8647
8647
10852
8940
8286
9293
7952
9101
8900
9221
8423
8596
8137
9291
8864
8734
9025
8772
8338
8105
8038
8180
8024
7747
7982
8424
8070
8085
7867
8093
8386
7865
8491
8003
8331
7903
7985
8278
7790
8009
8073
8103
7990
8709
8190
7832
7972
8015
7593
7774
8012
7892
7724
7579
7853
8631
8042
7659
7907
8002
7609
7701
7847
7594
7697
8245
8121
7737
7689
7689
7965
7656
7436
7897
7622
8083
8062
7864
7764
7719
7830
7902
8927
8426
8653
8348
8195
9286
8591
9221
8746
8426
7965
8125
8320
8147
8020
7937
8023
7932
7899
8273
8082
8078
8201
7877
8218
7967
8080
7914
8454
8193
7994
8381
8278
8333
7900
8025
8265
8559
8231
8195
7862
7919
7932
8381
7927
8067
8057
7894
13095
8574
8907
8163
9002
9073
7750
8080
8476
8428
8211
8213
8464
7859
8250
8338
8721
8496
8895
8346
9980
8566
8594
8391
12260
8759
8473
8351
8752
9213
8649
8694
7867
9195
8702
8483
8626
8140
8250
9207
7997
7998
7857
8047
8072
8093
8171
7774
7587
8303
8225
8108
8078
8098
8132
8105
8272
8699
8562
7844
8716
8368
8440
9383
8102
8020
8454
8538
8958
8170
8430
8241
7842
7934
8057
7988
7857
68943
9709
8047
8213
8611
8526
9711
9573
8855
7792
8140
8233
9083
8296
10005
8037
8618
8830
8346
8230
13057
8330
8121
7815
8170
8569
7985
7865
8294
8368
7664
8020
8009
8095
8208
8070
7876
7944
7962
7889
7667
8017
7671
8225
8311
7712
7774
7914
7796
8009
8769
8496
8529
8238
8373
8521
7792
8040
7786
8170
8626
8657
8697
8439
8358
8523
8503
8714
8558
8358
8518
9511
8363
8025
7819
8571
8499
9025
8648
8701
8393
8130
8423
8396
8870
8606
8508
8511
8151
8594
8195
8672
8819
8566
9225
8609
8899
8526
7852
8243
8508
8344
8027
7877
8358
8646
8887
8464
8125
8118
8037
8819
8631
8128
7915
7957
12671
7970
7967
7889
7864
7720
7839
8035
8176
8486
8481
8070
7964
8070
7842
7907
8033
8075
8265
7696
7541
7757
7647
7746
8706
8982
8817
8343
8165
8052
7574
7840
7927
7825
7631
7772
7493
7784
7960
7627
7797
7962
7799
7577
7764
7721
7727
7862
7453
7619
7714
8268
8544
8892
8055
7990
7827
8090
7982
7854
8074
8225
8268
8180
8067
8077
7757
7802
7930
8073
8498
7859
7952
7624
7912
7974
7817
7867
7899
7716
7677
7965
7558
7895
7831
7491
7959
8018
8010
8223
7769
7782
8115
7742
7980
7566
7694
7887
7436
7786
7839
8060
7522
8579
8208
8140
7999
8027
8035
7639
8054
7882
8225
8085
7854
7990
7862
8218
7994
8421
8726
8376
8682
8885
8353
8326
8573
8641
8503
10293
9812
9453
10215
10133
9200
8546
7588
7599
7576
7786
7684
7829
7563
7644
7787
7609
7762
7925
7890
7766
7676
8145
7706
7729
7699
8009
7809
7917
20430
8639
8135
8103
7850
7734
7975
8008
8103
8415
7942
10102
10779
9897
9684
10273
9559
10155
9177
9929
10373
10288
10150
8855
10228
10772
10546
10158
9155
10030
10721
10198
9093
9721
9749
10533
10736
9158
9824
9862
10401
10576
8801
10807
9789
10581
10125
9305
10406
10729
10851
9033
9955
8090
8399
33882
7789
7165
7115
7441
7268
7285
7907
7173
7218
7752
7130
7007
7233
7115
7143
7586
7922
7581
7473
7523
7543
7536
7787
7498
7163
7528
7616
7512
7657
7483
7780
7415
7892
7516
7917
8020
8120
8286
8323
8802
8371
8458
8521
9220
8654
8739
8661
7740
7686
7769
7917
7899
8070
8511
8661
8476
8391
8504
8576
7344
7929
8599
8206
8311
8348
8383
9381
7361
7566
8739
7954
7654
8248
8248
8579
8809
7899
8160
7970
7628
7927
8579
8103
8033
8354
7957
8707
8614
8293
8095
8212
7736
7889
8012
8419
8756
7731
7875
8666
7757
8030
7962
8004
8870
8621
8651
8634
8579
8047
8441
8463
8398
8732
8088
8369
8375
8516
8504
8203
8118
8373
8117
8463
8220
8361
8297
8689
8466
8176
7869
8248
8228
7729
8310
8323
8538
8558
8323
8040
8790
8776
8391
8751
8932
8320
8233
8211
8336
Duration mean is 8385.436870382808
Duration variance is 2.4963445680307478E7
