99759
9526
8173
7448
7985
7423
7474
7756
7669
7305
7366
8932
7927
7571
7526
7296
7466
8669
7712
7477
7694
7464
7664
7898
7501
7346
7639
7789
7596
7722
10847
6767
9133
10027
9431
7782
9639
9962
9589
11485
9576
9629
9526
10208
10659
9348
10445
9960
9478
8928
10443
9774
10218
9882
8339
9401
9095
9485
9684
8436
9393
9535
9631
9754
7814
9722
9767
9451
9335
8501
9974
9421
9386
9211
8263
9538
9584
9176
10286
8970
9158
9781
11035
7781
8045
7737
7797
7855
7719
7601
7792
7955
7744
7576
7468
7649
7752
7514
7885
7814
7744
7724
7900
7619
7731
7662
9263
7820
7761
7662
7619
7619
7664
7438
7832
8443
7857
7990
7757
7824
7521
9062
10022
9666
8180
8050
8245
7396
7917
7546
7529
7836
7739
7636
8670
7714
7649
7842
7681
7706
7588
7529
7684
7511
7609
7523
7644
7832
7837
7473
7518
7518
7612
7549
7746
7796
7441
7909
7825
7547
7641
7915
7777
7717
7281
7614
7794
7454
7672
7809
7819
7884
7704
7514
7535
7538
7554
7719
7790
7744
7737
7726
7561
7952
7559
7699
7551
7714
7524
7509
7782
7571
7696
7944
7822
7531
7611
7859
8040
7603
7993
8361
7877
7739
7804
7594
7792
7704
7654
7431
7958
7519
7554
7654
7679
7674
7642
7794
7669
7955
7915
7616
8118
7852
7912
7451
7674
7598
7619
7328
7649
7591
7461
7644
7384
7636
7554
7809
12944
8386
7729
8230
7774
7779
7992
7882
7912
7684
8005
8153
8278
7804
8408
8138
7719
7980
8253
7944
7762
7911
8135
7945
8145
8123
8576
8068
7912
7970
7862
7912
7949
7985
7980
8015
7970
7922
7830
8072
8065
8311
8243
7925
8506
8243
8360
7902
7979
8000
8015
8068
8571
8042
8135
8105
8077
7910
8060
8238
8073
8363
8260
8428
9343
8569
8323
8185
8208
8464
8384
8127
8599
7706
8037
8211
7800
7712
7767
7616
7830
7968
7790
7656
7639
8093
7864
7476
7476
7619
8017
7561
7576
7696
7805
8002
7945
7569
7707
8075
7962
7767
7771
7619
7542
7616
7461
7391
7726
7954
8045
7892
7561
7830
7905
7841
7774
7844
7541
7752
7789
8080
7594
7599
7925
23260
7752
7679
7682
7963
7887
7647
7634
8100
7770
7521
7666
8116
7674
7503
7917
7809
8456
8105
7948
7776
7857
7927
7408
7760
8160
7784
7749
8271
7907
7844
7949
7834
7577
8210
7736
7677
7950
7656
7704
7967
7962
7629
7837
7914
7812
7980
7761
7704
7945
7589
7939
7774
8007
7669
7751
7859
7547
7824
7865
7809
7451
8010
8045
7671
8052
7975
8002
7794
7842
7897
7995
7704
8020
7953
7757
7997
7980
8033
8193
8378
7952
7787
7924
7762
8113
8077965
8433
8324
8240
8509
7993
8038
8192
7987
8128
7899
8561
10644
10766
8850
8596
8390
8127
7608
7557
8223
7924
8115
7659
7760
10689
7969
7569
7622
7584
7852
8053
7649
7641
7819
7815
7491
7506
7727
7499
7481
7867
7255
7552
7862
7606
7691
7697
7711
7573
7782
7786
8035
7842
7380
7511
7914
7634
8032
7742
7571
7789
7563
7578
7586
8697
7850
7506
7589
7719
7832
7603
7551
7849
7840
7779
7774
7749
7712
7769
7531
7965
7596
7441
7928
7712
7574
7817
7719
7934
7995
8048
7860
7987
7411
7594
7483
7779
7584
7754
7662
7453
7804
7691
7787
7709
7629
7681
7506
7436
7669
7472
7769
7952
7681
7842
7756
7626
7744
7722
7571
7647
7710
7587
7644
7694
7724
7687
7461
7381
7569
7468
7338
7633
11443
9916
8987
9085
8857
7999
7985
8280
7879
7902
7787
7980
7819
7945
7865
7801
8140
8012
8270
7935
7739
7673
7942
7874
7787
7959
7999
7692
8080
7994
7810
7827
8293
7807
8013
7556
8105
8181
8014
7719
8092
8298
7945
8060
8007
7925
7721
8191
8271
8573
8113
8286
8192
8295
7844
8296
7922
8203
8019
8486
7746
8268
7934
13158
8351
8198
8122
8406
8063
8060
8057
8177
7847
8090
8043
7885
8857
8103
8491
8032
8300
7674
7694
8260
8050
7564
7651
8020
7837
7789
7606
7669
7649
7476
7771
7852
7694
9000
7925
7719
7766
8153
8574
7724
8062
7929
7989
7611
7360
7318
7333
7514
7315
7373
7496
8065
7819
7548
7498
7717
7631
7444
7632
7674
7410
7604
7554
7887
7534
7465
7862
7563
7368
7245
7411
7583
7839
7995
7707
7439
7993
8449
7767
7890
7927
7805
8434
7572
7837
7762
7848
8040
7841
7895
7907
7777
7970
7867
7654
7789
7755
7747
7569
7719
7576
7687
8027
8012
7889
7802
7709
7806
7810
7686
7825
7777
7967
7877
7604
7917
7922
7799
7338
7875
7674
7679
7799
7777
8313
8288
7556
7674
8208
30186
7993
8303
7779
7574
7940
7975
7800
8048
7519
8017
7531
7962
7957
7644
7486
7827
7619
8023
8147
7727
7629
8050
7587
7667
7531
7551
7960
7534
8060
8338
8391
8483
8150
8013
7478
7491
7815
7851
7842
8166
7739
7451
7649
8055
7511
7714
7499
36327
9529
8368
7977
7622
8058
7880
7671
7774
8877
8193
12739
9197
8666
9866
9218
9323
8697
8536
8731
8301
12110
10014
8456
9310
9648
9641
9366
12561
9614
9493
10251
9495
8166
12413
8609
8409
8518
8667
8561
8451
8704
8398
8441
8967
8140
7664
8193
8088
8501
8206
7729
8117
8523
8651
11621
8739
8213
7959
8786
8426
8443
8291
8712
9236
8350
8519
8283
8323
8671
8253
8439
7994
8298
8090
8361
8381
8235
8155
8077
8815
8361
8373
8421
8370
8631
7313
7321
8354
8182
8025
7483
8178
8496
8123
7736
8090
8316
8195
8133
8636
7601
7649
7834
7816
7597
7694
7742
7857
7702
8017
8293
7759
8055
7559
8623
8418
8411
7667
7915
8208
8867
8571
8887
8516
8338
8766
8624
8677
9148
9185
9045
8914
8654
10027
9468
9125
9779
8561
8230
8005
7659
7438
7386
7674
7484
7579
7539
7661
7647
7449
7453
7985
7704
7619
7755
7827
7955
7731
7744
7671
7721
7779
8057
7428
7721
7611
7842
7980
7516
7854
7484
7722
7619
7629
7774
7742
7825
7542
8085
10456
9874
8491
10160
9947
10027
9611
9276
9767
10000
9586
9049
10243
10243
9351
10711
10604
10267
9476
10241
10074
10501
9127
10226
9594
10135
9917
10220
10338
9822
10736
9754
8769
9579
9359
8929
10973
9917
11361
10358
9130
9544
9889
9751
9235
9250
10514
10709
10108
9108
7954
8428
8339
7606
8037
8087
7787
8062
7959
8353
8338
7990
8278
8053
8125
8070
7777
8093
8032
7854
8042
7772
8218
9333
8233
7967
7980
8082
8074660
10243
8707
9138
8904
9717
8902
8529
8663
8300
8814
8516
8794
8915
8554
8596
8300
31937
9270
8253
8787
8536
8867
8120
8781
67396
8353
8120
8666
8150
7804
7631
7759
7644
8165
7912
7591
7616
7810
8032
7754
8033
7882
7841
8368
7850
8088
7859
7844
8023
7794
8331
7586
7722
7619
7882
8141
7514
7867
7871
7842
7699
7820
7604
7890
8077
8153
7601
7754
7804
7885
7593
7990
7764
8315
7797
8576
7526
8133
8005
7800
7844
7664
7754
8311
8258
8271
7987
8358
8836
7940
9280
8351
8080
8105
7975
7792
7850
8160
8098
8283
7862
8072
8376
8330
7967
7949
8293
8156
8278
8233
8018
7892
8060
7933
8270
8190
8196
8491
7984
8207
8351
8148
8446
8145
7948
7932
8055
8060
8363
8045
8325
8007
8694
8960
8203
8045
8301
8715
8461
8626
8140
8190
8082
7962
8564
8202
8065
8478
8192
8117
8652
8050
8226
8140
8333
8388
8593
7860
8077
9962259
10328
9115
9862
8974
8614
8847
8736
9110
9192
9073
8483
8464
8511
8730
8213
8721
8564
8579
8864
9095
8403
8516
8692
8562
8917
8583
8867
8295
8867
8128
8183
8661
8794
8667
8784
8478
9904
8624
8852
8531
8536
8297
8596
8604
8804
8523
8880
8629
8378
8792
8920
9028
8198
8603
8719
8569
9481
9113
8662
9030
8471
8797
8624
8546
9385
8812
8476
8777
8832
8346
9213
8617
8682
8827
8436
8989
8759
8899
8805
8546
8388
9073
8408
8571
8917
8742
8616
8721
8892
8524
9066
9002
9629
9463
9147
8566
8456
9060
9211
8907
8807
8804
8882
8277
9187
8589
8604
8867
8641
8521
8739
8739
8844
8594
8320
9185
9310
8403
8608
8434
8063
8308
8271
8596
9226
8704
8321
9178
9453
8694
8604
8266
8536
8621
8661
8917
8905
8593
8521
8444
8639
8217
8677
8313
8929
8573
8082
9230
8761
8343
9150
8681
8589
8890
8433
8503
8616
8686
8744
8917
8684
8521
8752
8513
8446
8874
9403
9063
8692
8676
8619
8944
9568
9155
8598
8441
9173
8742
9050
8912
8779
8536
8609
8603
8421
8586
8767
8413
8668
8521
8413
8870
8907
8877
8669
8920
8416
9223
8596
8486
8589
8797
8353
8195
8669
8624
8491
8859
8561
8993
8859
8827
8245
8825
8602
8804
8486
8902
8583
9037
9358
8589
9055
8997
9055
8469
8762
8636
9261
9646
9749
8895
9772
9060
9328
9303
9053
9122
9383
9331
9009
9607
9167
9697
9142
8573
9361
8899
8817
9589
8977
8503
8471
8142
8419
8438
8451
9150
9007
8819
8947
8544
8622
8673
8624
8448
8902
9373
8900
8694
9085
8616
8604
9173
8972
9090
8950
8604
8820
8609
8840
8602
8806
9072
9343
9029
8970
9654
8398
9117
9373
8654
31622
9042
8714
8919
9173
9010
8995
8727
8849
8319
9313
8952
8656
8664
9215
8789
9053
8739
9035
8536
8463
8697
8203
8634
8398
8857
8837
9078
8481
8930
8468
8694
8993
9063
9093
8641
9333
8942
8729
8907
9003
9077
8366
8607
8784
8781
8824
8820
8938
8677
9027
8692
8975
9329
8907
9231
8857
8984
9062
8749
8559
7363
7035
7784
7682
7795
7649
11283
8313
8396
8187
8040
8548
8020
8140
8413
8185
7784
8561
8436
8433
8153
8589
8406
9106
8303
8939
8484
8516
8619
8065
8331
9043
8195
8561
8291
8659
8358
8877
8461
8240
8273
8118
8148
8383
8275
8210
8308
8284
8253
8681
8338
8348
8408
8503
9669
8661
7907
8115
7875
8839
8020
8180
8193
8208
7877
7689
8043
24648
8413
8270
7607
8058
8319
8268
8283
7882
7922
7964
7667
7785
7709
7727
7669
7453
7829
8153
7780
8193
7654
7825
7997
8014
7918
8070
8055
8045
7656
7925
7977
8253
7844
8127
8000
8253
8245
7912
7874
7897
7872
8013
8048
7857
7737
7734
7644
7952
7721
7980
7784
8529
8233
7945
8043
7839
7777
7847
8010
7781
7752
7867
7727
8398
7889
7812
7920
7456
7937
8070
7715
7962
7897
8108
7982
8238
7937
7940
7719
7797
7874
7827
7988
7804
8080
7894
8017
7960
7879
8062
7905
7834
8037
7924
8015
7917
7824
8097
8196
8002
8296
7885
7895
7779
7830
7944
8188
7734
7734
8172
7974
8018
8343
7963
8210
7819
8080
7939
8253
7995
8032
7706
7924
7714
7855
7894
7917
7729
7942
7746
7772
8291
7895
7892
7491
7586
7701
7396
7866
7897
8185
7669
8243
7799
7649
8766
8198
8506
8248
8313
8218
8221
7995
8110
8411
8350
8403
8142
8414
8419
8198
8393
8345
8657
8592
8153
8241
7962
7701
8328
8060
8227
7954
8516
8937
8303
8503
8664
8230
9048
8792
8581
8145
8511
7975
8140
8358
8468
8220
8266
7166
8043
8463
34862
8295
8404
7904
8325
8250
8814
8464
8376
8212
8193
8345
8547
8223
8321
8974
8278
8110
8486
8707
8391
8037
8456
7972
8082
8142
7955
8348
8376
9060
8143
8253
8305
8759
8276
7926
7855
8165
8501
8587
7461
8320
8197
8192
8443
8464
8245
7767
8303
7842
8155
8621
7947
8757
8503
8489
8508
8361
8275
8832
8320
8345
8267
8213
8651
8122
7987
8549
9428
8252
8156
8375
7817
8300
7824
7732
9180
8431
8353
8925
8243
8709
8732
8150
8384
7599
7885
7829
7631
7739
7809
7889
8210
8187
8253
8256
8396
8323
8012
8042
7800
8178
8338
9080
8338
8436
8445
8188
8102
8711
8190
8192
8456
7997
8100
8288
8830
8008
8125
8761
8418
8328
8907
7885
8110
7939
7844
8035
7970
7609
8137
7866
7596
7997
8406
7792
8351
8494
8366
8246
8020
8547
7751
8088
8346
8167
8095
8488
8000
7796
8393
8406
8037
8210
8115
7794
8368
8128
8449
8255
8135
8002
8925
8067
8218
8200
8113
8406
8521
7706
7940
8501
8717
8353
8303
8263
8414
8428
8405
8561
8622
8519
8489
8350
9025
8589
8827
8716
8618
8426
8335
8831
8879
8786
8567
8474
8864
8546
8689
8985
9576
8524
9305
8749
8445
9406
8621
9043
8872
8734
8751
8463
7732
8426
8699
8639
8421
8478
8125
8659
8704
8403
8677
9040
8263
7709
8714
8378
8014
8281
8085
8093
8245
8080
8413
7947
8083
8105
8120
8243
8312
8243
8216
8406
8511
8684
8280
8536
8140
8458
8579
8651
8351
8797
8406
8088
8278
8914
8503
8235
8250
8216
8328
8152
7847
8253
8361
8223
8381
8677
8225
8080
8180
8198
8145
8406
8434
8366
7948
8270
7995
8153
8145
8107
8182
8218
8035
8489
8305
8324
8250
8325
8253
8441
7935
8215
8338
8268
8077
8005
7867
8162
8057
8093
8225
8320
8007
8145
8180
8203
8208
8265
8151
8136
7764
8078
7845
8153
8261
8078
29087
7985
7914
8284
7922
7807
7762
8316
8070
7618
7696
7561
8038
8040
8897
7659
7706
8030
7945
8368
8078
8223
8260
8328
8363
8276
8050
8075
8215
8461
8616
8075
7912
8378
8120
8153
8007
8463
12744
13161
12358
29625
9107
8870
9862
9958
9919
9975
9604
8546
10679
9734
9855
9473
8959
9631
9102
9353
7481
7940
8042
7960
8075
8105
7922
8248
8127
8296
8005
7920
8035
8330
8015
8197
8180
8383
8087
8424
8391
8273
8396
8414
7960
8150
8316
8333
8877
8414
8534
8040
8498
8162
8741
8253
7791
8742
8606
8576
8386
8775
8032
8255
8243
9127
8155
8366
8004
8859
8275
8942
8514
8418
8899
8418
8107
8183
8358
8231
9448
8366
8587
8165
7707
7836
7907
8291
8221
8022
8298
8368
8781
7990
8020
8346
8283
7852
7887
8123
8212
8371
8156
8586
7840
8295
8090
7945
7932
8032
7882
8441
7855
7824
8476
8523
8912
8345
8248
8020
8634
8444
8213
8496
8982
8346
7927
8396
8053
8161
7521
7682
7564
7702
7581
7474
9278
9306
9198
12927
10566
8811
10558
9855
9949
10130
9887
8636
8727
7978
8573
8506
8103
8355
8465
7841
8574
8524
8128
8294
8787
8414
8018
8759
8320
8138
8486
8235
8202
8356
8210
8316
8045
7902
8541
8108
7827
8552
8301
8148
8408
8195
8263
8441
8694
8696
8729
8250
8676
8779
8270
8604
8699
8654
8316
8634
8140
8113
8587
8749
8588
8247
8607
8225
8616
8404
8686
8379
8305
8689
8318
8083
8027
8151
8416
8441
8248
8284
8614
8120
8097
8070
8419
8265
8162
8125
8093
8363
8534
7972
8195
8078
7897
8266
8561
8248
8562
8175
8243
7842
7902
8215
8218
8024
8396
8792
8278
8551
7869
8350
7899
8057
8049
8125
8093
7735
7942
8035
8118
8496
8153
7446
8113
8075
8230
8150
7967
9458
8208
8118
8746
8571
8226
8373
8195
8192
34310
9331
9130
9059
8516
9010
8147
8651
8987
79161
8837
7988
8538
8403
8626
8248
8794
8501
8657
8270
8000
8714
8331
8662
8400
8371
8153
8032
8080
8461
8218
8358
8456
8900
8203
8200
8797
8398
8434
8373
8663
8724
8200
8331
7987
8353
8250
8040
8526
8206
8265
8732
8161
8566
8388
8090
8541
8107
8358
8233
8767
8146
8022
8651
8093
8450
8203
8430
8385
8446
8354
8378
8290
8506
8188
8414
8150
8491
7654
8035
7742
7920
8288
8215
7902
8105
7792
7714
8110
8258
7965
8323
8009
8150
7391
8010
8007
8082
8489
8072
8222
8077
8115
8423
8508
8165
8463
8288
8085
8371
8207
8554
8551
7924
8027
8544
7975
7882
8338
8185
8175
8398
8203
8197
7920
8290
7988
8163
8057
8265
8394
8667
8416
8273
8571
8117
8295
8428
8541
8145
8431
8481
8341
8536
8394
7985
8293
8048
8130
8546
8278
8468
8350
8508
8451
8346
8613
8150
8446
8208
8561
7977
8459
8143
8295
8449
8346
8022
8283
8248
8037
8343
8158
7970
7770
7972
8296
8258
9318
8062
8325
8228
8105
8168
8063
8383
8418
8568
8200
8103
8355
8048
8784
8205
8318
8227
8060
8243
8416
8328
8451
8165
8248
8391
7968
8318
8308
8446
8411
8549
8275
8157
8539
8446
8451
8095
8303
8295
8313
8130
8163
8266
8478
8345
8261
8453
8226
8140
8057
8483
8396
7965
8403
8253
8476
8205
8193
8368
8358
7889
8428
8248
8621
8296
8231
8050
8316
8102
8000
8244
7950
8286
8451
7942
8324
8391
8328
8416
8599
8564
8506
8481
8053
8368
8388
8331
8258
8087
8153
8328
8679
8581
8353
8067
8223
9581
8468
7982
8333
8348
7968
8245
8503
21301
8611
7957
8411
8388
8075
8388
8306
7970
8090
7902
8293
8218
8100
8233
8589
8205
8333
8160
8263
8285
7794
8306
7809
7761
8453
8085
30451
8033
8318
8419
8110
8005
8288
8207
8178
8534
7925
7967
8105
7827
8258
8416
8243
8045
8816
8158
8456
8313
8290
8376
8232
8479
8009
8434
7927
8626
8158
8022
8000
8283
8709
8466
8178
8037
8702
8343
8436
8370
8368
8090
8344
8215
8283
8373
8080
8303
8521
8218
8278
8220
8273
8246
8228
8777
8464
8281
8160
8178
8067
8336
8212
8253
8208
8260
8471
8188
7666
7175
7654
8248
8401
7789
8278
8125
7970
7892
7980
7849
8152
7869
7979
8271
7965
8792
8807
8420
8293
8644
8511
8419
8416
8624
8356
8369
8336
8611
7965
7945
7722
8499
8213
8281
7757
8614
8200
8326
8278
7924
8416
8584
8639
8252
8333
8098
8258
8278
8416
8498
8238
8371
8323
8007
8018
8321
8200
8132
8328
8396
8463
8481
8225
8303
8286
8985
8418
7746
8326
8145
8526
8479
8218
8356
8123
8604
8287
8929
8198
8035
8343
8177
8108
8469
8496
8345
8406
8185
8228
8587
8113
7982
8191
8361
8629
8273
8383
8376
8566
8420
8648
8785
7491
8007
8283
Duration mean is 17212.987239758226
Duration variance is 5.124381350343502E7
