101821
12396
9093
9130
8192
7190
7571
7298
7233
7268
7153
8340
7581
7223
7478
7188
7528
8356
7639
7345
7436
7889
7606
7416
7466
7273
8020
7995
7564
7862
7368
7771
7957
7419
7616
7684
36087
7459
7744
8799
7624
7577
7408
7666
10115
7162
8130
9265
9772
9652
9411
9683
10611
9253
9390
9078
10170
9318
8983
10017
9639
9892
10057
8689
9624
9105
10283
9286
9659
9727
9802
9311
10198
9398
8957
9263
9211
9744
9218
9351
9441
9671
10017
10381
7784
9573
9098
9847
9942
11436
10140
9816
10102
9398
10850
9313
10272
8075
7739
8233
7696
7721
7395
7431
7641
7304
7618
7990
7711
7777
7631
7822
7526
7714
7634
7826
7739
7887
7666
7934
7846
7691
7671
7779
7479
7757
7583
7943
7835
7712
7694
7719
7791
7717
8865
8385
7807
8353
9742
10328
8566
10240
10153
10170
8724
8621
8101
8005
7489
7795
7571
8245
7719
7859
10283
7885
7459
7478
7563
7569
7622
7481
7464
7548
7700
7400
7709
7581
7857
7944
7534
7749
7626
7682
7626
7682
7654
7654
7881
7787
7694
7806
8038
7656
7782
7747
7892
7536
7835
7401
7458
7519
7518
7519
8053
7494
7865
7767
7792
7559
7869
8702
7982
8283
8042
7985
7947
8000
7806
7511
7736
7538
7709
7664
7602
7847
7772
7922
7719
7862
7972
8115
8165
8120
7799
7782
7563
8909
7629
7614
7747
7446
7870
7567
7363
7897
7967
7948
7820
7987
7714
8225
7674
7767
7689
31750
8736
7887
7631
7910
7528
7564
7589
7662
7734
7554
11073
9401
9436
9493
9290
8639
8032
8343
8130
7631
8029
8000
8080
8030
7947
8025
8519
8253
8113
8155
8428
8108
8175
7872
7955
8233
7870
7972
7937
8446
8079
8218
7802
7882
8010
8092
8466
8296
8200
8195
8015
8110
8117
8060
8291
8325
8947
8656
8476
8785
8030
8423
8010
8373
7949
8098
7907
7960
8168
8263
8313
8280
8233
8864
8579
8328
8769
8260
8904
8208
8220
8263
8158
8737
7777
8381
8263
8804
8837
7910
8103
8493
8073
7762
7967
7937
7852
8190
7892
10039
7990
7158
7454
7161
6837
7062
7283
9664
10310
9887
10513
10501
9684
9541
10338
9845
9434
27721
10270
9819
8935
9661
9556
9461
8486
9210
9500
8919
9771
8606
13619
8965
7674
7413
7313
7125
7256
7261
7345
7451
7481
7336
7631
7181
7374
7426
7276
7802
7751
7714
7812
7504
8118
7950
7875
7922
7762
7712
7849
7849
7619
7902
8579
10004
12265
8095
8067
9062
7671
7669
7474
7706
7551
7601
7714
7702
7629
7436
7497
7711
7867
8398
7694
7596
7862
7396
7478
7666
7692
7489
8012
7375
7734
7679
7556
7652
7764
7526
7609
7819
7442
7621
7819
7759
7470
7722
7469
8278
7601
7623
7576
7689
7496
7486
7221
7616
7811
7980
7564
7614
7341
7461
7587
7634
8087
7952
8253
8276
7699
8072
7927
8052
8235
7872
8205
7993
8060
8298
8960
8343
8519
7948
8496
8188
8008
7997
7965
8594
8132
8672
8183
7932
8150
8167
8241
8110
8942
8092
7918
7895
10235
7856
7897
7719
7699
7497
8063
7917
7811
7777
7651
7478
7576
7724
7626
7509
7724
7704
7676
7506
7429
7602
7962
8039
7978
7366
7872
7895
7591
7769
7772
7594
7553
7351
7692
8050
7897
7847
7747
7787
7704
7867
8045
7816
7968
7940
8110
7819
7854
8037
7609
7914
8062
7930
8534
7724
7935
7997
9010
8476
7684
7562
7794
7999
7930
7882
7830
7706
7697
7879
7543
7608
7707
7676
7669
7403
8085
8318
8048
7835
7852
7809
7632
7609
7613
7679
7782
7554
8611
7722
7822
7834
7724
7474
7827
7626
8145
8042
7787
7388
8744
8598
8541
8053
8235
9368
8195
7920
7992
7734
7408
8110
8112
8223
7857
7982
8100
8312
8428
9045
8795
7622
8005
8140
8651
8531
8496
8824
8471
8476
8727
8325
8534
8426
8388
8060
8369
8699
9541
8544
7837
7223
7251
7308
7526
7534
7285
7582
8469
7854
7676
7371
7478
7543
7542
7864
7541
7792
7611
7639
7551
7569
7810
7418
8574
9163
12391
11433
10090
10519
9571
8754
9870
10088
10007
9754
9544
9897
8678
9431
9449
9238
10273
9167
9037
10007
10213
9424
8787
10647
8000
7907
7621
8100
8138
7774
7902
8118
7964
7649
7558
7647
7611
7601
7812
7749
7779
7348
7506
7969
7740
7722
8363
9594
8278
7952
7667
7982
7759
10807
7531
8033
7756
7752
7559
7977
7802
7589
7674
7651
7692
7925
7664
7699
8977
8032
7383
7576
8015
7752
7536
7644
7614
7478
7820
7649
7425
7789
7726
7756
7539
7549
7534
7466
7686
7468
7706
7717
7494
7729
7476
7659
7702
7614
7514
7361
7757
7584
7569
7714
7557
7400
7792
7539
7684
7761
7308
7338
7446
7704
8304
8311
7716
7774
7817
7867
7987
7860
7985
7712
7814
7711
7940
7706
7571
8080
7975
7990
8005
8137
7795
7790
7900
7667
8108
7964
8411
7969
7962
7774
7947
7862
8120
8196
8030
7990
7361
7837
30676
9469
8288
8366
8571
7879
7985
7794
8689
8020
7832
8005
8533
8004
7869
7837
7952
8208
8193
7935
8188
8126
8181
8275
7742
8020
7814
7746
7745
8191
8275
8290
7765
8231
8098
7988
8273
8163
7842
7874
8348
7952
8072
8137
8208
8453
8528
8220
8100
7865
7667
7807
8771
8218
7950
7880
7874
8541
8070
7892
7950
7857
7894
7894
7958
7902
8241
8326
8368
7974
8110
8638
8344
8017
8246
7839
8206
8190
7932
8253
8216
7902
7770
8098
7990
8180
8413
8436
8439
8702
8376
8012
7694
7806
8115
7987
8445
8419
8220
8276
8208
7809
7955
8436
8393
8268
8942
8092
8371
8253
8173
8899
8542
7689
7647
7719
7722
7546
7631
7731
8140
7744
7805
7757
7564
7789
7967
7699
7639
7993
7987
7654
8008
7709
7850
8894
10749
10988
10388
9438
8982
9518
9642
9557
9365
8621
8987
10080
9526
9964
10716
11618
9256
8749
8408
8343
8311
8503
7907
7882
7689
8137
8045
7835
7942
7955
8150
7950
7947
8125
9917
29581
8027
7636
7591
7539
7414
7734
7516
7411
7602
7348
8158
7529
7393
7676
7556
7661
7812
7749
7609
7687
7666
7568
7904
8088
8691
8085
7812
7596
7990
8118
8195
7506
8133
7669
7656
7752
7865
7588
7614
7288
7571
8015
7919
7737
7922
7825
7689
7827
7429
7861
7358
7641
8130
7819
7835
7925
7776
8364
7692
7712
8040
8007
8130
7762
7787
7598
7742
8133
8258
8098
7930
7930
8133
8356
8509
7576
7967
8183
7884
7990
7970
8170
7988
7922
7922
9624
8653
8073
8080
8112
7908
7706
7699
7902
8123
7700
8155
8120
8318
8123
7875
8399
8338
22778
8423
7953
7741
7952
8007
7604
7985
47565
8511
8128
9178
7899
8403
8905
8551
8193
8142
8929
8120
8090
8474
8338
8384
7762
8080
8152
8215
8080
8178
8258
8137
8506
8210
8015
8333
7914
8494
8448
8128
7918
7957
8745
8000
8137
8085
8330
8459
8009
8474
8870
8910
8754
8930
7893
7842
7832
8243
8270
8283
8454
8272
7877
7900
8117
8040
8075
7927
7504
7814
8446
8618
8408
8664
8148
7928
8123
7900
7877
8396
8997
8356
11406
11037
10065
10098
9636
9123
10191
8927
8656
8764
7972
11919
10439
11433
10268
8899
9985
11115
10716
10345
9549
9295
10180
10017
12160
9438
9195
8839
8852
8561
8759
8496
9338
9053
8982
7707
8444
8612
8190
8020
8536
8421
8579
12177
8769
7814
8443
8943
8498
8262
8592
8291
8609
8128
8473
8233
10148
8373
8391
8281
8812
7972
8235
8612
8644
8977
8185
8656
8686
8791
8694
8418
8383
8724
7401
7734
8105
8413
7997
7877
8266
8536
8325
7972
8459
8210
8115
8617
7594
7389
7345
7436
7481
7587
7385
8804
7170
7789
7917
7699
7606
7682
7835
8058
8637
8539
7494
7857
8007
8481
8439
8804
9303
8772
8483
8536
9062
8799
8772
9113
8837
8398
9687
9423
8268
9448
7774
7559
34929
7872
7531
7456
7478
7604
8138
7772
7461
7820
7875
7879
7960
7811
8000
7810
8000
7944
7601
7752
7934
7922
8050
8018
7820
7864
7927
7682
8178
7746
7952
7997
7546
7474
7920
7854
7775
7930
10292
8118
9461
8649
9934
10784
10391
10411
9486
9795
10626
9947
10468
9411
10251
10015
10057
9776
10003
10298
9394
10468
9506
10436
9381
10245
10385
8077
10753
10266
10102
9318
7875
10617
10855
10832
10253
9586
11537
10429
9729
8967
10731
10105
10366
9786
10441
10411
9852
10393
8436
10333
9856
9599
9042
7962
8305
8017
7684
7626
7614
7794
7481
7651
7461
8143
7809
7679
8087
7747
8421
7716
7676
8080
7839
7950
7959
7824
8018
8118
7987
8090
8027
8005
8037
8010
7849
7953
7975
7849
7589
7887
7709
9907
10684
9303
8486
8225
8193
7749
8128
7415
7920
7716
8085
11220
8090
7875
7852
7754
7591
7892
8108
7634
7994
8040
8260
7877
8147
8326
8083
7830
8030
7705
7632
8175
8030
8176
7734
8083
8060
7825
8263
8205
7812
7829
7872
7681
7824
7932
7769
8028
8103
7992
7882
8253
7789
7860
7764
8122
7794
7835
7742
7980
8181
7988
8276
7957
8157
7861
7764
7877
8010
7922
8291
7940
7950
8085
7734
8258
8123
8308
7874
8010
8057
7761
8190
7830
7830
7964
8065
7884
7819
9088
8137
7839
8083
8241
7854
8193
8331
8002
8170
8088
7903
8200
7837
7885
8038
7684
7862
7957
8032
7924
7995
7551
7904
7724
7995
7889
7805
12578
12709
8436
8268
8035
8151
8112
8429
8436
8120
8037
7897
8298
8306
8278
8070
8439
8205
8574
9276
8343
8103
8518
8275
8576
8629
8927
8789
8463
8905
8699
8787
8366
8461
8777
8558
8536
8371
8607
8686
8394
8950
8689
8486
9126
8313
9047
8601
8636
8817
8118
9323
8865
8611
8171
9137
8556
8619
10471
8333
8962
8694
8998
8521
8138
40338
7599
7411
7451
7341
7609
7273
7200
7275
7271
7920
8077
7882
11235
7779
8057
7993
7246
7576
7754
7318
7526
7694
7584
7686
7714
8754
8042
8028
8135
8383
8032
8062
7706
7972
8120
8185
8060
7888
8058
25265
8070
8020
8035
7839
7997
7957
7579
8185
7809
7754
7889
7627
8040
7807
7995
7754
8175
7849
8097
7727
7599
8950
7847
7677
7509
7814
8048
8265
7780
7674
7596
7528
7519
7965
7944
11573
8423
8223
8103
8251
7756
8203
8047
8200
8178
8128
8328
8521
7849
8050
8349
8293
8195
8757
8536
7933
8150
8028
8085
8611
8503
8310
8619
8218
8191
8105
8375
8609
8311
8278
7930
8092
8037
8328
7842
7809
8724
8396
8289
7807
7945
8082
8065
8075
8010
7933
7834
8531
7845
7957
7979
7954
7982
8262
7930
8085
8140
7862
7692
8115
7654
7634
7889
8371
8626
7589
8015
7880
7937
8271
8245
7977
7862
7993
8188
8278
7955
7799
8032
7963
8644
8423
8240
8067
8223
8090
9040
7954
7934
7887
8197
8105
7867
8023
7869
7865
8132
7987
7834
7872
8476
7877
8198
7877
7877
7809
8055
8744
7917
7707
7947
8018
7860
8240
7679
7772
8123
7671
7969
7814
8070
7689
7666
7681
8008
8657
8426
8411
7491
8258
8431
7764
8035
8044
7854
8562
8078
8100
8576
9014
7987
8383
8120
8336
7967
8215
7762
9058
9123
8694
8030
9208
9258
8235
8979
9195
8564
8416
8832
8912
8173
8895
8997
8208
8130
10027
11052
9050
9099
7714
7506
7662
7283
7754
7574
7443
7659
7611
7992
7885
9636
8632
7967
9013
9671
8546
7722
8676
8895
8073
8386
8200
8130
8106
8573
7789
8436
8604
8536
8777
7987
8191
8591
8396
9045
8401
8416
8684
8258
8335
9003
8335
8950
8431
8503
8419
8839
8358
8997
8742
9351
8785
8826
8591
8426
8970
8321
8749
8578
8162
8624
8709
8439
8463
8261
8802
8624
8654
8521
8639
8498
8711
30022
9268
9208
8624
8551
8471
8822
8884
8882
8771
8880
8177
8401
9493
8897
8724
8604
8213
8686
8272
8734
8629
8802
9050
8944
8759
8318
8872
8053
7902
7742
8208
7741
7934
7957
7744
7866
8205
7787
7982
7844
8180
8162
7804
7777
8195
7774
7904
7885
7854
8092
8286
7940
8190
8458
7912
8125
8370
8196
8047
8216
8243
8059
8461
8353
8165
7691
7880
7874
8132
12029
9977
9105
8000
8168
7992
8163
7839
7950
7915
8787
7972
8112
8022
7834
8017
7461
8283
7799
8255
8040
8182
7797
7737
7965
8052
7699
7957
8303
8097
8464
7910
8393
7939
7481
8148
7952
7711
7606
7791
7649
7925
7882
7744
7847
8060
8150
8003
7726
7840
8152
7631
7959
7764
7569
7934
7952
7679
8040
7957
7699
8226
7609
7802
8070
8278
7933
7851
7893
8068
7794
7787
7825
7942
7837
8817
12423
9223
12042
9549
8308
8639
8386
8717
8165
8521
9346
8604
8673
8719
7874
8351
13197
9787
8796
9433
9438
9746
8827
8426
8358
8431
8629
8934
9245
8875
9017
8554
8644
8466
8947
8559
8684
8852
8456
8987
8436
8623
8283
8251
8794
8957
8541
9150
8842
8313
8721
8964
8915
8647
8266
8438
8754
9180
8624
8967
8566
8804
8654
9301
8456
8680
9148
9243
8892
8861
8902
8862
8972
8855
8616
8373
8681
8716
9055
9122
8140
9293
8566
8915
9363
8466
8228
8872
8499
8875
8895
8972
8551
8800
8363
8797
8644
8734
8511
9038
9063
9088
8799
8539
9140
9368
8707
8822
9062
9291
8935
8584
8591
8814
9240
8800
8920
8652
8538
8549
8944
8168
8723
9295
9000
8952
25891
9135
9225
8862
8629
8877
8711
8990
8992
8927
8414
8674
8579
8494
8644
8664
8914
8577
9205
8529
9055
8985
8451
8529
8657
8569
9043
8458
9145
8825
8792
9015
8764
9003
8729
8759
8666
9101
33387
8024
8047
7769
7411
7511
7448
7894
7751
7656
8346
7792
8233
7937
7905
8260
8344
8288
8197
7684
8562
7421
7559
7722
7486
7847
7877
7854
7864
7609
8113
7573
7659
7679
7587
7914
7518
7637
7746
8661
7852
7912
7794
7962
7950
7363
7857
8017
7792
7802
8198
8346
7932
8146
8150
7980
8170
7897
7756
7734
7784
7973
8013
7942
7611
7706
7576
7950
7782
8421
8127
7994
8007
7757
7731
7842
8318
7747
7929
8185
7984
8055
7905
8097
8085
8033
7902
7591
7908
7925
7880
7831
8925
8075
8193
8241
8483
8481
7982
8281
8218
8375
7910
8236
7852
8155
8508
8040
8320
8288
8293
8185
8879
8546
8197
8972
8080
8082
7945
7819
8165
8140
7987
7839
7977
8085
8193
7847
8466
8306
8037
8045
8285
7729
8420
8100
8291
7904
7533
8300
8035
7917
8278
7959
8296
8433
7997
8113
8243
8634
8604
8172
8398
8501
8278
8336
8699
8396
8409
7947
8178
8303
8547
8719
8022
8176
8476
8609
8720
8038
8080
7802
8118
8684
8659
7842
7999
9090
7962
7602
8394
8206
8195
7901
8022
8181
8441
8862
8496
9383
8529
8004
8033
8175
8065
8218
7859
8557
8150
8105
7752
8173
7973
7760
7889
7940
8213
8739
8541
8564
8048
7862
8323
8208
7847
8175
7887
8085
8544
8751
8902
8225
8002
8458
8170
8704
8541
8486
8281
8887
8622
8145
8067
8391
7794
9143
7701
10025
8356
8191
8320
8288
7995
8290
72785
8000
7719
7544
7476
7732
7616
7531
7664
7213
7566
7767
7488
7855
7862
7508
7965
7766
7629
7594
7599
7569
7732
7531
7619
7832
7777
7777
7988
7782
7754
7714
7674
7692
8732
8148
7699
7807
7729
9546
7368
8727
10172
9711
8980
11341
9802
10103
9797
10015
9920
10205
9992
8872
10346
11105
9855
10075
8800
10438
9959
10659
9865
10583
10130
10230
10325
8217
10353
9732
9944
33721
10190
10747
10475
9985
9246
10363
11118
10982
10230
10596
10193
10311
9980
9428
9844
9702
10567
10202
8854
10697
9893
12122
7797
7764
8023
8168
8085
7842
8128
7814
7696
7799
7949
8185
8110
8228
8456
8118
7842
7854
7692
7847
7917
7917
8017
8003
8210
7950
8275
8364
8098
7847
8117
8403
8261
8040
8243
8112
7794
8418
10441
10847
8576
8421
8260
7543
7740
8107
7787
7917
9110
7777
11558
8122
7874
8038
8090
7937
8661
7949
8095
7800
7887
8909
8200
7908
8403
7887
8153
8245
7985
8065
8171
7902
7804
8275
8148
8150
8065
8123
8045
8053
8065
8340
8250
7980
8053
8047
8299
7994
7614
7799
8115
8146
8030
7592
7754
7854
7752
7972
7904
7947
7987
7727
8302
7806
7825
7835
7781
7749
7656
7757
8744
8065
8395
8246
8140
8255
7852
7849
7894
8110
7857
8200
8075
7849
8145
8055
7945
7912
8178
7729
7744
8275
7875
7741
8047
8095
8090
8181
7927
8135
8250
8080
8062
7862
7857
7990
7764
7792
7878
7692
7709
7784
7701
7672
7937
8345
12601
10297
9619
9221
8822
8190
7977
8130
8494
8503
8218
7881
8060
8245
8009
8230
8193
8486
8471
8035
8151
8481
7704
8150
25914
9425
8726
9010
8260
8614
8309
8022
8576
8358
8664
8386
8381
8270
8434
8383
8295
8722
8686
8233
8516
7866
8667
8656
8473
8965
9110
8826
8436
8606
9824
9065
8577
8784
8551
8604
9033
8837
8874
8672
8684
8217
8511
9013
9077
8037
8677
8386
8346
8003
7954
7712
8348
8027
7857
8038
8233
7940
8050
7952
7882
7995
8050
8148
8042
8320
8187
8356
7987
8301
8136
8211
8365
8010
7791
7904
7789
7862
7709
7606
7934
8035
8093
8010
7857
7591
8247
8042
8323
7780
8236
7920
8574
7977
7962
7998
7794
7719
7586
7909
8270
8649
8218
8473
8235
7787
8000
8309
8293
8147
8223
8260
8849
8429
8716
7953
8170
8150
80871
8301
8185
8050
8130
7955
8098
8246
8355
7940
8211
8193
8128
8010
7932
7902
8048
7907
7714
8095
7766
7649
7837
7897
7870
7957
7832
8128
8421
7867
8087
8182
8409
7972
8176
8506
8135
8085
8559
8842
8068
8310
8439
8478
8353
8298
8060
8012
8441
8508
8316
7714
8346
8050
8280
8524
8186
7864
8872
8093
7915
8210
8396
8257
8118
8656
8313
9015
9130
8629
8975
7810
7937
8037
8290
7854
8012
8133
7846
8313
7677
8238
7973
7822
8047
8085
7984
7566
7977
8135
8033
8669
7368
7075
7326
9213
8236
8170
9409
8215
8406
8388
8266
8208
8168
8484
8336
8827
Duration mean is 8478.333333333334
Duration variance is 2.542652185410928E7
