96644
9416
8671
8118
8410
8113
8323
7965
7952
8456
8052
9478
8226
8085
8746
8137
8478
8892
8424
7824
7999
8243
8491
7797
8280
7935
9241
8171
8175
8374
8163
8559
8501
7967
8406
8132
7935
8333
8236
8598
8230
8203
8042
8118
7943
8070
7977
7932
8052
7767
8005
7930
7975
7859
8097
8000
7973
7854
7819
8398
7861
7672
7692
8138
7875
7530
7804
8133
7631
7992
7962
7927
8023
7889
7929
7980
7774
8208
8225
8083
7937
8020
8017
8043
8087
8050
7992
8020
7729
8914
7919
7894
7997
8015
8028
7837
7993
8065
8055
8087
8107
8127
7870
8716
8401
8015
8178
8456
8198
7882
7925
8110
8168
8235
7990
7942
8070
7894
8198
8017
8213
8200
8203
8047
8419
7915
7864
7483
7822
7747
7724
8062
7561
8107
8712
8111
8040
7975
7712
8055
7891
8631
8075
8000
7767
8491
7914
8138
7737
8286
8161
7827
7985
8047
8100
7841
7872
7990
7689
7942
8483
8338
8037
8438
8137
7979
7895
8143
7990
8070
8344
7817
8418
8957
8128
8140
7764
7514
8000
8015
8082
8248
8255
7998
8273
7852
7963
8043
7939
7965
8080
7899
7869
8057
7950
8007
8128
8088
7804
7904
8102
8626
8002
7955
7772
8022
7691
7800
7686
8523
8027
7899
7887
7965
8493
8093
7972
8105
8156
7967
8191
7922
8090
7925
8075
8330
8486
7972
8237
7802
8389
8123
7643
7795
8108
8088
7965
7765
8130
7787
8080
7837
7862
7980
7854
7979
7840
7870
8038
7694
7977
8346
7794
7935
7942
8004
8112
7166913
10103
8673
9065
8150
8093
7606
7232
9167
8148
8005
7850
8711
7751
7947
8110
8488
8013
8025
7586
7706
8009
7732
7463
8113
7642
7594
7508
7546
7934
8200
7781
8118
8366
7741
7769
8023
7967
7679
8087
7769
7954
8037
8157
8053
9486
8155
8819
8278
7912
7912
7857
8207
7764
8180
8125
8198
8095
8424
8088
7815
8261
8278
8138
8080
7947
9759
8080
7972
7752
8178
7975
8123
7988
8195
8100
8130
7867
8043
7974
8127
8148
8008
8376
8168
8065
8200
8653
8245
8121
8266
7792
7922
7844
8168
7839
7924
8033
8180
8065
8133
7734
8054
8080
8160
7943
21343
7772
8058
7997
7717
8090
7745
7837
8278
7965
8085
8794
8055
7995
7940
7697
7989
7947
7880
8175
7932
7646
7980
8080
7922
8075
8546
8072
7872
8052
7765
7711
8145
7867
8127
8004
7965
8227
8113
8183
7707
8168
8383
8113
7887
7889
7815
8143
8296
8137
8002
7932
7892
8035
7918
8534
8426
7677
7694
8010
7744
7937
7952
8027
7882
7792
7714
8057
7782
8120
8137
7954
8198
8093
7892
8027
7544
8008
7709
7790
8000
7601
7815
7965
7844
7669
7679
7947
8343
7894
9100
8225
8343
7839
8105
8090
7979
8147
7662
8100
8165
8097
7943
8045
7940
7987
7875
8365
7940
7856
8388
8065
8135
7776
7962
8213
7995
7839
7669
7826
7814
8000
8133
8376
7815
8253
7799
8349
8088
8368
7900
8238
7927
8152
7967
7970
8280
7874
7639
7997
8303
7847
7905
7764
8221
8117
8271
8012
8180
8180
8193
7859
8062
7982
8201
7980
7974
8095
7789
8082
7789
7644
7907
8088
7792
8223
7801
8107
9221
8072
8042
8000
8175
8107
7974
7148
7365
7218
6938
7052
7338
7711
7503
7709
7521
7283
7276
7884
8012
7879
7621
7341
7842
7484
7772
8102
7631
7617
7819
7519
7546
7419
7481
7785
8140
7890
7656
8223
7952
7459
7414
7185
7471
7101
7298
7130
7538
7180
7188
7375
7138
7293
7155
7135
7200
7205
7245
7336
7200
7202
7085
7122
7176
7042
7273
6922
7133
7318
7086
7203
7087
7097
7323
7115
7240
7196
7325
7191
7213
7207
7333
7296
7042
6905
7325
8604
8020
7909
8378
7581
7677
8258
8238
7571
7613
8160
8138
7707
8180
7644
8463
8065
7687
7949
7957
7786
7982
7892
7977
7967
8268
7978
7456
8218
8255
7664
7932
7935
7965
7679
7905
7920
7892
8005
8243
7576
7571
29618
8609
8210
7521
7714
7418
7326
7551
7471
7877
7551
7912
7601
8346
7832
7762
7694
8145
7546
7809
9135
7617
7824
7641
7651
8804
7692
7784
7832
7827
7711
7749
7288
6932
6905
7285
7406
7466
7379
7404
7145
7386
11218
7975
7948
7995
7654
7822
7840
7564
8147
7669
7691
8044
8050
7594
8105
7978
7871
7912
8057
8032
8085
8112
8103
8197
7980
8070
7957
7982
7862
8033
7852
7809
8526
8534
8253
8053
7729
8015
8391
7704
7601
7504
7742
7980
7706
7684
7827
8155
8060
8015
7777
7814
7806
7997
7767
7902
8170
7964
7832
7849
7769
7777
7870
7897
7825
7865
8140
7847
7962
7647
7879
7967
7754
7664
7574
7536
7789
7684
7691
7922
7712
7927
7957
7877
8040
7571
7651
7835
7779
7882
7684
7709
8002
7897
7669
7744
7848
7814
7935
8080
7832
7782
7832
7935
7614
7669
7689
8052
7983
8028
7661
7809
7982
8005
8171
7583
7882
8069
7662
7899
7463
7586
25471
8190
8244
8093
8243
8020
7989
7830
8050
7696
7880
7664
8235
7754
7772
7972
7749
7777
8097
8196
7847
8113
7935
7634
7323
8221
8211
7937
8233
7857
8541
8167
8488
9869
7975
7960
8822
8601
8118
8316
8348
8608
8378
8546
8381
8130
8514
8025
8534
8874
9682
8082
8125
8636
8603
8288
8438
8443
8236
8498
8110
8607
8303
7994
8379
8153
7794
8197
8205
8162
8135
8757
8516
8250
8168
8438
9252
8408
8782
8556
8178
7789
8922
8057
8491
7474
8286
11874
10634
9591
9641
10077
9433
9754
9245
9814
9621
9175
9471
8374
8260
8067
8220
8080
7995
7666
7784
7694
7867
8065
8265
8035
8032
7835
7692
8218
8138
8125
8150
7992
8083
8761
8198
8348
8366
8672
7919
7999
7993
7777
8002
7977
8278
8298
8210
8298
8235
8147
8195
8035
7930
8343
8333
8376
7967
8411
7944
8379
8316
8117
8302
8215
8293
8108
8373
8393
8341
8017
8018
8531
7949
8102
8177
8408
8083
8074110
10256
8531
8509
8223
8666
8627
8784
9115
8922
8964
9007
8466
8892
8516
8731
8044
8596
8205
8250
8481
7930
7912
7880
7751
8243
8127
8150
8273
7682
8160
9017
7772
7985
7975
7551
7567
7807
7772
7920
8203
7965
8025
7652
8010
8087
7857
7749
7919
7774
7606
7885
7865
8679
8440
7988
8245
7912
7719
8150
8130
7479
7644
7840
7862
8195
8285
8090
8232
8088
7860
8295
7734
7759
7857
8027
7887
8178
7581
7885
7684
7900
7985
8075
7747
7524
8288
7899
8002
8183
8175
8308
8022
8010
8191
7822
8122
7997
8072
7792
7887
7920
7831
7801
7488
7839
8010
7832
8438
8360
25461
7977
7616
7977
8256
7719
8121
7920
60074
8338
7970
8017
8102
8476
8112
7593
8190
7812
8034
8285
7652
8334
7543
7782
7486
7394
7812
7854
7684
8067
8035
8243
8531
7922
8409
7804
7962
7679
8053
7669
8263
7915
7797
8711
8458
8233
8092
8265
7805
7716
7850
8060
8098
7764
7867
7771
8145
7927
8110
8138
8433
8105
7950
7959
7285
7401
7270
7651
7750
7578
7483
7674
7842
7889
8007
8263
7920
7910
7857
8000
7591
7674
7150
7593
7173
7328
7444
7701
7586
7874
8053
8017
7824
7875
7499
7506
7829
7875
8075
8093
8589
8514
8386
8097
8080
8355
7988
8178
8438
8418
8549
8904
7955
7651
7592
7809
7340
7353
7498
7461
8574
8714
8303
7759
8258
7739
8330
8383
8250
8030
8087
8236
8328
11817
7664
7799
7692
8097
7867
8038
7902
7687
8799
8443
7787
7203
7912
8017
8012
8072
8533
8155
8411
8025
8444
8300
8130
8275
8604
8238
8295
8526
8370
9142
8060
8884
8358
8439
8388
8198
8190
8328
8611
8045
8073
8115
8686
8399
8358
8222
8464
8328
8446
8245
8694
8601
8673
8363
8385
8250
8321
8511
8191
8453
8308
8371
8291
8428
8296
8712
8536
8188
8135
8180
8561
8067
8014
7947
33932
8800
8331
9441
8542
8125
8148
8506
8145
8002
8030
9736
8654
8150
8005
8306
7779
8020
7902
8000
7834
8193
8043
7877
7935
8922
7949
8644
7860
8072
8057
8416
7902
7889
7712
8962
8100
8567
8125
8626
8120
8905
8253
7990
7704
7860
7920
7726
7862
8173
7989
8065
7840
8020
7832
8125
8153
8090
8010
7887
7889
7782
7814
8325
7651
7875
7987
8130
7854
7779
8188
8731
8008
7837
8303
8095
7830
7792
7927
7859
7759
7667
7692
7591
7584
8581
8875
8842
8774
9313
7975
8278
8506
8594
9000
8910
8170
7937
9363
8401
8237
8257
8514
8243
9038
8887
8270
8318
8270
8304
8691
8764
8454
9519
8398
8280
8704
8486
8541
8010
8208
9318
8707
8970
8761
8130
9724
7745
7975
8030
8045
8539
8328
8435
7994
8586
8408
8238
8153
8875
8689
9343
8607
8118
8927
8260
8479
9403
8391
8854
8945
8829
8563
8939
19496
7694
7476
6719
6862
6975
6839
6819
6741
6805
6731
7188
6922
6910
6804
7451
6970
6756
6852
6726
6752
6511
7012
7095
6864
6741
7132
7426
6749
6995
7008
7035
7192
6729
6811
7273
7241
6769
6894
6827
7158
6800
6759
6734
6847
7047
6937
6469
6068
6351
6223
6281
6571
6790
6784
7020
6634
6323
6685
6534
6895
6684
6396
6519
6917
6576
7273
6810
6900
8097
6835
6975
6822
7170
6917
6832
6948
6787
6714
6995
6839
6381
6747
6557
6180
11030
11253
9608
8295
7887
7717
8717
8198
7043
8644
7987
7870
9361
8343
8165
7396
9386
8143
7785
7719
7817
7421
8536
8248
6280
6806
6453
6802
6531
6466
6566
6812
6503
6681
6681
6636
6960
6774
6717
6709
7107
6644
7170
6920
6754
6942
7055
6935
6672
7012
7038
7128
7340
6702
7235
6759
7078
7112
6754
6762
7093
6687
7170
6909
6578
7025
7025
7072
6686
7140
6741
7316
7127
7416
6847
6907
6624
7556
7336
6739
7118
7604
7614
7010
7552
7301
6990
7757
6882
6807
7230
6659
7217
6644
6890
6912
6786
6819
7263
7005
7211
7198
6639
8080
6990
6749
7173
6898
7033
7235
7286
6862
7326
6944
6860
6629
6659
6488
6968
6958
6789
7065
6787
6715
6715
6594
6614
6857
6629
6797
7009
6995
6805
6646
7112
7268
7245
7090
7619
6769
6887
7000
6722
6857
7188
6800
6963
6667
6737
7130
6533
6759
6691
6311
6231
6546
6389
6345
6358
6541
7924
7000
6884
9639
8722
7962
9022
6892
8642
9310
8313
7944
8101
7170
7218
7177
7293
7000
7506
7343
6837
7421
8044
7611
7344
7095
39017
8316
7333
7383
7524
7143
6992
7153
7487
7137
7196
7235
7398
7355
7326
7215
6789
7063
7331
7368
7609
7082
7314
7486
7935
7338
7637
7040
7308
7395
7003
6851
6879
7393
7383
7325
7273
7470
7235
6914
7286
6869
6924
7100
7120
7626
7631
7123
7583
7258
7421
7526
7361
7719
6995
7348
6930
7238
7020
6909
7241
7216
6857
7200
7290
7200
7178
7137
6769
7165
7069
7095
6965
7280
7426
7286
7476
6975
7058
7298
7062
7260
7346
7348
7469
6975
7173
6742
7451
7102
6854
7010
7526
6948
7454
7073
6953
7281
7441
6867
6882
7155
7120
6829
8160
6812
6907
6962
7180
7093
7107
6799
7444
7454
7085
7441
6990
7152
7075
7263
7641
7454
7333
6797
6840
7366
7198
7569
6970
7709
6706
7120
7441
6960
7115
7331
7160
7215
7281
7088
7095
7047
7190
7002
7125
7273
7679
7040
6985
7248
7428
6909
7142
7062
6849
7050
6699
6875
8055
6864
6712
7406
7082
6990
6942
7148
7098
7303
6609
6639
6624
7674
6842
6771
6692
6925
7100
6611
6772
6724
6641
7035
6554
6549
7220
6790
7100
7395
7020
7135
6965
7080
6782
6787
7007
7338
6782
6962
6892
6824
6805
6975
6968
7087
6932
6960
7085
6772
6887
7135
7143
6737
6932
6799
6899
7135
6998
6872
7311
6747
6817
7882
7361
6959
7017
7539
7076
7371
7220
7132
7075
6722
6937
6972
7013
6905
6879
6905
6897
6882
7085
6902
6814
6845
6772
6772
7095
6905
6634
7103
6739
6622
6975
7205
6584
6995
7043
7158
7130
7143
7125
6777
6979
7146
6945
6877
6924
7087
6887
6501
6549
6937
6686
6761
6476
6762
6597
7468
6712
6786
6779
7340
6587
7024
6759
7128
6889
6837
7233
7005
6989
6862
6664
7093
7097
7025
7050
6702
7101
6742
6709
7010
6729
6613
6834
6526
6365
6634
6772
6749
6712
6844
6558
6591
6579
6729
6509
6902
6799
6978
6777
6634
6616
6549
6543
6740
6819
6864
7203
6759
6832
6942
7243
7371
7057
6786
6819
6764
6795
7243
6684
7498
7704
6872
6983
6799
6852
6890
7245
7018
7546
7019
7022
7461
6639
6766
6992
6933
6576
7067
7072
6696
7110
6607
7002
6927
7566
7381
7359
8271
7138
8012
7015
7053
6867
7316
6832
7288
6689
6727
7932
7318
7298
6805
7191
7158
6190
6038
6205
6461
6942
7934
7191
7255
7082
7255
6953
7040
7005
7096
6964
6875
6877
7132
7238
7092
7225
7093
7503
7037
7044
7057
7221
7167
7027
7200
7356
7141
7270
7273
6989
6834
7025
7163
6929
6993
6777
7100
7100
6942
6772
6736
7110
6695
6930
7185
7205
7202
7035
7215
7035
7000
7384
7115
6892
6864
7147
6827
6822
7070
6614
7027
6804
6855
7133
6943
7222
7092
6859
6922
6977
7088
7128
7035
6872
7032
6890
6699
7368
7079
7097
6864
6875
7052
6983
6684
6877
6694
6819
7103
6955
6837
7198
6859
6837
6994
6867
6772
6887
6671
7085
7095
7020
6920
6751
7566
7185
7160
7075
7225
6950
6945
7073
6910
6909
6937
6841
6777
6972
7060
7025
6760
7010
7847
7098
6729
6928
6769
6551
6832
6855
6717
7092
6879
7048
7586
6987
6872
7115
6887
7047
6932
7027
6847
6912
7965
6988
7000
6771
7047
6742
6795
7007
6822
6910
6885
6787
7122
6947
6957
6935
6799
6830
6865
6694
6942
6882
6857
6736
6782
6872
7074
6880
8276
7002
6742
7348
7060
7153
7323
7035
7065
6854
7227
7165
6899
6943
6925
6860
6970
6689
6962
6987
7208
7205
7182
6974
6852
7123
6721
6852
6997
6225
7822
6895
6627
6541
6704
7090
6922
6964
7639
6641
7115
7260
6927
6581
7388
7459
6804
6827
6850
7459
6825
7035
6935
7108
6807
6686
7039
7441
7865
7073
6668
7062
7414
7363
7509
7827
6925
7404
7592
7677
7486
7574
7990
8439
7406
7059
7035
7007
6965
6925
7454
6985
6957
7002
6842
7060
6902
7104
6632
6366
6869
6972
6578
7173
7333
6546
6478
6624
6514
7513
7614
7363
7140
7236
6766
6917
6594
6461
6714
6463
6872
7127
6335
7391
6784
6666
6296
6732
10712
6877
7750
8193
9721
7270
6944
6801
6890
7754
7952
8048
7734
7755
8614
7107
8210
7777
8010
7443
6539
6548
6501
6586
6870
6856
6576
6578
6752
6227
6807
6444
6351
6684
6679
6591
6594
6330
6877
6862
6403
6434
6699
6804
6476
7150
6837
7208
6684
7043
6757
6656
6805
6907
6977
6789
7117
6797
7103
6932
7571
6993
6644
6584
6514
6988
6829
6810
6622
6742
6696
6980
6825
7578
6732
6805
6902
6992
6597
6769
6897
7047
7078
6651
7032
7032
7055
7836461
7741
7228
7005
7088
7749
7027
7248
7651
7233
7930
7436
7466
7308
7371
7531
7443
7095
7315
7037
7183
7072
7411
7962
7511
7268
7278
7235
7296
7078
7323
7425
7451
7599
7839
7263
7323
6927
6735
7343
7171
7065
7183
7328
7047
7609
7070
7125
7483
7295
7366
7569
6697
7536
7268
7551
7353
7384
7494
7531
7035
7354
7344
7178
6932
6854
6860
7394
7090
7647
7491
6829
6880
6884
6992
6844
7190
7246
6975
7075
6935
6889
7689
6877
7265
7193
6847
7386
6994
7103
6982
8060
6954
7000
7331
6992
7090
7146
7175
7336
6955
6719
6589
7205
7686
7236
7180
6915
7268
6815
7231
7228
7303
7025
6985
6524
7374
6774
6544
7000
7029
7090
7354
7047
6997
7689
6807
7165
7386
7722
6920
6905
6774
6671
7042
7007
7153
6949
7218
6775
7196
7059
7005
7250
6814
6569
6847
6949
6944
7110
6932
7112
6699
7120
7065
7035
7238
7381
6827
7175
7486
6847
7058
7443
6950
7363
6819
7073
7220
6882
7747
6945
7820
6965
6795
6839
7226
7478
7343
7135
6947
7188
6973
6929
7070
7739
6644
7253
6844
7276
7280
7030
7942
7223
7255
7566
7666
7375
7335
7476
7386
7508
7396
6854
7885
7223
7243
7213
6935
7107
7268
7162
7175
7266
7221
7022
7571
6710
7007
6990
7286
7133
7185
7468
7278
7280
7313
6915
6972
6821
8085
7278
7095
7296
7080
7113
6752
6536
6644
7112
7113
7010
7258
7291
7328
7201
6959
7030
7198
7261
7323
7150
6910
7240
7569
6952
7278
7077
7564
7200
7062
6997
7077
7033
7353
6872
6859
8105
6977
7168
7005
6874
7461
7023
7499
6942
6624
6767
7131
6902
7080
7047
7166
7579
7087
6724
7200
6832
7100
7549
6837
6814
7127
7054
7075
6977
6852
7030
6975
6965
7153
6697
6732
7248
7095
7015
7138
6998
7195
6887
6982
7018
6904
7125
7206
6737
7298
7293
7511
7445
6989
7318
7749
7305
7561
7308
7002
7632
7308
7459
6882
7141
6985
7200
7180
7096
7042
7481
7188
7313
7067
7371
7228
7240
7301
7401
7170
7220
7045
7222
7291
28095
7676
6953
6594
6829
6982
7997
7280
6917
7105
7350
7296
7083
6932
7311
Duration mean is 15730.136427076064
Duration variance is 4.506752775558784E7
