754293
27137
24839
27139
28150
27904
28852
27287
29092
26950
29009
28984
27789
27879
28132
28197
28001
28571
26185
24638
24137
23423
24398
24496
23954
23981
25267
23826
23984
24366
24803
24499
24114
30067
25729
23959
23876
27250
24342
26092
23899
24420
24092
23961
24619
24260
24140
24217
62094
25157
24393
23926
23844
24160
24055
24145
24197
24215
24147
24525
24187
24240
24092
23413
23615
24200
23764
23864
23837
23902
24839
24797
24197
23723
24090
23834
26709
28147
23872
24302
25165
25297
27067
27315
26936
25112
24771
25162
25872
26959
27117
27320
25773
26175
26062
25919
25213
25709
26699
26312
25491
26450
26184
26521
27094
26170
26476
26177
26959
25764
26257
25548
24774
24183
24586
24614
24565
24345
24323
26350
25057
24135
24401
24618
24318
24418
24861
25445
25074
25138
23930
25396
24691
25057
25446
24506
25212
25656
25397
25172
24799
24879
25490
26157
25403
29099
26774
28295
26631
27508
27037
27418
25328
26378
25578
24833
24882
25403
25283
25107
25212
25225
24761
23929
24889
25861
25525
25370
26082
27012
25077
24543
24728
25170
24997
24944
25042
25155
24391
24588
24287
51584
24348
23732
24039
24182
23561
23654
24283
25268
25343
26075
26896
24129
24441
26037
24591
23615
23340
23899
23255
25102
23844
23957
23451
23609
23603
23628
23178
23650
23769
23731
23536
23366
23776
23686
23802
23536
23436
23591
23265
23275
23085
23478
23272
23317
23438
23712
23821
24445
23561
23917
23559
23683
24140
23664
23503
23185
23307
23909
23752
23483
23110
23604
23029
23691
23067
23606
23706
24020
23491
23491
23728
23601
23493
23599
23503
23300
23466
23478
23348
23659
23591
23303
23468
23188
23664
23290
23646
23596
23428
23533
23934
23317
23767
24052
22884
23508
23285
23240
23275
23485
23641
23194
23420
24238
23937
23768
23503
23726
23270
24586
24039
24167
22942
22817
22834
22904
22916
22538
22498
22480
24044
23263
23303
23002
23105
23102
24064
23701
23263
23292
23752
23173
23465
23421
23165
24837
25708
26238
24192
23498
23751
23879
41473
24247
23982
23796
23616
23854
23951
23924
23681
24350
25034
26570
28706
29102
28676
29062
28618
29240
28348
30513
28546
29417
27513
29220
28365
29659
27921
28223
24736
24821
24684
24643
24934
24666
25135
24731
25057
24732
25075
25007
30171
28009
26097
24192
27154
25218
25167
23508
24074
24333
23916
24478
24854
24320
24864
24147
24676
24666
23693
24458
24415
24300
24511
24065
24077
23981
24212
24168
23814
23786
24014
24124
23879
23844
24150
25037
25247
24328
24383
24355
24198
26318
29401
28070
28024
24544
25588
27391
27744
29004
26149
25077
25408
26265
26147
26922
26521
26907
25985
26769
25669
26017
25821
25703
25849
26478
25737
26010
29418
26679
26882
26258
26694
26142
26471
24691
24550
25045
24721
24864
25623
24874
24881
25036
24634
24721
24644
24674
24267
25370
25869
25446
58455
24225
23766
23561
24042
23348
24105
23866
23859
23357
23539
23867
24252
24115
23766
24436
27463
24875
25313
25306
25842
25904
24376
26684
24350
24493
23812
24360
24433
24208
24135
24127
24366
23832
24945
25157
23368
24174
24105
24292
23179
25318
24919
25110
23342
25120
24654
24538
25300
25165
24804
25559
24884
24711
24626
24814
25019
24674
24861
24591
24706
24661
26198
25900
26443
26856
24641
25232
25320
26027
24791
25789
26012
26432
25283
24858
22440
23508
23518
24120
23506
22503
23481
24172
23315
23844
25258
26200
25232
25951
25283
26097
26080
26102
25816
25325
24914
23460
24293
24440
24952
24127
24109
25611
25420
24972
25571
25377
25954
26147
25683
26518
25623
24631
24282
24461
26208
26034
26363
26037
25944
25363
26162
26263
26097
26097
25756
25869
25907
24513
25854
25696
25966
25806
50443
26117
25445
25641
24957
25731
25920
25475
26238
25884
25516
26198
26523
25962
25859
25566
25809
25506
26037
25290
25907
25473
25628
25982
25094
25283
25500
24831
24363
25944
24866
25533
26546
27395
25899
26536
25837
26475
25669
25446
26576
25914
25596
24480
26007
25987
25831
27045
26200
25350
25926
26746
25762
25961
25528
26841
26187
26115
26453
26220
26375
26292
25283
26448
26235
25929
25526
25956
26313
64317
27368
26839
27385
26350
27147
25959
26746
25992
26649
26395
26907
26744
26398
27157
25976
26994
26631
26771
25919
27245
27122
26468
26708
26862
27252
26866
24120
25803
27861
26172
27598
27275
26931
27342
25751
25132
26435
26741
25733
27072
27694
28375
28019
28157
28430
27731
28010
27689
27137
27966
27210
26944
26580
26798
49836
24331
23516
23533
23571
23385
24766
25057
26674
25786
26142
24831
25207
24889
24854
24792
24393
24270
25172
25714
25734
25856
25132
25756
24683
24069
24483
24786
28453
26046
25706
26772
27503
24703
25683
29127
26578
26666
26613
26824
25877
26531
27132
25594
25286
24368
25423
25533
25258
26297
24931
25535
26087
26105
25095
26598
27869
25473
25064
25495
25027
24646
25368
26478
27104
25796
25516
26240
29766
25684
25471
26884
26072
25057
24518
24791
24814
24861
25686
25455
24503
26761
25568
25011
26313
25305
25801
25418
26546
24982
26351
26137
25270
26012
25636
25879
26742
26410
25628
25410
25724
26395
26062
26859
25295
25762
24992
25573
25185
25331
25025
25055
25220
26661
26533
25699
25558
25266
25019
25385
25178
25250
25192
26659
25084
24583
25471
24842
24709
25142
25601
24999
25162
26433
25247
25676
25802
25769
25509
25580
25318
26178
25172
25175
25360
25228
25556
25591
26651
25904
27543
28506
26410
24625
24518
24764
24816
25022
25001
24761
24862
24520
24894
24649
26819
26094
29198
28898
29543
28849
28644
29015
29375
29270
29245
29954
28543
30259
29182
28673
29084
29756
25468
25250
24543
25471
25133
25333
25556
25488
24977
25418
25433
25505
25087
31543
26791
24350
24872
28748
25481
26227
25097
24721
24944
25027
25290
24909
25005
25395
24841
24749
24638
24809
24641
24859
25238
24816
24475
24605
24929
24606
24629
24879
24704
25025
24666
24456
25247
26032
25441
24999
24997
24550
24691
28616
27470
25837
26062
26606
27067
26871
26684
25425
26420
26169
26222
26092
25952
27207
26370
26139
27260
26862
27777
27531
91228
26741
25436
25403
25010
25157
42651
23920
23997
24462
25383
25436
26827
25766
24929
24495
27165
24824
26418
26874
26425
26452
27310
26143
26758
26852
26513
26027
25772
25623
26901
27019
26278
26441
26849
25957
27594
26563
26476
27513
27015
25380
26380
26372
26834
26678
26422
26385
26025
26300
27829
26025
26353
27187
26573
26794
26578
28089
26581
26483
25518
26004
27039
26819
26924
26375
26456
26927
27192
26117
28052
27112
26969
25713
26160
27105
27458
25961
27869
26422
26242
25889
29435
28904
27027
26563
27310
27155
26884
27681
27347
27045
27866
27405
29710
27378
26545
26703
26531
26799
26626
28025
26536
26350
27663
27095
27164
25897
27200
26706
29302
27127
26821
26862
27228
27636
27776
27864
27250
26769
27387
27378
27510
27540
29563
27954
27097
27072
29510
67550
24540
24001
24422
24405
24155
24501
24909
24656
24803
25122
25035
25162
23926
24586
25325
24917
23871
24681
24292
23844
24618
24914
25260
25050
26373
25440
25864
25117
25616
25646
25771
25796
25571
26114
25463
25461
26664
26623
26543
25663
25515
25015
25320
27644
26095
25453
25636
25608
26327
26190
25523
26242
25298
24946
26285
25651
26388
27400
26288
25809
25837
26566
26846
24721
25303
26731
26433
27556
26757
26075
27162
27122
26423
26300
25721
25751
25708
26090
26268
27007
27232
26039
26385
25711
25433
26538
25976
25749
25739
26390
27471
25774
26520
27328
26107
26866
26844
26235
26513
27082
26889
26255
29220
29272
31763
31435
26288
24105
24498
24922
24641
25097
24666
24122
24683
28385
32666
29222
29368
28308
29505
28596
28869
29082
28904
28781
27367
24899
46623
24107
23714
23707
24002
23736
24771
24944
24901
24144
24357
24125
25040
24703
24418
23704
24506
68033
25719
25721
24663
24207
32610
27984
30119
32460
28546
30486
29608
30724
28864
30997
31739
28764
28185
31733
27422
30904
28117
31671
28355
34380
29979
28912
30676
29949
29358
29290
30064
25252
24854
26042
27137
24879
25505
25773
25453
25934
25002
26318
26352
26308
26009
25619
25782
26709
27348
25947
27749
28876
24623
24067
23904
23478
23320
24388
24684
24698
24915
24646
25726
24611
24403
24232
27250
30511
30237
29172
29322
29315
29498
30551
28488
30430
28593
29490
30129
28899
29671
28586
28915
29265
28639
25524
24696
25380
25292
25193
25102
25217
25273
25024
25302
24759
25316
26375
28884
25170
24858
27448
25483
25924
24626
25481
59059
25896
25651
25320
25163
25248
25220
24518
24964
24826
25239
25095
25177
24980
24581
24861
25170
24834
24982
25200
25445
25207
24453
25190
25496
25671
24984
25027
25265
24493
26463
27154
26017
25493
27332
28523
27829
26017
26588
26593
26616
26982
26571
26614
27348
26209
26899
27586
27090
27218
27951
27277
26325
28227
25595
24814
25415
24769
24801
24809
25563
25799
24922
24743
26643
25837
25328
24969
25425
26575
26230
25298
26838
27881
27365
25543
26155
27252
26225
26247
26310
25590
25967
25759
26215
25508
26072
28646
25588
25952
26252
26152
27716
26631
26668
26285
26658
26390
27628
26788
27152
26959
27071
26819
27080
26821
27310
26636
27305
26721
27786
26881
26843
27107
27042
27167
26794
26365
26784
26880
26811
26799
27656
27210
27035
27651
27721
26994
27193
47014
24092
24540
24134
24310
24135
23594
24092
24200
25288
31683
26776
24583
24554
24603
24526
24639
24829
24741
25067
24706
24599
24663
24639
24365
24428
25123
25256
24932
25155
24222
24824
24955
26679
25576
26042
25661
26034
26022
25400
26421
26721
26253
26959
26365
26220
25791
26135
24573
25929
25283
25325
24917
24902
25718
25764
25167
25964
25353
26029
26834
25620
25809
23744
26997
26200
26421
25661
26290
25383
24722
25909
24897
26034
26248
26124
25624
25856
25498
24686
25035
24997
25521
24574
25243
25049
24952
26852
25002
26868
26178
26258
27862
25545
24561
24701
24623
24576
24335
24326
24298
24588
24220
24385
24649
24315
24476
25318
24418
24120
23370
23706
23734
23283
24092
24044
26204
24704
25451
26413
24966
24042
24320
24541
25438
24636
24631
24007
25348
31650
29505
28408
28408
51075
28846
28162
30748
27551
25711
25490
24774
25090
25378
25010
25268
29368
24453
27473
25268
24553
24960
24827
24929
24919
24995
24842
25097
24887
24857
24907
25250
25377
24961
24568
24901
24586
25516
26137
30847
26766
25736
26663
26543
26698
27077
26954
26866
26135
25276
24869
25746
25200
25007
25588
25287
25926
25901
26000
25485
25057
25734
26165
27934
25538
25849
26580
25945
25318
25462
25694
25634
26270
26388
25470
25681
25997
25228
26115
25606
25237
24576
26886
25917
24756
26586
25315
25556
25205
25418
25443
25692
25326
25039
25024
25275
25960
26777
26646
26536
25994
26346
26385
26157
26220
27027
25190
25961
26556
26180
26351
26080
25402
24757
24661
24982
25312
24723
24992
24776
30911
28478
29386
30653
29072
27480
25884
25590
25348
25047
25783
25643
28629
25906
48693
26919
25049
25759
26391
26320
27215
25962
25929
25378
26624
23386
24762
26744
26881
26498
27165
26418
26881
26503
26891
26909
27130
27218
27124
26829
27260
27353
26839
23827
23912
24192
24535
25836
26403
25967
29222
25330
25294
25526
25500
25561
25917
25573
26132
26100
25463
26315
25681
26513
25974
26252
25599
26510
26371
26040
25793
26536
26207
26901
25107
26110
25814
25042
25438
25069
25232
25856
26661
26415
27545
26240
25866
25450
25373
25441
25398
25919
26110
27139
27273
27167
27375
26691
26050
26049
26929
27020
26919
26832
26533
27624
26867
26709
26719
27528
27373
27468
25375
25651
24994
25533
25959
25541
25521
25418
25466
25230
25979
26779
25606
25476
26345
25684
25408
25412
25455
25432
25395
26265
26167
25423
26205
25107
25478
26515
25413
25252
25716
25473
25340
46504
26107
27087
26964
25538
27438
26358
27054
27443
26511
25451
26473
25528
25316
25057
25723
26403
27335
26461
25385
25849
25821
25704
25864
25681
26084
25543
25430
25405
25553
25754
26546
26368
26470
27019
29025
26808
24082
24285
24613
24135
24365
24673
25049
24455
24483
24423
24596
24465
26292
28664
26305
24626
24458
24355
24102
24105
24794
24290
24599
24844
24308
24332
24811
24355
24511
24297
24185
25533
24396
24345
24644
24548
24498
24729
27112
25698
25851
26526
26350
25864
27069
26403
26696
26004
26932
26360
25260
25227
25333
24864
25400
24799
25223
24824
25468
26152
25719
24971
27378
28275
28550
28606
27072
25802
25704
26526
27205
26207
24576
24165
24924
24934
24285
24232
24443
29929
28931
28992
28501
29957
29869
29633
29180
290614
51149
26212
24403
24616
24486
25173
25508
24841
24962
24859
24455
24804
24362
24691
24525
24328
24836
24358
24726
25308
24286
25381
25861
25871
25763
26082
25962
25955
26095
26125
26313
26425
25441
25092
25586
24865
24985
24716
25283
24549
25257
25797
25634
24876
26089
24736
27358
26103
26322
26501
27122
25812
25100
25561
25876
26155
25977
25538
25385
25676
26716
25809
25950
26338
26087
25899
25906
27704
26476
26889
27020
25836
26904
26039
26578
26308
26563
26579
26633
26603
26615
27753
27037
25849
26325
26722
26569
26782
26651
27092
27328
26581
26674
26643
26927
26476
26904
26741
26157
26090
26446
25636
26686
26548
26509
26570
26751
26100
26245
25282
25791
26054
26430
25721
25919
26153
26044
26055
26192
26310
26082
27215
26779
26321
26228
26839
26220
26190
46671
26393
25756
26123
26238
25193
26009
26227
26095
26298
25824
25856
25556
25240
25689
25478
26358
26681
26157
25681
26711
25746
25130
26498
26000
26280
26124
26623
25979
25759
26615
26473
25764
26290
26611
25485
24055
24378
24155
24350
24027
24340
23892
23997
30325
28483
28192
28272
28684
28185
28139
28839
28381
27401
24936
25235
24167
25515
25190
24565
24811
29528
25107
27586
24651
24155
24706
25207
25027
24856
24501
24538
24748
24599
24698
24501
24628
24749
24609
24714
24368
25493
25431
24473
25591
25373
25544
26027
25641
25536
26383
26010
26834
26027
26841
26472
25533
24954
24990
24543
24759
24759
24614
24491
24659
25689
25135
25716
24773
24383
24601
24939
25187
24749
25340
24851
25483
24393
24405
24678
24601
24436
25365
25548
24247
25077
25020
25829
25297
25801
24721
26303
28207
49140
28227
28192
28438
27550
29034
28483
28887
27901
29837
27934
28478
28114
28669
28811
28691
28929
26015
23433
23312
23571
23681
23586
23466
23541
23688
23578
24037
24234
24912
25658
25234
25180
24563
30189
26942
23930
23909
26476
24308
24826
24255
25004
24786
24616
25122
25277
25157
24516
25015
24303
24345
24400
24982
24776
24917
24869
24482
24827
25024
24441
24453
24796
24711
24832
24644
24290
24343
26581
25172
24478
24273
24119
24348
27371
26160
26253
25456
26676
27781
26693
27791
26169
26079
26084
26611
26082
26035
25907
26448
26077
26320
26047
26762
26854
26505
26589
26961
25881
27022
25218
24288
24701
24628
24816
24799
25065
25668
24994
24626
25095
24758
24583
24684
25182
26061
25047
24626
24989
24413
25513
24813
24601
24626
24390
24731
24676
24536
24653
25345
25080
26119
48170
24886
25323
25488
26168
25059
25150
26012
25047
24902
24784
26125
25806
27290
26994
24949
25911
24999
25185
25566
24834
25280
24826
25440
25287
25899
25992
25756
25220
29313
25571
24386
24087
24134
24175
24556
24441
24099
24616
24729
24686
24536
27856
27370
27881
29591
28927
28716
28984
27777
28947
28295
29268
28089
27696
29127
28821
29591
27841
27092
24756
24636
24661
24846
25105
24837
25105
24939
24934
24922
25144
26922
30164
31290
29388
24574
24045
26732
24158
25202
24260
24924
24708
24854
24969
25267
24856
24485
24167
24415
24731
24996
24621
24811
24022
24510
24420
24340
24922
24200
24491
24764
23849
23997
24402
25446
26264
24576
24901
24533
25077
29658
27686
26608
26318
26084
27090
27150
26265
26170
26556
26724
26471
26328
26173
26483
25822
25894
26678
26879
26836
50887
24490
24990
23812
24546
24724
24603
25027
25803
25072
25869
26526
25688
25994
26059
26864
26613
23265
23468
23528
23944
24175
23856
24330
24069
24065
23343
24691
30747
27869
28621
28270
28388
27899
28924
28661
27758
26896
24964
25250
25175
24516
25290
25170
25466
25466
28160
26691
25922
24430
24666
24666
24909
24846
24501
24924
24839
24604
24510
24453
24382
24804
24671
24232
24654
24332
25102
25581
24162
25119
25546
25415
25586
25941
26058
25793
47202
25405
26278
26292
26310
25992
25370
24897
25277
24671
25448
24363
24440
24794
25100
25381
25177
25643
24879
24887
24766
24884
24666
24411
25473
25611
24450
25433
25092
24691
24345
24265
25137
25045
25731
24408
24767
24699
25731
25298
25889
24970
25020
26009
25475
26192
26355
26391
25591
24180
23987
24027
24335
23844
23733
24230
23916
28786
51626
28346
28492
29335
27711
26984
25350
25117
24528
25295
24904
25278
29370
25811
27483
25172
24152
24222
24591
24838
24663
24318
24441
24571
24586
24794
24692
24764
24601
24400
24774
25250
25223
24273
25726
25813
25229
25892
25539
25877
26303
25265
25395
26152
26478
26450
25360
24608
24681
25421
24682
24450
24921
24920
25268
25633
25664
25162
24445
24350
25107
24393
24529
25099
25498
25679
24806
25133
24922
24555
24734
24583
25262
24961
24964
25172
24681
25109
24370
24235
25922
25523
25971
25262
25636
25160
26270
25536
25802
26609
25819
26220
26153
26380
25162
23350
23380
23813
24658
25541
26580
25786
25363
24906
25857
26132
25396
26365
26082
25601
25841
26069
26390
26265
26175
26518
26711
26170
26242
26115
26120
26094
26323
26325
26505
25816
26164
26113
26383
26483
26044
25105
46443
24478
23819
23732
25315
24067
24771
25576
25759
24190
24160
24077
24297
24431
24117
25009
24425
24629
24808
24811
24595
24290
24250
24778
25095
25019
24113
25029
25495
25691
24601
24701
24634
25215
25297
24210
24578
24504
24282
24774
24411
24946
25321
25553
26209
24887
25990
26188
25611
25097
25308
25922
25743
25656
25400
24653
26493
27623
25463
25548
24641
26011
25917
26092
26530
25483
27696
28844
26814
26666
28618
29889
28465
31533
28974
26403
Actual mean is 26317.18876482903
Actual variance is 14805.431687310554
