97654
9948
8414
8053
7669
8228
7897
7914
8090
7975
7652
9248
8320
8201
7263
7323
7731
8995
7970
7894
8258
8211
8057
7912
8326
7964
8849
7970
8155
7849
7779
8333
8083
7694
8356
8038
8213
8223
8308
8837
7764
7914
8245
8220
7856
7543
7721
8461
8531
8255
8153
8288
8070
7819
8413
7912
7842
7842
7639
8180
7571
7388
7172
7406
7541
7401
7238
7543
8153
7905
7769
7762
7947
7521
7754
7997
7521
7892
7399
7674
7414
7689
7694
7777
8449
8123
7932
7709
7769
8569
7666
7812
7290
7511
7455
7618
7579
7456
8443
8110
7762
7977
7886
7536
7631
7832
7873
7654
7667
7644
8198
8065
8022
7799
7546
7486
7746
7336
7780
7727
7697
8040
7484
7649
7674
7583
7546
7433
7210
7627
7607
7614
7669
7547
8761
7518
7654
7564
7606
7574
7777
7851
7636
7569
7549
7311
7749
7792
7659
7875
7513
7639
7614
7581
7597
7268
7654
7622
7526
7441
7704
7458
7516
7862
8780
7985
7538
7729
7684
7729
7779
7621
7749
7323
7679
7526
7815
7423
7646
7559
7686
8175
7940
8832
8381
8223
7915
7800
8415
8526
10857
10233
7629
8162
7611
7481
7749
7476
7386
7514
7468
8478
7732
7963
7706
7824
7566
7810
7629
8095
7596
7551
7826
7616
7621
7955
7577
33714
8541
7067
7493
7807
7792
8007
7987
8110
7676
8003
8055
8386
7618
7242
6902
7080
7465
7491
7281
6842
7581
7320
7987
7285
7245
7516
7702
7579
7899
8112
7704
7115
7275
7727
7569
7819
7265
9909
7729
7581
7483
7992
7627
7764
8867
8285
8193
8935
8910
8203
8514
8398
8574
8309
9115
8507
8618
8479
8705
8122
8428
8130
8551
8326
9373
8232
8408
8004
8072
8062
7877
8123
7618
7458
7536
8162
7351
7356
8018
7965
7850
8007
8258
7955
8870
7942
8010
7947
8100
8459
8448
7963
8406
8484
8182
8343
8614
8378
8474
8270
7980
8280
8277
8591
8912
8476
8181
8151
7832
8413
8621
8022
8446
8521
8290
7744
7657
7772
8020
7639
7561
8148
7884
8300
8757
8739
8463
8474
8478
8315
8549
8295
8749
8709
8162
8559
9280
8062
8092
8320
8929
8671
8340
8829
8077
19190
8902
8458
8628
8834
8313
8561
8333
8581
9759
9132
8574
7995
8110
8306
8426
8271
8614
8283
8754
8491
7989
8211
9313
8295
8760
8533
8087
8118
8423
9376
8281
8285
8566
8737
8375
8894
8258
8360
7872
9413
9617
8516
8158
9237
8218
8720
8378
7867
8028
8578
8714
8398
8268
8627
8474
8368
8143
8411
8371
8369
8313
7987
8325
8411
8714
8539
8707
8657
8683
8250
8236
8939
8231
8454
8614
8135
8158
8325
8561
8258
8233
8504
8206
8265
8784
8739
8105
8569
8215
9325
8168
8215
8133
7930
8193
8790
8291
8603
8617
8060
7556
7611
8341
8268
8116
8252
8524
8411
8341
8193
8393
8073
8105
8300
8388
8714
8130
8288
8702
8626
8345
8286
8108
8539
8062
8152
8519
8328
8443
8426
7872
8468
8388
7799
8182
8343
8544
8521
8656
8395
8160
8413
9593
7787
8679
7729
8408
8175
8193
8571
8513
8546
8326
8360
8907
8691
8777
8291
8243
8365
8303
8559
8378
8190
8907
33990
8413
8323
8394
8634
8100
8428
8294
8469
8621
8218
8613
8240
8278
7947
8689
8616
7970
8328
8538
8298
8725
8373
9496
8704
8220
8468
8496
8399
8251
8899
8030
9055
8599
8193
8313
8909
8410
8476
8341
8062
8042
8952
9977
8318
8105
8581
8739
8486
8130
8163
8283
8295
8651
8890
8418
8674
8185
8483
8466
8378
8331
8188
8146
8080
8376
8360
8123
8328
8062
8677
8511
8390
8003
8172
8772
8268
8511
8641
8403
7995
8223
8636
8691
7979
8168
8596
8105
8200
8676
8012
8489
8451
8320
8652
8559
8574
9218
8827
8441
8140
8263
8052
8150
8937
8343
8509
8667
8338
8832
8518
8824
8413
8811
7526
7471
7499
7546
8343
8471
8652
8839
8669
8163
8326
8436
8847
8857
8326
8832
8646
8354
8797
8832
8566
8669
8386
8222
8551
9022
8481
8180
7960
8453
7925
7998
8721
8383
8722
8406
9114
9368
8755
8895
8651
8750
8426
8977
8812
8533
8336
8958
9792
8850
8236
8455
8474
8826
8624
9030
8336
8471
8348
8191
8769
8528
8509
8185
8909
8398
8781
8574
8263
8358
8310
8376
8178
8423
9263
8588
8759
8917
8333
8832
8240
8624
9170
9060
8937
8384
8644
9266
8366
8527
8356
8356
8273
8246
8136
7719
8391
9271
9445
7797
9069
8388
8629
8679
9183
8283
8484
8844
9113
8178
8511
9496
8582
9872
8414
8175
8158
8721
8413
8396
8075
8401
8654
8516
8852
8737
8403
8192
8326
8607
8604
9421
8671
8266
8421
8717
8037
9230
8028
7909
8987
9133
9017
8499
8125
8043
9288
8594
8792
8817
8486
8356
8421
8233
9353
8661
8093
8095
8406
7707
8330
8213
8646
9736
8754
9058
8556
8609
8370
8366
8494
8699
8130
8208
8295
9003
8198
8128
7955
8291
8857
29453
9902
8872
9190
8671
8300
8483
8902
8293
33511
7854
8283
7473
7512
7649
7556
7982
7771
7601
8033
7784
7724
7962
8233
10020
7499
9068
10864
10511
9704
9704
10860
10055
9566
10283
9085
10361
10092
10361
10566
8561
10343
10311
10155
10396
8744
9960
10273
10225
9944
9518
10776
10909
9784
10205
9241
10421
9421
10078
10375
10326
9990
10088
10310
9380
9529
10145
10070
9789
9428
8463
8118
7804
7719
7542
7191
7313
7727
7747
7584
7579
7536
7619
7318
7498
7706
7481
7577
7609
8551
8276
8100
7960
7910
8193
7787
7882
7757
7904
7782
7914
7634
7618
8000
7789
8095
8128
8208
7957
8183
7897
7837
9584
10559
8932
8686
8509
7433
7892
8158
7827
7551
7834
11423
7982
7950
7912
8138
8130
7664
7830
8273
8178
8110
8077
7942
7887
7887
9030
8032
7739
7907
8148
8057
8499
8238
8052
8358
8057
8093
8140
7907
8020
7913
8057
7887
7932
7769
7922
8017
7817
7526
7929
7885
8010
8037
8044
7945
7847
7811
8087
7832
8100
7960
7892
7599
8055
7602
8088
8045
7536
7977
7854
7694
8198
7857
7841
7980
7915
7789
7894
7874
7571
8098
8674
8000
8977
7894
7842
7882
8082
7662
8183
8513
8110
8002
8474
8328
8065
8050
7925
7985
7947
7895
7885
8002
7922
7752
7637
8052
8747
13476
8804
8506
8524
8827
8573
8183
8190
8098
8333
8401
8461
8195
8431
8238
8323
8220
8664
8325
8727
8326
8213
8498
7729
8509
8957
9068
8167
8734
8045
8248
9521
8494
8677
8355
8188
8175
8173
8874
8677
8135
9148
8767
7992
8315
8554
8599
8463
8404
8421
8409
8200
8406
8371
23613
9664
8491
8692
8791
8546
8135
8411
52467
8048
8233
7867
7894
7706
7581
7657
7747
7483
7973
7674
7721
8138
7812
7744
7970
8453
7712
8130
8010
8005
8045
7992
7706
8095
8070
7757
7767
7902
7952
8007
7825
7917
8272
7847
7760
7942
7804
8210
7762
9353
7842
8383
7664
8260
10762
10381
8390
9413
9609
9421
11190
10353
8428
9191
9739
8180
14075
8283
9574
13208
8835
9291
9414
10198
8837
12489
9413
10132
9636
8341
13112
9416
8634
12185
8589
9754
9323
8468
13183
9546
9722
8440
9338
9905
13175
8358
8418
9328
9727
8626
10373
13018
9805
9333
13055
8659
9626
9556
9260
9995
10265
8801
13183
8786
8438
9428
11999
9574
9797
9709
9002
10314
13149
8554
7799
8200
8335
7944
8012
8373
7959
8541
8524
8288
8400
8654
8291
8160
9255
8243
8331
8737
8727
8208
9058
8461
8160
8536
8137
8334
8486
7829
7945
8631
8628
8762
8568
8310
8341
8433
8266
8310
7972
8474
8323
8258
7832
8549
8123
9101
8767
8281
8233
10253
9954
8598
10243
9601
9451
9045
10211
7721
7414
7782
7563
7546
7376
7634
7203
7609
7416
7817
7551
7493
7714
7789
7740
7832
8015
7656
8123
7902
7552
7649
7777
7860
8336
7917
7963
7687
7945
7924
7885
8075
7962
7847
7250
8045
9724
7667
7554
8849
10728
9826
9230
11065
9185
9637
10253
9440
9268
10792
10631
10283
10661
10816
10295
10508
9870
10794
10313
10613
11165
8679
10601
9870
10481
9859
8982
10551
9664
10544
9999
9152
10950
9769
11493
10902
9536
10789
10549
10413
10526
10453
10932
11096
8045
8774
8098
8002
8356
7985
7754
8190
8045
8130
8561
8187
8333
8150
7787
7726
8108
7902
7935
8093
7722
7912
7975
8033
8238
7997
7919
8059
8005
7925
8052
7937
8082
8579
10223
10674
8424
8328
8108
7972
7994
7756
20824
9604
8764
9025
8629
8742
8624
9293
8664
8461
8870
9057
8912
8922
9004
8977
8954
8887
8544
9113
9035
8431
8398
8596
8657
8689
8821
8972
8940
8757
8945
8529
8975
8769
8749
8872
8466
9075
8830
8943
9328
8840
9248
33369
8689
8441
8757
8491
8461
8473
8794
8772
9120
8621
8531
8398
8453
8304
9548
8822
9000
8907
8445
8745
8551
8839
7704
7437
8870
8376
8842
8484
8885
8424
8576
8469
8451
8847
9208
8406
8902
8438
8498
8895
8624
8732
8453
8789
9008
8418
8682
8604
8719
8859
8384
8850
8491
8566
8636
8702
8428
8638
8637
8353
8361
8300
8859
9829
8596
7819
8398
7802
8055
9396
7742
8446
9393
7869
8732
7883
8052
8277
8593
9318
12183
7809
8118
8208
8080
8699
8090
8314
8271
8493
8369
8248
8218
8588
8339
8143
8007
8326
8336
7987
8205
8435
7977
8240
8333
8060
8461
8236
8334
8509
8165
8637
8496
8413
8042
8418
8173
8258
8195
8227
8116
8446
8250
8218
8607
8591
8769
8411
8075
8230
8511
7872
8569
8123
8188
8459
8682
8494
8130
7757
8034
8288
8283
8007
7962
7935
7769
8080
8123
7995
9837
8278
8020
8043
7904
8218
8345
8669
8386
8835
8460
8674
8478
8203
8731
8909
8782
8093
7887
9120
7940
7927
8047
7631
7735
8015
7837
7962
7691
7826
8057
7942
7810
7959
8088
8528
8313
7975
7957
8534
8676
8812
8701
8914
8336
8593
8486
8608
9752
8666
8859
8646
8519
8331
8380
8687
8426
8791
8775
8855
9034
9141
20463
8877
9132
8709
8643
8839
8381
9028
8945
8355
9065
8546
8668
8398
8795
8874
8882
8421
8243
9017
8531
9288
8666
8684
8816
8445
8329
8013
7952
7631
7734
7990
7842
7701
7539
7872
7832
7840
8042
8100
8000
7735
7953
7508
9408
7990
7646
7639
8133
7681
7952
7889
7519
8741
8661
8965
7824
7714
7835
7847
7609
7857
7754
7857
7674
7669
7522
7496
7563
7544
7725
7897
7644
7677
7817
7987
7754
7483
7832
7450
7456
7654
8409
9000
7759
7487
7516
7532
7609
7611
8018
8499
7586
7638
7817
7752
7554
7932
8396
8316
8203
29626
8197
7817
7599
7897
7907
7865
8296
7990
7917
8082
7832
7769
8027
7945
8040
7699
7774
8022
8398
8696
8529
8584
8789
8567
7767
8499
8651
8832
8757
8594
8286
8556
8583
9087
9390
8872
8591
8930
8223
7917
8223
7962
7967
8141
7812
8058
8333
7907
7927
8044
7957
8161
8291
8085
8170
7764
7909
8010
8326
9037
8315
8586
9268
8574
8752
7870
7821
7799
7922
8251
7870
7922
8248
7897
8048
7864
8138
7940
8047
7938
7964
8030
8100
8127
8203
8241
8252
7899
8113
8250
7940
7922
7942
7984
8025
8002
8093
8148
8824
8170
8206
8411
8203
8203
9067
8556
8680
9013
9156
12731
11652
8359
8822
8330
7779
7597
7662
7759
7534
7378
7676
7561
7512
7707
7879
7689
7754
8167
7822
7942
7935
7709
7790
7807
7970
7739
7594
8202
7915
7905
7840
7967
7972
7684
7435
7879
7874
10358
7133
8606
9824
9077
9982
9699
10151
9784
9313
10172
9351
9940
10325
9955
10714
10165
10441
10187
9559
10450
10093
10118
8859
10285
9854
10198
10132
9328
10752
10519
10386
9719
8817
10205
10483
10187
9684
9476
9568
9968
9541
10075
9962
10050
9757
9989
10955
8291
9942
8077
8102
7983
8100
7852
7962
8286
8017
8132
8200
8486
8200
7864
7882
8003
8090
8153
7987
8010
7796
8050
7875
7910
8396
8000
7977
7917
7992
7796
8198
7960
8561
10897
10365
8489
9203
8611
9538
8519
7832
7963
7930
7679
11995
8591
8484
8078
7859
8681
8454
7842
7456
8162
8067
7782
8133
7817
7960
7721
7726
8012
8201
8157
8493
7947
8022
7964
8173
8075
7934
8080
7879
8063
8522
8892
8128
7649
7664
8015
7978
7975
7850
8140
8097
7674
7934
8754
7908
7862
8103
8035
8115
8168
7722
7611
7814
8122
8330
7892
7824
7832
7806
7756
7975
7762
8375
8162
8221
8090
7880
8175
8080
7892
7801
7888
7914
7980
8045
7834
8280
8215
8105
8205
22413
8564
8681
8546
8361
8351
8488
8310
8128
8556
8568
8439
8233
8290
8619
8350
8196
8476
8415
8130
8208
8222
8047
8233
8230
7942
8220
8486
8303
8323
8243
8321
8010
7978
8456
8479
8278
8450
8090
8268
8376
8065
8157
8568
8143
8085
8261
7997
8328
8726
8406
8453
8208
8293
8338
8301
8047
8391
8363
8303
8278
8245
8110
8168
8155
8105
8513
8704
8498
8376
8669
8657
8240
8271
8406
8014
8150
8508
8283
8200
8288
8609
8632
8095
7516
7574
7864
8141
5865
5396
5561
5568
5406
5298
5561
5486
5388
5724
5424
5544
5443
5334
5546
5290
5423
5598
5318
5351
5433
5348
5268
5521
5276
5398
5513
5321
5338
5479
5403
5541
5376
5378
5386
5544
5363
5564
5423
5351
5406
5360
5280
5401
5396
24466
13203
8739
8784
9125
8669
9180
8526
8496
8787
8413
8123
8218
8087
8105
8165
8047
8250
8042
8125
8557
7972
8034
8092
8639
7975
8308
8176
8191
8587
8281
7822
8140
8266
8110
8000
7829
8022
8368
8496
8280
7967
8070
8157
8449
8687
8125
8156
8366
8248
8107
8258
8313
9062
8145
7972
7519
6293
5253
5315
5330
5245
5273
5286
5153
5243
5185
5153
5275
5303
5113
5341
5313
5143
5263
5301
5414
21217
9907
9730
10681
10601
10423
10160
10175
10177
10439
8998
9819
10230
10499
9694
8371
10298
10152
10020
8173
5233
5173
5165
5293
5248
5301
5113
5426
5388
5333
5481
5155
9644
8506
8278
7900
8388
8370
8331
8155
8521
8378
8343
8216
8692
8242
9799
5656
5093
5158
5301
5155
5075
5278
5100
5002
5363
5080
4990
5213
5007
5168
5243
5230
5030
5441
5198
5221
5030
5128
5213
5035
5037
5110
5115
5010
5125
5065
5001
5220
5120
5125
5248
5043
5053
5233
4917
5193
5113
5153
5070
5007
5110
5168
5093
5093
5205
5108
5052
5115
5160
5140
5288
5015
5055
5108
5153
5073
4830
5100
5095
5023
4975
5045
5063
5120
5185
4957
5060
5045
5052
5090
5186
5012
5087
5181
5126
5176
5173
5103
5045
5065
5083
5260
5045
5092
5288
5030
5160
5165
5140
5113
5108
5070
5045
5240
4967
5123
5047
5075
5168
5080
5135
5208
5083
4967
5321
4983
5035
5228
5090
5102
5116
5085
5166
5072
5018
5103
5003
5067
5263
5140
5123
5182
5018
5055
5020
5090
5120
5151
5160
5173
5163
5078
5067
5088
5090
5076
5032
5087
5250
5062
5068
5182
5125
5143
5231
5160
5073
5170
5100
5035
5066
16804
9544
69111
8446
7864
7959
8435
8050
7854
7905
8088
7972
8198
7965
7990
28749
8193
8170
8075
8004
7902
8140
7927
8017
8247
7859
8020
8265
7942
8131
7812
7854
7837
8133
8300
8215
8393
8257
7704
8138
7829
8025
7932
8241
7787
7987
7987
8010
7950
8202
7972
7985
7602
8594
8421
8364
8385
8250
8140
8170
8202
8240
8241
8305
7892
8085
8396
8313
8732
8872
8786
8406
8260
8291
8622
8406
8261
8383
8085
8270
8418
8559
8310
8368
8235
8283
8957
9378
8722
8305
8191
8212
8386
7824
7834
8032
8248
7589
7894
7927
8140
8105
8027
7957
8188
8022
7875
7877
8137
7872
8053
7787
8211
7975
8213
7990
10293
7443
7373
7213
7378
7283
7055
7263
7343
7413
7616
7985
8754
7657
8303
8151
8451
7679
8000
8296
7937
7831
8106
8163
8206
9072
10007
8250
8421
8329
8160
8771
8572
8218
8000
8569
7999
8416
8507
8108
8002
8118
8168
8288
8213
8250
8190
9063
8198
8825
9636
8418
7920
8601
8170
8107
8075
7982
8740
8464
8541
8521
8118
7885
8080
7977
7975
8702
9188
8095
8243
8842
8190
7724
8027
8000
7957
8115
8664
8816
8463
8183
8015
8143
7945
7835
8669
8047
7867
7919
7905
8283
8090
7993
8095
7910
7820
8115
8484
8278
7957
7682
7296
7843
7709
7779
7964
7787
7674
7998
7629
7807
8070
7697
7719
8040
7712
7917
8592
8175
8584
8674
8443
8439
8634
8942
8889
8054
8664
8929
8471
8699
8408
8197
8997
8388
8017
8373
8321
8253
8040
8063
7872
8478
8784
8451
8185
7973
8378
8040
7796
7737
7792
7859
8125
8067
7855
7787
8524
8626
25982
7779
7709
7968
7569
7493
7702
7732
7584
7927
7947
7657
7696
7817
7845
7830
7609
7807
7471
7752
7807
7626
8055
7867
7576
7508
7298
7950
5551
5519
5163
5238
5419
5218
5270
5318
5260
5320
5273
5201
5448
5203
5393
5265
5205
5125
5353
5236
5163
5380
5080
5160
5395
5075
5220
5391
5125
5176
13764
9556
9822
10689
9466
Duration mean is 8272.087768769827
Duration variance is 2.3459641087276865E7
