96256
10366
8466
8185
7804
8206
8393
8450
8140
8223
8401
9478
8403
8167
8113
8940
8240
9562
8185
8098
8297
8478
8278
8007
8514
8250
8892
8363
7731
7684
7596
6965
34582
7516
7426
7436
7622
7328
7108
7360
7599
7180
7251
7035
7538
7423
7040
7386
7536
7664
7689
7721
7579
7569
7406
7622
7306
8586
7624
7745
8020
7619
7499
7786
7895
7661
7509
7982
7496
7832
7734
7779
7851
7967
7426
7461
9215
7308
9812
9596
10015
10057
10153
7310
9972
8408
8822
8072
7440
8339
7749
7358
7416
9320
8178
7902
7704
7719
7815
8170
7722
7621
7561
7727
7915
7573
7581
7441
7955
7972
7584
7647
7861
7275
7684
7835
7860
7817
7797
7827
7742
7609
7897
7692
7704
7529
7597
7694
7824
7648
7619
7795
7721
7682
8862
7741
7791
7849
7466
7644
7691
7689
7746
7952
7654
7810
7596
7561
7632
7636
7790
8015
7646
7749
7962
8350
7720
7765
7552
7408
7889
7601
7872
7817
7711
7742
7897
7734
7759
7724
7664
7749
7546
7744
7895
7705
7704
7922
7864
7812
7810
7426
7742
7568
7561
7265
7777
7897
7992
7980
8037
8436
7671
7859
7749
7775
7769
7952
7735
7504
7682
8333
7781
10633
10042
9050
9183
9348
12202
8579
9569
9043
9255
7409
7631
7150
7792
7676
7596
7776
7531
8549
7466
8002
7651
8058
7689
12717
8586
9313
9293
9251
9641
7882
7859
7826
8188
8265
7654
7689
7649
8053
8404
7904
8007
8002
8218
8368
7882
8207
8516
8130
8067
8375
8080
7542
7887
7987
7774
8364
8257
8300
8032
7937
8306
7945
7789
8113
7962
8121
8207
7604
8774
8260
8012
9005
8130
8178
8042
8208
8147
7509
8195
8374
8541
8060
8331
9236
8188
8596
8113
8235
7992
9108
7987
8010
8634
8824
8212
8135
8093
8098
9669
8566
8303
8448
7949
7692
7762
7984
7944
7674
7707
8030
8072
7456
7672
7652
7787
7581
7852
7669
7604
7970
7536
7606
8112
7756
7932
7979
7594
7361
7577
7834
7601
7654
7611
7471
7780
7574
7576
8135
7929
7356
7682
7917
7879
7564
7824
7804
7854
7762
8406
8461
7880
7586
7865
7829
7386
7195
8010
7456
7741
41739
7978
8007
7942
8301
8120
8456
7722
7902
7504
7479
7667
7742
7727
7752
8386
8077
8178
8162
7933
7646
7583
7829
7980
7974
8043
7816
7725
8024
7943
8027
8117
8052
8113
8376
8448
8817
7770
7689
7531
10827
8010
8466
7298
7662
7531
8285
8604
8426
8852
8579
9118
8411
8203
9027
9078
8839
8596
9100
8862
7671
7739
7957
7717
7701
7729
7336
7769
7562
7772
8005
7884
7771
7790
7601
7814
7494
7897
8178
7719
7859
8065
7526
7567
7511
7461
7439
7799
7621
7135
9474
8458
8428
7857
7522
7799
7007
9178
7573
8098
7862
7874
7085
7025
7684
7599
7310
8193
7697
7138
7328
7471
7566
8754
7785
8877
8095
7556
7477
7845
7766
8431
8103
8356
8178
8361
8045
8388
8145
8363
8183
8291
8581
8539
8561
8338
8291
8173
8481
8358
8802
8413
8508
7962
8160
8072
7814
8486
7857
7775
7566
8318
7338
7385
7534
8238
7905
8288
8504
8218
7825
7764
7454
7962
7476
8050
8413
8484
7927
8145
8032
8787
8059
8343
8350
7839
8107
8356
8268
8010
8002
8167
8240
8789
8483
8501
8130
8486
8847
8854
8654
8561
7769
7972
8105
7975
8298
7751
7350
8140
7875
7794
8922
8611
8371
9228
8301
8270
8619
8390
8533
8544
8458
8390
8651
8431
7995
8361
7975
8358
8767
7860
9190
8263
8717
8608
8576
8689
9238
9463
8831
8180
8606
8293
9365
8135
8285
8406
8355
8150
8168
8359
8007
8864
8739
8345
8373
8058
8248
8399
8441
8441
7973
7716
8308
8025
8255
8486
8446
8038
8568
8757
8255
8588
9263
7927
8203
8153
8286
8166
8182
8185
8441
8024
8494
7974
8526
8431
9631
8531
8271
8491
8166
8388
8381
8107
8438
9216
7874
8438
8291
8443
8712
9396
8388
8413
8171
8320
9058
8240
8516
8363
7902
8013
9025
8890
8624
8444
8820
8419
8085
8561
8055
7840
8523
8729
8494
9201
8288
8082
7894
8449
8438
8117
7759
9456
8042
7571
7406
8306
8113
8406
8102
8253
8434
8659
8231
8539
8200
8369
8684
8004
8664
8992
8421
8496
8493
8526
8127
7681
8494
8617
8364
8358
8616
8529
8278
7852
8105
8634
7870
7702
7935
7739
8466
8599
8328
8188
7998
9459
8581
8617
8423
8762
8456
8444
8366
7937
8378
8356
8336
8410
8245
8544
8180
8521
8972
8205
8191
8068
7963
8238
8258
8438
8401
8436
8551
8759
8902
8636
8190
8315
8430
8491
9215
8320
8922
8469
8178
8095
8374
7952
8243
8218
7973
8223
8825
8389
8516
8366
8191
8326
8458
8476
8664
8278
8405
7862
8328
8365
8381
8286
8579
8400
8609
8403
8152
8150
8328
8779
8180
8195
8308
8626
8679
8461
7957
8534
8095
8471
8865
8426
8228
8484
8131
8113
8288
8260
8260
8240
8439
29408
9416
8764
8882
9124
8627
8726
8090
8711
8889
8626
9536
8799
8303
8281
9288
8724
9353
8689
8518
9065
9756
9152
8443
8471
8942
9033
9000
9035
8937
8993
9037
8584
8506
8424
8972
8701
9526
9251
8855
8574
9138
9035
8839
8855
9100
7724
7601
7486
7684
8461
8797
9195
9260
8802
8310
8739
8897
8503
8942
8138
8932
8691
7682
9795
7571
10112
8301
7789
8418
8310
8802
7930
9333
8822
8636
8631
7614
7616
7385
7551
7875
7564
7418
7634
7757
7439
7686
7716
7527
7499
7634
7576
7757
7256
7689
7684
7471
7904
7744
7541
7937
7528
7777
7464
7706
7852
7927
7916
8092
7920
7943
7514
7609
8579
7842
7438
7804
7476
7564
7533
7556
7871
7485
7428
7689
7549
7463
7636
7614
7365
7554
7805
8045
7947
7491
7899
7486
7676
7647
7661
7799
7819
7609
7827
7428
7597
7882
8602
8431
7962
8010
8308
7736
7551
7762
7519
7739
7756
7576
7583
7957
7912
7373
7927
7822
7714
7849
7804
7437
7732
31546
7852
8233
7745
7837
7568
7571
7696
7519
7770
7614
7644
7987
7912
7744
7719
7691
7584
7482
7802
7544
7651
7687
7579
7909
8255
7912
7619
7842
8113
7621
7847
7466
7641
7674
7559
7586
7473
7516
7779
7396
6980
7566
7366
7676
7521
7383
7526
7381
7278
7365
7714
7619
7727
7539
7150
7619
7300
7679
7486
7629
7687
7566
7634
7599
7508
7599
7627
7626
7624
7408
7574
7786
7737
7664
7584
7486
7584
7709
7812
7351
7353
7627
7845
7504
7840
7511
7789
7739
7759
7628
7270
7629
7827
7719
7373
7601
7835
7413
7556
7629
7740
7499
7612
17365
7929
7443
7256
7571
7789
7338
7757
37992
8083
7742
7548
7461
7544
7471
7734
7661
7496
7857
7895
7664
7569
7682
7601
7532
7373
7405
7444
7366
7423
7707
7574
7862
7589
7519
7962
7365
7058
7791
7759
7489
7644
7458
7571
7652
7438
7541
7701
7593
7456
7646
7588
7739
7784
7616
7531
7113
7603
8536
7408
7538
7490
7513
7541
7541
7554
7699
7762
7348
7494
7566
7410
7564
7669
7611
7553
7353
7270
8045
7461
7676
7501
7418
7569
7581
7533
7384
7642
7943
7709
7882
7445
7799
7160
7516
7679
7717
7391
7604
7596
7531
7569
7614
7684
7308
7391
7747
7697
7501
7844
7879
7419
7684
7107
7771
7639
7544
7890
7338
7438
7732
7944
7854
7930
8318
7742
8053
8218
7967
7887
7958
8003
7937
7532
8195
7830
7992
7945
7784
7425
7849
7143
7197
7185
6917
7408
7098
7071
7087
7120
7057
7015
7052
7082
7062
6877
7238
7150
6939
7097
7173
6870
6955
7136
6920
7024
7283
7062
7191
7087
7092
7230
7110
7044
6945
7060
7073
7226
7298
7315
7338
7162
7420
7874
7433
7007
7548
7231
6970
7290
7107
7160
7346
7584
7218
7113
7207
7270
7399
7002
7102
7581
7626
7376
7972
7959
7534
7536
7947
8176
9619
9568
8155
9509
10331
8562
11774
9571
8919
10245
10067
9430
7899
9684
7644
7353
7473
7564
7218
8165
7325
7132
7716
7368
7706
7501
7669
7589
7390
7887
7428
7706
7774
26990
8381
7771
7697
7725
7907
7847
7491
8050
7909
7774
7629
7839
7781
7909
7629
7760
7837
7800
8060
8182
12824
8010
10030
9754
11167
9491
10213
8982
9666
10659
9551
9577
9053
10789
10251
9616
10135
9403
9832
10335
10306
8797
10401
10208
10130
10716
9158
9970
10103
9624
10862
8466
9867
10182
9644
10340
7995
10080
10128
10318
9463
9799
8190
8042
8052
7794
7879
8160
8168
8125
8027
8105
8017
7962
8047
8391
8063
7712
7949
7942
7942
7804
7857
7884
8125
7916
7988
8330
7915
7942
7947
7794
7844
7958
8270
8328
8042
7937
8165
8579
9875
10662
10310
10634
10263
13742
9929
8298
9235
8075
7601
8002
7770
7589
7691
10905
8293
7965
8321
8448
8709
7977
8185
8310
8255
8067
8496
8384
8251
8123
7919
8183
8245
7990
8185
8368
8110
8128
8211
8042
7997
8241
7954
7952
8200
8185
8328
7892
8035
8556
7992
7790
7767
7797
7937
8481
8158
8029
8150
7900
7979
7940
7967
7875
8123
7814
8097
7766
7880
7917
8060
8168
7814
7667
7987
7952
8065
7974
7974
8060
7784
7891
7812
7699
7741
7850
8004
9308
7935
8176
7934
7869
8258
7927
7797
8113
8260
7772
8155
8371
8346
8045
7812
8140
7877
8126
7809
7884
7847
7834
7829
7764
7493
8192
10731
10019
10391
9651
10782
9017
9518
9799
9604
7769
7760
8842
8573
8256
8421
7769
9766
8897
9418
9914
9589
8699
8140
8236
8256
8145
8256
8483
8286
8147
8609
8298
8420
8160
8624
8303
8022
8233
8268
8120
8218
8183
9027
8150
8453
8148
7889
8424
8970
8478
8162
8366
8436
7744
8479
7940
8614
8647
8518
8511
8356
8827
9137
8443
8403
8225
8684
8431
8376
8899
8686
8621
8338
9321
8642
12313
9343
8213
8854
8133
8746
8965
8709
8789
8255
8335
8496
8498
8734
8699
8386
8529
8469
8192
7872
7812
7975
8105
31817
7852
7674
7729
8010
8090
8767
8245
22260
9125
8862
8022
7709
8017
7995
7541
7825
8160
7817
8143
7677
8341
8789
8519
8852
8958
8238
8945
8190
9227
8967
9005
8804
9131
8684
9273
8915
8880
9371
9165
9090
9130
8634
9058
9328
8841
8130
8494
8434
8815
9401
8892
8617
8874
8699
8637
8791
8895
8797
8982
9195
8927
9308
8865
9335
8142
8145
8073
8080
8225
8541
8519
8654
8444
8964
8424
8824
9196
8569
8584
8952
8636
8431
8461
8551
8601
8796
8924
8865
8283
8173
8228
7789
8072
8421
9747
8606
7885
7346
8456
8195
8524
9439
8105
8471
8218
8549
8752
8997
9345
8947
10902
8927
8341
8329
9493
8634
8516
8506
8363
8325
8744
8338
9358
7992
8579
8849
8596
8707
8972
8972
8824
9067
8496
8536
8837
8182
8077
8684
8852
9088
8884
8566
9639
8937
8817
9215
8872
8366
8494
8067
8747
9173
8839
8060
8527
8503
7964
8103
8201
8448
8591
8547
9062
8954
9105
8636
8328
8320
8809
8315
8689
9193
8957
8634
8631
8268
8258
8801
8661
8764
8449
8511
8656
8799
8691
8425
8320
8123
8463
8443
8792
9069
8749
8393
8867
8381
8586
8932
8162
9198
8780
8572
9335
8847
9002
8791
8746
8198
9293
8376
8343
8032
8360
8331
8762
9110
8731
8899
8789
9371
8511
8468
8267
8526
8596
8428
8722
8874
9356
9030
8719
8523
8433
8431
9050
8736
8514
8369
7985
8200
8879
8147
8038
8435
8098
9639
8809
8340
9115
8408
8233
8486
9298
8302
9664
8552
8922
8450
9350
8258
8468
8454
8596
8822
8829
8506
8944
8804
8924
8890
8631
8724
8619
8479
8867
8157
8734
8730
8592
8541
8531
8446
8759
8964
8749
9050
8895
8862
8586
8662
8572
8140
8581
8491
9065
8739
8854
8491
8924
8822
9288
9517
9158
32158
8844
8529
8529
8534
8544
8604
7772
8308
8133
9236
7479
7902
8193
8190
8797
8656
8328
8606
8523
8296
9045
8698
9178
8904
8653
9160
8674
8985
8310
8523
8296
8977
9250
9709
8802
8622
8877
9205
8899
8952
8298
8576
8569
8514
8290
8569
8594
8556
8714
8120
8316
8340
8579
8872
9131
8526
8932
8601
8246
8090
9002
8817
8127
8210
8829
8270
8747
8604
8343
10195
7844
7388
7749
8045
7463
7466
7403
7381
8193
7428
7601
7281
7556
7559
7666
7649
7614
7676
7847
7288
7694
7369
7752
7764
7669
7797
7536
7686
7875
7321
7533
7513
7541
7213
7544
7496
7441
7393
7673
7413
7321
7614
7564
7649
7373
7652
7405
7501
7519
7742
7423
7333
7419
7326
7486
7503
7684
7157
7506
7747
7777
7785
7571
8065
8464
7574
7666
7340
7411
7957
7663
7854
7919
7581
7801
7596
7752
7634
7897
7799
8639
8065
7799
8133
8686
8406
9013
8333
8391
8007
8671
8160
7964
7732
7794
7845
8389
8496
8564
8597
9168
8493
8509
8060
7393
8521
8038
8293
7950
9248
7782
7959
9195
7780
8621
8664
7973
8637
8509
8200
7732
8078
7881
8263
8160
8374
8504
8062
8514
8276
8318
7944
7932
7716
7930
8478
8266
8393
8027
7942
7872
7880
7994
7832
8140
8188
8379
8745
7997
8523
9010
8311
8323
8677
8290
8975
8343
8461
8070
8667
8544
8499
8607
8519
8238
8238
8391
8048
7734
8290
8173
7972
8135
8415
8541
8263
8596
8468
8659
8556
8616
8754
8719
8428
8373
8558
8090
8058
24252
8988
8315
8203
8785
8534
8413
8563
7923
8148
7686
8075
8030
7917
7999
7912
8020
8008
8040
7879
8027
8095
8404
8384
8627
8508
8506
8464
8587
8471
8137
8698
8463
8747
8393
8141
8278
8202
8132
7766
8328
8273
7988
8077
8148
8536
8283
8374
8451
8067
8305
8784
9045
8774
8471
8772
8624
7995
8376
8504
8639
8894
31997
7989
7508
7433
7639
7489
7819
7586
7619
7218
7682
7639
7779
7591
7767
8539
7649
7293
7782
7429
8072
7929
7667
7654
7541
8092
7433
8013
7586
7491
7343
7613
7774
7709
8363
7536
7819
7609
7839
7358
7258
7884
7716
7571
7694
7546
7699
7967
7434
7890
7749
7854
7406
8296
8491
7967
7363
7745
7849
7935
7323
7802
7980
7206
7514
8020
8677
7609
7561
7919
8309
7985
8536
8391
8221
8476
8015
8977
9556
8887
8807
8476
7887
8088
8692
8010
8017
8068
8062
7909
7884
8000
8218
7887
8142
7998
7872
8012
7900
7969
8025
8418
8320
8113
8291
8794
8268
8085
8038
8105
8546
8311
7811
7955
8065
7837
7902
8494
7824
8589
7857
7756
11133
8598
8306
8827
8636
8471
8564
8153
8118
8376
8213
8654
8178
7694
7459
8959
9150
8276
8218
7767
9195
7699
8296
8611
8278
9182
9341
9202
8052
8764
8028
8350
7739
8919
8376
9273
8939
8265
7817
9073
8135
7644
8028
7812
8210
8050
8301
7854
7989
8429
7812
7990
8383
9097
8356
8078
8012
7839
8261
9266
8075
8676
8664
10087
8433
8032
8077
8336
8569
7681
8225
8358
8045
7999
7666
8191
7764
8573
7884
7999
8095
7760
7716
7704
7679
7935
8248
8774
7922
9125
8902
8721
8240
8484
8072
8188
8017
8152
59241
8536
11435
7929
7950
8208
8369
8000
8320
8326
8511
8709
8331
7879
8142
7794
7932
8213
8112
7890
7724
7937
7939
8122
7865
8005
8212
7825
7930
7930
7862
8258
8420
8529
8366
8216
8478
8697
7903
8273
7960
8138
8143
8000
8795
8146
8293
7860
8163
8065
8220
8200
8381
8568
8524
7677
7324
8628
8799
8551
7983
8626
8602
7992
7772
8072
8536
8563
8486
8308
8182
8247
8346
8311
8945
8791
8591
8885
8817
9038
10007
9027
9766
8661
8128
8010
8248
8092
8852
8378
8596
8398
8764
8410
8761
8807
8385
29667
8285
7533
7503
7709
7454
7925
7767
7952
7764
8346
8318
8243
8398
8163
7805
7892
8120
8170
9687
7674
7742
8070
7977
7706
8030
8701
8296
8761
8175
8265
7684
7383
8040
7634
7516
7824
7557
7616
7691
7774
7767
8023
7769
7955
7716
7541
7541
8171
7647
7969
7807
7622
8020
9160
8305
8077
8075
7801
8323
7965
7917
8298
8123
8110
7967
8043
8020
7827
7749
7895
7647
7844
8137
8240
7817
7925
7541
7935
7626
7739
7827
7611
7762
8068
7807
7586
7606
7870
7537
8115
7736
7669
7959
7810
7273
7892
7701
7935
7782
7637
7969
7484
7689
7933
7727
7756
8175
7689
7519
8350
7955
8115
7695
7516
8120
7776
7784
7617
7867
7664
7904
7799
7952
8195
8398
8241
8503
8441
8674
7999
8210
8498
9261
10394
11992
8368
9784
8358
7403
7701
7767
7647
7741
7579
7659
7481
7855
7677
7759
7880
7794
8095
7712
7767
8451
7912
7837
8155
8000
7571
8020
7646
8000
7782
7852
7924
7404
8077
7917
7582
11376
7719
9132
10401
9719
10468
26290
10867
9917
8331
10754
10042
10245
9910
9135
10338
10252
10378
9872
9979
10107
9955
10040
9013
10972
9181
9415
10037
9766
10409
9927
9769
10802
8531
10548
10508
8933
9335
8551
9874
10165
10070
11553
8238
8115
8431
8100
7872
8246
7726
8077
8313
8153
8582
8230
7993
8341
7872
8060
7749
7837
8085
8062
7794
7765
7970
8215
8058
7878
8013
8022
8067
8103
7992
8303
8188
8325
7754
8583
9777
8481
10859
10371
9181
8291
8589
7865
8180
8181
7774
7776
7746
12115
8095
8078
8038
7862
8571
8113
7923
8276
8220
8118
8351
8072
8218
7847
7954
8200
7870
8105
8213
8413
8401
8000
8078
8190
7917
7975
8017
8293
8004
8012
7965
8185
7719
7684
7797
7967
7879
7664
8060
7957
7867
8383
7911
8105
7857
7929
8110
8178
8266
8123
8150
7732
8308
8190
8306
7646
8271
7983
7747
34536
8037
7832
8466
8108
6957
7045
8276
8636
8411
8376
7569
8556
7837
7837
8488
8095
8073
7676
7686
8040
8228
8363
8703
7811
8233
8476
8343
8161
8581
8556
7727
8561
8426
8438
8444
8137
8243
8323
Duration mean is 8363.889151740454
Duration variance is 2.4740384243500788E7
