876731
31563
29782
25914
25649
27789
25718
26638
26022
26386
25536
26807
25912
26318
25841
25496
26224
26786
25453
25117
25629
25580
25485
25300
25581
25712
26628
25699
25320
25174
25664
26456
25911
25871
25470
26322
26473
25859
25310
26738
25040
30258
31077
25445
26268
26727
26124
28064
30100
27992
26869
25969
26340
27298
27090
28150
27067
26886
27357
28433
26904
27443
27450
27984
27087
27155
27506
27676
28308
27713
27722
27425
27581
27578
25859
25696
26323
25946
25876
25598
25787
26586
26290
25426
25826
25343
26062
26039
26541
27904
26882
26002
26408
26626
26436
26097
26403
25944
26889
26733
26625
26491
27135
27540
27653
26040
26966
29621
64192
25558
25749
26024
26390
25415
25025
25683
24345
24182
24556
25187
25603
25844
25621
24957
24716
25713
25959
25047
26728
25327
25260
24844
25601
25596
25746
25009
26716
26072
26337
26578
25746
26566
26378
26006
26673
25398
25230
24689
25441
25751
26019
25573
25867
25508
26689
25082
25621
25270
25824
23917
26110
26548
26456
24859
26310
25739
26340
26511
26531
26836
26175
26202
26471
25937
26255
26132
26566
25926
26310
25811
27092
27613
27080
27862
26455
26794
26804
26809
26739
27333
27070
27102
27197
24380
25986
24450
25578
25659
24854
24786
25521
26839
26759
27024
27124
27080
27533
27475
28099
27613
27242
26333
25440
25862
26094
26822
25495
26280
27037
27325
26516
27345
25669
27468
26919
27625
27510
26426
26103
25744
26525
27084
26734
27172
27889
27568
52684
27982
27916
28230
26836
28172
27290
27309
27000
27260
27826
27060
26798
27653
27187
27067
27140
27367
27255
27453
27430
28545
27766
27610
28451
27902
27641
27944
27016
27127
27455
27370
27173
26204
27403
27192
26190
27786
27127
25731
27275
27360
28159
28071
27636
27189
27112
27292
27596
27233
26540
26079
27646
27167
27877
28894
26939
26902
27278
27092
27929
26388
27322
27327
27989
27556
28225
27959
27733
27022
27927
28092
28243
27583
28148
27959
27397
27158
27939
28741
27130
27506
27104
27129
26696
26929
27067
27660
26625
26994
27576
26946
26651
27817
27448
26984
27638
28385
26481
26814
27551
28636
27099
25157
26673
28322
26729
27849
28041
27417
27876
27370
25997
27109
26731
27239
27714
28175
27991
29100
28277
51190
27846
28203
27360
25080
25099
24806
25949
25272
24794
25262
25626
25417
25213
25210
25691
25641
25335
25421
25229
24961
26859
27573
27829
27781
28218
25949
25516
25378
25967
25962
26100
25601
25974
25704
25731
25867
25689
25699
24819
24936
25739
25405
25257
24832
25250
26603
27285
27736
26526
26024
26395
26313
25054
24856
25179
25044
24904
24804
24801
25189
25229
25436
25458
25027
24773
25032
25361
25036
25377
24836
25285
25769
25042
25125
24380
24876
25114
25069
24368
24824
24712
25340
25406
24942
25185
24999
24931
25242
25262
24746
24748
24688
24894
25145
25205
26328
25413
24931
24771
25649
25488
25202
24951
25243
24984
25155
24884
24434
24636
24751
24551
24846
24869
24348
24924
24575
24833
25057
25243
25001
25569
24804
24849
25050
25377
25242
24541
24643
24864
25515
24901
25158
24946
45178
26147
25706
25154
25140
25360
24872
25035
25220
24940
24411
24150
24350
24290
24059
24055
24108
23887
24194
24491
24237
24488
24380
24185
24875
24506
24265
24867
24278
24290
24551
24575
25555
26255
29599
29383
28373
26297
24777
24398
24588
24336
24673
25435
26455
25759
25087
25465
25207
25252
26951
28809
30974
30513
30586
30979
31092
30197
28598
30696
28741
29458
30100
31323
29155
30558
29200
26443
25370
25310
25904
25907
25804
26047
26062
25726
26024
26200
25809
31586
28641
26919
25160
28182
25506
26633
25664
25488
25571
25784
25772
26052
26104
25783
25719
25385
25102
25782
25513
25761
25731
25776
25974
25197
26025
25619
25390
25420
26007
25935
25513
25636
26155
26678
25693
25640
25238
25425
27019
30455
29360
30007
25952
27563
28713
30649
28122
26678
25874
26774
51322
25067
27573
27932
27543
28130
28117
28285
26458
25119
25513
25290
27263
26729
26561
25711
25724
26889
27014
27125
28591
26896
26012
26579
26661
25941
26950
26981
26611
27907
27133
27699
27799
26693
26897
26942
27563
27939
65783
29019
27613
28989
27540
27200
27734
28463
26370
27446
27836
28120
27731
28494
27197
27510
27791
28513
27698
27425
28172
28062
28208
28876
27901
27125
27169
28154
28435
28661
27832
27739
28117
28811
27528
29089
27122
26786
26799
28129
28781
27570
28180
27676
28591
28851
29155
28767
27921
28148
28297
28468
28082
28450
27889
27162
27992
27872
27601
28135
28470
27971
27854
26809
27337
27944
28353
27954
28237
27563
27187
28239
27558
27899
26859
27167
28616
28004
27967
28435
52488
27697
27290
28300
31663
32664
26307
24621
25781
25468
25137
25854
25924
25899
25661
26397
26270
26857
24624
26621
26803
25408
25035
25851
25235
25528
26162
26220
26398
26473
25852
26443
25571
25471
26230
26876
27170
27540
27120
26225
27228
27433
26426
27109
27031
26323
26398
27140
26931
26370
26560
26912
27315
26784
26778
26340
26433
27425
27295
27367
28165
27478
27403
28117
28237
26418
26894
27917
28295
27718
27818
27017
28485
27503
27648
27060
27152
27152
26992
27323
27937
28272
27366
27759
27398
26917
27187
27455
27187
27252
27653
27664
27355
28383
27505
28044
27528
26937
27624
27251
27668
27984
31095
29911
33012
32724
27478
25300
25453
25644
25822
25406
25726
26069
27979
32310
32277
30104
30415
31105
29703
31258
29804
32768
29358
28089
26105
26365
26348
27175
27142
25931
27275
26814
27608
26881
26856
27748
27130
27425
27540
27150
27731
26849
28012
29293
28784
28195
28320
27841
27418
28393
27934
25759
25686
26117
26065
25551
26127
25945
26267
27072
26403
25816
26132
26433
25852
26947
26686
26568
27368
26488
26383
26230
26009
26618
28457
27200
28661
26600
26751
26210
26648
26275
26215
27248
27225
26593
27396
26485
26811
27872
27105
28358
27034
26962
26060
26664
31997
27248
27781
27811
27456
28676
27285
27440
26558
26766
26463
26483
26553
26774
27570
27408
30909
27591
26926
26965
26669
27079
26198
26110
28200
28390
28280
27132
27824
27140
28288
26508
26396
27230
26797
26656
26030
26811
26964
26874
27297
27465
26962
26553
27243
27047
27057
27713
26847
27970
27796
26896
48483
27771
27756
28603
27984
27092
26761
27793
27305
27408
26829
26235
26257
27388
26606
26475
26325
26420
27388
27664
26671
26468
26285
26159
26406
26370
26317
26303
28270
25839
25628
27843
26025
27641
26834
26240
26633
26693
26293
26907
26401
26538
26322
26526
26391
26875
26197
26746
26656
26400
27308
27691
27466
29644
25964
25772
25956
25784
26159
25347
26004
26325
25605
26210
25919
26200
30167
31114
30774
31295
29606
30920
30421
31628
29410
30876
30794
31425
31598
28913
31578
30385
31558
27089
26062
26040
26606
26157
26663
26538
26099
25786
26348
26515
26816
32190
27606
25954
25371
26523
26373
26210
26244
26300
26192
26105
26405
26202
26738
26498
40470
26538
26380
26097
26350
25952
26057
26287
26082
27663
26094
26553
26591
26089
50112
25338
24681
24769
25225
24974
24980
25894
26415
26230
26574
28774
31992
27144
26282
25690
26048
25947
25949
27082
26214
26039
26307
26258
25992
26190
26746
26172
26127
25944
25821
25852
28335
27202
27277
27054
27280
27085
26974
28049
27550
27661
27949
27741
27646
27228
26220
25937
26984
26544
26749
26072
26821
26706
27004
25952
26801
26167
26580
27518
27250
26656
25581
28042
27060
27634
27563
28122
25851
26054
25834
26974
28228
27809
27094
27057
26129
25951
25844
25814
26872
26481
26029
25872
26989
26052
28084
28127
27544
29052
26481
25065
26052
25801
25546
24970
25263
25726
25313
25433
25463
25298
25688
25814
25445
25250
24403
24356
24594
24731
25044
25180
25147
25803
27034
29046
25548
25663
25658
26061
25773
25669
25666
29442
31215
31453
29506
30172
30992
52673
31999
28937
27112
26631
25982
26088
26636
26631
26829
29135
28608
27681
26272
26082
26275
26095
26185
26140
26142
26072
26210
25959
26173
26280
26330
25817
25859
25689
25666
26378
26987
26779
27368
26769
27383
27561
26833
28180
27977
27866
27177
28034
26575
26994
26175
26586
26104
26584
26759
27155
26521
27034
26649
26178
28052
28538
27961
26452
27398
27393
28363
28087
26636
27270
27761
27358
26808
28373
27463
26985
27684
27027
26095
27162
27087
26470
27644
27729
27578
26749
26388
27022
26688
26949
26668
26629
27055
28087
28150
28054
27348
27631
28090
27370
27611
27440
26253
27400
26856
26408
27303
28006
25380
25546
26017
25814
25824
25999
25901
31102
31403
29864
30997
31591
30084
32050
30583
28680
26844
26849
26881
26460
26656
26623
89821
25193
26641
26717
25671
25365
25761
25235
25103
24764
26591
29152
25877
25891
25776
26744
27370
27839
28590
28119
26017
27269
26972
27407
27243
26694
26989
27560
27163
27087
26849
28267
28503
28568
28415
27818
27731
29052
26400
26139
25708
26117
26172
26546
26483
26270
26964
26044
25897
26406
27064
56279
27275
27420
26914
26490
28330
29894
31463
30177
29362
33711
29966
32982
30994
31180
34012
30578
29169
32288
31265
31743
29381
32839
30744
33590
29699
34528
28223
32488
30385
32358
26590
27290
27288
26939
26401
26944
27258
27245
27986
27182
27195
27628
27881
27541
27030
28340
29044
27999
29085
29974
26786
25222
24925
26107
26659
25881
26205
25603
26200
25974
26318
26260
26534
27798
32265
29566
31839
30631
57222
31327
31771
31648
29666
31686
30242
31676
29801
30901
31826
29719
28876
26045
25446
26779
26754
25999
26362
26243
26260
26623
26603
26581
29841
28568
25881
24867
28593
26040
26566
26185
26017
26175
26242
26520
26618
26516
26099
25561
25578
25779
26430
27368
26250
26353
26448
26203
25604
26054
27306
26240
26426
26125
26908
26964
26358
26588
25955
25546
27656
27941
27089
27348
27891
27967
28465
28092
27738
27789
27949
27598
27651
27475
27654
27781
27654
27783
28150
28864
29268
28085
27440
27776
27185
26059
26305
26466
26378
26979
26698
26526
26057
26396
26862
26172
25767
26656
27644
26989
26109
27057
27916
26016
26870
27169
27253
27318
27829
26174
26064
26434
26886
27511
27350
29079
26570
27452
27338
29423
28427
27665
28370
27761
50491
25400
24836
25350
28666
26000
25513
25386
25766
25578
25891
25731
26000
26165
25664
25495
25887
25806
26227
25821
26175
26633
25814
25709
25861
26034
25927
27112
26819
27220
28079
27260
27192
28022
27072
27686
27906
27525
41247
27019
26317
26638
26401
26376
25769
26578
26681
26645
26836
27355
28062
26280
26488
26901
27633
28398
25837
26037
26115
26398
26045
25861
25741
29741
30979
30814
30485
31202
33760
27070
26859
26523
26536
26513
26528
31009
26310
28136
26455
26302
26182
26227
26275
26232
26180
26812
26297
25962
26127
26067
26178
26293
26335
26713
26062
26807
27693
27228
27200
27531
27508
27635
27473
27615
27656
27608
27247
26884
26816
26906
27097
26448
25867
27285
27117
27219
26756
27230
28947
28285
27944
27969
27889
27842
27102
27245
47937
28747
28079
27919
27513
27210
28049
28428
27823
26981
27405
27170
27593
27673
27781
28280
28172
27606
27982
27784
28144
28400
28295
28633
28237
28656
28040
28167
28042
28212
28897
28343
28636
28127
29064
27809
28966
28252
27650
28009
28448
28558
28077
28090
28293
27934
28486
28878
28681
28741
28188
28235
27326
27879
27934
27761
27736
28122
28072
27616
28004
27854
27621
28619
28666
28275
28936
29235
28365
27932
27643
27195
27675
27971
27062
27691
28055
27681
28225
27823
27756
27636
27623
27328
27588
27894
27929
27180
27563
27448
26804
27814
28029
28180
27862
27912
27092
27693
28142
27914
27873
28515
25065
25432
25641
25619
25232
25802
25138
25867
31044
30776
30854
30868
31245
30987
30322
29971
26864
26626
26380
26859
46493
25601
25887
26756
27706
27496
27907
27929
27609
28087
27902
27215
27528
27581
27812
28205
27451
27869
28413
28889
27899
28443
28435
27826
27518
28217
28157
28861
27330
27423
28370
27919
28160
27555
28426
27741
27425
27704
28491
28047
27996
28119
27829
27899
27750
27932
28543
28210
27410
28202
28124
27771
28997
28330
28280
28458
28400
28258
29067
27774
24728
25375
25368
25629
27681
27866
27445
28119
27365
27037
28208
27719
27518
28318
27282
27614
28039
28237
27453
27921
28040
27681
27711
27440
28122
28686
27089
28085
27395
27172
27621
26869
27263
27844
27523
28263
27313
26410
26877
26624
26578
26571
27445
27360
27853
28283
28303
27972
28095
27701
28162
28342
28470
28032
28331
28062
27315
28295
28568
27937
28490
27393
26573
49333
27690
27097
26886
26746
26786
26616
27067
28112
26736
26375
26460
26804
26523
26445
26711
26247
263108
48435
26628
26545
26342
25844
27109
27275
26944
27275
27836
27458
27666
27493
27055
26190
26074
26355
26178
26029
25759
26438
27238
27650
26413
26049
26193
26355
26089
26110
26423
26219
26004
25691
26057
26245
26681
28377
27355
29245
30979
25982
25132
24704
25183
24734
25109
25543
25227
25288
25598
25753
25147
25362
26202
29184
28996
31164
29558
30112
29944
31520
29648
29260
30372
29957
31621
29225
29689
29711
30999
30739
29493
26970
25759
25403
25981
26330
25691
26285
26313
25746
26070
26187
26300
31465
28006
25263
25132
29669
26158
25749
25538
26080
26097
25814
26418
26079
26150
25604
25406
102229
25606
24950
25393
27821
26974
25100
26861
25719
25490
25608
25062
25757
25443
25613
25824
25559
25591
25701
25262
25386
25561
25203
25436
25350
25072
26112
25894
25032
26511
26763
26719
27079
26961
26361
27228
26178
27360
26560
27302
27751
26912
26248
26768
25956
26325
26258
26185
25729
26323
26658
27054
25937
26832
25766
26764
26277
25949
25912
26811
26117
26295
26358
26074
25273
25466
25718
27014
25804
25872
26366
26902
26884
27092
26421
28872
28393
32689
27110
26882
26375
26590
27601
26678
27034
28170
26331
27634
25588
25027
25515
25546
25355
25358
25493
25563
25601
25518
25594
25005
25368
25521
25480
25413
25458
25182
26521
26072
25744
25816
25545
25488
26408
30478
26307
26427
26902
27919
28267
28160
28703
27207
27894
27377
27410
26736
27145
27285
47388
28107
27320
27966
27666
28147
27866
27280
27733
28025
27002
26045
26397
25947
25986
26187
26323
26769
26496
25493
25974
25967
25786
26558
26470
27167
27027
25853
26772
25864
26007
26247
25536
25806
25726
25991
25916
25575
26335
26849
27373
26217
26393
26799
27926
26480
26215
27326
26831
26245
27666
27901
27478
28513
26791
26751
26307
26718
26864
26188
25974
26508
26475
26929
26821
27739
27921
30187
26541
25586
25538
24952
25681
25465
25618
25583
25461
25964
26177
26287
30872
30476
30924
29461
31105
31606
29914
30490
29648
30357
30482
29335
30410
29904
31327
29675
27866
26656
25641
25839
26217
25907
25999
25991
25839
26456
26338
26265
30671
32110
33778
27042
25601
27553
25939
26423
25679
26200
25816
25907
26315
26084
26428
25569
47870
26889
25774
25694
25844
26503
25741
25906
25827
26217
26159
26250
25538
25741
25701
25994
26514
26055
25833
25498
25794
30059
30185
28605
27653
26749
27162
27939
28080
27473
26877
27200
27250
26799
28247
27646
27132
27390
28416
27688
27759
27711
27284
26743
28804
26445
26029
26240
25558
26042
26649
26017
26583
25461
25312
26097
25411
25984
26220
26631
26160
26097
26044
26185
26077
26077
25906
25631
25718
25911
25659
26494
26285
26829
26919
26706
27909
26836
25879
26836
26565
26315
26797
26716
26318
27498
28729
25974
25997
26037
27335
26733
27899
26643
30854
30894
28649
26943
33979
29573
33535
31050
28851
27470
28352
27648
27112
27050
26977
27145
27899
26972
26644
32513
28471
28789
27859
27927
28388
28082
27004
26087
27411
26693
26255
27398
50844
24954
23949
26513
25723
28854
28836
29090
29869
28736
28608
29084
29194
28205
27904
28498
29486
27621
28212
28674
29408
29155
28378
28200
27478
28751
28272
29260
28308
28603
28771
29796
28763
29184
28420
28468
29575
29114
29521
29726
28638
28004
29089
28761
28711
29099
29232
47440
25979
25621
25812
25583
26115
25769
25869
26942
26410
26976
27000
27292
27079
27909
26521
27089
27378
27576
27911
27320
26104
26087
26092
26055
26350
26055
25763
26092
26927
26994
26415
27230
25551
26190
26292
26027
26212
26669
26182
26352
25897
26939
25809
26062
26123
25909
26954
26109
25982
26168
26849
26972
27864
25758
27032
27042
27012
27300
27834
27573
26759
25338
25653
25471
25458
25611
25603
25207
29847
29999
29535
49458
26580
28671
49642
29237
29570
30328
29192
30348
26495
26568
25997
26541
26879
26365
26982
29062
27843
26343
25661
25939
26027
26169
25999
25473
25972
25441
25824
25558
25932
25669
25566
25488
26300
26220
25296
26566
26894
26681
26689
27067
27112
27696
26431
27047
26779
27293
27496
26899
26887
26428
26435
26100
25832
25989
25939
26468
26613
26671
26242
26127
25538
26280
25735
25819
26252
25891
26726
26092
26347
25824
25233
26197
25574
26882
25653
25990
26463
27398
25864
25683
26367
26425
27170
27387
26358
26656
28007
26287
27488
27383
26811
27328
27057
27783
26200
24488
24505
24904
25904
27117
27187
27253
26826
27252
27237
26872
26990
28137
27250
27180
27566
27380
27648
28187
28025
27804
27616
27508
26951
27603
27408
27601
27783
28007
26904
49541
28297
27995
27387
26774
27721
26586
26069
26425
26265
26077
26403
26235
26558
26862
25990
26017
26072
31491
26052
26257
25711
25919
25761
26157
25889
26180
25436
25749
25934
25776
26087
25668
25869
25664
25573
25791
25375
25793
25731
26410
25631
25689
25450
30172
27601
26446
26353
26430
26522
31270
28859
27017
28761
27569
26899
28922
28237
27458
28616
28711
27034
28375
27082
27774
27267
28586
27533
27571
27235
27546
27082
27699
28287
27929
27833
27856
28496
27330
27791
27511
27852
27954
28405
28039
27748
27520
27691
27639
28315
27942
27591
26666
27298
28250
27508
27360
27651
27232
27896
28618
28014
27907
28067
27894
27934
27743
26538
26826
27147
25824
25606
26656
26536
26431
26666
26282
25987
26014
26511
26598
27368
27157
26158
45909
28593
27926
26282
26812
25428
26959
27275
26267
26550
27438
27463
27021
27393
27408
26468
27117
27293
32065
27954
25456
24172
24533
24192
24383
24756
24591
25102
25543
25618
25097
25067
25310
25435
24827
25423
24420
25658
29753
28706
31683
30387
29371
30305
29966
30699
31029
29674
29793
29107
29578
31367
30806
30195
29531
30448
30165
27877
25786
25280
25603
26105
25731
25616
26275
26120
25884
25635
25658
26157
25708
30753
32017
27551
24749
25095
27601
25957
25701
26172
25395
25606
25801
26245
25688
26069
25824
24975
25776
25608
26115
25719
25666
26094
25631
25285
25606
25443
26215
26067
25774
25628
26154
25581
25813
25280
25726
26401
25869
25606
25714
25533
Actual mean is 27649.429199053735
Actual variance is 16528.567301080056
