719848
26920
25618
29403
27550
28738
29222
29899
28463
29252
28395
29275
29298
28322
29936
28358
28240
30034
24616
24318
23801
24225
24611
24689
24425
24207
24986
24601
24478
24187
25134
24385
29839
26817
24536
23965
56860
24664
24588
24365
23232
23067
24207
23380
24679
24067
23999
24864
26084
26380
26155
25794
26340
25125
23629
24438
24478
25157
25859
26142
25799
26127
26463
25841
23689
22586
24463
23355
24139
23847
23495
24397
24084
23343
24395
25801
26731
25917
26170
25518
26392
26491
26478
25886
25741
24348
23992
24777
25102
31641
25285
24623
24580
24679
24606
25185
24515
25192
25227
24727
24485
25308
24676
24992
23766
24801
24706
25134
25438
24759
25047
24418
24481
23353
23987
24227
23984
23611
24057
23964
24318
24170
23891
23986
23674
25139
25626
24483
24233
23704
24133
23753
27979
28954
30015
27470
25322
25584
25766
25480
28132
28661
26762
25250
25110
25939
27185
26262
26416
26170
25854
25853
26162
25483
25089
25583
26533
26060
26005
26205
26962
26448
26328
26778
26606
26911
26473
25989
25209
24809
24744
24571
24560
24920
24608
25250
25546
25097
24550
24739
25207
24569
24777
25132
25052
25644
25392
24608
25486
25981
25919
24688
24375
25129
25731
26415
25476
25363
25313
25841
26981
24796
27348
25070
25380
26989
26621
25376
25481
25911
25232
25719
25816
24877
75745
25407
23932
24659
27310
25222
24861
25326
26012
25553
26312
25047
24385
25599
25673
25460
26809
26285
26385
26051
26601
25403
26152
25979
26157
46905
26960
26202
26428
26508
25849
25966
26932
25629
25907
24722
25391
26433
24813
25321
24944
25230
25879
25615
27480
25486
25611
25147
26300
25719
24804
25586
26689
26571
25751
25255
25561
26270
26814
26104
24179
24558
26423
25267
25984
25914
26967
27209
26546
25761
25080
26596
25496
26220
26703
27581
26964
27551
26857
26916
27129
27355
26784
26962
27049
25902
26012
26198
27337
26368
26067
26515
25965
24822
26315
24686
26099
25483
26533
26523
25814
27260
26380
25360
26069
25613
26451
25869
26333
25768
27436
25253
26230
25911
25202
26029
25764
25378
26440
26666
26428
26275
26225
24405
25533
25659
26541
25388
25676
26248
26006
25333
26358
26260
27337
25734
25581
26267
26360
26704
25977
26004
26465
26155
25954
26754
25621
24713
25258
26168
26135
26406
52856
25699
26270
25884
26493
27042
25864
25530
26134
25726
26290
26896
26418
26098
25960
26124
26125
26323
25941
25781
26490
25493
26020
24731
25325
26405
26656
27190
25560
26247
24941
27002
26395
26533
25019
26127
26272
25914
25886
27042
25896
25609
26273
26521
24829
27821
28966
24789
23077
24174
23019
24167
24297
24408
24160
24228
25198
25586
23540
24769
25165
24388
23859
24152
24016
23653
24007
24300
24312
24774
25029
24129
24649
24310
24260
24335
25057
25804
25340
25771
25110
25949
25886
24889
24824
24874
24719
25465
25714
25220
24300
25265
25307
25678
24992
25753
24942
25060
25949
25471
25729
26049
26153
25395
25575
26067
26165
24934
25312
25799
26621
26822
26293
25471
26854
25573
26087
25927
25518
25380
25483
25839
26069
25806
26042
25904
25959
25273
25876
25736
25872
49728
23438
23581
23360
23072
23649
23338
23654
25007
25874
26125
25857
26909
27538
24468
24180
24062
23757
24751
24829
24601
24288
23834
24887
25052
24452
24371
24678
25385
23934
23581
24087
24335
24463
24270
24160
23937
24623
24894
25759
26403
24012
25498
25721
24536
23904
23847
23997
23982
23917
23598
24112
24070
24042
23749
24377
23929
23410
23931
24012
24045
24140
23999
23934
24107
24326
23886
23757
23794
23691
23779
23373
23724
23879
23398
23851
24290
24200
23874
23924
24047
23937
23949
23753
23611
23799
23696
23626
23768
23561
23079
23515
23421
23521
23513
23957
24132
24150
23856
23876
24230
24047
24059
23972
23626
23581
23809
23240
23630
23912
23722
23182
24041
23874
23596
23902
23789
23821
24074
23879
23709
23553
24184
23946
22984
23190
23681
23353
23854
23501
23673
23150
23686
24451
24335
24170
23784
23709
23706
23781
23796
23784
41731
24420
22932
23277
23020
22969
22681
22924
22726
23243
23198
22816
23794
23060
23779
23275
23172
22984
23307
22669
61567
25338
25125
28560
28733
28849
29729
29899
29665
28360
25167
24283
24413
24368
24468
24989
25345
25115
26220
25215
24904
25355
24906
27147
27052
28530
29536
30144
28290
30969
28370
29894
29749
29929
27837
31035
30097
30212
29039
29891
30493
26398
25009
24877
25333
25020
25308
24932
25092
25140
25267
25445
25766
25483
26909
32129
31320
28087
25580
24678
28514
24523
25879
25224
25193
25238
25222
25074
25619
25423
25533
25828
25661
25094
24493
25175
25328
24939
25563
25075
24944
25129
25771
25185
24814
24997
24821
25355
25478
24901
24586
25837
26075
25671
25475
24894
25011
24899
28783
29677
29009
27202
25608
26955
30739
28997
30275
25954
25668
26094
50816
23551
24691
25190
25614
25944
24661
24784
24826
26237
25771
26505
26190
25985
25563
26084
25776
25768
26158
26147
25876
31791
34225
30951
28292
23558
24019
23717
25040
24538
24190
24470
23781
24756
26307
33565
32538
29147
29746
29225
28596
29382
29463
31373
28440
25410
25786
25754
25498
25205
25175
25448
32443
31755
26405
25473
24962
25174
24824
25373
25463
25390
24955
25047
25017
25084
24563
25593
25436
25032
24756
24876
24711
26483
27330
26030
26343
26585
25952
26586
26916
26313
27080
27056
27668
26896
26373
24848
25458
25473
25534
25554
25418
25446
25773
25859
24996
25583
25395
25550
26187
25827
26402
24867
26485
26052
26024
26150
26127
24213
25134
25159
25210
26383
26145
26155
25796
25739
24558
25009
24896
25297
24787
25235
25000
24927
26523
25245
27182
26428
48666
28849
25776
24007
24416
24197
24498
24154
24644
24478
24551
24140
24270
24536
24403
24764
24879
24306
24097
23656
23660
23733
23506
24208
24653
23726
25012
25789
25565
23956
24353
24952
24605
24187
24686
24669
28791
32470
29867
30215
28407
30162
28240
28903
28917
30177
31824
26055
25503
25982
25420
25396
25335
26006
31696
28874
25202
25257
25611
25518
25468
25209
25338
25383
25240
24886
25593
25130
25884
24965
24984
25260
24599
24987
26363
25744
26370
26340
26198
26365
26533
27291
27202
27157
26937
27067
26423
26207
26112
25808
25371
25539
26027
27240
26373
26253
25305
24947
25779
27964
26047
25739
27077
25751
25576
25634
25711
26703
25919
26203
26167
26544
26586
25254
26956
26496
25641
25769
26975
25867
25002
26315
25368
25693
25383
25273
25252
25378
25265
25178
25513
46844
24771
26275
25694
26090
25160
25628
25864
25798
25671
25989
27350
25623
27057
25483
26248
26511
25516
26568
26340
26653
26491
30766
27501
27931
27165
27174
25969
27200
26210
25062
24806
25014
25230
25142
25904
24638
24403
25198
25661
25738
24573
25320
25396
24855
25328
25488
25857
27135
26297
25744
26150
25661
26352
27621
25986
26207
26017
25556
25350
25122
25230
25614
26891
26636
25841
26377
25458
25960
43259
26443
26423
26781
26877
25629
25357
30455
26643
26922
26545
26483
26325
26521
27299
25986
25679
26024
25658
25675
25985
25817
25859
26010
26651
27676
26428
25989
25731
25921
25115
24726
26926
26435
26530
25580
25756
26391
30140
26165
25132
26330
26242
25092
25388
25593
25581
25784
25378
25856
26037
25433
25644
25844
26024
26215
26425
26661
25796
26624
25799
50274
25693
26029
27202
26843
27302
26190
25227
26609
26628
26052
25473
24869
24651
24944
26322
25175
24924
25250
25242
25719
26353
26227
25551
25576
25347
25393
25283
25172
25388
25596
26135
25232
25037
26037
25396
25451
25879
25844
25491
25110
25528
25393
25684
25521
25417
25044
25475
25072
25994
25102
25202
25092
24604
25443
26566
26421
26320
28218
25358
24546
24636
24619
24709
24970
24960
24970
24965
24756
25342
25177
26766
28506
29488
29345
29614
28781
29190
28917
29380
29803
29538
28884
28179
30080
28701
29909
28629
29743
25377
25293
24373
25167
25313
25237
25330
25355
25521
25266
25242
25438
26408
31535
30869
26912
24498
25864
24899
25212
24754
25588
25313
24866
25303
25648
25616
25253
25804
25160
24589
24393
25215
26255
26422
25578
26368
25047
25357
25403
25669
24571
51778
24849
26270
26307
26260
24881
25531
25759
25949
24820
24839
25613
25601
25566
24839
24178
26208
25704
25581
25001
25894
27473
24716
23879
24676
24393
23649
24052
24119
24505
27428
30674
28367
30658
28974
29531
29834
28483
29849
27746
25766
25569
25245
25185
25209
25392
25887
27774
27418
26660
25250
24864
24969
25017
24997
25090
25238
24908
24453
25147
24841
24716
25157
24679
24759
24919
24797
24789
25125
25927
25932
26609
26466
26160
26456
26407
26684
26738
26714
26550
26555
26776
25727
25909
25277
25282
25696
25428
25924
26318
25697
25703
28476
27044
26089
25560
26320
27117
25433
24636
25935
25358
24837
24518
24828
24333
28777
28064
28897
29110
28824
26208
25681
25451
25268
25432
25256
25746
29593
25623
28661
25231
24601
25005
25147
24832
25085
24854
26275
25225
25037
25210
45946
25055
25047
25082
25370
25145
25112
26568
26313
26460
26287
26613
27408
26320
27300
26508
27047
26773
26736
26238
25675
25601
25473
25573
25443
25585
26085
25633
26062
26734
25372
27205
26513
26515
27130
26578
26716
25588
25886
25565
26997
25969
27183
26093
25746
26571
26260
26368
25964
26300
26383
26052
27809
26288
27097
27466
26283
27247
26989
26528
26528
27287
27032
27001
26879
27408
27027
26926
26313
26869
27539
27132
27084
26903
27781
26904
26791
27541
27017
26180
26649
26724
26653
26599
26479
26774
26373
27037
27044
27551
27077
26944
27411
26651
26741
26859
26759
25992
26854
26796
26328
26736
27052
26798
26985
27065
26525
28115
27340
26162
26398
26598
26558
26448
26581
26090
26348
26678
26563
27194
26949
26809
26225
26122
26583
27764
46483
25578
26601
24348
25060
24797
25205
24410
24694
24706
25139
26653
25727
24739
24779
24754
24768
24716
24184
26827
28731
25796
25035
25446
25829
26639
26947
26666
27258
25694
26137
26074
26528
26388
26265
26001
26551
27135
26272
26719
27199
26491
27025
27483
27134
27027
26576
27909
25794
25100
25744
25270
25629
25229
26139
25481
26082
25674
24879
24451
25889
25158
25506
25471
25649
26841
26147
25325
28714
28485
29784
30438
27513
32019
28340
29032
28265
28535
30635
26876
27886
28776
27017
27441
30616
31746
28784
29603
28355
31433
29488
30949
26130
25077
25995
27060
25654
25764
26237
26087
31621
26423
27207
26222
26170
26145
25972
26368
26460
27769
27420
27986
23842
24428
24004
24095
24465
24709
24581
24521
24959
24696
24287
24992
25117
25325
26560
30718
29014
31591
29062
29273
29844
29129
29074
28513
29453
29343
29012
28490
30962
28952
30054
27080
25438
24811
24576
25621
25235
24801
25064
25423
25478
25373
25198
25027
25212
31190
26834
24418
24357
25505
25067
24756
25137
25144
24970
25448
25644
25463
26784
24901
25144
24499
25167
25130
25154
25844
25282
25077
24914
25252
24876
24659
25554
25543
25784
25563
25117
25102
25751
25964
25709
25616
25230
24927
25000
27859
26671
25947
26072
26726
27021
26761
27190
26416
26517
26829
26784
26115
26684
27072
27506
26621
27035
27523
26817
27403
27613
27255
27145
27626
26275
25741
25250
25335
25313
25523
26097
25726
25728
25029
25117
25114
25951
25636
25350
25669
26897
26360
25386
26749
27298
25621
25986
26832
26238
25867
26228
25506
25832
26122
25642
26490
26636
25980
27012
25847
26363
29079
28453
26808
27097
27089
27000
26493
27103
27631
26879
27190
26891
27032
27225
26846
27294
27874
27797
26257
27308
27856
28227
27074
26909
27430
27099
27678
27082
27348
27981
27047
27448
26999
27701
26863
27957
27581
27282
27192
27937
27585
27690
27240
27548
27942
26526
28082
27287
27422
27335
27804
27969
27062
27217
28179
27312
27576
27398
27170
26984
24092
23909
24208
24536
27070
26595
25413
25458
26323
26090
26994
26603
26608
27796
26207
26640
26939
27112
26786
26435
26305
27604
26801
26367
26693
26433
27536
26332
26668
25784
25696
26282
25889
26891
26789
26052
27297
25906
25541
25719
25283
25619
25097
26427
26920
27603
27335
27787
27608
26786
26140
26466
26962
27378
27553
26809
26739
28022
26914
27272
27065
27072
26839
26977
25508
25640
47129
25491
24505
25017
25618
25719
25456
25388
25799
25551
25506
26230
26034
26195
25849
25714
25182
26054
26413
26869
24595
24233
27894
26764
28503
25826
24024
24468
24483
24663
24548
24362
24824
24463
24290
25220
30367
29097
29395
29142
30411
29967
29678
25746
25826
25386
25170
25618
25548
25919
29014
26575
26223
25160
25052
25313
24779
25345
25353
25107
25202
25082
25069
24493
25548
256968
47961
26165
26034
26328
26731
25601
26062
26047
26433
26584
25651
25741
25227
25287
24975
24846
25498
24773
25824
25426
25871
25566
24937
25287
24984
25245
25208
24930
25441
25368
24666
25498
25099
24786
24899
24732
24804
25618
24731
25179
25330
25621
25510
25911
25372
25812
26531
28814
26250
26069
25333
25653
26340
26263
26322
26114
26067
53582
27142
26025
24272
24074
24245
24498
24293
24383
24373
24356
27741
29408
28861
27793
29132
28669
29916
29147
29212
29255
25360
25613
25307
25032
24922
25383
25120
25914
28090
24405
26278
24804
24596
24711
25065
24937
24759
24831
25238
25275
24884
24641
24891
24651
24498
24556
24728
24623
25020
24857
24623
25926
25828
26034
26328
26225
26420
26473
25656
25483
26739
26313
26510
26320
26150
27025
26566
26340
25881
25418
24982
25420
25579
25483
26218
25044
25353
25045
24866
25307
24881
25105
26218
25373
25809
25440
25210
24483
24969
23801
26070
22871
23834
25395
24916
25177
25338
25205
25060
25175
24453
24726
25591
25059
25247
25265
25207
24824
25388
25265
24981
25300
25408
25258
25080
26159
25152
25310
25837
25551
24741
24867
25137
24922
25222
25415
24972
25814
25213
24794
25283
26072
26094
47265
26771
26606
26500
25235
25262
25664
25390
25684
25438
25245
25498
26020
26127
24939
24969
25092
24764
24892
24927
25207
25072
24867
24926
24553
24771
25573
26011
26476
26378
26733
28222
26473
26052
23734
23367
23328
24102
23699
23388
24275
24541
24245
24195
24323
23852
23753
24255
25089
25593
28475
29124
28155
28995
28007
29919
28285
29168
29107
27802
29235
28801
29045
27551
29134
28819
26879
25045
24721
24841
25501
25172
24689
24686
24651
24701
25115
25099
24947
27407
30596
27109
24837
24140
27884
24566
25814
24584
24734
24656
24518
25153
25203
24829
24774
25130
24397
24524
25192
24926
24611
24691
24786
24663
25957
24804
24139
24654
25167
24945
24521
24270
24611
25947
25833
25263
24864
24616
24741
25292
29809
25446
25583
25714
26505
26748
26839
27074
25872
27150
26555
100058
26678
26817
26366
26295
27077
27044
26736
26849
26614
27300
27533
25794
25648
25275
25583
25253
25213
25498
25431
26257
25036
24990
24965
25899
25170
24526
25240
26328
25864
24870
24848
25077
25691
24987
24977
24814
24944
25087
24946
24895
25082
25378
25666
26258
25438
25405
26089
26446
25972
25408
25769
25959
25177
25034
25383
26894
26681
27683
26806
26250
25458
25135
26350
25365
25408
25082
25431
25365
26117
25786
26174
25579
28001
24638
24393
24580
24002
24313
24280
24438
24781
24491
24895
24285
25047
29754
29734
28089
29072
28590
29292
28573
28054
29307
28352
29352
28822
28804
29296
27510
29516
27593
27197
24844
24744
24640
25195
24987
25360
25057
25461
25430
25353
25200
28420
29493
34319
27877
24325
24193
25388
25122
25876
25382
25282
25052
25212
25157
51042
23591
23476
24000
24743
24396
24061
25140
23997
23892
24275
24856
24573
24882
24277
24007
25526
25643
24646
24054
25012
25250
25190
25884
26009
25952
28035
24335
23812
23824
24528
24406
24120
24806
23894
24553
29102
30509
27931
29197
28320
28050
35804
25458
25786
25375
25027
25295
24866
25185
28536
26070
28177
25220
24797
24701
24964
24987
24716
24762
24977
25293
25055
24922
24791
24478
24671
24473
24688
25172
25072
24887
25659
25839
25934
25786
25862
25879
26154
25598
25771
26563
26323
26666
25763
25934
25317
25197
25305
25310
25313
24651
25120
26110
25628
25536
25001
24809
24779
25209
24475
24871
25997
25024
25608
25195
25132
24844
24626
24693
24847
25100
25064
24689
25230
25100
25748
24859
25955
25556
25125
26045
26025
24987
25408
24756
26150
25766
25904
26282
25569
26473
26004
50059
24585
24130
23533
23987
25684
26671
25899
26729
25743
25683
25570
26052
25756
26051
26924
45721
26039
26345
26372
26453
26412
26039
26595
26268
25972
25869
26403
25799
26220
26791
26185
26295
26225
26601
26778
26335
25321
25060
24952
24716
25551
25238
25448
25593
25977
25726
26034
25335
25184
24716
25338
28779
24601
24960
24556
24804
24882
24816
24922
25463
24381
24648
24843
24280
24947
24761
24510
24803
24939
24779
24568
25057
25002
24420
24827
24145
24589
24295
29949
26689
25448
24495
25807
25724
31122
28671
26621
27242
26921
26531
27114
26130
27077
26315
26142
26558
26526
26553
26922
26461
27225
26601
26649
26200
26039
26290
26764
26753
26436
26777
26483
27064
26736
26721
26513
26538
26435
26315
26744
26285
26927
26731
26255
25653
26225
26190
26610
27285
48483
27293
25952
27197
26751
26578
26227
26380
26245
26568
26731
26403
27338
26887
27001
26699
26443
25977
26819
26511
26478
27074
26401
26606
26202
26235
26327
26801
27097
26224
26310
27255
27064
27029
26480
26661
26949
26738
26137
26545
26631
26104
26683
29390
27423
26323
26159
26154
25930
26658
26696
26721
26651
29706
27440
26929
27500
26889
26219
26831
27172
26643
26701
27085
26616
26245
30045
27591
26378
27305
26531
27788
27987
26539
26839
27099
27476
29202
28120
27974
27140
26994
26528
26475
26208
26212
25864
27322
27027
26170
26137
27205
25691
24751
25455
24995
25538
25777
25854
25708
25924
24905
24906
25734
26130
25734
26313
24531
24386
24859
25657
24980
25418
25042
25165
25280
24619
24706
24944
24771
24333
25017
24919
24493
24405
24691
24741
24644
45159
25105
24608
25654
24361
24964
24546
24440
24371
23859
24964
24846
25377
26275
25175
26428
26413
26034
26308
25381
25277
25625
26199
26478
25771
25320
25635
25122
25022
27007
26247
25586
26403
25736
25298
25496
25734
25613
26781
26593
25330
26553
26325
25370
26162
25418
25803
25939
27754
27726
28230
26037
25927
25670
26924
27616
26608
27172
27333
25688
25912
25716
25939
26400
26032
25859
25802
26313
26365
25794
25400
26032
26518
26112
25716
26096
26451
25776
25490
25403
25626
25308
25887
26041
25877
28082
29615
30495
27718
29205
27303
25052
25233
25465
25939
25230
25280
25435
24723
25503
25367
25639
26115
25503
25322
25350
25999
25348
25320
25703
25561
26000
25000
25367
24571
23636
30977
29894
31170
29405
25851
25824
25175
25315
25648
25746
25363
25310
25847
25321
25811
45729
23742
23927
24623
24017
24087
23654
23674
24144
24035
24681
24363
24122
24143
24301
24609
23934
24042
24681
24215
24974
24365
24716
24728
24729
24328
24887
47187
Actual mean is 26448.123
Actual variance is 13690.85435169056
