94557
9539
7809
7736
7694
7291
7452
7829
7258
7704
8241
8283
7726
7428
7627
7757
7320
8430
7907
7464
7697
7777
7895
7782
8160
8300
8335
7980
7639
7611
7371
7378
7895
8188
7599
8358
7772
7403
7831
9105
8253
7696
8361
8338
8166
8231
8240
8042
8295
7995
8035
8113
8421
8238
8105
8218
7807
7960
8266
8624
8634
7977
8117
8203
8386
9133
8065
8023
8215
8563
8669
8461
7814
13242
7990
9293
8790
9033
8654
9203
8471
9007
8614
8973
8874
9597
8764
7954
9176
9749
9023
8962
9093
8488
10002
7854
7820
7895
7809
8165
7882
7852
39275
7531
7358
6962
7523
7759
7509
7530
7696
7248
7223
7298
7621
7411
7273
7583
7571
7373
7283
8421
9539
9475
7306
7957
7922
8634
7674
8644
8727
8165
7934
7739
8526
8453
7548
8013
7691
7817
7944
7305
7707
8168
8165
7739
7436
7859
7621
7757
8766
8034
8058
7954
7895
7686
7702
7962
7676
7830
7577
7516
7702
7926
7791
7672
7752
7897
7742
7564
8123
8123
7794
7902
7887
7779
7829
7867
7990
7834
8173
7892
8042
7687
7779
7784
8060
7780
7847
7805
7877
7904
7817
7960
7877
7980
7859
8123
8145
7574
7766
8245
8341
7960
8193
7877
7983
8063
7897
7907
7511
7431
7847
7874
8639
7920
7729
7246
7529
7920
7671
8396
7197
7248
7258
7300
7085
6970
7053
7250
7285
7897
7880
8083
8082
8005
7747
7235
7598
7664
8105
7694
7957
8369
8045
8092
7811
8135
8067
7759
7538
7943
7571
7868
7942
7915
7704
7436
7379
7781
7919
7278
7348
7953
8080
8055
7791
7898
8097
8035
7459
7489
7609
7909
8090
7551
7721
7882
7834
7290
7454
7777
7205
7671
7611
8203
7478
7927
7564
7504
7348
7499
7471
7543
7809
7704
7524
7727
7847
7985
7589
7616
8323
7411
7328
7391
7586
7724
7446
8965
7912
7351
7507
7661
7128
7454
7621
7588
7895
7749
7414
7513
7321
7687
7840
7724
7661
7796
7318
7343
7183
7559
7629
7544
7398
7889
7547
7779
7649
7115
7293
6977
8068
7609
7639
7526
7607
8155
7734
7704
7779
7606
7198
7805
7687
7666
7792
7864
7942
7959
7712
7792
7782
20816
8661
7927
8641
7832
7953
8255
8108
8103
8133
7764
7486
7914
7553
7649
7679
7493
7791
7599
7581
7649
7598
7734
7679
7554
7764
7516
7612
7694
7800
7471
7724
7972
7619
7669
7601
7797
7637
7549
8025
8368
8221
8336
7942
7812
7865
7835
8050
8343
8135
8145
7982
8461
8085
7880
8330
7912
8195
8338
8170
8454
8045
7935
8473
8241
9566
8128
8185
8205
8290
8356
8353
8178
8313
8105
7985
9238
7426
7288
6654
7852
8411
7243
7248
7190
7884
7533
7744
7697
8210
8524
7837
8207
7727
8032
7258
7852
7812
7754
7474
7711
8318
7970
8364
8360
8667
7992
8727
8661
8451
9005
8682
8766
8304
8364
8789
8353
8338
8210
9233
8328
8586
8398
8549
8003
8413
8208
7877
7890
8093
7316
7692
8050
7534
7792
8290
9456
8295
8240
8195
8746
7862
7759
7658
8155
7311
7943
8428
8273
8087
7938
8075
8932
7934
8607
8073
8185
7827
8243
8178
8078
8404
8604
8095
8534
8053
7900
8090
8932
8634
7815
8479
8310
8782
7959
7669
8053
7905
7774
8050
7822
8163
8070
8606
8441
8486
8193
8238
8381
8286
8589
8263
8120
8313
8326
7689
8426
8143
8012
8205
7970
8305
8494
8238
8902
8747
8423
8589
9042
8170
8800
8275
8557
8772
8228
8156
8313
7724
8627
8902
8238
8248
8313
8391
8524
8439
8344
9058
8305
8531
8669
8546
8521
7541
7932
8930
8077
8326
7824
8418
8138
8656
8344
8035
8782
8463
8163
8198
8162
8626
8228
8849
8201
8391
8405
8508
7960
8664
8940
8815
8186
8784
8078
8524
8797
8639
8814
8413
8090
8478
8221
8448
8849
8261
8484
8195
8298
8143
8005
8406
8469
8617
8118
8336
8676
9373
8824
8401
8298
8235
8213
8070
8125
7890
8473
8037
8301
8531
8731
7940
7885
7701
7634
8227
8228
8093
8453
8143
7699
7363
8092
8290
8644
8258
8002
8168
8366
9596
8682
8328
8233
9305
8313
8075
8353
8666
8431
8208
8280
8619
8359
8391
8647
7972
8902
8007
7917
8350
7854
7772
7712
8343
8368
8127
9270
8393
8423
8507
8368
8975
8386
8406
8017
8250
8008
8123
8338
9278
8582
8388
8077
8643
9210
8706
8330
8198
8112
8288
8418
8289
8557
8121
8601
8609
8333
8663
8418
8323
8191
8238
8707
8637
8148
8323
8932
8250
8679
33673
7271
7324
7360
7478
6992
7093
7018
7534
7370
7170
7176
7311
7514
7268
7338
7281
7320
7383
7007
7348
6875
7228
7639
7488
7098
7168
7667
7476
7449
7546
7516
7200
7466
7764
7624
7561
7449
7316
7431
7970
7350
7912
8441
8383
7857
8175
7687
7920
8251
8420
8007
8344
8509
8588
7872
7939
7303
7669
7576
8012
7719
7458
7614
7566
7666
7762
7419
7900
8083
8246
7686
7746
7611
29854
8260
8308
8208
7756
7997
7902
7526
7682
8182
7797
7664
7774
7970
7940
7905
7978
7393
7341
7644
7389
7699
7998
7657
7882
7767
8376
7947
7970
7794
7662
7719
7744
7985
7601
7626
7772
7769
7800
7491
7917
8589
8782
7669
7937
7955
7606
7583
7894
7476
7679
7925
7852
7534
8456
7511
7847
7784
7764
7760
8203
7757
7945
7448
7476
7835
7419
7290
7712
7717
7779
7701
7619
7814
7616
7807
7584
7446
7369
7549
7734
7419
7526
7687
7529
7704
7734
7462
8045
7268
7468
7471
7526
7724
7521
7702
7776
7446
7471
7488
7544
7486
7712
7644
7616
8025
7265
7607
7819
7444
7403
7554
7564
7739
7649
7591
7794
7639
7794
7356
7679
7521
7649
7375
7391
7371
7474
7486
7730
7659
7572
7591
7348
7664
7389
7739
7711
7334
7574
7631
7343
7589
7593
7476
7400
7697
7536
7594
7574
7581
7744
7611
8526
7704
7083
8830
7774
8792
7614
8047
7922
7824
7802
7659
7461
7539
7691
7446
7503
7627
7488
7544
7162
7293
7436
7594
7484
7280
7479
7583
7521
7528
7704
7524
7619
7483
7185
7746
7506
7792
7641
7556
7582
7819
7476
7684
8569
7859
7571
7561
7762
7902
7611
7844
7651
7416
7506
7411
7546
7827
7271
7739
7944
7687
7463
7724
7559
7724
7486
7814
7852
7561
7441
7769
7671
7381
7533
7564
7679
7636
7491
7557
7730
7578
7496
7544
7456
7847
7359
7263
7607
7656
7429
7849
7704
7546
7824
7396
7754
7879
7727
7378
7671
7666
7466
7978
7418
10070
7291
7592
9907
8063
7789
8010
8373
7965
8178
8479
8085
26466
8744
8395
8739
8384
8128
19192
8639
8354
8511
8486
8501
7954
8616
54620
8847
8825
8609
8696
8371
8939
8707
8503
8684
8283
9097
8597
8291
8720
9012
8464
8777
8187
8115
7979
8463
8390
8050
8343
8236
8659
8434
8092
7937
8762
8349
8333
8611
8263
8370
8496
8028
8221
8734
8384
8576
8211
8835
8835
8985
8679
8624
8356
8354
8102
8431
8125
8607
8969
8546
8837
9250
8692
8088
8208
8391
8932
8431
8784
8917
9027
8882
8912
8797
8300
8336
8716
8396
8617
8544
8777
8579
8577
8693
9155
8719
8589
9190
7867
7792
7902
7722
8070
8558
8388
9586
9042
8403
8990
8551
8867
8924
8851
8752
8887
8638
8909
8967
9005
9066
9286
8682
8321
9057
8353
8185
8178
8449
8644
8932
8776
9521
8043
8669
8934
9182
8735
9153
9168
8932
8857
9080
8922
9644
9183
9113
9328
9058
9666
9265
9549
8892
9145
8915
9005
8889
8987
9323
8599
8864
9341
9212
8992
9281
9193
9173
9969
8747
8315
8446
8849
8456
8689
8524
9250
8363
8847
9212
8504
8694
8569
9080
8480
8942
8576
8509
8637
8804
9894
8247
8767
8082
8112
9098
9556
8423
7841
8318
8253
8619
8754
8476
8796
8985
8511
9004
8817
9161
9762
8849
8476
8230
8877
8846
8767
8363
8682
8471
8349
8915
8769
8892
8874
8601
8448
8637
8546
8578
8579
8491
8521
8561
8912
8180
8548
8977
9566
8185
8318
9579
9103
8257
8790
9905
8674
9230
8025
8301
8977
8541
7985
8399
8075
8571
7995
8450
8784
8594
8418
8875
8772
8934
8772
8353
8647
8970
8020
8973
8671
8539
8303
8353
8190
8486
8786
9150
8318
8611
8498
8682
9024
8599
8163
8328
8599
8764
8373
9053
9110
9587
9102
9348
8376
8333
8596
9275
8744
9102
8675
8350
32586
8866
8345
8371
8546
8205
8250
8318
8518
8228
8912
8634
9177
8158
8807
8952
9158
8553
8236
8860
8604
8133
8293
9078
9015
8922
8486
8403
8388
8265
9100
8914
8017
8691
8301
8474
8215
7975
7998
8396
8406
8195
8636
8418
8476
8867
8428
9273
8511
8340
8393
8992
8230
8556
8150
8404
8225
8747
9341
8844
8579
8752
8646
8493
8820
8518
9163
9120
8226
8651
8566
8835
8413
8172
9203
8972
8647
8521
8634
8519
9050
8890
8608
8411
8805
9080
8699
8636
8732
8703
8742
9045
8988
8468
8812
9168
8363
8386
8083
9305
8571
9326
8859
8648
8375
8155
8271
8850
9135
8643
7501
7641
8323
8153
8571
8649
8386
8563
8955
8664
8468
8789
9025
8542
8642
8872
9406
8735
8248
8004
10216
8727
8837
8343
8623
9814
9058
9358
8689
8360
8158
8521
8451
8766
8867
8684
9014
9156
8584
9083
9233
9122
8882
8496
8300
8566
8914
8988
8378
8280
8652
8569
8583
8839
8355
10486
7712
7606
7897
7794
7373
7389
7235
7806
8235
7454
7360
7371
7729
7657
7459
7764
7664
7479
7556
7681
7581
7653
7413
8038
7696
7714
7514
7586
7554
7656
7454
7484
7677
7431
7313
7549
7458
7719
7749
7927
7431
7443
7408
7313
7541
7290
7491
7564
7273
7566
7135
7268
7361
7349
7609
7358
7549
7411
7541
7208
7619
7441
7376
8020
7594
7283
7501
7533
7554
7832
7947
7802
7606
7568
7749
7692
7847
7874
8045
7827
7811
8170
7955
7802
7939
7862
8043
8150
8329
8626
9333
7997
7667
8085
9356
8374
8524
8275
8125
8609
8266
7305
8095
8303
21476
8667
8964
7177
8193
8689
7374
8454
8446
8554
8140
8356
8564
7824
7597
7598
8418
8504
7837
8443
8168
8504
8421
8308
7810
7804
7842
7904
8293
8019
8208
7780
8113
7807
7815
8000
7967
8466
8593
8594
8849
7837
8767
8170
8293
8516
10303
7346
7518
7351
7777
7243
7513
7321
7368
7419
7221
7050
7507
7776
7461
7271
7664
7607
7679
7220
7484
7202
7607
7451
7459
7383
7404
7208
7624
7835
7571
7198
7298
7532
7338
7513
7561
7974
7904
7837
8065
8107
8269
7877
8163
8140
7794
7950
7860
7955
7850
7917
7518
7907
7922
7850
8024
7835
7709
7842
7355
7433
7291
6895
7242
7201
7061
7236
7000
6959
6989
6983
6929
7346
7157
7135
7198
7055
7148
6962
6965
6827
6815
6900
7035
6892
7070
7361
7103
7145
7266
7085
7043
6955
6888
7050
7253
6731
7200
7155
6939
7000
7172
7957
8386
7489
7406
7358
7286
7157
7258
7097
7095
7157
7741
7235
7095
6995
7175
7346
7153
7201
7584
7311
7584
7627
7618
7726
7551
7757
9559
10341
8932
10070
11464
12175
9935
9699
9456
8221
10769
11634
10318
9473
7867
7053
7097
7922
7714
7691
7456
7326
7542
7373
7598
7486
7258
7566
7471
7426
7641
7539
7739
7612
7639
7516
7276
8018
7709
7714
7534
7744
7950
7937
7401
7608
7771
7832
7583
7739
7875
8022
7483
7629
7780
7942
7444
7952
8019
13917
10009
9115
8023
10065
9301
10107
9756
9095
10945
10636
9862
9694
9276
10566
10802
10213
9305
10012
11032
10396
10498
9065
10258
9877
10448
10213
9787
10601
10862
9910
9451
10090
9990
10235
10090
67430
9546
10330
11323
9384
9270
8043
8072
8273
8175
7844
7972
7536
7983
8398
8140
8318
8198
8078
8198
7747
7799
7852
7506
7634
7822
7789
7857
7679
7857
7847
8070
7827
7990
8030
8155
8303
7849
7937
7830
9029
9118
9942
11311
10258
10394
9626
9115
9431
8338
8027
7867
7912
8010
7639
7840
10506
8278
8288
8125
8268
8336
7716
7967
8130
7857
7811
8151
7983
7877
7942
7476
8005
7797
8115
7564
8163
7947
7942
8162
7854
8045
7739
7815
7621
7581
7746
8032
7792
8233
8193
7651
7581
7664
7461
7980
7759
7596
29177
8318
7970
8160
7561
7945
7870
7880
8105
8107
7752
7922
8042
7807
7549
7942
7925
7664
7892
7785
7814
7914
7827
7659
7771
7785
8000
7626
7712
7867
7962
7940
8068
7954
8043
8198
8070
7824
7997
7862
8145
8306
8384
8030
8346
8195
8917
7884
7824
7840
7767
7809
8062
7684
7837
7859
7744
7340
10599
10501
9669
9280
9241
8506
9947
9248
9000
9983
8120
7340
8305
8245
8105
8187
10065
14158
9343
9614
9318
9501
8869
11901
8932
8243
7865
8049
8090
8225
8147
8405
8380
8223
8343
8222
8394
8290
8464
8419
8458
8368
7993
8840
8259
8201
8401
8588
8316
8007
8268
8226
8491
8226
8454
7871
8420
7727
8508
9731
8401
8561
8401
8145
8265
8210
8027
8127
10027
8143
8025
8130
8646
8626
8596
8145
8953
8732
8368
10260
8644
8045
8885
8307
8085
8766
8476
8396
8456
8474
8722
8421
8523
9077
9155
8010
8275
8183
7822
7897
7847
8073
8168
7929
8157
7910
7960
7814
8080
7691
8193
7965
8090
7975
8050
7882
8070
7865
8070
7924
7799
7696
8110
7865
8065
8271
8117
8092
27791
8366
7687
7767
7933
8062
8132
7809
7977
7499
7987
8085
8874
7617
7691
7726
7817
7939
8140
7772
8389
8105
8248
8476
9717
8649
8173
8252
8809
8995
9694
8586
7752
7832
8454
8007
7829
8137
8210
7762
7839
8120
7987
8161
7875
7724
7852
7659
7807
8125
8481
8090
8255
8548
8336
8421
8261
8088
8742
8393
8115
7967
8013
7894
7681
7955
8161
8376
8168
12301
8122
8414
8569
7751
8155
8160
9168
9107
7952
7741
10038
8373
8331
8536
7925
7641
7724
9054
8077
7974
11749
8711
8256
9601
8246
8734
8458
8007
8065
9012
8027
9213
8696
7895
8501
7830
7814
8160
8279
8280
8546
8293
8095
7962
7954
7917
8321
8080
8359
8170
8020
8185
8266
8732
8042
8005
8431
9105
8481
8092
10376
7666
7967
7576
7907
7787
7899
7968
7797
8519
8213
7922
7812
7774
8333
7755
8135
8005
8596
8258
8283
7669
7396
7481
7315
7917
8182
8296
7820
7666
8646
8258
7882
8088
8170
7928
8529
8359
8418
8441
8597
8661
8110
8311
7712
7995
7525
7884
8784
8689
8318
8453
7797
8489
8463
8421
9029
9203
7895
7945
7814
7954
7737
7965
7539
7679
7712
7654
7794
7659
7832
7832
8005
7982
8363
8048
8140
8548
8281
8291
8614
8466
8654
8050
8584
8882
8291
7992
8275
8436
8283
8188
7942
7942
8343
8057
7870
8491
8155
7771
8022
7611
8345
8175
7977
7892
8223
8416
8839
8268
8622
8260
7895
8208
8481
8470
8727
8832
8571
8240
8431
8296
8900
8594
8318
8208
8679
8424
8576
8216
8631
8760
8380
8331
8308
8335
9140
8842
8471
8431
8413
8323
8646
8411
9704
9308
10068
9017
10065
9138
9937
8899
57139
8213
8198
8476
7609
8140
7854
7900
7889
7884
7749
8253
7962
8188
7368
7897
8120
7857
7797
8293
9777
9897
9526
10125
8847
9686
10143
10611
9509
9596
10172
9952
9854
8125
10689
10150
10697
9939
8388
10684
9846
10143
10533
8897
10915
10253
8614
7952
8205
7940
7795
8047
8583
8017
7897
7622
7922
7722
8228
8206
7719
7799
8097
7960
8131
8055
7782
9676
10205
9744
10062
9391
9093
8323
9877
7817
7792
8038
8160
7654
7761
7844
7752
8098
7968
7622
7639
7932
7784
7576
7742
7943
7730
7927
7676
8025
7963
7797
7985
8007
7726
8028
8062
7900
7998
7944
7636
8163
7969
7653
7727
7872
7756
7948
7975
7847
8047
7629
7627
7624
7795
7772
7674
7564
7652
7641
7541
7634
7428
7388
8027
8409
10007
7970
8797
8571
8639
8190
8220
7939
8065
8068
8135
8110
8203
8243
7935
8170
8233
8055
7958
8072
8226
8072
8238
8252
8332
8296
8579
8353
8205
8256
8108
8336
8486
79572
8453
7822
8122
7927
7787
8110
8025
8396
7954
7714
8165
7958
8085
7800
7995
7969
7604
7727
8103
8063
7799
8245
8200
7834
8606
8040
7945
7965
8115
8589
8429
8228
8323
8173
8017
8218
8775
8484
8469
8394
8365
8153
8163
7983
8058
7612
7521
8356
8383
8090
8063
7907
8117
8260
8361
8336
7891
7887
8306
8138
8087
8345
8082
8002
7780
7408
8932
8431
7965
8045
8095
8683
7443
8431
8280
7953
8029
8082
8197
8003
7879
7769
8320
7872
8210
7814
7671
7914
7534
7639
7729
7597
7845
8259
7912
7849
8212
8023
7689
7356
7987
7805
7659
7736
7962
7887
7637
7739
22453
7908
8085
7800
8100
9228
8526
8335
8544
8454
9092
7754
9311
8955
9385
9507
8504
7719
7631
7814
7561
7511
7531
7636
7606
7757
7579
7623
7459
7461
7687
7621
7256
7702
7591
7614
7503
7641
7721
7436
7421
7689
7476
7571
7523
7370
7489
7567
7461
7649
7737
7203
7528
7536
7286
7626
7393
7616
7990
7895
7764
7787
7724
7470
7522
6884
7161
7238
6932
7243
7300
7136
7148
7308
7035
7118
7170
7253
7524
7549
7443
7714
7299
7271
7373
7837
8208
8536
8712
10772
8715
7902
7569
7689
7820
7889
7556
7772
8137
7960
8088
7914
7757
7799
7839
7960
7912
8027
7666
7869
7962
7769
8917
10010
8746
13925
8416
10411
10682
9716
9712
8909
10604
9979
9827
9651
9376
9749
9669
9954
9729
10024
10087
10579
9952
9464
9627
10419
13681
9596
7983
8481
7922
8222
8511
8228
8170
8060
7824
7879
7744
8055
8128
7772
7887
7957
8133
8173
8190
8790
10576
10102
8353
8761
7905
8814
8361
7950
8130
7855
7940
8108
8083
8044
7920
7777
7710
7476
7917
8007
7985
8040
8111
7945
8132
8070
7937
8080
7887
7777
7912
8049
8877
7925
8055
7999
7857
7862
7842
7607
8143
8241
8125
7877
7827
7975
7769
7839
7974
8025
7847
7652
7772
7919
7734
7897
34632
7809
7885
7757
8246
7746
9070
7682
8107
8591
Duration mean is 8357.612333333333
Duration variance is 2.506447956889423E7
