2133218
29016
25591
25270
25064
25182
24701
23934
24328
24433
24611
25513
24593
24295
24237
23847
24310
25059
24403
24020
24190
24207
24117
24738
24054
25258
25483
24599
24901
24069
24441
23779
25984
20150
19458
19591
19453
19541
19498
19782
19483
20065
19440
19501
19551
19436
19386
19466
19235
19554
19370
19321
19215
19270
19173
19375
19350
19328
19406
20014
19601
19819
19756
19727
19503
19639
19744
19608
19486
19756
19503
19551
19573
19529
19508
19496
19566
19621
19521
19782
19591
19643
19523
19468
19536
19689
19636
19598
19769
42713
48335
23643
24739
25619
25009
25039
24669
28167
21335
20118
20000
19989
20084
19844
20037
19957
19902
20027
20019
20012
19836
19896
20178
19877
19957
19937
19956
20017
19939
19804
20047
19967
19967
20017
20000
20152
19931
19872
20114
19819
19974
19824
19972
19829
20436
19446
19518
19360
19503
19363
19338
19511
19340
19203
19493
19233
19443
19476
19420
19358
19466
19248
19496
19307
19308
19488
19338
19428
19372
19393
19410
19413
19328
19564
19553
19403
19478
19295
19706
19273
19260
19418
19332
19255
19583
19340
19403
19478
19451
19621
19383
19403
19561
19438
19335
19476
19390
19328
19391
19326
19586
19290
19351
19318
19373
19356
19528
19308
19361
19391
19441
38733
25619
25564
23774
25491
25460
24508
23799
24756
24087
24300
24493
25072
24718
25383
25466
24240
25087
24821
24947
25062
25335
25766
25438
25154
25237
26368
26002
24410
25796
25919
24879
24831
25398
25834
24756
25473
25383
25573
24835
25628
25007
24691
25363
25824
25059
25646
25812
25714
25648
25859
26259
24945
25082
26039
25766
26267
26504
25182
25724
52234
26040
26064
25636
25575
25470
25350
25276
26187
25764
25841
25421
25465
24779
24925
26116
25260
25042
26270
26139
25260
26102
26814
26361
25736
25934
25909
25749
25771
25967
25641
26315
24839
24090
23944
24150
23959
24175
23583
23644
24596
43736
27049
25709
25433
26561
26478
26207
25716
25575
25701
25035
25854
25952
25967
26623
25734
25914
26458
25432
26032
25841
24829
24841
26185
25646
24924
25160
24746
25871
24734
25228
25305
24997
24771
24491
25015
24931
25889
26277
26456
26024
26105
26055
25813
26017
25174
25388
24531
25134
25258
25017
25004
26182
24939
24310
24127
24212
24162
23886
23851
23934
28049
29167
28507
27996
29230
28505
29218
27010
29533
29784
75895
25794
24463
25077
24849
25124
28230
25753
26821
25951
24704
24356
24493
24626
24797
24508
24611
24869
24560
24596
24293
24683
24676
24443
24247
24313
24169
24618
24380
25771
25546
25702
25320
25703
25934
25282
26561
25939
26623
26180
26724
25353
25062
24480
24940
24986
25265
25090
25057
25183
25057
25705
26157
26751
24929
25503
25784
47255
24333
23996
24443
24456
24468
24217
24546
25127
30887
28475
29001
28889
27744
26756
25202
25235
25085
25137
24752
24746
26368
27137
26433
25120
24831
24859
24994
25318
25317
25032
24753
25217
24405
24586
24862
24836
25288
24621
25055
25669
24653
25473
25794
26230
26313
27039
26734
26049
26942
26411
26436
26469
26724
25676
25421
25220
25147
25543
25167
25177
25704
25877
25375
25889
24433
26292
26438
25991
26693
25320
25856
25674
25343
25065
26436
25540
26431
26406
25591
26458
25699
25965
25701
25055
25917
25829
26706
25907
26628
26743
26473
26598
26099
25696
26661
26782
26418
26498
26613
27082
26683
26673
26383
26901
27024
26798
26743
26706
26846
25957
26355
26408
26626
26109
26264
26280
26503
26267
25671
26591
26225
27039
26971
26756
26546
26215
26874
26263
26300
49606
26169
25798
25827
26465
25678
26568
26135
26198
26300
26789
26651
26793
26661
27593
27147
25543
6526585
35092
30267
28260
29999
28248
29629
25415
24907
24536
24481
24741
24575
24520
24629
24931
27726
24440
26826
24531
24323
24230
24558
24575
24631
25187
24609
24691
24616
24776
53015
23806
25275
26548
24812
24295
24109
24217
24596
24280
25119
24273
23934
24779
25222
25418
25816
26222
25590
26065
26052
25190
26194
26144
26147
25678
26050
24895
24550
24949
24844
25127
25225
24482
24736
25075
25575
25468
24904
26769
25618
25065
25283
24982
24235
25130
24856
25280
24603
24959
24824
24591
67043
27205
25503
25743
25619
26140
25813
26601
25495
25969
25623
25709
26110
26676
26162
25698
24628
24473
25144
25142
24791
25849
25812
21999
20318
20189
20278
20085
20340
20162
20179
20322
20112
20169
20072
20167
20107
20198
20275
20323
20165
20200
20230
20153
20172
20238
20117
20132
20175
20172
20252
20267
20139
20258
20175
20242
20245
20213
20155
20233
20137
20138
20240
20172
20153
20227
20034
20350
20205
20195
20305
20064
20077
20207
20030
20120
20110
20085
20237
20150
20050
20222
20263
20100
20340
20209
20074
20310
20139
20100
20232
20087
20114
20230
20109
20280
20110
42781
20731
20205
20177
20275
20100
20263
20297
20188
20190
20313
20112
20281
20152
20242
20067
20180
20242
20077
20162
20328
20137
20378
20271
20140
20270
20150
20104
20275
20117
20198
20220
20210
20213
20112
20107
20273
20115
20245
20193
20405
20283
20405
20174
20325
20212
20135
20123
20348
20180
20225
20290
20278
20355
20260
20053
20513
20102
20338
20122
20185
50954
21267
20699
20801
20611
20924
20677
20633
20599
20729
20616
20811
20576
20709
20714
20533
20521
20684
47889
20886
20340
20347
20315
20240
20152
20355
20255
20213
20139
20260
20125
20391
20288
20363
20435
20085
20154
20235
20095
20178
20285
20340
20178
20426
20330
20258
20148
20230
20260
20120
20157
20263
20228
20275
20222
20258
20358
20152
20165
20368
20300
20373
20365
20345
20205
20428
20112
20489
20192
20193
20273
20182
20228
20430
20130
20370
20150
20223
20232
20140
20243
20222
20104
20165
20303
20215
20180
20443
20149
20366
20205
20318
20240
20270
20125
20416
20200
20222
20368
20227
20265
20182
20079
20365
20185
20222
20167
20165
20140
20398
20227
20195
20308
20210
20193
20227
20130
20345
20340
20144
20218
20163
20193
20118
20097
20197
20185
20265
20208
20440
20262
20200
20281
20180
20222
20418
20097
20303
20280
20140
20215
20117
20215
20220
20205
20273
20199
20281
20235
20413
20120
20270
20320
20273
20323
20399
20162
20385
20281
20297
20260
20325
20152
20134
20062
20200
20311
20243
20138
20430
8117059
27112
26801
26812
26676
26127
26213
25981
26478
26618
26896
26051
26533
26280
25696
26210
25683
25287
27478
27566
27042
25766
29821
29117
28626
28205
29787
26352
24957
25862
26325
27223
25365
26914
26348
26262
26938
26834
26165
26129
25972
26388
25995
25716
25576
26406
26357
25924
25513
26052
24122
28137
31177
31448
29491
29288
26628
25907
25831
26285
26225
25754
26248
25550
26052
26032
26443
26305
25553
26122
25077
25731
25761
26090
25901
25967
25223
25887
26731
26109
26447
26749
26889
26120
26541
26185
27397
25986
25296
24969
25556
24869
24906
25223
25628
25195
25466
25580
25889
25846
25316
25385
25501
25478
25212
25721
25729
26180
25230
24415
24827
24227
38275
24746
25986
25907
26583
25806
25764
26130
26150
26846
26686
25340
26854
26609
47684
29117
28435
26976
26719
26749
27173
26919
26724
26638
26583
26821
27032
26551
26693
26718
26683
26491
26874
26841
26719
26342
26122
26360
26847
26689
26812
26165
27307
26748
26295
25921
25904
26084
26801
26458
24556
29077
29914
28170
24879
25025
24812
25887
26288
27189
25844
25363
25412
26636
25420
26114
26127
26239
26674
26714
26110
26513
25959
26515
25503
25711
26373
26343
26054
25719
25545
25583
23961
27330
31293
28643
25951
25345
25942
25824
25774
25999
25676
26011
26210
26019
25844
25907
25902
26954
25727
25197
25636
26356
25596
26373
26022
24942
25879
25325
26478
25952
26393
25523
25814
26057
26596
25340
25533
25375
25406
25841
25405
25466
25636
25849
25378
25147
25761
26375
25563
25716
25844
25751
26252
26195
25438
25997
26010
25984
26019
26072
25989
26172
42818
27501
26571
26579
26814
25826
27308
25917
26252
25884
25801
26363
26275
26789
26182
26295
26621
26363
26270
25952
25794
26947
25756
26766
27137
25914
27202
26669
27185
26999
26538
26242
24586
23716
26302
29132
31095
28195
29738
27183
24779
29614
29425
28475
25027
25343
25603
24987
25891
26079
26069
26260
24976
25153
25440
25604
26328
25200
24836
25702
25742
25421
25871
25776
25694
26316
25954
25600
25824
25556
26082
26047
25668
25701
25678
25832
25919
26332
26052
25448
26174
26398
24500
24333
24450
30039
28415
27345
26589
26029
25669
26149
25952
26067
26385
26140
26210
26674
26257
26042
26159
26473
26107
25618
25518
25999
25476
26522
26056
25718
25383
26350
26135
25505
24533
24846
51047
26149
25659
26548
26049
26245
26438
25831
26631
26197
25817
26623
26556
25934
26405
26090
26225
26548
26303
25731
26009
25691
26395
25828
25841
25027
25944
25884
25759
25177
25929
25687
25946
26001
25899
25957
25914
25603
25872
26363
26183
26686
26115
25924
25874
25997
26456
26077
25711
26593
25693
26180
26032
25725
26032
26523
26050
25565
26501
26064
25670
25606
26007
25613
25766
26403
25666
26126
26054
25834
26564
26628
26367
26110
25649
26441
26075
25515
26042
26468
26370
24144
23734
24265
24854
24649
24979
24972
25110
24747
25082
24899
23921
23982
23626
23746
23881
23734
24382
23649
23686
23536
23618
23892
24217
25451
26095
25737
26195
26666
25727
26641
26230
25995
25621
25964
25859
24190
24020
24859
24917
25212
26163
25127
24939
24909
25012
25197
26122
24839
25227
25025
25501
8086090
29716
24839
25435
25292
25037
25741
25831
25268
25601
26240
25243
24646
24766
24445
24335
24340
24568
24127
24240
24420
24223
24586
24422
24749
24548
24433
25801
26570
26352
25591
25297
25778
25807
26293
25583
25721
26939
26393
25372
25809
25917
26809
25357
25275
25373
26305
25395
25984
25989
25488
25979
24985
25158
25726
23446
23942
23927
24153
25320
25234
25668
25663
25100
25420
25280
25959
26112
25764
26262
25746
25892
25531
24864
26070
26204
25995
25929
25395
25478
25095
25435
25435
25428
25337
24706
25302
24942
25167
25328
25451
25082
25692
25443
24764
25120
25069
25287
25134
25744
25130
25471
24984
24714
24753
25272
24854
24681
25348
25458
24323
25045
26353
26400
26686
26052
26310
26217
25541
25955
26029
25779
26548
26087
26405
26177
25922
25393
26381
26034
26165
47026
25603
24204
24442
27383
27258
29829
28478
28961
27004
24859
29147
27969
29017
25049
25686
25869
25392
25139
25624
26350
25930
25385
25370
25925
25591
31099
25819
25874
25891
26613
26736
25926
26027
26478
26109
25789
25634
26117
26315
26047
25496
25478
26240
26147
25636
25719
25679
25939
25852
24064
24112
24822
29109
28979
26513
26248
26072
26137
26949
26239
26120
26493
26067
26310
26495
26460
26209
26611
26174
26178
26112
25393
25977
25623
25363
25649
26681
25854
25531
26285
26133
25535
24926
25392
26285
25460
25516
26799
26728
26431
26957
26197
26298
26082
26836
26340
26133
25644
25881
26340
26383
26363
26027
26423
26250
26130
26265
26298
25681
25803
25350
25626
25752
26057
25935
25283
25797
25992
25553
25952
25929
26042
26239
26145
26127
25882
26185
26105
25879
45946
27623
27200
26455
26366
24599
24947
25812
25570
26212
25859
25929
25448
25238
25224
26007
26310
26135
25321
25738
26895
25891
25794
26225
26353
26413
26566
27157
26616
26162
26332
26844
26423
26821
26688
26413
47055
27205
26328
26987
26217
26684
26318
25036
25320
26189
26085
22791
25450
25170
24716
23982
23646
24753
24778
23478
24937
25272
24721
24761
25757
24666
25115
24944
24756
24706
24528
25099
25538
25293
28027
28598
27802
30646
29423
29994
28874
30558
29105
29302
28638
28902
23666
23920
23877
23503
23789
24207
23886
24027
24067
24516
24737
25015
25137
25365
25285
25440
25400
25528
25573
25711
27044
31653
29593
26011
24856
23678
28328
26024
25864
25428
24747
25232
25034
25195
25223
25508
25333
25422
24709
25061
25079
25518
25110
25604
25473
25215
24548
24980
24812
25287
26470
25315
25563
25400
25165
25584
25290
24498
25874
26243
25250
25446
24872
24733
24924
25350
28049
30503
29372
27345
26363
26285
27889
28114
27197
26917
26408
26897
26555
26616
26703
27080
26840
26774
27007
26330
52104
27328
28004
27331
28220
27258
27641
27017
27267
26527
25987
25315
25914
25596
25546
25776
25277
26055
24977
26333
25185
24623
25157
26237
26097
25293
26155
26441
26177
25225
25418
25940
25701
25749
25465
25072
26026
26576
25876
25506
25636
25190
25415
26227
25596
25576
25976
26350
26282
26308
26202
26418
26305
26247
26310
25960
26134
26057
26634
26508
25979
25859
26693
28160
26007
25232
25506
26538
26651
25734
24965
26431
26125
26742
26851
26130
26365
25553
329981
49164
24576
24320
24300
24580
23997
24671
25117
24310
24674
24164
24902
24438
24649
37410
23480
22952
23916
23318
24050
65597
23783
23661
23624
23435
23148
22824
22916
24109
24165
23942
23925
24233
25102
23990
24651
24483
23641
24170
24245
23869
24591
92805
24002
25064
24538
24643
23839
25162
24403
24641
24471
24561
25104
24922
24608
24386
24517
24365
24143
24395
24102
23498
22528
22270
22709
22813
22752
24025
23701
23827
23080
23733
24070
22629
23094
23600
23867
23433
22576
22871
23107
23711
23511
23273
23413
23543
23160
23944
23117
23488
23210
23323
23261
23601
23666
22413
24639
23070
23017
22744
22772
22826
23506
23390
23060
22802
22834
22360
23523
22623
22939
22471
22485
22589
24167
23781
23047
23263
23638
24375
24225
23841
24052
24373
23804
23538
23293
24117
23566
23024
23079
23549
23183
22836
22759
23408
23568
23077
23173
23172
22626
23180
23488
23423
23243
23559
23378
23170
23984
23618
23398
22644
22827
23421
23623
23227
23107
22867
22812
23709
23285
23284
23463
22844
23393
23262
22813
22817
22543
22929
22659
23731
23716
23513
24175
24849
23834
24273
24275
24538
24175
23914
45825
24584
24596
24127
23112
24461
26132
25799
24403
23857
23373
23530
23219
23614
23460
23022
22762
22643
23222
23279
23127
23859
24628
23962
23312
22972
23967
23155
22671
23528
23872
23054
23415
23646
22972
23115
23924
23470
23095
23445
23929
23265
23233
23040
23211
22741
23042
22595
22882
23238
23117
22969
22959
24094
24074
23478
23378
23039
23087
22704
22591
22459
22766
22812
23403
23147
23511
23451
23320
23698
23438
23546
23160
23644
22999
23385
23110
22907
23215
24030
24155
24290
23944
24568
23997
24301
24263
24215
24495
24343
23360
23365
23619
23897
23197
23541
23123
22634
23259
23162
23347
22516
22227
23258
23465
23440
22932
23112
23776
23696
23636
23509
23752
23089
22927
22644
22901
22546
22533
22701
23072
22230
21937
22732
23535
23476
23543
23446
23410
22929
22661
22771
22894
22413
23109
23395
22899
22285
22666
22706
23275
22528
22466
23438
42646
23914
26140
24215
22145
21934
21668
21806
21732
21818
21636
21914
21821
22307
23007
22821
22458
23122
22470
22886
22586
22594
22869
22508
23115
23628
25483
27127
26097
26285
26742
27069
26370
26746
26213
26904
26777
26620
26225
27831
27636
26914
25505
27190
27142
27768
25316
23787
23260
22899
23282
23173
23195
22972
23069
23461
23724
23701
23541
23621
23941
23787
23981
28160
24874
23340
23135
26340
22618
22024
23242
23092
23286
22784
23134
23064
23139
23087
23445
23195
22554
23114
23405
22974
22674
23245
23478
23020
22936
22812
23034
23077
23232
23077
23072
23064
23099
23358
22890
22777
23012
24117
23972
23187
22957
23530
22708
22925
23388
26984
23435
24072
23665
24252
24601
23872
23960
24187
24631
24122
24613
23809
24272
24874
24308
24313
24478
23931
24415
24068
24521
25102
24794
24448
24732
24438
25020
24488
23663
23115
23611
23062
50109
24227
23032
23335
23297
23862
23310
23077
23247
23333
23579
23656
23686
23115
24496
23872
23183
23397
23778
23250
23892
23127
23152
23307
23308
23884
23662
23313
23506
23852
23568
23360
22897
22656
23505
23272
22995
23761
23321
23879
23706
23110
23260
23403
23590
23122
23666
23636
23122
22912
23671
25318
24305
23200
22824
23350
24290
23731
24884
23891
22987
23237
24092
28138
27831
25649
24092
28448
26921
26004
27493
26300
25062
24142
23916
24200
23144
23829
22896
24002
23383
24054
24569
24475
24062
23160
22741
23550
23894
24949
24475
22483
23519
23590
23277
23944
23032
22297
22849
23092
22879
23024
23375
23776
24856
24295
24035
24305
24498
24601
25916
23713
23130
23113
22094
22195
22596
22606
22649
22611
23240
22255
23072
22530
22679
22656
22624
22799
23057
24190
26646
48392
25984
26645
26858
25922
26431
25924
26856
26525
51704
21999
22513
22616
22538
22335
22570
22488
23786
23042
22964
22982
23224
24069
24278
22659
24570
26738
26162
25907
26881
27581
25847
24982
24245
23696
23070
22859
22436
23380
24238
23456
23376
22940
23535
23321
23561
23885
23498
23493
23486
23367
23328
22729
22366
50249
7548
6874
6348
7260
6932
6955
6643
6902
6080
6912
7305
7704
6970
6235
7348
7010
7255
6985
6609
7915
6709
6809
6993
6694
6185
5478
5533
5200
5393
5381
5152
5454
5283
5231
5095
5351
4935
5273
5005
5048
5023
5175
5355
5065
5449
5203
5230
5512
5230
5035
5076
5225
5438
5201
5165
5035
5183
5368
5085
5468
5561
5531
5369
5403
5391
5389
5483
5438
5469
5225
5641
5566
5494
5476
5416
5358
5334
5238
5632
5476
5363
5511
5551
5293
5551
5275
5351
5561
5589
6135
6799
6326
5784
5704
5554
5524
5564
5423
5631
5602
5662
5489
5350
5438
5771
5451
8528
5970
5233
5742
5629
5424
5629
6138
5744
5358
5499
5744
5701
5424
5296
5481
5504
5245
5529
5381
5583
5631
5328
5604
5611
5539
5682
5261
5429
5503
5361
5694
5451
5456
5544
5589
5441
5539
5697
5351
5454
5629
5368
5483
5248
5401
5321
5486
5554
5702
5370
5383
5376
5441
5470
5621
5516
5649
5754
5656
5574
5722
5606
5482
5295
5273
5481
5641
5549
5509
5617
5561
5466
5373
5484
5912
5554
5461
5749
5797
5631
5378
5634
5428
5502
5619
5471
5191
5588
5376
5320
5541
5478
5278
5494
5375
5263
5386
5323
5722
5388
5396
5295
5173
5131
5414
5223
5170
5742
5348
5346
5276
5446
5594
5742
5514
5454
5586
5544
5593
5356
5359
5338
5378
5428
5268
5308
5494
5378
5266
5395
5646
5230
5463
5632
5328
5328
5261
5685
6075
7706
6288
6609
6644
6235
6466
6368
5624
5712
5591
5609
5411
5459
5689
5509
5641
5839
5318
5438
5420
5672
5378
5694
5634
5629
5815
5544
5516
Actual mean is 31393.269716626834
Actual variance is 246029.74354140137
