696883
30591
56353
24937
24924
25351
24976
28142
27576
29849
25668
25177
24631
26588
26393
26397
26877
26162
26325
26726
26599
26305
26621
26488
26233
25801
26150
26982
26140
26594
26475
26225
26415
26673
25990
26393
24267
24495
25084
24694
24887
24348
24105
24651
25443
24749
24225
24260
24375
24432
24448
24182
25042
25696
24986
24228
24813
25576
25560
25074
24563
25614
25899
25950
25293
25540
25508
25781
26057
26260
25433
26733
25363
23202
27373
27140
27809
28168
27097
25797
25777
25122
25431
25386
25082
25826
25035
25160
25506
26207
26187
26092
26178
27132
26350
25433
25157
25270
25295
25277
25215
25550
24877
25087
24656
24420
23536
24047
24741
24411
24075
24117
24435
24849
25545
25628
26024
25834
25152
25320
25283
25280
24074
24491
24270
24598
24423
24455
24235
24661
23882
24270
23719
23932
48172
23841
23558
23549
23528
23611
23486
24956
24250
24173
24265
24200
23581
23934
23400
24317
24515
23586
23704
23769
24480
23831
24438
24882
25037
24814
24708
25373
25092
25463
24411
24090
23951
24435
24508
24492
24563
24834
24202
24570
25636
23884
24428
25029
24247
23578
24869
25513
25380
23731
24708
24370
24884
25293
24809
25223
25503
25330
25104
25140
24821
24809
24902
24969
24980
24961
24774
26934
26115
26388
25368
25733
25382
26074
24563
26037
26143
26377
25904
25285
23283
24388
23895
24370
24160
23702
24270
23596
25257
26174
25882
25681
25952
26220
26761
26776
26385
25942
26103
24360
23794
24944
25465
24997
23962
24714
24867
26248
25701
25696
25272
26122
25654
25854
25337
25190
24944
24346
24513
25628
26410
25330
26160
26253
26022
26255
26313
26343
26759
25286
26503
25611
26059
26087
53149
26360
26776
26127
26140
25884
26242
26107
26485
25894
26280
26307
26045
26426
26162
26125
25824
26804
25707
26082
25571
24956
24473
23119
23523
23589
23355
23438
23468
23598
23767
23598
23894
23801
24616
24454
23761
23797
23425
23478
24094
23909
24217
24481
23774
23891
23533
24177
23904
23588
23405
23871
23982
23823
23698
23819
23689
23483
23586
23922
23831
24102
23726
24112
24300
23977
23814
23994
23789
23837
23569
23643
23581
23734
24002
23947
24032
23925
23646
23882
23436
24297
23947
23962
24087
24220
24012
24125
24453
23505
23804
23841
23774
23501
24426
23585
23243
24180
24889
23761
23806
23779
23589
23686
23922
23614
22809
22999
22754
23162
23195
23035
22716
23047
22947
23465
23265
22966
23142
22771
23139
23631
23300
23242
23332
22954
23313
23104
23167
23569
23935
25117
28014
28854
28807
27721
28451
24322
22832
22756
41634
24067
23473
23877
24087
23679
23989
24370
24283
24117
24967
23761
23789
28598
27992
29417
28248
28997
27463
28879
28332
27821
28100
29202
28115
27736
29107
28962
28616
27158
24067
23966
24108
24734
24516
24205
24686
24939
24806
24678
24966
24779
24989
27922
30625
31658
25528
23769
26559
24811
28570
24656
24751
24311
24510
24731
24428
24738
24947
24496
24984
24864
24120
24588
24386
24109
24550
25042
24212
23939
24132
24759
24320
24040
24799
24453
24526
24238
23826
25030
25042
24541
24621
24415
24568
28485
29423
30312
29082
24789
25503
29851
27701
27024
25483
24726
26064
26786
26190
26435
26103
26012
26250
26333
25693
25851
26896
26360
26385
26007
26827
27104
26360
26515
27272
26646
26421
25887
25090
24907
25090
24989
24636
24841
25330
25596
25130
24608
24861
24511
25170
45087
25523
24157
25022
24591
23992
24623
24723
25478
24025
24471
25584
25343
24912
25428
25846
24077
24566
25628
25982
25824
25205
25625
25939
25626
25593
26085
25731
25698
25728
25012
24982
26353
26132
25834
27167
25470
26152
26167
26004
26927
25934
25726
27069
26017
27167
26041
25934
26505
26604
25788
26530
26045
26425
25901
26327
26357
26350
26205
26035
26173
26673
26544
25999
26115
26032
26037
25798
25541
26005
26493
25944
26949
25122
25957
25370
26515
25332
26154
26182
26165
26250
25559
25851
26217
25754
25970
24362
26160
26084
25719
26270
26155
26837
26674
26125
24095
26285
25959
26085
26217
26380
27297
27012
27107
27090
27613
26759
27488
26703
26370
26260
25779
26380
26546
26017
26225
25651
26693
24749
73151
27473
26699
26749
28150
27140
53853
27325
26879
27594
26939
27183
27107
26861
26932
27052
25902
27821
26696
26275
26689
27644
27144
27386
26323
27285
27217
25909
27085
27165
27653
26278
26501
27423
26941
26142
27488
26866
27230
25876
25866
27052
26829
27425
26400
27180
27431
27220
26258
27500
26435
26460
26799
27064
27460
27914
26482
26829
26584
28134
26736
27017
26513
27187
27395
26932
27142
27222
27047
26896
26553
27059
27317
27220
26924
27956
26388
26531
27262
25897
26994
26666
26849
26949
27581
26445
26703
27105
28280
26468
26653
26350
26846
27197
27500
27656
26325
27125
27009
27872
25337
23999
25987
24476
25393
25538
25248
25385
25581
25202
26182
23952
25838
25615
24909
24819
25242
24543
25170
25303
25089
26090
26168
25094
25417
24576
24904
25548
26300
25493
26104
26265
51923
24052
24368
24636
24608
24816
24082
24536
24215
23709
25199
24117
24869
26485
26287
26137
25658
25618
25481
25235
25119
25400
24824
25807
26232
26719
25756
26363
25500
24461
25483
25245
26102
26548
25646
25876
25178
26152
31341
26260
26944
26578
26634
26571
26663
25977
25493
24987
25521
25117
24906
26202
25711
26485
26779
26488
25593
26598
26878
25556
25145
25275
25017
26285
27177
26936
25290
26738
26468
30383
25879
25917
25346
27578
25185
24977
25403
25035
26310
25834
25585
26070
25961
25771
25348
26010
25901
26059
26433
26323
26205
26776
26204
26485
25727
26057
27104
27032
26193
26223
25994
26315
26516
26757
26275
25060
24900
24970
25899
25292
25696
25245
25779
26373
26308
25929
25528
25559
25421
25360
25383
25365
25824
26049
25510
25087
25912
25521
24726
24841
26666
44235
26074
25179
25641
25583
26015
25506
25553
25428
25541
25565
25961
25155
25742
25819
26039
25408
27014
25781
26648
29022
26252
25120
24701
24711
24772
24889
24614
24864
24711
25210
25157
25087
25195
26125
29678
28187
29295
29721
29117
29984
29330
29435
28598
30565
29017
29398
29009
29463
28593
29157
25453
25453
25240
26443
24817
24476
25297
26165
25210
25498
25120
25661
26125
26441
25275
26179
25143
24944
24822
26099
25333
26250
25390
25778
24704
23724
24087
25886
26914
26320
26057
25980
26358
26052
26365
26671
26879
25802
25711
26728
25676
27057
27295
26207
24716
27059
26518
28252
26193
25721
26277
25971
26500
26779
26293
26788
27453
27212
25931
25834
26415
25824
25819
27130
27189
25964
26192
27085
26400
26881
26420
26676
26688
26999
27128
26823
27410
29521
30091
29024
25235
25192
25122
25185
24924
25175
24929
25803
28082
32566
29516
28658
28117
27917
29145
29085
28640
29648
28165
26273
25370
25207
25681
25430
25207
25554
29387
25500
28756
25548
25090
25144
25047
25370
25290
25057
25312
25315
25270
25533
25290
24924
25708
25039
25310
25097
38724
25992
29200
27077
27883
26130
26370
26478
26079
27119
27300
26598
26428
27333
26824
26676
26571
27443
25468
25353
27268
25543
25120
25503
25322
26947
26408
26052
24623
25052
25645
26145
25887
25816
24416
26245
26628
25912
26293
26744
25806
24335
26162
25368
25167
25946
26674
26042
25496
24726
24821
24821
25350
25684
25408
24796
25332
25539
25060
25716
26508
26395
26565
27503
26185
24812
24570
24290
24526
24863
24804
24686
24610
24212
24413
25047
24754
24613
24902
24295
24158
46806
24799
23942
24005
24223
23696
23992
24044
24919
25122
24934
24859
25533
24684
24834
25387
25996
31137
29032
24242
23651
26027
26249
25137
25478
25441
25070
24972
25082
25115
25844
25095
25204
25037
24686
24576
25004
24854
25232
25258
25523
24972
25185
24799
25108
24636
24914
24824
25045
25278
24839
24861
25027
25415
25601
25062
24957
25117
24900
28523
28388
25916
26067
28277
27190
28180
27257
26503
27934
27268
27611
26992
27358
27744
27588
27004
27422
27200
27143
27636
27302
26956
27939
26660
26243
25531
25465
25570
27274
26039
25583
26525
25340
25197
25711
25836
25430
25253
25839
26904
26188
26330
24896
30075
29207
27255
31348
29761
29132
27966
32328
32030
28022
30934
30343
29721
27921
29837
32203
31726
30718
28701
31005
31666
29693
32410
26135
25290
48408
26313
25796
25623
25719
27245
26741
26337
26368
26040
25852
26001
26771
26049
26485
27064
26460
27242
28147
27779
24047
24398
24533
24325
24439
24882
24992
24407
25237
25080
24887
24876
26182
25981
26724
29468
29751
29403
28618
29352
28766
30457
29222
29847
28782
30360
28779
29496
29834
28967
29217
30976
26460
25052
24701
25418
25663
25421
25618
25563
25581
26010
25443
25600
26847
30024
25827
24616
27721
25184
26195
24999
25345
25406
25097
25127
25508
25460
25551
25065
24673
24828
25059
24799
24923
25811
24716
25223
24936
25099
24862
24338
25019
25306
24624
24668
24476
25100
25520
25360
24641
24826
24828
27242
30069
27846
26385
26636
27801
27568
28596
27327
26089
27075
26590
26422
26977
27004
27448
26638
27042
27132
26648
27230
27044
27869
26864
26883
26518
26007
50480
23661
23395
23418
23421
23197
25603
25085
24748
23541
24531
25020
29079
28526
24237
23812
24511
23917
24315
24069
24426
24114
23937
24147
26047
30412
30455
28789
29250
29115
28611
29483
28461
25721
25606
25548
25523
25402
25270
25300
29546
25796
26679
25343
25223
24934
25124
25451
24964
25212
25303
25428
24934
25465
24870
25521
25170
25130
25112
25400
24837
25413
26580
26125
26726
26153
26029
26804
25899
27105
26428
27029
26454
26175
25362
25209
25724
25150
25834
25162
25788
25994
25981
25664
26157
25320
25483
27363
27451
26641
25894
26570
26240
25746
25769
26047
26506
26152
25545
26461
27115
25610
26721
26418
26453
25849
26811
25896
25889
25676
25681
26097
25415
25683
25802
25771
25531
25448
25456
25478
26596
26549
27263
26531
26729
26217
25546
26250
25829
26325
45262
26952
25749
25197
26444
26869
24579
24430
24896
24762
24508
24799
25092
28548
28879
29570
29403
29245
29034
28538
29127
29368
28322
25458
25288
24949
25426
25466
25671
27395
27082
27979
25909
24824
24746
25323
25175
25749
24914
24882
24708
24839
25247
24791
24934
25468
24758
24925
24769
24985
25002
26483
26415
26691
26731
26295
27057
26674
26558
26686
27323
27337
25713
26343
25839
25022
25255
25513
25338
25634
26142
26049
25606
26633
26852
26430
26385
26060
26330
26493
24860
30335
25398
24844
24747
24488
27212
30976
29478
30347
29914
28501
30861
28335
27287
25625
25706
25706
25478
25741
25696
29463
25821
26842
25037
24851
25318
25381
25531
25202
25035
25163
25112
25032
25250
24736
25163
25237
25056
25569
25646
24681
26212
26523
26198
26753
26476
26498
26588
26631
26994
47847
24568
25042
24641
24869
25287
24438
24388
24198
24796
25319
25625
24376
24724
24949
25132
25894
25039
24092
24965
24649
26050
25343
25704
24914
26447
26894
26511
24633
26223
25946
27144
27356
26418
25310
25220
25967
26305
26455
26849
25967
27157
25242
26313
26563
27370
26488
26796
26846
26160
26641
26784
27132
26964
26889
27250
27423
27094
27112
26929
27165
26460
27014
26799
27295
26721
27270
27205
27047
27538
27233
26907
26842
27721
26846
26844
26957
27299
27235
27084
27265
26554
26614
27262
27312
27280
27405
27250
27320
27157
26864
27415
27445
27561
27665
26844
27480
27107
26879
27952
27568
27065
27571
27686
26859
23891
24010
24485
24751
26584
26460
26243
25485
26250
26425
26781
26671
26716
26503
25952
26373
26631
26588
26520
26694
25902
26560
26709
26955
48699
26824
26957
26877
26498
25691
25945
25723
26407
25235
26272
26530
26648
26856
26531
25849
25548
25678
25360
25351
26152
26207
26791
26744
27528
27411
26629
26580
26342
26899
27270
27433
26801
26994
27914
27245
27165
26543
26758
27097
26545
25643
25465
25610
25714
25761
25743
25884
25919
25877
25809
26977
25343
25290
25503
25360
26593
25544
25396
26009
25493
26177
25375
25295
26536
26230
25801
26393
26207
25584
25884
25776
25736
25476
25839
27333
26407
26077
27603
26555
26967
26609
26385
25789
25583
25876
25646
25604
25934
25774
26876
25445
25801
24817
24789
25157
25801
24891
25370
24604
24327
25498
24822
24293
24471
25365
25576
26035
25258
27162
26060
27899
27574
26936
27435
26455
27385
25566
25541
25744
26613
25747
26596
26566
25601
26200
26235
26445
26866
25901
48899
26746
26045
27852
27330
27734
27263
26002
28035
26365
26914
26804
27353
27355
27025
26706
27566
27631
27019
26851
26999
27844
27184
27654
27545
28305
27080
26826
26946
27275
27060
26756
26834
26884
27004
26763
27137
27160
27066
27754
27252
265464
48575
27227
26951
26533
26593
27277
26786
26593
26809
27044
26628
26526
26516
26107
25797
26806
26491
25333
25904
26135
26034
26440
26385
25962
26486
26335
25741
25195
25548
27154
26088
26563
26654
25905
25330
25616
26117
26716
26470
26644
25922
25834
26506
26721
26816
26593
26443
25019
24934
24869
24812
24338
24623
24225
24398
27708
29959
29704
28613
28443
28681
28994
29849
25501
25252
25124
25313
25688
25383
25485
28979
28588
25144
24812
24809
25143
25134
26275
24956
24666
24649
25320
25152
24806
24786
24541
24613
24905
24661
24804
24704
24443
26044
26052
25699
26463
25603
26470
26636
25659
25917
26280
26764
26363
25764
24972
25232
25052
25330
24500
25132
25105
25841
25892
25778
24952
25371
24892
25227
25192
24781
24929
25945
24633
25624
25059
24854
24781
24641
24711
25471
25338
25135
25776
25802
25777
25937
26150
26656
26969
26182
25551
25679
25619
26405
25333
26268
26428
26190
26100
26997
25443
24303
24403
24228
24310
24150
24020
24167
24225
25548
29814
29570
27704
29543
28260
28516
29746
28743
29142
28368
28260
25526
25558
25458
25288
25531
25085
25360
28881
26431
27726
25986
24415
24842
25014
24884
24899
25062
24521
24686
24401
24747
25020
24496
24363
24979
24718
25032
24768
25052
24576
24781
26435
25829
25871
26035
26380
26203
26591
26576
22961
23558
25348
25240
25220
25480
25438
26129
25515
25057
24862
25130
26232
25350
25257
25210
24961
25117
25367
24779
25498
25555
26433
29916
26042
24214
23465
23471
23250
23315
23070
23288
24363
23696
24154
24608
24337
23699
24423
23739
23939
25210
28027
28490
30029
29187
29132
27849
29515
28415
28267
27769
29696
29719
27566
29157
29643
29283
28097
26107
25244
24852
24984
25090
24742
25338
25365
25227
24979
24869
25400
24854
29658
26610
25007
24949
28514
25260
25391
24899
24716
24939
24872
25353
26170
24959
24388
24310
24864
24791
24561
25210
24811
24776
24493
25245
24759
24586
24568
24902
24614
24751
24506
24633
25734
25611
24666
24561
24485
24177
27157
29631
26202
25491
26280
28215
27197
27896
25971
26413
26964
26774
26390
26353
26749
26606
26703
26280
26899
52461
27591
26949
26934
27415
26565
27062
25320
24559
25080
24736
25105
24972
25686
25751
25165
24874
24837
24626
25230
25270
25157
26183
25981
24049
24851
25059
24977
24952
24723
24864
25059
24844
24726
24806
24668
25262
25506
26139
25781
25362
26115
25682
26090
25523
25575
26280
24907
25264
25430
26320
26069
27165
27332
24556
25706
25761
26169
25283
24962
24668
25651
25593
25658
25824
26110
26761
26471
25681
24398
24002
24117
24203
24614
24641
24661
24771
24481
24295
24628
25804
28089
28055
29473
28458
29543
27584
28380
28854
29883
29706
28541
29345
29092
28355
29322
28929
27831
25485
25117
24724
25403
25092
24957
25493
25543
25568
25350
25554
27017
29448
25082
24822
28009
25401
25682
24884
25082
24839
25024
25072
25355
25342
24814
24415
24605
25267
25250
25130
25019
24872
24255
48428
25413
24084
24398
24541
25152
24544
25149
25140
25316
25503
25087
25816
24523
24904
24994
24681
25345
24891
24919
24884
24581
25260
25490
25302
25876
26015
24813
25150
25433
25362
24927
26267
25398
26002
25746
25468
25230
24921
24681
25214
25636
25691
25366
25701
25117
25706
25594
26306
24505
25195
25227
26120
25964
26605
26187
25593
24528
24413
24267
24781
24270
24536
24363
24679
25177
29693
27257
29237
28816
28919
30207
31072
24571
25957
25162
24638
25087
24496
24503
24583
24350
24273
24129
23867
25185
25322
24430
24405
24435
24152
24107
28350
29576
28405
26180
24846
25554
25353
26779
26526
25766
25881
25708
26244
26230
26034
25954
25964
25817
26065
26343
26603
26483
27162
26759
26744
26871
26996
26455
25526
24548
25124
24706
25418
25290
24946
25997
47457
24295
25648
25316
25032
48046
26338
25458
25127
24638
25213
25119
24999
25321
24798
24881
25147
25347
24791
25307
25827
26198
25739
26500
26769
26338
25989
25841
25994
25656
26440
26152
25273
26127
27129
26837
25178
25331
25914
25879
25253
26433
25786
29094
28070
27991
25857
29714
30363
29638
32696
28265
29578
29014
27842
26827
27290
25834
27320
26127
27001
26709
27302
27117
26553
30285
27971
26443
27904
27711
26729
27041
26300
24861
25556
26092
24936
26457
26591
25911
26007
26498
26147
25686
25611
26328
26526
26909
25798
26092
27054
26465
26268
25553
24716
26716
26641
25137
26047
26724
26751
26127
26255
26265
25901
26415
26458
25154
24428
23445
23689
23892
24536
24463
24491
24621
24526
24238
24449
24082
24318
24132
24515
25022
28431
29941
28192
30095
28648
29122
27746
29290
27485
54334
29373
28974
29134
29117
29165
29718
29165
29087
27827
27771
25819
24912
24952
25318
25488
25292
24766
25550
25675
25566
25252
25177
25689
26067
29904
26678
24787
24411
27430
24716
25563
24658
25147
24576
24939
25258
25017
25406
24931
24716
24694
25428
24904
24692
25365
25074
24851
24649
24608
24852
25082
25127
25017
24927
25089
25283
24821
24979
24991
25392
25213
24924
25027
24616
24887
25849
28223
25859
25836
26786
27997
26397
26270
26252
26849
27205
25761
26097
26232
25896
26173
26753
26468
25975
26368
26884
28727
26917
27084
27199
26802
26962
24992
24955
25463
24683
24967
25523
25270
25160
25279
25891
25062
24824
26392
25543
25192
26125
26215
25779
24912
24754
24997
24912
25390
25240
25791
25626
25611
25375
25599
25340
24957
24869
24701
24796
25819
25518
25012
24829
25651
45418
23658
23559
23889
23899
24117
25107
25475
24673
24588
24275
28057
26273
25922
25455
25075
24919
24714
24871
25002
24956
25165
24966
24633
24741
24837
24871
24829
25303
25305
24832
24694
24974
25440
24396
24736
27856
25526
25900
25827
26021
26217
26323
25300
26170
26465
26530
26465
25528
25456
25305
25561
25536
25103
25044
24865
25337
25611
26069
25445
25666
24332
25009
25225
Actual mean is 26415.52338682144
Actual variance is 13415.919824993294
