367532
9681
8033
7558
7343
7729
19518
9195
8666
8656
8416
8281
4839
4787
4902
4749
4802
5674
5045
5022
4837
4707
4969
4932
4967
4809
5218
5052
5010
4845
4729
5125
5010
4922
5040
4897
4940
4912
4907
5351
4927
5025
4952
4837
5053
4807
4975
4978
4983
4842
5088
5037
4842
5002
4985
4842
4992
4980
4973
5518
5183
5045
4967
4932
4869
4937
5073
4879
4900
5013
5015
4890
5140
4774
4969
5059
4977
4942
4927
4885
5055
4809
4839
4940
4957
4998
4947
4932
4967
5228
4927
5085
5018
4864
5190
4850
5063
4779
4960
4955
4877
4915
5097
4970
5005
5142
4867
4872
5015
4887
5060
4884
9671
8554
8363
8306
8230
8255
8534
8551
8085
8378
8205
8509
8163
8451
8413
8150
8323
8557
8416
8057
8235
8193
8929
8644
7722
7882
5150
4900
4784
4864
4862
4983
4819
4865
4776
5057
4684
5035
4760
4804
4972
4857
4877
4867
4752
4774
4857
4829
4820
4990
4704
4801
4831
4952
4697
4907
4724
4999
4611
4824
4930
4716
4905
4732
4873
4928
4752
4882
4757
4824
4895
4945
4699
4930
4757
4765
4982
4899
4681
4935
4782
4817
4820
4955
4880
4686
4760
4987
4647
18593
9579
8498
8604
9599
8702
7150
5481
5246
5276
5203
5230
5381
5208
5248
5095
5183
5318
5238
5273
5090
5363
5198
5278
5305
5120
5203
5258
5108
5353
5153
5233
5275
5171
5059
5241
5059
5273
5178
5131
5145
5481
5243
5170
5236
5123
5215
5225
5120
5338
5182
5118
5270
5135
5087
5223
5100
5198
5374
5140
5206
5173
5135
5205
5200
5143
5102
5150
5115
5303
5330
5140
5246
5171
5198
5178
5107
5236
5238
5238
5363
5130
5153
5451
5153
5180
5323
5222
5075
5313
5198
5261
5321
5155
5388
5270
5077
5261
5115
5411
5486
10664
8424
8441
8466
8484
31747
8255
8548
8095
8105
7664
7656
8236
8280
8619
8022
8381
8233
7884
8424
8221
8308
8491
8062
8274
8519
8232
8344
8010
8155
9127
8151
8273
8233
7949
8807
8200
8429
8328
9293
8401
8294
8095
8634
8293
7473
7200
7707
7318
7721
7967
8028
8216
7929
7844
7915
7822
8315
7817
8316
7850
27468
8186
8942
9018
7597
8236
8250
8180
8531
8228
8373
7830
7775
7904
7621
7514
7472
8140
8150
7802
7805
7895
8419
7739
7786
7879
8044
8017
7413
7709
7710
7934
7499
7677
7517
7887
8146
8007
7564
7453
7391
7741
7471
7701
7799
7962
7634
7504
7717
7609
7903
7534
7791
7641
7794
7785
7503
7388
7636
7554
7494
7651
7929
7649
7597
7734
7754
7659
7761
7867
7846
7699
7633
7674
7940
7518
7371
7662
7587
7714
7892
7461
7727
7752
7429
7631
7406
7436
7629
7764
9150
7965
7754
7549
7651
7710
7631
7965
7511
7604
7790
7674
7609
7837
7633
7584
7717
8027
7987
7915
7511
7569
7361
7223
7433
7706
7847
8243
7549
7321
7938
7684
7877
7757
7789
7827
7679
7634
7972
7902
8097
8734
7945
8068
8499
8215
8015
8017
8128
8366
7621
7884
7839
7765
7912
8217
8095
7952
7930
7820
8130
7862
8122
7955
8103
8361
7769
8854
7010
7947
8158
8050
8122
7870
7461
8045
7764
7702
8097
7892
8035
8002
8052
8161
7556
7644
7899
7867
7854
7817
7932
8062
7837
7865
7609
7438
7809
8246
7877
7865
7897
8015
8017
7822
7817
8135
8060
8151
8303
8303
8320
7827
7905
8123
7719
7892
8292
8143
8080
7714
7446
7900
7802
7726
7964
7714
7729
7827
7879
7877
8251
7787
8105
8133
7804
8103
8042
8232
8361
8148
8235
8436
8451
8298
7929
8423
7932
7627
7772
7857
7872
7812
7954
7962
8323
8201
8398
8148
8581
8385
8481
7122
7797
8371
8561
7883
8468
8248
8566
7671
7907
8574
7990
7413
8151
7977
8017
8158
8225
8150
8652
8391
8193
7819
8602
9662
7315
6967
8228
7965
8025
7609
7787
7935
7962
8015
7802
8012
7907
7993
8245
7945
8320
7616
7769
7609
7810
7684
7526
8130
7742
7995
8020
8256
7824
7927
7647
8025
7681
7978
7669
7677
7586
8133
8045
7657
7739
8910
8185
8048
8251
7632
7654
7706
8875
7759
7924
7897
8496
7887
8027
7641
7694
8213
7935
7759
7915
8060
7471
10707
12584
9005
9293
8577
9050
8719
9258
9771
8674
8847
8802
8877
9350
8596
7341
7558
7877
7706
7809
7719
7345
7829
8110
8058
8511
8373
7950
7426
7662
7797
7576
8022
7561
8208
8065
7443
7589
7799
7949
8155
7827
8225
8080
7607
8721
7772
7933
8266
7642
8514
8251
7582
7904
7474
7910
7671
7365
7900
7719
7594
7995
7787
7867
7999
7889
7962
7544
7832
7947
8343
8528
8105
8117
8368
7634
8032
7829
7900
7844
7726
8290
8117
7583
7444
7398
7343
9220
10594
8726
8944
9929
9253
10461
9739
9521
8499
9907
8887
7729
8308
7787
8143
8320
7569
7892
7850
7609
8125
8592
7972
7739
8063
8299
7917
7885
8208
8050
7950
8042
8165
7997
30969
9321
8656
8539
8348
8519
8481
8579
8275
7990
8278
8325
8223
8373
8260
8215
8523
8259
8333
8411
8186
8646
8283
8338
8378
8408
8245
8323
8205
8100
8015
8173
8140
8360
8393
8346
8263
8661
7920
8010
8186
8012
8175
7786
7885
8200
7980
8065
7970
7942
8137
8198
8163
8097
7817
8363
8092
7965
8310
8145
8163
8338
8170
8398
8078
7847
8473
8168
8241
8073
8363
7957
7872
8105
8130
7899
7897
7922
8052
8022
8045
7982
7790
7955
8140
7990
7907
8170
8168
8335
8105
7714
7872
7874
7945
7682
8020
7995
7977
8085
8306
8095
8260
8263
8416
8366
8168
8113
8213
8416
8256
8137
7857
9005
8173
8025
8178
8195
8153
8105
8364
8774
7944
8153
8380
8175
8082
7899
8075
7930
8621
7910
7741
8072
8170
7905
8045
16072540
10614
8927
8564
8573
8563
8548
8739
8749
8400
8671
8614
8548
8779
8363
8045
7736
8052
7886
7754
8315
8263
7914
8043
8028
8165
8303
7935
8220
7797
8122
8338
8125
7905
7905
7872
7895
7937
7967
7574
8160
8171
7939
8173
7759
7935
8141
8047
7983
7677
8719
7486
8636
8230
8145
8731
8233
8554
8518
9022
8248
8058
7860
7380
7481
7997
8000
8022
8115
8185
8333
7889
8473
8172
7937
8376
8135
7970
7393
7730
8167
8290
8062
8087
8042
7729
7183
7238
7002
7564
7679
7779
7779
7895
7586
8148
7624
7859
7664
8037
8080
7654
8140
7701
8353
8271
8020
8178
8378
8032
7978
8163
8070
8325
8183
8238
8309
8165
8215
8207
8317
8206
8123
8078
8202
8275
8238
7985
8396
8095
8319
8062
8231
8200
8027
8002
8075
8085
24832
8526
8002
8127
8193
8290
8296
8015
58454
8363
7819
8025
8275
8113
7822
7709
7854
8072
8110
7937
8022
7696
7841
8233
7899
7974
7789
7960
8213
8275
7811
7995
7992
8040
7716
7882
7964
8318
8238
8070
7974
8097
8072
7974
8047
8177
8050
8038
7875
8236
7962
7967
7984
8103
7834
7704
8394
7970
8401
7944
7972
7927
7977
7807
8316
8028
8028
8130
8107
8067
7987
7802
7780
7862
8083
8012
8223
7872
7887
8215
7812
8205
7887
8009
8166
7100
7614
8042
7548
7268
8511
8020
8203
8228
7811
7905
7666
7782
7652
8281
7985
8483
8253
8359
8591
8098
8285
8256
8105
7774
8419
7859
8288
7987
7704
8307
8534
8065
8293
8058
8153
8278
8383
8343
7919
8050
8059
8095
8205
8072
8020
8025
8476
7912
7887
7874
7832
7777
8125
8376
7742
8213
8459
8193
8796
7894
7433
7884
7839
8624
8153
8020
8654
8034
8004
8042
7750
8020
7705
8218
7730
8020
8471
7859
7994
7864
8030
8033
8037
8363
7880
8564
8208
8328
8037
7894
7967
7985
7880
7740
8215
7880
30295
7945
10230
8298
7797
8939
8113
8626
8899
8713
7446
7141
7435
7373
11915
9859
9767
10393
8085
9401
9865
9283
9251
9471
8133
8276
7932
7922
7990
8012
7498
7726
7812
7885
7405
7742
7867
7571
7985
7617
7687
8042
8005
7867
8033
7822
8185
8020
7958
8228
8050
7915
7992
8140
7894
8100
7940
7722
8263
7817
7636
7887
8115
8087
8278
7837
7992
7847
7972
8022
8253
8231
7927
7739
8138
8178
7707
7769
8211
8302
8165
7842
7950
8005
8288
7839
8053
8341
7802
7815
8187
7988
8067
7654
7737
7689
7904
7632
8110
8108
7997
7772
8093
8258
8082
8022
8190
8278
8215
7771
7932
8440
7877
7930
8436
8070
7920
8313
8043
7998
8012
7839
7851
7870
8171
7729
8436
7949
8226
7890
8105
7974
8201
8045
7769
8022
7446
7566
7571
7385
7701
9215
8456
8374
8319
8215
8355
8178
8258
8508
8284
8517
8465
8468
8561
8065
8448
8596
8215
8225
8503
8393
8709
8434
8222
8503
8374
8463
8672
8408
8354
8429
8378
8657
8722
8734
8370
8604
8561
8463
8820
8253
8431
8398
8082
8415
8308
8486
8463
8365
8383
8518
8135
8353
8403
8082
8696
7795
8140
8013
8150
8126
8296
8511
8052
8263
8338
8383
8206
8256
8160
8453
8082
8258
8161
8513
8571
7947
8263
8351
8087
7989
8188
7705
7963
7957
8064
8634
8241
8160
8055
8058
8141
7949
8268
7694
8259
8296
8075
8102
8092
7929
8311
8045
8424
8245
8449
8316
8494
9288
8160
8155
8191
8404
8451
8574
8421
8388
8236
8150
8165
8158
8088
8037
8047
8210
8601
8183
8057
8469
8634
8413
8032
8434
8275
8544
8461
8100
8556
8345
8368
8411
8428
8436
8355
8223
8649
8315
8060
8185
8132
8353
8363
8235
7862
8190
8055
8469
8230
8255
8265
7975
8238
8413
8343
8160
8163
8043
8165
8250
8245
8428
8078
8052
8313
8045
8027
7953
7982
8158
8057
8191
8299
8077161
10326
9318
8632
8504
8980
8637
8761
8623
8732
8571
8826
8764
8636
8562
8822
8378
8591
8333
8333
8416
8852
8514
8802
8739
8805
8534
8474
8714
8438
8563
8811
9385
9315
8399
8083
8654
8511
8681
8962
8266
8155
8541
8910
9022
8809
8323
8857
8461
7885
8461
8138
8002
7832
8191
8608
8303
8261
8340
25297
8346
8321
8406
8180
8486
8529
8446
7959
8415
7889
8178
8416
8171
8299
8080
8197
8305
8441
8276
8250
7930
8248
8238
8210
8614
8268
8257
8045
8368
7997
8072
8278
8068
8278
8087
8298
8275
8296
8193
8227
8355
8147
8157
8085
8464
7990
8496
8160
8203
8481
8241
8579
8133
8463
8238
8100
8395
9212
8381
7957
8082
8007
8126
7997
8353
8268
8231
8108
8025
7897
8125
7952
7992
8308
8486
8293
8195
7864
8393
8421
8027
8340
8080
8524
8711
8120
8022
8135
8095
7890
8466
7722
8346
7942
8196
8065
8385
7993
8024
8366
8283
8463
8221
8157
8148
8416
8358
8295
8320
8551
8355
8662
8165
8614
8474
8548
8195
8185
8631
8137
8138
8451
8050
8326
8363
7892
7839
8123
8250
8559
8175
7892
8150
8105
7654
7935
8153
8320
8145
8003
8175
8025
8143
7997
8231
8125
7847
8140
8353
8030
8349
8283
8057
8000
8013
8110
8143
7940
8143
8216
8211
8088
7990
7899
8165
8260
8123
8363
8195
8012
8218
8203
8228
8166
8501
8611
8028
8033
8271
8729
8095
8092
8122
8351
8085
8323
8072
8393
7947
8173
8138
7799
8293
8185
8110
8193
8015
8100
8127
8218
8135
8002
8072
7852
8463
8441
7962
8118
8398
8328
7917
8318
8050
8120
8062
8040
8305
8273
7944
8275
7972
8108
8346
8080
8025
8206
8070
8659
8875
8055
8018
8501
8082
8092
8130
8446
8002
8348
8238
7975
8478
8521
8403
8446
8502
8256
8022
7380
7627
7448
7125
7647
7607
7807
7909
7707
7636
9406
8256
8045
8180
8160
8030
7972
8263
7897
8225
8049
7859
8376
8047
7884
8143
7897
7932
8190
7669
7769
8080
7799
7812
7408
7566
7662
7539
7654
7543
7408
7513
7278
7470
7301
7426
7304
7265
7403
7313
7328
7579
7398
7361
7361
7260
7346
7218
7494
7501
7288
7454
7383
7405
7258
7408
7451
7318
7408
7411
7436
7428
7321
7496
7589
7533
7449
7281
7396
8176
8213
8025
8403
7767
8158
8293
7471
7960
8090
8398
8634
8165
8421
8000
8010
7919
8176
7865
8270
8518
8276
8329
8152
8395
7962
8095
9383
7849
8027
7358
6947
7754
7634
7674
7812
7593
7646
7612
7744
7895
7960
7924
8130
7890
7927
8060
7825
7886
8165
7851
8185
8223
8038
8172
8346
8346
8128
8073
7899
7927
8110
8233
8338
8264
8166
8050
8009
8311
8054
8396
8263
8203
8408
8669
8268
7929
8439
8286
7862
8118
7987
7940
8215
8278
8471
8133
8220
8213
8004
8102
8388
8306
8000
8160
8140
7914
8413
8087
8062
8213
8017
8215
8281
8345
8325
8090
7755
8250
8000
8266
8290
8203
8032
7915
8313
8010
8048
8037
8256
8273
8095
8233
7975
8188
8248
8123
8283
8043
8012
8350
8142
8365
8178
8078
8180
8027
7952
8163
8128
8088
8328
8157
8002
8258
7880
8022
8381
7932
8198
8093
8018
8160
8173
7939
8140
8055
8072
8135
8032
7965
8309
8314
8137
8394
8010
8023
8188
8148
7995
8203
8095
8060
7882
7927
8240
7912
8070
8443
7972
8005
8331
8112
8393
7999
8246
8313
8153
7704
8384
8208
7969
8108
8248
7805
8568
8172
8125
8100
8078
7865
7787
8165
8561
8441
8115
7359
8269
8668
7822
7604
7765
7697
7726
7881
7945
7902
7807
7636
7604
7784
7684
7341
7822
7990
8040
8093
7724
23595
8551
8470
8030
8599
8263
8052
7771
7862
7862
7556
7276
7860
7842
7774
8872
7727
8077
7902
7506
7806
7784
7832
7867
7982
7937
7508
7970
7837
7721
7601
7797
7822
7869
7789
7714
7511
7523
7686
7887
21549
15736
8556
7937
7987
7646
7904
7874
7862
7721
8273
7867
7969
8188
8088
7596
7717
7800
7581
8378
8103
8135
7879
7764
7792
8050
7767
8017
8130
8110
8141
8120
8043
8178
7817
7903
7887
8857
7902
7885
7522
7955
7877
8286
7922
7915
8160
7930
7854
7912
7797
7940
7627
8401
8383
7899
7978
8048
8068
8153
7734
7897
7862
8014
7729
8100
8052
7714
8153
7712
8000
7656
8037
7985
7757
7724
8022
8108
7491
8077
8220
8248
7932
8037
8784
8190
7765
7954
8005
8005
7736
7957
7960
7837
7884
7609
7497
7822
7809
7674
7496
9115
6416
5406
5178
5180
5118
5090
5238
5137
5048
4939
5063
5030
5015
4920
5128
5013
5035
5066
5022
4982
5173
4957
5083
5122
4995
4907
5163
5080
5193
4927
5088
5007
5093
5058
5138
4990
5035
5296
5063
5148
5241
4992
5010
5032
5007
5065
4910
5030
5180
5108
4857
5045
4967
5080
5163
4992
5073
5088
5025
4985
5182
4992
5105
5155
4832
5117
5137
5070
5156
5085
5165
5148
5050
4985
5361
5087
5140
5218
5128
4992
6012
5057
5160
5143
5018
5263
5105
5055
5251
4997
5211
5246
5176
5140
5118
5107
5055
5369
5120
5220
5074
5082
5225
5198
5246
5301
4987
5065
5263
5090
5050
5260
4927
5080
5396
5047
5155
5038
5073
5255
5125
5115
4998
5185
5195
5105
5094
5043
5020
5142
4980
5263
5203
5022
5182
5108
5253
4970
4967
5248
7652998
8862
8839
8516
8524
8058
7864
7983
7938
7919
7747
7766
7809
7686
8025
7857
8165
7812
8027
8092
7955
7899
7636
7632
7716
7571
7875
7791
7960
7619
7609
7471
7784
7568
7569
7686
7716
7652
7766
7558
7561
7862
7541
7471
7712
7792
7498
7880
7915
7844
8037
7687
7616
7542
7855
7461
7945
7636
7699
7797
7751
7657
7804
7666
7720
7736
7709
7691
7709
7588
7770
7815
12461
12909
10654
8556
9915
9772
9687
9860
10054
8974
9637
9466
9706
10120
9266
8464
9120
8118
7937
8636
8353
9278
10506
9574
10255
8551
13914
8822
8361
7549
8433
9027
9007
8266
8651
9037
8728
9917
8671
8514
8621
8583
8426
8787
8541
9418
9381
8519
8604
8752
8932
8723
8661
8589
9558
8413
8840
8672
8987
8461
8594
8256
8698
8521
8551
9406
8441
8839
8646
8935
8141
8819
8870
8638
9027
8481
8902
9030
8689
9491
8421
8710
8421
8526
8737
8710
8323
8756
8742
8516
8092
9755
8914
8428
8320
8167
8348
8997
8874
8969
9130
8361
9013
8709
8609
8020
8418
8226
13100
10747
10067
10303
9333
9804
9777
9910
10178
9815
9940
8661
9642
8617
8563
8594
8270
9002
9017
8851
8890
9077
9023
8603
8436
8245
8390
8153
8636
8170
8406
8729
8486
8939
8995
8546
8622
8694
8020
8414
8601
8323
8446
8588
8168
8925
8944
9080
8940
8677
8837
8794
8621
8266
8657
8606
8842
8426
8393
8346
8999
8508
8769
8837
8486
8964
8762
8098
8405
8413
8885
8842
8667
8511
8852
8426
8925
8601
8699
8655
8686
8679
8914
8581
8374
8801
8777
9403
8459
8817
8897
8810
8456
8952
25030
8982
8810
8193
8466
8982
8559
8531
8624
8709
9373
8689
8749
8700
9153
8960
9947
8449
9090
9383
9155
37369
9338
8749
9035
8611
8340
8359
9466
8835
8774
8503
8308
9288
9456
9373
8641
8862
8661
8668
8826
8977
8676
8501
8756
8797
9038
9227
9108
8553
8849
8734
8754
8514
8479
9108
8681
8810
9125
9271
8704
8713
8273
9040
8155
8148
8531
8656
8598
8401
8804
9478
9616
8874
8819
9140
8711
8779
8589
9351
8471
9078
8644
8260
9160
8190
8762
8704
8930
8454
9639
8821
8744
8629
8664
8887
8847
8566
8396
8943
8165
8288
8669
8892
8714
8667
8880
8799
8533
8531
8910
9030
8185
9281
8844
8922
8341
8556
8659
8438
8291
8947
8608
8383
8849
8989
8448
8416
9328
9055
9148
8839
9015
8669
8857
8573
8777
8157
9038
8526
8812
9037
9079
9208
9458
8905
8774
8536
8824
8578
8895
8513
8857
8739
8920
Duration mean is 18842.609764424717
Duration variance is 5.517234154967908E7
