96982
10335
8042
7924
7970
8899
7757
8250
8080
7857
7629
9323
8030
8316
7879
7985
8128
8609
8691
8298
7974
9956
8265
7699
7557
7351
8531
7384
7378
7694
7669
7451
7451
7616
7639
7749
7413
7599
7766
7760
7644
7599
7594
7669
7508
7624
8210
8498
12283
9240
9323
8607
10277
9957
9491
9338
8120
9351
9819
9579
9288
10058
12927
13856
7706
7689
7772
7827
8033
7925
7948
7478
7674
7817
7691
7849
7719
7606
7791
7712
7766
7659
8148
7762
7659
9298
8974
7955
7964
8413
11358
8276
8002
7498
7719
7473
7434
7496
7523
7644
7950
7336
7830
7799
7897
7977
7882
7411
7799
7747
7937
8296
7801
7701
7383
7386
7712
7458
7694
7478
7781
7571
7867
7488
7631
7679
7692
7599
7812
7628
7755
7706
7594
7506
8558
7744
7556
7381
7451
8253
7837
7862
8072933
9438
8984
8759
8173
8721
8017
7943
8331
8381
8516
8694
8701
8005
8173
8230
8363
8930
9018
8711
8330
8371
8040
8749
8008
7777
7881
8281
10195
8769
8769
8218
8258
8073
8463
8651
8791
8970
8960
8810
8922
9348
8503
8930
8524
8400
8513
9000
8055
8251
7839
8306
8408
8065
8518
8441
9471
8416
8993
10281
8509
8140
8358
9474
8729
8003
8351
8100
10579
8667
8684
8451
8180
8438
8554
8566
8781
8298
8296
8772
7892
8419
10506
8729
8248
8121
10356
7980
8584
8496
9473
8541
8573
8288
8558
9338
8526
8275
8722
8080
8148
6869
7418
7714
7764
8799
7970
7824
7902
8228
7957
7899
8549
7988
8433
7809
9618
7837
8092
7985
7860
8057
8035
8057
8166
7910
8451
7920
7907
7814
7870
7559
7792
7827
7762
7759
7985
7772
8461
8243
7541
8471
7977
7945
8909
7877
7299
7624
7664
7404
7464
7539
7571
7902
8123
7557
7679
7566
7686
7624
8694
7501
7880
7769
7549
7990
7755
7739
7556
7867
7741
7642
7669
7654
7709
7486
7478
7721
7609
7701
8080
7644
7657
7518
7613
7997
7697
7729
8072
7687
7839
7810
7747
8176
7922
7677
7689
7847
7909
7602
7839
7837
7864
7699
7904
7934
7893
8210
7995
7867
7869
7821
7877
7987
7612
7990
7787
7461
7636
8038
7739
20977
7874
7674
7526
8183
7573
7320
7493
7393
7479
7103
7817
7910
7544
7799
7711
7636
7859
7822
7516
7549
9024
7909
7982
7797
7686
7877
8266
8328
7937
8045
8070
7870
7988
7787
8652
7932
7942
7674
7749
8065
7834
8160
7872
7965
7745
8231
7760
8128
7732
7992
8075
7871
7792
7424
7454
7709
7927
8191
7504
7849
7834
8153
7882
8145
7659
8471
8145
9581
8370
8090
7697
8117
8391
8185
8248
7894
8268
7955
8055
7699
7651
7735
7912
7852
7857
7761
7741
8245
8033
9140
8312
7942
8316
8226
8380
30192
7957
7837
7696
8486
8350
7790
8208
7940
7486
7815
8385
7867
7754
8027
7380
8075
7952
7949
7812
7749
7784
8055
7854
7804
8111
7942
8291
8243
8110
8221
8258
8416
8346
8408
8054
7880
7709
7694
7789
7999
7837
7907
8602
8293
8123
8469
8413
8381
8116
7794
7817
8358
8408
8420
8183
8173
8233
7767
8205
8918
8035
7932
7704
8132
7982
8012
8113
7927
8236
8672
8253
8145
8333
8205
7840
8023
7862
8171
8243
8037
8423
8120
7954
8093
8461
7603
7832
7942
7949
7694
7935
7757
7957
7769
8122
7760
8027
8083
8167
8055
7832
8070
7844
7967
7679
8356
7734
7955
7789
8075
8040
7869
8105
7907
7806
8321
8308
7829
7970
7797
8328
7539
7356
8143
8035
8248
7965
7902
7754
8210
7990
8235
7989
7902
8050
7456
11476
13193
10032
9481
8994
9077
9017
9138
8809
9313
9684
9328
9406
9108
7746
7594
7599
7441
7887
8140
7588
7827
7955
7749
7859
8077
8283
7852
7874
7612
7867
7767
7709
8060
7912
7920
7488
8113
7641
8386
8473
8100
8258
7641
8373
8018
7812
8095
8175
8247
7852
8063
8055
7599
7994
7957
7912
8130
7999
7548
8048
8210
8007
7953
8073
7471
7734
8012
8263
8258
7561
8083
8010
7739
7652
8015
7469
7709
7962
7624
8311
7925
7586
7263
10970
9218
9599
9824
9428
10267
8990
9158
10095
9596
10376
8431
7983
8093
7952
8413
8150
7999
8067
7967
8155
8469
8160
8233
7955
8208
8183
7799
7837
7814
7832
7786
7987
8005
8095
8128
7752
8063
8022
7791
8253
8050
8311
7832
8267
8088
7817
7987
8122
8361
8278
8105
7860
7924
7895
8301
7990
8117
8241
7884
7829
8157
8143
8242
8331
7834
7970
7954
7804
8203
8210
7992
7832
8012
7937
8070
7805
8280
7691
7849
8008
8033
7802
7885
7952
7972
7880
7929
7885
7936
7922
7952
8065
8440
7950
8298
7742
7794
8158
7832
7917
7995
7840
7995
8072278
9370
8451
8313
8291
7875
7925
8589
8167
8444
8270
8619
8358
8538
8188
7993
8225
8982
8441
8466
7965
8306
8073
8376
8551
8754
7786
8180
8433
8052
8339
7882
8321
8150
8260
7924
7944
8598
8095
8641
36465
9091
9428
9173
8692
8148
8836
8536
8326
8549
8990
7947
8501
8582
7982
8120
8634
8269
8501
8335
8521
8253
8326
8594
8687
8499
8717
8226
8757
8200
8811
8140
8070
8167
8428
8127
9216
8343
8501
8193
8802
8213
8717
8568
8370
8160
8396
8042
8679
8120
8987
8294
8513
8343
9040
8335
8980
8393
8455
7867
8196
8090
8516
8035
8338
8331
8032
8222
8503
8419
8185
8012
8671
8303
8641
8210
8426
8140
8299
8805
8541
8461
8406
8202
8489
8717
8446
7921
8043
8180
8561
8433
8278
8190
8734
8320
8401
8270
8190
8035
8664
8574
8616
8305
8095
8383
8373
8446
8990
8255
8137
8431
8616
8364
8548
8566
8727
8531
8421
8712
8441
8351
8593
8638
8293
8366
9118
8168
8220
8335
8463
8090
8175
8208
8471
8113
8426
8504
8526
8977
8927
8218
8496
8335
8478
8627
8333
9097
8027
8180
8245
8897
9579
8604
8466
8185
8220
8508
8692
8554
8213
8275
8509
8283
8222
8496
8424
8278
8561
8636
8195
8581
8311
7924
8501
8358
8384
8651
8216
8145
8614
8331
8466
8446
8356
8293
8471
8416
8248
8549
8496
8498
8661
8411
8180
8573
9654
8734
8410
8433
8301
8642
8115
7985
8677
7894
8569
8583
8263
8576
8559
7764
8418
8820
8885
8546
8887
8353
8281
8924
8978
8744
8749
8667
9112
8644
8940
8729
8812
9178
8952
9027
8925
9182
8817
7779
7691
7676
7531
7206
7146
8118
7922
8053
11682
8879
11080
10000
9659
9789
8722
9854
9458
9603
8824
9045
8995
8428
8814
8373
9531
9664
9797
9428
9528
32080
8406
9747
8967
7604
7802
8012
7764
7593
8010
21110
8747
8080
8017
7895
8090
7915
8128
55608
7974
7872
8062
7962
8155
8192
7839
8216
7694
7944
8120
8438
8286
7975
7832
7885
7749
7740
8082
8251
8130
7641
7907
7998
7922
7927
8065
8018
8430
8017
7819
8383
8403
8494
8138
8077
7975
8333
8271
7897
8095
8310
7611
7657
7937
7920
8050
7609
8261
8263
8010
8255
7842
8040
8205
7866
8231
7918
7840
7752
8453
7839
8211
7897
7972
8087
7777
8398
8170
7912
7947
8416
8275
8083
8125
8424
8268
7631
7792
7794
8007
8035
7699
8431
8246
8250
8100
7671
7531
7622
8123
7836
8790
8025
12895
9386
8995
10140
9616
9225
8533
8731
8253
8356
9201
8203
8103
8632
8712
8554
8363
8509
8443
8526
8265
8314
8413
8513
8075
8443
8423
8516
8689
8719
8664
8428
8401
8544
8501
8674
8618
8073
8153
8669
8724
8161
8461
8809
8511
8238
8845
8338
9138
8794
8260
8741
8057
8065
8604
8300
8484
8198
8308
8140
8912
8236
8419
8300
8476
8564
8752
8249
8308
8394
8060
8378
7997
8371
8436
8408
8791
8529
8105
8353
8343
8151
7939
8092
7886
8120
8486
8619
8311
8258
8278
8243
8211
8320
8684
8415
8260
8290
8461
8263
8466
8426
8281
8411
8296
8012
8491
8596
8378
8777
8000
8378
8548
8283
8278
8246
8230
8226
8606
8220
8476
8498
8408
8591
8388
8336
8333
8486
8333
8386
8273
8469
8521
8576
8581
8391
8534
8424
8401
8689
8722
8228
8295
8697
8576
8396
8431
8371
8526
8491
8263
8386
8652
8100
8393
8444
8616
8155
8414
8083
8233
8498
8594
8514
8062
8301
8388
7888
8353
8742
8078
8631
7927
8235
8355
8296
8193
7794
8141
8170
8173
8396
8040
8604
8175
8027
8339
8165
8310
8241
8163
8311
8491
8361
8413
8141
8185
8474
8538
8017
7974
8433
8315
8416
8757
8008
8064150
15180
8637
8551
9079
8448
8494
8731
8321
8200
8253
8867
8797
9135
8100
8501
8235
8370
7809
8263
7910
8110
8301
8481
8065
8370
8341
8045
8413
8421
8831
8523
8178
8371
8230
8418
8150
8228
8190
8730
8431
8027
8212
8020
8019
8258
8418
8238
8218
8170
8398
8030
8192
8279
8288
8369
8037
8100
8125
8398
8175
8471
8534
8283
8312
8330
8230
8255
8028
8458
8100
8313
8315
8253
8551
8400
8022
8506
8360
8161
8232
7955
8528
8010
8078
7958
8172
7947
8373
8225
8591
8403
8378
8288
8165
7995
8293
7980
8035
8574
8185
8233
8225
8080
8413
8464
8316
8308
8501
8246
8145
8055
8208
8476
8311
8268
8276
8399
8045
8358
8335
8329
9230
8518
8471
8388
8178
8531
8295
8626
8323
8072
8330
8238
8381
8441
8158
8188
8563
8178
8416
8363
8804
8100
8202
7983
8479
8358
8233
8455
8288
8108
8584
8186
8067
8413
8439
8040
8448
8261
8191
8424
7855
8215
8035
8258
8368
8468
8058
8506
8115
8186
7987
8275
7997
8100
8872
8255
8200
8068
8355
8196
8458
8484
8050
8313
8308
7907
8378
8015
8053
8343
8564
8148
7935
8310
8163
8333
8160
8040
7980
8236
8227
8453
8108
8020
8332
8105
8141
7809
7884
8177
7955
7900
8260
8087
7920
8078
8120
8454
8110
8300
7992
7980
8276
8293
8777
8316
8180
8285
8141
8013
8386
8474
8193
7922
8428
8737
8153
7895
8260
9063
8534
7907
8584
8518
8181
8178
8821
8473
8135
8369
8468
8406
8379
27822
7634
7250
7541
7509
7652
7990
8245
7724
7994
8058
8048
8060
8183
7862
8631
8040
8003
8385
7651
8742
8358
8296
8163
8040
8088
8473
8098
8160
8251
8536
8118
8927
7614
7546
7531
7586
7932
7466
7591
7727
7684
7696
7879
7489
7346
7591
7591
7388
7418
7434
7509
7697
7684
7323
7727
7474
8308
7514
7278
7511
7501
8498
7762
7607
7659
7945
7481
7571
7824
7466
7476
7637
7514
7597
7624
8095
8275
8258
8315
7729
7920
8782
8842
8156
8253
8077
8358
8363
8491
8065
9005
8201
7782
8436
8604
7977
8378
7953
8185
7855
8116
7819
7797
8536
8318
7957
7854
8110
7980
8418
8048
8549
7957
7967
8311
8002
8020
8210
8771
8762
7922
7920
7937
7967
7865
8141
8145
7629
8030
8075
8378
8221
8345
8285
8298
7917
8356
8097
8649
7747
7953
7935
7930
7830
7885
7982
7832
7571
7849
7907
8165
7339
7158
7235
7706
7805
7797
7581
7762
7935
8326
7995
7995
7832
7822
8267
7899
8105
8212
8042
8538
7917
8083
8305
8225
8251
8577
8339
8208
8607
8526
8000
8694
8125
8100
8300
8473
8200
8478
8068
8528
8033
8133
8250
8145
8050
8288
8218
8536
7940
8118
8080
7914
8188
8115
8010
7892
8576
8270
8190
8200
8484
8316
8092
8077
8028
8153
8072
8045
8275
8190
8200
8281
8263
8255
8466
8093
9280
7827
7945
8344
7945
7952
7995
7897
8032
8410
8193
7974
8025
8105
8025
7982
7944
7731
8351
8333
8200
8210
7827
8438
7989
8243
8032
7810
8496
8193
8248
8403
8353
8511
8048
8306
7972
8409
8321
7932
8260
8218
8105
8383
8295
8160
7884
8093
8326
8148
8228
7869
8316
7914
8258
8609
8100
8140
7970
7827
8188
7985
7750
7989
8105
8122
8145
8273
8024
8150
7937
7656
8213
7952
7990
8353
8080
8005
7573
7621
8185
7391
8343
8112
8491
7969
8486
8468
8155
8601
8596
8055
8338
8481
8182
8318
8403
8055
8947
8501
8569
8474
8701
8727
8230
8781
8546
8819
8566
8255
8787
8138
8629
8246
8157
8398
8461
8366
8396
8291
8012
8561
8441
8291
8408
8358
8624
8145
8100
8687
8363
7950
8180
8150
8003
8476
8002
8341
7353
7416
7489
7466
7754
7366
7336
7742
10741
8651
8614
12623
9200
10998
8047
8043
8188
9619
9210
9987
9226
9453
9719
9562
11641
9642
9536
9024
8702
7674
7774
8566
8160
7934
8165
8140
8491
7807
8005
8451
8418
8380
8070
7965
8211
8443
8115
8158
8120
8133
7687
8000
7752
8388
7975
8130
8245
8192
8518
8310
8306
7741
8150
8235
8230
8476
7757
7872
7822
8363
7850
8379
8218
8233
8212
8536
8191
8015
8356
8162
8121
8233
8474
8140
8137
8418
8143
8153
8231
8152
8321
8746
8015
8085
8130
7900
8210
8401
8110
8203
8238
7993
8454
8155
8140
7872
8126
7952
8135
8142
8220
8406
8040
8271
8293
8087
8092
8269
8268
8198
8043
8248
8283
7909
8052
8125
7982
8100
7815
7907
8178
8010
7511
7588
7624
7800
7799
7583
7746
7894
8629
9464
8273
8335
8208
8300
8669
7707
8280
8626
8323
8434
8381
8581
8373
8370
8345
8243
8356
8987
8366
8075
8654
8393
8345
8816
8730
8491
8405
8734
8384
8333
8223
8478
8241
8313
8321
8749
8706
8170
8602
9108
8711
8526
8531
8439
8614
8714
8503
25202
9017
8486
8405
8944
8478
8666
8351
8549
8223
8496
8596
8458
9030
8411
8373
8642
8529
8363
8163
8210
8554
8170
8378
8637
8401
7874
8200
8140
8103
7922
7912
7779
7704
8428
8433
8586
8208
8434
8280
7993
8473
8176
8320
8574
8263
8469
8310
8228
8132
8173
8020
8408
8601
8013
8217
8349
8090
8305
8208
8203
8100
8300
8624
8306
8719
8289
8416
8335
8178
8326
8579
8202
8140
8310
8307
8290
9411
8628
8741
8471
8518
8305
8446
8398
8541
8489
8491
8441
8200
7929
8393
8623
8421
8388
8393
8180
8471
8271
8924
8180
8225
8168
8300
8261
8012
8356
7920
8707
8316
8258
8143
8240
8105
8385
8584
8439
8895
8158
7960
8473
9338
8200
8321
8145
8221
8481
8037
8308
8358
8396
8409
8546
8611
8416
8323
8506
8418
8390
8341
8483
8556
8486
8453
8350
8429
8117
8563
8238
8401
8175
28928
8779
8617
8385
8416
8243
8426
8609
8626
8501
8296
8165
8301
8651
8371
8776
8353
8190
8551
8205
8344
8140
8171
9218
8350
8097
8220
8293
8561
8325
8123
8421
8058
8070
8120
8370
8265
8403
8260
8543
8065
8065
8033
8506
8165
8491
8378
8232
9263
8145
8299
8205
8211
8629
8143
8586
8261
8326
8471
8243
8338
8401
8338
8278
8286
8165
8614
7850
8090
8651
8592
7887
8050
8316
8115
8421
8203
8379
8393
8103
8431
8138
8586
8319
8403
8150
8479
8178
8035
8182
9067
8406
8380
8636
8171
8125
8676
8363
8481
8306
8203
9084
8521
8436
8589
8556
8324
8416
8529
8226
8536
8398
8343
8135
8208
8386
8168
8185
8203
8070
8496
8508
8343
8321
8461
8503
8501
7434
7689
7574
7095
58605
8539
8270
8017
8200
8042
7781
8420
7707
8057
8468
7915
8651
8045
7973
7944
7842
8033
8263
7775
8178
8183
7968
7800
8286
7528
7151
7566
7464
7689
7471
7426
7526
7454
7491
7451
7436
7433
7408
7414
7649
7466
7491
7802
7636
7350
7438
7513
7394
7351
7368
7436
7621
7358
7410
7411
7381
7441
7499
7491
7381
7597
7429
7361
7696
7426
7408
7411
7789
8446
8354
8213
7954
8015
8115
8170
7829
7857
8576
7902
8604
8634
7749
7864
7789
8148
7932
8220
8311
8181
7944
8150
8564
7942
7839
7749
7852
7569
7885
7662
7048
7734
7473
7526
7621
7496
7730
7426
8290
7998
8035
7994
8123
8145
7731
8318
7636
8268
8105
8048
7977
8475
8080
8419
7995
8145
8383
7990
7893
8065
7917
8371
8599
8235
8235
8544
8265
8075
8450
8344
8235
8478
8296
8085
8353
8228
8391
8421
8030
8394
7995
7920
8157
7876
8117
8494
8461
8339
8476
8216
8349
8354
8448
8280
8652
8255
8436
8038
8122
8298
8135
8160
8233
9230
8533
8228
8331
8220
8218
7892
8225
8195
7875
7997
7844
8223
8160
8127
7889
8263
8027
8162
8148
8009
8278
11496
7893
10363
10837
10185
11479
9202
10263
9408
9902
10180
9336
9849
10438
9679
7536
7353
7398
7380
7230
7459
7489
7078
7461
7724
7379
7311
7346
7356
7726
7516
7533
7258
7371
7499
7609
7576
7543
7679
7324
7684
7681
7591
7792
7622
7800
7872
7762
8148
7806
7994
7880
7724
7860
7847
7633
7827
7897
7862
7864
8004
7935
7980
7862
7814
7727
8020
7571
9246
10316
10275
9160
10320
10255
9198
13150
9376
8476
8225
24277
7940
7669
7862
7694
7423
7864
8949
8045
8375
8433
8504
8258
8126
7747
7614
8057
8060
8268
7618
7892
7950
8040
7907
8050
7912
8431
8240
8163
8120
8042
7988
8215
7927
8017
8065
8050
8150
7957
8048
7892
8165
7885
8068
8097
7694
8082
7737
7857
8083
7974
7909
7790
8308
8022
8095
8108
8085
8015
7769
7737
7885
7745
7969
7882
7897
8065
7997
7970
8000
8815
8055
8100
8215
8033
7656
7739
7890
8048
8148
8168
8285
7726
8195
7804
8075
7869
10158
7629
10691
7757
7739
7814
7890
7443
7736
7830
8358
8095
8193
8245
8291
8163
7774
8073
7744
7847
7544
7679
7887
7744
7557
7809
7644
7671
7739
7268
7717
12145
10717
9724
10599
9521
8786
8488
8780
8343
8005
8230
8295
8461
8293
8569
8391
8757
8331
8228
8238
8466
8060
8147
8228
7922
7804
8283
8000
8453
8268
7927
8025
8777
7990
8273
7968
7792
8554
8241
8068
8235
7967
8423
8598
8075
8428
8238
8275
8563
8443
8444
8168
8661
8311
8130
8221
8629
8779
7970
8396
8401
7988
8098
8300
13619
9190
8206
8461
8320
8541
8333
8661
8769
8561
8316
7835
7932
8416
8639
8491
8710
8060
8123
8176
7947
8058
7664
7933
8290
7744
8005
9178
7842
7809
7704
7997
7865
7727
7780
7889
7999
7880
7870
7995
8225
8188
8072
7900
Duration mean is 16414.340666666667
Duration variance is 4.922726713017054E7
