803041
28445
26616
26743
26696
26942
26698
26283
25951
26540
25896
27105
26140
26165
26280
26119
26341
27756
27363
27904
27516
26654
27295
26822
27046
26781
27378
27345
26671
27067
24564
26292
25538
25688
24406
24626
25105
24814
25676
27563
27312
27533
27611
27802
27651
28230
28428
27277
25382
24794
25939
26758
26228
25483
26308
26468
27223
27064
27195
27107
27120
27786
27227
27084
26455
26134
25676
27222
27345
27138
27766
27099
26884
28217
27545
28783
27122
26613
26927
26362
26733
27307
27381
27027
27112
27481
27276
27117
27596
28563
27157
27814
27185
27791
27704
27425
27643
27393
27644
27132
27160
27446
27240
27696
27235
27726
27012
28180
27215
25603
27273
26601
26365
27616
27854
27170
54149
24977
24753
24769
26050
26721
26834
26273
27430
26447
25568
26493
25944
26696
26912
26140
26240
26376
27656
26981
26584
27144
27072
26967
28145
27307
26315
27488
27348
27134
27689
25518
25402
25451
25922
25413
25681
25471
24712
25967
26277
26225
24877
25633
25683
25809
25503
26112
26505
26869
26325
25222
26214
26808
26686
26420
25984
26207
26315
26744
27318
26553
27265
27381
27821
26881
24523
29077
25809
28470
30052
29342
28129
26413
26718
25866
26468
26144
26000
26864
26538
26222
25962
25450
27027
27393
27476
27636
27277
26481
26081
26535
26162
25726
26501
26386
26390
25957
25869
24950
24658
25656
25443
25342
25601
25616
25696
26915
27283
27365
25448
27102
26656
25456
25400
25383
25036
24832
25210
25608
25020
25267
25135
25435
24641
25292
24989
25466
24967
26085
25255
25104
25453
24777
24891
24816
25085
25109
25230
25490
28563
25573
25077
25315
25466
25247
25072
24739
24952
25095
24891
24589
25200
25144
25019
25225
24892
24803
25020
24744
25034
24869
25340
25142
25461
25037
25117
25082
25144
24952
25025
24581
25040
25117
24990
25182
24639
24719
24707
24959
24814
24832
25132
25302
25044
24778
25926
25470
24172
25129
24871
25130
24854
25155
25207
24496
25242
26155
25047
25077
24972
25029
24914
25280
25075
24070
24122
23994
23919
24403
24302
24120
24012
24203
24227
24237
24122
24220
23826
24634
24744
24125
24583
24045
24536
24127
24062
24616
26174
30212
30174
30087
30701
28310
24546
24586
24563
24584
24879
25470
25145
25277
25285
25350
25367
25145
25315
26142
28009
30614
29822
31490
30410
31132
29911
30257
30528
29495
31225
29987
31129
29823
52846
27016
25383
25275
25147
25716
25036
25698
25704
25802
25525
26025
26132
25862
27831
30197
28052
25842
28145
26049
26117
25154
25554
25177
25132
26686
26358
25711
25731
25912
25461
25105
25435
25664
25538
25591
25220
25641
25203
25346
25395
25403
25514
25578
25664
25526
24929
26062
25899
25639
25488
24934
24922
26703
29558
29816
29531
25628
26205
29135
29365
27529
25762
25694
27149
27368
27235
27243
26526
26693
27917
27059
26884
26691
27498
28147
27215
28062
28771
27734
27806
28453
27119
28002
25989
25774
26112
25673
25914
25909
25984
26686
26535
24915
25523
25523
25796
26104
26185
27190
26671
26613
26054
26486
25764
26545
26914
27626
26044
26668
25574
25610
25773
25614
27067
26616
26145
26633
25754
26273
26265
26506
27112
27094
27703
26093
26671
26396
50686
25904
26005
27143
25672
26871
26734
27518
26856
27102
25939
25383
26257
26150
26406
27640
28721
28203
27072
26787
27531
27373
26907
25190
27082
27017
28117
27483
27631
27227
27971
27914
26916
27842
27626
27634
27897
27097
27964
27957
28109
28112
27914
28410
28867
27613
27019
27463
27363
25919
26646
27729
27328
28390
27631
27717
26638
27310
28120
27511
26523
27395
27774
28049
26693
26731
27476
27708
27192
26981
24623
26842
28069
27084
28165
27861
28521
28067
27172
25500
26816
27162
27203
28117
27655
28313
29853
27711
28398
28395
28929
28362
28619
28360
26932
27574
28182
27074
27719
27591
27846
28212
26876
27247
27518
27829
26984
27370
27290
31801
29129
30912
27596
28375
27675
28104
28412
27891
27330
27636
27989
50174
27667
27668
28550
27382
29756
28360
26643
27155
26461
28556
27881
26819
27102
26944
26881
29994
27508
27495
27884
27092
27881
26426
27906
27408
26954
30729
27756
28826
27332
27418
27506
67274
29250
29428
28275
28731
28094
29375
27823
31254
28954
27967
27248
28420
28515
27979
29097
28017
28556
27027
31010
29361
29759
27581
28188
28656
28147
28678
29267
28215
29042
31643
28618
28220
27451
28733
27989
27686
28899
27628
28471
28476
27200
27629
27964
28987
28190
31971
28463
28362
29140
28841
28041
29145
26904
28212
28125
28072
27596
28829
31826
28621
29671
27952
28119
31398
31284
26183
25601
26433
25202
26137
26198
26398
25734
26468
26982
26724
25085
26596
26418
25902
25807
26197
25610
25839
26490
50287
28310
26498
26270
26140
25924
25929
27285
27265
26904
27728
26355
27149
27209
27714
26112
26743
27891
26172
26165
26378
26579
26287
26223
27037
26681
26904
27614
26160
26154
27791
27228
28375
27799
27816
27372
27483
28210
25995
26686
27769
28137
27827
28032
27010
28844
27803
27493
27162
27062
27365
27275
27133
27546
27777
27350
28208
27383
26954
27037
27087
26897
26320
27869
27425
27315
28250
27603
27350
27245
27137
27581
27360
28084
27593
30924
30253
33623
32671
28984
25709
25473
25646
25801
25854
25363
25501
26578
34415
33430
31751
31600
30115
30165
30144
30862
31275
31127
30027
26418
26528
26317
25879
26568
26626
27979
35663
29613
27477
26135
25486
25634
25772
25809
26303
26250
25613
26032
25561
25711
25996
26416
25859
25485
46954
26257
26347
25884
26852
26834
26332
25152
25358
25656
25891
25942
26036
26032
26674
26619
25974
26711
27200
26475
27102
26197
25764
26222
26164
25816
26511
26691
27430
26453
27087
26847
26839
26498
25378
26254
26546
25340
25869
25921
25691
25847
25881
25408
25752
27210
27070
26125
25689
26405
26285
26689
26027
27829
26488
27370
27743
26686
26886
26531
27172
27743
27801
27270
26561
27378
27545
27525
27087
25468
24776
25149
26488
26566
26270
26470
26651
26491
27247
26966
26317
26477
26165
26693
26533
26530
26315
26405
27087
26122
26523
26438
25696
25759
27546
26361
25917
25977
26179
26017
26413
26451
27490
26819
26365
26871
26608
26521
26217
26285
26288
28037
27254
26408
28546
29406
28791
26082
25488
25341
25665
26157
25916
25814
25771
25646
25721
25724
47901
28117
30245
31007
31737
29744
31718
31144
31485
30778
30192
31440
31922
31159
29392
32014
30130
29475
26478
25881
26082
25751
26019
27911
26282
26553
26463
27510
27726
31914
29036
26280
28170
26596
27638
26084
26287
25769
26057
26408
26270
26460
26152
25980
25867
25488
26298
26366
26195
26052
25864
25756
25689
26119
26037
25563
25644
25786
25869
25822
26486
26194
26616
26009
26498
25736
25549
26087
29846
28957
27350
27285
26759
27781
28545
28894
28282
26964
27674
28087
27321
27230
27909
27842
27553
27836
28120
28094
28155
28009
28260
28290
27347
26831
26525
26421
25739
26453
26777
26453
27483
26487
39761
27260
26886
26438
26836
27899
27403
26395
29213
30270
32528
30495
28350
30631
29396
29939
31052
30188
28285
34750
52347
26005
25137
25202
27182
28042
28754
26548
25596
26224
27428
26743
26934
26603
27659
26817
27664
27185
27047
27583
25764
27017
26350
26418
26969
26144
26701
26169
26202
26837
26952
26713
25683
26383
26773
27167
26927
27170
30313
29340
29590
30450
28440
27262
27282
27490
27057
27563
25909
26115
26797
27821
26851
27150
28002
27089
27039
25879
25834
25917
26393
26187
26570
26112
25967
27871
26345
28076
28308
27756
28962
26205
24910
25368
25343
25280
25345
25432
25290
25082
25809
25448
25067
25443
25729
25598
24939
27451
27205
24784
24834
24977
24721
24869
25215
25440
27057
27866
25581
25543
25902
25897
26120
25643
25410
26022
30686
31555
30075
32039
30623
30442
30217
31317
30144
26345
26782
26330
26801
26613
26643
28097
32674
28119
25964
26000
26117
49392
26621
26347
26388
26456
26500
26188
26235
26415
26358
25982
26210
25395
25611
26367
27455
27067
27330
27343
27172
28000
27911
27947
27496
28107
27040
26859
26684
27119
26423
26686
26050
26758
27170
27267
26255
26638
26358
26706
27170
28227
26784
26904
27719
26673
26541
26947
27286
27395
26694
26636
28400
26375
27057
27458
26894
26651
27282
26944
26501
26726
27377
27074
27024
26290
26436
26167
26543
26318
26173
26598
27633
27586
27646
26869
27423
27591
26771
27428
26503
27355
25947
27425
26856
26322
28092
26485
25555
25829
25851
25558
25535
25774
26942
31763
29356
31746
30468
32155
29538
31924
29881
32001
27997
26996
26573
26391
26594
26305
26824
30207
26343
29410
26396
25776
26032
26197
26129
26298
26099
25864
25892
26085
25858
26000
26553
26264
53600
26701
25841
27179
27258
27087
27826
27200
27423
27832
27333
27706
27744
27661
27112
26917
26448
26403
26212
26793
26353
26568
26881
27297
26656
29779
27704
26794
26485
27135
28117
26360
25636
25688
26015
25979
25693
25498
26390
31456
29801
31169
29864
28937
30370
26681
26721
26496
26554
26644
26353
28192
28215
29417
26366
25738
25694
25959
26325
25796
26300
26170
26243
25836
26087
25904
25593
25781
25708
26568
26167
25588
27689
27611
27403
26698
27536
27671
27210
28019
27323
27540
27458
27709
26942
26746
26363
26398
26235
26418
27112
27333
27125
27684
27154
29122
28030
28057
27919
27646
27353
26914
27137
27739
26716
27827
27345
27227
27347
27496
27390
27335
27034
27876
27112
28724
27624
28641
28072
27341
28834
27188
27926
27916
27734
27787
32134
26057
25543
27561
33290
30355
32247
29568
27209
33666
30976
28846
26558
26353
27060
26365
26706
26781
27124
26967
26937
26351
27087
26714
27117
26814
26192
27811
27350
28944
29189
26711
24886
25167
25611
24984
25371
25789
26122
25862
26133
26110
25521
26044
26024
25856
28383
30338
30491
32585
29718
31696
30422
31954
30748
31947
33105
31355
30964
30417
30507
30463
31548
26222
25746
26014
25991
26000
26235
26273
25919
26425
27065
26434
25899
30004
28313
27052
25611
29643
26591
26165
26255
25954
26193
26626
26435
26430
26453
26035
25638
25856
25744
26019
26250
26313
25666
25641
26275
25734
25891
25926
26240
26094
26123
25874
26435
26536
25608
26054
25972
25536
27616
30323
27075
26666
27546
27741
27917
28175
27393
27370
27543
29362
27212
27872
28140
28408
27954
27942
28032
28378
28388
28548
28210
27440
28794
26489
25904
26175
26104
26340
26290
26771
27392
25997
25949
25974
26589
26290
31798
27924
27260
26012
27155
28698
26024
26631
27112
27042
27250
27059
26360
26275
27560
26946
27673
27831
27085
26904
27062
27593
27681
27598
27187
28065
27501
27816
27969
28633
28034
27896
27744
28107
28420
27503
28488
28167
28054
27686
28057
28300
28470
27821
28172
28443
27964
27866
28405
29832
28168
28089
28130
28365
28059
28541
28318
28145
28371
28479
28408
28554
28473
28167
27506
29182
28132
28302
28102
27894
28540
28729
28400
28751
29299
28225
29155
27816
25310
25138
25496
25874
27086
27623
28330
26726
27643
27518
27521
27881
27678
27992
27660
28195
28305
51144
27977
27448
27644
27736
27107
27315
27628
28192
27458
27679
27212
26754
27250
26888
27342
28137
27646
28340
27441
26638
26827
26553
26463
26463
28082
27019
27939
28242
28059
27588
27365
26956
27558
28806
28019
27884
27849
28252
28315
27506
27849
29275
27708
27425
26045
26300
26032
26070
26440
26305
26287
26001
26571
26492
27626
26736
26410
26688
26149
26413
26293
26972
26325
26896
27335
26698
26734
26598
26410
27578
26538
26436
26896
26803
26232
25693
27340
26856
26169
27283
26691
26889
28220
27277
27154
27167
28781
27686
27916
28152
28220
27709
27027
27373
27496
28107
28072
27941
27829
27879
27854
27190
28062
28050
28047
27636
28230
28065
28022
27796
28059
27533
28087
27946
27754
27566
28418
27849
27724
28124
27819
28337
28145
28395
29601
29207
28466
26586
27508
26939
27237
27210
27836
27242
27513
27382
28090
28072
27297
28125
27438
27233
26681
26398
27503
28027
27851
27373
27560
26836
26307
28352
27413
28182
28067
28258
27506
28370
27736
27979
28157
28095
28473
25546
25528
26167
25726
25538
25606
25914
26021
31179
30863
30545
29974
30972
30370
31543
30636
32896
26987
27077
26350
26896
27099
26663
27684
29801
28576
27498
25829
25980
26498
26432
26187
26332
26072
26315
26393
26147
25937
26016
25922
26062
25811
26533
26808
25655
26656
27245
26704
27240
27272
27320
27524
27619
26357
27651
27218
27789
27152
26764
26418
26290
26533
26445
26585
26478
26631
27149
27104
25749
27252
26258
27025
26222
26418
26844
27413
27162
26726
26729
26581
26645
26263
26317
27335
26047
27232
48277
28265
26446
27729
26082
315139
52305
28065
27270
24531
25041
25200
25443
24997
25523
24965
25108
25586
34049
30463
30493
30128
30639
29265
26039
26463
26849
25756
26202
26090
26100
27430
29109
28781
26806
25541
25999
25995
26899
26242
26200
25904
25912
25901
25628
25691
26260
25884
25496
25766
25490
26065
26037
26137
27485
26473
27020
26529
27325
27310
27589
26987
27406
27493
27185
27428
27307
25995
26104
25631
26195
26215
25914
26009
26676
26658
27120
26786
26110
26278
26215
26104
26558
25821
27678
25906
26649
26473
25831
25801
25704
26313
26102
26563
25866
26543
26081
26994
26528
26791
26300
26533
26601
26823
27636
27776
26799
25362
25684
25851
25416
25751
25742
25212
25528
32596
29671
30260
54100
24664
24771
25829
25947
26445
26463
25997
25817
26571
26505
26636
26862
27613
27222
26445
25969
26237
26586
26258
26380
26087
26646
27937
26298
26175
26105
26200
25816
25987
26285
25954
25829
26170
26170
25796
26739
26443
27289
27235
27919
30888
28573
27848
24982
24406
24608
25055
24391
24939
25396
25253
24846
25142
25315
24693
25205
25183
26275
26626
30977
30891
30641
31555
30894
30252
30523
30986
30445
30422
29293
30876
30282
31475
29165
31284
27009
26208
25455
26162
25977
26190
26167
26017
26074
26533
26412
26460
27192
33232
28102
27889
25521
28860
25443
26878
26230
25922
26001
25796
26041
26275
26137
25864
25833
25561
25531
26132
25964
26300
25892
25713
25899
26037
25167
25701
26245
25761
25709
25325
25981
26297
26689
25628
25924
25891
25648
51864
27967
26982
26881
27824
28751
28749
28421
27194
27305
27861
27724
26869
27092
27355
27568
27553
27202
27694
27934
27892
27721
27671
27601
27746
27132
26223
25696
26460
26242
26408
26255
26235
26626
25945
25661
25358
26310
26014
26438
26866
26793
26583
25996
26759
25701
26654
26127
25831
26229
26260
25621
26029
25718
26456
26752
26854
26816
27195
27699
26321
27157
27531
26984
26165
26939
26869
27190
28525
28565
26041
26947
27089
26874
26300
26348
26089
27232
26258
27165
27691
27470
28588
27764
25358
25358
25363
25215
25554
25852
25435
25699
25706
25468
25596
27544
30360
30438
28756
30217
30232
29994
30563
28792
29501
30773
30493
30994
29884
31197
29716
30150
30360
26240
25977
25916
26045
26491
26019
26764
26215
26423
26115
26520
27643
32390
33465
33806
29135
30468
25565
27761
26090
26615
26275
25965
25696
26137
26223
26471
26583
25856
25548
25859
26095
26089
25849
25784
25599
25610
25859
25673
26055
25476
25934
25864
25433
25639
26237
26415
25598
26077
25779
25832
33373
31092
29590
26726
26659
26912
27506
27616
26435
27129
27709
27583
27468
27360
27741
27794
27646
27533
27892
28175
28169
27851
27671
28050
26921
26348
25862
26250
26252
25588
25984
25921
26192
25811
25353
26488
26723
25964
26668
27158
26295
26713
25468
26781
26100
26175
26177
25909
26077
25721
25957
26325
26628
27130
27024
26874
27227
26396
26273
27277
26744
26549
26258
26416
26408
27581
29080
26228
26415
26423
27328
26403
27135
27413
26170
34978
29832
31653
32405
25523
24611
24651
24375
24980
24658
25390
25697
26137
46489
26628
34115
27533
25686
25631
25606
26067
26290
26355
26034
26089
25819
25664
25653
25901
25794
25718
25874
25581
26448
25713
25633
26992
26783
26754
27112
27142
27310
27355
26345
27749
28105
27836
27967
27623
26365
26250
25641
26546
26467
25976
26145
26160
27235
26798
26237
26145
26295
25823
25771
25774
26290
26237
26891
26385
26172
26004
25653
26129
25992
27237
25929
26195
26057
26911
25513
26964
27102
26428
26593
26974
26753
26664
26618
27714
27631
27388
27362
26854
27217
27242
27849
25165
26734
25809
26180
25688
26834
27513
27942
27199
26358
27274
27204
26864
27410
28132
27495
27969
27738
27791
27239
27719
27395
27540
27872
27144
26929
46636
27658
27345
27812
27387
27300
27431
27714
27611
26475
26194
26465
25939
25972
26784
26398
26566
26467
48619
28445
29132
29495
26787
26468
32425
31704
33155
31258
29011
26699
32365
28039
27643
27766
25962
28395
27583
27606
27952
27034
28010
30242
30011
27500
28385
29225
27733
28260
27809
26212
25889
27766
26821
28109
28596
26691
26614
26784
27796
27325
26377
27253
27403
27813
27445
27373
27969
27852
27375
26450
26386
26370
28114
27182
27653
27026
28145
27535
27390
27536
26826
28019
30025
27019
24944
24169
24796
24784
24786
25044
25411
25352
25498
25366
25468
25290
25260
24892
25829
25428
25187
28543
31633
30270
30194
30134
30523
30180
31338
31516
29417
30287
29982
30801
31478
30214
30899
31450
30561
31154
29024
26088
25465
25197
25809
26122
25887
26045
25949
25990
26152
26540
26280
26045
28666
30688
30856
26844
25583
25400
53463
26504
25884
25989
26029
25705
25902
26408
26129
26024
25744
25460
25781
25784
25979
26423
26255
25819
25553
25719
26012
25751
26107
25578
25854
26193
26107
25746
25583
26095
26483
26310
25894
25551
25519
25561
26961
26847
26606
26864
27764
27965
26967
26551
27588
27473
27263
27282
27817
26889
27435
28275
27553
26924
27260
27868
28465
28388
27533
28375
27756
27987
26718
26267
26210
25864
26125
26117
25696
26047
26418
26317
25834
25772
25628
26471
26072
26292
26190
27135
25947
25731
26362
26412
26393
26345
26250
26075
26600
26568
26921
26535
26205
25711
25788
26480
26040
25706
26116
25762
26475
26959
27498
26939
27082
26563
26323
26099
27315
26255
26758
26748
26365
26024
28235
28555
25926
26536
26666
26957
26427
26674
26373
26621
27350
27252
26117
27237
27165
48025
26315
24671
25711
25626
25763
25152
25666
25017
25037
25335
30177
25912
25138
25565
25921
25370
25616
26104
25576
25450
25844
25871
26080
25844
25561
25583
25325
25236
25551
25388
25275
25661
25558
25413
25754
25491
25523
25503
28398
32360
29230
30631
26310
25493
27097
26258
31486
30370
30067
26844
28257
27483
27608
28269
27781
29117
28102
27667
26884
27603
27578
26919
28102
27448
27428
27380
27826
27260
28142
28248
28102
27866
27460
28052
27471
28200
27540
27510
27398
27623
28112
27100
27744
27418
27528
27463
26887
27012
27696
28217
27789
28741
27400
27639
27471
28137
27714
27711
27863
27786
28288
27450
28004
27683
26881
26999
27719
27671
26817
27927
27258
27924
27145
27816
27115
27939
27458
27589
27684
28332
28385
28130
27854
27676
29184
27227
27766
27518
27345
47024
Actual mean is 27587.888666666666
Actual variance is 15325.564667409168
