95857
9826
8120
8123
7676
8128
8030
7899
8115
8105
8256
8952
8020
8205
8256
8320
8028
8428
8100
8115
8008
7877
7927
8065
8053
8022
8824
8025
7837
7867
7934
7923
8017
7827
7832
8167
7792
7852
7992
8303
8170
8053
7646
8038
8052
7870
7960
7731
8130
8251
7809
8197
8043
7817
8163
8153
7792
8075
7925
8280
8303
7702
7881
7940
7787
7806
7633
7842
8059
7959
7965
7947
8631
8150
8316
8148
8348
8208
8283
8188
7734
8290
8251
8416
8246
8200
8029
7889
7850
8127
7990
7513
8305
7386
7255
7393
7328
7153
7215
7479
7108
7735
7721
7857
7892
7934
8002
7667
7714
7531
7791
7746
7679
8005
7922
7827
7935
7985
7907
7922
7973
7563
8167
7649
8022
7889
7677
7869
7651
7602
7920
8050
7614
7729
8681
7881
7589
8100
7982
7947
8360
7609
7945
7686
7722
7990
7930
8030
7677
7539
7667
7744
8183
7792
7947
7845
30265
8646
8135
8090
7727
8082
7707
8035
8493
7749
7533
7702
8100
8486
7496
7446
7819
7528
7482
7421
7586
7448
7725
7762
7581
7562
7581
7603
7787
7403
7657
7639
7504
7689
7642
7568
7617
7431
7840
7714
7626
7970
7807
7899
7586
8561
7982
7717
8008
8100
7994
8296
8366
7298
7205
7281
7679
7787
7960
7885
7809
7488
7774
7506
7568
7366
7373
7867
8155
7712
7917
7942
7850
7824
7894
8137
8133
8105
8190
8095
8263
7812
8137
7796
7950
8300
8048
7692
8053
7692
7669
7839
8030
7885
7845
7947
7623
7870
7955
7854
7749
7817
7772
7729
7742
7875
7777
7687
7855
7925
7519
7692
7637
7636
7877
7559
7744
8875
8331
8245
8070
8240
8004
8058
8310
8163
8077
8183
8190
8448
8173
8158
8476
8200
8481
8591
8509
8247
8241
8065
8378
8819
8335
8629
8155
8401
9431
8193
8280
8501
7893
7862
7393
7659
6787
8145
7789
7840
7443
7271
8055
7436
7749
7614
7523
7160
7421
7616
7491
7990
7233
8240
7696
7187
7060
7594
7664
7672
8128
8133
8062
8028
8669
8323
8646
8391
8233
8210
8687
8529
8802
8323
8075
8614
8689
8810
8060
8459
8611
8449
8330
8489
8734
7626
8083
7517
7446
18310
7719
7508
7977
8564
7549
7907
8193
8739
7829
7359
7438
7843
7779
8943
8551
8626
7744
8295
8270
8426
7817
8355
8027
8521
8303
8561
8137
7852
8348
8513
8476
8338
8358
8000
8213
8298
8571
8301
8461
8639
7942
8032
7702
7925
8423
7820
8080
8236
8045
8371
8498
8473
8456
8195
8303
8328
8200
8418
8687
8450
8681
8922
8173
8349
8318
8336
8240
9173
8552
8443
8166
8795
9416
8676
8471
8624
8035
8343
9158
8523
8544
8320
7847
8261
7945
8241
8100
8053
8448
9684
8288
8609
8014
7958
7967
8647
8451
8443
7877
8448
8860
8032
8508
8130
8197
8220
8657
7985
8040
8564
9268
9564
9148
8674
9531
33673
7468
8093
7371
7190
7629
7429
7443
7854
7599
10100
9719
10446
9751
8042
9537
10368
10318
9567
8564
11103
10583
9762
9398
9065
10132
9544
9659
9950
9616
9576
9980
9658
10403
9276
9338
9657
9523
9256
8000
10087
10260
9426
10260
8353
10306
9082
8995
10765
8564
10088
7767
7638
7331
7243
7564
7298
7514
7481
7238
7411
7221
7376
7243
7217
7308
7489
7513
7435
7469
7265
7273
7218
7388
7406
7556
7258
7295
7561
7637
7930
7814
7709
7784
7965
7664
7769
7496
7601
8010
7656
7677
8163
7887
7667
8286
7716
7930
7694
7711
7483
8260
9954
9934
8634
8431
8221
7804
8037
7865
7934
7972
7619
10927
7944
7810
7829
7266
7983
8133
7558
7639
7909
7647
7779
7885
7960
8013
7529
7673
7709
7351
7659
8070
7806
7982
7794
8050
7754
7909
7872
7676
7636
7860
8115
7875
7837
7799
7877
7802
7804
7676
8093
7792
7812
7772
7787
7872
7719
7648
7950
7759
7830
7577
7483
7681
8002
7616
7777
7839
8030
7709
7987
7647
7621
7459
7608
7358
7351
7654
7450
7790
7812
7538
7444
7606
7419
7504
7471
7376
8366
7722
7766
7817
7644
7817
7726
7634
7769
7797
7563
8747
7654
7776
7940
7950
8165
7592
7809
7754
7548
7506
7631
7556
7672
7737
7649
7300
8248
11202
9691
9652
9962
7286
6977
7990
7353
7692
7712
7674
8899
7453
7922
7654
8105
7985
9668
9228
10887
8453
8666
7717
7777
7483
7622
7874
7662
7672
7689
7789
8195
7787
7716
8004
7677
7759
7767
7771
7881
8022
7697
7997
7957
7632
7998
7932
7862
7987
7874
8361
8058
7972
8125
7877
7759
8163
7749
8027
7952
7757
8719
8113
8067
8281
8215
7737
8393
7521
8383
8115
8150
7947
8657
8306
8298
8238
9441
8238
8386
8135
8601
8401
8103
8338
7749
8275
8506
8551
8509
7860
7907
8491
8431
8484
8317
8065
7634
7774
7794
7706
7546
7815
7949
7922
7654
7709
7546
7709
7849
32513
7787
7619
7463
7363
7990
7774
7656
7566
7569
7952
7341
7428
7617
7641
7509
30317
8752
8158
8301
7541
7972
8000
7917
7794
7679
7792
8050
8240
7992
8048
7872
9070
7907
7569
7749
8293
8400
8263
8348
8416
8526
8286
8720
8258
7621
8250
7958
8273
7990
8438
8225
8280
8266
8145
8366
8218
8493
8458
7987
7917
8177
8085
7804
8107
7933
8245
8143
8553
8093
8438
8483
8431
8672
9157
8819
11827
8331
8095
7501
7769
7945
7689
9333
9855
8518
8178
8256
8158
7822
8170
7940
8070
7914
8040
8343
8388
8048
7942
8053
8171
7864
8163
8288
8093
8135
8122
7699
8161
7767
8039
8268
7817
7712
7815
8017
8779
8765
8461
8769
7624
8568
8388
8489
9010
8496
9260
9281
9062
9000
8265
8168
8381
8514
8491
8378
8220
8265
8404
8226
8070
8210
8028
7930
7952
8255
9200
8433
7827
8050
7824
8075
7857
7704
8030
7320
7664
7634
7415
7431
7371
7589
7578
7433
7484
7749
7985
7732
7870
8037
7842
7567
7619
7561
7724
7719
7576
7767
7579
7697
7498
8133
8363
8691
8208
8060
8563
7842
7616
7744
7619
7741
7784
7538
7714
7486
7619
7604
7441
7868
7536
7571
7697
8501
7714
7511
7937
7689
7739
7479
7779
7577
8569
7726
8093
7855
7827
7368
7647
7656
7719
7333
7638
7827
8015
7516
7750
7752
7613
7596
7666
7474
7584
7488
7751
7348
7453
7809
7804
7830
7880
7842
7867
7886
7493
7914
7606
7657
7736
7586
7521
7689
7725
7604
8010
7548
7851
7368
7674
7819
7618
7604
7624
7449
7654
7614
7529
7754
7547
7741
7449
7401
7591
7597
7629
7532
7724
7631
7724
7862
7817
7521
7807
7335
7528
7596
7687
7647
8712
7408
7421
18222
7867
7702
7915
7448
7827
7972
7714
47176
7970
7714
7967
7681
7862
7163
7343
7776
7524
7529
7591
7564
7466
7849
7604
7556
7401
7622
7366
7724
7571
7353
7533
7554
7463
7614
7642
7699
7576
7656
7744
29549
8566
7657
7561
8267
7950
7764
8085
8351
7967
8543
8017
8836
9092
8478
8256
8851
8471
8619
8410
8694
8912
8484
8125
8176
8131
7975
8055
8488
8659
9251
8517
8449
8321
8651
8379
8519
8444
8438
8739
8786
8511
9333
8364
8320
8536
8539
8727
8551
8596
8210
8586
8331
7997
8085
8920
8278
8699
9040
8851
8491
8659
7930
7945
8609
8323
8486
8977
8223
8095
7972
8421
9102
8506
8499
8787
8919
8944
9017
8817
8706
8559
8975
8536
8837
8684
9052
9288
8764
8197
8022
9403
8727
8997
8834
8539
8667
8729
8356
8418
7905
7957
8188
8025
8604
8749
8626
8248
8717
8707
8679
8619
8889
8739
8732
8867
8438
8840
8311
8416
9659
8884
9062
8632
8707
8791
8684
8716
8269
8902
8466
8801
9243
8756
8526
8779
8744
9193
9251
9080
8579
8942
8613
8386
9099
8975
9196
8749
8834
8897
8589
8559
8731
8305
8584
8747
8796
8892
8539
8757
8844
8674
8776
9065
8281
8689
9147
9007
8682
9267
8925
8814
8955
8867
8356
8691
9020
8952
8684
8780
9138
8416
8501
8528
8772
8300
8769
8687
8509
8446
8714
8771
8716
8887
8411
8877
8260
8406
8428
8192
8413
8561
8263
8186
9055
8285
8516
8218
8789
8717
8704
9188
8790
8348
8453
9832
8388
8443
8328
8263
8617
8957
9145
8328
8353
8013
8478
8626
7894
8298
8446
8479
9201
8330
8990
8185
8287
8752
8441
8619
8694
8456
9185
8969
8759
8965
8351
7938
7646
7772
7714
8659
8664
8902
9247
8729
8749
8842
8734
8436
8804
9276
8669
8945
8852
8910
9290
8574
9045
8531
8639
8411
8586
8459
7785
8534
8436
8471
8524
8765
7927
8734
8486
9030
8857
8772
8671
8955
8601
8977
8704
8972
8704
8955
9037
9043
9127
9028
9754
9000
8709
9709
8887
8448
9481
38651
8799
8577
8912
8998
9198
8712
9458
9178
9240
8526
8182
8100
8426
8817
8723
8817
8822
8503
8636
8721
9135
8193
9328
8734
9178
8729
8584
9618
8644
8394
8729
8769
8752
8900
8483
8712
9060
8907
8744
7576
8669
8072
8714
8722
8295
8398
8556
8726
8830
9260
9138
11428
8779
9288
8857
8935
9559
8985
8819
8513
8458
8689
9038
8980
8686
8611
8726
8997
9062
8840
8924
8521
8799
8611
8749
8334
8493
9273
8757
8692
8220
8827
8205
8756
8123
9353
8411
8441
9413
8857
8230
8484
8359
8112
8218
8674
8970
9057
9095
8924
8907
9313
8519
8719
8752
9085
8704
9383
8847
8947
8481
8248
8528
8693
8378
8481
8969
8479
8423
8799
9413
8581
8132
8601
8411
8579
8684
9381
8659
9059
8746
8837
8268
8320
9115
9226
8366
8992
8819
8660
8697
9331
8952
8762
8922
8586
8329
8899
9163
9133
8583
8498
8939
9009
8584
8850
8548
8486
9614
8811
7895
9042
9018
8647
8556
8336
8521
8542
8603
8952
8318
8634
8230
8353
8466
8140
8261
8325
8885
8599
8812
8945
9509
8311
8890
8486
8536
8707
8488
9212
8203
8479
8724
8160
9030
9183
9296
8699
8478
8489
8937
8800
8699
8551
9478
8827
8749
8729
8967
8573
8413
8759
8719
8609
8439
8847
8579
8617
18503
8456
8516
8488
8373
8631
8421
8519
8937
8777
8650
8531
8707
8947
8880
8892
8784
9035
9040
8790
8654
8762
8498
8090
8258
8306
9233
8800
8305
7155
8564
8338
8962
8686
8569
8263
8982
10306
8752
9098
8802
8869
8709
9263
8945
8852
9353
9398
8090
9348
8922
9060
9193
9446
8962
8589
9306
8323
8895
8557
8443
8556
8634
8419
8488
9177
8814
8942
8110
9027
8972
8742
8705
9028
8914
8854
8636
9389
7558
7158
7822
7330
7238
7543
7285
7544
7764
7333
7391
7616
7523
7351
7135
7511
7654
7481
7248
7065
7391
7534
7671
7296
7488
7621
7451
7265
7538
7621
7524
7679
7597
7444
7551
7577
7406
7604
7551
7554
7664
7288
7601
7571
7390
7298
7301
7456
7479
7293
7534
7431
7236
7436
7521
7731
7647
7408
7484
7516
7474
7739
7281
7226
7419
7376
7581
7255
7534
7621
7471
7398
7579
7471
7328
7380
7566
7439
7150
7500
7599
7543
7368
7546
7498
7569
7712
7491
7373
7667
7721
7554
7641
7381
7499
7643
7562
7140
7534
7609
7489
7305
7792
7662
7551
7834
7960
7843
7849
8007
8013
7894
8158
8181
8150
7939
7795
7652
7939
7952
8050
8015
8240
7892
7886
7286
7301
6972
7025
7263
7847
7248
7328
7221
7042
7301
6987
7336
6965
7135
7033
7361
7133
7162
7182
7171
7326
7160
7128
7291
7038
7050
7203
7233
7185
7280
7343
7130
7381
7135
7112
7155
7138
7161
7193
7784
7817
7526
7210
7714
7674
7281
7230
7118
7055
8007
7867
7238
7358
7168
7228
7095
8866
7566
8774
7042
7441
8631
8945
7237
7636
7661
7739
7524
8212
11366
10348
11108
10634
9586
9982
10062
9997
10125
9940
8226
10015
10080
10400
9308
8947
7526
7446
7366
7198
7521
7293
7253
7749
7295
7358
7749
7308
7258
7581
7053
7672
7766
7446
7704
7533
7716
7631
7634
7841
7338
7815
7862
8045
7717
7829
7712
7524
7774
7751
7643
7927
8649
7732
7972
8000
7636
8070
7687
7799
8369
9275
10949
10022
7192
9870
10401
8905
10702
10464
9962
9897
8825
10328
10516
10975
10232
9501
9840
10105
10431
10518
10140
9890
10193
10834
9899
10433
11258
10032
10548
9624
10671
10366
10140
10444
9335
10408
10546
10907
10281
9751
10581
9862
10015
10774
10221
9920
8049
8464
8501
8165
7982
8343
8198
8308
8350
8461
8731
8288
8201
7824
7880
8055
7904
8042
7870
8198
7819
8068
8165
7955
7594
7889
8075
7859
7888
7849
31566
8210
8331
7776
8983
10679
10797
10376
9496
10160
9629
8754
8950
8203
7895
8243
7792
7935
7859
7892
11325
8741
8238
8030
8236
8413
7930
8002
8057
8010
8110
7930
8282
8250
8118
7967
7910
8256
8250
8160
8068
8258
8193
8220
8145
8336
8418
8273
7787
7959
8193
8303
8360
7940
8426
8082
8127
7960
8112
8098
7860
8203
7905
8275
7935
8077
7867
7920
8095
8351
8418
8003
7955
7850
8020
8130
7882
7861
7697
7847
7679
8090
8122
7847
7772
7814
7874
7729
7727
7644
7592
7677
7983
7969
7867
7920
7982
7739
7752
7782
8095
7664
7947
8123
7794
8216
8456
8200
8253
7997
7857
7882
7706
7757
7834
8298
8137
7917
7967
7724
7408
7413
9290
9493
9639
9952
9330
9077
9719
9155
10275
9804
8050
7687
8040
8516
8108
8353
8772
9906
9659
9324
9150
9398
33380
8624
8281
8162
7933
8265
8103
8345
8405
8506
8268
8264
8541
8161
8705
8341
8255
8223
8087
9499
8296
9022
8574
8378
8561
8636
9202
8859
8395
8622
8386
8253
9313
8659
8631
8343
8826
8483
8456
8746
9023
8465
8776
9363
8892
8569
8401
8857
9155
8130
9223
8449
9524
8970
10707
9491
8752
9110
7967
8666
8601
9260
8617
8937
8448
9115
8895
8679
8443
8697
8123
8115
8586
7984
7949
7997
8130
8854
8438
7997
8083
8183
8549
7919
8195
8221
8301
8421
8092
8166
8454
8042
7905
7624
8020
8090
7897
7830
8062
7882
7955
8080
9543
8135
8171
8012
8078
8180
8473
8514
7792
7782
7928
7957
7972
7892
7659
7814
8376
7963
7834
7769
7814
7982
8611
8824
8509
8832
7942
8524
8676
9491
8430
8491
7797
8183
8504
8315
7920
8003
7757
8165
7962
7799
7900
7754
8145
7967
7962
7902
7644
7992
8586
8366
7730
8270
8190
8150
8207
7937
8142
8784
8195
8191
8075
8050
7947
8286
8010
8579
7754
7992
10538
31516
8286
8228
7579
7634
7769
9418
8779
9767
8160
7654
8368
8093
8493
7967
8516
8010
7937
9318
9461
9527
11759
8133
7747
7576
7729
7909
7378
7568
7499
7286
7932
8416
7521
7461
7413
7488
7619
7664
7711
7571
7884
7576
7574
7739
7431
7471
7518
7455
7529
7659
7734
7782
7586
7499
7646
7757
7827
7471
7416
7409
7526
7318
7556
7351
7318
7629
7481
7764
7558
8068
7623
7591
7383
7213
7546
7551
7499
7574
7567
7578
7263
7609
7563
7409
7566
7671
7438
7561
7702
7649
7796
7737
7671
7611
7907
8200
7386
7339
7463
9050
7697
7603
7850
7842
7484
7697
7998
7586
63815
9128
8416
8849
8058
8080
8656
7839
8162
8168
7654
8075
7752
7566
8012
8441
8376
8754
8190
8551
8295
8366
7333
7839
8479
8466
8090
8411
8832
8431
7088
8348
8364
7253
8636
8173
8588
8571
8115
8217
7892
7809
7573
8574
7792
7692
7944
8175
8416
8220
8103
8521
7727
7979
7877
8008
8085
8309
8138
7854
7774
7766
7917
7757
8095
8248
8684
8943
8574
8983
8391
8386
8541
8463
8461
8306
8539
8175
8336
8310
8604
8266
8441
8380
8406
8639
8003
8676
8042
7694
8341
7812
7917
8128
8543
8358
8463
8020
8671
8967
8554
8531
9100
8493
8553
8378
8358
8365
7834
8097
9785
9094
8754
8842
8150
8524
8499
8689
8433
8130
7826
8047
8223
8278
8055
7870
7875
8038
7909
7899
8043
8177
8448
8509
8549
8391
8561
8524
8143
8639
8463
8574
8599
8486
8899
8316
8381
8215
8185
7987
8428
8792
8904
8228
9048
7842
7924
8584
7875
8526
7835
7549
8212
9333
8977
8784
8461
8742
8230
7977
8403
9030
8952
8483
8526
8441
8223
8320
8546
8802
8182
7967
8528
8328
8486
8489
8689
8702
8388
8125
8416
8261
8230
8586
8288
8037
8569
8587
8837
8406
8822
10934
10265
9491
14709
10799
8653
9386
13379
10258
30832
8188
7940
7910
7861
7750
8087
8840
8025
8088
8010
8431
7801
7999
7965
7972
8151
8034
7977
7880
8073
7969
8000
8265
8704
12501
10574
9451
11290
10158
10052
9355
10406
10726
10769
10095
9845
10428
10489
9877
9664
9122
10450
10120
10255
10233
9867
10028
10388
9767
10960
8914
8682
8326
7907
8093
8498
8491
8426
8148
8120
7900
8067
7967
22914
8278
8208
8375
8148
8308
8480
8572
10436
Duration mean is 8425.705713259073
Duration variance is 2.3440313447495587E7
