96950
9463
7881
7358
7970
7932
7611
7764
7907
8040
8110
9141
8751
8441
8062
8511
8354
11110
8488
8062
7689
7613
8045
7909
7759
7666
8890
8208
7749
7877
7697
7581
7830
7988
7822
8002
7924
8132
8296
9193
8518
8524
8278
8077
7717
8299
8681
8247
8090
7905
7849
7917
7892
8251
8416
8308
8120
8271
8481
9380
8875
7659
8285
7771
8203
8082
7950
7369
7589
8626
7947
8141
8308
8980
7834
7684
7887
8193
7812
7899
7609
7220
10609
8110
8511
7854
8230
8744
8188
8687
8548
7887
9446
8391
7701
8799
7754
7740
8122
7972
7992
7597
8147
8231
7882
8118
7756
7977
7920
8020
8226
8178
7774
7887
7915
8067
8196
8598
8521
7962
7790
7677
8075
8228
8127
8245
8215
8268
7849
7784
7934
7935
8198
7907
8622
7751
7948
7749
8063
7401
7789
8052
7276
6967
6692
7238
6834
6887
6835
6998
7118
7459
10484
8127
7729
8092
8304
8281
8857
8704
7815
8102
7817
7859
8275
8381
8358
7822
8326
7892
7857
7940
7915
12461
7927
7794
7724
7812
7461
7751
7935
8173
8176
7933
7381
7564
7945
7974
7907
7922
7639
7498
7779
7917
7641
7977
7210
7862
7697
7942
7308
8729
7837
7849
7972
8426
8396
8045
7945
8027
8045
7867
7852
7884
8207
7950
7917
8237
7955
8105
8045
7979
8431
8102
8098
8217
8589
8295
7679
7554
8366
8478
8701
9503
8035
7950
8057
7389
8111
8103
7819
8020
8012
7649
7902
8075
8358
8396
8604
9519
8423
9017
8634
9431
8559
7910
8516
8338
7810
7924
7689
7884
8922
8707
8273
7726
8138
7922
8037
8365
8541
8020
7769
7573
7483
7168
7469
7320
7376
7421
7571
7654
8288
8842
7794
7644
7654
7830
7576
7830
7689
8118
7491
7707
7729
7669
7779
7810
8223
8659
8329
8638
8376
7839
7895
7799
7532
7609
7557
7706
7729
7624
7423
7526
8285
7862
7589
7787
7634
7629
8170
7636
7628
7298
7544
8275
8624
8386
8173
7770
7736
7496
7997
7682
7892
7769
7519
7621
7656
7576
7469
7608
7774
7962
7968
7756
7634
7519
7659
7822
7469
7552
7774
7659
7464
7699
7541
7401
7556
7601
7384
7756
7872
19313
7944
7473
7689
7601
7448
7363
7498
7549
7388
7594
7751
7366
7531
7423
8138
7912
7692
7724
7862
7573
7687
7478
7633
7659
7799
7865
7584
7632
7785
7807
7962
8235
7915
8463
8370
8398
8426
8062
7869
8010
9797
10718
7998
8511
7353
7430
7631
7534
7628
7631
7468
7476
7421
7521
7644
8010
7739
7990
7817
8058
7554
7752
8043
7687
7755
7762
7682
7554
8083
7634
7842
7932
7770
7481
7406
7671
8709
7624
9551
7709
9208
9561
9582
9172
9366
9837
9842
10612
8504
11139
9548
9065
9470
10110
9970
9649
8486
9228
9659
10178
9523
8784
9846
9363
9945
10005
8483
9877
10338
9536
10278
8797
10118
9456
9749
9972
8371
10714
9842
9310
10087
9160
10461
7684
7914
7890
7975
7561
7874
7587
7689
7967
7912
8140
7747
8175
7857
7593
7672
7662
7900
8138
7842
7696
7576
7712
7809
7922
7627
7927
7669
7657
7830
7884
7869
7807
7684
7862
9340
10784
10583
11256
9676
8681
8643
7804
7775
7829
7647
7953
7406
7562
11080
8128
7947
8015
8200
8198
7801
7501
7804
7724
8110
7657
7617
7699
7726
7619
7624
7869
7972
8827
7942
7789
8025
7581
7684
7796
7542
7980
7669
7734
7691
7772
7787
7591
7320
7574
25152
9970
9521
8070
7614
7225
7316
8491
7015
5080
4822
4869
4897
4840
4880
4967
4897
4810
5040
4821
4780
5038
4794
4732
4892
4749
4737
4827
4777
4755
4800
4777
4790
4724
4752
4842
4762
4932
4995
4862
4772
4857
4767
4780
4942
4860
4912
4925
4721
4867
4665
4800
4882
4769
4777
4734
4829
4747
4912
4807
4736
4910
4985
4834
4909
4814
4920
4840
4752
4775
4797
4771
4864
4717
4699
4889
4800
4780
4975
4903
4739
4925
4737
4944
4907
4819
4794
4752
4767
4784
4754
4824
4796
4749
4671
4875
4681
4754
4987
4690
4827
4917
4734
4894
4834
4787
4960
4777
11431
9902
9453
9022
8836
5135
5008
5015
4907
4929
4995
5005
4972
5057
4834
5013
4958
4824
5003
4905
5047
4974
4892
4970
4980
4925
5008
5070
4817
4882
5075
4811
4928
4978
5005
5005
4982
4960
4974
4882
4932
5145
4887
4864
5092
4837
21415
10040
9806
8812
9982
9829
7624
7638
7857
7459
8172
9049
9993
7965
8654
7714
7964
9187
8997
8038
7935
7171
7824
8195
8245
7882
8063
8150
8376
7020
7950
8955
10597
9934
9170
9983
9679
6837
7852
8028
7659
8429
8240
8248
8138
7692
7801
7722
8265
8153
7456
8050
7862
8185
8050
8140
8153
7772
7749
7774
7884
8023
8188
7862
7674
7371
7762
7827
7779
7902
8087
8368
8338
8161
13456
8291
9010
10446
7787
8069
8110
8063
8157
8624
7824
8030
8043
7674
8370
8272
7638
7817
8358
8118
8551
8228
8376
8321
33407
8653
8280
8175
8832
8817
8526
8406
8441
8634
8413
9150
9192
8698
9551
8816
8612
8220
7962
7993
9185
8416
9145
8761
9180
8995
8435
8907
9007
8012
7796
8047
8123
7879
8052
7877
7782
8065
7927
7912
7925
7582
8684
8513
8717
13188
8839
10228
9812
9817
10398
9186
10238
8438
8606
8776
8756
8712
8419
9035
8473
8786
8920
8542
8474
8566
8306
8205
7854
8328
8371
8511
8047
9774
8305
7975
8513
8333
8247
8639
8258
8521
8807
8865
9253
8822
9145
8967
8686
8714
8231
9438
8947
8819
9055
8335
8466
9253
8772
8506
8501
9055
8416
9025
8734
9103
8634
8190
8305
8604
8576
9324
8972
8370
8604
8692
8962
8922
9857
10077
9937
11007
10090
9822
10717
8945
9975
9815
9391
8210
7739
7769
7755
7797
8062
7995
8095
8100
7955
8018
28821
7945
7785
8160
7820
7787
7404
7591
7947
7714
8438
8486
11238
13376
10388
9404
9045
10616
9844
11210
9957
9598
11085
10284
10248
9649
9979
10855
9651
9967
10027
10007
10707
10110
10137
9313
14539
9328
8533
8343
8040
8353
8241
8281
8215
8045
7780
7965
8010
7930
7771
8080
8012
7819
8027
8221
11824
11419
11198
12520
8577
9739
8303
7920
8210
8363
8063
8053
7862
7945
7774
7884
7674
7830
8140
8153
7864
7820
7955
8220
7913
8080
8060
7787
7744
7955
8068
7892
7887
8130
7764
7804
7829
7837
7556
8173
8188
7656
8052
7814
7955
8132
8250
8117
7894
7784
7799
8253
7829
7935
7666
7809
7987
7804
7839
7912
7819
7837
8503
9586
7822
8404
8068
8210
8348
8103
8142
8242
8320
8436
8659
8300
8283
7944
8325
21418
9142
8556
8524
8366
8335
8448
8934
45939
8741
8456
8481
8669
8644
8155
8201
8113
8882
8055
8027
7749
8137
8063
8376
7824
7892
8183
8087
8140
8238
7872
8007
7817
7736
7952
8100
7756
8433
7696
8213
7739
8576
7777
7908
7882
8471
8476
8233
8020
8090
8163
8336
8686
8246
8444
8829
8105
8456
8193
8837
8819
7772
7446
8055
8775
8769
8258
8122
8233
8375
8484
8285
8315
8218
8042
8576
8592
8682
8912
7827
7441
8569
8418
7987
8326
8240
8093
8501
7674
8268
8624
8425
8697
8569
8506
8524
8348
8123
8373
8431
8466
8187
8023
7870
7310
7724
8215
7409
7999
8709
7892
8110
7938
8508
8529
7544
8208
8471
8013
8120
7912
7682
8030
8153
8406
8922
8077
7782
7601
8361
8890
8548
8692
9350
8696
8679
7812
9340
9567
9483
9614
8576
7954
7952
7794
7786
7722
7654
7879
7955
7857
7772
8188
7852
7709
7686
7266
7762
7542
7706
8113
7641
7787
7634
7543
7752
7937
7834
7361
7807
7556
7448
7586
7749
7692
7557
7922
7796
8752
7597
7187
7716
7872
8012
7903
7861
8120
7711
7087
7256
7107
6978
7363
7145
7431
7177
7033
7193
7223
7411
7469
7368
7175
7796
7621
7345
7280
7579
7957
8085
7952
8626
9095
9346
8052
7719
7792
7616
7868
7824
7453
7965
7998
8002
7849
7780
7857
7930
8012
7809
7702
7877
7566
7681
8039
7889
7662
11390
13263
10562
10112
10034
10147
10025
10675
10420
9288
9924
10365
10706
9158
11228
10939
10937
10373
9062
9752
10912
10486
10561
10083
11155
9183
8223
7993
8185
8486
8516
8562
8368
7712
7970
8053
8005
8157
8153
8047
8155
8098
7922
8278
7917
9709
12597
9529
8471
9178
8120
8007
7978
8092
7711
8107
8035
8042
7857
8243
7902
7950
7777
8245
8155
8158
8286
8255
7611
8020
8171
8050
8132
7859
8090
7964
8030
7975
7985
8226
8160
8027
8080
7869
7911
8333
8381
8288
8213
7749
8007
8188
7897
8025
7897
7927
8098
8200
7850
8042
8105
7925
7997
7747
8308
8506
8494
8474
8065
8361
8226
8516
8509
8235
8513
7952
8110
8762
8431
8456
8548
8890
8340
8235
8363
8416
8696
8291
8272
8504
8243
8491
8018
8529
8584
8681
9133
9069
8210
7977
8185
7985
8196
8113
7917
8298
7777
7817
8221
8070
7864
8108
8027
8292
8015
7939
8075
8102
7998
8183
8100
7782
8287
8197
7881
7536
8474
8260
7855
8401
8055
8038
8581
8423
8055
7987
9872
8638
8155
8180
8529
8293
8155
9243
8652
8343
8429
8328
7879
8405
8568
8110
8127
7852
9231
8035
8388
8423
8416
9925
8385
8321
8861
8157
8092
8369
7722
8967
8578
8673
8503
7870
8218
9213
8503
8889
9563
8343
8155
9157
8122
8188
8155
8128
8203
8193
8524
8740
8183
8538
8025
8125
7947
8063
9015
8233
7985
7992
8541
8601
8053
8359
8192
8052
8363
8594
8329
8230
8135
7787
8538
7894
7937
8143
7852
7824
7616
8058
31323
12501
7879
8476
8391
7988
7309
9942
13721
9343
10175
8880
10651
9926
12476
9030
7634
7919
8323
7642
7942
8227
7842
9012
8208
8083
8454
8070
8298
8291
8687
8110
8305
8491
8629
8655
8468
8336
8649
8298
8366
8393
9065
8649
8416
7416
8614
8912
8884
8837
8383
8296
8271
8043
8679
8882
8110
8676
8203
8187
8207
8897
8115
9268
8548
8299
9208
10038
11037
35999
9907
8627
9937
9308
7351
7283
7641
7421
7504
7286
7897
7336
7378
7526
7288
7541
7316
7677
7474
7518
7571
7792
7862
7584
8027
8092
7604
7757
7792
7907
7672
7957
9464
7709
7982
8040
7969
7699
7689
7935
7746
7587
7887
7767
7787
7845
7865
11674
7195
10215
10589
8762
10796
10573
11351
11080
10581
11603
10511
10240
9614
9652
10551
9577
10608
9516
10398
10441
9636
9647
9609
10523
10649
11175
10909
8361
10265
9972
10130
9568
9285
10711
10220
10448
10496
9177
10712
10318
10263
9977
10030
10968
11737
8433
8356
8135
8183
8474
7980
7782
8647
8246
8188
8103
8138
8423
7902
8010
8306
7935
8238
8070
8143
8330
8055
8032
7992
8083
8358
7947
8346
8033
8476
8175
8092
8120
8902
10807
10060
8777
8810
8290
7820
8363
8015
7875
8093
7827
9398
8320
8338
8486
8155
8444
8250
8052
8115
8085
8017
7892
7972
8103
7982
8276
7997
7877
8163
7957
8188
8085
8190
7785
8390
8043
8130
8060
8062
8028
8200
7886
7732
8178
7965
8245
8030
7882
7832
7872
7772
8067
8077
7975
7987
8308
7787
8268
7960
8053
7912
7805
7629
8060
7889
8000
8037
8150
7869
7664
7847
7664
7624
7777
7719
7787
7889
7736
8050
7967
8113
7837
7709
7892
7576
7867
7721
7794
7799
7902
7869
8040
7913
7947
8321
8123
8178
8177
8088
7922
7867
7797
7479
8000
7669
7905
7601
7865
7644
8090
11932
11313
34806
9308
8186
8202
7812
8241
8205
8333
8713
8554
8745
8822
8674
8573
8461
8729
8799
8336
8593
9043
8196
8294
8699
8923
8617
8243
8436
8408
8473
8553
8070
8232
8172
8576
7997
8190
8586
8386
8436
8488
8516
8508
8316
8483
8850
8060
9895
7305
10233
8386
8766
8210
8308
8333
8744
8128
8524
8321
8727
8571
8719
8334
8579
8489
9671
8436
8657
8680
8987
8598
8191
8195
8646
8261
8007
8123
7995
7900
8015
7824
7992
8107
8015
7902
7987
8240
8183
8463
8186
8065
8421
8511
8325
8132
7947
7891
7772
7872
7994
7942
7925
8281
8136
7967
8090
8182
8418
7900
8264
7917
7752
8205
7935
8257
7927
8110
8323
8378
7842
7880
7792
8062
8998
8398
8358
8998
8223
8162
7879
7972
8251
8614
8115
8488
9538
8463
9273
8593
8311
9233
8240
8121
9892
8401
8034
8023
8084
8434
8666
7794
8662
8409
8686
8704
8822
8872
8672
9125
8180
8947
9097
8218
9306
8917
8333
7878
8222
8897
9180
9020
8564
8433
8789
9010
8687
9022
8566
8095
8160
8103
9100
8624
8148
8723
8596
8546
8491
9115
8429
8463
8483
9170
9200
9038
8852
8636
8985
8326
8381
8440
9105
8844
8489
8596
8827
8539
8566
9002
8755
8253
9296
8757
8672
8481
8621
7912
8912
8271
8323
8694
8449
8859
9034
8233
8882
8849
8875
8905
8647
9012
8821
8526
8794
8634
9301
8410
8794
8805
9002
8764
8481
8697
8291
8764
9401
8844
9175
8804
8499
9313
9018
9566
8616
8541
8443
8563
8982
8340
8832
8634
9208
8810
8880
8406
8631
8932
8228
9153
8925
9020
8573
9122
8850
8847
8942
8438
8922
8654
9025
8509
9318
8770
9132
8814
8604
8599
8826
8764
8353
8782
8902
8674
9238
9130
8431
8972
8792
8766
8067
8716
8857
8975
9343
8995
8441
8251
9109
8982
9163
8802
28451
8679
8444
8716
27037
8789
8806
8924
8627
8416
8578
8950
8836
8845
9406
8561
8869
8812
8710
8902
9080
8804
8934
8641
8085
11146
8019
7740
7641
7905
7752
7965
8105
7629
7652
7959
7789
9088
8616
8572
8754
8228
10701
11090
7840
8220
8491
8415
8288
8263
8529
8196
8258
8038
9526
8772
8258
8343
8423
8564
8662
8252
8205
8805
8602
8541
8237
8556
8155
8561
8208
8267
8787
8368
8361
8664
8286
8461
8519
8215
8293
9914
8930
8741
8277
8334
7975
8789
8755
8671
8526
8756
8554
9038
8636
8651
8309
8366
9057
8751
8501
8589
8231
8333
8446
8130
8715
8642
8125
8518
8032
8534
8321
8558
9183
8817
8323
8558
8150
8687
8341
9232
8950
8298
8563
7937
7932
7689
8175
7577
7647
7644
7924
7934
7704
7812
7789
7815
7977
7935
7682
7988
8634
8065
8739
8260
7917
8739
9393
8588
8962
9456
9439
9270
8586
9248
8804
8870
8807
8296
8391
8082
9661
8694
8634
8313
8957
8816
9445
8681
9022
8343
8909
8761
8704
8581
8945
8870
8857
9115
9152
9012
8416
8543
8491
8747
8764
8603
8646
8975
9358
9195
9330
8426
8566
9145
9052
8332
7564
7879
7479
7701
7732
7664
7845
7594
7865
7947
7920
7641
7654
7642
7674
7877
7755
7739
7935
7947
7834
7874
7629
7614
7824
7428
7892
8346
8811
9110
9025
7801
7754
7572
7704
7451
7607
7571
7909
8085
7902
7885
7909
7697
7647
7882
7679
7812
7915
7759
7839
7879
7955
7661
7526
7606
7508
8854
8667
7792
7777
7784
7706
7739
8122
9207
7837
7859
7530
7842
7923
7869
9321
8418
8531
7875
8018
7899
7864
7509
7730
8168
7809
7972
7972
8040
7882
7960
53324
8687
8679
8939
9137
8423
8481
9092
7885
8161
8937
8732
8210
8777
8874
8523
9048
8102
9183
8273
9178
9243
10443
7759
7153
8373
7682
7910
7786
7832
7701
8371
7930
8375
8459
8335
8827
8523
8532
8762
8489
8584
8068
8361
8418
8270
8190
8203
8363
8471
8207
8328
8170
8203
8201
8323
8155
7930
8310
8316
8599
8870
7561
7391
7449
7384
7310
8010
8191
7794
8080
8157
7967
7999
8102
7927
8215
7774
8339
8386
12206
10113
8251
7722
7834
7496
7526
7538
7613
8093
7889
7607
7751
7612
7403
7261
7794
7453
7919
7799
7757
7581
7531
7594
7795
7619
7792
9609
12491
10805
8699
10048
10223
10870
10213
10140
9889
10599
10143
8897
9892
10037
10210
9701
8949
9456
10093
10276
9776
9784
10704
10892
8683
8458
8255
8125
8314
8246
8273
8493
8057
8085
7990
8000
8025
8196
8068
8223
7759
8105
8385
8025
8611
10772
8621
8280
8188
8721
11521
8238
9082
8612
8241
8235
8491
8155
7822
7940
7837
7847
8263
8404
7849
8055
7810
8053
8361
8030
8218
7874
8308
7973
7967
7921
8050
8033
8002
8356
8002
7962
8207
8426
7994
8203
8323
8105
8095
8022
8396
8353
8032
8012
8140
8110
7942
7717
7789
7943
7867
8012
8812
8378
7789
8273
7982
7852
12135
8185
8922
8243
8158
8055
8057
8265
8499
8639
8010
8143
8699
8719
8546
8366
8471
8799
8498
8130
8396
8461
8711
8396
8366
8556
8223
8564
8566
8278
8350
8298
7867
8486
8220
7914
8248
8075
7862
8075
7731
7807
7777
7712
7947
8132
7880
7672
8047
7822
7731
7837
7800
7872
8554
7757
8142
8133
24270
8666
8168
7566
8271
8333
10877
9746
8741
9153
8270
8371
8218
8830
8281
8740
8340
9777
8619
8847
8328
9080
8865
7869
7471
8008
7694
7747
7614
7832
8022
7984
8005
8112
7692
7862
7812
7892
8126
7829
7929
8055
8098
8185
9083
13341
9554
9777
8787
9273
9621
9892
9576
9847
9855
10583
11366
12220
8892
8380
8175
8263
7912
7814
31074
8977
8075
7814
8176
8208
8353
8223
8188
8353
8166
8418
8396
8840
10896
8589
8824
8353
8255
9215
9298
7829
8168
7995
7920
8122
8028
7809
7602
7937
8238
7907
8050
8103
8085
8238
8070
8135
7704
7990
8157
7995
8018
8493
8102
8125
8110
7949
7964
7887
8072
7937
7761
8032
7912
7922
7822
7959
7734
7559
8010
8163
8050
8087
7885
7839
8085
8270
8052
8509
7942
7888
7868
7842
8125
9268
8536
8348
8411
8261
8263
8378
8466
8965
8266
8419
8844
8666
8391
8401
8513
9112
8496
8207
8448
8644
8308
8321
8498
8323
8430
8549
8589
8772
8408
7900
8334
9000
8060
8200
8290
8167
8048
7874
7799
8208
8030
7669
8042
7875
8133
7885
8048
8232
7719
7484
8125
7787
7681
8298
7972
7952
8310
8218
7977
7556
7964
8113
8380
8336
8469
7732
11506
9280
8526
9949
8627
8493
8792
9208
9105
8929
9064
8431
8987
8652
8919
8617
8078
8226
8661
8140
Duration mean is 8356.491333333333
Duration variance is 2.506111764272498E7
