728279
27403
26112
25381
26062
25282
26125
26774
26834
27337
27007
28067
27072
26809
26473
28423
25797
27238
26385
26751
26443
26430
26403
26894
26518
26398
26892
26796
26847
26335
26147
26142
26516
25766
26453
26681
26417
26713
26303
26884
26252
26250
26242
26069
26523
26463
26037
26450
26410
27129
26661
26876
26588
26623
25398
26461
25754
24075
24162
26402
26713
25796
25057
25724
25388
26377
25304
24842
24811
25531
25418
25561
26087
24749
49099
26789
25541
26524
26814
26466
26769
26746
26919
26345
26258
25769
26077
25615
25979
26862
25718
26342
27135
25585
25503
25996
24916
25217
26160
26796
25395
26255
26417
26036
26616
26727
27066
26696
26130
26476
26383
26188
25791
26332
26371
26177
26012
26363
27320
27676
28077
26438
26681
26485
27388
25934
27498
27032
27080
26626
24817
25299
25220
25663
26109
25398
25410
25340
26651
27120
27588
27578
28380
27553
27799
28047
28496
27398
25879
25014
26866
26686
26623
25987
27290
26493
26721
27388
27618
26849
27268
26703
27140
27610
26012
26064
25972
26879
27360
27575
28072
27966
27321
27754
27921
27741
27951
27328
28092
26666
26821
27187
28165
26817
27912
26588
27253
26793
27628
26320
27102
27357
27999
27350
27986
27530
27774
27134
27757
52643
25325
25428
24881
24824
24643
25109
25069
27418
26230
25744
25069
25293
24604
25297
25092
25520
24984
25541
25706
26443
25984
25235
25330
25864
25205
26944
26240
25716
25841
26210
26212
26556
25909
25792
26475
27219
26817
26701
26854
27117
27223
27515
27535
30932
29593
30318
29428
29007
30101
29500
28025
27022
26463
26649
26112
26829
26192
26187
26661
26551
25891
24969
26353
27077
26283
27729
28401
27205
27152
26679
26906
26530
26521
26466
26225
26506
25892
25633
24966
24911
25721
25563
25671
25247
25192
25432
26633
26468
25255
25027
24972
25217
25511
25200
25185
25162
25318
25273
25380
24737
25197
25290
27144
25729
25230
25390
25097
25393
24849
25252
25022
24917
25099
25037
24726
25721
25297
25267
25315
25237
25010
24726
25152
25261
25854
25556
24976
24869
46418
25488
25120
24708
25538
24696
25012
25578
25337
25473
25580
25325
24992
25265
25343
25663
24629
25177
24919
24766
24874
25346
24475
24724
25194
24733
24967
24827
26025
25202
25137
25087
25219
24912
25425
24946
24694
25190
25140
25192
25175
25172
24736
25202
26004
24996
25498
25383
25085
24997
25586
25187
24481
24416
24017
24393
24168
24054
24240
23939
24253
24392
24180
24268
24147
24333
26305
26748
26706
26067
25386
23987
24308
24074
24689
25796
29117
30412
26896
24115
24601
25042
25002
25363
25684
25109
25293
25187
25244
25393
25200
25618
27340
30332
29874
30691
30390
30368
29465
30009
30332
30774
28272
30851
30846
29721
30726
29803
26293
26085
25761
26363
25824
25608
25879
26363
25596
26332
26243
25716
28235
32099
28458
25694
25313
43618
29681
21746
21092
20661
20811
20523
20438
20561
20549
20438
20533
20435
20493
20541
20388
20583
20561
20594
20490
20742
20631
20458
20591
20558
20732
20649
20589
20648
20573
20603
20536
20518
20543
20473
20566
20519
20663
20503
20493
20693
20546
20520
20651
20536
20555
20688
20503
20450
20671
40578
31929
26915
25990
25701
26012
26832
27583
28009
28671
28222
26490
26819
27505
27563
27200
27223
27884
27611
47748
27731
28162
28275
28570
27708
28398
27616
28179
26744
26027
25476
26205
25931
26327
25914
25563
26418
26658
25531
25859
26500
26313
26573
26451
26305
27465
26152
26302
26538
25691
26498
27360
27247
26551
26525
25987
26125
26139
25784
27102
26843
26669
27273
26445
26270
26701
27561
27080
27561
26722
25891
26380
26253
27237
27177
26914
26698
26035
26263
26380
26331
26803
26761
26703
27260
26385
26573
27568
26393
26358
25767
26536
26325
26876
26540
26806
26149
26323
26378
25926
26155
27034
25731
25954
25774
26423
25949
25496
27257
26548
25979
26002
27232
27579
26488
27513
25999
27626
27255
26179
26966
26977
27317
27513
26979
29941
28292
26100
31866
27290
26829
26999
27187
26707
28346
25315
25430
25506
26398
26789
25877
26613
25656
26117
27158
26500
26262
27749
25942
25934
25959
25787
25879
25689
27332
26282
64520
27576
26090
27255
27007
26495
26791
26270
26215
26599
26262
26362
26325
25912
26305
27909
26723
26433
27108
26413
26739
28711
27869
29270
26999
25578
25972
25906
26057
26222
26027
26190
26118
25773
25621
26360
29553
26102
27140
28178
28215
27290
26030
27001
27365
27974
26343
26782
25042
26566
29239
27313
28074
28167
28558
28578
26889
26959
26496
27007
28912
28869
30608
31824
31187
32293
30090
30666
31192
30448
30862
31017
30767
30040
31067
30974
30255
26987
25867
25811
25693
25661
25744
25733
25789
26298
26591
26250
26313
26150
26749
26881
32526
28385
30889
25781
29591
26418
28362
28643
29004
29448
29546
29224
29197
29280
29699
29370
28608
28443
28962
29864
52601
26995
26513
27761
26596
28551
27486
28179
27754
28067
27624
25904
28598
26793
27906
27353
27283
29513
28212
27969
27852
28699
27749
26934
28362
27563
27709
27558
28390
27132
29252
27539
28134
27548
26560
26789
27551
28079
28011
28145
27495
26939
27874
27631
27719
27518
27473
27941
27380
27781
28531
28330
28903
27312
27017
29074
27811
28019
27348
27493
28350
27367
29142
28328
27718
27233
28563
28039
27911
28037
28808
27706
28021
30410
29072
30074
28939
29062
28518
28626
28029
28362
28774
28576
29836
27728
28367
28640
28272
28132
27668
28437
27624
28205
27678
28277
27894
27613
28405
28794
28287
28074
27295
28390
28230
29223
27197
28388
27029
28199
27678
28443
28393
27974
29764
27388
27593
31092
28475
48879
25699
26443
25125
25919
25405
25901
25889
26809
26014
26313
25237
26565
26544
25753
25723
25999
25438
25951
26350
26473
26528
27117
25834
26428
26250
26149
26285
26448
26949
27869
27473
26877
27498
27348
27099
26761
26468
27814
26792
27030
27307
26681
26881
26453
27340
26348
27175
27090
26037
27090
28260
27290
27380
27383
27260
27124
27483
27440
26247
26929
27215
27964
27809
27245
27789
28280
27528
28243
27011
26490
26573
26991
27024
27471
28157
27530
27516
26817
26701
27297
27403
26811
27138
28095
26814
27574
28075
27395
27451
27430
28430
27317
27385
27377
27781
30824
29966
30069
28698
26032
26919
25916
25513
25545
25630
26561
29859
31215
31247
31586
30373
30570
30556
30032
32127
33892
28719
26746
26813
26200
26475
26539
26746
51661
28082
25475
26031
25445
25844
27253
26649
26453
26280
26368
26113
25874
25736
25446
26471
26027
26157
26515
26500
26410
26144
25965
26088
26585
26292
26049
26042
26708
26485
26059
25841
25771
27951
27122
26312
26325
26097
25646
26914
30362
26693
26997
27129
27879
27546
28661
27373
27904
27510
27849
27453
27150
27896
27663
27525
28716
28272
28130
28029
28571
31092
27699
28500
26864
26882
26701
26000
26882
27154
26751
26741
27009
26358
25969
26939
26245
26045
26636
26804
27508
27628
26668
32302
30410
50552
31107
33024
32202
29603
30507
33057
31322
30813
31516
30763
30340
31912
30315
32591
33674
32353
30784
32197
28114
33114
29889
31583
26459
25798
27079
26646
26543
27260
26941
27095
27385
27140
27654
27766
48939
27140
26754
27285
27786
27879
30009
28275
24669
25468
24995
25092
25726
25769
25721
25869
26022
26596
26635
25832
25267
27027
30927
30753
31931
29817
30596
31803
31117
30679
31029
30653
29719
31743
30488
31232
29937
30999
31248
26613
25969
26005
26471
26663
26363
26293
26498
26520
26122
26375
26455
32074
27555
25779
25871
29843
26989
26518
26400
26894
26934
26869
26812
26636
26959
26212
25796
26681
26438
26631
25924
26870
26310
26232
26400
26135
26254
26641
26721
26370
26257
26203
27939
27689
26288
26613
26280
25975
32438
29340
27343
27077
27897
28648
28388
28879
27305
27661
28252
27759
27481
27576
28205
27804
27167
28129
27929
28348
28250
27651
28179
28418
26851
26328
26315
26346
26630
26498
26703
27082
26143
25939
26105
27084
26523
53115
28759
27327
26237
27891
26325
27207
25698
25716
26027
25884
26042
26696
26040
25629
25984
26015
25946
25979
25403
26313
26085
25513
26006
25714
25872
25538
29273
28050
26886
26982
27719
27037
27490
28413
26966
27706
27561
27716
27322
27263
26548
25982
26944
26300
26252
26082
26471
27077
27167
26085
26455
25932
26658
26701
26831
26502
25485
28433
27089
26793
26929
27561
26546
25684
27608
26197
26330
27423
27475
26773
27009
25693
26134
26298
26734
25932
26092
25756
26255
27628
26213
27610
28568
28217
29099
26648
25686
25729
25543
25661
25511
25897
25731
25854
25470
25333
25175
25568
25949
25280
25140
24594
24290
24616
24410
24796
24929
24817
25691
26679
30079
25458
25982
26300
26115
25513
25914
25974
26340
32710
31844
31611
31302
31385
31888
29604
30942
50220
26966
26796
26152
26580
26200
26819
30134
28866
27225
26365
26094
26265
26052
26177
26463
26009
26230
26305
26345
25892
26307
26803
26189
26212
26000
25636
26563
28170
26926
27320
26822
27185
27380
26931
27099
27553
27461
27310
27416
26583
26310
26528
26345
26706
26781
26967
27147
27486
26603
25947
26180
26884
27055
28350
28137
26989
26553
26548
27235
27027
27263
26985
26413
27496
28323
26503
27916
27253
26375
26367
27004
26553
27149
26866
27438
27044
26716
26320
26481
26731
26500
26386
26523
27894
27415
27762
27238
27719
27661
26776
27198
26941
27358
26578
27285
26811
26864
27852
26210
24836
27511
25402
25245
25691
26441
25503
26527
26721
24548
25588
27180
27867
25683
26636
26894
27618
27215
26999
26393
26686
27305
27322
27090
27012
27109
26185
47787
27009
26954
27200
28104
27042
27097
27802
27448
27292
27924
27994
27882
27411
28228
27769
29026
27971
27804
28155
27578
28358
27812
27754
28360
27849
27530
27819
27588
28124
28651
26972
27390
27869
28125
28593
28225
27869
27756
27699
27864
28307
27856
27851
28754
28628
28488
26641
28545
28117
27859
28272
28245
27864
28318
27946
28107
30167
28989
27699
26749
25042
25448
25237
26956
27658
27773
26315
27550
27097
27676
27498
27566
27159
27720
27741
27129
27904
27796
26934
27418
27739
27260
27249
27681
27473
26438
27453
26839
26645
26604
26280
27488
27922
27595
28618
27350
26691
26483
26355
26368
26481
27505
27613
28525
28017
27951
28113
27366
27478
27997
28566
27876
28192
27787
28559
27839
28501
27814
27811
28343
26957
46879
26817
26575
26789
26701
27100
26664
26653
27057
28100
26443
26408
26451
39383
27047
26328
26475
26516
27736
26679
26273
26884
26368
28039
26736
26175
25799
26491
26162
26140
26481
28035
27733
27223
27957
28067
28410
27731
26305
26160
26753
26556
26395
26308
26356
27887
28453
26688
26538
26393
26277
26215
26565
26515
26243
26285
26485
26357
26506
27558
27320
28175
28857
28962
26092
25465
25576
25929
26127
26405
26137
25819
25799
26150
27433
25969
24979
26114
25787
24827
25493
26252
25288
25859
28218
30826
53023
30420
30869
32044
31190
33608
30794
27315
26701
27362
26498
26880
26764
26753
30448
26631
29259
26435
26463
26240
26944
26248
26631
26325
26684
26208
26205
26516
26380
26410
26385
25997
26415
25894
25646
27024
27462
27025
27578
48749
27305
27915
27498
27501
27889
27957
26468
26538
26729
26862
26195
26548
26446
26093
26766
27097
27140
26310
28168
27641
26274
26402
27072
27503
26558
25705
25358
25851
25859
25776
26352
25601
31392
30310
30939
31222
30135
31490
29912
31042
29606
26869
26864
26503
26716
26388
26390
29619
27661
29185
27067
26228
26285
26318
26383
25927
26187
26114
25869
26053
26433
25798
25856
26208
25819
26495
26335
26032
27651
27087
27192
27092
27335
27869
26974
27859
27729
27471
27335
27074
26924
26857
26448
26392
26716
26229
26771
27147
26799
26989
27127
28488
28245
27683
27773
27300
27335
26513
27483
26967
27716
27376
27839
26880
27342
27591
27584
27696
27342
27636
27545
27194
27999
27160
28388
27392
27681
28218
27503
27999
27797
28137
28017
28072
50145
28861
28695
27518
28037
28462
28383
28167
28348
28807
27556
27954
28336
28127
28486
27919
27844
27949
27390
28030
28242
27902
28430
28373
28443
27710
28954
27563
28436
28017
27182
27786
28310
27536
28132
27876
27951
27543
28195
28030
27954
28398
28668
28110
27769
27723
28090
27749
27796
27403
27563
26739
28112
28476
27819
27583
27591
27047
27170
27685
28463
27513
27461
27571
26774
26451
27410
28062
27969
27878
28688
27633
28055
27666
27847
27649
27746
27438
25625
25481
25869
25784
25648
25964
25824
26275
32854
30037
31047
30520
30621
31686
31437
30686
30172
27248
26523
26180
26500
26338
26157
26506
30252
27155
29505
26576
26513
26238
26100
26179
26135
25969
26292
253577
47683
51383
25014
24538
24483
25044
26769
29661
29295
29836
31032
29387
30287
29716
31014
29333
30034
30079
30257
30400
29368
30606
28467
26766
24606
24372
24719
24611
24944
24926
25090
25679
26225
25991
26220
26330
25792
26288
27020
30230
26069
25385
28563
25950
26658
25954
26070
25794
26090
26681
25961
26170
25844
25674
25779
26518
25951
25615
26180
25601
25613
26100
26014
25766
25643
26079
26365
26105
25848
26265
27370
26809
26338
25949
25954
27105
28247
27320
26932
27565
27792
28223
28119
27170
27438
28320
27403
27190
26885
28177
27037
27270
28024
27310
28232
27966
28020
27448
28676
27714
26751
25553
26172
26952
26533
26666
26716
26453
26026
26177
26192
26337
25876
26245
27067
26857
25526
26524
25718
27202
26368
25896
25962
25912
25583
26005
25581
26417
50724
26553
27190
26198
27287
26485
26836
26247
26649
26942
26335
26015
26712
27445
27277
28651
27260
26581
26127
26137
27017
25591
26145
26062
27303
26814
27180
27330
27676
27987
28859
28127
26455
25719
25180
24907
25603
25693
25558
26092
25548
25851
25691
26513
28601
30480
29017
30170
30498
29573
30353
29773
29941
30077
29237
30385
30185
29420
31957
27947
26541
26270
25696
26117
25954
26067
26342
26310
26333
26338
26234
27957
28754
25798
25771
29270
26125
26506
26102
25972
26037
26034
26520
26055
26320
25689
25739
26163
25776
25869
26375
25764
25618
25742
26037
26495
26390
26598
25857
25164
25661
27017
27072
25734
25961
25964
26057
32124
28681
28626
27137
26831
27987
27323
27603
27600
27267
27688
26976
28313
27894
27335
27455
27924
27824
52248
25393
27638
25523
25748
25275
25413
26990
26573
26558
26653
27446
26653
26927
27435
26578
27300
27543
26047
25656
26007
26065
26074
26523
25972
25811
25989
26233
26576
26262
25468
26698
25863
26295
26352
25636
25997
27022
26059
27142
26418
25972
26899
26300
26548
25693
26272
26129
27055
25954
27325
26110
27623
30202
31082
28583
27410
26475
25826
26500
27430
26580
27726
27378
27593
26907
27533
27831
24894
25463
25761
25423
25075
25293
25483
25195
28135
31368
29768
29360
30977
29799
30164
29037
29495
29605
26932
26200
26125
25734
25919
26132
26341
29214
27337
28631
26764
26129
25626
25453
26097
25706
26674
26050
25784
26162
25904
25440
25984
25876
25468
26100
25142
26097
26071
26350
26751
26315
27055
27533
27366
26907
27095
26563
26859
27152
52481
27909
26872
25706
26238
25706
25979
25534
26563
25727
26200
26300
26877
25889
26543
25884
26280
26255
25692
26355
26806
25909
27255
26293
25764
25686
25783
26435
26421
26252
25641
26616
26130
27332
26799
26365
26258
26793
26335
26188
27545
27694
26649
25107
25415
25814
25190
25468
25814
25511
26371
33941
30215
30199
29390
29185
30318
26681
26527
26142
25728
25907
26067
28391
27706
27957
26453
25616
25473
26265
26054
25861
25876
26140
26182
25917
25834
26072
26019
25531
25762
26059
26202
25894
26736
27372
26556
26964
27097
26766
27641
27130
26849
27237
27859
27298
26523
26260
26390
26265
26490
25909
25921
26112
26480
27025
27140
25934
25929
26273
26217
26157
26466
26626
27207
26153
26483
25476
25636
26047
25939
27540
25736
26213
26356
27210
26170
25902
26631
27979
25343
26320
25330
26876
25270
26498
27565
25465
25215
25082
25441
25320
25350
25455
25737
26117
25633
26245
25262
25179
25295
26425
25824
26232
25596
27335
26742
26064
26187
27270
26270
25957
26059
26628
26351
26047
25924
25558
27029
27010
26874
26967
27287
26646
26082
26761
26781
26433
25964
27225
26227
26967
28651
26656
26450
25671
26678
26729
26668
27140
24927
31021
29731
27052
30949
30390
32425
31250
28366
26748
31027
27715
28478
26989
28583
27443
29289
28169
28503
28235
30071
28974
28280
28463
28646
28675
28348
27250
26352
26431
27876
47036
28952
27165
27244
27107
27333
27392
26782
27398
26781
28666
27022
27381
28199
27516
27190
27332
26100
27749
26545
26974
26969
27581
27140
27162
27728
26804
27485
27654
25897
24984
24661
48140
25152
25021
26371
25836
25370
25341
25486
24961
25267
25558
25290
25566
27889
30370
30049
30591
29087
30056
31074
28974
29854
29524
31162
30440
31362
31613
30834
30964
30633
30944
30704
26932
26362
26257
26751
26708
27338
26736
26854
26912
27042
27405
27267
26881
31377
28751
26059
25871
29837
25573
26433
26072
25926
25991
25656
26295
26300
26470
25897
25405
25257
26140
25531
27007
25759
26067
25703
25468
25776
26393
26072
26014
25922
26114
25861
25713
25453
26528
27628
26904
26188
26055
25879
25794
29626
26711
26613
26879
27388
27190
26999
26595
27351
27145
26861
27107
27629
27065
27228
28049
27115
27200
27801
27824
28987
28045
28107
27733
27588
27613
26861
25957
26676
25769
25947
26240
25833
26175
26386
26724
25566
25523
26646
26032
25851
52268
26132
26293
26437
26247
26034
25809
26375
26819
27503
26879
27064
26764
26937
27097
27683
29473
24604
24686
24829
24901
26285
27455
26570
27751
26759
26365
26834
27024
26198
27573
27809
26666
27398
27140
27659
27461
27726
27917
27027
26834
27092
27017
27303
27325
27692
27761
27568
27353
27190
27932
27575
27273
25959
25541
26114
25250
25584
25882
26037
25992
26210
26072
26496
25696
26586
25856
25847
25680
26054
29969
26240
26924
26821
26318
25994
26002
26282
26055
25849
26167
26240
25611
25929
25964
25716
25992
25653
25057
25458
26155
25731
25811
25548
25486
25974
28947
30701
29327
29498
26791
26190
26909
27545
32583
29648
28007
28794
26969
28438
28611
28004
27551
28490
28430
27904
27257
28681
28222
27689
28686
27570
27904
27466
27698
53380
27874
27713
28638
28155
27510
28661
27566
28117
27528
26962
27806
28110
27821
27142
28300
27643
27232
27431
27009
27538
27347
28519
27944
27608
27425
27127
27729
27726
27510
27623
28124
27661
28232
27761
27358
27413
27405
27675
27887
27418
27606
28162
27438
27669
27062
27628
26621
28475
27473
27746
28122
27511
28367
29440
28084
28220
27851
27335
27623
27521
27693
27558
27839
27545
27623
27994
27050
27879
27889
28172
27709
27458
27555
27713
28194
27994
27463
28016
27586
27866
27628
28137
27500
28408
27713
28034
28295
28361
27197
26826
26824
27726
27207
28290
27616
27741
26791
27343
27716
27728
27874
27535
27776
28109
27891
25082
26711
26077
26493
26821
27388
26225
26904
26002
Actual mean is 27486.874916611076
Actual variance is 13742.378024607373
