103165
10797
8784
8381
8316
8058
8160
8123
8270
8113
8054
8677
8305
8163
8138
8286
8002
9283
8539
8912
7957
8039
8177
8361
8504
8315
9245
8180
9125
8479
8226
8142
8270
8151
8055
8586
8811
8339
8015
9682
8619
8759
8544
8213
8413
8558
8559
7990
10072
8583
8117
8669
8722
8233
8323
8682
8158
8697
8237
8300
7539
7731
7935
8348
8380
8573
9218
8914
8043
8468
8446
8241
8634
8496
8741
8714
8195
8499
8744
8175
8225
8368
8105
7927
8097
7939
7894
7664
8370
9809
8090
8108
7784
8526
8413
8338
8411
7932
9255
8716
8015
8390
8942
8704
9075
8354
9053
8754
8456
8634
8636
8717
8223
8543
8967
8078
8701
8702
8458
8739
8686
8887
8825
8531
8674
8398
8636
8661
8514
7862
8183
8160
8150
8206
9679
8935
8802
8684
8351
8401
8684
8694
8564
8932
8431
8496
8992
8351
8285
8296
8626
8832
8737
8536
8035
7787
8503
8691
8687
7697
7744
9416
8098
9789
8218
9042
8341
8975
7973
9586
8484
9711
8619
8253
9548
9659
9290
9451
7945
7990
8053
8142
8320
8538
8416
7829
9241
9130
8135
8408
8073
8461
8162
11314196
9082
7834
7822
7817
8002
7872
7805
9338
7797
7434
7546
7626
7558
7437
7746
7739
7932
7564
7601
7831
7771
7736
7729
7736
7652
7486
7954
7857
7473
7621
7474
7559
7414
7571
7744
7589
7328
7622
7632
7897
7513
7488
7479
7443
7626
7762
7531
7576
7414
7568
7506
7526
7323
7870
7215
38561
7957
7631
7604
7687
7499
7601
7614
7325
7564
7506
7438
7423
7669
7502
7652
7802
8656
7772
7631
7841
7764
7579
7497
7701
7449
7616
7769
8133
7872
7952
7937
7834
7899
7629
7516
7661
7679
7789
7902
7496
7682
7586
7531
7463
7892
8324
8361
9974
12554
10058
8980
9248
10150
8697
14208
10262
10579
9529
9143
8541
10153
10415
9476
10055
9842
10150
8975
10103
8892
9731
9967
9944
10283
8724
11265
10639
11757
10859
9007
8589
7371
7175
7471
7448
7375
7138
7306
7376
7134
7391
7714
7375
7408
7436
7722
7759
7679
7924
7804
7601
7892
7513
7825
7727
7819
7844
8478
9473
9719
9769
11722
10158
8320
23173
7898
7804
7481
7794
7516
7692
7827
7641
7624
7606
7569
7691
7674
7662
7940
7754
7739
7992
7895
7617
7559
7672
7356
7689
7494
7744
7734
7604
7694
7772
7764
7632
7451
7704
7526
7526
7481
7611
7265
7754
7492
7516
7654
7704
7408
7737
7611
7700
7469
7642
7674
7594
7914
7959
8033
7631
7737
8025
7977
7780
7962
8055
7726
7862
7717
8030
7929
7993
7842
8020
7864
8163
8020
7927
8386
7912
8267
7800
7667
8037
7806
8221
7915
8060
7639
7912
8719
9261
9426
8824
8278
7474
7505
7666
7679
7962
7463
7438
7729
7809
7546
7820
7594
8060
7647
7484
7719
7914
7674
7902
43793
8045
7351
7459
7977
8198
7571
7950
7809
7804
7296
7804
7594
8090
8065
9072
9717
8345
7757
7919
8260
7922
8083
8032
8121
8814
7365
7892
7860
7815
7745
8017
7496
8325
7707
7704
7529
7832
7796
7789
8155
8436
8408
8251
8328
8092
7581
7539
7719
8296
7905
8521
8250
8227
7489
7930
7827
8230
8072
8751
8052
7664
8113
8010
7819
7744
7799
7912
7973
7960
8132
7884
8948
7910
7671
7676
7924
8263
7897
7676
7681
8131
7975
7744
7709
7681
8037
7268
8037
8245
7571
7952
7597
7541
8800
7604
7501
7338
7466
7451
7684
7543
7320
7584
7483
7626
7396
7421
7799
7789
8275
7653
8087
7837
9504
8384
8075
8338
8010
8371
8632
7644
7744
8504
8296
8414
8361
7802
7531
7857
7628
7679
7744
7746
7326
7817
8263
7942
7661
7303
7832
7854
8008
7554
7719
7616
7476
7454
7418
7584
7373
7644
8095
8230
9499
7800
7358
7592
7197
7503
7265
7577
7666
7564
7511
7504
7591
7431
7543
7563
7754
7519
7672
7511
7599
7552
7413
7679
8419
9473
11636
10684
8904
9436
7791
7559
7386
7837
7220
7558
7694
8173
7323
7596
10030
9807
9032
8782
9348
8258
8271
7058
7536
7330
7474
7527
8416
7569
7549
7502
8263
7910
8127
8065
8183
8173
8363
8458
7714
8155
7799
8373
8285
7621
8287
7622
7947
7716
7997
8203
7754
7835
8311
8063
8025
7927
7960
7383
7734
8346
7867
7787
8188
8636
8298
8060
7859
8148
7870
7965
8162
7947
7582
8782
7731
7701
8253
8444
8601
7910
8092
7927
9117
8822
8576
8616
7910
8857
8301
8017
8521
8655
8133
8429
7802
8451
8612
8884
7864
8070
7711
7669
7963
7919
7441
8423
7747
7819
7676
7353
7581
7724
7459
7747
7448
7514
7363
7496
7576
7393
7717
8007
7894
7679
7862
7518
7541
7780
7310
7574
7607
7318
7564
7787
7478
7481
7741
7443
7774
7320
7607
7584
7454
7369
7624
7772
7609
7852
7987
7501
7303
7578
7476
7336
7486
7393
7596
7742
7413
7654
7654
9002
8130
8090
8406
8135
7855
8263
8449
8471
31087
9030
8221
7894
7995
76441
8311
7761
7889
8311
8754
7967
8205
8236
8293
8151
7995
8135
8426
8770
7877
7877
8029
8013
7749
7984
8057
8463
8223
8358
8311
8202
7857
8431
8365
7498
8181
8349
8436
8351
8283
7701
8158
8682
8053
8142
8138
7669
7974
8409
8468
8363
12614
9020
8248
8002
9498
7867
8130
8145
8248
8992
7909
8468
8399
31012
8534
8035
7852
7709
7975
8158
7880
8095
7782
8028
7579
8548
8228
7872
8389
7914
7895
8376
8411
7957
8448
9466
8491
9047
8216
7737
8491
8398
7910
8203
7919
7929
7824
7627
8023
7995
8110
8015
8015
8521
8173
7766
8010
8040
8230
7757
9834
8536
8509
8619
8791
7894
7930
8233
8386
7624
8591
8027
8177
7626
8005
8052
8039
9215
8090
7948
8065
7857
8313
8393
7995
8210
8285
7694
8138
7902
7745
8361
7954
7924
8619
7963
7651
8110
7952
7902
8260
8175
7964
7746
7662
8010
9764
8484
7714
8210
8150
7481
7945
7614
8172
9192
8058
7852
8391
8328
8602
8398
8546
8015
8346
8676
8396
8170
7716
8348
8661
8746
8231
8604
8035
8181
8338
8206
8827
7666
8569
8448
8270
8143
9511
8531
9040
8652
8706
8649
12566
8205
8042
8155
8523
8418
8127
8161
8218
8536
8588
8561
9258
8737
8318
8270
8614
8293
8035
8070
7938
7952
7802
7684
7947
7812
8175
8463
8373
8010
8195
7819
8087
7857
8226
8373
9039
7636
7830
7664
7953
7613
7902
8624
8696
8665
8118
8000
7471
7664
8048
7929
7684
7752
7566
7686
7890
7945
8247
7669
7614
7739
7973
7614
7948
7536
7661
7900
7767
7722
7646
8611
8506
20040
7975
7827
7694
7865
8102
8117
8050
42467
8042
7434
7749
8120
7980
8466
7749
7967
7842
7737
7910
7847
7684
7679
7519
7361
7925
7591
7491
7474
8230
8092
7779
7579
7794
7667
7917
7771
7852
7461
8010
7674
7664
7792
7541
7694
7861
7711
8073
8306
8847
7731
8088
8067
8120
8145
7890
8103
7779
8173
7792
7957
7832
7799
8365
8043
8704
8351
8408
8158
8351
8985
8837
11130
9609
10255
9757
8215
8453
7641
7473
7744
7496
7682
7812
7704
7519
7444
7599
7917
7636
7606
7717
8060
7866
7945
7812
7772
7959
7877
7965
7672
7732
7782
7701
8161
7922
7807
8040
7759
7343
11985
8905
10275
9962
10509
10080
8942
10443
10191
9654
9338
9509
9418
10177
10676
10080
9120
10684
10511
9936
9195
9378
10163
9819
10133
9749
6910
7196
7420
7513
7403
7298
7095
7488
7085
7790
7381
7321
7451
7361
7293
7533
7792
7997
8027
7583
7806
7990
7892
7917
7844
7676
7789
7997
7601
7937
9829
9644
8371
7567
8624
8241
8985
8460
8015
7860
7721
7910
7817
7699
8070
7782
8108
7990
7814
8083
7894
7820
7930
7935
7817
7912
7769
7908
7942
7724
7810
7786
7777
7859
7867
7992
7912
8012
7850
7962
8040
7756
8040
8162
7920
7800
8018
8112
8193
7942
7767
7963
7897
7769
8885
7962
7789
8015
7696
7829
8043
7825
7717
10702
8063
8413
8178
8260
7917
8178
7957
8068
8180
8373
8102
8363
8070
8416
8330
8015
8434
7935
8198
8060
8095
8464
8875
8085
8270
8163
8288
8388
8152
8358
8453
8042
8261
9659
7940
8310
8268
8151
8298
8047
7631
7952
7877
7754
7752
8048
8473
7800
7732
8128
8328
7807
7576
7822
8266
7924
7834
7812
8123
8037
7751
8188
7714
7844
7822
8050
8812
12093
8496
8185
9113
8348
8032
8043
8205
8198
7945
8161
8584
8489
8476
8433
8914
9078
9150
7619
7531
7849
7734
7937
7642
7880
7731
7837
7853
7977
7861
7588
8080
7762
7985
7872
7987
7666
8040
7822
7819
8586
11002
10183
9541
8664
9303
9969
10115
10105
9601
9957
9717
12226
11117
8065
8170
7899
8000
8037
8053
8180
7847
7835
7894
7822
8177
8185
8015
7674
7622
7797
8078
8002
8689
10273
8358
8358
8426
8341
9040
8243
7970
8045
8165
7967
7933
7849
8221
7744
8012
8201
7954
7970
7894
8729
7816
7970
8105
7601
7804
8097
8072
7814
7907
7862
7930
7767
7759
7636
7751
7759
7940
7807
8020
7519
7775
7754
7952
7892
7930
7784
7749
7832
7912
7742
7965
7864
7925
8013
7774
7699
7746
7541
9494
9792
8138
8641
8188
8489
8271
8215
8277
8025
8145
8162
8248
8551
8186
7817
8138
8518
8701
8203
8426
8476
8368
8361
8228
8638
8760
7810
7982
8699
7789
8208
8205
7997
8060
7967
7969
8065
7779
7742
8160
7797
7940
7914
7980
8273
8127
7895
8411
8030
7807
8103
7942
8055
7839
7827
7682
8062
7815
8421
8391
8311
7588
8303
10995
8667
8797
10280
9033
8496
8639
9493
8749
8584
9365
8333
8631
9749
8827
8631
8724
7636
7832
8195
8414
8157
8406
8044
7982
8410
9484
8857
8072
7664
8616
8706
8845
8148
8120
8320
8135
8393
8333
8521
8215
8499
8766
8724
8850
8306
8424
9142
8769
9130
8864
8110
8196
8599
8410
8521
8889
8055
7867
8910
8927
7990
8301
8429
8458
8253
8273
8979
9268
8325
24258
8624
8350
8897
9641
8110
8162
8321
8296
8343
8681
8123
8233
8290
8729
8255
8726
8684
9168
8762
8110
8215
8536
8340
8401
8805
8488
9014
8691
8399
8674
8475
8471
8588
8156
8308
8809
8353
8471
8371
8736
8644
8496
8506
8699
8516
8607
8682
8795
8712
8970
8581
8706
8406
8290
8456
8463
8266
8679
8599
8551
8350
8529
8604
8378
8267
8577
8443
8351
8464
8313
8348
8526
8741
8433
8619
8247
8669
8474
8849
8905
8707
8276
8646
8968
8459
8809
8543
8937
8371
8261
8616
8746
8735
8371
8840
8731
8607
8669
8421
8150
8444
8371
8792
8564
8479
8292
8338
8246
8654
8471
8756
8689
8473
8672
8222
8356
8263
8566
8128
8328
8431
8599
8571
8724
8483
9554
8860
8797
8516
8275
8396
8847
8566
8569
8453
8326
7942
8548
8499
8466
8465
8481
8210
8649
8201
8330
8814
8742
8679
8143
8479
8909
8529
8484
8886
8736
7985
8519
8516
8285
8597
8258
7950
8100
7882
7935
8453
8366
8278
8356
8232
8291
8078
8180
8278
8067
8310
27772
9093
7330
7651
9100
7995
9195
9293
8854
10048
9831
10371
10208
8727
9974
9887
10075
9859
9674
10115
10049
10727
9215
9701
10357
10165
10533
10157
9882
10308
9955
10733
9080
10198
9709
10250
10439
9276
10110
10501
11095
10336
9421
11819
10481
10390
10461
10250
9526
7629
7401
7649
7388
7510
7303
7546
7353
7233
7623
7358
7574
7511
7644
7659
7849
7992
8078
7782
7781
8055
7634
7534
7722
7464
7839
7917
7907
7899
8037
7664
8225
7702
8032
8105
7767
7794
7810
7952
7769
8045
7727
7656
7967
8111
8212
8634
9714
11514
10481
8872
8732
8772
7401
7879
8373
7990
8142
8207
10970
8651
8158
8388
8172
8418
7922
8263
8032
8039
8145
8724
7890
8180
7554
7553
7904
7721
7940
8043
7864
7935
7809
8060
7997
7664
8075
7876
7815
8022
8135
7927
8015
7900
7812
7980
8291
7998
8082
8075
8098
8000
8276
8080
7950
7872
8130
8055
7875
7987
7927
8077
7893
8240
7636
7980
7990
7917
7870
7988
8023
7932
7847
8035
8045
7709
7737
8072
7837
7720
7990
8100
7922
7922
7754
8025
7774
7963
7750
7671
7729
7674
7549
8062
8287
8190
8065
8127
8305
8305
8008
7837
7819
8012
7816
8233
7800
8045
7927
7859
7825
8160
13950
8538
8767
8386
7975
7920
8003
8002
8108
8178
8208
8147
8418
8291
8150
8253
8127
8180
8181
8000
8135
8424
8093
7965
8641
8251
8369
8351
8439
8226
8684
8378
8338
8296
8623
8346
8639
8288
8354
8859
8192
8305
8466
8113
8296
8378
8131
8749
8237
8366
8368
8548
8100
8887
8459
8386
8466
8832
8904
8659
8877
8544
8474
8501
8846
8797
8389
8198
8243
8363
8138
7935
8075
7561
8065
8030
8163
8043
7997
7957
8777
8078
7844
7944
7762
8273
7909
8060
7950
8185
7874
8052
7581
7556
7817
7734
7717
8128
7872
7767
7995
7754
7801
7945
7619
7679
7820
7989
8048
7849
8050
7995
31031
8488
7521
7744
8030
7997
8045
11008
9343
10135
9654
9311
11957
9882
10023
9584
10400
8513
8300
12531
8968
9686
10032
9481
8922
9035
8671
10638
8287
12591
12606
8857
9712
8431
8807
11230
10078
8724
9113
10022
8947
10202
8466
8318
9856
8932
8734
8970
10844
10148
9378
9088
11208
8596
10042
30278
9939
9203
8393
9751
10651
9278
10569
11101
9358
13162
8486
7845
8112
7829
7727
7910
7912
8105
8371
8080
8055
8102
8413
8145
8012
8291
8298
8067
8245
8225
9142
8117
8586
8268
8639
8155
8448
8431
7711
7962
8456
8466
8436
8265
8245
7761
7664
8885
8360
8336
7887
8434
7875
7938
8035
8263
8023
8889
8927
8143
8622
8994
8350
9133
9621
9235
10534
9045
9356
7566
7176
7381
7423
7344
7454
7501
8221
7429
7864
7927
7709
8002
8488
7724
7694
7995
7584
7759
8045
7832
7716
8102
7716
7573
7669
7681
7887
7924
7942
7877
7393
7816
9819
7348
10310
10860
9657
10250
11583
10782
9639
10787
9591
9930
10696
10503
9970
9612
11120
11231
11246
9596
11910
10416
10381
11123
8691
9907
10033
10493
10809
8694
10333
10223
10807
10325
8532
10734
10303
9892
10687
8792
9932
10348
10596
10323
9523
10666
9020
7882
8092
8005
7907
7789
7686
7714
8616
8028
8045
8461
8270
8067
7947
7915
7914
8055
7764
7980
8152
7912
7727
7962
8015
7759
7940
8192
7965
7990
7567
8049
7829
7887
7814
8777
10368
10125
8489
8451
8481
7528
7920
8503
8183
7856
8246
12188
8428
8278
8238
7890
8226
7839
7904
7840
8007
8037
7935
8171
8040
8010
8062
8148
8265
8035
8183
8110
7964
8198
7930
8147
8065
8177
7840
8020
8020
8240
8136
7917
7870
8060
7732
7909
7987
7649
7892
7867
8145
7947
7949
7884
7950
37205
8601
7499
7749
7964
7631
7343
7774
7446
7940
7746
7841
8413
7944
8321
8245
8220
7699
7917
7872
7884
7992
7825
8110
8280
7920
8113
7674
8156
7955
8027
7812
7794
7415
7411
7889
8065
7524
7556
8305
71764
9113
8579
8691
7892
8489
8102
8211
8286
8065
8321
8321
8120
8749
7494
7596
7940
7880
7874
7687
8025
8080
7847
8313
8223
8320
8359
8035
8293
8548
8706
8494
8722
8213
8651
8592
7767
8450
8256
8145
7938
8699
8461
8321
8301
8107
8772
8421
8100
8409
8173
8416
8436
8563
7992
12213
10822
7767
7371
7829
7699
7729
7702
7443
7731
7727
7494
8092
7749
7607
7601
7817
7785
7893
7702
7799
7990
7689
7611
7686
7894
8042
9910
12027
10010
10614
10185
8216
9531
9243
10203
9621
7947
9739
9782
9488
11556
18664
10236
8125
8396
8398
8248
7742
8512
8231
8050
7802
8000
7887
8198
8080
7910
7985
7998
8186
7631
8105
7707
8809
10439
8248
8521
7832
8027
11047
8524
8300
8138
7985
7955
8060
7942
7880
7882
8933
7701
8211
8265
8043
7616
7736
7973
8201
7954
7842
7995
7985
7561
8110
7954
7771
7980
8193
8053
8215
7975
7629
7664
7842
7952
7954
7786
8009
7972
7877
7814
7824
7772
7929
8048
7887
7800
7847
7819
7800
8331
7915
7967
7942
7573
7872
7689
8536
8082
8318
7977
8042
7737
7940
7887
8120
8166
8696
8063
8192
8142
8165
8255
8140
8093
8220
9008
8282
8052
8328
8005
8100
8277
8449
8218
8341
8597
8403
7982
8401
8516
8521
8303
8955
8090
8003
7746
7932
8083
8025
8115
8002
7997
7934
7777
8178
7584
8138
8032
8019
7945
7766
7556
7726
7897
8391
7721
8335
8298
8019
8010
7814
7812
7689
7712
7584
8604
8279
7985
7907
8293
8111
8494
8175
7776
8295
8105
8040
8178
8215
7856
8511
8309
8717
8177
8037
8013
8027
24202
8424
7989
31336
8335
8516
7877
7859
7928
7910
7812
7860
8095
8221
7870
8609
8341
7905
8246
8310
8015
7669
8656
7990
8132
8303
8278
7824
7909
8005
8075
8205
8446
8398
8283
8273
7499
8128
9217
9115
8321
8469
8301
9273
9273
8363
8604
8547
7977
7970
8636
8200
7960
8223
8533
8265
8421
8599
8694
8268
8461
8213
8594
8050
8534
8822
8754
8095
8280
8549
8376
8546
8749
8313
8889
8736
8842
9516
8511
7634
7283
7363
7699
7398
7288
7589
7752
7473
7805
7872
7323
7745
7825
7744
7790
7874
7874
7734
7611
7752
7549
7656
7867
9296
12751
9488
8456
10569
9639
9686
10150
9797
9436
9797
9408
9261
10416
9995
10228
10463
8458
10195
10423
10275
10271
8757
9704
10122
9626
8275
8486
8125
8358
8208
7829
8401
8266
7960
7764
8769
8050
7980
8185
8107
7840
7792
7819
8103
7975
8223
9922
8977
8215
8329
8366
8120
9561
8290
8063
8079
7669
7902
8002
7935
7927
7897
7825
7846
8211
8128
8175
7914
7839
7616
8228
7957
7997
7900
7967
7967
7855
7905
7891
8062
8170
7829
7887
8117
7829
8010
7995
7915
7947
7861
7769
8055
7549
7729
7597
7747
7935
7892
7804
7714
7879
7865
8068
7967
7957
7947
7749
7962
7692
7734
7765
10448
8389
8393
8030
8168
8105
8002
8376
8233
Duration mean is 12243.044029352903
Duration variance is 3.669298385975235E7
