100850
10341
8842
7982
8205
8794
7707
8892
7884
11498
12037
10641
9424
10243
7393
7127
7245
7817
7391
7128
7496
7015
6940
7276
7145
7428
8338
7647
7435
7747
7586
7471
7356
7529
7542
7829
7350
7761
7481
8171
7694
7416
7609
7351
8057
7587
7741
7647
7721
7504
7900
7489
7746
7643
7904
7987
7922
7807
8009
10661
8997
7559
7501
7526
7571
7591
7677
7689
7538
7483
7667
8003
7872
7845
7809
8032
7639
7676
7584
7544
7694
7780
7927
7859
7711
7812
8010
7832
7541
8609
7801
7410
8017
11256
10784
7463
8598
9790
9443
9564
9844
8785
10438
9734
9507
10248
8919
9742
9488
8581
10544
8478
9754
9461
10431
10273
8666
10022
9376
9441
8830
8027
9912
10000
9376
9112
8727
9995
9697
9568
10173
9348
10113
10032
11591
8441
10844
10385
9190
8567
7925
7616
7832
7533
7614
37295
7859
7875
7953
7659
7799
7754
7591
7792
7371
7754
7812
7363
7689
7602
7652
8023
8672
7947
7721
7518
7824
7629
7569
7589
7767
7867
7735
7965
7712
8306
10283
10567
13177
8385
8356
9050
7835
7779
7524
7689
7421
7498
10588
7629
7809
7794
8151
7960
7496
7887
7822
7811
7589
7844
7616
8701
7576
7677
7744
7596
7629
7434
7724
7691
7782
7659
7852
7820
7934
7882
7702
7514
7920
7684
8015
7835
7815
7917
7664
7611
7607
7394
7609
7559
7499
7588
7616
7812
7629
7611
7589
7851
7799
7692
7415
7503
7578
7722
7709
7581
7659
7664
7619
7629
7527
7751
7669
7381
7511
7429
7591
7651
7474
7689
7479
7722
7411
7800
7932
7538
7686
7710
7784
7684
7756
7707
7619
7461
7834
7924
7784
7865
7975
7912
7624
7581
8261
7521
7624
7706
7388
7475
7536
7444
8456
10549
9210
9564
9371
8541
9060
9015
9398
9353
8799
7624
8511
7664
7702
8067
8150
8409
7629
7909
7826
7661
11672
10123
8867
8900
9483
8714
9025
11887
8399
7799
7894
7707
7360
8010
7712
7866
8067
7839
7877
7747
8157
8152
7987
8074
8339
8160
8203
9108
8380
7659
8286
8087
7934
8035
8581
8940
7814
8043
8330
8055
8058
7649
7907
7725
7894
7608
7992
8210
8316
7897
8297
21648
8255
7749
8183
7879
8250
8792
8799
8158
8012
8080
12885
7964
9286
8353
8395
7731
8865
7978
8341
8326
8464
8132
8088
8734
8117
8050
8675
8278
8398
8376
7584
7889
7822
7714
7536
7900
7553
7872
7747
7301
7398
7394
7536
7712
7473
7486
7621
7875
7406
7856
7924
7764
7905
7874
7581
7979
7719
7674
7559
7636
7491
8378
7479
7606
7641
7581
7529
7529
7544
7682
7568
7596
7980
7542
7852
7769
7784
7982
7354
7669
7619
7639
7488
8291
8060
7847
8188
8012
7892
8907
7724
7930
7852
7945
7687
7824
7739
7709
8256
8296
8082
8321
8090
8268
8095
7820
7722
8348
8012
7756
8260
9403
7105
7509
7348
7308
7291
7484
7053
7097
6626
6556
7301
7324
7366
8000
7787
7103
7268
7531
7511
8009
7481
7897
7997
8100
7875
7594
7479
7694
7844
7979
7584
7827
7731
7378
7599
7716
7569
7604
7363
7651
7897
7446
7880
7471
7935
7596
7559
7591
7541
7947
7513
6809
7983
8185
7724
7659
7280
7280
7358
7805
7681
7679
9483
7398
10203
8378
7722
7731
8654
7566
8704
7343
8148
7766
8158
7822
7847
7989
7534
7491
7642
8058
7787
7576
7431
7554
7832
7376
7336
7569
7293
7190
7754
7331
7489
7779
7494
7526
7780
7586
7411
7629
7543
7624
7476
7521
7524
7456
7732
8454
7724
7842
7887
7802
7606
7192
7318
7664
7464
7739
7927
7762
7922
7874
7607
7258
7253
8559
7867
8000
8030
7857
8494
7448
7597
7799
7130
7526
7910
8110
7915
7807
7800
8202
8072
7837
7769
7997
7824
8117
8033
7945
8014
7830
8152
7937
8050
7877
7988
8057
7797
8155
7553
7694
7658
7509
7612
7529
7719
7471
7336
7533
7333
7521
7732
7393
7647
7546
7717
7659
7707
7624
7702
7521
7924
7439
7433
7935
7518
7562
9270
9132
8110
7947
7835
7997
7674
7739
8182
8186
8009
8123
7780
8473
9396
8017
8376
8158
8285
8456
8075
7551
8623
8476
8573
8266
8456
8323
8050
8423
8055
8200
7942
8316
8215
8113
7914
7972
7010
7561
7073
7661
7471
7383
7221
7421
7303
7491
7767
7496
7361
7170
7602
7518
8025
7480
8042
7707
7273
7241
7772
7383
7720
8191
8130
8022
8789
8060
8160
8486
8271
8674
8188
8661
8739
8780
8369
8080
8403
8090
8351
8755
9622
9010
8641
8090
8436
8506
8245
8471
8228
7722
7938
7601
7574
7972
8386
8115
8035
8207
8213
7959
7877
7834
8592
7962
8193
8524
8666
7624
8273
8616
8790
8248
8238
8217
8308
8248
8619
8137
7862
8303
8498
8551
8370
8631
7614
8476
8401
8193
8173
8258
8331
7885
7822
7692
8163
7940
7744
7619
7819
7919
8213
10230
8195
8636
9250
8015
8285
8328
8489
8659
8065
8433
8597
8035
8160
8220
30142
9458
9198
9295
8847
8677
8734
9145
8875
8348
8887
8135
8887
8992
8513
8302
8396
8373
8809
8927
8578
8732
9034
9296
8819
8601
9353
8193
8687
8682
8631
8734
8060
8336
8741
8827
8378
8411
8744
8594
8797
8957
8598
8386
8476
8925
8175
8752
8844
8519
8817
8637
8706
8606
8393
9441
8760
9137
8300
8310
9361
9162
8749
8725
8678
8594
8444
9052
8343
8766
8599
8613
8663
8210
8426
9557
9759
8712
8609
8228
8826
8917
8003
8721
8516
8453
8245
9639
7995
8586
8741
8542
9013
8774
8932
8461
8338
7872
8252
9404
8639
8351
8892
8707
7865
8857
8554
8509
8725
8739
8300
8621
8894
8380
8734
8494
8666
8310
8514
8369
8494
9005
9551
8589
8150
8795
8636
8627
9078
9163
8909
8436
8270
8065
8686
7932
8127
8218
8275
8483
8624
8345
8125
9295
8494
8644
9004
8910
8416
8904
8034
8473
8323
8765
8498
8737
8654
8967
9293
9059
8850
8959
8338
8336
9250
8719
8862
9225
8651
8614
8704
9320
8514
9386
8374
8511
8759
8777
8637
8847
8932
8288
8975
8428
8479
9983
9647
9145
8995
8739
9181
8378
8584
8819
8166
8474
9334
8561
8712
8549
8734
8704
8541
8842
8786
8361
8892
8977
8388
8627
8401
8854
8582
8110
8592
8714
8416
8812
8501
8562
8892
8449
8383
8556
8486
8393
8471
8345
8110
8607
8506
8445
8318
8742
8669
8662
8414
8381
9256
8816
8664
9424
8681
8751
8591
8744
8430
8343
8371
8702
9496
9148
9102
8368
8243
8882
8611
8722
8714
8613
9343
8511
8562
8330
8446
9009
8509
8516
8241
8977
8710
8656
9579
8727
8666
20245
7968
7481
7553
7779
9045
8572
30797
49543
8248
7844
7854
7910
8355
8551
8092
7937
8451
9068
9075
8795
7962
8180
8268
9968
8907
9096
9692
8924
8458
9927
8739
9496
9742
8880
10020
9451
10185
9396
8606
10010
9048
7957
8824
10932
11263
7211
8107
7579
7414
7596
7746
7619
7957
7859
8047
7514
7498
7579
7805
7692
7604
7853
7915
7902
7740
7862
7776
7677
7895
7436
7862
8005
7606
7987
7659
7822
7908
7704
7517
8140
7301
7476
7493
8073
8055
7699
7343
8305
8674
8576
7870
8594
7957
8351
8454
9125
8198
8072
8576
8383
8764
8045
7940
7905
7584
7847
8025
7732
7895
7549
7664
7880
8080
7859
7619
7910
7518
7603
7857
7757
7770
7631
7982
8088
7458
8057
7659
7521
7431
7687
7569
7747
7604
7694
7895
7824
7869
7772
7754
7453
7521
7428
7508
7539
7411
7829
7965
8210
7577
7489
7451
7464
7354
7499
7499
7549
7667
7760
7446
7661
8443
8711
8543
8180
9398
7571
7611
7850
7845
7847
7601
7554
7804
7950
7511
7636
7528
7341
7639
7687
7586
7952
7827
7716
7623
8160
7721
7704
7393
7674
7766
7716
7593
7780
7702
7804
7852
7373
7233
7591
7478
7444
7483
7338
7496
7494
7594
7667
7732
7463
7564
7964
7469
7790
7503
7541
7994
7433
7888
7787
7634
7887
7789
7569
7839
7313
7752
7423
7870
7696
7569
7391
7435
7747
7759
7498
7934
7684
7396
7574
7561
7799
7303
7416
7446
7471
7340
7684
7594
7694
7496
7521
7400
7504
7531
7589
7378
7474
7757
7406
7639
7403
7338
7270
7281
7433
7473
7326
7486
7719
7721
7303
7692
7491
7040
8082
7672
7567
7516
7664
7784
7642
7553
7729
7646
7514
7461
7634
7606
7538
7431
7765
7503
7042
7421
7459
7589
7598
7333
7576
7461
7504
7699
7583
7313
7501
7301
7463
7659
7691
7549
7418
7884
7574
7626
7604
7687
7629
7529
7604
7461
7561
7542
7255
7669
7574
7714
7752
7411
7975
7400
7401
7599
7606
7235
7806
7709
7406
7734
7677
7586
7862
7476
7531
7632
9048
7629
7641
7476
7557
7777
7496
7677
7596
7909
7629
7626
7739
7772
7727
7634
7684
7465
7687
7619
7879
7903
7677
7927
7860
8065
7559
7854
7817
7834
7586
8010
7870
7972
7541
7791
7867
7629
7779
7751
7761
7714
8398
7807
7830
7380
7431
7509
7860
7556
7794
7810
7641
7762
7559
7666
7870
7644
7784
7945
7056
7691
7987
7534
7756
7608
7870
7807
8120
8025
8030
7955
7892
7831
7972
7970
7661
7832
7719
8253
7649
7950
8313
7659
7884
8105
7133
7000
7185
7037
7055
6821
7265
6992
7191
7190
6872
7008
7172
7333
7208
7236
6963
7097
7213
7192
7012
7206
7183
7251
7290
7023
7267
7178
7213
7203
7058
7052
7351
6907
7188
7208
7253
7203
7363
8088
7484
8476
8471
8676
8338
7176
8391
8042
7210
7902
7055
7409
7303
7030
7172
7443
7130
7028
7263
7453
7426
7210
7281
7461
7922
7902
7834
9947
11657
8614
9654
9323
10466
10395
7657
7729
7716
7233
7451
7496
7626
7371
7466
7315
7566
8233
7822
7343
7767
7982
7864
7777
7872
7584
7997
7679
7679
7817
7384
7832
7656
7889
7804
8035
8010
7722
7865
7677
7977
7619
7599
8122
9902
7398
8764
10569
8686
9856
11037
9514
10283
9835
10045
9424
8917
9837
9990
10206
10611
8295
10067
10280
25190
10301
10358
9949
9824
9187
10393
10310
10569
10459
10333
9140
10815
10037
10541
10786
10604
10376
11361
8290
7920
8255
7756
7804
8052
7712
7882
8266
7957
8040
7446
8496
8152
7564
7900
7925
7874
7777
7975
7787
8142
7751
7995
7646
8044
8158
7754
8045
7982
7970
8070
7985
8085
7741
9381
10849
9135
10423
8188
9887
8190
8072
7859
7671
7837
8140
7651
8588
8193
8065
7982
8017
7606
7894
8090
8122
8160
8240
7967
8215
8007
7691
8050
8007
8130
7985
8027
7902
7913
8376
8218
7880
7873
8225
8065
7930
8165
8027
8162
7932
8080
7832
7975
8113
7975
7881
7925
7656
8082
7802
8085
34460
8160
7624
7331
7890
7704
8333
7345
7947
8010
8030
8761
8313
9000
9133
9105
8566
8998
8606
8709
8529
9318
8418
7781
7654
7704
8073
8088
8243
8004
8416
8371
8010
8055
8153
8722
10070
8145
8369
8384
8937
8822
8137
8777
9221
8837
8646
9273
8764
8879
8608
9232
9241
8752
9060
9604
8947
8806
8807
9039
8761
8817
8696
9085
8771
8183
8854
8934
8734
9338
9330
9711
8309
8440
8448
8172
8220
8441
8067
8965
8684
8597
8604
8318
8175
8523
8749
8253
9376
8710
8578
8628
8374
8750
8574
8534
8737
8779
8558
8330
9559
8085
8080
8779
9441
8488
8110
7313
8568
8150
8536
9507
8334
8534
8632
8659
8278
9388
11155
8591
8509
8594
8897
8772
9130
8426
8970
8441
8724
9038
8709
8295
8280
8769
8198
9298
8759
8614
8456
8797
8834
8153
8389
8606
8538
8827
8822
9444
8123
8340
8817
9095
8396
9090
8890
8644
9094
8672
8082
8995
8826
7935
8865
8128
8173
8030
8441
8731
8220
9018
8959
8722
8634
8769
8496
8404
8430
8714
8484
9118
8643
8465
8293
9361
8649
8807
8604
8846
8306
8491
8887
8859
8013
8336
7940
8488
8150
8305
8969
8521
8880
8674
8380
8614
7937
8456
9043
8782
8894
8533
8045
8869
8749
8649
8288
8741
8481
8464
8277
8930
9178
9057
9830
8709
8662
8579
8463
8404
8539
8521
8491
8421
8374
9118
8952
8633
8836
8571
8262
8155
8591
8867
8451
8368
8067
8143
8198
8233
8350
8123
8581
8511
8466
8845
9080
8558
8474
8578
8860
8599
8424
8353
8200
8275
9135
8542
8689
8766
9686
8431
8862
8318
8714
8957
8757
8473
8448
8298
8463
8316
8544
8637
9050
8446
8764
9812
8820
8541
8892
8733
8905
8729
8669
8874
8706
8471
8494
8469
8978
8709
8637
8416
32937
8809
8922
8835
8962
8736
8546
8424
8930
9173
8844
8588
8439
8681
8639
8902
8999
8985
8824
7557
8298
8469
8824
8556
8280
8421
8812
8190
8715
8632
8742
8614
8281
8785
8373
8521
8421
8383
8255
8879
9010
8934
8516
8606
8717
9178
8897
8706
8167
8147
8439
8353
9082
8684
8822
8276
8506
8691
8576
8741
8722
8729
9320
8637
8663
8468
8466
8774
8037
8450
8770
8248
8629
8870
8714
8283
10509
7230
7651
8151
7604
7283
7436
7390
7820
7775
7431
7273
7291
7454
7463
7534
7679
7702
7403
7847
7336
7701
7519
7681
7609
7791
7513
7604
7536
7303
7591
7521
7338
7486
7742
7207
7187
7421
7686
7764
7774
7727
7606
7351
7511
7380
7521
7353
7363
7326
7676
7529
7384
7191
7128
7664
7488
7576
7652
7311
7596
7766
7433
7624
7564
8033
21398
8118
7781
7934
7819
7794
7982
7757
7549
7621
7734
7784
7586
8328
8087
7721
8141
8273
8255
8606
8516
8399
8218
8578
8255
7995
7734
7519
7895
8576
8571
8521
8654
8451
8291
8320
7644
7283
8398
8404
8528
8067
8634
8403
7120
8834
8245
7175
8619
8245
8553
8483
8275
8087
8055
7985
8278
8511
7714
8193
8899
8493
8341
8423
8321
7852
7910
7764
8283
8220
8258
7972
7727
8013
8255
8175
8085
8927
8751
8594
8343
8491
9253
8621
8607
8053
7977
8201
8028
8361
8231
8674
8644
8770
8353
8446
8020
7849
8195
8133
8043
8280
8859
8564
8436
8441
8105
8601
8596
8313
8995
9614
8097
8496
8235
8418
7942
9010
8456
9231
9065
8232
9060
7972
8762
8832
8303
7852
8068
7995
7917
8117
8371
7824
8163
8483
8067
8037
8268
8549
8080
8436
8511
8330
8404
8270
8498
8360
8271
8521
8398
8255
8496
8363
8353
8181
7997
8197
7992
7895
7892
8569
7952
8336
8062
8052
8318
7827
7952
8624
8449
9025
8276
8188
8619
8010
8473
11100
7837
7784
7920
7811
7355
7749
7924
7659
7839
8048
7644
7999
7744
7569
7669
7761
7484
7676
7924
7777
7609
7821
7892
7834
7588
7851
7714
7639
7900
7456
7551
7611
7305
7644
7674
7588
7596
7752
7719
7709
7955
7824
7621
7649
7832
7662
7726
7561
7321
7596
7854
8098
8236
8008
7822
7689
7731
7801
7601
7794
7346
7754
7556
7543
7822
7809
7845
7852
7443
8216
10325
11425
10115
10393
9697
10123
10493
10596
10142
9421
10005
8203
8370
8306
8631
8198
8543
7566
12506
9498
9742
9067
9726
9413
7917
11815
8544
8213
7960
7994
7887
8120
8085
8103
58703
8960
8273
8454
8483
8105
8730
8378
8360
9278
8193
7997
8210
8742
9180
8063
8571
8143
7709
8062
9151
7847
8682
8183
8170
8561
8396
8368
8607
8000
8165
7855
8093
8629
8191
8020
8759
8539
7999
8416
8235
9531
8880
8291
9423
8320
8371
8767
8571
8190
8880
8421
8195
8639
7939
8905
9223
8518
8175
8794
7830
8369
8220
7932
7960
7684
8017
7764
7684
7611
8248
7755
7814
7913
7817
7673
7782
7436
7901
7734
7900
7987
8047
7907
7715
8014
7694
7589
7456
7805
7819
7739
7714
7867
7796
7525
7576
8744
7849
7920
8090
7682
7869
8233
8110
8090
7686
7827
7993
7596
7470
7875
7614
7842
7950
8138
7869
8165
8193
8249
9108
9060
8325
8232
8543
8268
9205
8356
8626
7835
7772
8255
7895
8005
7852
7927
7742
7895
8067
7782
7804
7990
8007
7792
7817
7609
8466
8228
8010
8526
8459
8353
8311
8042
8150
8534
8378
7910
8057
8275
7932
8340
8213
8361
8383
8213
10945
8375
8399
8872
8471
9887
8965
8023
8466
8765
8696
8110
7927
8336
8651
8346
9388
8361
9501
8075
9245
8608
8175
8454
12621
8466
8589
8163
8330
Duration mean is 8328.228571428572
Duration variance is 2.2436247921448544E7
