98413
10393
8165
9854
7356
7215
7085
7195
7664
7546
7676
8917
7987
7717
7396
7499
7275
8456
7847
8137
7822
7762
7880
7740
7586
8809
8426
7919
8080
8142
7992
7486
7503
7759
7696
7822
7633
7654
7729
8065
7699
7847
8034
7927
7962
7864
7767
7822
7824
7589
8205
7842
8210
8052
7844
7903
8323
8015
8045
8756
9516
8200
8103
7777
8004
8012
8042
8033
8040
8133
8255
8019
7901
7453
10441
8090
7717
7666
7756
7623
7601
7478
7910
7982
8060
7845
8075
7847
8015
8774
7875
7809
7992
7903
7834
7832
8015
7809
7744
8125
7847
7781
7884
7677
8035
7531
7807
7672
8030
8220
8221
8075
7990
8170
8248
8226
7815
8581
8166
8256
7875
7940
7634
8248
8371
7910
7850
8005
8208
7789
8138
8168
8231
8107
8629
8200
7960
8125
8100
7947
8055
8168
7957
7912
8188
7900
7842
8088
8128
8040
8413
8062
8060
7975
8132
8115
7965
8110
8057
8005
7979
8228
9228
8157
7984
7764
7852
7572
7835
7780
7827
8077
8133
7687
8168
8155
8042
7883
7687
7947
8258
7944
7750
7944
7711
8514
7969
7732
8208
8127
7629
7295
7413
7800
7521
8017
7438
7236
6964
7351
7123
8063
7268
7055
8969
7922
7421
7890
7756
8018
7095
7637
7641
7819
7769
7914
7877
7529
8205
8178
7935
8022
7990
7825
7784
7859
7664
7837
7393
7531
7679
7361
7591
7786
7732
7506
7589
7812
7849
7666
7741
7611
8085
7832
7686
7536
7684
7967
7709
7523
7779
8148
7559
7829
7694
7755
7714
7959
7891
8166
10932
7702
7817
8631
7809
7531
8669
8351
8361
7714
8083
8553
8010
7507
7877
7110
9504
9416
7942
7271
7513
7782
8348
7624
7619
7742
7822
7529
7677
7511
7712
7316
7471
7581
7409
7805
8090
7276
7611
7441
7596
7644
8589
7642
8261
7860
7856
7659
7170
7494
7741
7503
8266
7972
7837
7632
7771
7451
7043
7035
7930
7709
7691
7719
7581
8324
7604
7647
7608
7466
7338
7915
8082
7742
8148
7922
7865
7877
7963
8180
7824
8451
8182
8073
7789
7927
8163
8270
7940
7962
7869
7761
8290
7787
7827
7484
7649
7847
7579
7691
9376
7654
7563
16912
7752
7974
7604
7215
7499
7634
7681
7614
7466
7591
7205
7471
8666
7619
8558
8125
8160
8288
8000
8185
7900
7815
7987
8181
8328
7554
8090
8363
7987
8376
8217
9043
8251
8666
8355
8428
8246
7484
8421
8288
8223
8453
8278
8799
8233
8682
8699
8649
8684
8190
7639
7594
8110
7015
7524
7155
7889
7416
7280
7441
7438
7691
7912
7998
7398
7326
7586
7596
8040
8092
8308
7350
8012
7150
7716
7268
7777
8641
8193
8000
8192
8413
8125
8474
8163
8316
8122
8231
9483
9339
8172
8278
8281
8880
8386
8408
9133
8451
8536
8759
7917
8446
8100
7627
7444
7862
7689
7621
8155
8175
7917
7799
8308
7891
8468
7789
7904
7831
7840
7811
8428
8383
7874
7898
8150
8616
8250
7960
8087
8383
8386
8403
8147
8271
8243
8711
8633
8110
8410
8424
8240
8380
8293
8268
8103
8737
8441
7889
8168
8080
7907
7400
7564
7639
7854
8090
8464
9005
8019
8243
8185
8384
8225
8379
8671
8456
8240
8504
8691
7624
8365
8145
8005
8424
8787
8876
9032
9456
8483
8661
8697
7960
8413
8088
8443
8042
8318
8814
8394
8150
7727
8278
8150
8238
8017
8203
8388
8403
8336
8341
8358
8220
7887
8160
8277
8456
8456
7955
8240
8586
8544
8010
8484
7892
8225
8755
8641
8448
9127
7975
8196
8747
8869
8463
8498
7985
8266
8183
8651
8346
8561
8265
8513
8451
8190
8245
8572
8381
8406
8265
9340
8564
8867
8498
8581
8573
8471
8150
8225
8265
8087
9388
8456
7997
8470
7874
8317
8536
8451
9158
8939
8448
8318
8884
7599
7952
8308
8075
8238
8190
8421
8088
7842
7859
7699
8068
8674
8274
8273
8558
8393
7594
7669
8326
8015
8282
8596
8173
8133
8340
8305
8371
8122
8268
8153
8587
8659
7964
8082
8355
8503
8511
7897
8271
8533
8300
8170
8295
7897
8825
8065
8080
10120
7193
7163
7072
8511
7343
7348
7455
7305
7298
7860
8060
8478
8777
8443
7666
7747
7949
7827
7902
7682
8872
8310
9248
8231
8751
7436
7573
7331
7446
7266
7236
7383
7288
9048
7709
8055
8014
7621
7559
7779
7339
7519
7927
7366
7671
7681
7536
7597
7581
7727
7960
7614
7671
8090
8188
7511
7634
7973
7704
7707
7759
7785
7604
7822
7576
7872
7915
7837
7621
7764
7792
7689
7742
7594
7587
7985
7759
7829
7594
8711
7739
7842
7779
7691
7794
7717
7714
7473
7343
7591
7484
7639
7830
7668
7278
7531
7285
7534
7286
7649
7872
7446
7987
7476
7426
7965
7807
7599
7739
7624
7471
7388
7629
7558
7661
7353
7689
7699
7697
7561
7446
7689
7543
7614
7536
7777
7373
7937
7353
7490
7764
8112
7872
7825
8195
7954
7844
7779
7659
7757
7696
7491
7511
7474
7742
7541
7421
36979
10917
9737
10245
9230
9884
10075
7835
7441
7935
8166
7696
7992
7977
8461
8378
8150
8250
7672
8325
9376
10564
9679
8439
9343
10020
8348
8378
7877
8034
8008
7669
7814
8072
7860
8578
8163
8112
8128
8259
8075
7892
8290
8389
8516
8376
8436
8065
8008
8190
8238
8266
8122
8644
8411
8328
8403
8007
8002
7979
8448
8115
8100
8128
8521
8476
8639
8225
8310
7917
8330
8043
8694
8210
7987
8508
8797
8323
8010
8035
7827
8804
8253
8428
8413
8486
8434
8368
8233
8997
8656
8163
8561
8534
8361
8725
8569
8185
8273
7920
7847
7874
7744
8884
7827
7907
7974
7925
7796
7937
7968
8155
8118
7797
8025
7807
7912
7827
7933
8358
8054
8203
7972
8022
8118
8135
7895
7484
7895
7792
7649
8148
7804
7704
7852
7863
8180
7935
7980
7644
7812
7844
8042
8125
8321
7995
7877
8135
7997
8075
7834
8681
8245
8428
8526
8225
8228
8476
8323
8000
7694
8216
8155
8010
7929
8014
7937
8249
8276
8328
8717
8501
8306
8331
8201
8083
8333
7807
8418
9456
32983
8433
8446
7980
8215
8641
8435
8474
8789
8641
8125
7969
10807
8797
9082
7614
9303
7684
8449
8762
9075
8839
8774
8824
8446
10140
7915
8361
8065
8113
8085
7985
7807
8238
7829
8270
8073
8310
8077
7902
8105
7913
7900
8085
8285
8017
8285
7915
7955
8168
7965
7909
8055
8175
7591
8175
7634
8937
8589
8579
8578
7726
8689
8594
8378
8333
8659
8904
8592
8724
8622
8060
8023
8170
8045
8080
7987
8128
7995
8340
8589
7947
7990
8381
8085
7985
7989
8143
7970
8160
8230
8013
7792
7920
8245
20307
8549
7782
7774
7596
7985
7541
7677
48207
8358
7854
8198
7804
7939
7739
7802
8060
7782
7629
7797
7809
7689
8238
8588
8757
8501
8358
8805
8301
7579
8062
7784
7937
7945
7874
7676
7841
7651
7782
7488
7932
7975
7554
7664
7699
7740
7681
8799
7913
7641
7862
7702
7626
7887
7699
7819
7523
7777
7597
7546
7373
7669
7669
7726
7852
7553
7602
7719
7761
7456
7867
7647
7549
7712
7679
7403
7727
7528
7628
7561
7388
7273
7529
7805
7792
7624
7536
7501
7669
7757
7406
7624
7787
7664
7649
7915
7476
7752
7611
7644
7599
7343
7834
7639
7654
7438
7586
7754
7524
7704
7652
7430
7714
7429
7684
7491
7629
7819
7682
7602
7390
7820
7647
7468
7932
7554
7551
7621
7429
7684
7674
7766
7772
7797
7528
7726
7213
7727
7701
7466
7373
7654
7584
7514
7414
7691
7493
7448
7761
7576
7614
7496
7546
7572
7235
7611
7629
7666
7621
7373
7466
7592
7361
7551
7526
7990
7581
7737
7739
7649
7709
7534
7603
7483
7787
7233
7551
7830
55340
7835
7639
7631
7649
7684
7489
7576
7156
7288
7526
7316
7378
7634
7722
7667
7581
7434
7541
7794
7679
7428
7586
7356
7739
7797
7443
7386
6937
7634
7910
7634
7483
7804
7390
7489
7740
7697
7646
8055
7504
7529
7474
7519
7619
7541
7516
7607
7396
7734
7709
7451
7682
7541
7473
7227
7609
9508
7904
7484
7647
7907
8072
7727
7928
7781
8088
8014
8000
8070
7864
7932
8333
9606
8180
8644
8218
9288
9143
8419
8897
8458
8263
8373
8351
8461
8306
8516
8639
8772
8466
8594
8374
8364
8463
7947
7667
7970
8622
8263
8130
8576
8574
8712
8350
8802
9170
9143
8374
8434
8279
8581
8664
8488
8742
8907
9017
8784
8767
9316
8804
8381
8586
8744
8767
9085
8652
8684
8243
8654
9348
8556
8496
8729
7990
8842
8298
9145
8727
8639
8677
8406
8862
8449
8265
8428
8767
8534
8501
8697
8702
8496
8531
8350
8513
9110
8581
8318
8436
8434
8146
8504
8438
8761
8160
8193
8583
8474
8441
8346
8143
8651
8456
8376
8418
8737
8686
8616
8614
8258
8722
8682
8821
7862
8358
7792
8453
8378
8401
9348
7992
9062
8579
9270
9027
8511
8812
8055
8554
9012
8456
9063
8641
8571
8423
8010
8910
8298
8425
8093
9205
8358
8536
8725
8471
8486
8137
8162
9949
7652
7629
7963
7995
8216
8368
8882
8792
8734
8145
8642
8654
8441
9072
8679
8466
9017
8727
8667
9253
8997
8486
8825
8514
8346
8566
8293
7920
7917
8201
8228
8433
8358
8759
9323
8972
8368
8805
8816
8907
8564
9186
8591
8429
8955
8604
8807
8624
8980
8922
9123
8493
8752
9245
8847
8582
9160
9444
8797
8711
9000
9156
8706
8939
9208
8539
8558
8882
8180
8413
8597
8256
8781
8611
8647
8885
9018
8719
8418
8697
9563
8410
8172
8211
8371
8852
8266
8649
8712
8627
8568
8045
8348
7764
8468
8847
9646
8506
7486
8118
7939
9323
8855
8213
8260
8802
8260
8674
9902
8324
10273
9012
8617
8736
9057
8584
8393
9373
9142
8689
9689
8548
8697
8722
8478
8675
8842
8272
8840
8982
8810
8566
9085
8298
8456
8712
8536
8947
8882
8263
9549
10335
8741
9231
8466
8729
9411
9453
8518
9062
8872
7995
8456
9185
8448
8328
8503
8386
8732
8834
8714
8895
8371
8524
8504
8674
8414
21974
9093
8514
8140
8320
8596
8361
8666
8553
8609
8304
8353
8704
8448
7894
8378
8566
8694
8000
8779
8636
8476
8932
8117
8649
8586
8321
9288
8430
8760
8627
8278
8902
8720
8268
8150
8624
8441
8569
8594
8721
8616
8850
8940
8508
9075
8737
8850
8995
8105
8599
8696
8601
8293
10273
9549
8361
8756
8336
8378
8692
8962
9133
8311
8945
8548
8591
8581
8426
8083
8037
8631
8667
8897
8459
9201
8860
8606
9147
8726
8701
9143
8117
9110
8087
8970
8862
8814
8847
9431
8934
8338
8845
8846
8831
8744
8755
8423
8649
8546
8691
8649
8762
8110
8606
8819
8857
8885
8836
8895
8970
8665
8484
8470
8558
8852
9228
8403
8494
8361
8639
9009
9714
8561
9177
9429
8716
8541
8539
8972
8418
9290
8531
8478
8057
8411
7905
9005
9594
8429
7510
7827
8496
8394
8686
8792
8168
8120
8476
8564
9699
8607
8613
8576
7940
9175
8706
8736
8498
8318
8390
8543
9336
8759
8637
8722
9136
9082
8727
8232
8097
8425
8594
8651
8080
8403
8491
8726
8333
8426
8992
8323
9143
9391
8443
9371
8772
7316
12108
8375
7789
9785
9439
8716
7998
8599
8597
8601
8674
8178
8155
11791
9401
9393
10356
12028
7529
7454
7697
7022
7416
7521
7330
8175
7553
7105
7627
7509
7724
7731
7759
7491
7676
7551
7503
7772
7581
7524
9022
7999
7572
7634
7669
7456
7396
7443
7418
7762
7451
7626
7639
7598
7631
7651
7624
7468
7478
7218
7068
7544
7656
7471
7399
7516
7061
7223
7631
7592
7662
7473
7240
7626
7729
7587
7273
7290
7493
8035
7411
7290
7598
7647
7779
7727
7890
7786
7624
7394
7576
7862
7616
7396
7830
7957
33242
7617
7225
7456
7456
7606
7714
7822
7293
7286
8403
7122
7679
7707
7701
7238
7431
7682
7479
7040
7150
7331
7466
7398
7526
7258
7612
7459
7250
7310
7571
7494
7153
7421
7699
7255
7438
7288
7601
7731
7581
7847
8040
8035
7819
7894
7999
7797
7855
7885
7661
7641
7844
7912
7822
7994
7820
7784
7672
7909
7794
7684
7137
7253
7115
6979
7158
7125
7153
7040
7030
7087
7165
7088
7308
7146
7013
6997
7058
7058
7180
7065
6914
7197
7015
6928
7118
6977
7152
7140
7125
7143
7049
7042
7201
7035
7042
7145
7127
7255
7225
7125
7083
7373
8018
7942
9346
8243
7458
8077
8681
7398
7504
8371
7752
8163
7096
8057
7118
7047
7263
7125
7320
7240
7100
7903
7428
7564
7531
7682
7717
7932
7538
8995
10471
10025
10606
10303
8737
9383
10190
9592
9736
8772
9170
9127
10621
7875
7639
7481
7420
7446
7351
7431
7363
7373
7013
7163
7153
7278
7215
7568
7551
7323
7478
7371
8055
7391
7671
7817
7163
7747
7614
7674
7815
7669
7504
7882
7549
7374
7875
8444
7789
7915
7659
7659
7904
7544
8070
7810
7684
8275
11311
7075
9890
10137
8269
9874
10682
10534
10208
8619
10366
10887
10108
10010
10546
11060
10757
10621
8937
11140
9989
10671
10257
9153
10609
9890
10419
10092
8895
10707
10449
9912
11601
8887
10696
10716
9889
10521
9584
10275
10098
9225
9964
8929
9541
7760
8077
8240
7967
7857
7970
8243
8054
8037
8403
8461
8338
7998
7988
7820
8050
8291
7967
8100
7922
8235
7942
7857
7975
8283
7727
8168
8025
7900
7860
7897
8210
8290
7945
27019
10855
11331
10815
9837
9802
8932
8428
8241
9200
7915
8228
8240
8361
8125
8060
11922
8506
7974
8023
8463
8208
7842
8017
8043
7975
7995
8070
8055
8182
7869
7814
7762
8047
8430
8210
8002
8035
9090
8025
8256
8095
8160
8296
8040
7679
8370
7902
8273
8025
8250
8020
7719
7960
7894
7792
31660
8072
7953
8057
8090
7794
7907
8050
8276
7902
8055
8040
8092
8033
7637
7599
8197
8033
7852
7446
7995
8709
8298
8177
7955
7709
7975
7779
7907
7731
8293
8025
7884
8062
8072
8048
8102
7796
7880
7870
7879
7867
7782
8075
7914
8102
8318
8100
7872
8075
7699
7751
8018
7787
8055
7551
7910
7810
7701
7709
8586
9153
9285
9346
9535
9165
9445
9238
9511
9674
7849
7975
8248
8090
7879
8882
7744
9504
8855
9897
9494
9328
9012
8020
8436
7970
8142
7919
7857
7742
8065
7967
7977
8150
8200
7990
8017
7917
7877
8130
7985
8158
8246
7837
9150
8032
8488
8118
8548
8780
8217
8110
8677
8140
8100
8479
9035
8023
8002
8275
7842
8265
8188
8589
8516
8359
8982
8383
7676
8135
8155
8238
8211
9105
8156
8566
8361
8165
8050
9751
8679
7919
12220
8734
8158
8870
8005
8156
8787
8874
8278
8065
8150
8223
8488
8263
8574
8704
7930
7694
8068
8260
8085
7639
7982
7797
7787
7686
7656
8135
8068
8035
7764
8045
7987
8107
7504
7742
7717
8078
7616
8123
8962
8180
7872
7702
7864
7629
7935
7822
7699
7739
7602
8050
7774
7834
7799
7952
7847
7642
7892
8153
7990
8115
7877
7468
8093
8085
7847
8691
7919
7744
7626
8080
8075
7930
7629
8010
8265
8113
8278
8689
8910
8115
8195
8486
58773
8443
8341
7879
8015
7844
8155
7739
8049
8029
8017
7899
8306
8260
7744
8193
8383
8020
8291
8308
8588
8448
7945
8619
8268
8493
8341
7978
7877
8023
7922
8311
7719
8494
8073
8279
12330
8400
9013
8814
8212
8406
8296
8415
7786
8548
8328
8867
8860
8127
7824
7737
8062
8706
8383
8890
8115
7726
7857
8143
8283
8486
10192
8810
8654
7953
9078
7997
8331
7639
9586
8228
8481
8195
8095
8433
7732
8443
7897
7741
7950
8060
9070
8060
7934
8133
8321
8321
8251
7892
8075
7721
28939
7469
7789
7872
7782
8005
8358
8523
8037
9393
8493
8343
7919
8644
7970
8043
7769
7909
8103
8193
8045
8185
8591
8401
8704
8288
8521
8616
8701
7737
8055
8123
9133
8173
8324
8050
8156
8641
7767
7583
8576
7865
7526
8514
8075
8398
8661
8225
7624
7842
7937
7521
7378
8281
8172
7967
7897
8030
7830
8596
8133
8797
8170
8158
7870
9281
8275
8433
8381
8245
7980
7491
7499
7130
7568
7757
7617
8192
7947
8348
8511
8686
8589
7892
8962
8418
8361
8308
8378
7995
8090
8416
8140
8378
8291
8152
9173
7882
8175
8796
7988
8568
8734
Duration mean is 8315.723933209647
Duration variance is 2.240256043702924E7
