768247
26247
25372
24068
24072
24373
24859
25731
25413
25102
24297
25856
25170
25440
24257
24443
24618
26445
25568
25543
24791
25829
25468
26079
56219
24503
28263
24684
26375
28834
27518
28132
27919
26162
25601
25571
24925
25709
25085
25947
26427
25681
25235
24210
25523
25566
26292
26297
27014
26518
25428
24924
25345
25305
24809
25375
25445
24967
25556
24751
23230
23204
23683
24365
24270
24140
24039
24794
25543
25889
25916
26325
24318
24879
24754
24230
24370
24022
24265
24199
24177
23791
24440
23861
23982
23869
23964
23575
23689
24142
24331
24144
23909
24295
23668
24686
23505
23616
23919
23864
23892
23944
23583
23438
23628
23548
24328
24332
24168
23924
23703
24004
24155
23854
23611
23270
23659
23959
24020
23480
23478
23849
23190
23909
23664
23932
24237
23849
23797
23794
24082
23967
23902
23293
24159
23375
23550
23312
23661
23305
23034
23789
22930
23761
23328
23756
23505
23556
23498
23808
23340
23847
23726
23082
22987
23027
23264
23546
23961
23704
23112
23633
24240
24162
24142
24085
24107
24751
24671
24490
24097
24270
24203
24293
24102
24967
24982
24894
24330
24436
24701
24641
24377
23270
23260
23673
22749
22546
22390
23345
24014
25105
24233
23531
23425
24842
23731
23977
24010
23952
23163
24085
24238
23967
24207
23791
23708
24553
24979
25152
25397
26152
26247
25736
25876
25784
23773
23819
24115
24358
24297
25182
24485
24596
24843
24456
25651
25099
25016
24944
24049
24746
25210
25165
25378
24940
24616
25713
24939
25051
24310
25009
24817
25042
25067
24889
24990
24900
24809
25027
24804
25077
25120
25516
24756
24942
25338
25270
24992
25463
25320
25242
25100
25209
23239
24022
23751
23097
22819
22987
25110
25490
23914
23606
24065
24035
24020
24039
24120
23906
23904
23724
24145
24228
24346
23844
23791
25255
24802
23689
24157
24631
24979
24024
24609
25222
25062
24752
25022
24199
25561
24353
25007
24701
24894
24383
24448
24799
25030
24925
23867
24195
25014
23638
23653
25102
25561
25302
23531
24658
24659
24470
25130
25232
25019
24754
25340
25037
24744
24498
24681
24897
25781
25290
24686
25055
26686
26130
26789
25919
24663
26072
25453
25568
25312
26037
25541
25493
25819
25681
25754
23634
23210
24408
23162
24117
24583
23242
23852
23706
24461
24822
24015
24012
24546
24759
25656
25729
24980
25623
25944
24152
23258
24112
24851
25555
25190
25746
26212
24623
24363
24045
24102
24455
23972
24025
24130
24420
25345
25415
25975
24177
23546
23994
24355
25417
24468
24848
24673
24140
24189
24834
24020
24879
24771
24408
24568
23483
23965
23794
24583
25190
25082
25325
24834
25583
24390
24077
24669
24703
24919
24693
25107
23235
24889
23947
24606
24654
24140
24435
24418
23889
24664
24486
25220
24981
23982
24120
23749
23713
23696
23857
23418
24411
23413
22556
22608
22558
22824
22728
22300
22696
22703
23784
22901
22699
22691
22839
23147
23080
23044
22793
23222
22914
22709
22549
22834
22852
22826
23530
24882
27420
29027
29433
27601
28237
24593
22526
22486
22396
22621
22868
23237
23468
24154
23563
23822
23616
23824
23533
23666
24017
23909
28395
28375
28987
27962
29002
28874
27616
29024
28387
27861
28328
28147
28407
29217
28418
29097
27132
24604
24731
24222
25147
24604
23942
24463
24368
24360
25393
24633
24834
25579
30383
30911
27175
25713
24476
25500
24373
24312
24543
25074
24746
24117
24731
24786
24796
24593
24212
24656
24175
23824
24120
24490
24533
24618
24079
24525
24423
24751
24368
24283
24009
24031
24533
24556
23956
24267
25701
24761
24551
24120
24292
23804
30220
29691
31025
26811
24481
49518
30140
28500
26257
25227
24964
25866
26019
26119
26473
24994
25383
26182
25889
25513
25538
26137
26290
25821
26150
26358
24737
25287
23642
24004
23428
23768
24974
24732
23932
24025
23796
25553
24185
24796
23967
23874
23433
22844
25284
23506
23802
24165
24376
24315
24381
23713
25102
24836
23989
25335
23813
24826
26295
24619
25626
26138
25749
26020
26428
25979
26362
26318
26335
25168
25022
23433
25258
25686
24167
24899
25691
25425
25410
25568
25515
26014
25295
25761
25809
25260
24523
25155
24170
26081
25338
25544
26310
26132
77727
28548
28556
26756
26673
27051
25699
25962
26814
26576
26500
26563
26155
26799
26802
26626
26568
26290
26124
26929
27044
27881
26932
26754
26851
26882
27062
26754
26706
25824
27346
26824
26691
25548
26834
27004
25124
27042
54389
25219
26402
26200
27021
27152
27245
26518
26939
26290
26631
26901
26651
25358
26769
26761
27568
27718
26917
26513
26513
26879
26555
27122
26100
26768
26658
26994
27588
27393
27115
27252
25857
27488
26904
26804
27142
26644
27220
27423
26939
27232
27365
26398
26746
26295
26080
26370
25867
26496
26104
26623
26298
26897
26887
27110
26353
27150
26065
26818
27435
27590
26631
25771
26928
27526
25688
24754
25263
27342
27208
27405
27382
26922
27616
26661
25907
26037
26084
25601
27485
27937
27746
27807
28016
28049
27568
27576
27214
27734
27481
27222
26313
26540
26553
26821
26631
26654
26977
26997
26799
26027
27581
26160
26455
26766
27185
29227
26225
26814
26748
27392
26493
26125
26729
26909
26594
26288
27991
25793
26450
26699
26834
27052
7522243
36305
28458
28761
29039
27080
27603
28137
28245
28265
28428
27788
28849
27912
27385
43553
28451
28425
27203
27345
28774
27749
29174
28037
27516
27355
28333
28828
28057
28886
27550
27551
28135
30020
28488
28105
27807
27461
27122
28092
28551
27646
27611
27639
29157
28566
28843
28924
28984
28408
27501
29052
27530
27673
27817
27285
27761
28037
28669
26741
27320
29546
27686
28086
28841
28693
27792
28972
27620
28759
28047
28225
27177
26854
27138
26804
28959
26889
27523
29789
28874
27097
28746
28047
28112
28630
27305
27413
28157
28034
27530
27386
28145
27744
27766
28821
26872
29520
28453
27397
27380
27629
28233
28560
28057
27684
27498
27836
28510
27821
28839
27846
27939
28373
28468
29127
28972
29120
27779
28332
27721
27939
29244
29516
27956
28462
28245
27718
28054
27824
27428
27343
28949
27343
29734
28806
27290
27521
28362
28558
28441
29618
27801
26862
28102
28684
28653
27398
27351
28997
28653
28076
29105
28500
27010
27460
28957
28786
28513
29004
28666
27260
27886
26849
24586
24952
25666
25767
25689
29327
28536
24794
23969
23603
24210
23839
24390
24481
24352
24519
24629
24413
24513
24752
24155
24175
25270
28904
30205
29134
30235
28959
29534
30352
28368
29658
28611
30262
28484
29809
29611
30037
25544
24877
25358
25465
25686
25024
25332
25017
25032
25995
25540
25175
27037
32741
28145
24248
25022
28275
25032
26112
25100
25600
25443
25398
25518
25591
25713
25538
25122
24753
24744
25015
25473
25305
25272
25205
24967
25137
25528
24982
25094
24648
25515
25594
25300
25353
25636
25994
25318
25694
25040
25017
25340
28914
26603
25789
26027
26569
55089
29159
26966
26370
26508
26779
26591
26696
27137
27197
26899
26651
27571
27370
28348
27523
26483
26510
41482
25734
25327
24858
25330
25243
25377
25248
26493
25169
24771
25726
25285
25631
25520
25453
25941
25401
25458
31944
29262
29643
27656
30927
29165
27361
31270
31358
28824
31418
28688
28543
27982
28899
33302
31633
32465
28954
30927
31253
28420
31725
25425
24272
25558
26631
25718
25483
26042
25994
25549
27067
25628
26164
26431
25716
25746
25714
27295
27140
26056
27853
27828
24083
24335
24105
24584
24172
24423
24814
24663
25884
24626
24689
24333
25047
27969
29686
29102
29316
29796
29583
30574
28866
29322
29340
29398
29253
29258
30964
29631
29989
28838
29488
27643
25558
25087
25030
25415
25042
25237
25471
25262
25012
25217
25142
52921
25009
24167
24129
24832
25312
26127
26287
26548
26082
23982
26932
25024
25580
23987
25383
25157
25726
26257
25192
26218
27115
26456
25832
26701
26471
25463
27210
25679
26132
26734
26771
27110
26135
26693
26634
26964
26287
27245
26470
26924
26580
26585
26957
26566
26673
26628
26335
26834
27664
27458
26539
26022
26781
26970
27213
27458
26638
27119
26112
25877
26814
26798
27210
26872
26215
26154
25655
27250
25149
26511
26686
26210
26807
28092
27080
26452
26779
27568
27372
26091
26931
27533
26811
27039
28370
26540
26224
27004
27052
25994
24456
23526
25009
24478
24355
24961
24892
25185
25257
25039
25230
25877
24006
25877
25150
24912
24375
24947
24669
25019
25230
25255
25182
26157
25756
25059
24847
24877
25458
26080
25851
26826
25939
25534
26149
27177
25190
25548
50623
25715
25270
25696
26022
25180
25738
25746
26249
25543
25581
26273
25127
25117
27330
26358
26393
26408
26199
25704
26190
27047
25483
24865
26345
26699
27707
27062
26618
26866
27303
26598
26716
25631
26150
25906
25212
27144
26981
26638
26886
26716
26172
25618
25643
25836
26320
25443
26821
26701
26000
27017
26947
27032
27137
26536
26804
26853
26789
26863
27114
29635
24358
24152
24814
24578
24456
24844
24648
25396
26566
28262
29507
29899
30573
29069
29613
28929
31344
26320
25814
25576
25212
25413
25623
25616
30619
27508
24879
24909
24629
24890
25050
25065
24960
25097
24172
24896
24794
25057
24942
25253
24711
25019
24686
24628
24854
29157
29130
27779
28668
26644
26104
26764
25733
25919
26571
26180
26786
27248
26997
26809
26395
26257
25420
26077
25701
25282
25177
50181
26167
25608
26288
26391
26969
24018
24195
23741
27679
24897
24972
24422
24701
24576
24743
24581
24754
24951
24505
25129
24629
24854
24433
24734
24766
25195
24839
25057
24230
24671
24491
25205
24626
23979
26052
25142
24929
24573
24335
24563
25543
25871
24782
24902
25133
24573
26681
29182
29700
26070
26044
26877
27491
27323
28448
26924
27047
26674
27392
26915
26626
27045
27503
26711
26340
27117
29089
27776
26911
27288
26929
25641
24716
25069
25022
25283
25631
25651
26703
25019
24964
25050
25751
25092
25032
25385
26508
26217
24829
26252
27155
25042
25124
26378
26297
25919
25696
25538
25475
25152
25721
26350
26436
25693
27355
25272
26057
26626
26786
26358
26831
26425
26566
26957
26741
27330
26832
26377
27052
27015
27152
26746
26549
27478
26300
26659
27019
27094
26969
50813
27441
27052
27010
27222
26569
27451
27398
26488
26553
26804
27383
27320
27300
27327
26836
27528
27393
27024
26914
27568
27731
27505
26822
27826
27272
27656
27403
27475
26849
27626
27064
27305
27400
28190
28164
27749
26997
24113
24346
24154
24769
27277
26696
27253
25606
26064
25836
26654
26679
26385
26668
26423
26398
26471
26227
32084
26931
26656
27029
26628
26683
27014
26763
26219
26006
25969
26288
26385
25812
27633
26976
26751
26240
25817
25463
25691
25423
25258
25748
26421
26550
26901
27001
26445
27593
25834
26127
27470
27177
26761
27072
27130
27763
26816
26781
26863
26684
27300
26649
25433
25366
25340
25724
25431
26010
26160
25904
26205
26260
26924
25605
26052
25628
25674
25756
25939
25398
25503
25508
26894
25856
25189
26062
25200
25894
26232
44378
25984
24822
24147
24684
24548
24250
24441
25245
24924
24915
25681
26055
25560
24987
25746
26177
25907
25872
25726
25155
26298
25432
24160
25423
25195
25335
25819
25816
25638
25037
25802
24879
24606
25062
25227
24871
25258
24493
24966
24907
25393
24927
25310
26428
25588
27606
26887
24949
23866
24302
24147
24575
24193
24511
24583
24574
23894
24581
24515
24694
24079
24255
24182
23631
23392
23465
23596
23611
24017
24095
23633
24965
26232
29954
25724
24503
24079
25819
25049
24616
24410
24510
30300
28478
29688
29388
29997
29969
29882
29553
28793
27370
25535
25867
25228
25606
25397
25922
29207
25641
28054
25578
24887
25110
24771
25345
25358
25317
25335
25145
25145
24969
24799
25097
25391
24654
25117
25180
24440
24930
27523
26386
26683
26162
26039
26282
26620
26428
26799
26769
26452
25869
26446
50898
26207
25674
25493
25275
24724
25826
25716
25874
25659
25681
25165
25565
30317
25811
25466
26170
25706
25837
25694
25549
25849
26613
25681
25729
26022
26430
25114
26716
26338
25074
25481
26596
25812
26083
25874
26047
25846
25483
25614
25683
25302
25501
25325
25977
25686
27884
27095
26029
26082
26586
25921
25829
25804
26553
24979
26375
25044
25280
26312
27869
24683
24663
24408
24608
24175
24423
24077
27240
30558
28734
29949
29087
29816
25824
25884
26054
25315
25749
25728
27383
27149
28009
26160
25257
25044
24959
24897
25050
25378
26273
25225
25007
24967
25573
24866
24919
25468
25087
24924
24989
25014
24563
25060
26403
25919
26047
26390
26258
27092
26310
27132
26739
26712
26716
26145
25696
25410
25380
25310
25134
25581
25696
26466
26020
25699
26746
26430
25641
25052
45488
27295
25802
24355
24576
24889
24681
24661
24814
24656
28907
30315
28974
28981
29433
253284
49542
24503
24643
24734
24813
25515
24721
24546
24892
25117
24518
24676
24889
24987
24362
24801
24914
25188
25034
24693
25729
26064
26254
25851
26047
26215
25977
26300
26044
26493
26744
25509
25440
25360
24656
25112
25095
24819
24624
25716
25799
26077
25595
25596
25892
26157
26014
27155
25237
27177
25934
25625
25531
26451
26125
26290
26240
25253
25909
26583
26954
27748
25451
26342
25914
25849
27244
26603
27450
26466
25822
27410
25816
26586
26390
26411
27057
26982
26829
27762
26889
26421
26774
26844
26804
27227
26812
27278
26812
26426
26696
26949
26215
26904
26515
26616
26445
26282
26751
26538
27050
26954
26731
26558
26872
27055
51169
26767
26300
26200
25540
25756
26172
26159
26064
26112
26674
26165
26824
26462
26661
26491
26784
27531
26704
26383
26182
25737
26273
26011
25859
25710
26980
26070
26784
25982
26219
26212
26032
26022
26809
26381
27453
26789
25696
25573
25390
24969
26333
26515
26653
26781
26468
26591
26159
26011
26616
26280
26328
25789
24776
24089
24490
24563
24531
24170
24183
23806
25207
30466
28533
29493
29603
28691
30249
28661
29661
28277
27032
25887
25663
25202
25150
25245
25268
25521
28157
24570
26468
25124
24924
25165
25232
25213
25002
25090
24671
25192
25059
24961
24849
24924
24676
24901
24789
25322
25563
25012
25210
25826
25591
25583
25706
26207
26347
26638
25503
26488
25984
26559
26117
25769
25212
25190
24734
24955
24919
24436
25621
26111
25648
25854
25240
25012
24867
25007
24942
45843
22779
24441
25425
24904
24935
25067
23663
24779
26150
25541
24890
24694
25275
25180
25804
25981
25886
25784
25559
24520
25009
25287
25283
25245
25303
25342
25804
26164
25375
25027
25263
25144
24794
24676
25089
25500
25473
25323
24814
24989
25763
25531
26084
26267
27102
26829
27568
23884
23473
23093
23934
23085
23684
23979
24162
24338
24215
25551
24430
24496
26223
29871
28816
29738
28897
29295
29545
29676
30200
28751
29812
28766
29092
28561
30124
29896
30751
29646
27227
24841
24752
24503
25561
24919
24866
25386
24894
25177
25541
25438
25215
27999
27874
24782
24713
28927
24883
25543
24588
24929
24971
24476
25258
24934
25137
24734
24686
24526
24571
25095
24631
24909
24768
24761
24528
24752
24488
24538
24576
24862
24807
24606
24195
24330
25533
25323
24759
24668
24693
24664
56420
28964
26801
25753
25925
26034
26906
27608
27982
27548
25823
25906
26559
26007
25841
26107
26977
25940
26974
26413
27090
26581
27143
26731
27740
26249
27207
25849
25127
25471
24781
24999
25197
25679
26511
24932
24506
25441
25366
25378
24819
25270
26045
25769
25338
24768
25446
25383
24962
24819
25190
25328
24709
25172
24768
25744
25122
25849
25341
25355
25543
26027
26355
24721
25540
26055
25342
25505
25097
26313
26390
27342
25190
25786
25187
25756
25365
24766
25277
25438
25413
25746
25922
26024
26666
26215
25789
24691
24423
24100
24321
24153
24155
24609
24057
24508
24142
24318
29210
29287
27904
29997
27949
29916
29190
29222
29426
27791
29430
28516
28995
29065
27891
29445
29458
26540
25641
24771
24275
25378
24907
25112
25335
25323
25342
24984
25421
26708
29368
56630
31168
25345
24403
26059
25060
25042
25030
24757
24574
24711
25814
25302
25323
24696
24290
24837
24732
24641
25072
24723
24280
24208
24621
24599
25097
24649
24867
24827
24471
24595
24884
25167
25224
24836
24784
24879
24756
30234
28159
26561
25849
25500
27072
27666
26250
26290
26357
26605
26190
26355
26298
26784
26438
26007
27381
26691
26819
26909
26295
26335
27666
25125
25034
24987
24929
25217
25308
25418
26165
24746
24926
24571
25293
24945
25581
25799
25811
24644
25696
24761
25420
25005
25114
24734
25194
24972
24390
24907
25513
25298
26057
25245
25916
26145
25630
25433
25989
25318
25463
25453
25318
25087
48986
25737
25297
24774
25757
25852
25979
26280
25134
33350
28673
27333
27095
32345
28693
32239
80133
30748
26821
27039
25621
26871
26408
27448
26164
26623
47222
26491
29877
28456
25944
27518
26929
26203
27302
25598
25423
25242
25849
25358
25458
27270
26019
26847
25307
26901
26107
25876
25867
26125
26648
26731
25929
27052
26939
26340
25493
25413
25812
26335
24796
25701
25942
26365
25847
26152
25907
25365
25513
26631
26758
24430
23696
24117
23393
23844
24019
24318
24391
24285
24219
24473
23967
24072
24298
23977
25528
29082
29385
28599
28884
28142
29523
29207
29230
Actual mean is 29294.681261595546
Actual variance is 145165.28407305517
