797648
26896
24697
24280
23869
24824
24571
23831
24516
24405
24811
25317
24205
24002
23961
23832
24315
24568
23941
24047
23847
24410
24145
24190
23466
23661
25515
24791
23877
24691
24585
23272
29573
27603
29315
26220
24465
24500
25240
25789
28786
28132
26678
25107
24569
25177
26045
25694
26372
26027
24979
25738
26120
25331
24969
25461
26445
25591
25400
26533
26797
25957
26884
26430
26573
26516
26037
26804
25167
24621
25315
24631
24858
24846
24495
24260
25280
24999
24365
24614
24346
24744
24982
25104
25719
25403
25205
25082
25556
25333
24691
24483
24508
25518
26027
25468
25406
25463
25122
25353
26435
25802
25876
25115
23152
27155
27039
26493
50683
25195
24406
24262
23674
24900
24639
24145
23977
23320
24002
23959
24544
24521
24353
24310
24105
23766
23666
24789
24742
24924
24965
25372
24985
25606
26618
25237
26724
25442
25375
25591
25326
25922
26072
25962
25766
25541
25786
25077
25273
25440
25114
24817
25649
24789
24605
24959
24689
24511
25034
24736
25739
24894
24363
25108
25563
25002
25202
24864
24728
25080
25353
25144
24380
24519
24137
24263
24375
24879
24758
24220
24027
24907
24273
25227
25167
26355
24904
24505
24936
25137
25615
25624
25400
24977
24511
25014
24594
24275
25117
24594
25949
25563
24363
24811
24834
25142
25233
24511
24819
24749
24849
25317
25137
24605
24352
24589
24178
24430
24708
24954
25097
24753
24754
25165
25769
25162
25019
24347
24849
25483
25255
25804
25746
25355
25446
25398
25726
26142
25498
25184
26180
25245
24203
43927
25220
24393
24125
24586
24689
25024
25345
24920
25062
23739
24932
24926
25130
25019
25192
25174
25203
24365
24872
25042
24773
24836
25012
24563
24944
24789
24358
24626
24616
25019
24718
24578
24882
24822
24821
25358
24771
24999
25100
23817
23686
23663
22904
22726
23664
25272
24941
23686
24002
24177
23922
24267
23927
23365
23987
24102
23691
24263
24498
23478
25568
25323
26197
25884
25743
25967
25313
24371
24373
25375
24463
24814
24819
24811
25273
25693
25548
24975
24107
25315
25097
25262
25022
24786
25147
24782
24360
25167
25791
24778
24466
25089
24606
24495
24817
24372
25010
25011
24819
24806
24744
24447
24877
25163
25448
24974
24939
24681
23657
23829
23037
22859
22869
24747
25160
23578
24102
24533
23663
24302
24300
23748
23767
23728
23531
24475
24712
23573
23966
24932
24320
24761
25700
24984
25127
25095
25127
43468
27302
25812
23884
24152
23701
25250
24273
23598
24423
23867
23881
23758
24523
24381
24082
24245
24656
23641
24558
25653
25438
25109
25867
27263
24405
24530
24601
24809
24303
24924
24553
24220
25085
24501
24673
24343
24508
23556
23219
23721
24042
23846
23679
23421
24362
24764
25980
26152
26576
23694
25237
25841
23884
23959
24002
23694
24122
23952
23811
24229
24095
23939
23347
24190
23218
23747
23914
24415
23921
23333
24188
24566
23822
23571
23817
23686
23671
23719
23586
23598
23589
23799
23914
23686
23867
23624
23636
23563
23992
23806
23293
22939
23398
23260
23433
24046
23496
23498
23188
23370
23445
23132
24072
23739
24040
24032
23526
23576
23882
23679
23019
23215
23428
23762
23689
23751
23929
23330
23766
23077
23643
23867
23849
23987
23909
23829
23859
23686
23742
23528
23082
23641
23210
23506
23573
23397
23776
23178
23776
24420
46876
24437
23616
23258
23194
23229
23596
23441
22711
21952
22531
22551
22646
22681
22761
22302
22406
22543
23119
23147
22453
22671
23160
23122
22834
22743
22849
22999
22438
23099
22631
22932
23744
27520
27375
26626
28075
28864
25170
23065
22966
22936
22979
23876
23954
23906
23639
23884
23734
23644
23648
23471
23611
28435
26072
28272
26581
27979
28017
28698
26769
28463
28085
28213
28097
27927
28498
26813
27523
27515
24312
24455
23413
24004
24719
23616
24157
24233
24345
24326
24653
24639
24864
25653
31575
31944
27585
24693
23456
25909
23942
24132
24446
24328
24563
24686
24732
24396
24859
24330
24440
24134
24283
23691
24543
24411
24320
24843
24442
24383
24397
24195
23934
23826
23829
23901
24190
24282
23668
23638
24418
24957
24586
24528
24265
24172
23425
30445
31425
29099
24449
25257
28345
27149
27318
25446
25045
102110
24869
24972
24659
24412
24932
24862
24079
24588
24530
24564
24814
24436
24781
24866
23704
24475
24786
25017
23544
25268
26468
24113
25004
25107
24836
25786
26050
25525
25844
26070
25914
26080
25937
26045
25624
25799
25721
25841
25774
25926
27029
26513
27305
25438
26169
26041
27618
26904
26253
26653
26603
26874
25882
23180
24651
23425
24356
24946
23965
24784
24365
23891
24997
25977
27373
26836
27458
26388
24864
26628
26107
25773
26125
25621
26986
25553
25338
25488
25733
25824
25952
25508
25711
26507
26217
25942
25972
25776
26751
26716
26829
26563
27167
26819
26853
27441
24716
25150
24902
25561
25050
25102
24877
24633
25440
25107
25360
24608
25034
24950
25152
25376
25864
26117
26357
25142
25550
25564
24859
25523
26466
26678
26040
25413
25234
25057
25518
25130
25217
48861
26709
25543
26330
25265
26000
25766
25796
26127
26152
25905
25508
25137
25951
25952
25961
26017
25423
25611
25568
25546
25774
24980
25689
26448
26047
26082
26531
25280
25452
26345
24884
25751
25049
25250
25884
26119
26345
25666
26185
25608
25664
25558
25432
26373
25270
25388
24989
25373
25476
25473
24741
26460
26265
25080
24801
25832
25751
26400
27288
25420
26495
26139
25325
25706
25984
25754
26954
27180
25937
26603
25726
26456
26892
26535
25651
25051
24699
25000
25634
25393
25170
25075
25230
26198
26140
25749
25330
25232
25270
25133
25260
25175
25007
26129
25147
24852
25313
25671
24921
24503
25759
25410
25232
25015
24816
25004
25135
25333
24965
25295
26022
25027
25478
25235
25525
25397
25328
25478
26701
26566
25330
27170
26333
28586
25127
24323
24403
24320
24576
24822
24217
25000
44042
25779
24997
24947
26649
26834
28405
29197
27961
29032
28967
29137
29305
28650
29255
29274
29591
29608
29044
29170
26861
25278
25020
24876
25067
25202
25227
25280
25663
25400
25493
25463
25799
25565
30941
31423
28922
26192
24325
27786
24619
26087
25260
25766
24961
25257
25037
25014
25346
25230
24463
24355
24400
25415
25328
25065
24957
25092
25090
24932
25072
26405
24659
25011
26862
26976
25551
24470
26628
26315
26929
25859
25536
24646
23964
24594
24852
26250
24786
25345
25767
25225
26440
26009
26057
25751
26363
26109
26433
26277
25959
25372
25212
25021
26461
26142
26954
27217
27152
26696
26954
27493
27075
26220
26796
25623
25972
26589
27057
26332
26611
26293
26553
26340
26636
26441
26134
26708
26530
26164
26691
26263
26452
26608
26947
26633
26085
52027
26350
26709
27581
26486
27842
26074
26818
26523
24674
26353
26147
24574
26448
26591
27007
26606
27017
26791
27187
26807
27049
26553
26719
25149
26601
26889
26688
28292
27102
26042
26398
27127
27350
26533
26604
26523
26784
26957
26308
27438
27022
27240
25957
27142
27070
26381
26894
27401
27441
39285
26565
26546
27869
26337
26839
26218
26315
26408
25671
26435
26485
26828
26035
26716
26410
26619
25977
26896
26323
26688
26784
27114
26432
26729
26505
27029
26451
24549
25543
27994
26515
27483
27738
26518
27140
26180
25148
25901
26483
25448
27481
27393
27706
27701
27530
27591
26721
27744
27879
27192
27728
27297
25804
26142
27225
26723
27037
27408
27531
26173
26422
26112
25972
26520
26591
27247
29288
26882
26889
26836
27127
26381
27037
52110
27270
26373
27388
26440
27248
26525
25846
27234
26596
25914
26831
27102
26794
27468
27295
25804
26994
26984
26361
26255
26764
26859
26801
26091
27235
26696
28090
25495
26020
26480
27122
26916
26238
27167
27583
27052
26600
26966
26237
26037
26222
27248
26758
27137
27245
26588
27077
27252
27312
27874
27641
27064
27753
27867
26636
28090
27866
27102
28060
27077
27044
27104
27027
26774
26473
26651
26370
26054
27568
25856
27215
26560
27558
27490
27039
27533
26010
26305
26673
28422
27828
27040
26335
26438
27491
27052
27899
27515
27942
27979
26786
27085
27798
27541
25180
24087
25297
24345
25376
25065
25511
25194
25721
26015
24791
24754
25792
25360
24691
24784
24912
24844
25185
25689
25403
25924
25581
24797
25611
24614
25052
25443
26974
25806
25990
50154
24906
24516
24408
24338
24380
23982
25247
24759
24591
24593
24200
24090
25305
25563
24598
24904
24658
24876
24401
23380
24493
28288
28844
27228
24801
26017
25601
28001
27681
27911
27518
25935
26857
26531
26230
26899
25789
25959
26661
27032
26087
27215
26172
26844
27322
26994
28947
27501
27388
28157
27691
25877
25205
25701
25308
25463
25370
25426
25398
26257
25167
25005
25508
26480
25313
26077
25689
26042
26097
25929
24866
30746
29828
32390
28451
31919
30433
27994
29305
30425
27979
31995
31821
27841
31385
28611
29826
30327
27658
31511
31590
31333
29651
27685
27067
31511
28802
30937
25438
24967
25565
25841
25426
25924
26110
26435
25613
25792
25854
26353
26590
26312
26530
25713
26380
26904
27588
27861
27194
25847
24170
24405
24109
23966
24854
24541
52495
25411
24756
24573
24762
25140
24287
26263
28087
29385
28649
28878
30867
28831
30704
29769
28673
30091
29803
29876
29598
29375
28821
30458
29062
27162
25722
25220
25553
25748
25751
26044
25899
25596
26244
25609
26207
25638
30896
27047
24611
27906
24789
26541
25297
24902
24759
25510
24799
25679
25676
25548
24967
24772
24822
25006
25232
25225
25272
25851
25207
24828
25351
25237
25222
25323
25952
25741
24914
25237
25225
25916
26591
25064
25225
25094
24546
27871
26543
25804
26460
26604
27039
26386
27215
26330
25994
26363
26829
26606
26794
26197
26899
26566
27228
27120
27045
27757
27282
27315
26904
28210
25353
25445
26070
25398
26205
26453
26596
25072
25335
25485
26187
25200
25663
25736
26630
26227
25378
27057
27669
27611
25549
25869
26112
26001
26333
25939
49533
24606
24856
25225
25748
25297
26343
24952
25791
25052
25330
26736
25465
26070
25169
25027
24922
25069
25837
25526
25282
25338
24295
23383
23972
25090
25982
26676
26099
26095
26125
26208
25641
25799
26691
25844
25746
26731
25879
26536
26513
26450
25917
26453
26716
26763
26521
25378
25746
25593
26027
25443
26739
26962
26370
26132
26418
25916
25297
26020
26230
25450
25493
26433
26621
25857
26656
27711
26939
26633
26321
26636
26686
27793
26300
27337
28453
26899
24305
24328
24496
24726
24470
24540
24345
24829
26072
34174
29513
29912
28844
29284
29425
27746
25864
30856
25871
25699
25619
26706
27508
25180
25087
25092
25302
25277
25235
25202
25300
24734
25250
25059
24999
24686
25543
25303
24511
24995
25099
24445
28107
27722
26461
25887
27042
25897
25980
27064
26390
26809
49207
27080
26796
25686
25483
25412
25849
25222
24901
25561
25165
26255
26107
25806
25490
25959
25851
26115
26438
25666
23762
26944
26218
26300
26535
26287
24603
25024
25698
25641
26630
26385
25789
25726
25589
24182
24548
25864
24859
24225
25247
25250
25077
26062
24804
26671
26934
25591
28079
26761
24375
24668
24797
24446
24726
23967
24947
24558
24403
24423
24856
24318
24793
24967
24568
24057
23435
23342
23518
23844
23796
24277
23764
24531
25180
27543
24526
24596
24980
25055
24448
24185
24726
25119
29110
30160
28954
29430
28719
30280
28252
29566
29198
26280
25664
25443
25230
25428
24663
25641
29165
25263
28150
25365
25538
25185
25089
25759
25415
25353
25448
25069
25475
25207
25551
25851
25183
24794
25180
24633
24802
26428
26238
26302
26882
26463
26445
26631
26270
27435
26997
27318
25962
26722
24941
25649
25521
25606
25966
25633
25260
24075
25286
24729
25743
25393
24463
26939
24691
25340
26109
25666
25729
26137
25259
26505
26811
26591
26510
27340
26862
27024
26744
27243
26438
27097
26658
26493
25854
27581
26117
27333
27516
26443
27385
25808
26586
26589
27052
27079
25954
26451
26663
26531
27220
26801
27828
26598
26994
26941
26930
27212
27289
27656
26733
26658
25407
27144
27909
26641
27275
26944
26661
27954
27856
26901
27478
27931
26969
27584
27208
26248
24187
24483
24516
25032
27599
25594
28159
25704
25899
25809
26263
26253
26099
27159
26390
26465
26894
26706
26671
26109
26408
26646
26217
26766
26628
26112
26877
26368
26365
26426
26193
25809
25763
26097
26814
26097
26049
26806
26534
25881
25411
25520
25425
25155
25706
26142
26679
26829
26766
28050
26157
26240
26230
26771
26733
26967
26518
26709
27603
26528
26496
26423
26782
26525
26611
25328
25232
25481
25040
25293
25256
25646
26252
25726
26129
26661
24937
25130
25538
25392
25263
25312
25082
25433
25315
26655
25468
25413
26134
25130
25982
26277
25137
25302
25510
25317
25401
25087
25275
26772
25490
26265
26397
247702
46683
26072
26423
26110
25288
25203
25022
25435
25057
24977
24859
24999
25009
25057
24951
25338
26193
25899
26478
26240
27964
27305
24703
23965
23694
24040
23940
24445
24352
24761
24684
24483
24674
24162
24275
24513
26909
26905
28074
29638
28533
28327
28401
28373
29275
28089
28305
29884
29094
28728
28069
27964
28679
28743
27892
25520
25723
25528
25829
25799
25658
26475
26303
26104
26227
26267
26197
54044
25225
23756
24693
23914
24734
25228
23931
23605
23927
24473
24290
23341
24553
24841
24643
25169
24551
25082
24192
23974
25070
27551
25561
25839
25342
25606
25466
25616
25072
25515
24907
25723
26137
24811
25210
26209
24708
25732
25508
24618
24661
24946
25433
24340
25357
24875
25248
25272
25453
26082
25863
25430
25228
24989
24947
25445
26245
26157
26212
25380
26082
25674
25789
25390
26169
25641
24378
25302
25170
25262
25428
25749
24215
24568
24430
24758
24125
24649
24646
25142
28531
28798
27588
27348
27698
28929
29673
28248
28599
28057
26290
25982
25639
26145
26157
26453
29859
25478
27478
25084
24386
24881
25195
24544
25153
24704
24545
24654
25079
24829
24623
24438
25255
24962
24909
24773
24538
24335
26358
26055
25706
26645
25786
25979
26227
26039
26614
26691
26896
26095
25488
25689
47412
26007
25082
25052
24937
25668
25535
25498
25596
27170
25641
25518
25245
25894
25721
25651
23984
24267
24596
24398
24100
24168
24025
25129
29192
27877
28916
28350
28463
30957
28267
26448
25826
26174
24882
25280
25064
25733
29576
26094
26270
24676
25152
24797
24847
25035
25102
24649
24906
25182
24781
24513
24610
24045
24483
24844
24586
25395
24751
25420
25784
25596
27024
25811
26162
26831
26586
26493
26433
26611
25335
26914
25458
25260
25049
25240
25222
24473
25568
25338
25852
25448
26160
25378
27262
26195
26503
26325
27342
26087
25591
25621
26614
25490
26651
26428
26436
26401
26122
25977
26022
25831
26125
27014
26538
26874
26093
26403
26901
26057
26440
26972
27092
26461
26929
26380
27160
26746
26054
26681
26786
26180
26714
26926
26465
26711
26994
25931
26636
50021
24373
25320
24999
25839
25551
26322
24430
23904
25042
28744
24245
24152
24513
24595
24129
24578
24188
24691
25079
24470
24513
24891
24521
24002
24336
24385
24510
24265
24624
25042
24588
24292
24308
24734
24353
24153
24664
24789
24666
24418
24238
24766
24295
25618
25160
24658
24631
24691
24260
26766
26330
25531
25718
25636
26618
26173
27212
26451
25717
26202
26559
25962
25423
26303
26361
26045
26483
26573
27125
26949
26934
27142
26636
26636
27125
25836
25478
24736
25265
24556
25107
26395
25262
24996
24445
24889
24964
25352
25162
25498
25233
25842
25842
25037
24964
24190
25495
25110
24884
25132
24671
24235
25004
24526
24966
25558
25215
26049
24888
25348
25345
25861
26363
25242
25543
26190
25361
25318
25413
26373
25817
27570
26809
25202
25786
24732
26009
25225
25183
25060
25934
25791
25708
26736
14338057
28278
26465
26960
27092
26508
26799
25536
25077
25601
25919
25037
25473
26891
25701
25566
25743
27593
26468
26044
26164
25867
27019
26177
25674
26949
26752
26300
25331
26110
24503
26460
25724
25157
25563
26929
26089
25919
25997
25072
25945
26152
28693
26949
25799
23869
23671
23463
24065
23864
24190
24408
24711
24636
24398
32025
29242
27807
29457
28826
28433
28012
29200
28545
28726
29640
28751
29282
29127
28663
28227
27006
24962
24804
24794
25290
25381
25436
25668
25665
25375
25405
25944
25561
25821
25483
31107
30362
27182
23789
24227
28004
24295
25095
24661
24922
24533
24586
25064
24969
25145
24653
24538
24350
24784
24560
24866
25127
24819
24992
24363
24085
24716
24618
25428
25104
24367
24934
25551
24470
24174
24322
25372
25185
24663
24704
24588
25097
24305
26396
26282
25638
25285
26335
26819
25726
48117
26626
25949
26017
26099
26173
25749
25904
26854
26375
26052
26403
27002
26731
27301
26478
26575
26628
26262
26603
25733
25170
25270
25328
24768
24962
24741
24709
25217
26133
24831
24716
24919
26004
25330
25195
25501
25751
25390
24676
55790
24814
23060
26593
24629
24561
24398
24403
26132
25348
25054
25411
25508
26119
25300
25155
26137
25426
26210
26119
25012
25210
24613
24982
24325
24357
24894
24431
24779
24475
25415
25418
25294
25710
25375
24804
24014
24834
25170
25332
25199
25318
25052
25323
25165
24857
24536
24496
25819
24969
25831
25225
24877
24749
25448
Actual mean is 31577.82448979592
Actual variance is 276082.5995541891
