107197
10604
9283
8972
8714
8849
8654
8749
8659
8679
8486
9123
8586
8721
8576
8691
8969
8977
8195
8481
8436
8261
8185
8118
8749
8474
9313
8370
8435
8168
7796
7947
8188
8569
8754
8651
8288
8171
8536
9033
8481
8148
8233
7988
7894
8506
8042
8443
8358
8747
8521
8594
8389
8506
9005
8531
7709
8263
8428
9240
9739
8589
8025
8338
8158
8554
8045
8534
8032
8255
8298
8078
8113
8494
8674
8341
8689
8312
8052
8146
8894
8805
8130
8195
8263
8509
8210
8170
8346
9238
8697
8709
7930
8581
8424
8328
8529
8529
8609
8686
8125
8466
7893
8596
8176
7906
8293
8717
8724
8278
7892
8276
8573
8461
8370
8243
8263
8010
8226
8105
8395
8323
7985
8015
8024
8167
7960
8108
8669
8197
8325
8518
8396
8245
9466
8789
8303
8556
8426
8634
8499
8228
8393
8386
8263
7912
7749
8220
8784
8840
8779
8022
8053
8471
8478
8348
8463
8316
8292
8638
8440
7879
8252
7987
8012
8509
8318
8338
8331
7967
8894
8736
8261
8368
8088
7541
7423
7629
7391
8243
8762
8351
9276
8233
8052
8295
8130
8584
8386
8463
8331
8762
8261
9138
8859
8624
8125
8782
8561
8060
8030
8789
8022
7947
8095
8098
8118
8671
9233
7737
8258
8581
8759
8085
8105
7939
8679
8120
8519
8701
8196
8764
58322
9506
8744
8396
8955
9012
8855
8644
9776
8727
8338
8847
8343
8508
8563
8866
8914
8576
8586
7882
8173
8002
9148
8125
8295
8804
8419
8451
8048
8746
8385
8175
8070
7942
8612
8280
8261
8751
8160
8416
8795
8228
7922
8449
8032
7835
29566
9005
8937
8100
7790
8110
8110
8276
8894
8175
8707
8571
8185
8333
8724
9534
8651
9539
8498
8340
8453
8629
8671
8741
8624
8742
8181
7945
8218
8105
8301
8310
9789
8368
8902
8649
8872
8188
8680
8103
8353
7947
8132
9050
8744
8461
8256
7984
8000
8404
8018
8248
8629
8827
8566
8263
9511
8867
8211
8003
8111
8453
7852
7877
8338
8526
8772
8253
8844
8782
8654
8083
8213
8423
8822
8078
8564
8627
8486
8176
8168
7721
7858
9185
8364
8503
7904
8153
9709
8676
8657
7984
8075
8043
8466
19180
9000
7817
8539
8421
8090
8268
8177
8238
8812
8499
8814
8762
8263
8661
8604
8198
8255
9371
8052
8178
8203
8491
8273
8451
8614
8682
8363
8604
8907
8303
7902
8451
8416
8032
8320
8359
8599
8536
8641
8544
8326
8120
8281
8959
8669
8311
8521
8320
8396
8020
7742
7760
8426
8105
8566
8531
8514
8602
8100
8318
8286
8784
8132
8711
8158
8569
8075
8609
8591
8115
8694
8835
8478
8667
8757
8195
9433
8551
8471
8584
8754
8609
8571
8373
8346
7879
8363
9310
8438
10506
9481
8556
8351
8847
9489
8458
8591
8631
8409
8479
8233
9858
8318
8226
8747
7965
8306
8649
8163
8616
8474
8148
8561
8524
8298
8582
8102
8182
8421
8193
8997
9278
8243
8378
8666
9022
7965
8491
9030
8396
7775
7100
8403
8950
7975
8980
8381
8193
9100
8278
9541
8616
8421
8549
8496
9524
9634
8847
8248
9077
8706
8807
8299
8246
7947
8627
8386
9832
8498
8469
8546
8842
9147
8305
9614
7636
8563
8859
8251
9225
8508
8747
8469
8503
8158
8969
8381
8158
8764
10050
9145
8674
8616
9300
7950
9366
9085
8232
8937
8494
8235
8469
8282
8368
8215
8426
9686
9679
9283
8789
7423
7148
7974
6917
7130
7271
30987
7973
7391
7351
7358
7077
7356
7088
7611
7541
7541
7547
7325
7673
7385
7789
7474
7529
7331
7388
7566
7559
7065
7176
7434
7243
7105
7218
6925
7123
7476
7531
7558
7305
7621
7511
7093
7039
7228
7108
6852
7341
7171
7265
7345
7078
6774
7281
7076
7000
7561
7050
7130
7408
7178
7245
7268
7185
7403
8043
7150
7243
7251
7491
7772
7599
7513
7689
7641
7581
7536
7496
7404
7574
7652
7975
7920
7864
8238
8095
7649
8810
7709
8360
8176
8977
8323
8403
7870
7464
7870
8198
8172
8260
8180
8060
9378
8767
8543
8375
7248
7973
8338
8205
7816
8268
8619
8707
7115
7935
9142
7594
8253
8241
7834
8338
7819
7489
7375
8193
8042
7579
7972
7792
8248
7794
8002
8202
7654
7827
7652
8080
8017
8323
7697
7724
7572
7633
7496
7696
7579
8120
7917
8997
8155
8631
7927
8157
8050
8439
8127
8566
8636
8343
7977
8097
8004
8253
8083
8441
8485
7899
8153
8271
7754
7814
7659
7298
7649
7730
7651
8413
8403
8233
8232
8912
8428
8551
8213
8521
8263
8749
8290
8386
7970
8035
7588
8928
8574
9579
8218
8127
8251
7947
8141
8152
7857
7433
7799
7567
7890
7724
7762
7952
7832
7832
7975
7533
7814
7857
7913
8158
8276
8559
8669
8576
8083
8253
8198
8292
8446
8261
8024
7937
8002
8388
7932
7995
8156
7835
7797
8400
8548
8090
8288
8228
7654
8048
7746
7909
8170
8013
8511
8218
8338
8872
7987
8276
8195
8323
8393
8401
8353
8185
29199
9419
8584
8629
8672
8654
8496
8486
8924
8717
8233
8261
8791
8514
8566
8571
8130
8646
8008
8506
8649
8817
9446
10115
10228
7524
13807
10115
9498
9278
10919
9932
9714
7814
7935
7592
7681
8469
7677
7752
7847
7531
7671
7789
7614
7714
7762
7737
7762
7872
7599
7781
7669
7807
7932
8155
8340
9278
12609
10544
12371
10266
10458
8990
9834
10183
10160
10504
8453
7732515
10226
8300
7952
7884
8599
8764
7847
8277
7963
8118
7862
8092
8166
8275
8414
9095
9765
9360
7914
7861
8083
8183
7880
8160
8285
8261
8009
8557
8306
7917
8020
8260
7990
8098
8248
8117
8123
8002
8113
8235
8874
11596
10526
9867
8664
9506
9721
10060
9960
8998
10348
10233
10040
14270
17148
8522
8328
8107
8403
8453
8147
8314
8468
7669
7917
8155
7897
7982
8158
7857
8386
8185
8111
8426
8165
8384
10641
8623
8383
7732
7927
11295
8611
8082
7805
8015
8323
7983
8012
8030
8033
8361
8348
7877
7944
8118
8353
7883
8280
8083
8132
7837
7972
7832
7867
8158
8135
7651
8145
8140
8111
8050
7982
7876
7950
7687
8007
8073
8020
8243
8166
7945
8155
7755
7915
7952
9017
9180
8008
7965
7872
7661
10760
8328
8569
8355
8083
8335
8241
8223
8455
8684
8158
8584
8335
8316
8725
8378
8401
8759
8433
8175
8403
8238
8463
8298
8539
8508
8456
8877
8609
8985
8250
8075
8251
8616
7759
8168
8256
8313
8095
7785
8160
8504
7741
8105
7804
7892
7888
7849
8080
8097
7809
8180
7724
8263
8250
7955
7887
8120
7825
8042
8190
7937
8095
7860
8607
8140
9623
9561
8526
8782
8323
7764
8265
23137
9054
8513
8381
8727
8370
8536
8796
42520
8038
7855
7759
7980
8749
7812
7905
7982
7922
7714
7859
7857
7671
8195
7940
7988
8368
9195
9223
9406
9376
8371
9684
10431
9557
10005
8448
10012
10718
12822
8050
7985
8065
8258
8543
8315
8443
8438
8015
7887
8095
8130
7995
8338
8140
7845
8396
8230
8210
8604
10070
8326
8654
7895
8283
11351
8444
8180
8384
7657
8283
8163
8037
8080
8028
8029
8321
8177
7975
8005
8516
8027
8130
8022
7912
7895
8053
8270
8188
8275
8002
7954
7937
8100
7969
8014
8208
8018
8012
8075
7732
8092
8125
8080
33253
8275
8136
7939
7922
7983
7740
8030
8378
8318
8140
7967
7947
8100
8055
8216
8586
8183
8329
8228
8146
8431
8338
8052
8022
8431
7947
8601
8260
8047
8363
8250
8439
8491
8588
8098
8501
8375
8255
8358
8776
8566
9366
8506
8181
8711
8506
8165
8466
9265
8429
8090
8093
8216
8346
7962
8100
7939
7809
7975
8233
7957
8230
8012
7980
8133
7952
7962
8040
8323
8198
7945
8241
8127
7936
8641
7904
7729
8000
8212
7883
8669
7704
9250
9135
8699
9010
8223
8385
8386
8954
8952
8692
8764
8140
8298
8927
8874
8609
8170
7862
8235
8513
8103
8762
8526
7930
8060
8714
8857
8280
8245
8250
8383
8554
8666
8351
8411
8301
8147
8283
8298
8330
8739
8862
8692
8721
8491
8652
8547
8657
8902
8160
8293
8644
8674
9235
8258
8579
9087
8656
8205
9586
9188
8212
8358
8902
8413
8611
8562
9050
8852
8384
8895
8494
8206
8396
8807
10028
8373
8644
8431
8717
8070
8391
8817
8584
8171
8714
8592
8481
8516
8471
8489
8654
8283
8348
8484
8471
8849
8218
8686
8879
8621
8598
8870
8583
8744
8415
8869
8486
8845
8626
8719
8593
8737
8801
8544
8642
8867
8844
8836
8576
8188
8852
8717
8733
8785
8922
8476
8183
8205
8857
8438
8572
8852
8386
8544
8586
8338
8313
9113
8348
8940
8607
8513
8559
8551
8233
8909
8488
8614
8481
8742
8779
8794
8875
8677
8533
8258
8734
8426
8744
8677
8343
8546
8737
8754
9028
8749
8662
9576
9210
8524
9120
8647
8639
8699
8544
8549
8466
8499
8890
8265
8682
8370
8298
8594
8499
8543
8614
8538
8496
8724
8599
8291
8370
8285
8807
8689
8657
8471
8366
8912
8549
9053
8539
8368
8481
8632
8491
8619
8561
8724
8501
8508
8716
8646
8396
8627
8743
8400
8821
8494
8764
8977
8328
9411
9022
8435
8937
8388
8153
8506
8539
8078704
9787
7887
8028
8283
8080
8459
8318
8326
8085
8341
8143
7812
8754
8100
7719
7637
7825
7889
7817
8737
11436
10263
10396
10313
9619
9187
9448
10210
10345
10152
9133
10085
9767
10178
9461
16263
15122
8213
8446
8145
7827
8336
8268
8257
8230
7932
7889
8225
7925
7932
8092
8095
7692
7882
8166
8213
7857
8055
10005
9912
8724
8157
8158
7546
9281
8156
8253
8340
7972
8233
8333
8411
8065
7735
10278
7418
10329
8143
8233
7965
8062
8173
8128
8078
7945
7870
8078
7902
8050
8105
7772
8012
8152
8080
7935
7863
7869
7955
8080
8025
8118
8128
7959
8155
8141
7893
8097
8157
8182
8085
8047
7749
8140
7915
7712
8258
8143
7696
8050
7797
8062
7947
8055
7839
8075
9731
8082
7995
8333
8088
8348
8295
8471
8316
8228
8345
8223
8163
8726
8158
8364
8774
8356
8145
8130
25994
9150
8466
8373
8649
8401
8847
8925
8484
8404
8290
7997
8764
8288
8160
7809
7967
8015
8296
8260
8059
8187
8206
8476
8380
7982
8165
8268
8000
7756
8100
7955
8133
8336
8122
8095
8318
8065
8391
8143
7851
7742
7797
8358
8556
8175
8421
8083
8163
7979
8466
8141
8328
8080
8075
8057
8205
7962
8356
7940
8844
8341
8243
8241
8173
8624
8165
8058
8013
8193
8413
8018
8100
8140
7852
8323
7832
8152
8116
8388
8561
8044
7979
8098
8233
8544
8255
7987
7942
8207
8845
8048
8173
7925
7987
8256
8346
8305
7957
7907
8063
8047
7952
7467
8038
8077
8178
8313
8183
7924
8083
8528
8237
8323
8534
7810
8122
8228
8195
8005
8461
8118
9113
8960
8183
8002
8636
8709
8546
8293
8849
9368
7692
8065
9268
8989
8940
8809
8734
8273
8514
9201
10411
8802
9055
7561
7646
7373
7603
7821
7541
7711
7769
7819
7834
7594
8764
8092
7897
8860
8909
7955
7839
8502
8694
9814
8546
8238
8779
8097
8529
8464
8657
8606
8429
8539
8298
8080
8924
8541
8498
8476
8486
8464
7777
8356
8513
8180
9090
8734
8496
8348
8120
8446
8646
9052
9024
8496
8238
8766
8574
7943
8724
8228
8686
8777
8273
8694
8716
8261
8537
8137
8441
8180
8243
8546
8151
8574
8538
8621
8180
8649
8691
8436
8544
9172
8240
8598
8741
8506
8165
8414
8577
9135
8799
8594
9300
8757
8611
8952
8320
8831
8566
9013
8716
8484
8521
8112
7684
8226
7980
8085
7842
8032
8043
8004
8190
8205
8290
8025
8461
8657
8223
7804
7897
7842
8153
7701
8018
8017
8095
8334
8032
8070
7775
8614
8218
8010
8067
7854
7845
8132
8002
7975
8019
7731
7812
8138
13513
8428
8147
7371
8125
8035
8281
8058
7839
7829
7749
7919
7699
7476
7591
7918
7851
7519
7827
7955
7917
7955
8110
7767
7518
7712
7692
7486
7940
7669
8324
7857
7696
7807
7914
7498
7975
7984
7889
7792
7735
7586
8067
8063
7980
7553
7897
7974
7947
7890
7651
7900
7501
7775
7983
7569
7967
7917
8040
8180
7902
7599
7849
7870
7732
7972
7804
7761
8025
7609
7860
7656
7929
8017
7767
7553
7689
10203
12075
9732
9373
8150
8210
8368
8684
7659
8123
8586
9578
8877
8348
7667
9544
13007
9358
9561
10295
9062
10045
8471
8138
8705
8742
8794
9261
8396
8398
8431
8400
8697
9014
8736
8855
8810
9082
8416
9200
8398
8649
8631
8638
8689
8035
8453
8890
8323
8719
8804
8742
7870
8135
8373
9103
9068
8421
8524
8659
8952
9528
8621
8769
8902
8831
9152
9050
8631
8308
8772
8562
9238
8198
8887
8408
8647
8544
8428
9308
8501
8606
8939
9440
8739
9335
8438
8488
9022
8491
8667
8561
8927
8939
9062
9321
8947
8747
8699
9000
8781
8652
9070
9343
8975
9005
8960
8672
8716
9012
8779
8531
8358
8076721
13205
8536
9210
8511
8909
9085
8722
9208
8318
8654
8366
8385
8193
8471
8594
8578
8518
8458
8558
8334
8251
8160
8157
8604
8030
8834
8376
8375
8306
8757
8351
8388
8554
8165
8100
8178
8401
8719
8591
7988
7824
7837
7805
7689
10433
10526
7918
7607
7910
7657
7825
5601
5516
5419
5323
5303
5629
5293
5591
5441
5502
5379
5509
5409
5483
5430
5421
5504
5400
5333
5316
5371
5489
5524
5456
5391
23263
5875
4854
4957
4978
4937
5125
4975
4925
4943
4932
5032
5050
4897
5073
4975
5022
5076
4937
5042
5132
4967
5045
5078
4945
4967
5082
4964
5153
4842
4999
4930
4950
4960
5116
4937
4934
5115
5065
4990
5167
4965
4983
5092
4993
4944
5162
12376
10481
8466
10137
8626
9699
8201
8486
8453
8496
8551
8533
8113
8353
8177
8491
8897
8103
8537
8744
8939
8374
8431
8386
8431
8171
8275
8083
8404
8065
9726
8601
8205
8280
7988
8361
8331
8060
8100
8077
8463
7794
8243
8272
7925
8160
8298
8055
8399
8469
8030
7944
8067
7955
7912
8178
7859
8153
8085
7794
8273
8117
8499
8336
7915
9293
8251
8100
8211
7995
8419
8088
8098
8165
8100
8120
8120
8230
8343
8360
8414
8157
8304
7994
8058
8095
8035
8315
8022
8235
8123
8163
8120
8230
8531
8243
8100
7962
8474
7637
7952
8019
8211
7817
7759
7639
7731
8203
8253
7789
7689
8015
7716
7967
7927
7949
8068
8145
8263
7900
7957
8137
8050
7947
8032
8057
8060
8122
8186
8102
8253
8351
8138
7847
8085
7751
8150
7874
8045
8135
8010
8112
7993
8175
7874
8252
8152
8000
8306
8158
8125
8090
8132
7869
8326
8063
8300
7935
7786
8202
8150
7859
7464
8095
8053
8152
7970
7895
7917
8043
7644
8251
7927
7963
7772
7401
8108
8043
8241
8902
8140
8060
8995
8614
8230
8210
7975
8034
8050
8044
8253
8183
8556
8008
8052
8160
8255
8040
8135
8391
8511
8043
8401
8300
7351
7712
8403
8231
8125
7947
7915
30159
8516
7857
8040
7947
8654
8852
8228
7960
7942
8038
8080
8200
8090
8255
7646
8087
7988
7930
7979
8060
8188
7646
7882
58913
8188
8027
7732
7654
7822
7664
7920
7892
7732
7975
7752
8148
8035
7819
8037
8225
7700
8118
7801
7927
8216
7797
8060
8098
8318
8271
8000
7884
8115
8059
7897
8050
8190
8052
7987
8376
9300
8158
8125
7930
8315
8233
8809
8761
8484
7791
8385
8592
8421
8621
8093
8080
8381
8749
9077
8308
8974
8704
8589
8228
8163
8230
8080
8235
8581
8145
8037
8191
8198
8727
8654
8128
8589
7889
7977
8516
8937
7909
7676
9201
8178
7523
7321
7967
9837
10251
11985
9607
8992
10486
10363
10330
9854
8388
8175
8145
8358
7802
7814
7942
7872
7865
8190
7992
7949
8303
7929
8236
8316
8636
8544
8631
8222
7975
7862
8024
8178
7864
8072
8108
8266
8358
8345
7857
7949
8401
7832
8418
8217
8243
8316
8569
7925
8513
8399
8102
8569
8423
8655
8306
8438
8265
8626
7993
7997
8115
7837
8155
7990
7997
8469
8306
7982
8163
8132
7942
8365
8105
8296
8231
8887
8273
8241
8138
8220
8153
8100
8070
8398
7850
7907
7890
8310
8210
8666
7950
7927
7576
7578
7607
8095
8573
8751
8489
8408
8533
8148
8142
8082
8185
8293
8302
8160
8902
8458
8459
8564
8281
8221
8376
8390
8586
8240
8597
8206
9090
8220
8481
8398
8112
8596
8340
8302
8356
8654
8516
8409
8125
8420
8414
8784
8032
8178
8376
8100
8516
8386
8526
8286
8022
7937
8100
8483
8564
8180
8601
8212
8175
8112
8380
8220
8639
8318
8283
8271
7978
8333
7993
8406
8666
8017
7932
8273
8191
8190
8298
8385
8128
8626
8157
8213
8534
8521
7957
8310
8160
8115
8187
8115
8539
8481
8290
8336
21155
8375
8245
8020
8235
8157
8020
8481
8589
8065
8340
7988
8165
8015
8193
8198
8557
8380
7980
8270
8276
27911
8955
8789
8113
8481
8359
8285
8439
7992
8633
8276
8421
8441
8686
8579
8371
8326
8283
8489
8140
8360
8597
8604
8636
8478
8411
8519
8162
8496
8760
8257
8702
8692
7921
8126
8275
8543
8573
8429
8110
7814
7990
8030
8415
7987
8082
8122
8504
8444
8105
8303
8466
8313
8388
8383
8368
8368
8221
7787
8336
8024
8408
8857
8158
8299
8443
8293
8235
8433
7980
8130
8624
8436
8155
8378
8263
8446
7962
7759
8345
8361
8170
8927
8100
8481
8243
8233
8536
8303
8004
8123
8185
8243
8611
8316
8123
8398
8361
8017
8493
8251
8416
8498
8516
8459
8343
8799
8434
7937
8729
8701
8561
8624
8905
7770
7553
7917
8255
7962
8128
7917
7907
7935
8311
8902
52309
9258
8529
8203
8486
8551
8007
8491
8374
8574
8770
8659
8398
7992
8361
8327
8712
8513
8756
8755
8401
8521
8272
8187
8479
8148
8597
8579
8323
8721
8469
8426
8729
8817
8538
8443
8443
8398
8399
8173
8263
8290
8210
8075
8431
8052
8539
8378
8148
8275
8311
8582
8330
8562
8682
8305
8571
8809
8842
8256
8747
8527
9073
8421
8396
Duration mean is 16444.22881072027
Duration variance is 4.907022639663137E7
