779623
28270
25894
25085
25721
26761
26636
27671
26851
26049
26809
27288
26721
25625
24418
24203
25300
26461
24220
24530
26305
26410
25896
25751
25720
26067
26696
25809
26263
26188
24957
24503
25040
25975
26137
26117
26558
26987
26330
27067
26822
27152
25907
25686
25801
25896
26360
26285
26327
25646
26486
25413
25508
26074
26681
26385
26070
25513
26543
26351
26722
26179
26192
26302
25959
26743
26625
26032
26296
26971
26804
25931
25837
26152
26426
26042
26082
26173
25506
25525
25882
26804
26829
26909
26285
26561
25858
26209
26225
26884
25794
26570
26496
27014
27819
26561
25824
26623
27362
26328
24904
25693
26245
26555
26608
26549
26418
26558
27347
25970
26611
27109
26239
26413
26691
26846
26550
26791
26365
26002
26754
25378
26207
26726
26335
31265
28034
30042
28009
30207
28741
25480
22749
22635
24155
22862
22972
23197
23506
23676
23443
23428
23511
24523
24413
24873
24576
24761
24604
24967
24608
30741
29047
26967
23814
23340
26132
24370
24668
24476
24581
24180
24203
24721
24403
24754
24664
24706
25147
24686
24596
24188
24636
24714
24666
24681
24616
24463
24390
24658
24538
24150
24440
24500
24300
24466
24792
24458
24417
25501
25275
24297
24561
24696
24159
31107
29027
30979
27974
23751
24914
25438
25360
30460
29259
27925
25117
24859
25536
25932
26035
26574
26198
25786
25603
26611
25876
25323
25897
26523
26277
25638
26356
26713
26824
26859
26821
25992
27026
26393
26744
26097
25021
24926
25347
25012
24523
24468
25158
25361
25458
24370
24788
24762
25347
25085
25984
26080
26273
25613
25142
25786
26914
26711
25034
24796
25127
49994
27210
25809
25839
25871
26080
26882
25463
27027
27674
26338
26473
27538
27385
26561
26666
25443
25979
25267
25490
25798
25198
25363
25718
25047
24521
24323
25491
26178
25952
26177
27265
25695
25643
25425
25330
24969
26175
25821
25265
25060
25681
24069
23403
23881
24912
24375
23806
23959
24543
25234
25951
26322
24914
25530
25483
24551
24503
23959
24648
24147
24039
24020
24610
24325
24285
24098
24480
23699
24047
24078
24413
24180
24049
24358
24536
24239
23761
23905
23909
24301
24290
23749
24149
23676
24099
24147
24501
24443
24140
24295
24170
24385
24097
23561
23849
23859
23776
23867
24272
23904
23520
24150
23543
23959
23974
24986
24149
24007
23861
23947
24070
24275
24340
23558
23553
23766
24010
23884
23849
23989
23536
24105
23714
24009
24012
24664
23738
24373
24090
23924
23879
24996
23982
23734
23456
23540
24099
46568
24733
25149
24999
24109
24932
25501
25525
25310
26563
25162
26094
24950
25869
26215
24393
25636
26109
26478
26397
25265
26215
26325
26295
25575
23964
25160
27308
26255
26579
26746
26521
27270
26882
26901
24844
25884
25528
25970
26616
26666
27453
27774
27729
27415
28142
28571
26959
27229
27235
26599
26222
26102
26701
26350
25962
26278
26193
26440
26751
24950
25846
26190
26321
27548
27473
25774
26461
26052
26212
26257
26664
27322
27012
25824
26972
25664
26520
26922
25793
26337
25944
25876
25987
25902
26393
26541
26373
26603
26375
26268
26210
26944
25470
26205
26781
25842
26465
26501
26816
28017
26250
25884
26513
26458
26921
25538
25917
26816
26094
26501
26771
25787
26019
25891
26778
26305
26646
26177
25949
26117
27298
27064
27115
25751
49352
27453
26519
26886
26942
27275
26368
25813
26949
26215
26423
26160
26425
26280
26228
26158
25811
26325
26388
26844
26307
26432
25924
26475
26633
27099
26012
26323
26511
26220
26062
26526
26879
25518
26914
27433
26792
24418
23486
24132
23969
23463
24213
24448
24305
24388
24742
24571
24957
23087
25054
24991
23869
23724
24599
23666
23729
24478
24899
24588
25331
24721
24088
24499
24275
24969
24839
25182
26082
25721
25558
25806
26318
26741
24089
26686
25999
25554
24930
26330
25620
25042
25208
26232
25814
24859
25754
24418
24528
25757
25393
26844
26220
26112
25358
25784
27495
25263
25165
26195
26852
27272
27513
26520
26443
26886
25971
26373
25867
26796
25814
25781
25921
26285
26193
26428
26521
25984
26006
25964
26132
25939
25059
26625
26004
25806
26743
26698
27122
26217
26523
47673
23608
23782
23729
23431
23704
24100
25119
61101
25792
24696
24924
24636
24095
23320
23383
23756
23285
23403
23338
23483
22979
23080
23544
23570
23801
23724
23759
23633
24207
23451
23343
26011
25422
25295
25546
25207
25967
26387
25874
24678
30588
29932
30729
30390
29124
32382
31581
28483
23964
23367
23643
23736
23697
23709
24097
24483
23756
24320
24681
24410
24458
24488
24648
24580
28906
29523
28546
29031
29318
28754
29297
28972
30570
29470
29961
27751
28777
28749
30538
30009
28172
29859
29979
26363
25247
24894
25285
25007
24919
25137
25118
24891
24976
25884
25723
25371
29279
32076
32134
28139
25242
24711
25514
25574
25007
25207
25059
24385
25338
25102
25260
25495
25027
25411
25049
24982
24380
25119
24831
25167
25042
24639
25052
24776
25019
24746
24490
24618
25097
24842
25952
25045
25393
26009
25677
26092
24902
25102
29309
29478
31856
30144
26002
25650
32029
29551
74900
25924
26416
27353
27563
27250
27397
27531
26681
27488
27104
26546
26781
27518
27280
27445
26621
28471
30453
28853
27230
27270
27751
27345
25844
28628
27566
25453
25157
25230
25067
25232
24977
25285
25230
26250
25601
24821
26190
25431
25365
25150
25966
25949
26375
25857
25545
26779
25500
25561
26616
26125
26450
25609
26035
25481
25739
25172
24994
25751
26212
26345
25435
26312
25684
25418
29065
26972
27794
26403
26125
25383
27345
30544
27257
27200
27616
27007
27222
26182
27498
25942
25896
25513
26130
27137
25920
26368
27809
26012
26252
30526
26093
25187
26420
25432
25333
26408
28090
25967
25906
26099
30065
25802
25564
25518
26382
24950
25663
25148
45999
26172
25496
25202
26829
25563
25698
25966
26651
26270
25721
27072
25648
27052
26245
26596
26342
26819
27322
27182
27410
26826
26235
27061
26999
26606
26362
25032
24899
25380
26210
24997
26005
24671
25416
26716
27189
25486
25438
25518
25321
25265
25744
25448
25042
27235
25784
25450
26247
26252
25258
26052
25956
25654
25275
25711
25197
25370
25371
25593
25415
25521
25483
25756
26293
26178
25834
26004
25445
26904
26847
26470
27340
26478
24090
24671
24861
25233
25042
24684
25165
24969
25109
24834
25067
26192
27703
29017
29731
29370
28548
28676
29818
29977
29239
29325
29606
28864
28891
30285
29834
29749
29807
28229
25924
25333
25042
25485
25403
24927
24992
25162
26513
25505
25253
31789
30851
28022
25608
24651
27421
25229
26185
25320
25383
25044
24955
49801
25620
25129
24937
25312
25606
24773
25717
26403
27555
29350
27984
24125
23383
23994
23847
24543
24646
24037
24749
23902
24390
24944
27165
29491
29252
29202
29832
28593
29518
29666
28633
26262
26139
26328
24970
25392
25152
25659
27573
28396
26807
25498
24767
25438
25037
25235
25203
25287
25350
24929
25280
24944
24857
25290
26002
24781
25004
24649
24977
25031
27763
26375
26270
39358
25964
26194
26655
25967
26365
27310
26906
26322
26175
25165
25523
25636
25478
25543
25350
25568
25243
26330
25916
26614
25493
25358
26771
25907
26338
24558
26550
26045
26507
26154
26626
24783
25215
25897
25811
26303
26343
26907
25749
25581
24737
24932
25786
25812
24704
25275
25037
24872
26049
24326
26648
27090
25832
28205
25912
24751
24270
24258
24054
24626
24250
24671
24528
24283
24331
24590
23922
46585
25624
23811
24077
23746
23784
23731
23634
23856
24257
23889
25483
25541
26408
24784
24956
24719
24748
24856
24741
24997
25120
28270
29069
29663
30305
29493
29718
29353
29322
29528
33646
26443
26213
25686
25293
25127
25402
25335
33187
28195
25550
25318
25240
25335
25375
25039
26382
25070
24769
25138
24849
24413
25129
24855
24530
25270
24295
24400
25824
25776
26358
25910
25816
26303
26704
26235
27004
26897
26924
26486
28631
25679
25433
25852
25300
25674
25533
25841
25809
26343
25154
25882
25350
26019
26584
26305
25716
26124
25834
25323
25516
26097
26576
26235
26164
25736
27024
25596
25854
26030
25405
25533
25961
25659
25348
25834
25613
25696
25190
25659
25792
25130
25000
24859
25025
26360
27473
27047
28488
26744
26947
27157
25916
26200
25999
26080
26017
25282
25241
25586
26643
26017
24586
24232
25202
24308
25092
24212
24626
24929
24516
24551
25097
25180
24794
24323
24754
24412
24924
24970
24919
24804
24613
24945
25085
25047
24210
24541
24543
25566
26077
24739
24942
24676
24728
24689
27328
29979
26288
25861
25719
27315
27185
26872
27119
25992
26483
26769
27035
26035
26255
26039
27295
26555
26520
27224
27300
27072
27207
26962
26722
27526
25751
25920
25122
25223
24829
25598
25219
25327
26160
25250
24967
25511
25658
25286
25396
25255
26375
25957
25460
28896
31465
30450
29588
28714
32245
29553
29084
28067
28225
26989
31648
29967
28483
27403
31839
30523
32200
30079
31513
27803
30002
29458
32087
25481
25296
25548
26215
26020
25839
26302
27425
26220
26350
25919
26624
25896
26177
26037
26656
27911
26739
28295
28969
26974
24831
24275
24420
49533
25102
24989
24856
24558
24462
24258
24400
24114
24361
25245
28714
29997
28646
30199
29199
30035
29816
29571
28626
30852
30781
29854
29460
29644
29493
30535
29733
29159
25909
25744
25578
25844
26045
25633
25575
25625
25616
25729
25851
25465
32152
27215
25047
24931
28693
25300
25839
25303
25325
25039
25589
25486
26044
25240
25538
24759
24708
25072
24967
25283
25305
25373
24994
24709
25195
25437
25188
25004
25079
25205
25125
24966
24976
25826
25791
25009
25021
24999
25147
28862
26556
25789
25819
26976
28218
27613
27508
25674
26844
26974
26839
26616
26039
26894
26807
26786
26912
27145
26941
27318
27658
27473
27243
25872
25408
25458
25553
25508
26435
25671
26022
25203
25037
25335
25982
25290
25327
25726
26443
26113
25004
27786
27072
24784
25498
27114
26381
50661
25177
23957
24336
23571
24488
24570
23819
24137
24691
24084
23957
26057
31046
29217
29666
29180
30463
29768
29212
29756
28001
25761
25761
25555
24967
25460
25272
25293
29235
24761
27528
27473
25192
24952
24764
24721
24924
25235
25178
24759
25513
25190
25343
25192
25501
25792
25057
25362
25287
24781
25117
29094
25684
26799
26283
26421
26565
26119
26110
26927
27355
26606
25994
26117
25659
25478
25693
25784
25034
24866
26471
26074
26057
25660
28235
26722
25864
24764
25831
26430
25971
24225
24591
24874
25007
24578
24849
24470
28972
29673
28844
28822
29619
44838
26233
25525
25320
25188
25285
25295
26741
27353
27506
26019
25067
25132
25340
25232
25039
25666
25190
25368
25328
25255
24987
25292
25085
25308
25032
25801
25062
25466
25947
26042
26543
26240
26283
26934
27711
27332
47954
27400
26210
25754
25802
25631
25930
25398
25219
25245
26498
25781
26400
26391
25811
28084
26608
26130
26425
26260
26438
25618
26308
25340
26804
25598
27057
26559
26061
26220
26478
25944
26443
25857
26559
26596
27051
26543
27067
26789
27907
28270
27365
27084
27155
27613
27205
26766
26841
27605
27345
27794
27162
27793
28097
27932
27721
26944
28290
27315
27616
28165
27022
27066
27094
27290
27029
27195
27060
27242
27220
27177
27816
27433
27917
26887
27044
26616
26901
26982
26606
26363
27528
27263
26318
26769
27035
27255
26794
27558
27052
26792
27858
27247
26237
26946
27207
26757
27147
26746
26994
26754
26995
26926
28096
26879
26889
27145
26363
27425
27158
27856
27388
26397
26603
25653
25719
26265
27042
28195
26824
27395
26122
27184
27012
27092
46340
25731
25170
25728
25619
25406
26140
26512
26366
26999
25183
24235
26245
25303
25791
25724
25398
26609
24764
25665
25731
26776
25962
26187
26543
28310
26944
26636
26967
26759
26854
27039
26996
27129
26816
27288
26563
27561
27335
27375
26914
27022
27448
27769
27335
26451
27049
27756
26901
27426
27387
26947
27307
27881
27027
27037
27225
27310
27303
27688
27766
27212
27207
26287
27543
27766
27671
27558
27220
28090
28007
27553
28090
27599
28117
27247
28037
27605
25428
24496
23919
24420
25392
26788
26368
27516
25594
26714
26605
27371
26593
26350
28330
26441
26767
27035
26638
27230
26686
26678
26323
26952
26545
26756
26686
27768
26432
26719
26777
26215
26377
25969
26566
27320
26623
27480
25892
25663
25328
25253
25694
25550
26247
26789
27731
27263
27075
49397
27867
26129
26395
27245
27027
27418
27247
27539
26919
26944
26991
26641
26834
27503
25871
25709
25290
25458
25408
25799
25473
25614
25333
25308
27238
26194
25676
25381
25059
25122
25273
24884
25473
25210
25315
26505
25488
25435
25914
25268
26168
26543
25659
25308
25653
25742
25648
25603
25463
26924
26578
26708
27538
27140
27548
26754
25919
25423
25846
260028
47470
25423
24894
25308
25315
25117
24915
24814
25192
25636
25774
27127
26558
27491
28470
25255
23839
24250
24736
24164
24741
24265
24079
24451
24473
24007
24448
24070
25990
25642
28220
28596
29230
30185
28554
29107
28558
28330
28756
29588
28701
28731
29914
28089
29076
28495
27867
25659
25150
25235
25067
25232
25237
25129
25292
25265
25408
25551
25571
28569
27653
53572
24516
24664
26077
25150
23047
23415
23425
23415
24048
23523
23503
24162
24260
24012
23761
25631
29162
30764
28917
27949
30814
29530
29377
29589
31884
27616
31400
27821
25576
24974
25104
24872
25894
25456
25418
27069
34235
28009
25067
24842
24636
24238
25069
24571
25004
24773
25100
25102
24876
24769
25225
24483
24230
24883
24616
24842
25528
24173
25002
26177
25468
25659
26092
25524
26185
26546
25360
26260
26187
26280
27541
26829
25709
24794
25824
25301
25441
25220
25290
24909
25929
25658
25950
24381
25906
25140
25352
25375
25122
25616
26293
24967
25520
24762
24706
25074
24939
24623
24816
25606
24619
25010
25370
25696
25122
26183
24774
26804
26085
26714
25814
25531
25834
26202
25292
26797
27122
27195
26721
27710
25531
24621
24635
25746
24846
25287
24859
25030
24600
30478
29351
29155
28540
29190
28496
29199
28876
28192
29232
30147
25571
25601
25290
25248
25493
25560
25598
25573
27754
24293
26563
25102
25217
25037
25591
25267
25083
25282
25147
25408
25325
24954
25042
24728
25117
24982
24894
25208
25401
24688
25147
25809
25787
25987
25945
26408
26107
26631
25949
25689
26847
27220
26884
26894
25816
24894
26179
25152
25566
25999
25072
25182
25491
25571
25884
24643
25824
25130
25682
25370
25475
26059
26130
25420
25445
25217
25212
24852
24719
25020
25813
25593
24734
25460
25972
26277
25500
26137
25480
26117
25999
25664
26127
25929
26388
24837
24661
24530
24651
24729
24300
24247
24335
38561
26012
26220
25907
26030
27977
26179
25561
25107
24656
25483
24909
24669
24999
25451
25531
25468
25450
25563
26288
26265
26691
25438
24117
24397
23692
24505
24425
24046
24530
24348
24704
24874
24804
25498
24350
28340
29611
29235
28826
55407
29606
29115
29458
28992
27751
28829
30202
29260
29468
28979
28375
30202
25599
24982
24744
25458
25481
24849
24997
25090
24859
25654
25391
25138
30393
26175
24250
24325
27834
25207
25168
24771
24925
24761
25050
25145
25215
25165
24393
24202
24887
24478
25202
25029
24498
24761
24555
24751
24906
25102
24803
25011
24598
24541
24516
25077
25283
25408
25022
24754
24952
26035
29368
25433
25508
26210
27297
25739
26941
26708
26699
26223
25912
26025
26418
26367
26094
26748
26515
26659
26849
26190
26366
27097
26674
25461
24747
25783
25125
25242
25606
25127
25773
24827
24761
25232
25128
24980
25262
25748
25972
25052
25150
24982
25087
24643
25019
24569
24701
24939
24631
25082
25859
25381
26380
25784
26049
25358
25471
25355
25806
25568
25972
26679
25022
25370
26937
27327
25375
25328
25509
53470
27596
26731
25107
29355
26055
30017
29620
27548
26837
29105
27543
26453
27275
25959
27265
25693
27225
27137
27332
28470
26010
31400
26733
28147
27779
27199
27302
27601
25728
25822
25887
26678
26177
26565
27087
25832
26045
25693
27075
26200
25821
25630
26896
26912
28260
25606
26981
27262
26260
25849
26528
26147
26681
25022
25763
26746
27152
26250
26380
25646
25433
26014
27601
26099
24453
23748
23463
24046
23756
24390
24974
24177
24255
24102
24037
24691
24069
23957
24378
26531
28205
28661
29593
28839
29776
28821
28498
29445
29210
29322
28904
27821
29465
28445
28553
28197
29889
29305
27924
26152
25373
25193
25670
26089
25596
25573
25576
25699
25759
26017
25967
26006
31641
27019
25109
24894
28360
24992
25596
24844
24646
24217
24560
25014
24984
24964
11880931
40819
20894
20295
43242
21847
39192
20505
20330
20423
20240
20170
20197
20253
20388
20268
20363
20440
20250
20150
20370
20102
20210
20296
20265
20092
20467
20110
20210
20109
20182
20283
20416
20147
20303
20022
20185
20210
20082
20148
20197
20172
20182
20271
20285
30811
23990
24035
23937
23198
23701
24107
23814
24165
24060
23716
25230
25019
25458
25167
25596
25258
25305
25263
31485
27034
24272
24265
23960
25478
24438
24160
24691
24413
24523
24457
25077
24966
25032
25180
24516
24400
24658
24704
24636
24731
24709
24744
24739
24245
24716
24325
24866
25082
24105
24468
24827
24671
24691
24138
24636
25072
25355
24616
24616
24554
24636
24310
26501
29295
28310
26285
26060
25610
26886
27327
26167
26290
26465
27059
26761
26150
26089
25974
26157
24714
24751
28418
26979
26280
26084
26352
26999
28448
26624
26778
26448
26340
27540
25085
24802
25333
24581
24919
24802
24839
25092
28839
25561
25395
25591
24816
24821
25047
25135
24934
25583
26566
25636
24636
24905
25285
24338
25235
24669
25082
24498
25694
25385
25044
24997
24929
24907
25591
25370
24797
24974
25315
25403
25708
26215
26215
25934
25616
25407
25242
25836
25193
25732
26130
25511
25350
26410
28598
25368
25571
25205
26706
26070
26546
26119
24962
24826
25969
29771
27640
27406
28878
29503
28556
31621
1249776
30077
25814
24031
25446
24646
24175
24335
24222
24222
24523
24621
23967
24410
24491
26203
27265
28209
29791
29300
29293
30054
51089
30165
29115
29350
29929
28490
29939
28588
29526
29104
28912
29941
29204
30162
27558
28392
27167
24970
25493
24888
24613
24992
25446
25172
24726
25117
25065
24925
24937
25055
25110
24877
29931
26463
27751
25822
24112
27100
25296
25473
24944
24995
25280
24768
25134
25173
25148
25603
24964
24212
24941
24955
24687
25167
24922
25104
24461
24313
24661
24475
24886
24791
24809
24666
24673
24148
24533
24285
24631
25032
25611
25164
24876
24591
24560
24654
24701
28011
26277
25789
25922
26320
26779
26029
25223
25974
26436
26392
26448
26372
25844
26092
26119
25921
26476
26400
26401
26525
25879
26721
27147
27017
26488
26585
27649
25135
26573
24909
25025
24759
24313
25067
25295
25461
25288
24977
24616
25285
25368
25787
25130
26355
25670
24714
25029
25343
25055
25491
24885
24862
24996
44373
25869
24944
25005
25343
24952
24460
25307
24902
24866
24977
25315
24924
25939
26523
25495
25967
26438
25827
25162
25874
25465
26937
26348
25330
25150
26708
Actual mean is 30874.80201005025
Actual variance is 218577.63635169735
