94491
9368
7975
7586
7609
7611
7596
7742
7592
7721
7657
8912
7985
8128
7957
8241
7511
8302
7571
7617
7521
7444
7360
7405
7464
7384
9524
10215
7834
7872
8333
7902
8100
8052
7742
8917
7626
8093
7777
8667
10414
8032
8030
7859
7835
7677
7724
7832
7809
7797
7952
7902
8032
8095
8165
8208
8158
8195
8025
8905
7942
8744
8152
8078
8148
8103
7776
8438
8496
8248
7967
8211
8100
7376
8098
7964
7992
8155
7970
7749
8796
8358
8068
8681
8188
7999
8331
7907
8285
9052
8451
8882
8321
8152
8220
8577
8456
8451
8348
8752
8035
8871
8130
8319
8355
8564
8481
8261
8293
8401
8967
8088
8307
8037
8175
7589
7656
7740
7676
7551
7990
7476
7592
7603
7393
7847
7370
7564
7591
7750
7514
7528
7619
7496
10058
7586
7526
7185
7945
7599
6954
7952
7354
8185
7536
7544
7498
7634
7809
7411
7430
8238
8100
8220
8231
8521
8273
7466
7503
7720
7895
7632
8944
7383
8549
7982
8977
8629
7485
7594
7795
7544
8090
7993
8313
7739
7509
7536
7676
7782
7543
7484
7846
7807
7732
7316
7760
7409
7434
7629
7641
7710
7170
7353
7256
7354
7418
7922
7667
7767
7746
8656
7997
7832
7940
8040
8351
7716
7524
7275
7624
7744
7656
7782
8015
7834
8243
8215
7458
7315
7256
8140
8032
7821
7586
8004
7677
7767
7666
7666
8090
7845
7729
7817
8017
7509
7910
7559
7792
8035
8170
8191
8038
7912
7732
7827
7692
8177
8122
8190
7962
7907
8010
7958
9261
7396
7917
7463
7669
7479
7498
7586
7682
7772
7564
7852
7531
7764
7817
7726
7554
7757
7616
7606
7820
7579
7714
7644
7682
8020
7636
7316
8779
8944
8572
8331
8278
7975
8090
7809
8270
8581
8261
8010
7767
8115
8075
8504
8380
7907
8085
8203
9523
8155
7639
8458
8433
8373
8195
8263
8235
8574
8491
8593
8211
8476
8424
8223
7922
7867
7637
7090
7654
7632
8631
7418
7531
7516
8156
7749
7516
7556
7303
7265
7608
7729
7702
9000
7777
7554
7326
7486
7890
7742
7857
7095
7582
7084
7855
7614
7601
7330
7393
7766
8137
7719
7889
7927
7826
7709
7697
7393
7451
19548
8624
7524
7731
8083
7942
8160
7955
8504
8606
8173
8136
7368
7681
7696
7774
7405
7997
8252
7571
7621
7330
7835
8549
8657
8248
8589
8584
7917
8759
8338
8451
8286
8459
8646
8857
8356
9077
8829
8576
9070
8288
8982
8934
8488
8398
9538
8453
7869
8581
8198
7952
7801
7260
7316
8235
8301
7511
8171
8140
8484
8080
7637
7747
7985
8428
8349
8373
8272
8200
8014
8704
7985
8451
8165
8063
8418
8576
8373
8120
8323
8885
8634
8256
8544
8298
8323
8080
8780
8346
9278
8264
7820
8371
8183
7784
7571
10097
8371
8318
8722
8509
8729
9012
8558
8343
8892
8451
8416
8040
8276
8323
8095
8576
8632
8616
8356
8131
8672
8777
8701
8423
8386
8355
8318
8990
8200
8584
8155
8278
8243
8489
8187
8227
8341
8286
8479
8506
7890
8744
8080
8649
8622
8969
8513
8484
8471
8147
8867
8491
8383
8654
9288
8687
8479
8714
8551
8659
8193
8158
7911
8639
8524
8262
8636
8732
8634
8238
8263
8735
8656
9215
8501
8474
8705
9466
9130
8320
8524
8509
8163
8506
8376
8411
8895
8461
8730
8566
8523
9090
8544
8563
8305
8664
8621
8476
8157
8729
8273
8712
7963
9825
8551
7904
8135
8266
8120
8474
8310
8463
8328
8355
7809
8090
8236
8060
8145
8624
8090
7569
7618
8318
8160
8246
8509
8516
8285
8396
8571
8308
8321
7975
8333
8193
8649
8165
8456
8571
8456
8346
8323
7897
8454
8559
8175
8817
8225
8418
8656
7952
8438
8463
7646
7664
7852
8216
8558
9399
8405
8365
9636
8683
8135
8220
8897
8534
8250
8406
8055
9167
8416
8824
8499
8716
8899
8415
8554
8280
8208
8591
8142
9000
8044
8618
8619
8581
8396
8511
8528
8735
8260
9441
8519
8052
8519
8534
8459
9034
8957
8128
8395
8388
8043
8368
8561
8263
8363
8384
8524
9338
8769
8468
8496
8669
8192
8278
8584
9471
8664
8233
8583
8584
8609
8399
8566
8118
8326
8716
8294
8103
8491
8503
8321
8426
8145
8260
8608
8496
8832
8301
8589
8852
8022
8348
8355
8456
8230
7952
8060
8307
8396
8423
8449
8674
8668
8812
8872
8569
8208
9867
8790
8909
8817
8411
8571
8262
8757
8243
8130
8121
8262
8953
9055
8995
8240
8115
7937
9316
8589
8416
8491
8301
8107
8147
7787
8471
8291
8218
8436
8355
8478
8350
8466
9358
8616
8669
8569
29869
7959
7308
7306
7275
7446
7797
7365
7493
7266
7604
7464
7689
7341
7366
7383
7251
7383
7195
7556
8205
7623
9366
7672
10110
7488
7521
7391
7508
7373
7311
7363
7441
6902
7346
7256
7536
7486
7318
7390
7470
7687
7233
7612
7523
7298
7767
7792
7351
7160
6872
7612
7542
7473
7451
7534
8022
7612
7659
7872
8007
7944
8178
7762
31455
9380
8604
8353
8256
8581
8324
8143
8034
8383
8356
8524
8310
8177
7914
8055
8151
8619
7927
8308
8366
8058
8634
8375
8561
8198
8777
8340
9288
8253
8995
9242
8378
8566
8100
7777
8216
9085
7860
7656
7787
7641
7782
8253
8193
8107
7850
8070
7799
8097
8213
8221
8000
7754
7907
8213
7702
7899
7679
8014
8093
7970
7993
7749
7929
7671
7770
7819
7794
8602
8301
9037
8737
8476
9009
7876
8406
8779
8735
8538
8463
9113
9120
9245
8602
8030
8165
8075
7965
8356
7691
7934
7985
7852
8230
7821
8115
8310
7904
8027
8012
7902
7983
7995
8256
7905
7807
7817
8075
8233
8186
7794
7934
7802
7689
7771
7579
7245
7732
7275
7760
7598
7453
7416
7637
8080
7770
7919
7561
7875
7613
7496
7624
7694
7596
7598
8063
7736
7867
8344
8599
8528
8892
8662
7724
7315
7947
7709
7842
7528
7732
7869
7762
7809
7538
7805
7867
7772
7709
7628
7766
7544
7747
7611
8030
7527
10173
7779
9371
8017
7551
7541
7830
7644
7483
7912
7692
7811
7772
7687
7346
7817
7441
7470
7754
7508
7541
7809
7842
7629
7720
7963
7533
7687
7609
7827
8431
8644
7509
7293
7429
7639
8095
7767
7293
7694
7609
7789
7949
7421
7594
7721
7561
7611
7413
7611
7767
7596
7536
7786
7825
7498
7597
7553
7544
7602
7418
7599
8008
7456
7416
7817
7985
7837
7533
7561
7942
7912
7561
7672
7582
7719
7787
7458
7857
7895
7739
7822
7984
7669
7469
7799
7644
7687
7528
7621
7441
7909
7611
7754
7541
7531
7927
7528
7677
7616
7824
7832
8013
7644
7206
8589
8040
7701
7822
17361
8082
7867
7544
7729
7973
7340
7837
40408
7844
7677
7491
7462
8326
7488
7624
7543
7388
7487
7586
7401
7381
7925
7494
7631
7609
7646
7564
6935
7699
7577
7807
7378
7772
7776
7669
7669
7501
7426
7757
7491
7619
7566
7659
7804
7569
7529
7148
7942
7546
7895
7484
7316
7769
7461
7681
7396
7662
7687
7489
7441
7455
7519
7742
7401
7741
7573
7624
7797
7882
7476
7704
7684
7498
7509
7651
7537
7464
7890
7621
7386
7649
7642
7531
7461
7411
7724
7801
7401
7341
7431
7616
7419
7278
7454
7739
7429
7501
7411
7411
7734
7792
7488
7566
7147
7619
7486
7300
7704
7594
7659
7832
7772
7672
7978
7894
8005
7864
7905
8213
7900
7764
7777
7766
7862
7945
7829
7795
8022
7860
7781
7885
7233
7150
7040
7109
7273
7207
6935
7208
6915
7063
7353
7085
7065
7225
6978
7143
7205
7143
7223
7057
7083
7058
7047
7183
7180
7210
7038
7167
6953
7283
7025
7030
7088
7173
6995
7168
7130
7195
7127
6930
7060
7669
7855
7847
7719
7115
7196
7619
7130
7087
7706
7263
8406
7644
7216
7176
7339
7162
7211
7436
7324
7364
8060
7827
7739
7624
8952
10929
12870
9867
7942
7323
7366
7346
7421
7235
7523
7396
7296
7587
7361
7696
7428
7578
7493
7903
7554
7762
7642
7461
7945
7908
7887
7814
7687
7651
7601
7887
8032
8022
7639
7887
8045
7852
8107
7682
7944
7638
7915
10857
7226
8147
10478
8636
10960
9872
10211
10386
9218
10080
10752
9909
10022
8940
10504
10343
10448
9633
9922
10345
9869
10603
10122
9043
10676
10167
10541
10160
9787
10845
9890
9557
10245
9721
9787
9378
10614
9363
9847
10135
10193
10278
11113
8243
8309
8060
8017
8110
8098
7819
8356
8311
8020
8371
8170
8083
7654
7744
7942
7978
7774
7832
7781
7729
7614
7616
7960
7752
7954
7786
7827
7764
8238
8138
8213
8025
7810
7692
9391
10446
9115
8420
8035
7963
7824
8133
8278
7937
7689
11917
8563
8293
8521
8120
8496
7762
7584
7965
8038
7947
7827
7704
8196
8068
8065
7942
7746
8024
7790
8015
7993
7995
9037
8035
8030
8191
7992
8270
7970
8042
7922
7969
7694
8102
8138
7907
8030
7984
7742
8045
8050
7865
7925
7669
8215
7839
8215
8136
7667
7957
8047
7802
7809
8050
7967
7704
8148
7757
7762
8009
8787
7789
7609
7829
7724
7454
7473
7674
7691
7769
8977
8108
8065
7792
7742
7774
7947
7840
7862
7881
7910
7915
8120
8228
8080
7929
7709
7784
7864
7511
7882
7643
7739
7692
7765
7717
7827
7524
8201
9697
8162
8489
8807
8172
13642
8186
8378
8148
8147
8115
7934
8083
8122
8381
8341
8667
8604
8180
8536
8191
8148
8544
8511
8433
8997
8435
8306
8814
8166
9055
9055
8727
8471
8674
8569
8391
8611
8068
8648
8235
9065
8819
8677
8934
8957
8867
8378
8669
8576
8822
8699
9281
8491
8388
10253
8571
8558
9161
8233
8481
8674
8035
8624
8348
8609
8577
8250
8348
8870
8784
8348
8440
8045
7549
8188
7825
7962
7935
8007
8100
7824
7944
7749
7895
7661
7962
7604
7837
8190
7671
8133
8088
8080
8027
8305
8183
8201
7880
7807
7704
7682
7616
7917
8055
7689
7634
8060
7962
7851
7904
7932
8123
8008
7802
8147
8028
8213
7875
9010
8561
8208
7792
7867
8521
8060
8175
8022
8230
8098
8594
8679
8899
25581
8922
8265
8473
8233
7881
8494
8155
8136
7827
8135
7837
7792
8087
7947
7674
8208
7709
8110
7920
7779
7953
8543
8333
8433
8484
8664
8466
8193
7826
7925
8797
8305
8127
8060
8469
7845
8534
8127
8679
8033
8320
8268
8533
8915
8754
8816
8549
8235
8200
8661
8115
8013
7644
7629
8085
7875
8072
8809
7964
7689
8038
8095
8000
8218
8473
8511
8141
8461
8363
8385
8731
9313
8005
8088
9135
8353
9150
8040
8368
8107
7776
8298
8093
7997
7716
31389
9815
7211
7609
8210
7574
8070
7851
8290
8368
7993
8055
7952
8646
8393
7408
7815
7691
8037
8007
8100
8261
8704
8378
8681
8396
8546
8639
8646
9256
8724
8676
9004
8802
8423
8073
8200
8411
8346
8018
7889
8228
9039
8162
8245
8591
9295
7826
8988
8864
9303
8751
8446
9273
9298
8776
9150
8686
8732
9326
8894
8706
9067
9586
8795
9476
8729
8757
9037
9261
8697
8992
8659
9283
8508
9042
9416
9078
8759
9208
9155
8874
9974
9108
9201
8431
8624
8727
8709
8587
9211
8902
8644
8639
8551
9227
8533
8659
8494
9035
8784
8539
8857
8393
9980
8915
10523
8812
8927
8403
8494
8872
9350
8867
7829
8478
8544
8489
9015
8343
9009
8952
8358
8353
9166
9153
8975
10368
8661
8501
8711
8935
8824
8912
8394
9369
8924
8448
9088
8647
8043
8406
8255
8664
8791
8421
8351
9138
8644
9029
8824
8907
7910
8801
8549
8634
8948
8541
8250
8897
9494
9732
8989
8468
8924
8641
8241
8711
8444
9291
9110
7907
8729
9373
8577
9303
8684
8977
8476
8902
8975
8611
9481
8724
8664
8922
8559
8964
7972
8554
9083
8766
9504
9190
7944
8574
8458
9586
8185
9325
8654
8619
9516
8734
9217
8784
8228
8719
8631
9564
8764
8674
8835
8649
8268
8945
8562
9183
9722
10313
8213
8987
9746
10167
10148
9040
8669
8917
8887
8609
8599
8574
8827
8787
9496
8854
8399
9608
9995
9015
8819
8637
9153
9158
9073
9155
8993
8820
8358
9193
8368
8636
8734
9100
8246
9278
8576
8501
8764
9421
8712
9697
9203
9553
8807
8394
9681
8213
9704
8197
8749
8491
9995
9024
8845
9138
9626
9135
8988
8609
8476
10175
8787
9231
8587
8561
8920
8428
8449
8569
8637
10511
9053
9145
9366
9378
8559
8877
31742
9020
9065
9686
9363
8516
8536
9178
9092
8581
9105
8749
9539
8601
9035
9959
9238
9691
9306
9356
8769
10090
9017
8982
9271
8812
9819
8601
9551
8538
9167
9062
9251
9246
9426
8872
8780
9280
8847
8794
8754
8483
8982
9659
8671
8584
8601
8958
9338
8160
9877
9722
8787
8231
7436
8393
8276
8444
9060
9368
8443
8549
9318
9456
8386
8664
8910
8721
8885
10005
8872
8511
8704
8446
8925
8328
9266
8421
8734
9914
9203
8862
8972
9253
8978
9531
8579
9534
8935
8586
8593
8777
8702
8434
8607
9366
8727
8393
9361
8506
9250
8942
9070
9496
8694
8887
8942
12416
8566
8183
8814
9837
8295
8283
8521
8248
8596
8378
8561
8065
12769
8920
9890
13746
7827
7704
7611
7571
7155
7273
7413
7543
8073
7631
7558
7594
7348
7792
7562
7924
7576
7584
7719
7932
7796
7651
7566
7504
7616
7429
7446
7774
7686
7717
7619
7441
7428
7599
7636
7697
7739
7824
8100
7995
7887
7583
7504
7525
7744
7596
7546
22829
8100
7847
7711
7654
7814
8007
7689
7952
7486
7807
7982
7706
7850
8040
7864
7950
7997
7689
8153
8105
7920
8338
8395
8062
7694
7932
7977
8013
7965
8203
7984
7514
8910
8523
8406
8694
9371
8203
8491
8328
8098
8263
7897
7809
7651
8034
9694
8796
8612
8228
8902
8466
8820
7606
7205
8157
8406
8376
7759
8456
8233
7130
8143
8534
7370
7967
8460
8409
8717
8314
8077
8248
7737
7742
8358
8524
9962
8458
8476
7990
9087
8439
8107
8581
8396
8702
8328
8379
7691
7992
7767
7932
8383
8491
8582
8832
7904
9303
8627
8496
8456
8511
8436
8338
8376
8573
9374
9258
8353
8185
8594
8629
8318
8674
8539
8451
8170
7920
8338
8053
7919
8190
8752
8316
8506
8313
8654
8528
9105
8559
9251
9012
8218
8756
8458
8529
30411
8430
8010
7965
7762
7627
7361
7636
7973
7534
8065
8172
7982
7797
8183
7548
7574
7930
7533
7799
8203
8546
8053
8837
9396
9564
8599
8418
8206
7970
8275
8128
8596
8779
7970
7746
7830
7769
8072
7622
9245
8133
8025
7928
7596
8010
7751
8087
7526
7877
7967
8140
7822
8882
8619
8183
9230
8536
8544
8399
7942
8435
8504
7526
9072
8032
8371
8260
8456
7882
7697
8648
9631
7975
8027
7997
8047
7805
8348
8030
8270
8624
8564
7729
7598
7473
7867
7676
7905
7997
7676
8165
8320
7845
7488
7626
7684
7105
7646
8238
8226
7604
7566
7739
7684
7426
8281
8270
8212
8341
8441
8163
8366
8025
7616
8025
8100
8303
8250
8010
8842
8496
8644
8671
8167
8496
8659
8604
8759
9261
8553
7729
7559
8526
8335
8501
8531
8639
8623
8245
8140
8436
8349
8421
8170
60665
9268
8826
9002
8573
8651
8536
8922
8022
8248
8217
8143
8100
8391
8338
8508
8528
8283
8644
8015
8316
8809
8764
8537
7745
7852
7538
7488
7619
7602
7704
7888
7867
8062
8298
8757
8744
8030
8042
8027
8145
8739
8448
7862
7784
7637
7636
7649
8027
9166
8619
8922
8622
7947
7486
7466
7754
8553
7907
7827
7659
7659
7516
7729
8047
7353
7637
8002
7940
7717
7887
7760
7895
7657
7632
7712
8163
9077
8343
8003
7729
8075
7622
7706
8050
7980
8228
8033
7694
7900
8323
7809
7895
7546
8053
8170
7809
8030
7907
7644
7851
7895
7990
7945
7827
7579
7739
7727
7887
7731
7720
7602
8170
7634
7900
7789
8040
7817
7726
7652
7571
7746
7774
8125
7639
7824
7914
7679
8022
8278
8039
7897
8345
8012
7776
7849
7832
8288
7774
7914
8000
7949
8070
8077
7862
8506
8431
8459
8333
8569
8839
8253
8474
8351
12225
10476
9258
9411
7930
7451
7672
7892
7639
7882
7589
7579
7624
7862
7740
7752
7632
7674
7902
7844
8025
8020
8100
8062
7900
8150
30115
8243
8042
8120
7850
7876
7920
7935
7697
7835
8684
7721
10007
10145
10927
9917
9190
10925
10836
9955
9872
9771
9832
10125
10053
10020
11120
9857
10057
9564
9111
9982
10418
10684
10420
8196
10336
10023
10135
10676
9915
10626
9812
9508
10774
8844
10672
10295
11003
9974
9537
9970
10634
10578
9897
8431
8697
8541
8281
7835
7629
7878
8233
8333
8178
8255
7909
8446
8243
7651
7997
7804
8168
8042
8025
8228
8266
7952
8097
8173
8213
8218
7880
8060
8008
8365
8033
8193
8029
9378
10591
9596
8902
8393
28050
8624
8185
8246
7822
9354
8380
8501
8567
7992
8483
8105
8000
8295
8311
8351
8025
8088
8083
8257
7814
8145
8276
7952
8546
8223
8148
7937
8018
8065
8038
8060
8102
8007
8115
8117
8013
8088
7806
7861
7724
7812
7759
7647
8216
7894
7852
8177
7902
7972
7952
7908
7942
8107
8215
8166
8057
7829
8398
7666
8125
7904
7704
8253
7872
7909
7974
8125
7769
7767
7909
8072
7820
7664
7613
7902
7945
8025
7950
8045
7888
7979
7780
7825
7726
7852
8085
7812
8251
8093
7879
8190
8215
8000
8018
8025
7875
7917
7867
7699
7701
8040
7772
8969
7771
13426
7999
8779
7979
7960
8197
8093
8350
8356
8588
8401
8290
8150
8551
8574
8186
8456
8416
8684
8473
8358
8163
8253
8754
9293
8283
8384
8634
8586
8660
8448
8268
8664
8443
8456
8429
8361
8386
8869
8556
8223
8704
8030
8739
8481
8944
8609
8421
9198
8409
8809
9183
8699
9035
8789
8749
8917
9816
8792
9023
8494
8231
8586
9206
8958
8594
8118
8559
8444
8170
7937
8143
8190
8060
7785
8014
7679
7995
8190
8120
8213
8245
8065
7836
7978
8130
7990
8191
8058
8105
7641
7762
7739
7762
7772
8042
7851
8238
8090
7942
7694
7932
8005
7724
7784
7606
Duration mean is 8371.598994974875
Duration variance is 2.4980851513573047E7
