812682
26902
25305
25065
25140
25090
24814
24265
24265
24984
24738
25335
24398
24194
24586
23945
24184
24917
24242
23907
24783
25117
24615
24072
24070
24746
25510
24250
24731
24405
23952
23957
28686
29766
29799
27167
24976
25368
27651
29009
25428
24936
24817
26235
26796
26924
26966
26498
25744
26295
25759
25817
25415
26313
26601
26197
26380
26515
27117
27085
26198
26866
26583
26791
25212
24696
24386
24213
24624
24245
24485
24666
25330
24916
24513
24849
24654
24400
24944
25283
25689
25398
24448
25295
25493
25433
25283
25319
26328
25889
24621
24701
24716
25135
24786
25703
25649
25162
25641
25032
25089
25185
25716
25844
25568
25585
24203
25671
25190
24889
25894
24989
24543
24979
24897
24578
25521
25217
25425
25089
25586
25167
25598
24726
25513
25694
25175
25010
24749
24623
25486
25205
25395
24979
26287
25654
24891
24949
24906
25711
24352
24997
24556
25453
25313
24892
25227
26325
25092
24683
25009
25624
25553
25117
26255
24654
26233
25310
25112
25584
25563
26014
25851
26260
56437
24884
25759
26204
25944
25405
24571
24272
24445
25884
25270
24821
24022
24819
24526
25594
25448
25295
24678
24721
24599
25024
24726
24874
24836
25836
24891
24493
25015
24824
24345
24505
25813
25488
25425
25065
25272
25849
25057
25019
25012
24621
24980
25651
25149
24929
25247
25200
25941
26445
25355
24167
27455
26934
25718
24122
24157
24426
24313
24083
24408
24024
24475
24002
24290
24167
24257
25253
25737
28137
28955
27415
29656
29373
27911
28789
28964
28744
28490
29185
28585
28611
29548
28631
24951
24544
24085
25075
24778
24310
24609
24581
24644
24796
24796
25087
25749
30879
31207
26403
24954
23879
27495
24501
24747
24300
24315
26734
24423
24390
24869
24661
24851
24646
24355
24446
23854
24087
24272
24475
24428
24425
24237
24368
24217
24413
24581
24308
24315
24478
25372
24218
8083938
30864
26132
25421
25496
25343
26285
25175
25456
24834
25901
24335
25290
25135
26438
25661
25906
25713
26037
25564
25799
26182
26478
25974
25882
26159
26846
26373
25999
26145
26739
25945
26386
25669
27099
26638
26816
27268
26395
26180
26048
26154
26661
26390
26535
25824
26445
26601
27057
27350
26530
26127
26829
26520
26844
26485
26897
26245
27099
26463
25764
27417
26781
26914
26874
26634
26661
26947
26546
27222
27040
27097
27355
27618
25756
23253
23623
23658
24089
25616
26468
25751
25501
25884
25097
26232
25796
25694
25887
26403
25781
25771
26588
27092
25651
25819
26117
26020
25934
25648
26006
26237
26117
25947
25847
25453
25500
24984
25411
26142
26145
25601
26575
25518
24538
25089
25082
24528
24814
25819
25579
26170
26668
26530
26741
26022
26230
26618
26894
26402
26523
26829
26485
26684
26506
25939
25874
26355
26423
26054
24583
24416
24624
25072
24806
24776
24448
24608
24550
24709
26162
24686
24698
24789
24696
24526
24706
25997
25110
25147
25839
24756
24811
25022
24638
26633
26218
24779
24872
24902
25297
24739
24671
24787
26929
26094
26521
26631
26413
26772
26563
25756
24924
24668
24796
25050
25230
25047
25037
26188
26391
25125
25011
24989
25215
24847
24829
25793
25333
25215
25361
25213
25691
25922
25471
27350
26444
28210
27816
24443
23586
23576
23203
24213
24185
24064
24017
23929
24348
23729
23827
24370
25448
26611
28646
29240
28523
29668
29154
29097
29305
27022
28262
27533
28451
29260
28330
28057
29340
27841
29824
26839
25438
24169
24960
24871
25195
24696
24857
24781
24601
25148
25242
25035
30881
26127
24212
24142
53039
31012
27616
25442
25704
25892
26576
27017
26390
26308
26312
26480
26583
26656
26674
26816
26684
26486
26831
26456
27062
27285
26403
26776
26984
27255
25714
25087
25629
25047
25390
25125
25616
25929
25445
25175
25158
25343
25077
25380
25621
48761
26133
24686
25377
24523
25192
24761
24639
25035
25130
24533
24784
24726
25037
25959
25082
26223
25666
26040
25942
25626
25488
25869
25593
26237
26425
25072
24879
26648
27613
25039
25024
25260
25811
25461
27172
26872
24739
31104
28242
27833
25982
30819
28372
30696
29042
27954
25859
26531
26050
25761
25115
25838
25736
26743
26448
26438
26021
27541
25804
25876
26621
26463
26353
66545
27356
26971
25724
27182
26376
26205
25957
27252
27122
25922
26390
26293
26889
26787
25964
27029
27398
26527
25518
26959
28195
25839
25984
26217
27248
26609
27242
26631
25754
26037
25548
28190
26280
26308
24207
24015
23892
24260
24047
24994
24834
24771
24741
24455
24994
24689
24351
24653
24548
26566
29485
28769
29526
29012
28883
29891
29102
29392
30067
29894
30150
56421
30247
28736
28435
29057
29796
29441
25768
25094
25022
24430
24974
24857
24927
25363
25588
25372
25375
25746
25466
25595
28210
31137
30708
27347
24794
25114
25390
25518
25420
25365
25005
24924
25052
25531
25378
25629
24927
24854
25075
25296
25042
25232
25375
25205
24964
24751
25005
24871
25506
25460
24756
25258
25200
25350
24468
25110
25526
25824
25994
25157
25074
25182
24992
28323
29034
27430
26230
26383
26874
27628
26641
26237
26363
26977
26979
26248
26633
26601
26916
27229
27158
26288
26268
27325
27147
27488
27729
27345
27452
26836
26633
25726
25252
25644
25488
25345
25593
25525
25748
25323
26095
24593
24954
25368
25889
25368
25583
26190
25962
25178
24816
25844
25663
25155
25195
27473
26551
26069
25614
25823
27207
25411
25215
25403
25306
25565
25486
25190
25283
25490
8420712
25245
20628
20505
20370
20456
20160
20332
20353
20190
20190
20150
20250
20322
20438
20310
20253
20312
20107
20248
20298
20177
20185
20345
20160
20400
20556
20253
20333
20137
20169
20410
20222
20215
20182
20260
20333
20534
20202
20188
20260
20468
20202
20341
20187
20305
20306
20268
20198
20491
20107
20377
20165
20295
20223
20247
20215
20212
20222
20255
20293
20293
20193
20275
20142
20243
20315
20170
20316
20450
20227
20190
20160
20350
20272
20323
20117
20510
20290
20200
20159
20326
20157
20441
20135
20308
20225
20180
19992
20292
20142
20232
20270
20503
20195
20569
20260
20434
20162
20226
20240
20382
20170
20277
20198
42904
27663
27493
27866
27006
27062
27436
27997
27189
27333
27555
27240
28065
28613
26132
26555
27182
26308
26338
26466
27065
26077
26413
27070
26851
26573
26754
26363
27099
26152
25779
25932
47112
27112
26643
26629
26386
26032
26357
25513
26466
26393
27034
26661
27728
26578
26767
26360
27174
26546
27185
26651
24844
24378
24719
24763
24786
24699
24905
24794
25563
28421
30651
30257
28959
29208
29791
29054
30090
30926
27064
25886
25691
25959
25696
25430
25525
31651
29343
25069
24881
25059
25323
25579
24909
25375
26188
25336
25493
25280
24897
24892
24698
24726
24841
25069
25801
24661
25170
26107
26153
26475
26115
26119
26684
27135
25648
26786
26768
26876
26927
27824
25390
25528
25177
25508
25631
25794
25002
25744
26378
26204
25094
26165
25084
25744
25676
25152
25794
26195
25531
25994
25433
25481
25215
24924
24879
26472
26012
25483
25457
25922
36425
27059
25742
26982
26338
26193
25853
25751
26706
26287
26358
27338
26044
26912
26538
27353
25157
47511
25556
25158
25036
24626
24581
24701
26503
30495
30874
28866
29600
29372
29268
29280
28844
29911
29071
26405
25072
25252
25147
25345
25548
25092
25322
29127
25914
27610
26407
25039
25313
25099
25382
24621
25065
24992
24994
25470
25009
25367
24934
25127
24996
25142
25105
25375
25925
24897
25395
26044
25886
26039
26205
26844
26230
27032
25676
26049
26994
26779
26985
26233
25413
25140
25857
25388
25598
25503
25328
25501
26601
26220
26536
25388
25250
25200
25796
25365
25473
26067
25500
25879
25490
25237
25135
24909
25215
25365
25834
25839
25300
26117
26120
26498
26851
25651
25794
27024
26125
26092
26586
26947
26613
24390
24828
24904
25365
24747
24781
24919
24832
30907
29288
30001
28843
29814
27403
25591
25768
25448
24927
25031
25323
25548
29591
25037
26483
25709
25418
25415
47730
26054
25338
25100
25553
25333
25585
25548
25541
25262
24729
24827
25172
25253
25235
25009
25182
25326
25025
24783
24886
24563
25360
25534
25107
24919
25506
25808
25443
24578
25079
25218
26498
26100
25355
25022
25328
24859
24490
26523
24984
20591
20310
20240
20433
20245
20225
20323
20170
20122
20137
20147
20195
20465
20147
20185
20218
20155
20235
20355
20190
20177
20400
20015
20220
20182
20230
20440
20232
20157
20312
20250
20255
20147
20193
20172
20293
20247
20072
20345
20355
20155
20245
20255
20242
20192
20338
20353
20225
20158
20383
20202
20105
20157
12086753
32059
27192
25911
27250
27240
27167
26871
27343
27049
26862
27711
27972
27708
26970
27300
26776
26678
26841
25198
25238
26137
25856
25087
24927
25107
25337
26009
26142
26140
25648
25849
26295
25245
25751
26140
25318
25518
25037
25217
25117
25601
25175
26293
25658
25646
24443
24565
24769
28112
29927
26799
27493
25719
25543
25461
25182
25706
25283
25390
25440
25430
25563
24924
25286
25774
25445
25119
25230
25533
25160
25676
25510
25649
25403
25050
25433
25019
25989
25751
25566
25162
25296
25016
24781
25107
25170
24293
25285
25110
25400
24909
24756
24743
24924
25350
24762
29117
32242
30553
25571
27260
26185
30237
24959
27039
27430
27358
26824
26604
26981
26841
27275
27242
27107
26779
27000
27796
27333
26551
26778
27220
28024
27525
27556
27032
27052
52242
27307
28430
26724
27493
26498
27961
26010
26819
27044
27919
26461
26095
25856
27433
27142
26528
26789
26406
27250
26638
26992
26586
27255
27079
26298
27245
26386
27032
27495
27418
26852
27160
26456
27365
27160
26912
26478
27292
26766
27495
27373
27478
27365
27415
27062
26961
27586
27247
27390
26661
27288
27085
27498
27418
27571
27794
27405
27227
27009
26514
27769
28463
27278
27192
27273
27786
26783
26556
26766
26876
27471
26651
27309
26598
27403
26904
26694
26265
26774
27170
26987
27079
26546
26681
27039
26651
27456
26835
27084
26588
26804
27175
26754
27157
26548
27148
26350
27223
27822
26954
27215
27155
26410
27413
27137
27551
26480
26759
27002
26739
27405
26934
26731
27082
27352
26696
27064
26423
27475
26470
26811
8082068
34042
25907
26182
25924
26102
26094
25951
26738
26280
25646
26295
27327
25779
27115
25736
27222
27533
27956
27714
28338
27839
27659
28057
28335
28087
27996
28393
27944
28104
28012
25957
27160
27691
27385
27179
26323
27363
26097
26032
25759
26112
25976
26674
25919
26455
26854
26548
26052
26192
25861
27022
26436
26819
26939
26849
26348
25794
26799
31726
25911
26012
26079
25386
26258
25977
25848
26210
26167
26144
25939
26087
25957
26137
24959
25368
24671
26338
26561
26463
25866
26330
26613
26756
27977
27330
28831
30097
28751
29466
29864
28473
30759
28926
26260
25173
25833
25758
25495
26067
25884
25498
26448
27240
26611
25623
25503
26235
25606
26338
26939
26578
27362
26774
25992
25556
26050
26524
25137
25403
26293
25631
25674
25857
25568
49238
30743
24942
25386
25090
26659
26448
26069
26283
26002
25391
24024
23531
28077
28430
27373
29395
31781
28032
29997
27245
26260
26135
25767
25962
26027
26330
25613
25801
25523
25195
26029
25616
26117
25879
25531
26904
26195
25586
26355
26614
25644
25981
25664
25792
26037
26160
26162
25979
25634
26157
25729
25473
25661
25445
24852
25135
24671
25415
25729
25869
25813
25999
26543
26300
26237
26448
25691
26242
25892
25914
25601
26347
26073
24922
25456
25436
25237
25696
24788
24513
25165
24370
24468
25085
25555
25476
25345
25964
25580
25475
25272
25701
25536
25301
25559
25731
25979
25872
25348
24701
25310
25726
25162
25142
25247
25012
25468
25318
25581
25220
24746
25067
24986
25380
25461
25549
25576
25448
24718
24087
24378
24380
24185
24010
24149
24604
24618
24528
26188
25739
26132
25428
8081317
30899
26305
26077
26385
25989
25972
26674
25919
25154
25610
25240
25531
25298
25529
25546
26187
25481
25586
25961
25891
26237
26064
25608
26072
25783
26297
26185
26302
26461
25916
26119
25601
25711
25298
25335
25468
25312
25427
25788
26460
25974
26089
25927
25019
25548
25014
25723
25881
25485
25774
26463
25371
25410
25663
25626
26002
25829
25560
25864
25338
25658
25746
25368
25277
25463
25232
25390
25333
25413
25450
25704
26112
25508
25506
25979
26342
26034
26014
25679
26192
25872
25283
25626
25466
25180
24157
24543
24568
24117
24122
24381
27315
28084
28355
28470
28525
27869
25691
25766
26483
25965
26663
26165
25839
26663
26014
26044
25907
26629
26169
26609
26470
25836
25712
26633
26012
26969
26453
26534
25641
27109
26423
26786
26051
27586
26408
26052
26643
54488
27851
27042
26749
26120
26528
26571
26280
25882
26122
26152
25581
26734
26939
25162
25894
26057
26401
26951
26479
26566
26405
271168
48024
26461
26411
26014
26185
26926
25736
26032
25716
25904
26137
25866
26075
26548
26483
25327
25713
26771
26323
25686
25884
25857
26067
26351
25962
25769
24902
26456
26460
26120
25764
25250
25455
25964
25704
24757
25929
25966
25791
25796
25690
25854
24991
25756
26105
26360
26340
26109
25643
26381
25764
25987
25713
24957
25155
24646
26071
26019
25974
26335
25841
26159
25929
26167
26260
25448
25738
26268
25889
26428
26117
25000
25977
25591
25889
25987
25951
25774
26150
25789
25727
25375
25481
25618
25471
25646
26210
25556
25468
25866
25262
25510
25718
25608
25911
25892
26142
25887
25688
31430
26513
25944
26130
25847
25658
25628
26400
25626
25397
25794
25886
25959
25857
26568
25905
26195
26300
25654
26258
26075
25626
24999
25352
25746
26062
25794
26182
25744
25591
25471
25646
25340
25044
25984
26182
26114
25841
26405
25624
25305
26486
25894
26065
26265
26228
25696
26135
26060
25511
26458
26353
26493
24460
24092
23331
23102
24007
28729
25112
29450
28237
27739
27365
28049
26383
24443
27441
28210
27636
28370
27174
29032
27100
29029
24804
24608
25062
23977
24771
24681
24526
24313
24360
24929
25117
25299
24535
24656
24558
26335
25057
24764
25302
25145
25122
24789
24215
24927
24871
24633
24924
25205
55646
25989
25488
24814
25533
25257
25115
24734
24615
24947
24398
25154
25551
24490
24037
24503
24753
24713
25348
25002
24857
24734
24473
25067
24733
24633
24601
24408
24824
24586
25451
25480
25480
25152
25576
25473
24751
25067
24719
23626
23608
23639
24478
31381
26932
28280
27984
26486
25701
25871
26079
26042
25701
26017
26425
26035
25782
26135
25546
25852
26032
25831
25207
25621
25774
26037
26252
25874
25967
25278
25984
26022
25989
25564
25816
25965
25839
25793
25954
25801
25340
25767
25551
25470
25481
25533
25388
25232
25646
25316
25455
25476
25017
25625
24064
25148
25328
25773
25397
25395
25483
25340
25210
25292
25468
25991
25335
24926
24851
25279
25531
24295
25032
25360
25132
25180
25594
25724
25097
25611
25443
25087
25406
26105
24788
25632
25198
25488
25535
25677
26082
25518
44700
24857
24456
27528
25112
25523
25520
25227
25942
25746
25032
25300
25578
25468
25431
25638
25819
25696
25460
25107
25882
26506
25351
26122
25936
26155
25756
25275
25498
25330
25706
26024
26025
25002
26396
26089
26370
26330
26400
26042
26849
26280
26581
26172
25664
26032
25598
25914
25380
26102
25801
25802
26258
26427
25776
25864
26152
25595
25987
26016
25897
25701
25057
25841
25742
26065
26012
25849
25498
25771
25571
26548
26202
25245
25445
26027
26423
25919
25731
26112
25664
25872
25382
25416
25260
25754
25621
23433
23203
24937
23701
25288
24300
28253
29172
28591
28157
29308
28162
24786
26277
27954
28832
27985
29456
29193
29124
29378
26015
24867
25025
24894
24972
24702
24671
24331
24935
25140
24486
25228
24726
24924
24636
24573
25135
25616
24668
24590
24451
51751
25919
24701
25345
25663
26573
25623
24859
25075
25375
24902
26085
25463
25190
24874
24856
24995
25026
25862
25606
24904
24485
24591
24957
25065
25503
24115
25332
24548
25190
25200
25127
24418
24894
24711
25087
25175
25812
25674
25723
25644
26073
24666
25157
25009
23937
23799
23651
24025
27837
30635
27230
28824
26536
26325
26210
26115
26218
25992
25969
26463
25746
25997
25905
26117
26244
25559
26134
25869
25746
25618
25679
25719
25817
26458
25726
25806
26197
26044
26571
26072
25708
25546
25881
25726
25684
25759
25887
25415
26120
25531
26097
25761
26247
25709
25340
25573
25621
25034
25441
25112
25230
24619
24087
24152
24305
24721
25270
25395
25129
25503
25330
25431
25423
25162
25899
25799
25420
24949
25130
25192
24816
24809
25889
25322
25252
25170
25799
25488
25623
25342
25831
24821
24084975
31104
25531
25695
49760
26621
26298
25195
25802
25177
25568
26105
25120
25405
25112
25122
25351
25599
25443
24970
25167
25405
24854
25363
25989
24912
25285
24962
25393
25506
25681
25112
25247
24808
25200
25561
25064
25104
25032
24325
24015
24410
24242
26352
25142
24997
25203
25277
24946
25298
25195
25102
25070
25520
24869
24147
25052
25242
24874
24175
25114
25270
25420
25561
25067
25041
25067
25578
26002
24937
25656
25779
25511
24774
25847
26779
25616
26082
26062
25829
25626
25603
25458
25235
25766
25508
25683
25606
25458
25403
25385
24558
61136
26189
24777
25661
25553
25318
25275
25631
25222
25448
24729
25724
25728
25275
25157
25686
25769
25713
25526
25373
26107
25347
25957
25180
26042
25894
25907
25175
25889
25833
25297
25711
24819
25445
25323
25571
27140
25470
24907
25163
25606
25272
25776
25378
25734
25779
25275
25238
25027
25250
25615
25488
25040
26157
25440
25192
25475
24919
25403
25417
25270
25270
24957
24947
24909
25728
24962
24954
24910
25566
25272
26080
25754
25488
25901
25408
25388
25257
25328
24806
25240
25373
25614
25485
25506
25691
25694
25685
25659
25483
25706
25485
25684
25729
25867
25430
25463
25950
25879
25726
25235
25743
25367
23524
23338
23305
23247
24168
23732
24185
25147
24849
24550
24904
24468
24105
24420
24756
24776
25901
25150
25318
24811
24749
24450
23478
23267
23556
23623
23332
23684
23656
23258
23453
23009
23355
23453
23265
23606
23634
23704
23789
23578
23734
23501
23468
23400
23816
23841
23155
23676
23505
23864
24801
24501
25373
25736
25346
24242
23891
24618
24601
25260
24498
24995
25115
25242
26007
25857
24904
22842
22865
23162
49120
24478
23510
24273
24683
25178
24521
24115
24744
24739
24804
24428
23949
24505
24437
24541
24644
24959
25074
25234
25703
25388
25488
25140
25207
24691
24848
24874
24907
25195
25720
24969
25378
25591
25519
25280
24280
24543
24671
24568
24313
24867
24731
24784
24674
24210
25322
25425
25303
25132
25431
25721
24906
26253
24969
24846
25177
25337
24611
24701
24972
24985
25060
24912
24540
24465
24486
23927
24470
24213
24297
24548
24936
25122
25311
25067
24536
24854
25045
25165
25122
24713
24332
24613
24965
24949
24420
25686
24912
24453
24488
24418
24082
23964
24598
24305
24626
24348
23841
24711
24693
24731
24478
24997
25220
24924
24706
24367
24298
25195
25132
25528
24905
25485
24719
26433
24846
25330
25332
26714
25044
25262
25243
25693
Actual mean is 49078.99899497488
Actual variance is 575489.8404186469
