813103
26912
24683
24534
24441
24882
25074
24523
24127
23889
25074
25834
25045
24471
24097
23972
30074
29663
30916
28197
24435
24796
25545
25550
28629
28759
28899
25133
24265
24437
26117
26498
25856
26613
25684
26197
26049
26020
25842
26014
25864
26503
26482
25748
26515
27077
29162
27669
26205
26029
27057
26570
26278
26064
24451
24343
24721
24609
24361
26207
24506
24648
25368
25320
23894
24844
24836
24713
24871
26012
25742
25563
26411
24563
25210
25510
25942
24887
24701
24480
25500
25927
25671
25874
25649
25598
26190
26583
52300
26074
23766
24303
24144
23949
24373
24588
24483
24034
24110
24934
25159
24811
24613
24580
24736
25405
26277
25411
25285
25378
25157
25200
24944
25185
25350
25613
25217
25546
25618
25318
25143
25411
25140
25395
25558
24874
25711
25426
25292
25009
26180
25886
25303
25613
26215
24871
24774
23203
22985
22641
24009
25799
24678
23816
24072
24716
24202
24009
24137
23912
24059
24067
24473
24877
24656
24173
24295
25944
24370
24816
26315
25563
25644
25894
25426
25117
24844
24578
24561
24448
24495
24944
24656
24566
25368
25779
24112
24448
25178
23919
24182
25568
25591
24423
25922
24714
24029
25234
25664
25568
25431
24960
25232
24754
24847
24871
24801
24972
24946
25202
25606
26322
26157
26300
26574
25639
25919
26217
27403
26270
25726
26428
26157
26185
25803
23515
23461
23473
24410
24804
23453
24137
23764
103176
26566
26277
26337
26574
26578
26664
26660
26112
26169
24934
23343
25232
25235
24368
24638
24985
25516
25744
25197
25491
25581
26886
26854
25929
26242
25546
25030
24363
25440
26142
26528
25726
26218
26788
26099
26525
26290
26976
26779
25381
26711
26044
25515
25951
25954
26293
25646
26157
26144
26466
25891
25508
25941
25909
26448
25717
26358
27240
25961
26646
25904
25944
25493
26508
26440
26240
26267
25882
26057
25170
25621
25713
24263
26032
25728
24072
25530
26345
27017
25819
25831
26470
25523
26636
25827
26270
25034
25443
26367
27560
26027
27373
25538
26952
26230
26215
25586
26237
25779
26155
26435
26092
26455
25826
26107
26317
26240
26030
26215
26615
26337
26663
26531
26531
26443
26746
26651
26411
25832
25691
26147
25628
25814
44897
28839
26651
27147
26764
26145
23773
23894
23866
23463
24603
24282
23416
24034
24150
24611
24340
24220
24851
24313
24275
24283
24120
24470
25448
25844
25768
25967
27232
26060
25453
24579
24629
24576
24789
24940
25059
25370
25060
24430
25288
24383
24342
23337
23323
24237
24275
24207
23962
23664
25476
26398
25944
26455
25132
25183
25114
24273
24260
24045
24430
24027
24112
24027
24476
24203
24014
24089
24486
23706
23856
23889
24611
24139
24067
24150
23724
24045
23831
24170
23762
24045
23753
23686
23964
24055
24042
23902
24340
24208
23880
23947
23636
23946
24022
23942
23804
24149
23892
24088
24115
24173
23326
24110
23528
24292
25180
25195
24059
23704
23729
23981
23919
24099
23443
23596
23870
23446
23941
23541
23929
23533
23754
23811
23731
23719
23766
24508
24190
23962
23726
23864
23781
23985
23879
23631
23230
23746
23769
23831
43546
24292
23601
24681
24891
24162
24040
24002
23603
23759
23741
23426
23122
22761
22879
23193
23140
22956
22910
22696
22668
22839
22851
23603
23290
23225
22829
23578
23062
23591
23190
23025
23180
23445
22954
23829
24140
28636
27318
28145
32254
29350
25879
24015
23358
23503
23463
23757
24190
24791
24378
24238
24095
24277
24512
24322
24008
24798
26253
29343
27841
28646
27550
28087
28180
28445
27658
28175
27523
27643
28766
28738
27741
28318
27054
24854
24526
24942
25471
24829
24739
24751
24659
24524
24104
24985
24936
24162
28182
31530
27052
24277
23972
25172
23909
24752
24819
24716
24598
24686
24899
24859
25204
24493
24874
24621
24247
24085
24184
24564
24318
24533
24771
24636
24465
24929
24087
24315
24305
24858
24476
24408
24207
24383
25301
25372
24433
24538
24445
24045
30382
27899
29681
28566
24736
25122
52248
24295
24322
24325
24235
24410
24861
26147
24333
24072
25305
24768
25546
26447
24268
25099
26219
25731
22917
22994
25250
25481
25082
26701
26352
26822
25012
24641
24721
23398
25270
27220
25657
26268
26461
26208
75809
25558
26761
26568
27345
26876
27272
27401
27899
28027
27686
28282
27971
27864
28167
27846
27150
25854
26992
26706
27255
28184
26719
27177
26064
26713
25872
26826
26681
26982
27127
27353
26546
27232
26333
27400
26432
26483
27894
27117
26303
27099
26571
27052
28485
26684
27465
26075
26741
26593
27062
27457
27010
26979
26573
26661
26924
26531
27122
25949
26613
27628
27132
26200
27125
26528
27473
27107
26102
27463
26388
26902
27303
27601
27117
26596
27779
26601
26605
26139
26734
27704
26856
27109
27443
26919
27866
26776
53736
26833
27120
27496
26525
27292
27651
27628
27082
26485
26708
27084
28032
26503
27671
26408
25704
27726
25255
27811
26298
27042
27580
27162
27054
26325
27411
27348
27283
26726
26991
27285
26480
27360
27421
26205
26353
26676
27128
28109
28586
25335
24117
25541
23874
24663
25112
25024
25974
25353
25601
25560
25445
24165
25728
25335
24107
24525
24977
24293
24619
25235
25030
24989
25939
24924
25175
24796
25022
24936
25677
25979
26377
26375
25729
26132
27295
26335
25291
26445
26355
25681
25794
26405
25761
25616
25763
26139
25971
25463
26633
25225
25483
26347
28047
26959
26558
26712
26543
26583
27232
26102
25746
26566
26949
26907
27619
26774
26678
27160
27095
27137
26614
25909
26462
26345
26262
26763
26633
26292
26889
26479
26708
26340
26413
25851
26198
26789
26774
50980
29134
26062
29967
24563
24178
24603
24475
25132
26498
26668
26749
27583
26195
25706
26867
26511
26846
26709
25789
25899
26054
27154
26192
26659
27004
26609
26767
31483
28285
27137
26841
27478
26588
27588
26576
25262
24902
25461
25117
25488
25345
25227
25217
26463
25991
24518
25413
25390
25490
25563
25621
25691
26937
26175
26743
25478
25606
24811
25420
27305
25896
27343
25859
25987
25513
25332
25240
24874
25884
26561
26560
26467
26022
25606
26104
29267
27169
26477
26894
26729
25250
25854
29798
26178
26751
26739
26857
27044
27147
27408
25545
25856
25633
25909
26300
25806
26112
27728
26451
26681
26580
26144
25854
25648
25100
25573
26896
30490
27283
25443
26586
26245
29661
27026
25422
25806
26135
25085
25135
25708
25734
26130
25724
25276
26889
26417
25175
25473
49668
26426
26150
26932
25648
27019
26713
25839
25936
25821
26193
26946
26678
25949
25420
27312
26052
26709
25821
24756
24430
25338
25869
25218
25711
25050
25475
26829
26355
26000
25871
25658
26052
25306
25373
25548
25696
26528
24939
24929
25681
25050
24854
24754
26548
25824
25378
26408
25413
25490
25831
25501
25391
25072
25433
25673
25701
25694
25691
25882
25618
25826
26862
26626
26373
29508
28077
25180
24623
24899
24397
25122
24985
25019
25643
25371
24960
25165
24957
26643
27180
29137
27977
30719
28599
29615
29257
30661
28907
30060
29947
28814
29350
29969
50297
28699
27796
25719
24669
24766
25496
25393
25169
25167
25987
25217
25992
25361
25661
25934
30586
27325
25117
24802
26137
25651
24874
25203
25177
25117
25757
25616
25771
25551
25283
25327
24802
25252
24864
52709
24084
24518
24896
25506
25995
24460
26866
25831
26328
25427
26515
25767
25952
26852
26769
26371
28862
29518
27260
23819
24155
24208
24322
24430
24072
24689
24119
24197
25222
27686
30024
28849
30285
30365
29269
29713
28586
29138
26440
26025
25543
25438
25541
25082
26037
26701
29009
26548
26558
25069
25265
25283
24919
25237
25132
25109
25145
24595
25265
25090
25538
25696
24821
25100
24964
25200
25082
28080
25378
26408
26538
26937
26164
26395
26841
26528
26962
26195
26453
26623
26346
25172
25075
26405
25905
25568
25488
26666
25859
26232
25182
25827
25742
26400
25899
25969
24896
25553
26476
26603
26646
26099
26092
24418
25914
24639
25195
27067
26538
25659
25801
25851
24342
25104
25505
25182
25057
25518
25275
24824
25929
24726
27194
26655
26721
27911
25756
24332
24478
24305
48736
25160
24663
24869
24626
24453
24416
24886
24323
24708
24991
24648
23784
23433
23697
23781
23706
23951
23857
23772
24846
25656
26373
24584
24839
24862
24445
24428
24568
24809
24872
27734
25686
26152
25255
24895
25289
24844
24450
24709
24595
25333
25060
24518
24789
24793
24794
25516
25345
24819
24563
24854
24844
26009
25268
24796
24879
24616
24763
24408
26140
28844
26428
25556
26014
26731
26748
26876
27423
26004
27089
26421
26739
26400
26659
26465
27260
26378
26739
27268
27095
27239
27718
27295
27054
26736
26841
25683
24643
25553
25573
25556
25824
25022
25769
26395
25082
24849
25280
25957
25483
25560
25809
26866
26395
25857
25092
31513
28784
34811
29109
31821
31669
30225
28704
31791
27601
32866
31967
28004
29140
33056
29027
32142
27620
29187
32235
32423
32661
49164
30947
33165
27939
33172
28363
33127
28676
25363
24974
26884
26150
25225
25969
27253
26502
27252
25901
27047
26192
26106
26425
25829
26756
27195
27243
27080
29435
27689
23854
23946
24270
23929
24651
24946
25052
24308
24971
25400
24839
25252
25027
26110
29205
28628
30350
29265
31132
28927
30172
28255
31077
29977
29160
29145
29062
30381
28520
28802
28260
29621
26337
25222
24849
25491
25599
25382
25832
25421
25468
25603
25786
25892
25400
30618
27105
30671
24808
28119
24930
28448
29751
29257
28165
29761
28510
28583
26848
23543
23666
23791
23932
23919
23746
24809
25553
25599
25240
25807
28897
28182
25891
24997
24666
24946
25002
24924
25297
25548
24982
25370
25039
25114
25358
25145
25611
25154
25271
25235
24957
25227
26764
25644
26497
26103
25884
26393
26671
27763
27006
27162
27208
26020
28027
25874
25651
26565
25984
25663
26187
25769
26205
25368
25884
25551
25295
25779
28388
25975
26611
26025
25829
25160
25716
25966
25914
26714
26698
25606
26197
27297
25668
27140
26222
25549
25508
25869
25864
25237
26112
25754
25794
25827
25681
25150
25819
25954
25694
25326
25551
25430
26772
26872
26679
26784
26751
26696
26322
26446
25859
26385
25170
26142
25458
25538
26694
25310
24959
25050
25245
25165
24901
25100
24634
29213
29635
30588
28894
29856
29044
28601
25799
25834
25182
25676
25403
25553
27881
26999
27729
27811
25330
24956
25523
25300
25423
25147
25609
25054
25368
25047
25253
24706
25772
25102
25209
25899
24914
24588
25651
26025
26069
26661
26330
26659
26907
26513
26996
27325
27165
26568
26470
25546
25699
25603
30854
46288
26769
26826
26478
25731
28320
27848
25814
25668
26242
27275
28613
25295
24849
24891
24904
25037
24772
24881
24954
30784
29496
29759
28999
29603
29055
28418
25834
25871
25601
25699
25480
25498
27060
27741
27989
26500
26214
26014
26811
26769
26453
26014
27367
26696
26947
26327
26290
26370
26453
26478
27611
26819
26197
26020
26327
26450
26481
26461
26180
27119
26789
26741
27132
26972
27132
26300
25621
25633
25726
25355
25412
25649
26079
26270
25863
26398
25232
27328
25937
27007
26396
27280
26909
26079
26177
26776
26453
26343
27300
25556
24874
24940
25127
24977
25466
25431
25681
25759
25598
25247
24814
24936
24381
24829
24445
25242
24874
25105
25458
24972
24882
25107
25255
25080
24631
25114
25691
25495
25112
24523
24841
24934
26068
25851
25247
24974
24692
24826
25263
28027
26380
48598
27170
27746
27457
28751
26603
26876
27283
27047
26598
26868
26869
27177
27052
26846
27566
27398
28020
27203
26897
26881
27481
26618
25674
25337
25924
25544
25495
26014
26039
26505
25728
24876
25215
25789
25566
25463
25959
26415
26851
25150
25824
27114
25784
25326
26295
25984
26386
27105
26205
25699
25776
26002
26492
26588
25947
26227
26645
25791
26375
26679
26796
26831
26734
26516
26861
26886
27749
26841
26654
26465
27699
27205
26902
26741
27525
26989
27511
26915
28001
27298
28506
27361
26992
27570
27155
26801
27573
27799
26613
27383
27410
27922
27691
28350
26814
27105
27593
27757
27165
27475
26869
27468
27453
26210
28090
27857
27140
27581
27689
27670
27578
27450
27754
28114
27733
27713
28245
26272
24074
24320
24679
24435
26545
26574
26571
25909
48182
26926
26761
26350
26207
27229
26611
27009
26844
26997
26874
26603
26641
26769
27002
26691
26804
27079
27551
26287
26696
26437
25728
26491
25849
25778
26817
26671
27193
25990
26160
25869
25516
25396
68364
26488
27120
27202
27383
27922
26789
26177
26483
26834
26987
27247
26656
27162
27809
27139
26779
26721
27150
26631
26368
25350
25496
25413
25654
25471
25495
25558
25619
25531
25661
28205
25453
25533
26183
25822
25686
25628
25671
25664
25608
26831
25924
25899
26566
25590
25753
26285
25852
25844
25578
25403
25882
25483
25616
26664
265080
50648
25728
25431
25127
26002
26781
26188
25498
25097
25365
24751
24821
25272
25257
25255
24921
24926
25178
24934
26054
25977
26773
27039
28523
27671
24772
24629
24500
23849
44851
25606
25353
25769
25906
26566
26593
26107
26353
28415
25373
24881
25157
25596
25117
25879
25363
26265
26536
26503
26543
25671
26979
25839
26069
26488
26227
26721
27224
26085
26405
27049
26442
26521
26478
26230
27102
27062
27117
26643
27704
26489
26373
26438
26976
27027
27441
26887
26485
26724
26077
26596
26862
27109
26899
26816
26931
27042
26475
26411
26207
26200
26949
26347
25721
26563
26782
26678
26600
26586
26947
26505
27242
27014
26598
27367
27661
26501
26478
26956
26273
26270
26080
27185
26360
26353
26555
26955
26856
26240
26563
26159
25619
26152
26346
27055
26539
26437
26077
25623
25872
25753
26347
26052
26546
26784
26936
25897
26679
26727
26566
26798
26004
27693
24245
24500
24819
24734
23967
24611
24475
24460
28067
29300
27891
29052
28696
30445
48009
30869
29518
27361
25197
25325
25007
25445
25466
24796
25337
32626
28149
24853
25115
25062
24889
25438
25152
25208
25405
25137
25237
25313
25025
24837
25267
24919
25308
24884
25338
25074
25005
25827
26153
26062
26362
26077
25945
26949
26275
26754
26333
26856
27062
25861
25293
25568
24909
25032
25130
24952
25275
25513
26115
26317
25057
25112
25440
25403
25235
25005
25674
25278
25791
25160
25114
25295
24643
24478
24876
25941
25706
24929
25142
25453
25771
26814
24303
27311
27215
26290
25641
25819
26696
26078
25784
27132
25976
26641
26610
27039
25714
24534
23879
24774
24833
24458
24315
24210
24997
29207
28428
29375
28495
29310
30443
28836
28999
29187
29465
27164
25526
25247
25285
25157
25102
25250
25545
28893
26252
26924
25778
24791
24699
25144
25495
24608
24951
25475
25240
25127
47503
24558
23701
23818
24070
23854
24811
23882
24062
23882
23743
23756
23177
25616
29262
28391
29628
29149
28090
29144
28222
30047
27906
28147
28703
29082
28806
29680
28706
28483
29742
24961
24719
23673
24976
24946
25403
24967
25133
24618
25260
25686
25278
25478
29343
32160
27099
24962
24152
25108
24894
24944
25177
25308
24926
25110
25523
25814
25463
25282
24673
25072
25431
25370
25180
25558
24528
24791
25307
24746
24832
24650
24821
25458
24829
24488
24601
25120
25626
25453
24869
24962
24754
24986
30135
26493
25696
25619
26300
27292
26728
27260
25801
26638
26591
26824
25975
25934
26188
26559
26387
26491
26859
26395
26959
27152
27099
27268
26307
27377
25558
24516
25674
25493
25310
25478
25478
25716
26020
24784
25310
25238
25147
25318
25363
25791
25936
24433
25162
25357
24505
26490
25420
25366
25222
25253
25278
25015
25155
25027
25678
26283
26090
25280
26534
25688
25992
25688
25538
26300
25310
25526
25144
26671
26069
27112
27658
24932
25952
25342
26227
25887
25179
25363
25673
25947
26025
26027
26145
26701
26891
26345
25037
24428
24408
24219
24796
24827
24307
24616
24624
24623
24613
24242
25245
29265
28142
29441
28929
28182
27758
28365
28223
29435
28332
28295
29685
28448
29330
28523
27922
25751
24967
24932
25681
25510
25070
25661
25157
25781
25342
25926
25776
30099
26122
24140
28064
24375
24992
25087
24759
25089
25252
25681
25125
25245
25618
24879
24584
25067
25520
25485
25448
24911
24969
24641
24851
25511
25007
25604
25002
25088
24629
25197
26019
25852
25169
24654
25230
25303
31849
27946
26686
26203
26104
27310
28049
26510
26598
26545
26914
26380
48658
24120
24515
24047
24114
24842
24085
24425
24200
23871
23821
24621
24601
23967
23455
26064
25285
25133
25170
26869
26075
26225
26433
26581
25739
25801
26655
26012
26945
26608
25500
25267
25445
25200
25139
26235
25332
24633
25097
25603
25448
25992
24767
25418
24964
25260
25277
24967
25072
46961
25129
25568
25298
25062
24513
24876
25352
25012
26358
25067
24769
25528
25523
25859
26481
25546
25684
25636
25320
25824
26153
25934
26503
25478
24365
24796
24558
25064
24739
24202
24270
25435
30139
29039
29453
28470
29630
28806
32182
25265
25506
25496
24869
25034
25052
25042
29498
27268
25673
24551
25074
24979
25080
24732
24826
24801
24751
24836
24906
24992
24616
24859
24786
24861
25282
25363
24851
24330
27006
25924
25876
26115
26262
26067
26794
25690
25759
26145
26726
26668
25786
25142
25127
47255
26154
24686
24558
24187
25601
25867
25866
25603
25084
25072
25281
25060
25050
25398
25503
25909
25074
25234
25420
25017
24852
24791
25523
25536
25122
25450
25774
25808
24947
26007
25563
25515
26315
25916
24724
25147
26012
26479
26864
25714
26192
26395
26022
25956
27508
23075
23232
23543
23646
25090
25721
27493
26160
26044
25731
25914
26395
25669
26873
26728
26058
26686
26598
26894
26636
26904
26382
26493
26709
26179
26515
26601
26360
25847
26669
26861
26310
26651
26380
27036
27019
25911
25513
25257
24831
24954
25809
25363
25513
25653
25526
25471
25962
25506
25157
25202
29318
24851
25550
25342
25142
24841
24930
25579
24871
25323
24944
25175
24784
24656
24728
24548
24585
24701
24425
25007
24473
24505
24739
24796
24719
24724
24701
26488
28297
27769
28899
26285
24335
26017
25278
51428
25059
24456
23979
24328
25137
25671
25015
25530
26482
24691
25581
26084
26065
26375
26821
26080
25752
26718
26162
24952
24268
24763
25035
24608
25212
24864
25180
24929
25768
24187
24578
24190
25433
25242
25150
24947
26147
26313
25227
25668
24315
25553
Actual mean is 26546.99825113676
Actual variance is 15690.686878065279
