98656
10191
8476
7511
7350
7108
7063
7195
7012
6977
7251
8311
8128
9157
8175
8027
7869
8491
7561
7850
7739
7717
7922
7857
8022
8127
8824
8265
7516
7674
7576
7704
7902
7962
7627
7701
7496
7378
7546
8624
7702
7551
7907
7689
7705
8050
7875
8057
7832
7556
7391
7637
7767
7987
7579
7959
8220
8047
7771
8506
7617
8379
7636
7920
8588
7578
7702
7559
7817
7789
8092
7606
8030
7884
7493
7849
7591
8010
8419
7822
7531
7596
7476
7461
7566
7426
7504
7599
7509
8132
7474
7656
7538
7711
7704
7637
7719
7569
7795
7514
7619
7880
7604
7519
7809
7907
7682
7913
8132
7619
7684
7047
7228
7481
7421
7543
7616
7925
7925
7654
7466
7000
6940
8972
7970
7831
7980
7765
7576
8819
7623
7741
7836
8062
8617
8068
7874
7899
7887
7749
8301
8416
8211
8310
8090
8253
7874
8045
8088
8132
7940
8180
7709
7794
7834
7820
7541
7519
7541
7524
7775
7762
7864
7694
7854
7739
7433
8040
7100
9857
7617
7122
7348
7313
7087
6915
7328
8028
7729
7691
7177
7108
8203
7383
7436
7258
7351
7559
7083
7699
7336
7328
7556
7596
7434
7681
7361
7935
7694
7651
8093
9032
8243
7699
8053
6897
7757
7817
8062
8796
7797
7180
7000
7306
6917
7218
7175
7233
8719
8255
7849
7694
8238
9150
7839
7529
7446
7582
8163
7549
7771
7363
7299
7619
7651
7664
7581
7658
7361
7751
7829
7701
7120
7358
7223
7606
7714
7749
7466
7692
7745
7368
7724
7709
7539
7569
7646
6985
7709
8074
7912
8191
8106
7985
8162
7872
8015
8065
8127
8033
7902
8143
8230
7895
7689
8561
8276
8310
8612
8090
8245
8148
8531
8000
7980
8055
7870
8063
8301
7964
7858
8247
7258
8593
8351
7799
7865
8253
7887
7519
7837
8398
9238
8932
8075
8048
7767
8010
8120
8000
7975
7977
8180
8142
7235
7203
7218
7443
8080
7235
7210
7228
7827
7251
6992
6887
6705
7195
7483
7328
7121
7744
8779
7902
8080
7910
8100
8097
7466
7617
8027
7348
7584
7474
10085
8050
7045
7301
7879
7140
7632
8175
7353
7303
7271
7709
7729
8057
7443
7394
7892
9509
7792
22866
8534
8125
8108
7649
7483
8225
8607
8494
8425
8388
8804
8248
8967
8979
8328
8386
8113
7759
7762
7313
7694
7436
7491
8130
8260
7365
9534
15566
7947
7985
7845
7401
7418
7349
7240
7283
7273
7220
7151
7884
8283
8864
17599
7970
8142
7468
7268
7281
7376
7092
7133
7333
7420
7576
8770
8659
13318
7982
8271
8461
8872
8356
8020
8078
8201
8709
8767
8125
8373
7817
7706
7945
7394
7095
7378
7955
7285
7356
7654
7462
7285
7469
7659
8120
9165
7604
9393
9767
8075
8885
7661
7909
8611
7749
7388
7048
7413
7178
7190
7002
7030
7233
7048
7309
7657
7180
7661
7506
7792
7634
7379
7874
7767
7942
7603
7654
7731
7140
7624
7619
7416
7388
7496
7611
7178
7526
7318
7599
7443
7724
7431
7742
7280
7532
7706
7594
7123
7338
7155
8340
9375
8681
10035
9757
9681
8616
9361
10002
9752
10190
9747
9017
9885
9845
9451
9338
8737
9075
9681
9288
10438
9117
9511
9676
9764
8952
7926
10882
9448
9652
8947
10113
9739
9654
9318
9360
9381
9626
10322
9912
9558
9596
10080
7646
7922
7533
7674
7830
7430
7730
7955
8053
7932
8133
8078
7877
7789
7874
7671
7676
7840
7579
7466
7950
7666
7890
7691
7764
7955
7716
7651
7884
7942
7694
8233
7872
7612
7659
7770
7709
8057
9258
9895
9862
10657
11163
9694
9293
7724
9057
7787
7679
7824
7445
7784
7514
7927
11899
8058
7889
7426
7543
8275
7829
7739
7754
8063
7689
7669
7744
7596
7649
7774
7468
7353
7744
7617
7634
8030
7741
7849
8042
7604
7687
7857
7664
7842
7794
7869
7709
7614
7772
8039
7852
7827
7756
7634
7679
7682
7774
7649
7622
7581
7491
7817
7489
7654
7661
7481
7513
7732
7496
7541
8078
7408
7614
7525
7639
7506
7757
7604
7930
7551
7617
7827
7571
7867
7672
7609
7370
7669
7496
7343
7383
7290
7536
8834
7697
7940
7902
7526
7569
7707
7661
7534
7762
7669
7762
7949
7840
7624
7834
7909
7532
7523
7696
7744
8480
7800
7431
7842
7496
7374
7697
9067
9360
9924
9461
9756
8639
9170
9308
9368
7955
7238
7508
7990
7731
7394
7827
7750
8501
7772
8376
7468
8235
8373
9498
8341
9551
9218
9059
8409
8561
7917
7839
7774
7934
7974
7817
7724
7857
8421
8067
7757
7842
7945
8110
7927
8201
8135
8270
8193
8295
8729
7649
7360
8145
7932
8446
8090
7985
8273
8593
8303
8075
8057
7955
8112
7658
8198
8004
7814
8258
7859
8082
8772
8181
8002
33002
7697
7899
7120
7879
8426
8483
8441
8010
8027
7048
7406
7333
7280
6955
7085
7155
6852
7063
7300
7546
7265
7146
7521
7571
7441
7897
7057
7491
7366
7248
7393
7085
7177
7602
9192
9854
9489
9864
7549
7948
32684
8930
8689
8278
8458
7830
7531
8648
8376
8070
8514
8320
8388
8475
9647
9108
8759
8343
7868
7960
8553
8739
8401
8939
9000
9443
9115
8747
8929
8809
8807
8584
8080
7897
7987
7281
7148
7656
7780
7857
7762
7809
8017
8087
8328
8105
8255
7556
8441
7905
7777
7744
9303
7712
7955
7561
7944
7741
8183
8877
8233
8967
9378
9318
8509
8702
8391
8760
8897
8511
8999
9205
9345
8692
8672
8694
8867
8689
9260
9619
8719
8774
8839
8594
8441
8799
8128
7907
7775
8196
7739
7880
8489
8521
8151
8353
8800
9205
8045
8308
7955
8328
8077
8365
9197
8789
8235
9296
8563
9246
8584
9052
8727
8902
8574
8692
8443
8398
8724
8774
8564
8834
8922
8584
8654
9080
8877
8947
8697
8935
8235
8338
8644
8461
8037
7664
8118
8353
8365
8681
9411
8734
8854
8634
8621
8995
8486
8982
9024
8531
8925
9526
7992
8599
8771
8987
8669
8438
9318
8988
8814
8940
9044
9130
9446
8942
9115
8370
9313
9305
8664
8731
8719
7965
8960
8955
8606
8922
9163
8829
9059
9044
8288
8564
8496
8641
8676
8428
8947
8132
8925
9243
9148
9025
8574
8481
9699
9308
9103
8913
8899
9238
9230
8564
9048
8842
8819
8400
8827
8464
9057
8632
9268
8751
8546
8752
8671
8849
8516
9002
8927
9158
9167
8653
9043
9077
9330
9511
8734
8774
8594
8945
8830
8646
8526
8624
9007
8767
9358
9163
8787
8781
9328
8398
8705
8428
8807
8714
8637
9067
8792
8381
8238
8048
9073
8777
8313
8885
8804
8085
7837
8323
8521
8933
8677
9058
43062
8905
8614
9291
8423
8601
8591
9654
8834
21704
9019
9122
8875
8692
8323
8822
8388
59757
8882
8789
8476
8160
8285
8433
8421
8942
8777
8945
8456
10346
8859
8624
8388
8370
8624
8835
9033
8702
8987
8741
8637
8458
8805
8584
9794
8779
8568
8771
9028
8689
8514
8794
8769
8993
9175
8662
8849
8539
9301
9131
8819
8398
8804
8985
8972
9002
8794
9090
8809
9203
8795
8433
9128
8496
8857
8538
8730
8959
8682
8511
8501
9100
8170
8872
8809
8626
8915
8466
9273
9133
8834
8744
8963
8656
8709
8303
8857
9052
8752
8523
8957
8905
8589
8842
8022
8731
8463
8669
8945
8754
8150
8774
8614
8734
9020
8872
8138
8324
9043
8586
8641
8428
8637
9391
9175
8646
8934
8589
8501
9123
9022
8817
9010
8832
9799
8754
9158
8729
8414
8614
9360
9358
9065
8656
8460
8859
8736
9138
8663
9022
8671
9218
9110
8551
9100
8631
8546
9055
8807
8767
8494
8599
9566
10135
8666
8790
8388
7887
7832
8043
7895
8586
9343
9604
8990
8718
10092
8822
8682
9132
9045
9015
9130
8842
9959
8588
8619
9157
9365
9155
8608
8566
8423
9236
7958
8108
8716
8619
8491
9310
8027
8859
8819
9470
9000
8612
8781
8985
9172
9205
9042
9381
9008
9168
9272
9416
9095
10301
8849
8729
8797
9135
9002
9070
9070
9403
9015
8596
9258
9531
9160
9153
9181
9293
8751
9165
8749
8105
8220
8776
8569
8609
8789
9171
8566
8869
9050
9065
9140
8230
8428
9320
8839
9030
9205
8671
8458
8882
8882
8418
8621
7814
8373
9260
9260
8584
7568
8544
8015
8786
8607
8283
8386
8686
8371
8694
9077
8959
10574
8807
9073
9903
9060
8979
8862
8340
9033
8338
8564
9027
9082
8275
8501
34398
9942
7876
7333
7237
7165
8185
7919
7396
8068
8338
7849
7578
7955
7616
8103
8964
7922
7250
8208
7749
10350
7792
7972
8641
7544
7887
8143
8724
8481
8456
8015
7679
7403
9847
8794
8281
8396
7687
8446
7503
8727
9098
8170
8301
8175
8421
7752
7890
8301
8048
7829
7504
7845
8070
8037
7504
8200
7830
7684
7894
7707
7954
7571
7887
7511
7539
7922
7847
7769
9210
7722
7885
7952
8180
7970
7959
7920
7667
7987
7238
7767
7496
7458
7830
7900
7932
7804
7893
7914
7666
7664
7751
7664
7912
7852
8088
7934
8326
8371
8378
7573
7591
7862
7587
8381
7777
8010
8677
8576
8047
8559
8531
8303
8311
8319
8493
8456
8784
7995
8389
8491
8092
8398
8639
8769
8350
8782
8601
8378
9027
8493
8318
8248
8669
8609
8458
8470
8504
8929
8469
8293
8368
8599
8631
8689
8882
10769
9210
9451
9185
7857
9313
9165
9692
9779
9960
8661
9526
8611
8147
8058
7982
8162
8182
8078
7937
8080
8368
8250
8378
8401
8248
8050
7897
8285
8411
8175
8935
7809
7821
8120
7619
8012
8554
7900
7699
7646
7975
8216
8930
8739
8338
8572
8176
8539
9197
8275
9634
8957
8643
9215
8333
9020
8165
8420
7842
7887
7677
8296
8211
8371
7767
8070
8030
7992
7958
7789
7962
8033
7967
8067
8368
8030
7784
7995
7830
7789
7543
7584
7829
7624
7724
7383
7731
7424
7468
7393
7634
7364
7889
7892
8068
8033
7830
7880
7704
7491
7584
7518
7498
7689
7741
7556
7641
8082
8286
8709
7716
8265
8639
8185
7604
7802
7948
7845
8285
8032
7827
7521
7824
7651
7709
7769
7709
7757
7781
7704
7471
7907
19782
8200
7789
7993
7669
7867
7860
7603
7862
8033
7912
7308
7579
7441
7684
7613
7589
7637
7669
7810
7772
7814
7634
7443
7864
7826
7416
7481
7716
7278
7473
7469
7534
7433
7501
7531
7957
7586
7672
7501
7677
7511
7877
7724
8088
34388
8075
7985
7809
7786
7892
7802
7699
8173
7993
7810
7784
7785
7834
7784
7759
7839
7797
7596
8078
7591
7689
8025
7912
8434
7712
7561
8020
7413
7506
8796
7641
7643
7499
7626
7759
7709
7541
7706
7421
7644
7321
7238
7589
7779
7468
7356
7684
7363
7546
7631
7469
7333
7393
7451
7604
7582
7747
7734
7453
7283
7378
7636
7606
7591
7424
7571
7556
7403
7416
7479
7436
7657
7394
7454
7554
7584
7822
7413
7719
7586
7527
7709
7551
7396
7644
7539
7624
7566
7719
7644
7463
7892
7784
7599
7909
7649
7754
7153
7291
7451
7503
7573
7596
7562
7549
7795
7654
7638
7894
7438
7378
7719
7492
7649
7469
7807
7784
7281
7631
7751
7355
7829
7318
7460
7561
7654
7460
7581
7421
7649
7498
7301
7626
7360
7446
7554
7767
7594
7574
7494
7692
7553
7616
7501
7592
7704
7433
7742
7561
7726
7762
7706
7533
7566
7499
7398
7644
7842
7842
7293
7619
7732
7611
7671
7714
7684
7599
7629
7544
7771
7436
7646
7847
7486
7365
7494
7517
7541
7544
7709
7790
7598
7915
7556
8288
7905
7746
8145
7837
8210
8033
7815
7915
8072
8481
7932
7659
7794
7651
8040
9388
7947
7596
7135
7288
7037
7399
7045
7456
7231
7015
7157
7188
7107
7168
7090
7117
7188
7118
7496
7200
6988
7315
7074
7025
7366
7147
7200
6969
7083
7000
7146
7250
7108
7090
7368
7280
6850
7293
7251
7168
7203
7388
7609
7491
7237
7426
7042
7030
7431
7464
7160
7160
7298
7273
7130
7451
7559
7208
7245
7642
7413
7331
7551
8073
7777
8078
9994
11190
10231
10606
9737
8519
10235
9649
10819
8268
7453
7413
7546
7398
7268
7566
7384
7599
7385
7438
7584
7418
7413
7649
7704
7571
7839
7692
7711
7715
7591
7789
7915
7882
7815
7589
8027
8063
7892
7631
7975
8098
7970
7732
7927
7887
7845
7982
8531
10744
7794
9910
10912
8546
9674
10561
10541
10546
9303
9852
10536
10677
10040
9401
9711
9897
10516
10526
9068
10398
10070
10637
9995
9531
9959
10453
36037
8629
7769
8146
7628
8287
8015
8772
7754
8661
8556
8283
8246
8265
8786
8180
8198
8191
8618
8230
8543
8699
8606
7869
8759
8401
8359
8040
8358
8602
8233
9504
9047
8654
9195
8636
8892
8576
8100
8223
8333
8952
8701
8446
7092
8929
8521
9037
8140
8381
8301
8970
8598
8504
9155
8846
9077
8739
8519
8784
8649
8701
8464
9105
8749
8754
8345
8225
7995
8576
8942
7802
10202
8829
8872
8761
8779
8827
8812
8879
8684
8126
8318
8607
8451
8494
8817
9351
8288
10602
8461
8567
12363
8353
8449
9135
9120
10105
8020
8955
9489
8629
8947
8533
8874
8461
8403
8501
8897
8434
8296
8787
9212
9275
9093
9140
8448
8862
10148
8839
8599
8288
8501
8701
9090
7937
8639
9090
8732
9165
8333
8449
8421
8120
13044
9351
8654
8333
8897
8473
8594
9737
8248
8273
8739
8594
9155
8571
8759
9583
8458
8797
8809
8304
9483
8551
8912
8709
8814
8308
8621
9305
8383
8644
9466
8850
25942
9150
9518
9040
9358
8511
9120
8807
8756
8832
8471
8925
8576
8799
8702
8464
9200
9035
8624
8649
8671
10448
8654
8207
9410
9531
9669
9406
8900
8603
8691
8319
12321
8741
8664
8343
9572
8604
9411
9546
9283
8449
8646
8865
9421
8847
10070
9782
8456
9245
8937
9255
8817
9070
8659
8701
8270
8295
8709
9621
8761
8110
7321
8183
9029
8100
9023
9085
8704
9125
8440
8802
8734
9559
9000
9105
8657
10062
9005
8739
8912
9020
8262
9331
9481
9243
9666
8827
8771
9023
9155
9692
8882
10167
8732
8836
8922
8668
9203
8514
8689
9160
8553
8686
8746
8835
8626
9175
9065
9162
9151
8629
12185
9383
8218
9127
9604
9005
9370
8745
8591
8579
8631
9012
8747
8227
13692
11546
9401
10479
7857
7589
7553
7881
7847
7564
7441
7968
7454
7624
7323
7413
7706
7323
7348
7423
7682
7767
7498
7544
7614
7601
7521
7613
7762
7820
7636
7684
7441
7581
7298
7330
7669
7576
7218
7370
7504
7679
7684
7734
7861
7574
7403
7328
7448
7552
7428
7532
7644
7677
7689
7349
7416
7501
7596
7667
7514
7589
7694
7699
7463
7704
7711
7754
8628
7649
7484
7576
8007
7895
7928
7764
8118
7716
7790
7371
7656
7656
7582
7867
8729
8529
8035
8692
8250
9027
8280
8701
8802
8751
8990
8617
7997
8193
8147
8003
8381
8910
8889
8825
8719
8310
8541
8454
7426
8191
8543
8436
8215
8448
8995
8669
7286
8649
8974
7065
8345
8250
8493
8491
8706
8937
8045
8010
8010
8185
8732
8115
8295
8270
8839
8809
8416
8125
8095
7864
7706
8646
8441
8644
8103
7945
8068
8143
7940
7965
8516
8629
10067
8786
8749
8268
57221
9104
8781
8544
8666
8398
8591
8391
8775
8722
8917
8646
8359
8759
7869
8566
8298
7910
8253
8905
8601
8376
8526
8559
8762
8802
8450
9165
9426
9020
8681
8208
9125
7742
9526
9282
9102
8761
8268
8661
8444
8737
9063
7920
7832
8443
8155
8120
8107
8088
7958
8248
8183
8228
8268
8331
8185
8327
8771
8464
8612
8168
8574
8859
8732
8443
9009
8892
8633
8774
8389
8607
8215
8035
8217
8102
8150
8433
8265
8426
8396
8033
8704
7862
7799
8491
8722
8827
8706
8604
8765
8553
8832
8649
8694
9002
8238
8627
8451
8140
8536
8995
8651
8138
8503
8987
8581
8636
8198
9428
8573
8345
8844
9288
8654
8456
8797
8817
8699
8421
8801
8616
9130
11471
9706
9902
11787
11237
8983
9133
8476
10578
10070
9233
7569
7554
7538
7912
7744
7544
8008
7714
7975
7927
7927
7877
7634
7786
7691
7739
7794
7661
8062
7987
7807
8155
8326
8428
12433
10717
29621
8955
11543
9546
9784
9217
10175
9396
9797
10315
9032
10539
9807
10170
10293
9012
10897
7526
7470
7584
7777
7714
7496
7444
7429
7363
8331
7331
7466
7328
7679
7849
7872
8185
7474
7529
7564
7534
7866
7501
7433
7934
7503
7873
7814
7879
7849
7907
7882
7804
7939
7759
7898
8078
8165
7954
7969
8398
8130
7932
7822
8103
8205
7689
8025
7949
9654
10614
10290
10578
10614
10366
8962
8531
8318
9265
7546
8095
7850
7701
7832
7842
7689
8897
8288
8797
8078
8476
8213
8035
8230
8030
8135
8461
7885
7997
8123
7717
7852
8373
8450
8273
7982
8005
7945
8233
8130
8198
7950
8330
8052
8180
7895
8211
25686
8606
8328
8136
8195
7810
7810
8002
8185
7787
7984
8100
7957
8674
8278
8035
8192
8286
8180
7947
8072
8115
8278
8030
8083
8167
8019
8173
8013
7912
7810
8280
8015
8007
7764
7604
8042
7687
7689
8040
7932
8147
8160
8135
8035
7990
8217
8005
7962
7985
7937
7787
8363
8295
8145
8242
8073
8454
7990
7722
7972
7757
7925
7791
7850
7834
8150
7982
8010
7684
8137
12360
9684
10202
9623
12558
9363
10171
9572
10073
7888
7681
8611
8744
8446
Duration mean is 8425.592864637985
Duration variance is 2.4080344560697578E7
