781856
28759
25586
25779
25606
25122
26455
26560
27611
26821
27961
24123
22591
23162
23085
23143
22879
23701
24021
23786
23895
23689
23338
23979
24082
23510
23952
24340
24634
24616
26120
24305
24174
24322
24253
24458
24370
24118
24659
24822
24934
24413
24307
26679
28891
29355
27803
29774
28205
28786
27478
29420
28660
28679
28481
28954
28323
28894
28896
27684
24533
24227
24839
24598
24049
24767
24960
24764
24463
24583
24445
25242
24508
30280
27079
25704
24019
27448
24689
25180
24405
24599
24906
24250
24706
24539
24906
24578
24511
25879
24220
24140
23711
24546
24237
23939
24478
24034
24676
24317
24213
23989
24270
23831
24135
24217
24829
24997
24047
23899
24738
24882
24250
24443
24375
23764
27904
28004
28019
25728
24426
25055
25553
25608
28416
54159
26876
25034
24711
25626
26611
26546
27491
26005
26583
26278
26991
25536
25716
26746
26300
25370
26172
27052
26026
26701
26777
26215
26987
26233
26924
25826
24967
24914
24864
24724
24791
24834
24849
25701
25062
24155
24694
24796
24568
25247
24934
25175
25863
25693
24250
25362
25601
25899
24493
24651
24867
25160
25727
25952
25615
25515
25490
26107
26400
24149
27573
24796
27284
26849
26701
27874
27972
27338
25804
25558
25265
26042
25656
25505
25714
26305
24997
23803
25819
25751
25573
26905
27531
25465
25222
25323
25561
25488
25644
25571
25523
25842
24671
25024
23932
23416
24017
24390
24122
23902
24193
24819
25861
25738
26500
25420
25267
25212
24480
24062
24849
24509
24411
24072
24160
24237
24516
24450
23894
24826
23350
24533
23831
24471
24518
24262
24040
24114
23794
24047
23977
24267
48748
26308
26375
27070
27496
27493
26884
27124
28465
27380
26601
23891
24138
24842
25510
26360
24188
24989
26778
25295
26159
25553
25808
24971
26997
26733
26067
25689
25967
25004
24508
24960
26501
25964
25907
26957
27438
26295
26984
26556
27388
27536
26282
27378
26468
26184
26393
26469
26179
26150
25917
26393
25949
27315
25576
25609
26636
26886
26373
27285
26035
26438
26367
26227
26854
27215
25530
26653
25565
26969
25982
26668
25899
26994
25967
24471
27598
26402
24147
26235
27633
27147
26631
26347
26631
26536
25779
26596
25779
26195
24864
26666
27230
27839
27746
26964
25412
26265
26821
26641
26260
25962
27042
26761
26743
25876
26561
26295
26498
25944
26794
26485
26065
27225
26621
26438
26285
26411
26315
26676
26723
25969
26140
26363
25809
59866
25280
25518
26195
26190
25590
26804
26543
26352
25203
26771
25924
26132
26498
27315
26593
25798
26917
27833
26355
23686
24553
27160
26293
26621
27293
27771
28907
27666
25751
24922
26122
25954
26235
27050
27801
28227
27628
28791
28175
28605
28691
28425
28829
28859
26824
25741
26305
26107
27157
26873
28129
26826
26205
25816
27555
24989
25962
26014
25631
26842
26366
26272
27035
26844
27400
26163
25964
26090
25997
28182
25856
27142
27302
25894
27300
25450
25874
25939
25969
26340
26480
26523
25949
25351
27060
26052
26675
25808
26247
26202
25791
25949
26024
26857
26709
25144
25776
28568
26493
26611
26132
25716
27831
26500
25899
27919
26265
25411
25065
26707
26278
27282
26959
26829
25556
27871
26531
26503
25727
26134
26300
26408
26503
52340
24089
23619
23382
22946
23571
23054
24423
23596
23501
24235
23867
24016
23716
23746
23708
23994
23558
23504
23761
23581
23488
23669
23548
23676
23598
24200
23403
24203
23731
24209
23728
23791
24047
23869
25016
26204
23829
23792
22872
23686
23403
23448
23435
23623
23418
23431
23415
23232
23415
23926
23732
24168
23684
23658
24045
23616
23696
24173
23624
23320
23465
23420
23303
23548
23460
23553
23638
23994
24718
23982
23874
24069
23894
23704
23904
23773
23187
22814
22656
22301
22628
22503
22990
22884
22320
22460
22829
22894
22747
22797
22776
23834
23328
22972
23019
22927
23257
23443
23461
22927
23198
23854
25826
26651
28676
27992
28834
26335
29418
27027
23267
22744
23004
23270
23295
22961
23548
24064
23776
24127
24358
23879
23601
24408
24102
24209
25218
28937
28340
28538
29528
28726
27793
29386
27949
27465
27501
29756
27190
48893
29779
28734
28766
29132
27513
26679
24528
24037
24704
24535
24393
66001
26202
25104
25650
25852
25523
30165
31596
30481
27832
25654
27037
26207
26172
25609
25633
25250
25328
25480
25619
25463
26505
25047
24856
24478
24739
25626
25100
25631
25300
24921
24729
25187
24606
24448
25097
24435
25624
25149
24986
24902
25528
25723
25348
24749
24921
24939
24678
30714
27951
30144
26774
26082
26321
32107
29471
30112
25782
25879
26508
27441
26956
27287
27779
26834
26174
26556
27252
26009
27566
27049
26338
26743
27581
27619
31102
27029
27328
27954
27220
27075
27125
25906
25338
25816
25621
26287
25365
25338
27074
26140
25154
25528
25476
25155
25491
25533
26648
26340
26175
26184
25716
24977
25713
27004
26754
26190
25929
25553
25708
25322
25153
25611
26718
26669
48372
25643
25483
25769
26438
25160
25764
25491
25944
25330
26821
27215
25894
27719
27257
25995
25516
27931
23115
25242
26941
26640
26904
28145
27473
26397
26752
28341
26841
27014
26067
26970
26603
25633
27050
27906
27385
25636
26248
26260
26501
27658
24772
23410
24142
24618
23829
24428
24367
24055
24093
24728
24925
25014
25147
23628
24894
25235
25030
24240
24195
24453
24062
24828
24957
24879
25137
25450
24701
25237
24348
24566
25029
25590
26142
25766
26110
25397
26568
26659
25989
25335
26758
25543
25029
25563
25794
25089
25779
25836
26219
25581
26197
25270
24834
25586
26951
26105
26263
26593
26268
26082
26995
26890
25581
25671
26348
26323
26806
26884
25824
28167
26926
26455
26576
25919
26169
26132
25861
26313
26385
26736
26228
26293
26072
25614
25541
26212
26142
25638
26558
50267
26313
27234
27237
27079
26245
26195
26448
26554
26586
26926
26959
26729
27498
29706
31227
25659
24516
24198
24854
24821
24338
24661
24691
26092
33894
29200
30387
28982
29232
29834
30252
29380
29523
32442
26230
26200
25914
25335
25137
25408
25681
27664
33487
27886
25010
25182
24736
24969
25386
25476
25774
25440
25029
25220
24859
25303
25024
25666
24896
24747
24415
24328
24879
27904
25616
25563
26247
26230
25886
26593
26846
25799
27057
26270
26881
26523
26155
25556
25372
25558
25405
25503
25500
25586
26070
26022
25157
26070
25852
25671
26515
26040
25205
25430
27984
26531
26804
26896
24664
26703
25406
26300
26524
26518
26476
26448
25107
24704
25214
24751
25152
25383
25195
24964
25676
27352
27618
26929
29455
28115
24844
24601
24365
23990
24395
24361
49904
24826
25829
25128
23889
24061
25072
25232
25654
25009
26428
26105
25716
25295
25300
25989
25395
26152
26348
26453
27363
26345
25919
24934
24482
25538
26317
25380
25059
25678
26057
26187
28150
25944
26754
26861
25343
25142
24987
25092
24550
25250
26060
26273
25711
25698
25518
25944
24937
25629
25092
26030
24786
24280
25167
24674
24350
24897
25225
24912
24837
26305
25155
24861
25496
25949
25698
38969
27022
25981
27322
26538
26190
26037
25568
26214
26476
26967
26428
26135
26867
26415
26210
26278
25501
24114
24034
24852
26252
25375
25311
25074
25531
25591
26197
25741
25824
25541
25298
25683
25523
25508
25644
25551
26205
25666
25538
25941
25470
24569
25573
25932
25530
25380
24852
25408
25390
25303
25248
25328
25154
25273
25856
26094
25536
25570
25486
25353
26784
26861
26455
28257
26576
24506
24905
24754
25346
25486
25376
25275
25198
24633
25087
25606
26497
25904
27798
29408
28739
30699
28629
29691
29653
29957
29658
29769
29032
29365
28516
29476
29984
28005
28435
26879
25215
24866
25476
25343
24742
25320
25546
25355
25185
25069
25423
25335
30280
31894
26867
24576
24914
29285
25813
25029
25450
25125
25102
25639
25528
25872
25643
25969
24606
24501
25237
25207
25616
25122
25839
25233
25204
25260
25172
25476
24931
25210
25007
26057
25147
25020
24824
25322
25926
25748
25704
25310
25202
25962
28438
27944
25861
26042
26371
27906
26987
27320
26037
26493
26531
26747
26420
26531
26925
26508
26423
27001
26757
27137
27478
27082
27305
27744
27471
25481
25125
25283
25132
25866
25315
25029
25784
26446
25169
25696
25939
25157
25526
25475
26969
25866
24987
27889
26937
23561
23969
23428
23955
23937
24160
23986
23927
24265
25155
24393
23939
23706
23601
23645
23965
23746
24205
23891
23539
24904
24804
29032
29180
25867
23974
24270
24077
24866
24002
24032
24380
24019
24573
32578
31899
29982
28571
29736
28192
29398
29372
28858
32287
26441
25561
25684
25059
25070
25539
25483
28721
33530
28711
25295
25204
24783
25207
25281
25067
25138
25190
25157
25258
25486
25159
25476
25626
24854
24877
24644
24724
25453
26365
25947
26741
25643
25721
26751
25864
27074
26941
26616
26470
28139
25708
25177
26456
25405
25160
25599
24987
25486
25944
26032
26257
25032
24992
25290
25816
26090
25962
25576
25874
25821
25165
25425
26659
25970
25931
25503
26598
25944
26049
26934
26368
24979
25152
26383
25551
26371
25962
26330
25228
25598
25909
25376
25573
25285
25327
25536
50447
26852
27493
26367
25906
26303
26526
25819
25375
25239
25375
26287
25756
25360
25355
26899
24852
24932
25262
25239
25029
25165
24621
25491
31495
29663
30418
30791
28952
31410
29015
29463
28691
27473
24203
23668
28829
25540
25218
25521
25779
25674
25386
25105
30031
24774
27277
25347
25007
24721
25200
25300
25202
25265
24676
24853
25230
25082
24929
25037
25759
25012
25313
24621
24579
24744
27423
25691
26200
26601
26124
26736
26017
27024
26568
26358
26118
26561
25724
25551
25218
25391
24768
24962
25042
25670
25683
26142
25786
27318
26921
26265
25586
27200
27746
27225
25155
24288
24897
25027
24345
24904
24639
24877
28793
25471
25944
25719
25495
25400
25851
30152
24568
20930
20757
20506
20506
20525
20312
39400
21012
20430
20351
20494
20448
20230
20496
20363
20411
20267
20303
20345
20551
20333
20549
20333
20401
20327
20313
20338
20456
20205
20255
20514
20390
20338
20543
20368
20458
20323
20408
20255
20360
20325
20385
20287
27107
25408
25506
25485
25448
25137
25493
25140
25002
24694
25615
25050
25505
25787
24774
26671
26288
26445
26816
26222
27037
26964
26052
26879
26663
27203
26550
25558
26200
25651
25744
25856
25581
25366
25288
25801
25781
26293
25616
26829
25405
26857
27332
20671
20536
26127
24323
25158
25174
20556
20453
20248
20455
20182
20340
20225
20311
20233
20423
20243
20205
20399
20248
20250
20343
20187
20210
24751
20571
20325
20250
20095
20155
20130
20095
20125
20082
20198
20352
20328
20253
20381
20231
20275
20302
20228
20227
20433
20250
20301
20164
20416
20383
20330
20328
20268
20301
20292
20368
20388
20242
20476
20348
20335
20604
20421
20160
20333
20250
20347
20312
20318
38993
20919
20486
20554
20302
20235
20471
20177
20352
20393
20257
20428
20471
20272
20202
20258
20205
20447
20491
20397
20421
20208
20245
20419
20418
20195
20465
20252
20325
20388
20340
20222
20406
20436
20322
20649
20243
20496
20246
20210
20373
20338
20315
24984
29836
29016
28846
27538
28929
26327
27095
27400
27125
26726
24437
26072
25934
26596
26255
26846
26408
26641
26613
26932
26761
27012
25523
25719
26375
26352
27127
26017
26606
28067
26544
25749
27368
26486
26813
26987
26844
27100
26949
26754
27355
27493
27365
27007
27358
27410
27200
27247
26934
27668
27353
26701
27040
26571
27057
27405
26816
27077
26623
26255
27037
26418
26703
26944
27204
27493
26887
27423
26531
26593
27019
27212
26508
26140
27290
26154
26083
27265
26796
27240
27240
27260
26992
27307
27731
27310
26909
26769
26348
26080
26400
26220
26277
26423
59100
26589
27518
26684
26561
26681
25373
25879
26402
27283
26834
26719
26353
26676
25897
25714
26320
26258
27353
26839
27140
26327
27536
27383
27298
27132
26844
26034
24050
24509
25127
24856
24839
25258
24831
24962
28931
29508
29275
30308
28834
28681
29019
30365
28661
29082
26067
25906
25724
24995
25059
25386
24981
26057
28320
27273
26238
25367
25376
25152
25725
25490
25421
25145
25039
25350
24842
24884
25011
24959
24852
25195
25102
25273
25563
24416
25788
26102
25977
26621
26065
26315
26739
26192
26338
27308
26851
27144
25837
25024
25799
25432
26222
24954
25534
25410
26007
25945
25917
25150
25816
25335
25618
25225
25100
25777
26052
25811
25834
25423
25188
25167
25062
24922
26398
25621
25293
25856
25704
25668
26626
25212
26435
28788
28370
26620
26388
25849
26994
51536
25470
24596
27568
27588
30460
30468
29190
29628
31095
26565
31019
27801
30491
25350
24996
25914
25558
25653
25851
26162
25902
26233
25713
25911
26355
25608
26651
25375
25499
25726
26357
27531
28172
27736
25104
23792
23889
268534
48352
24644
23942
25591
28413
28453
29019
28816
28015
27803
29736
28556
28491
28475
28598
29372
28736
29511
27084
29603
28258
27621
25083
24458
24736
25112
25280
24996
25133
25533
25012
25551
25671
25493
27754
28809
25135
24210
28089
24427
25030
24797
24922
24601
24773
24624
25157
25335
24483
24819
24942
24564
24874
24821
25583
24986
25884
24947
24989
25172
24712
24748
24779
25310
25140
25249
24779
25148
25909
25959
25210
25325
24811
25187
27017
26213
25751
25766
26538
26773
26595
55105
25934
26127
26508
26540
26476
26854
26937
26525
26435
26492
27042
26986
26423
26420
28092
26413
27533
25017
24614
25528
25072
25356
25190
25365
25488
24977
25082
25022
25250
24992
25022
25064
25027
26074
25533
24766
26501
26536
24924
24761
25574
25946
25731
26355
25326
25089
25309
25520
25248
26030
26112
27342
25676
25971
26067
26037
26992
26297
26536
26362
26734
26265
27100
26674
26333
26460
26686
26826
26629
25894
26593
26636
27478
26049
26445
26300
26899
26924
26400
27291
26245
26954
26453
26327
27416
26025
26503
26904
27012
26606
27390
26538
26804
26565
27015
27513
27011
27134
25528
26784
27445
27045
25972
27809
27034
27227
26589
26603
26929
27453
26711
27132
26571
27377
27370
27465
26914
23647
24132
24113
24102
25540
26797
26475
27135
26192
25987
25996
27792
26686
26799
25539
26553
25954
26242
26696
26069
25985
26681
26788
26949
26000
26335
26946
26781
26062
25936
26158
25415
25791
25836
26060
26298
26297
27009
25405
24997
25100
24977
24784
25300
25475
25721
26143
26906
26814
26596
26899
26177
25779
26398
27387
26606
26904
26363
27350
27423
26425
26125
26611
26596
26232
24929
25395
24879
25503
25082
25529
25315
25077
25500
25313
26506
25119
24891
24962
25112
25021
25105
25516
24949
24791
25887
25919
25561
25260
25118
25077
26142
25656
25405
24531
25100
26123
25546
26190
27458
26278
27280
27271
26947
26678
26278
25528
24892
25325
25235
24886
25285
24706
26902
27302
25401
25137
25658
25174
25099
25302
25207
24884
24624
25082
24676
24594
24927
25195
26691
26633
26466
26180
27451
24473
24488
24340
24187
24318
24574
43626
25598
24886
23886
24495
24270
25751
24944
27969
30478
28506
29433
29465
29035
29367
28397
29586
27653
29516
29270
27886
28813
28127
29583
25882
24658
24841
26621
25415
24980
25253
25230
25323
25375
25580
25463
30643
26168
25087
24564
27726
24894
25345
25004
25044
24676
24866
25481
25137
24994
25004
24789
24519
25255
25135
24801
25147
24816
24738
24766
25420
25242
24498
24688
25348
24868
25057
24183
25002
25661
25518
25427
24897
24982
26102
30064
25877
26200
26194
26669
26922
27397
26809
26087
26268
26173
26052
25834
25979
26493
26466
26172
26032
27280
27157
26952
27014
27085
26719
27247
25977
25220
25160
25167
25235
25235
25387
25293
25771
24992
24734
24952
25426
25062
25731
25455
25946
25144
24890
25368
24769
25626
24954
24533
24846
25042
24676
25115
24912
24932
25310
25355
50579
24716
24794
25586
25872
25868
26019
26538
26495
28540
23808
23428
24443
23170
24099
24443
23523
23478
23691
24430
23025
24055
25200
29040
28067
29095
29783
27954
29370
28771
29688
28370
27663
25303
25217
25090
24965
25147
25342
25376
27578
26247
26849
25581
24247
24280
24671
25027
25192
24726
24445
24706
24942
24282
24375
24774
24659
24125
24350
24493
24593
24403
25177
24493
24846
26157
26523
25999
25659
25689
26388
26553
25724
26200
26598
26402
26420
25679
25022
24684
25117
24544
25653
24864
24974
24932
25483
25480
25368
25012
25491
24606
25346
24794
25218
25183
25909
25097
25526
24992
25174
24954
24673
24997
25065
25338
25450
24774
25406
25346
26603
25150
25922
25315
25212
25110
25752
25894
26473
27218
25807
23961
24230
24423
24573
23942
24212
24451
24160
54492
28641
28749
51418
28237
28175
25560
25227
24894
24979
25308
25558
26401
27500
27443
26128
24124
24639
24786
24977
24432
24987
24961
24601
24764
24831
24721
24814
24817
24443
24959
25227
25183
24967
25128
26525
25237
25992
25939
25663
26050
25997
25676
26172
26388
26613
26202
25906
24395
25483
25080
25265
25140
25088
25060
25909
25634
25758
24917
25024
25034
25077
25112
25229
25965
24859
25914
25097
25039
24886
24471
24976
24769
25629
24792
25283
25651
26220
24895
25089
25150
25709
25986
26213
25125
25646
26106
25428
26418
26029
25924
26230
26154
25866
26483
23047
23079
23961
23761
25744
26746
26656
26230
25174
26054
25977
26426
26155
26897
26015
27051
25809
26551
27423
26806
26882
26357
26478
26084
26130
26217
26348
25859
26208
26333
26724
26465
26255
26452
27138
25876
25248
25242
24857
45824
25759
24837
25495
25238
25388
24962
25611
24992
25212
24799
26746
25879
25149
25202
24641
25080
24949
25593
24781
24395
24676
25040
24749
24598
24777
24448
24676
24749
24787
24513
24714
24994
24370
24926
24794
24539
24233
28014
31769
27553
28806
25263
24265
25821
25678
30548
28593
27856
25874
26739
27718
26575
26526
27977
27255
25979
26817
26290
25771
26922
26884
27217
26365
26345
26819
25894
26965
26758
26212
27357
27992
26204
26212
27897
26465
26187
26515
26415
26703
26704
27478
26423
26829
26551
25985
26084
27243
26603
26656
27561
26558
27576
26029
26721
26282
26132
26423
27204
26588
27034
26478
26654
27200
26936
26779
26596
26460
26774
26965
26566
26982
26436
26466
26463
26734
26653
26831
26664
26438
26410
26944
27727
27035
26570
27360
26480
26631
48430
26676
26869
27102
26488
26077
25944
26194
26017
26819
26350
26674
26811
26621
26371
26936
27182
27140
26949
26756
26460
26661
26516
27087
26754
26669
26626
29882
26441
27029
27445
27388
27308
25608
25694
26009
28130
29869
27227
27653
26659
26719
27811
26609
26418
26503
26814
26383
26523
27343
26428
26949
26599
24160
26446
24895
24976
27237
25285
27736
25452
25777
25067
24854
25907
25784
25508
25849
24668
24255
25262
24957
24869
25255
24834
25300
25082
25082
25150
24907
25122
24591
25798
25117
25016
24752
24919
24107
24818
24752
24939
24594
24957
25247
25094
25415
24929
24583
24588
24117
24927
24463
25220
25704
25763
26603
27059
25471
25872
25047
25564
25323
25573
26598
25220
25413
25518
25100
26054
26415
25849
25724
25999
25914
25829
24861
25412
26573
26576
26275
47402
24478
24077
Actual mean is 26183.692153589316
Actual variance is 14792.330388276065
