91995
9256
8012
7679
7856
7614
7651
7842
7731
7581
7519
8744
7795
7434
7386
7075
7331
8037
7792
7666
7587
7538
7679
7982
7631
7932
8751
7850
7794
8047
8120
7925
7639
7719
7671
7995
7781
7802
7744
8664
7689
7198
7233
6992
7108
7213
7000
7120
7140
7073
6960
7295
7202
7180
6822
7170
6970
7166
7191
7528
7148
7088
7045
6949
6777
7090
7188
7030
7037
7258
7148
7010
7514
7077
7033
7053
6895
7153
6884
7273
7045
6975
7153
7406
7504
7596
8042
7706
8827
9032
7341
7461
8703
7158
7108
6983
7409
7193
7048
7157
7168
7438
7135
7122
6980
7217
7413
7902
7571
7548
7731
12022
11287
10075
10393
7341
7248
7095
7323
7333
7281
7298
7298
7133
7253
7276
7218
7268
7140
7548
7328
7529
7439
7584
8233
7947
7654
7491
8659
7667
7431
7371
7674
7579
7727
7211
7431
7604
7263
7123
7884
7596
7912
7341
7619
8030
7424
8228
9584
10313
7091
7253
7756
7408
7481
7531
7531
7780
7198
7792
7298
7697
7953
7977
7602
7566
7714
7411
7321
7802
7787
7554
7677
7503
7812
7519
9900
7724
7739
7461
8208
8177
8220
8176
8120
8145
7970
8085
8353
7829
7574
8902
7285
7789
7922
7741
7985
7868
8413
8153
7885
8072
7616
7731
8115
8115
7988
7977
8243
8138
8255
7845
8098
7954
8005
7855
8233
8037
8072
7807
7977
7964
7915
8117
7884
8486
7820
7967
7895
7889
7741
7970
7885
8080
8040
7958
8017
8067
8107
7930
7852
8130
8042
8191
8035
7832
7950
8532
8138
8275
7912
7746
7857
8115
8088
7955
7834
8351
7932
7844
7972
8351
8020
7518
7611
7501
7323
7840
7228
8120
6875
6887
7045
7178
7171
7007
7098
7173
7323
7719
7750
8012
7817
7722
7922
7304
7316
7657
7739
7604
7719
7504
8962
7636
7820
7484
7841
7553
7719
8173
7817
7847
7987
7689
7626
7894
7458
7817
7842
7807
8002
7594
7394
7804
8030
7714
7937
7694
7471
7667
7562
8100
7887
8138
8368
7814
9099
8421
7699
8343
8217
8058
8207
8060
7983
8398
7975
8095
8178
8161
8014
8037
8568
7591
7846
9726
7694
7541
7764
7869
7639
7702
7574
18636
7969
7902
7820
7987
7576
7691
7709
7904
7538
7351
7456
7737
7664
7646
7551
7756
7812
8092
7629
7835
7779
7356
7752
7438
8040
7819
7714
7969
7975
8065
8121
8005
7932
7787
8195
8065
7967
7885
7997
8097
7928
8018
7631
8055
7862
8063
8078
8128
8411
8163
8155
7875
7942
7965
7589
7802
7997
7710
7940
7724
7606
7895
8005
7508
8095
7737
7593
7861
7716
7875
8077
7679
7749
8080
8296
7935
8100
7967
7855
7729
7907
7827
7894
8145
7889
7997
7676
8150
7907
9088
8010
8195
8115
8180
8073
8120
8305
8000
7974
8127
7905
8262
8391
8222
8383
8295
7992
7867
7418
7704
7679
7898
8098
7098
7128
7143
7286
7326
7107
7446
7213
7754
8153
8063
7623
8080
7890
7446
7662
24093
8158
8055
7917
7982
7964
7696
7958
7904
8177
7746
7789
7934
7706
8107
7681
7811
7764
7679
7862
7734
7807
7501
7360
8085
7932
7646
7969
7845
7627
7772
7566
7744
7699
8043
7454
7849
7851
7754
7576
7707
8137
7636
8230
7992
7801
8501
8072
7614
7681
7436
7310
7492
8180
8040
7583
8005
7596
7965
7854
7551
7441
7376
7594
7726
7582
7466
7627
7491
7421
7846
7491
7584
7474
7701
7511
7445
7701
7739
7300
7431
7571
7551
7607
7706
7702
8877
8186
8117
7441
7135
7237
7756
7408
7308
7857
7684
7912
7899
7331
7233
7303
7870
7742
7849
7657
7807
8456
7749
7609
7822
7418
7453
8298
7719
7614
7842
7974
7764
7634
7599
7875
8181
8305
7849
8533
7734
8195
8012
8007
8085
7845
8349
8020
8215
7724
7827
7556
8384
7659
7744
7368
7612
7649
7526
7754
7588
7584
7606
7568
7869
7649
7769
7890
7661
7749
7679
7636
7622
7421
7423
7699
8326
7767
8516
7942
7920
7701
8017
8002
8448
7654
8564
7914
8436
8275
8416
9133
7977
7963
8381
8489
8363
8198
8007
7982
8358
9423
9281
8564
8787
8572
8381
8566
8606
7844
7757
7809
6932
7734
7351
8369
6892
7339
7323
8250
7751
7484
8057
7566
7233
7411
7649
7819
7870
7614
7647
8137
7559
7538
7704
7634
8248
8062
8503
8561
8486
8767
8438
8236
8180
8722
8466
8536
8441
8887
8546
8430
8035
8418
8845
8566
8438
8754
8647
7967
8939
8260
7759
7677
7947
7704
7577
7572
7516
7829
7879
9113
8246
8782
8594
7900
7762
7854
7899
7593
7998
8546
8353
8152
8176
8152
8276
7787
8062
8207
8173
8612
8276
8295
8085
8850
8474
8566
8489
8732
8202
8173
9468
8993
8107
8325
8779
7985
8193
8102
7621
8331
7859
7746
7967
8017
8942
8757
8516
8136
8275
8163
8571
8188
8331
8734
8018
8741
8541
7919
8486
8118
8108
8198
8364
8411
8764
8586
8488
8995
8732
8781
8501
34307
9157
31122
10719
10240
9684
10243
10328
10030
9772
8689
10849
9361
10444
10033
9088
10190
10303
9400
10098
9155
10385
9626
10153
10330
8511
11584
9924
10082
10524
9037
10203
10285
9403
10170
8702
9547
10403
10741
11466
7188
7709
7684
7601
7328
7591
7629
7523
7551
7571
7440
7460
7514
7551
7672
7381
7744
7572
7837
7819
7816
7909
7509
7929
7890
7724
7787
7841
8040
7772
8077
7599
8098
7867
7880
7892
8015
8130
7925
7998
8351
7904
7917
8155
7810
7940
8286
7970
8308
9667
9578
10225
8796
8672
8717
8223
8213
8027
7870
9430
7965
7950
7968
7970
8070
7902
8212
7845
8038
7975
8050
8022
8065
8065
7902
8050
7852
8195
8155
8157
8406
8035
7968
8008
8015
8724
8045
8020
8343
7952
7751
8072
7737
7817
7964
7772
8014
8167
7997
7832
7949
7990
8087
7990
8143
8062
8008
7929
7929
8067
8388
7920
7717
7707
7794
8005
7948
8047
7804
7930
7591
7706
7734
7797
7721
7726
7869
7887
8000
9321
8178
7867
7689
8018
8027
7694
7784
8135
8037
8233
8063
8030
7764
7827
7959
7877
7834
7734
7962
7802
7864
7872
7955
7333
8123
9493
9456
10040
10576
9566
9070
8396
8213
9082
8328
8055
8993
8940
10286
9589
9613
9930
10370
8355
8546
8142
8221
8185
8333
8258
7905
8178
8430
8401
8627
8145
8243
8108
8461
8737
8524
8378
8306
8787
8210
8195
8378
8245
8408
9085
8526
8373
8528
8734
8401
8110
8333
8150
8327
9012
8601
8501
8827
8676
8330
8414
8480
8772
8589
8704
9263
8907
8589
8529
9819
9188
8493
9163
8404
8674
8764
8461
9356
8664
8501
8499
8003
20177
9419
8436
8110
8018
7942
8175
7701
43939
8389
8120
7895
8157
8286
7922
8128
8286
7834
8060
7970
8110
7842
8255
8473
8145
8128
7812
30817
8032
7757
7747
7850
7767
7814
7769
7977
7997
8040
7905
7662
8060
8947
8135
8443
7579
8005
8098
7742
7588
7647
7727
7519
8198
7714
8027
7752
7958
7757
8183
8336
8897
8075
8273
8672
8771
8424
8438
8093
7842
7929
8301
7747
8238
7860
7852
7762
8017
8082
8140
8020
7792
8248
7860
7749
8208
8396
8584
8090
8638
8554
8163
7997
7844
7995
7812
9072
7998
8032
8160
7985
7845
8145
7957
9093
8190
8353
8476
8839
7734
8604
8110
8371
7484
8146
8870
8348
8168
7970
7692
7426
8198
8191
8007
8228
7869
8140
7969
8035
8157
8198
8285
8180
8248
7744
8295
8190
8150
8093
7894
8075
7886
8233
7816
7479
7885
7656
8163
7940
8003
8010
7642
7914
7932
8053
8043
8421
8371
8083
8180
8245
8574
8491
8915
8824
8651
8142
7993
8433
8612
8172
8208
7917
8308
8027
7619
8032
8088
8210
8015
7819
7949
8030
7934
8077
8007
8000
8689
8394
8542
8556
8268
8107
8383
8123
8175
8295
8223
8230
8423
7829
8608
8531
8070
8080
8198
8163
8085
7757
8399
8115
7827
9604
8015
8024
7930
8018
8233
7882
7932
8039
7789
7987
7849
8151
8218
8273
7947
7880
7792
7955
8350
8396
8531
8202
8411
8240
7892
8062
8534
8363
8007
8583
8391
8082
8268
8115
8423
8248
8421
8388
8526
8792
8536
7740
7735
8546
8761
8774
8391
8609
8464
8113
8424
8176
8661
8401
8233
8541
8393
8494
8195
8142
8566
8315
8661
8774
8569
8551
8275
8063
8383
8483
8018
8077
8378
8556
8363
8326
8293
8507
8130
8200
8190
8270
7962
8102
7988
7889
8037
7855
7797
7928
8135
8366
8166
8253
8062
8037
7817
8157
8152
8188
8243
7679
7726
8145
8158
7929
8922
9152
8606
8423
8068
7837
7696
7506
7646
7740
7458
7928
7621
7877
7692
7487
7952
7814
7892
7810
7699
7559
7923
7714
7594
7686
7942
8942
8300
8007
7905
7596
7762
8246
7889
7860
7957
10656
8020
7917
7727
8080
7902
8710
7990
8127
7854
7636
8012
8218
7577
7574
8205
8070
8454
7894
7682
8431
8326
8745
8446
8353
8265
8977
8378
8601
8889
8764
8423
7897
8425
8699
8175
8361
8396
8439
8025
10155
8854
8471
8328
9058
9230
8125
8042
8345
8536
8020
8727
8749
8920
8288
9133
8794
8523
8205
8939
8310
8192
8406
8692
8683
8095
8439
8478
8258
9010
8684
8591
8982
8193
8183
8712
9734
8969
8504
8594
8481
8521
9102
8671
8567
8558
8478
8791
9014
8396
8286
8999
8277
8295
8817
8569
8842
8383
8140
7915
8423
8639
8431
8649
8789
8416
7538
8023
8215
8556
8597
8265
8481
9073
8539
8689
8451
8303
8641
8396
8621
8879
8273
8296
9228
8599
8381
8531
8528
8717
8168
9107
8741
8559
8498
8280
8549
8291
8187
8528
8253
8376
8228
9065
9054
7972
9882
9165
8776
8393
8623
8531
8985
8741
8378
9241
9499
8855
8707
8384
8802
8732
8902
8491
8606
8551
8729
8624
9388
9283
8907
8418
8431
9271
8686
9050
8885
8405
8561
8587
8859
8724
9012
8571
9281
8711
8118
8815
8781
8571
8749
8910
8864
8671
8794
9085
8406
8968
9070
8431
8679
8474
8448
8636
8816
8379
8649
9015
8656
22205
9153
8529
9714
8814
8953
8193
7985
9606
8609
8722
8416
8802
8330
8138
8609
8325
8787
8252
8067
8539
8934
8621
8468
8248
8318
8406
8511
9130
8809
8992
8531
8932
8513
8687
9045
8945
8905
8544
8526
8438
8962
8702
8328
9604
9145
9321
8771
8474
8389
8538
8862
8666
8621
8522
8859
8925
8115
9090
7977
8639
9107
9897
9050
8899
8429
9265
8967
8534
8415
8150
10298
7759
7639
7449
8191
8456
8606
9195
8756
9298
8343
8295
8559
8393
8301
8807
8722
8606
8601
8899
35361
8987
9012
9029
8534
8057
8722
8290
8182
8227
8415
8333
8601
8481
9431
7877
8511
8378
9296
8877
8461
8872
8830
8802
8797
9009
9058
9609
8393
9215
8662
8541
9381
9048
9070
8963
8980
9719
8935
8854
9135
10195
8524
8845
8769
8774
8860
9769
9283
8825
8551
8483
8533
8256
8661
8543
8592
9083
8909
8707
8772
8464
8775
8932
8311
8503
9441
8431
8745
9049
8587
8852
9064
8702
8030
8690
8180
8395
9434
8977
8534
7747
8662
8717
8842
8388
8321
8531
8702
8596
8817
8634
8744
10150
7571
8902
8837
8754
8639
8571
8666
9428
9361
8568
9083
8544
8055
8890
9035
8378
8554
9634
8719
8348
10067
8591
8872
9018
8338
9627
8556
8847
8100
8636
8453
8325
8779
8639
8379
9759
8088
8852
8850
8990
8516
8621
8228
8220
8960
8820
9310
9146
8038
8301
8130
8228
9453
8480
8729
8363
9957
8792
8958
8974
8549
9766
8636
8809
8524
8045
9002
8787
8912
8602
8315
8955
8606
8523
9877
9496
8899
8920
8376
8594
8341
8551
8890
8571
8379
8639
8830
8055
8801
8934
8699
9368
8626
8483
12551
8238
8458
8890
8698
11537
8529
9265
9378
9278
8859
8256
8506
8411
10105
8363
8501
8694
8621
9193
8985
9210
8691
9772
9138
9103
8747
8489
8440
9955
8511
8892
8734
8090
8628
9371
8729
8787
8734
8331
8481
11569
9215
8761
8642
9306
8604
8340
9393
9140
8745
9641
8877
8945
8494
9411
8489
8622
8756
8719
9506
8839
9305
8341
8904
8543
9258
9190
8431
9323
8711
12230
9411
8210
8842
8761
9195
9013
8706
8576
8890
9125
8706
8702
8566
8250
8887
8474
9200
8995
9070
8340
8835
9732
8642
8877
9117
9649
8484
8722
8979
9145
8509
8533
11974
9346
8656
30218
7829
7667
7245
7448
7017
7213
7318
7331
7343
7165
7356
7376
7223
7456
7361
7033
7333
6943
7328
7586
7552
7481
8366
7786
7937
7724
7919
7908
7829
8065
8243
7807
8018
7925
7574
7757
8594
7543
7990
7922
7724
7965
7875
7814
7960
7749
7676
7854
7804
7839
7797
7899
7918
7794
7694
7761
7676
7983
8002
7584
7689
7832
7940
7742
7822
8012
7897
8085
7912
8062
7726
8594
7919
8496
8696
7764
8298
8849
8117
8506
8265
8187
8177
7867
10634
11426
12030
10900
10243
8002
7433
7458
7556
7894
7499
8110
7587
7819
7762
7656
7611
7927
7709
7646
7922
7782
7969
7684
7987
7722
7867
7767
7914
8057
8078
8348
7746
7950
7980
7742
7879
7915
8356
11230
8068
10168
10709
10752
9827
8912
10200
9706
9709
10822
9884
10090
10479
10817
9175
10220
10213
10639
10656
8826
10960
10564
10819
11055
9865
10501
10243
10022
10454
10010
10569
10227
9983
9053
9791
10744
10594
10173
8989
10070
10172
10042
12090
8002
29856
8569
8145
8471
8546
8115
8125
8331
8506
8280
7839
7782
7947
8303
8178
8135
7970
7970
7829
7835
8351
8211
8112
8080
8103
8070
7872
7616
8007
7900
8025
10090
10420
8694
8300
8207
7972
8020
7892
7890
7832
8115
8910
8280
8068
7922
8205
7957
7889
8102
8132
7779
7980
8135
7856
8341
7779
7898
8014
8017
8000
8188
8002
8233
8197
8313
7937
8328
7917
7762
8035
8145
8018
7992
8789
8035
7829
9047
8075
8027
8218
7867
8255
7862
8523
8100
8281
8158
8291
8000
7915
7891
8140
8052
7992
7970
8358
7930
7804
8218
8323
7832
8140
7894
7899
8107
7714
7576
8012
8248
7955
7837
8045
7957
8175
7832
7719
8025
7824
7654
7982
7885
8238
7950
8045
8035
8040
8097
7977
7933
7870
8075
7846
7974
7962
7885
7631
7907
7794
8070
11548
12263
8503
8361
8158
7884
8626
35197
8551
8150
8511
8420
8498
8298
8779
8491
8095
8253
8454
8641
8549
8303
8138
8049
8386
9033
8250
9040
8298
8454
8363
8711
8428
8238
8508
8464
8431
8291
8466
8473
9055
8566
9062
8115
8902
8702
8817
9020
8301
8513
8314
8463
8100
8729
9148
8491
8682
9228
10195
8513
8689
8080
8225
8621
8378
8423
8621
8112
8345
8235
8313
8082
8220
8180
8060
7837
7757
7852
7972
8018
7952
8090
7998
7997
8491
7909
8292
7972
8080
8483
7864
7870
7950
7782
7817
7604
7885
7712
7932
8188
7689
8002
7792
8098
7795
8250
7844
7973
8221
7982
8373
7790
7862
7844
8325
7919
8080
7661
7962
8629
11110
9461
9586
9719
8146
9669
9796
9601
8947
8561
10185
9504
8709
9528
9822
10667
9761
9554
8619
9644
8345
7699
68831
9884
8468
12917
9972
10070
9947
9451
9912
13029
8267
8376
8561
9874
8633
9729
9764
9561
9418
12381
9348
13318
9549
9497
9526
10083
9378
10431
8697
8441
13496
9684
10348
9461
10955
9884
12474
8534
8133
8085
8005
8112
7579
8070
8175
8599
8439
8360
8547
8478
8364
7827
9163
8479
8358
8426
8642
8233
8884
8461
8198
8313
8493
8737
7574
8757
8629
8634
8825
8291
8757
8202
8696
8531
8130
8291
8424
8160
8020
8731
8423
8348
8533
9243
9027
8433
9130
8496
8766
10624
9311
10423
8721
8078
7741
7436
7939
7649
7468
7661
7511
7669
7734
7599
7839
8008
7882
8296
8092
7940
8201
8022
7706
8158
8113
8063
8145
8075
7639
8085
7576
7854
8092
8103
7947
7952
8002
7800
7902
8115
9534
8105
9802
10521
10200
10503
10802
10276
10246
10553
9411
11105
10163
11235
9942
9058
10501
10343
10246
10461
9504
10922
10216
10855
10158
10125
10593
10364
10098
9049
9787
10586
10140
10654
11085
7839
9747
8067
9158
7714
7764
7899
8130
7837
7810
8045
7807
8303
7647
8205
8221
8393
8611
8163
8548
7872
9233
9012
8707
9075
8240
8464
8742
9973
8471
8135
7889
7959
9270
8087
8876
9330
8669
7934
7075
7188
7348
8265
9093
8584
8782
9609
8218
10160
8499
8671
8754
8749
8521
8739
8453
8992
8894
8691
8789
8704
8325
8195
9015
8624
9233
8544
8579
8070
9300
9012
9040
8335
8098
8857
8307
8195
9935
8318
8777
8972
10040
8070
8213
8877
8827
8366
9067
9113
8761
8819
8433
8804
8481
8521
8952
8180
8403
8370
8193
8353
8548
8519
8268
7945
7501
9902
7639
7819
31643
9383
9953
7478
7348
7484
7687
7471
7323
7298
7333
7220
8022
7952
7546
7376
7258
7504
7136
7504
7641
7501
7649
7634
7902
7433
7604
7679
7413
7734
7488
7657
7692
7709
7712
7558
7830
7577
7634
7503
7857
7391
7177
7270
7484
7641
7634
7759
7694
7782
7654
7430
7207
7366
7258
7569
7599
7894
7652
7266
7328
7300
7649
7701
7276
7714
7498
7368
7689
7569
7639
7684
7433
8301
7490
7461
7150
7820
7745
7651
7960
7955
7844
7701
7632
7912
7787
7632
8386
8276
8305
8020
8278
8125
8316
8426
8496
8789
8662
8781
8285
8022
8043
7715
8171
8784
8935
8862
8393
8290
8301
8666
7285
7724
8721
8519
7917
8433
8990
8248
7469
9752
9248
7567
8193
8674
8411
8631
8474
8488
7992
8421
7967
8827
8040
7884
8280
8461
8499
8093
8220
7714
8235
7729
8489
8400
8215
8318
7825
8017
7654
7897
7842
10637
8588
8316
8343
8431
9448
8213
8281
8228
8571
8188
8168
7940
8529
8330
8634
8386
8105
8518
8529
8343
8186
8060
8315
7862
7719
8629
8191
8543
8536
8198
8431
8754
8333
8288
8639
9220
8559
8739
8446
8649
8291
8847
8526
9052
8451
8799
8333
8366
8439
8531
8151
7827
8152
28566
8202
8138
7824
8293
8156
8062
8053
7968
8020
8418
8426
8366
8870
Duration mean is 8456.519866444074
Duration variance is 2.5318820607765004E7
