104484
10952
9281
8489
8406
8506
8010
8401
8068
8170
8135
9185
8368
7957
8180
8200
8373
9722
8295
8353
8325
8128
8261
8556
8107
7945
9296
8516
8539
8311
8280
7932
7662
7538
8258
8844
8466
8787
8343
7819
7631
8176
8205
8333
8140
8123
8451
8223
8744
8742
8737
8201
8569
8272
8633
8218
7887
8336
8125
8727
8052
8035
8686
37295
7208
7200
7122
7039
7072
7167
7172
7038
7075
7092
7326
7236
7266
7398
7198
7331
7050
7182
7478
6992
7013
6924
7293
7243
7298
8195
7682
7656
7997
7694
7075
6905
6933
7839
7453
9030
7556
7288
7622
7493
7746
7549
7531
7699
7621
7404
7957
7551
7699
7461
8506
8053
7684
7482
8027
7799
7659
7722
8228
7534
8120
8205
8093
8413
7972
7729
7880
8238
7764
7894
8827
8526
7987
8225
8511
7752
8090
7962
7939
7965
8997
8093
8794
8196
8263
8040
8305
8055
7797
7892
8638
7827
8341
8309
8140
7972
7761
7871
7664
8157
8180
8263
7972
7947
7859
8185
7403
8085
7897
8503
7882
7840
8326
8127
7674
8027
8306
8190
7935
7812
8348
8378
8496
7647
7835
7938
8193
7907
8544
8115
8273
8075
8173
8032
8058
7406
8057
8468
8504
8030
8438
12178
8270
9751
9248
9270
9253
8618
7902
8371
7318
7053
7281
7360
7258
7348
7173
7173
7220
7268
7163
7439
7233
8246
7566
7401
7566
7464
7799
7444
7672
7621
7426
7684
7729
7489
7643
7481
7388
7727
7802
7577
7439
7797
7852
7401
7268
7491
7614
7792
7864
7887
7963
8013
7526
9208
7892
7454
7701
7762
7724
7331
7629
7465
7694
7454
7629
7649
7446
7599
7541
7604
7554
7594
7717
7776
7782
7632
7792
7729
7541
7837
7644
7627
7754
7553
7797
7370
7814
8693
7148
6811
7894
10400
10023
9213
9927
8328
11311
10652
9097
9629
9474
9421
9972
9253
9862
10127
9892
9185
9044
9631
9712
10009
9767
8251
9804
9491
11187
9776
10032
10313
10494
9726
8471
9404
9856
10641
10133
9155
10458
10248
7934
8000
7584
7571
7724
7438
7594
7583
7824
7351
7742
7857
8018
7970
7829
7414
7556
7877
7556
7847
7474
7581
7696
7701
7293
7526
7674
21855
7908
7634
7774
7696
7644
7702
7726
7551
8110
9877
10125
10060
8581
8488
7980
8862
7729
7767
7747
7508
7970
11295
7929
8659
8178
8318
8030
7824
7779
8137
7912
7646
7647
7912
7686
8055
8000
7556
7727
7792
7937
7709
8077
7864
7932
7817
7844
7925
7732
7735
7950
7649
7747
7942
7722
7804
7952
7556
7561
7751
7629
7809
7673
7481
7554
7734
7551
7556
7706
7607
7431
7626
7544
7830
7854
7564
7820
7248
7661
7676
7506
7328
7491
7428
7511
7854
7777
7508
7519
8619
7676
7820
7511
7692
7468
7576
7726
7787
7761
7628
7734
7587
7697
7526
7687
7594
7599
7446
8060
7977
7859
7839
7855
7875
7852
7671
7817
7805
7746
7333
7558
7473
7754
7777
7296
7816
10616
9217
8539
9215
9065
10042
9636
9205
9556
7526
7486
7952
7687
7473
8049
7899
8431
7659
7494
7972
8248
7807
12757
8679
9241
9175
9112
8970
8027
7609
7516
7596
7612
7514
7444
7564
7649
7819
7476
7609
7922
8030
7915
7516
7797
7857
7814
7884
8341
8018
7712
7689
7764
8030
7902
7576
8388
8042
7674
8737
7877
8220
8105
7949
7854
7782
8714
8028
8105
8090
8440
8365
7799
7847
8325
8231
7834
8548
8354
7681
8339
9334
7962
8767
8005
8561
7699
8819
7752
8396
8010
8418
8143
7646
8145
7721
7957
8910
8148
8145
8373
7509
7647
7801
7754
7426
7293
7614
7795
7391
7408
7443
7408
7386
7634
7458
7363
7346
7464
7466
7306
7476
7659
7288
7767
7674
7516
7556
7797
7431
7325
7310
7265
7702
7619
7496
7365
7639
7722
7429
7410
7499
7654
7436
7240
7439
7531
7704
7691
7447
7717
7300
7276
7348
7711
7591
7408
8782
8368
8083
8403
8170
7907
8052
8208
8040
7689
8341
8083
7937
7924
8122
7812
7654
8065
8191
8318
8338
8212
7892
7760
8037
8391
8075
7629
8165
8030
7985
8187
7719
8912
8496
8259
8624
8210
7944
7827
9709
8444
8125
7438
7419
8460
8707
8343
8160
8276
8636
7929
8285
8196
8486
8386
8897
8644
9108
8827
8987
8426
7381
7687
7819
7784
7726
7769
7674
7539
7644
29516
9589
8539
8150
8005
7829
7943
8090
8311
8110
7646
8233
7696
7293
7459
7912
7618
7794
7493
8170
7993
8191
7869
7340
7802
8065
9088
8118
8210
8200
8318
8877
8065
8471
8218
7990
8158
7689
8157
8782
8358
8060
8501
8478
9055
8787
8273
8178
7503
7682
7960
8107
8080
8579
8954
8072
8406
8496
8619
8724
8521
8304
8626
8273
8541
9025
8218
8135
8384
8436
8333
8584
8428
7864
8443
8165
8814
8255
8346
8301
8727
8463
8255
8761
8476
8536
8300
8455
7779
8614
8334
8536
8208
9075
8491
8413
8617
8446
8170
8308
8935
8509
8364
8338
8551
8331
31528
9805
8904
8538
8609
8083
8598
8719
8343
8434
8594
8090
8196
8280
8734
8270
8478
8185
8413
8789
8731
8872
8795
8662
8077
8726
8892
8702
8879
8589
8388
8554
8527
8647
8323
8747
8539
8255
8787
9436
8609
8226
8619
8098
8644
8907
8765
9203
8973
8952
8714
8791
8443
8473
8614
8636
8566
8940
8486
8816
8531
9934
8466
8488
8599
9599
8566
8070
7831
8872
8644
8895
9268
10258
8542
8531
8784
9085
8674
8692
8732
8703
8280
9171
8975
8920
9125
9013
9253
8266
8654
8388
7766
8165
8702
8634
8215
8912
9381
8639
8586
8633
9200
8456
8980
8894
8271
8852
9012
8859
10162
8820
8977
9832
9054
9075
9060
8757
9120
9120
9175
8765
9135
9107
8759
8757
8932
9276
9102
8566
9581
9038
8862
9391
8832
8316
8511
8351
8732
8804
8820
8714
8469
8330
8433
9105
8945
8644
8643
9067
8649
8428
8797
8333
8819
9000
9188
8280
8573
8208
8143
9181
9203
8415
8762
7629
7872
7551
8062
7496
7358
7761
7636
7990
7576
7548
7311
7461
7554
8135
7177
7358
7514
7845
7709
7781
7494
7722
7556
7709
7927
7321
7358
7483
8193
7441
8378
8278
7641
30360
9251
9090
9804
8521
8451
8456
8283
9085
8964
8784
8839
9298
8935
7822
8345
7859
7970
7964
7840
7855
7817
7887
7995
7769
8261
7702
7849
7855
7915
7965
7879
7641
7542
7837
7947
8347
8080
8117
7762
7509
7737
8085
7985
7691
8030
7827
7532
7821
7802
7749
7359
7641
7709
7308
7874
7869
7584
7637
8459
8115
7973
7654
8155
7511
8010
7719
7804
7609
7887
7790
7636
7491
7701
8852
8958
20959
8679
7782
8160
7421
7614
7674
7529
43234
7902
8489
7865
7639
7741
7982
7612
7639
8088
7611
7707
7781
7664
7623
7752
7631
7482
7912
7649
7569
7501
7463
7649
7568
7438
7674
7579
7483
7304
7742
7549
7563
7524
7611
7676
7619
7633
7674
7353
7436
7739
7443
7609
7401
7373
7739
7356
7904
7601
7849
7313
7929
7636
7887
7577
7581
7431
7762
7501
7531
7757
7506
7576
7328
7624
7731
7513
7453
7667
7561
7416
7810
7524
7428
7589
7486
7320
7628
7273
7651
7566
7862
7709
7709
7376
7692
7483
7596
7800
7376
7408
7657
7589
7707
7626
7300
7586
7684
7394
7784
7661
7470
7737
7426
7343
7634
7714
7491
7664
7762
7624
7677
7601
7431
7694
7882
7559
7355
7353
7721
7629
7850
7571
7594
7428
7684
7320
7634
7619
7559
7481
7591
7474
7408
7829
7464
7697
7774
7491
7616
7644
7509
7549
7631
7388
7406
7311
7333
7534
7581
7486
7409
7538
7518
7664
7614
7067
7922
7508
7856
7115
7479
7573
7682
7436
7927
7564
7529
7711
7353
7578
7490
8436
7591
7293
6889
7561
7584
7754
7564
7423
7579
7433
7586
7551
7667
7518
7389
7444
7415
7506
7967
7554
7360
7622
7408
7474
7719
7573
7732
7661
7702
7471
7256
7288
7752
7336
7391
7561
7426
7629
7857
7238
7173
7724
7832
7561
7489
7388
7556
7586
7519
7520
7551
7409
7694
7699
7434
7795
7502
7488
7618
7172
7491
7832
7406
7794
7524
7759
7636
7905
7935
7905
8102
7947
7844
8110
7877
8034
7796
7779
7967
7677
7900
7979
7814
8018
7731
7684
24882
7596
7002
6914
6955
7117
7153
7127
6985
7090
7045
7052
7318
6992
6993
7286
7071
7019
7048
6872
7183
7183
7122
6955
7145
6902
7130
7130
7170
7102
7012
7012
7183
7007
7103
7201
7039
7336
7127
7022
7198
7051
7699
7802
7180
7195
7098
7190
7739
7145
7050
7445
7601
7120
7193
7207
7115
6992
7015
7341
7027
7634
7441
7278
7043
7807
7637
7494
7609
7907
10631
8774
9546
9068
9904
9980
9974
12290
9832
9273
9697
9418
9409
8975
8361
7524
7912
8262
7797
8282
8181
8020
8313
8058
8316
7990
8230
8381
9203
13270
9950
8303
9012
9694
8355
8306
8536
8180
8594
8952
8504
8591
8280
8117
7917
8180
8182
8368
8448
8075
8270
8503
8546
8554
9776
8726
8328
8564
8744
8581
8877
8300
8594
8095
8609
8571
8815
9025
8641
8706
8002
8115
9436
8105
8790
8834
8405
8461
8661
7799
8208
8205
9070
8328
7932
7957
8366
8569
7879
7859
8308
9574
8809
9686
8731
8852
8456
9152
8659
8361
9321
8539
8358
8435
7954
8401
8499
8761
8338
8386
8804
8120
9260
8458
8777
8596
8226
8210
8786
8484
8316
9170
9458
8566
9075
7907
8583
8671
8464
9222
8942
8596
8882
8511
8865
9158
9015
9163
8408
8526
8268
8208
8413
9563
8566
8894
8882
8987
8716
8506
8426
8017
8443
8309
8401
8162
8474
9326
8616
8693
8333
8240
8316
8496
9205
8672
8538
8288
8308
8180
8478
8363
8097
8378
8458
8122
9221
8554
8649
8353
8339
8112
9105
8852
8852
8835
8884
8351
9311
8661
8696
8942
8819
9335
9095
8539
8513
8882
8501
8993
8832
8601
8386
8288
8576
8479
9511
8800
8782
8692
8752
8890
9975
9020
8614
8654
8862
9869
8529
8203
8792
8132
8551
9716
8989
9113
21937
8674
9350
8724
8536
8548
8539
9205
8533
9017
8671
8383
8247
8240
8338
8827
10566
9020
8240
7559
8692
8311
8724
8684
8441
8621
8867
8444
8839
9080
8759
8814
8629
8782
8887
8822
8960
8611
8151
8774
8907
9785
9175
9042
9073
9007
8836
8802
8193
8241
8546
8914
8799
8308
8558
8684
8696
8737
8747
8654
8726
8601
8601
8751
8624
8732
8474
8381
8877
8754
8564
8599
8845
8834
8539
8518
8621
8656
10390
9065
7617
7513
8123
7133
7383
7403
7413
8669
7539
7141
7549
7448
7628
7644
7551
7301
7484
7775
7296
7684
7721
7641
7772
7506
7563
7556
7517
7842
7539
7745
7476
7526
7654
7381
7318
7316
7974
7764
7518
7955
7880
7579
7479
7215
7469
7260
7498
7484
7711
7644
7408
7246
7157
7331
7704
7726
7646
7551
7389
7699
7696
7772
7519
7694
7811
7345
7441
7468
7787
7624
7727
8075
7642
7681
7877
7646
7716
7754
7922
8075
7932
7840
8298
8283
8015
8536
7662
8020
8441
8286
8516
8085
7932
7872
8130
7817
9195
9015
8428
8664
8338
8082
8631
7276
7604
8704
8313
8371
8654
8646
7902
8025
9148
7735
7995
8684
8519
8759
8591
8456
8023
7476
7506
8040
8438
7842
7816
8270
8711
8185
8035
8568
7962
7965
8029
7917
8474
8375
7865
7872
7870
8005
7730
7674
8090
8574
8739
8844
8150
8333
8867
8481
8336
8080
8784
8233
8666
8162
8440
8195
8035
8102
8531
8345
8498
8481
8458
8095
7962
8148
8394
8221
7699
8331
8602
8218
8667
8370
10038
8917
8441
8636
8493
8486
8784
8589
8441
7824
8749
8930
8915
8562
8629
8681
8724
8559
8801
7920
8110
7877
7965
7952
7994
8330
8162
8067
7857
7794
8185
8067
8280
8198
8489
8138
8253
9130
8532
8271
8130
8303
9007
8607
8629
7977
8300
8143
8175
8070
9252
8313
8228
8231
8526
7919
8361
8451
8126
8373
7814
8248
8674
8702
8772
8097
8346
8609
8243
8250
8431
8686
8857
8900
8732
9171
8386
8985
8989
8782
11423
10148
8516
11288
8905
9481
7343
7340
7138
7504
7230
7145
7222
7233
7077
7389
7176
7321
7133
7338
7195
7281
7123
7538
7616
7356
7764
7552
7692
7634
7348
7897
7686
7915
7526
7812
8216
7280
7348
7714
7421
7752
7358
7662
7749
7511
8009
7874
7363
7378
7862
7541
7526
12954
11315
10385
7634
9000
8719
10346
10098
10845
9694
9062
10431
9965
10647
10133
9062
10216
10634
10042
9145
9930
10393
9846
10190
8331
10711
10165
10696
10558
10345
10945
9967
10233
9480
10784
9727
10453
10328
10521
10486
10489
10533
8644
11141
9775
9195
7797
8240
8005
8039
8022
8023
7486
8318
7875
8187
8000
8251
8057
7899
7644
7992
8053
7970
7827
7839
7807
7970
7985
7969
7797
7882
8137
8005
8127
7777
7734
8003
7907
8045
7706
9729
11072
10588
9973
10980
10483
11230
9436
8456
9050
7802
7546
8075
7943
8313
11275
8248
7965
7992
8331
9413
7907
7601
8030
7849
8040
7975
7667
7994
7982
7904
7722
7684
7799
8172
8025
7914
7777
7994
7944
7965
7957
8047
7988
7659
7799
8085
7950
7982
7967
7687
7789
7712
7659
7633
7649
7709
7775
7927
8183
7872
7907
8045
7957
7949
7787
7772
7764
7864
7784
7639
7787
7842
7920
7626
7907
7829
7942
8122
7842
7819
8087
7669
28588
7949
7849
8025
7777
7892
7744
7950
7915
7967
8040
7469
7924
7917
8245
8258
7952
8095
8165
7757
7732
8163
7629
7873
7899
7802
7632
7483
7707
7724
7546
7974
13677
9557
9657
10228
12428
10552
9300
9340
9130
7634
7867
8075
8887
8549
8205
13348
9203
9421
9634
9190
9393
8240
12634
8098
8401
7977
8208
7802
7992
8117
8391
8248
8568
8332
8812
8476
7870
8053
8957
8576
8271
8171
8910
7944
8972
9488
8303
8115
8288
7963
9112
8386
7980
8080
8373
8438
8583
8566
8351
8631
31703
8930
8143
8286
7806
8230
8212
8960
8128
8117
9019
9308
8241
8035
12719
8622
8363
8857
8195
8534
8559
8711
8155
8667
8729
8278
8910
8118
8483
8702
7947
8078
8055
7596
7576
7533
8052
7744
7819
7867
7328
7795
7910
7719
7999
7731
7724
8023
7399
8120
7769
7875
8298
8000
8002
7962
7465
7647
7514
7744
8754
7767
7789
7842
9203
7923
8012
7739
7937
7671
7897
7812
8004
8288
7904
7604
7624
7987
7844
7689
7835
7486
7942
8035
8623
8127
8115
8454
8043
8674
8514
9053
8609
8677
8649
9799
8894
8165
8132
7957
8270
8170
7754
7834
7776
7897
7837
7879
8288
7832
7919
8059
8125
7827
7644
8213
8095
8334
7924
8208
8461
8333
7950
7839
8290
8594
8260
8168
8100
8060
7817
8166
8010
8970
8140
8057
9652
8208
8107
8441
8955
8634
8145
7712
8200
8561
8133
7942
8178
7791
7979
7990
8864
8699
8320
7832
8302
8137
8155
8494
9018
9110
8193
8656
7672
9736
7960
8587
7892
8421
9123
7842
8459
8226
9193
7837
8203
8471
7902
8080
7952
7869
7760
7621
7867
7689
8241
8045
8135
8065
60284
9145
8325
9509
8247
7873
7910
8825
8469
7856
8060
7930
8212
8180
7817
7917
8230
8040
8127
7694
8042
7747
7930
7852
9288
8263
9098
7877
9160
8751
9052
8346
8188
8751
8243
8383
8009
8619
10531
8085
8413
7746
8035
7754
12283
7870
8150
8155
7593
7809
8015
8057
8343
7987
7677
7912
7872
7526
7993
7636
8057
8005
7694
7789
7942
7860
8146
7869
8015
7786
8203
7674
8210
8289
8293
8719
8479
8403
8161
8135
8322
7822
8102
9133
8080
8683
8235
8596
8413
8160
8612
7913
8581
8443
8491
8323
7781
8113
8273
8574
8568
8637
8599
8501
8120
8128
8644
8376
8217
8533
8261
8067
8298
8177
8466
9353
8629
8536
9256
9027
8248
8235
8471
9057
7957
8145
8321
29892
8446
7691
8210
8205
8030
7654
8217
8544
7751
8220
7994
8456
8501
7756
8030
8787
8200
8030
8329
8624
8057
8388
7436
8301
7749
8283
8491
8118
8622
9581
9498
9408
9267
9662
9840
10331
8957
7579
7290
7333
7529
7275
7804
7566
7373
7549
7727
8313
7343
7948
7885
7676
7689
7240
7486
7639
7642
7559
7922
7313
177143
10509
10767
10157
9755
9982
10218
18513
13145
10220
7911
8068
8140
8152
8181
8282
8754
8012
7824
7710
7892
8223
7684
7842
7819
7656
8101
8028
7955
7701
8055
9589
9952
10538
10175
8493
8609
7879
8272
11125
8451
9268
7571
7939
8301
7948
7777
7777
7885
7774
7982
8208
7804
7817
8080
8228
7854
8022
7982
7944
7927
8263
7974
7955
8248
7736
7990
8133
7851
7935
7827
8057
8095
7909
8038
7937
7744
7732
7877
8213
8203
8150
8155
7950
7692
7714
26162
8158
7761
7756
7965
7659
7736
7712
7508
8967
10097
9108
8276
8308
7716
13110
8155
8438
8112
8029
7987
8132
7925
8943
8128
8008
7972
7847
8166
7995
8905
8328
8526
8000
7855
8045
8138
8363
8346
8371
8328
7900
8142
7997
8253
7980
8468
8140
7712
8679
8064
7907
7682
7874
7729
7602
8131
7681
8526
7694
8060
7666
7877
7709
7760
8233
7962
7659
7732
7817
7909
7771
7812
7767
7927
7681
7764
7491
7792
7481
7827
8050
8128
8316
8183
8050
7954
8316
8185
8684
8205
8821
8493
8453
8280
8162
8381
7884
7441
7536
9831
8263
8479
8469
8222
8128
8235
8028
8231
7983
8265
8218
8233
8113
8323
7619
7739
7622
8095
8040
8198
7797
7782
8371
8155
8172
8386
7972
8037
7894
8166
8438
7739
8128
8110
7744
7807
7814
7573
7621
7551
7529
7539
7504
7586
8173
7957
8030
7659
8651
7800
7859
8368
8171
7731
7887
7994
7712
7697
7772
8010
8489
7975
33581
8246
8230
8820
8719
8582
8762
8191
8764
7888
8963
9232
9281
9406
8649
8443
7721
7851
7973
7724
7850
7649
7522
8048
7631
7900
7790
7790
7566
7709
7602
7746
7644
7869
7842
7587
7433
7577
7770
7481
7837
7591
7684
7681
7726
7702
7870
7415
7672
7448
7617
7965
7431
7797
7842
8256
8077
8190
7791
Duration mean is 8388.211949265688
Duration variance is 2.512269511348359E7
