Observation	Correct	FP	FN
0	6	0	0
1	6	0	0
2	6	0	0
3	6	0	0
4	6	1	0
5	6	0	0
6	6	0	0
7	6	0	0
8	6	1	0
9	5	0	1
10	6	1	0
11	6	1	0
12	6	0	0
13	6	0	0
14	5	0	1
15	5	0	1
16	5	0	1
17	6	1	0
18	5	0	1
19	5	0	1
20	6	1	0
21	6	1	0
22	6	1	0
23	5	0	1
24	6	2	0
25	6	1	0
26	5	0	1
27	6	1	0
28	6	0	0
29	6	1	0
30	6	2	0
31	6	0	0
32	6	0	0
33	5	0	1
34	6	1	0
35	6	2	0
36	6	1	0
37	5	0	1
38	5	0	1
39	5	0	1
40	6	2	0
41	5	0	1
42	5	0	1
43	6	2	0
44	6	2	0
45	5	0	1
46	5	0	1
47	6	0	0
48	6	0	0
49	5	0	1
50	5	0	1
51	5	0	1
52	5	0	1
53	6	2	0
54	6	2	0
55	6	2	0
56	6	2	0
57	5	0	1
58	5	0	1
59	6	2	0
60	6	2	0
61	5	0	1
62	6	2	0
63	5	0	1
64	6	1	0
65	5	0	1
66	6	2	0
67	6	1	0
68	5	0	1
69	5	0	1
70	5	0	1
71	5	0	1
72	6	2	0
73	5	0	1
74	5	0	1
75	6	0	0
76	6	2	0
77	5	0	1
78	5	0	1
79	5	0	1
80	6	3	0
81	5	0	1
82	5	0	1
83	5	0	1
84	5	0	1
85	6	2	0
86	5	0	1
87	5	0	1
88	5	0	1
89	6	3	0
90	6	1	0
91	5	0	1
92	5	0	1
93	5	0	1
94	6	3	0
95	6	0	0
96	5	0	1
97	5	0	1
98	5	0	1
99	5	0	1
