Observation	Correct	FP	FN
0	3	6	0
1	3	4	0
2	3	6	0
3	3	5	0
4	3	7	0
5	3	7	0
6	3	7	0
7	3	7	0
8	3	7	0
9	3	4	0
10	3	6	0
11	3	4	0
12	3	7	0
13	3	4	0
14	3	4	0
15	3	7	0
16	3	7	0
17	3	7	0
18	3	7	0
19	3	4	0
20	3	7	0
21	3	4	0
22	3	7	0
23	3	5	0
24	3	8	0
25	3	8	0
26	3	7	0
27	3	7	0
28	3	8	0
29	3	7	0
30	3	7	0
31	3	4	0
32	3	6	0
33	3	4	0
34	3	4	0
35	3	5	0
36	3	6	0
37	3	7	0
38	3	4	0
39	3	6	0
40	3	7	0
41	3	4	0
42	3	4	0
43	3	8	0
44	3	8	0
45	3	4	0
46	3	8	0
47	3	4	0
48	3	4	0
49	3	4	0
50	3	9	0
51	3	8	0
52	3	6	0
53	3	4	0
54	3	4	0
55	3	8	0
56	3	8	0
57	3	6	0
58	3	9	0
59	3	8	0
60	3	4	0
61	3	4	0
62	3	4	0
63	3	10	0
64	3	8	0
65	3	8	0
66	3	4	0
67	3	4	0
68	3	4	0
69	3	8	0
70	3	5	0
71	3	10	0
72	3	6	0
73	3	4	0
74	3	10	0
75	3	4	0
76	3	8	0
77	3	4	0
78	3	8	0
79	3	4	0
80	3	6	0
81	3	4	0
82	3	4	0
83	3	10	0
84	3	4	0
85	3	10	0
86	3	9	0
87	3	4	0
88	3	4	0
89	3	4	0
90	3	8	0
91	3	4	0
92	3	4	0
93	3	7	0
94	3	11	0
95	3	12	0
96	3	13	0
97	3	8	0
98	3	12	0
99	3	8	0
