Observation	Correct	FP	FN
0	17	4	0
1	17	3	0
2	17	2	0
3	17	2	0
4	17	3	0
5	17	5	0
6	17	3	0
7	17	4	0
8	17	3	0
9	17	5	0
10	17	3	0
11	17	5	0
12	17	5	0
13	17	4	0
14	17	3	0
15	17	5	0
16	17	4	0
17	17	5	0
18	17	4	0
19	17	3	0
20	17	4	0
21	17	4	0
22	17	5	0
23	17	5	0
24	17	3	0
25	17	4	0
26	17	4	0
27	17	3	0
28	17	5	0
29	17	3	0
30	17	5	0
31	17	3	0
32	17	5	0
33	17	4	0
34	17	3	0
35	17	4	0
36	17	5	0
37	17	4	0
38	17	5	0
39	17	3	0
40	17	4	0
41	17	5	0
42	17	4	0
43	17	4	0
44	17	5	0
45	17	3	0
46	17	3	0
47	17	5	0
48	17	3	0
49	17	5	0
50	17	3	0
51	17	5	0
52	17	5	0
53	17	4	0
54	17	4	0
55	17	3	0
56	17	5	0
57	17	5	0
58	17	5	0
59	17	3	0
60	17	3	0
61	17	3	0
62	17	5	0
63	17	3	0
64	17	4	0
65	17	2	0
66	17	3	0
67	17	5	0
68	17	2	0
69	17	5	0
70	17	4	0
71	17	4	0
72	17	3	0
73	17	3	0
74	17	5	0
75	17	3	0
76	17	5	0
77	17	4	0
78	17	3	0
79	17	5	0
80	17	4	0
81	17	3	0
82	17	5	0
83	17	5	0
84	17	3	0
85	17	4	0
86	17	3	0
87	17	3	0
88	17	3	0
89	17	5	0
90	17	4	0
91	17	3	0
92	17	5	0
93	17	4	0
94	17	4	0
95	17	3	0
96	17	3	0
97	17	3	0
98	17	4	0
99	17	5	0
