Observation	Correct	FP	FN
0	4	6	0
1	4	6	0
2	4	6	0
3	4	7	0
4	4	7	0
5	4	6	0
6	4	6	0
7	4	5	0
8	4	8	0
9	4	8	0
10	4	8	0
11	4	5	0
12	4	6	0
13	4	5	0
14	4	8	0
15	4	5	0
16	4	6	0
17	4	5	0
18	4	8	0
19	4	8	0
20	4	8	0
21	4	6	0
22	4	5	0
23	4	8	0
24	4	5	0
25	4	8	0
26	4	6	0
27	4	6	0
28	4	6	0
29	4	8	0
30	4	5	0
31	4	8	0
32	4	6	0
33	4	8	0
34	4	8	0
35	4	6	0
36	4	8	0
37	4	8	0
38	4	8	0
39	4	5	0
40	4	5	0
41	4	8	0
42	4	6	0
43	4	5	0
44	4	5	0
45	4	8	0
46	4	8	0
47	4	8	0
48	4	5	0
49	4	8	0
50	4	8	0
51	4	9	0
52	4	9	0
53	4	6	0
54	4	8	0
55	4	5	0
56	4	6	0
57	4	5	0
58	4	7	0
59	4	8	0
60	4	6	0
61	4	7	0
62	4	7	0
63	4	9	0
64	4	6	0
65	4	9	0
66	4	6	0
67	4	9	0
68	4	7	0
69	4	9	0
70	4	9	0
71	4	7	0
72	4	7	0
73	4	8	0
74	4	7	0
75	4	9	0
76	4	6	0
77	4	9	0
78	4	7	0
79	4	9	0
80	4	8	0
81	4	9	0
82	4	7	0
83	4	8	0
84	4	8	0
85	4	7	0
86	4	8	0
87	4	8	0
88	4	6	0
89	4	9	0
90	4	7	0
91	4	7	0
92	4	6	0
93	4	7	0
94	4	8	0
95	4	9	0
96	3	6	1
97	4	6	0
98	4	7	0
99	4	7	0
