Observation	Correct	FP	FN
0	2	0	0
1	2	1	0
2	2	0	0
3	2	1	0
4	2	1	0
5	2	0	0
6	2	0	0
7	2	0	0
8	2	0	0
9	2	0	0
10	2	0	0
11	2	0	0
12	2	0	0
13	2	0	0
14	2	0	0
15	2	1	0
16	2	1	0
17	2	0	0
18	2	0	0
19	2	1	0
20	2	0	0
21	2	0	0
22	2	0	0
23	2	1	0
24	2	0	0
25	2	1	0
26	2	1	0
27	2	0	0
28	2	0	0
29	2	1	0
30	2	0	0
31	2	1	0
32	2	1	0
33	2	1	0
34	2	1	0
35	2	0	0
36	2	0	0
37	2	1	0
38	2	0	0
39	2	0	0
40	2	1	0
41	2	1	0
42	2	1	0
43	2	0	0
44	2	1	0
45	2	0	0
46	2	1	0
47	1	0	1
48	2	1	0
49	2	0	0
50	2	0	0
51	2	0	0
52	2	0	0
53	2	0	0
54	1	0	1
55	2	1	0
56	2	0	0
57	1	0	1
58	2	1	0
59	1	0	1
60	2	0	0
61	2	1	0
62	2	1	0
63	2	2	0
64	1	0	1
65	2	0	0
66	2	0	0
67	2	1	0
68	2	1	0
69	2	2	0
70	2	1	0
71	2	0	0
72	2	2	0
73	2	2	0
74	1	0	1
75	2	2	0
76	1	0	1
77	2	1	0
78	2	2	0
79	1	0	1
80	2	1	0
81	2	0	0
82	1	0	1
83	2	3	0
84	2	0	0
85	2	0	0
86	0	0	2
87	2	0	0
88	2	1	0
89	0	0	2
90	2	0	0
91	2	0	0
92	2	3	0
93	0	0	2
94	0	0	2
95	0	0	2
96	2	3	0
97	2	0	0
98	1	0	1
99	1	0	1
