Observation	Correct	FP	FN
0	2	0	0
1	2	0	0
2	2	0	0
3	2	0	0
4	2	0	0
5	2	0	0
6	2	1	0
7	2	0	0
8	2	1	0
9	2	0	0
10	2	0	0
11	2	0	0
12	2	1	0
13	2	1	0
14	2	0	0
15	2	0	0
16	2	1	0
17	2	0	0
18	2	0	0
19	2	0	0
20	2	0	0
21	2	1	0
22	2	1	0
23	2	0	0
24	2	0	0
25	2	0	0
26	2	1	0
27	2	0	0
28	2	1	0
29	2	0	0
30	2	1	0
31	2	0	0
32	2	1	0
33	2	1	0
34	2	0	0
35	2	0	0
36	2	0	0
37	2	0	0
38	2	0	0
39	2	0	0
40	2	0	0
41	2	1	0
42	2	0	0
43	2	0	0
44	2	0	0
45	2	1	0
46	2	1	0
47	2	0	0
48	2	1	0
49	2	1	0
50	1	0	1
51	2	1	0
52	1	0	1
53	2	1	0
54	2	1	0
55	2	1	0
56	2	0	0
57	2	0	0
58	2	1	0
59	1	0	1
60	2	1	0
61	1	0	1
62	1	0	1
63	2	1	0
64	2	1	0
65	2	0	0
66	2	1	0
67	2	0	0
68	0	0	2
69	2	0	0
70	0	0	2
71	2	1	0
72	2	1	0
73	2	0	0
74	1	0	1
75	2	0	0
76	2	0	0
77	0	0	2
78	2	0	0
79	0	0	2
80	2	0	0
81	2	0	0
82	2	1	0
83	1	0	1
84	0	0	2
85	2	0	0
86	2	1	0
87	2	1	0
88	0	0	2
89	2	0	0
90	2	1	0
91	2	1	0
92	0	0	2
93	1	0	1
94	2	1	0
95	2	0	0
96	2	0	0
97	0	0	2
98	2	1	0
99	2	1	0
