Observation	Correct	FP	FN
0	2	2	0
1	2	1	0
2	2	3	0
3	2	3	0
4	2	1	0
5	2	2	0
6	2	3	0
7	2	1	0
8	2	2	0
9	2	2	0
10	2	3	0
11	2	2	0
12	2	1	0
13	2	0	0
14	2	0	0
15	2	2	0
16	2	0	0
17	2	2	0
18	2	2	0
19	2	1	0
20	2	2	0
21	2	2	0
22	2	0	0
23	2	0	0
24	2	0	0
25	2	0	0
26	2	0	0
27	2	2	0
28	2	1	0
29	2	0	0
30	2	3	0
31	2	3	0
32	2	3	0
33	2	0	0
34	2	0	0
35	2	2	0
36	2	0	0
37	2	0	0
38	2	3	0
39	2	3	0
40	2	3	0
41	2	2	0
42	2	0	0
43	2	0	0
44	2	2	0
45	2	2	0
46	2	0	0
47	2	0	0
48	2	0	0
49	2	1	0
50	2	0	0
51	2	3	0
52	2	2	0
53	2	0	0
54	2	1	0
55	2	2	0
56	2	3	0
57	2	3	0
58	2	0	0
59	2	3	0
60	2	0	0
61	1	0	1
62	2	3	0
63	2	1	0
64	2	3	0
65	2	3	0
66	2	0	0
67	2	0	0
68	2	3	0
69	2	0	0
70	1	0	1
71	1	0	1
72	1	0	1
73	1	0	1
74	1	0	1
75	2	3	0
76	2	2	0
77	2	3	0
78	2	3	0
79	1	0	1
80	2	2	0
81	1	0	1
82	2	0	0
83	2	2	0
84	2	3	0
85	2	3	0
86	1	0	1
87	2	3	0
88	2	3	0
89	1	0	1
90	2	0	0
91	0	0	2
92	2	3	0
93	2	3	0
94	0	0	2
95	2	2	0
96	2	4	0
97	2	3	0
98	2	2	0
99	0	0	2
