Observation	Correct	FP	FN
0	9	0	0
1	9	0	0
2	9	0	0
3	8	0	1
4	9	0	0
5	9	0	0
6	9	0	0
7	8	0	1
8	9	0	0
9	9	0	0
10	9	0	0
11	8	0	1
12	9	0	0
13	8	0	1
14	9	0	0
15	8	0	1
16	9	0	0
17	9	0	0
18	9	0	0
19	8	0	1
20	9	0	0
21	8	1	1
22	8	0	1
23	9	0	0
24	9	0	0
25	8	1	1
26	9	0	0
27	8	1	1
28	8	1	1
29	9	0	0
30	8	0	1
31	9	0	0
32	9	0	0
33	8	1	1
34	8	1	1
35	9	0	0
36	8	1	1
37	9	0	0
38	9	0	0
39	8	1	1
40	8	1	1
41	9	0	0
42	8	0	1
43	9	0	0
44	7	1	2
45	9	0	0
46	9	0	0
47	9	0	0
48	9	0	0
49	9	0	0
50	7	2	2
51	9	0	0
52	9	0	0
53	9	0	0
54	7	2	2
55	9	0	0
56	7	2	2
57	7	2	2
58	9	0	0
59	9	0	0
60	9	0	0
61	9	0	0
62	8	1	1
63	8	1	1
64	8	0	1
65	8	0	1
66	7	0	2
67	8	2	1
68	8	0	1
69	9	0	0
70	7	0	2
71	9	0	0
72	9	0	0
73	6	3	3
74	9	0	0
75	9	0	0
76	9	0	0
77	6	3	3
78	7	1	2
79	9	0	0
80	7	2	2
81	9	0	0
82	9	0	0
83	6	2	3
84	6	3	3
85	9	0	0
86	6	2	3
87	9	0	0
88	9	0	0
89	7	2	2
90	9	0	0
91	6	1	3
92	7	0	2
93	8	1	1
94	9	0	0
95	9	0	0
96	9	0	0
97	5	4	4
98	5	3	4
99	5	4	4
