Observation	Correct	FP	FN
0	2	0	0
1	2	0	0
2	2	0	0
3	2	0	0
4	2	0	0
5	2	0	0
6	2	0	0
7	2	1	0
8	2	0	0
9	2	0	0
10	2	0	0
11	2	0	0
12	2	0	0
13	2	1	0
14	2	0	0
15	2	0	0
16	2	1	0
17	2	1	0
18	2	2	0
19	2	2	0
20	2	0	0
21	2	1	0
22	2	1	0
23	2	0	0
24	2	2	0
25	2	1	0
26	2	0	0
27	2	3	0
28	2	1	0
29	2	2	0
30	2	2	0
31	2	3	0
32	2	1	0
33	2	1	0
34	2	0	0
35	2	0	0
36	2	1	0
37	2	3	0
38	2	0	0
39	2	0	0
40	2	0	0
41	1	0	1
42	2	1	0
43	2	3	0
44	2	3	0
45	2	0	0
46	2	1	0
47	2	0	0
48	2	2	0
49	1	0	1
50	1	0	1
51	2	0	0
52	2	3	0
53	2	2	0
54	2	1	0
55	2	2	0
56	1	0	1
57	2	2	0
58	1	0	1
59	1	0	1
60	1	0	1
61	1	0	1
62	2	3	0
63	1	0	1
64	1	0	1
65	1	0	1
66	2	2	0
67	1	0	1
68	2	2	0
69	2	1	0
70	2	0	0
71	2	3	0
72	2	1	0
73	1	0	1
74	2	3	0
75	1	0	1
76	0	0	2
77	2	4	0
78	2	0	0
79	2	0	0
80	1	0	1
81	1	0	1
82	2	4	0
83	2	4	0
84	0	0	2
85	2	3	0
86	2	0	0
87	2	0	0
88	2	4	0
89	2	0	0
90	2	0	0
91	2	0	0
92	0	0	2
93	2	4	0
94	1	0	1
95	2	0	0
96	2	2	0
97	2	4	0
98	2	4	0
99	2	0	0
