Observation	Correct	FP	FN
0	7	9	0
1	7	9	0
2	7	9	0
3	7	9	0
4	7	8	0
5	7	9	0
6	7	9	0
7	7	9	0
8	7	9	0
9	7	9	0
10	7	9	0
11	7	9	0
12	7	8	0
13	7	9	0
14	7	9	0
15	7	9	0
16	7	9	0
17	7	9	0
18	7	9	0
19	7	9	0
20	7	8	0
21	7	9	0
22	7	8	0
23	7	9	0
24	7	9	0
25	7	9	0
26	7	9	0
27	7	9	0
28	7	8	0
29	7	8	0
30	7	9	0
31	7	7	0
32	7	9	0
33	7	8	0
34	7	8	0
35	7	9	0
36	7	8	0
37	7	9	0
38	7	9	0
39	7	9	0
40	7	8	0
41	7	6	0
42	7	8	0
43	7	8	0
44	7	6	0
45	7	8	0
46	7	9	0
47	7	8	0
48	7	8	0
49	7	6	0
50	7	9	0
51	7	9	0
52	7	9	0
53	7	9	0
54	7	8	0
55	7	8	0
56	7	7	0
57	7	8	0
58	7	9	0
59	7	9	0
60	7	7	0
61	7	6	0
62	7	8	0
63	7	7	0
64	7	6	0
65	7	10	0
66	7	6	0
67	7	6	0
68	7	10	0
69	7	6	0
70	7	9	0
71	7	9	0
72	7	6	0
73	7	8	0
74	7	9	0
75	7	8	0
76	7	8	0
77	7	8	0
78	7	9	0
79	7	6	0
80	7	7	0
81	7	9	0
82	7	9	0
83	7	6	0
84	7	9	0
85	7	9	0
86	7	6	0
87	7	6	0
88	7	9	0
89	7	9	0
90	7	6	0
91	7	6	0
92	7	6	0
93	7	7	0
94	7	8	0
95	7	6	0
96	7	6	0
97	7	9	0
98	7	8	0
99	7	9	0
