Observation	Correct	FP	FN
0	16	7	0
1	16	5	0
2	16	7	0
3	16	7	0
4	16	7	0
5	16	5	0
6	16	5	0
7	16	7	0
8	16	5	0
9	16	7	0
10	16	7	0
11	16	7	0
12	16	7	0
13	16	5	0
14	16	5	0
15	16	5	0
16	16	7	0
17	16	7	0
18	16	5	0
19	16	5	0
20	16	7	0
21	16	7	0
22	16	7	0
23	16	7	0
24	16	7	0
25	16	7	0
26	16	7	0
27	16	7	0
28	16	7	0
29	16	7	0
30	16	7	0
31	16	7	0
32	16	7	0
33	16	5	0
34	16	5	0
35	16	7	0
36	16	7	0
37	16	5	0
38	16	5	0
39	16	7	0
40	16	7	0
41	16	5	0
42	16	7	0
43	16	7	0
44	16	5	0
45	16	5	0
46	16	7	0
47	16	7	0
48	16	7	0
49	16	7	0
50	16	7	0
51	16	7	0
52	16	5	0
53	16	7	0
54	16	5	0
55	16	5	0
56	16	7	0
57	16	7	0
58	16	7	0
59	16	7	0
60	16	7	0
61	16	5	0
62	16	5	0
63	16	7	0
64	16	7	0
65	16	7	0
66	16	5	0
67	16	5	0
68	16	7	0
69	16	6	0
70	16	5	0
71	16	7	0
72	16	7	0
73	16	5	0
74	16	5	0
75	16	7	0
76	16	7	0
77	16	7	0
78	16	7	0
79	16	7	0
80	16	7	0
81	16	5	0
82	16	7	0
83	16	7	0
84	16	5	0
85	16	7	0
86	16	7	0
87	16	5	0
88	16	7	0
89	16	7	0
90	16	7	0
91	16	7	0
92	16	7	0
93	16	7	0
94	16	7	0
95	16	7	0
96	16	7	0
97	16	5	0
98	16	7	0
99	16	5	0
