Observation	Correct	FP	FN
0	2	0	0
1	2	0	0
2	2	0	0
3	2	1	0
4	2	0	0
5	2	0	0
6	2	0	0
7	2	1	0
8	2	0	0
9	2	0	0
10	2	1	0
11	2	1	0
12	2	0	0
13	2	0	0
14	2	0	0
15	2	0	0
16	2	1	0
17	2	0	0
18	2	1	0
19	2	0	0
20	2	0	0
21	2	1	0
22	2	0	0
23	2	0	0
24	2	0	0
25	2	1	0
26	2	1	0
27	2	1	0
28	2	1	0
29	2	0	0
30	2	0	0
31	2	1	0
32	2	0	0
33	2	0	0
34	2	0	0
35	2	1	0
36	2	1	0
37	2	1	0
38	2	1	0
39	2	0	0
40	2	1	0
41	2	0	0
42	2	1	0
43	2	0	0
44	2	1	0
45	2	0	0
46	2	0	0
47	2	0	0
48	2	1	0
49	2	1	0
50	2	1	0
51	2	0	0
52	2	0	0
53	1	0	1
54	2	0	0
55	2	0	0
56	2	0	0
57	2	1	0
58	2	1	0
59	1	0	1
60	1	0	1
61	1	0	1
62	2	1	0
63	2	0	0
64	2	1	0
65	1	0	1
66	2	2	0
67	1	0	1
68	2	0	0
69	2	0	0
70	2	1	0
71	2	1	0
72	2	1	0
73	2	2	0
74	2	0	0
75	0	0	2
76	2	1	0
77	2	1	0
78	2	1	0
79	2	2	0
80	2	2	0
81	0	0	2
82	0	0	2
83	2	0	0
84	2	0	0
85	2	1	0
86	2	1	0
87	2	3	0
88	2	3	0
89	2	2	0
90	1	0	1
91	2	0	0
92	2	0	0
93	2	1	0
94	2	2	0
95	0	0	2
96	1	0	1
97	2	0	0
98	2	4	0
99	0	0	2
