Observation	Correct	FP	FN
0	7	16	0
1	7	16	0
2	7	16	0
3	7	16	0
4	7	16	0
5	7	16	0
6	7	16	0
7	7	16	0
8	7	16	0
9	7	16	0
10	7	16	0
11	7	17	0
12	7	16	0
13	7	16	0
14	7	16	0
15	7	17	0
16	7	16	0
17	7	16	0
18	7	16	0
19	7	16	0
20	7	16	0
21	7	17	0
22	7	17	0
23	7	16	0
24	7	16	0
25	7	16	0
26	7	16	0
27	7	17	0
28	7	17	0
29	7	17	0
30	7	16	0
31	7	16	0
32	7	16	0
33	7	16	0
34	7	16	0
35	7	16	0
36	7	16	0
37	7	16	0
38	7	16	0
39	7	16	0
40	7	16	0
41	7	16	0
42	7	16	0
43	7	16	0
44	7	16	0
45	7	16	0
46	7	16	0
47	7	16	0
48	7	16	0
49	7	16	0
50	7	16	0
51	7	17	0
52	7	16	0
53	7	16	0
54	7	16	0
55	7	16	0
56	7	16	0
57	7	16	0
58	7	16	0
59	7	16	0
60	7	16	0
61	7	16	0
62	7	16	0
63	7	16	0
64	7	16	0
65	7	15	0
66	7	16	0
67	7	16	0
68	7	16	0
69	7	15	0
70	7	16	0
71	7	16	0
72	7	16	0
73	7	16	0
74	7	16	0
75	7	16	0
76	7	16	0
77	7	17	0
78	7	17	0
79	7	16	0
80	7	16	0
81	7	17	0
82	7	16	0
83	7	16	0
84	7	16	0
85	7	16	0
86	7	16	0
87	7	16	0
88	7	16	0
89	7	16	0
90	7	16	0
91	7	16	0
92	7	16	0
93	7	16	0
94	7	16	0
95	7	17	0
96	7	16	0
97	7	16	0
98	7	16	0
99	7	16	0
