Observation	Correct	FP	FN
0	2	9	0
1	2	9	0
2	2	9	0
3	2	9	0
4	2	9	0
5	2	9	0
6	2	9	0
7	2	9	0
8	2	9	0
9	2	9	0
10	2	9	0
11	2	9	0
12	2	9	0
13	2	9	0
14	2	9	0
15	2	9	0
16	2	9	0
17	2	9	0
18	2	9	0
19	2	9	0
20	2	9	0
21	2	9	0
22	2	9	0
23	2	9	0
24	2	9	0
25	2	9	0
26	2	9	0
27	2	9	0
28	2	9	0
29	2	9	0
30	2	9	0
31	2	9	0
32	2	9	0
33	2	9	0
34	2	9	0
35	2	9	0
36	2	9	0
37	2	9	0
38	2	9	0
39	2	9	0
40	2	9	0
41	2	9	0
42	2	9	0
43	2	9	0
44	2	9	0
45	2	9	0
46	2	9	0
47	2	9	0
48	2	9	0
49	2	9	0
50	2	9	0
51	2	9	0
52	2	9	0
53	2	9	0
54	2	9	0
55	2	9	0
56	2	9	0
57	2	9	0
58	2	9	0
59	2	9	0
60	2	9	0
61	2	9	0
62	2	9	0
63	2	9	0
64	2	9	0
65	2	9	0
66	2	9	0
67	2	9	0
68	2	9	0
69	2	9	0
70	2	9	0
71	2	9	0
72	2	9	0
73	2	9	0
74	2	9	0
75	2	9	0
76	2	9	0
77	2	9	0
78	2	9	0
79	2	9	0
80	2	9	0
81	2	9	0
82	2	9	0
83	2	9	0
84	2	9	0
85	2	9	0
86	2	9	0
87	2	9	0
88	2	9	0
89	2	9	0
90	2	9	0
91	2	9	0
92	2	9	0
93	2	9	0
94	2	9	0
95	2	9	0
96	2	9	0
97	2	9	0
98	2	9	0
99	2	9	0
