Observation	Correct	FP	FN
0	2	0	0
1	2	0	0
2	2	0	0
3	2	1	0
4	2	0	0
5	2	0	0
6	2	0	0
7	2	0	0
8	2	0	0
9	2	1	0
10	2	0	0
11	2	1	0
12	2	1	0
13	2	1	0
14	2	1	0
15	2	0	0
16	2	1	0
17	2	0	0
18	2	1	0
19	2	1	0
20	2	0	0
21	2	1	0
22	2	0	0
23	2	1	0
24	2	1	0
25	2	0	0
26	2	0	0
27	2	0	0
28	2	1	0
29	2	1	0
30	2	1	0
31	2	1	0
32	2	0	0
33	2	0	0
34	2	0	0
35	2	0	0
36	2	1	0
37	2	1	0
38	2	1	0
39	2	0	0
40	2	0	0
41	2	1	0
42	2	0	0
43	1	0	1
44	2	1	0
45	2	0	0
46	2	1	0
47	2	1	0
48	2	0	0
49	2	1	0
50	1	0	1
51	2	0	0
52	2	1	0
53	1	0	1
54	2	0	0
55	1	0	1
56	1	0	1
57	2	1	0
58	2	1	0
59	1	0	1
60	2	0	0
61	2	0	0
62	2	0	0
63	2	1	0
64	2	0	0
65	1	0	1
66	2	1	0
67	2	0	0
68	2	1	0
69	2	0	0
70	2	0	0
71	2	0	0
72	2	1	0
73	2	1	0
74	0	0	2
75	1	0	1
76	0	0	2
77	2	0	0
78	0	0	2
79	2	1	0
80	1	0	1
81	2	1	0
82	2	1	0
83	2	1	0
84	2	0	0
85	2	1	0
86	0	0	2
87	0	0	2
88	0	0	2
89	2	0	0
90	2	1	0
91	2	0	0
92	1	0	1
93	0	0	2
94	2	1	0
95	2	1	0
96	2	1	0
97	2	1	0
98	2	0	0
99	1	0	1
