Observation	Correct	FP	FN
0	11	3	0
1	11	3	0
2	11	3	0
3	11	3	0
4	11	4	0
5	11	4	0
6	11	3	0
7	11	4	0
8	11	3	0
9	11	4	0
10	11	4	0
11	11	4	0
12	11	4	0
13	11	3	0
14	11	4	0
15	11	4	0
16	11	3	0
17	11	3	0
18	11	3	0
19	11	4	0
20	11	4	0
21	11	4	0
22	11	4	0
23	11	4	0
24	11	3	0
25	11	4	0
26	11	3	0
27	11	3	0
28	11	3	0
29	11	3	0
30	11	4	0
31	11	4	0
32	11	3	0
33	11	3	0
34	11	3	0
35	11	4	0
36	11	3	0
37	11	3	0
38	11	4	0
39	11	3	0
40	11	3	0
41	11	4	0
42	11	3	0
43	11	3	0
44	11	4	0
45	11	4	0
46	11	3	0
47	11	3	0
48	11	3	0
49	11	3	0
50	11	3	0
51	11	4	0
52	11	4	0
53	11	3	0
54	11	4	0
55	11	4	0
56	11	4	0
57	11	4	0
58	11	3	0
59	11	3	0
60	11	3	0
61	11	3	0
62	11	4	0
63	11	3	0
64	10	3	1
65	11	3	0
66	11	3	0
67	11	3	0
68	11	3	0
69	11	3	0
70	10	3	1
71	11	3	0
72	11	4	0
73	10	3	1
74	11	3	0
75	11	3	0
76	11	4	0
77	11	3	0
78	11	3	0
79	11	4	0
80	10	3	1
81	11	4	0
82	11	4	0
83	10	3	1
84	10	3	1
85	11	4	0
86	10	3	1
87	10	3	1
88	11	4	0
89	11	4	0
90	11	3	0
91	11	3	0
92	11	4	0
93	11	4	0
94	10	3	1
95	11	3	0
96	11	4	0
97	10	3	1
98	10	3	1
99	8	1	3
