Observation	Correct	FP	FN
0	1	5	0
1	1	5	0
2	1	5	0
3	1	5	0
4	1	4	0
5	1	3	0
6	1	5	0
7	1	5	0
8	1	6	0
9	1	4	0
10	1	4	0
11	1	5	0
12	1	5	0
13	1	6	0
14	1	5	0
15	1	6	0
16	1	5	0
17	1	3	0
18	1	5	0
19	1	6	0
20	1	5	0
21	1	5	0
22	1	5	0
23	1	5	0
24	1	5	0
25	1	5	0
26	1	5	0
27	1	6	0
28	1	3	0
29	1	5	0
30	1	6	0
31	1	6	0
32	1	5	0
33	1	5	0
34	1	6	0
35	1	5	0
36	1	5	0
37	1	5	0
38	1	5	0
39	1	6	0
40	1	5	0
41	1	6	0
42	1	5	0
43	1	6	0
44	1	6	0
45	1	5	0
46	1	5	0
47	1	6	0
48	1	5	0
49	1	5	0
50	1	5	0
51	1	6	0
52	1	6	0
53	1	6	0
54	1	5	0
55	1	5	0
56	1	5	0
57	1	6	0
58	1	5	0
59	1	3	0
60	1	5	0
61	1	5	0
62	1	5	0
63	1	3	0
64	1	3	0
65	1	6	0
66	1	5	0
67	1	6	0
68	1	5	0
69	1	4	0
70	1	6	0
71	1	6	0
72	1	6	0
73	1	4	0
74	1	6	0
75	1	6	0
76	1	6	0
77	1	5	0
78	1	3	0
79	1	5	0
80	1	5	0
81	1	3	0
82	1	4	0
83	1	5	0
84	1	6	0
85	1	6	0
86	1	5	0
87	1	6	0
88	1	4	0
89	1	4	0
90	1	3	0
91	1	4	0
92	1	6	0
93	1	5	0
94	1	6	0
95	1	3	0
96	1	5	0
97	1	6	0
98	1	5	0
99	1	3	0
