Observation	Correct	FP	FN
0	3	7	0
1	3	6	0
2	3	5	0
3	3	6	0
4	3	7	0
5	3	5	0
6	3	5	0
7	3	6	0
8	3	7	0
9	3	8	0
10	3	4	0
11	3	7	0
12	3	5	0
13	3	5	0
14	3	4	0
15	3	8	0
16	3	8	0
17	3	8	0
18	3	4	0
19	3	6	0
20	3	8	0
21	3	4	0
22	3	7	0
23	3	4	0
24	3	4	0
25	3	4	0
26	3	4	0
27	3	6	0
28	3	8	0
29	3	7	0
30	3	8	0
31	3	5	0
32	3	8	0
33	3	4	0
34	3	4	0
35	3	4	0
36	3	8	0
37	3	7	0
38	3	4	0
39	3	9	0
40	3	4	0
41	3	8	0
42	3	4	0
43	3	4	0
44	3	9	0
45	3	4	0
46	3	7	0
47	3	4	0
48	3	8	0
49	3	5	0
50	3	4	0
51	3	9	0
52	3	7	0
53	3	9	0
54	3	6	0
55	3	4	0
56	3	9	0
57	3	6	0
58	3	9	0
59	3	4	0
60	3	9	0
61	3	8	0
62	3	4	0
63	3	9	0
64	3	4	0
65	3	9	0
66	3	10	0
67	3	4	0
68	3	7	0
69	3	11	0
70	3	4	0
71	3	4	0
72	3	5	0
73	3	7	0
74	3	4	0
75	3	4	0
76	3	4	0
77	3	5	0
78	3	6	0
79	3	13	0
80	3	9	0
81	3	9	0
82	3	11	0
83	3	10	0
84	3	9	0
85	3	10	0
86	3	4	0
87	3	4	0
88	3	4	0
89	3	10	0
90	3	12	0
91	3	13	0
92	3	5	0
93	3	14	0
94	3	9	0
95	3	6	0
96	3	4	0
97	3	4	0
98	3	5	0
99	3	4	0
