Observation	Correct	FP	FN
0	1	3	0
1	1	3	0
2	1	3	0
3	1	3	0
4	1	2	0
5	1	3	0
6	1	3	0
7	1	3	0
8	1	4	0
9	1	2	0
10	1	5	0
11	1	2	0
12	1	3	0
13	1	5	0
14	1	3	0
15	1	3	0
16	1	1	0
17	1	5	0
18	1	4	0
19	1	3	0
20	1	1	0
21	1	3	0
22	1	5	0
23	1	5	0
24	1	3	0
25	1	3	0
26	1	3	0
27	1	1	0
28	1	5	0
29	1	2	0
30	1	4	0
31	1	3	0
32	1	0	0
33	1	5	0
34	1	5	0
35	1	1	0
36	1	5	0
37	1	3	0
38	1	5	0
39	1	2	0
40	1	0	0
41	1	0	0
42	1	3	0
43	1	3	0
44	1	2	0
45	1	1	0
46	1	4	0
47	1	0	0
48	1	0	0
49	1	5	0
50	1	3	0
51	1	1	0
52	1	0	0
53	1	3	0
54	1	0	0
55	1	0	0
56	1	3	0
57	1	5	0
58	1	0	0
59	1	5	0
60	1	0	0
61	1	0	0
62	1	5	0
63	1	5	0
64	1	5	0
65	1	0	0
66	1	4	0
67	1	3	0
68	1	2	0
69	1	3	0
70	1	5	0
71	1	2	0
72	1	5	0
73	1	0	0
74	1	0	0
75	1	3	0
76	1	0	0
77	1	3	0
78	1	4	0
79	1	5	0
80	0	0	1
81	1	5	0
82	1	0	0
83	1	0	0
84	1	5	0
85	1	5	0
86	1	5	0
87	1	5	0
88	1	5	0
89	1	5	0
90	1	5	0
91	1	0	0
92	1	0	0
93	1	5	0
94	1	5	0
95	1	5	0
96	1	5	0
97	0	0	1
98	0	0	1
99	1	5	0
