Observation	Correct	FP	FN
0	4	11	0
1	4	10	0
2	4	9	0
3	4	9	0
4	4	9	0
5	4	9	0
6	4	9	0
7	4	11	0
8	4	10	0
9	4	9	0
10	4	9	0
11	4	11	0
12	4	10	0
13	4	10	0
14	4	9	0
15	4	10	0
16	4	10	0
17	4	9	0
18	4	9	0
19	4	11	0
20	4	9	0
21	4	10	0
22	4	9	0
23	4	11	0
24	4	11	0
25	4	9	0
26	4	11	0
27	4	9	0
28	4	11	0
29	4	9	0
30	4	9	0
31	4	9	0
32	4	9	0
33	4	11	0
34	4	10	0
35	4	11	0
36	4	9	0
37	4	9	0
38	4	11	0
39	4	10	0
40	4	10	0
41	4	10	0
42	4	11	0
43	4	9	0
44	4	9	0
45	4	9	0
46	4	9	0
47	4	9	0
48	4	10	0
49	4	9	0
50	4	9	0
51	4	10	0
52	4	11	0
53	4	10	0
54	4	11	0
55	4	9	0
56	4	11	0
57	4	11	0
58	4	9	0
59	4	11	0
60	4	10	0
61	4	10	0
62	4	11	0
63	4	9	0
64	4	9	0
65	4	9	0
66	4	9	0
67	4	11	0
68	4	10	0
69	4	10	0
70	4	11	0
71	4	11	0
72	4	9	0
73	4	10	0
74	4	11	0
75	4	11	0
76	4	10	0
77	4	9	0
78	4	9	0
79	4	9	0
80	4	11	0
81	4	11	0
82	4	10	0
83	4	9	0
84	4	11	0
85	4	9	0
86	4	9	0
87	4	10	0
88	4	10	0
89	4	10	0
90	4	9	0
91	4	11	0
92	4	9	0
93	4	9	0
94	4	9	0
95	4	10	0
96	4	9	0
97	4	11	0
98	4	9	0
99	4	9	0
