Observation	Correct	FP	FN
0	2	3	0
1	2	4	0
2	2	4	0
3	2	4	0
4	2	2	0
5	2	3	0
6	2	2	0
7	2	2	0
8	2	4	0
9	2	2	0
10	2	3	0
11	2	2	0
12	2	4	0
13	2	3	0
14	2	4	0
15	2	4	0
16	2	4	0
17	2	2	0
18	2	3	0
19	2	4	0
20	2	2	0
21	2	4	0
22	2	2	0
23	2	2	0
24	2	4	0
25	2	4	0
26	2	4	0
27	2	4	0
28	2	4	0
29	2	2	0
30	2	3	0
31	2	2	0
32	2	3	0
33	2	4	0
34	2	2	0
35	2	2	0
36	2	3	0
37	2	4	0
38	2	2	0
39	2	4	0
40	2	2	0
41	2	4	0
42	2	4	0
43	2	2	0
44	2	2	0
45	2	4	0
46	2	2	0
47	2	3	0
48	2	3	0
49	2	4	0
50	2	1	0
51	2	2	0
52	2	5	0
53	2	4	0
54	2	2	0
55	2	3	0
56	2	3	0
57	2	4	0
58	2	5	0
59	2	0	0
60	2	5	0
61	1	2	1
62	2	2	0
63	2	5	0
64	2	4	0
65	2	5	0
66	2	1	0
67	1	2	1
68	2	0	0
69	2	3	0
70	1	2	1
71	2	3	0
72	2	5	0
73	2	4	0
74	2	4	0
75	2	2	0
76	2	1	0
77	2	3	0
78	2	4	0
79	2	3	0
80	1	2	1
81	2	3	0
82	2	5	0
83	2	3	0
84	2	5	0
85	2	3	0
86	2	3	0
87	2	4	0
88	2	0	0
89	2	3	0
90	1	0	1
91	2	5	0
92	2	5	0
93	2	5	0
94	2	3	0
95	2	5	0
96	1	2	1
97	2	3	0
98	2	5	0
99	2	5	0
