Observation	Correct	FP	FN
0	12	0	0
1	12	0	0
2	11	0	1
3	11	0	1
4	11	0	1
5	12	0	0
6	12	0	0
7	11	0	1
8	12	0	0
9	12	0	0
10	11	0	1
11	12	0	0
12	11	0	1
13	12	0	0
14	12	1	0
15	12	1	0
16	11	0	1
17	11	0	1
18	12	0	0
19	11	0	1
20	12	0	0
21	12	1	0
22	12	0	0
23	12	1	0
24	11	0	1
25	11	0	1
26	12	0	0
27	12	1	0
28	11	0	1
29	11	0	1
30	11	0	1
31	12	0	0
32	12	1	0
33	12	0	0
34	12	1	0
35	12	1	0
36	11	0	1
37	11	0	1
38	12	0	0
39	12	1	0
40	11	0	1
41	11	0	1
42	11	0	1
43	12	0	0
44	12	1	0
45	11	0	1
46	11	0	1
47	12	1	0
48	12	0	0
49	11	0	1
50	12	0	0
51	12	0	0
52	12	1	0
53	12	1	0
54	12	1	0
55	12	1	0
56	12	0	0
57	11	0	1
58	12	1	0
59	12	0	0
60	12	1	0
61	11	0	1
62	12	1	0
63	11	0	1
64	12	0	0
65	12	0	0
66	12	1	0
67	11	0	1
68	12	1	0
69	12	1	0
70	12	1	0
71	12	1	0
72	11	0	1
73	11	0	1
74	11	0	1
75	12	0	0
76	12	1	0
77	11	0	1
78	11	0	1
79	12	1	0
80	12	1	0
81	12	1	0
82	12	2	0
83	11	0	1
84	12	1	0
85	11	0	1
86	11	0	1
87	12	1	0
88	12	2	0
89	11	0	1
90	11	0	1
91	11	0	1
92	12	2	0
93	11	0	1
94	11	0	1
95	11	0	1
96	11	0	1
97	12	1	0
98	11	0	1
99	11	0	1
