Observation	Correct	FP	FN
0	5	0	0
1	5	0	0
2	5	0	0
3	5	1	0
4	5	0	0
5	5	0	0
6	5	0	0
7	5	1	0
8	5	0	0
9	5	0	0
10	5	0	0
11	5	1	0
12	5	1	0
13	5	0	0
14	5	0	0
15	5	0	0
16	5	0	0
17	5	0	0
18	5	0	0
19	5	1	0
20	5	0	0
21	5	3	0
22	5	0	0
23	5	1	0
24	5	0	0
25	5	0	0
26	5	0	0
27	5	0	0
28	5	0	0
29	5	1	0
30	5	4	0
31	5	0	0
32	5	4	0
33	5	0	0
34	5	0	0
35	5	1	0
36	5	1	0
37	5	4	0
38	5	0	0
39	5	1	0
40	5	0	0
41	5	4	0
42	5	3	0
43	5	1	0
44	5	1	0
45	5	4	0
46	5	1	0
47	5	0	0
48	5	2	0
49	5	1	0
50	5	0	0
51	5	0	0
52	5	1	0
53	5	0	0
54	5	0	0
55	5	0	0
56	5	0	0
57	5	0	0
58	5	0	0
59	5	0	0
60	5	0	0
61	5	4	0
62	5	0	0
63	5	0	0
64	5	4	0
65	5	4	0
66	5	2	0
67	5	0	0
68	5	1	0
69	5	0	0
70	5	0	0
71	5	4	0
72	5	4	0
73	5	4	0
74	5	4	0
75	5	4	0
76	5	4	0
77	5	4	0
78	5	4	0
79	5	4	0
80	5	4	0
81	5	4	0
82	5	2	0
83	5	0	0
84	5	4	0
85	5	0	0
86	5	0	0
87	5	0	0
88	5	0	0
89	5	4	0
90	5	4	0
91	5	0	0
92	5	0	0
93	5	0	0
94	5	1	0
95	5	4	0
96	5	1	0
97	5	5	0
98	5	4	0
99	5	0	0
