Observation	Correct	FP	FN
0	10	3	0
1	10	3	0
2	10	2	0
3	10	2	0
4	10	3	0
5	10	1	0
6	10	1	0
7	10	1	0
8	10	1	0
9	10	3	0
10	10	1	0
11	10	3	0
12	10	1	0
13	10	3	0
14	10	3	0
15	10	1	0
16	10	1	0
17	10	3	0
18	10	2	0
19	10	3	0
20	10	3	0
21	10	3	0
22	10	1	0
23	10	1	0
24	10	1	0
25	10	1	0
26	10	3	0
27	10	1	0
28	10	1	0
29	10	3	0
30	10	3	0
31	10	1	0
32	10	2	0
33	10	3	0
34	10	3	0
35	10	1	0
36	10	2	0
37	10	3	0
38	10	1	0
39	10	3	0
40	10	1	0
41	10	3	0
42	10	3	0
43	10	3	0
44	10	1	0
45	10	3	0
46	10	3	0
47	10	3	0
48	10	3	0
49	10	1	0
50	10	3	0
51	10	3	0
52	10	1	0
53	10	1	0
54	10	2	0
55	10	1	0
56	10	3	0
57	10	3	0
58	10	0	0
59	10	0	0
60	10	1	0
61	10	0	0
62	10	1	0
63	10	0	0
64	10	2	0
65	10	3	0
66	10	3	0
67	10	0	0
68	10	3	0
69	10	3	0
70	10	3	0
71	10	3	0
72	10	4	0
73	10	1	0
74	10	3	0
75	10	3	0
76	10	3	0
77	10	1	0
78	9	0	1
79	10	3	0
80	10	1	0
81	10	0	0
82	10	0	0
83	10	1	0
84	10	3	0
85	10	1	0
86	10	1	0
87	10	3	0
88	10	1	0
89	10	1	0
90	10	4	0
91	10	4	0
92	10	3	0
93	10	4	0
94	10	4	0
95	9	0	1
96	9	1	1
97	10	4	0
98	10	4	0
99	9	0	1
