Observation	Correct	FP	FN
0	9	2	0
1	9	2	0
2	9	2	0
3	9	2	0
4	9	2	0
5	9	2	0
6	9	2	0
7	9	2	0
8	9	2	0
9	9	2	0
10	9	2	0
11	9	2	0
12	9	2	0
13	9	2	0
14	9	2	0
15	9	2	0
16	9	2	0
17	8	2	1
18	9	2	0
19	9	2	0
20	9	2	0
21	8	2	1
22	9	2	0
23	9	2	0
24	9	2	0
25	9	2	0
26	8	2	1
27	9	2	0
28	8	2	1
29	9	2	0
30	9	2	0
31	9	2	0
32	8	2	1
33	8	2	1
34	8	2	1
35	9	2	0
36	8	2	1
37	9	2	0
38	9	2	0
39	8	2	1
40	9	2	0
41	9	2	0
42	9	2	0
43	9	2	0
44	9	2	0
45	8	2	1
46	8	2	1
47	8	2	1
48	9	2	0
49	9	2	0
50	9	2	0
51	9	2	0
52	9	2	0
53	9	2	0
54	9	2	0
55	9	2	0
56	9	2	0
57	9	2	0
58	9	2	0
59	9	2	0
60	8	2	1
61	8	2	1
62	8	2	1
63	7	2	2
64	9	2	0
65	8	2	1
66	9	2	0
67	7	2	2
68	9	2	0
69	8	2	1
70	7	2	2
71	9	2	0
72	9	2	0
73	7	2	2
74	8	2	1
75	9	2	0
76	9	2	0
77	7	2	2
78	8	2	1
79	9	2	0
80	9	2	0
81	9	2	0
82	9	2	0
83	7	2	2
84	9	2	0
85	9	2	0
86	9	2	0
87	9	2	0
88	7	2	2
89	9	2	0
90	9	2	0
91	7	2	2
92	7	2	2
93	9	2	0
94	8	2	1
95	9	2	0
96	7	2	2
97	9	2	0
98	7	2	2
99	9	2	0
