Observation	Correct	FP	FN
0	6	7	0
1	6	7	0
2	6	7	0
3	6	7	0
4	6	7	0
5	6	7	0
6	6	7	0
7	6	7	0
8	6	7	0
9	6	7	0
10	6	7	0
11	6	7	0
12	6	7	0
13	6	7	0
14	6	7	0
15	6	7	0
16	6	7	0
17	6	7	0
18	6	7	0
19	6	7	0
20	6	7	0
21	6	7	0
22	6	7	0
23	6	7	0
24	6	7	0
25	6	7	0
26	6	7	0
27	6	7	0
28	6	7	0
29	6	7	0
30	6	7	0
31	6	7	0
32	6	7	0
33	6	7	0
34	5	7	1
35	5	7	1
36	6	7	0
37	6	8	0
38	6	7	0
39	6	7	0
40	6	7	0
41	6	7	0
42	6	8	0
43	6	8	0
44	6	8	0
45	6	8	0
46	6	8	0
47	6	7	0
48	6	8	0
49	5	7	1
50	6	8	0
51	6	7	0
52	5	7	1
53	6	7	0
54	6	7	0
55	5	7	1
56	6	7	0
57	6	7	0
58	6	7	0
59	6	7	0
60	6	7	0
61	5	7	1
62	6	8	0
63	5	7	1
64	6	8	0
65	6	8	0
66	6	7	0
67	5	7	1
68	6	8	0
69	5	7	1
70	5	7	1
71	6	7	0
72	5	7	1
73	6	7	0
74	5	7	1
75	6	8	0
76	6	7	0
77	6	7	0
78	6	8	0
79	5	7	1
80	6	8	0
81	5	7	1
82	5	7	1
83	6	8	0
84	6	8	0
85	5	7	1
86	6	8	0
87	5	7	1
88	5	7	1
89	5	7	1
90	6	7	0
91	6	8	0
92	5	7	1
93	6	7	0
94	6	8	0
95	5	7	1
96	5	7	1
97	5	7	1
98	6	8	0
99	6	7	0
