Observation	Correct	FP	FN
0	1	16	0
1	1	17	0
2	1	17	0
3	1	17	0
4	1	16	0
5	1	15	0
6	1	17	0
7	1	17	0
8	1	17	0
9	1	17	0
10	1	17	0
11	1	17	0
12	1	17	0
13	1	17	0
14	1	16	0
15	1	16	0
16	1	17	0
17	1	17	0
18	1	17	0
19	1	17	0
20	1	17	0
21	1	17	0
22	1	17	0
23	1	16	0
24	1	17	0
25	1	16	0
26	1	17	0
27	1	17	0
28	1	17	0
29	1	17	0
30	1	17	0
31	1	17	0
32	1	17	0
33	1	17	0
34	1	17	0
35	1	17	0
36	1	17	0
37	1	16	0
38	1	17	0
39	1	17	0
40	1	17	0
41	1	16	0
42	1	17	0
43	1	15	0
44	1	17	0
45	1	16	0
46	1	17	0
47	1	17	0
48	1	16	0
49	1	15	0
50	1	17	0
51	1	17	0
52	1	17	0
53	1	16	0
54	1	17	0
55	1	15	0
56	1	15	0
57	1	16	0
58	1	17	0
59	1	15	0
60	1	17	0
61	1	17	0
62	1	17	0
63	1	16	0
64	1	17	0
65	1	16	0
66	1	17	0
67	1	16	0
68	1	17	0
69	1	16	0
70	1	17	0
71	1	17	0
72	1	17	0
73	1	17	0
74	1	17	0
75	1	17	0
76	1	17	0
77	1	16	0
78	1	17	0
79	1	17	0
80	1	17	0
81	1	17	0
82	1	17	0
83	1	16	0
84	1	17	0
85	1	17	0
86	1	17	0
87	1	17	0
88	1	16	0
89	1	16	0
90	1	17	0
91	1	17	0
92	1	17	0
93	1	17	0
94	1	17	0
95	1	17	0
96	1	17	0
97	1	17	0
98	1	17	0
99	1	16	0
