Observation	Correct	FP	FN
0	3	12	0
1	3	12	0
2	3	12	0
3	3	12	0
4	3	12	0
5	3	12	0
6	3	12	0
7	3	12	0
8	3	12	0
9	3	12	0
10	3	12	0
11	3	12	0
12	3	12	0
13	3	11	0
14	3	12	0
15	3	12	0
16	3	12	0
17	3	12	0
18	3	12	0
19	3	12	0
20	3	11	0
21	3	12	0
22	3	11	0
23	3	11	0
24	3	11	0
25	3	12	0
26	3	12	0
27	3	11	0
28	3	12	0
29	3	11	0
30	3	12	0
31	3	12	0
32	3	12	0
33	3	12	0
34	3	12	0
35	3	12	0
36	3	12	0
37	3	11	0
38	3	11	0
39	3	12	0
40	3	12	0
41	3	12	0
42	3	12	0
43	3	12	0
44	3	11	0
45	3	12	0
46	3	11	0
47	3	12	0
48	3	12	0
49	3	12	0
50	3	12	0
51	3	11	0
52	3	11	0
53	3	12	0
54	3	11	0
55	3	13	0
56	3	12	0
57	3	13	0
58	3	12	0
59	3	12	0
60	3	11	0
61	3	11	0
62	3	12	0
63	3	12	0
64	3	12	0
65	3	12	0
66	3	12	0
67	3	11	0
68	3	11	0
69	3	12	0
70	3	11	0
71	3	12	0
72	3	13	0
73	3	12	0
74	3	12	0
75	3	13	0
76	3	12	0
77	3	12	0
78	3	12	0
79	3	11	0
80	3	12	0
81	3	12	0
82	3	11	0
83	3	11	0
84	3	10	0
85	3	11	0
86	3	11	0
87	3	11	0
88	3	11	0
89	3	11	0
90	3	12	0
91	3	10	0
92	3	11	0
93	3	10	0
94	3	10	0
95	3	10	0
96	3	12	0
97	3	10	0
98	3	10	0
99	3	13	0
