Observation	Correct	FP	FN
0	12	7	0
1	12	7	0
2	12	8	0
3	12	8	0
4	12	8	0
5	12	7	0
6	12	7	0
7	12	7	0
8	12	7	0
9	12	7	0
10	12	8	0
11	12	7	0
12	12	7	0
13	12	8	0
14	12	7	0
15	12	7	0
16	12	7	0
17	12	7	0
18	12	8	0
19	12	7	0
20	12	8	0
21	12	8	0
22	12	8	0
23	12	7	0
24	12	7	0
25	12	7	0
26	12	8	0
27	12	8	0
28	12	7	0
29	12	7	0
30	12	8	0
31	12	8	0
32	12	7	0
33	12	7	0
34	12	7	0
35	12	8	0
36	12	7	0
37	12	8	0
38	12	7	0
39	12	7	0
40	12	7	0
41	12	7	0
42	12	7	0
43	12	7	0
44	12	7	0
45	12	7	0
46	12	7	0
47	12	7	0
48	12	7	0
49	12	8	0
50	12	8	0
51	12	7	0
52	12	7	0
53	12	7	0
54	12	7	0
55	12	7	0
56	12	7	0
57	12	7	0
58	12	7	0
59	12	7	0
60	12	8	0
61	12	7	0
62	12	7	0
63	12	8	0
64	12	7	0
65	12	7	0
66	12	7	0
67	12	7	0
68	12	8	0
69	12	7	0
70	12	8	0
71	12	7	0
72	12	7	0
73	12	8	0
74	12	8	0
75	12	7	0
76	12	7	0
77	12	7	0
78	12	7	0
79	12	7	0
80	12	7	0
81	12	7	0
82	12	7	0
83	12	8	0
84	12	7	0
85	12	7	0
86	12	8	0
87	12	7	0
88	12	7	0
89	12	7	0
90	12	7	0
91	12	7	0
92	12	7	0
93	12	7	0
94	12	7	0
95	12	7	0
96	12	8	0
97	12	7	0
98	12	7	0
99	12	7	0
