Observation	Correct	FP	FN
0	10	4	0
1	10	4	0
2	10	4	0
3	10	4	0
4	10	4	0
5	10	4	0
6	10	4	0
7	10	4	0
8	10	4	0
9	10	4	0
10	10	3	0
11	10	4	0
12	10	4	0
13	10	4	0
14	10	4	0
15	10	4	0
16	10	4	0
17	10	4	0
18	10	3	0
19	10	4	0
20	10	4	0
21	10	4	0
22	10	4	0
23	10	4	0
24	10	4	0
25	10	4	0
26	10	4	0
27	10	3	0
28	10	3	0
29	10	4	0
30	10	3	0
31	10	4	0
32	10	4	0
33	10	4	0
34	10	3	0
35	10	4	0
36	10	4	0
37	10	4	0
38	10	3	0
39	10	3	0
40	10	4	0
41	10	4	0
42	10	4	0
43	10	4	0
44	10	4	0
45	10	4	0
46	10	4	0
47	10	3	0
48	10	3	0
49	10	4	0
50	10	4	0
51	10	3	0
52	10	4	0
53	10	3	0
54	10	4	0
55	10	3	0
56	10	4	0
57	10	3	0
58	10	4	0
59	10	4	0
60	10	4	0
61	10	4	0
62	10	4	0
63	10	4	0
64	10	4	0
65	10	3	0
66	10	3	0
67	10	4	0
68	10	5	0
69	10	3	0
70	10	3	0
71	10	3	0
72	10	3	0
73	10	3	0
74	10	3	0
75	10	3	0
76	10	3	0
77	10	3	0
78	10	3	0
79	10	3	0
80	10	3	0
81	10	5	0
82	10	3	0
83	10	4	0
84	10	3	0
85	10	3	0
86	10	4	0
87	10	5	0
88	10	3	0
89	10	3	0
90	10	5	0
91	10	5	0
92	10	4	0
93	10	3	0
94	10	5	0
95	10	4	0
96	10	3	0
97	10	3	0
98	10	3	0
99	10	3	0
