Observation	Correct	FP	FN
0	10	5	0
1	9	5	1
2	10	5	0
3	9	5	1
4	9	5	1
5	9	5	1
6	9	5	1
7	10	5	0
8	10	5	0
9	10	5	0
10	9	5	1
11	9	5	1
12	9	5	1
13	10	5	0
14	10	5	0
15	10	5	0
16	10	5	0
17	10	4	0
18	9	5	1
19	10	4	0
20	10	5	0
21	10	4	0
22	9	5	1
23	9	5	1
24	10	5	0
25	10	5	0
26	9	5	1
27	10	5	0
28	9	5	1
29	10	4	0
30	10	4	0
31	10	5	0
32	10	5	0
33	10	5	0
34	10	5	0
35	9	5	1
36	10	5	0
37	10	4	0
38	9	5	1
39	10	4	0
40	10	4	0
41	9	5	1
42	10	4	0
43	9	5	1
44	10	4	0
45	10	5	0
46	10	4	0
47	9	5	1
48	9	5	1
49	10	5	0
50	10	4	0
51	10	4	0
52	10	5	0
53	10	4	0
54	9	5	1
55	10	5	0
56	10	4	0
57	10	4	0
58	9	5	1
59	9	5	1
60	9	5	1
61	10	4	0
62	10	4	0
63	9	5	1
64	9	5	1
65	9	5	1
66	10	4	0
67	10	5	0
68	9	4	1
69	10	5	0
70	9	5	1
71	10	4	0
72	10	5	0
73	9	5	1
74	10	4	0
75	9	5	1
76	10	4	0
77	9	5	1
78	9	5	1
79	10	4	0
80	9	5	1
81	10	4	0
82	10	4	0
83	10	5	0
84	10	4	0
85	10	4	0
86	10	4	0
87	10	4	0
88	10	4	0
89	10	4	0
90	9	5	1
91	10	4	0
92	9	5	1
93	9	4	1
94	9	5	1
95	10	4	0
96	9	5	1
97	10	3	0
98	9	5	1
99	10	3	0
