Observation	Correct	FP	FN
0	5	8	0
1	5	7	0
2	5	8	0
3	5	7	0
4	5	8	0
5	5	8	0
6	5	7	0
7	5	8	0
8	5	8	0
9	5	7	0
10	5	7	0
11	5	7	0
12	5	7	0
13	5	7	0
14	5	7	0
15	5	8	0
16	5	8	0
17	5	9	0
18	5	8	0
19	5	7	0
20	5	8	0
21	5	7	0
22	5	7	0
23	5	7	0
24	5	7	0
25	5	9	0
26	5	7	0
27	5	9	0
28	5	8	0
29	5	7	0
30	5	8	0
31	5	9	0
32	5	8	0
33	5	9	0
34	5	9	0
35	5	8	0
36	5	7	0
37	5	7	0
38	5	9	0
39	5	7	0
40	5	8	0
41	5	9	0
42	5	8	0
43	5	9	0
44	5	7	0
45	5	9	0
46	5	7	0
47	5	7	0
48	5	7	0
49	5	7	0
50	5	8	0
51	5	7	0
52	5	9	0
53	5	7	0
54	5	7	0
55	5	7	0
56	5	7	0
57	5	7	0
58	5	7	0
59	5	9	0
60	5	7	0
61	5	7	0
62	5	7	0
63	5	7	0
64	5	9	0
65	5	9	0
66	5	9	0
67	5	7	0
68	5	7	0
69	5	7	0
70	5	7	0
71	5	7	0
72	5	7	0
73	5	7	0
74	5	10	0
75	5	7	0
76	5	10	0
77	5	9	0
78	5	9	0
79	5	8	0
80	5	9	0
81	5	9	0
82	5	7	0
83	5	7	0
84	5	7	0
85	5	7	0
86	5	10	0
87	5	9	0
88	5	7	0
89	5	7	0
90	5	9	0
91	5	9	0
92	5	9	0
93	5	7	0
94	5	8	0
95	5	9	0
96	5	8	0
97	5	7	0
98	5	9	0
99	5	10	0
