Observation	Correct	FP	FN
0	6	7	0
1	6	7	0
2	6	7	0
3	6	6	0
4	6	7	0
5	6	6	0
6	6	7	0
7	6	7	0
8	6	6	0
9	6	7	0
10	6	7	0
11	6	7	0
12	6	6	0
13	6	7	0
14	6	7	0
15	6	7	0
16	6	7	0
17	6	7	0
18	6	6	0
19	6	7	0
20	6	6	0
21	6	6	0
22	6	7	0
23	6	6	0
24	6	7	0
25	6	7	0
26	6	7	0
27	6	7	0
28	6	7	0
29	6	7	0
30	6	6	0
31	6	7	0
32	6	6	0
33	6	7	0
34	6	7	0
35	6	7	0
36	6	7	0
37	6	6	0
38	6	7	0
39	6	6	0
40	6	6	0
41	6	7	0
42	6	6	0
43	6	7	0
44	6	6	0
45	6	6	0
46	6	7	0
47	6	7	0
48	6	7	0
49	6	7	0
50	6	6	0
51	6	6	0
52	6	6	0
53	6	6	0
54	6	7	0
55	6	7	0
56	6	7	0
57	6	7	0
58	6	7	0
59	6	7	0
60	6	7	0
61	6	7	0
62	6	7	0
63	6	6	0
64	6	6	0
65	6	6	0
66	6	6	0
67	6	7	0
68	6	7	0
69	6	6	0
70	6	6	0
71	6	7	0
72	6	6	0
73	6	6	0
74	6	6	0
75	6	6	0
76	6	6	0
77	6	7	0
78	6	7	0
79	6	6	0
80	6	6	0
81	6	6	0
82	6	6	0
83	6	6	0
84	6	7	0
85	6	7	0
86	6	6	0
87	6	7	0
88	6	7	0
89	6	7	0
90	6	7	0
91	6	6	0
92	6	7	0
93	6	7	0
94	6	6	0
95	6	7	0
96	6	7	0
97	6	5	0
98	6	6	0
99	6	6	0
