Observation	Correct	FP	FN
0	2	10	0
1	2	9	0
2	2	11	0
3	2	9	0
4	2	10	0
5	2	10	0
6	2	9	0
7	2	10	0
8	2	11	0
9	2	11	0
10	2	11	0
11	2	10	0
12	2	10	0
13	2	9	0
14	2	10	0
15	2	11	0
16	2	9	0
17	2	11	0
18	2	11	0
19	2	11	0
20	2	10	0
21	2	11	0
22	2	9	0
23	2	11	0
24	2	11	0
25	2	9	0
26	2	11	0
27	2	11	0
28	2	11	0
29	2	11	0
30	2	10	0
31	2	10	0
32	2	9	0
33	2	11	0
34	2	11	0
35	2	9	0
36	2	9	0
37	2	9	0
38	2	10	0
39	2	9	0
40	2	10	0
41	2	11	0
42	2	10	0
43	2	11	0
44	2	9	0
45	2	10	0
46	2	11	0
47	2	11	0
48	2	11	0
49	2	11	0
50	2	10	0
51	2	9	0
52	2	10	0
53	2	11	0
54	2	9	0
55	2	11	0
56	2	10	0
57	2	11	0
58	2	11	0
59	2	9	0
60	2	8	0
61	2	11	0
62	2	11	0
63	2	10	0
64	2	11	0
65	2	10	0
66	2	10	0
67	2	9	0
68	2	11	0
69	2	11	0
70	2	9	0
71	2	11	0
72	2	10	0
73	2	11	0
74	2	11	0
75	2	9	0
76	2	11	0
77	2	11	0
78	2	10	0
79	2	10	0
80	2	10	0
81	2	8	0
82	2	9	0
83	2	10	0
84	2	9	0
85	2	11	0
86	2	10	0
87	2	11	0
88	2	9	0
89	2	9	0
90	2	9	0
91	2	11	0
92	2	11	0
93	2	9	0
94	2	11	0
95	2	11	0
96	2	10	0
97	2	10	0
98	2	11	0
99	2	9	0
