Observation	Correct	FP	FN
0	12	1	0
1	12	1	0
2	12	1	0
3	12	1	0
4	12	1	0
5	11	1	1
6	12	1	0
7	11	1	1
8	12	1	0
9	12	1	0
10	12	1	0
11	12	1	0
12	11	1	1
13	12	1	0
14	11	1	1
15	11	1	1
16	12	1	0
17	12	1	0
18	12	1	0
19	11	1	1
20	12	1	0
21	11	1	1
22	12	1	0
23	11	1	1
24	12	1	0
25	12	1	0
26	12	1	0
27	11	1	1
28	12	1	0
29	12	1	0
30	11	1	1
31	12	1	0
32	12	1	0
33	12	1	0
34	12	1	0
35	12	1	0
36	12	1	0
37	12	1	0
38	12	1	0
39	12	1	0
40	12	1	0
41	10	1	2
42	10	1	2
43	12	1	0
44	12	2	0
45	10	1	2
46	12	1	0
47	12	1	0
48	12	2	0
49	12	1	0
50	12	1	0
51	12	2	0
52	12	1	0
53	12	1	0
54	10	1	2
55	12	1	0
56	10	1	2
57	12	2	0
58	12	2	0
59	10	1	2
60	11	1	1
61	11	1	1
62	10	1	2
63	12	1	0
64	11	1	1
65	11	1	1
66	12	1	0
67	11	1	1
68	12	1	0
69	12	2	0
70	12	2	0
71	12	1	0
72	10	1	2
73	12	2	0
74	12	1	0
75	10	1	2
76	12	2	0
77	12	1	0
78	12	1	0
79	12	2	0
80	10	1	2
81	10	1	2
82	12	2	0
83	10	1	2
84	12	2	0
85	10	1	2
86	10	1	2
87	12	1	0
88	10	1	2
89	10	1	2
90	10	1	2
91	12	2	0
92	12	2	0
93	12	2	0
94	10	1	2
95	12	2	0
96	12	2	0
97	12	2	0
98	12	2	0
99	12	2	0
