Observation	Correct	FP	FN
0	5	4	0
1	5	4	0
2	5	4	0
3	5	4	0
4	5	4	0
5	5	4	0
6	5	4	0
7	5	4	0
8	5	4	0
9	5	4	0
10	5	4	0
11	5	4	0
12	5	4	0
13	5	4	0
14	5	4	0
15	5	4	0
16	5	4	0
17	5	4	0
18	5	4	0
19	5	4	0
20	5	4	0
21	5	4	0
22	5	4	0
23	5	4	0
24	5	4	0
25	5	4	0
26	5	4	0
27	5	4	0
28	5	4	0
29	5	4	0
30	5	4	0
31	5	4	0
32	5	4	0
33	5	4	0
34	5	4	0
35	5	4	0
36	5	4	0
37	5	4	0
38	5	4	0
39	5	4	0
40	5	4	0
41	5	4	0
42	5	4	0
43	5	4	0
44	5	4	0
45	5	4	0
46	5	4	0
47	5	4	0
48	5	4	0
49	5	4	0
50	5	4	0
51	5	4	0
52	5	4	0
53	5	4	0
54	5	4	0
55	5	4	0
56	5	4	0
57	5	4	0
58	5	4	0
59	5	4	0
60	5	4	0
61	5	5	0
62	5	4	0
63	5	4	0
64	5	5	0
65	5	4	0
66	5	4	0
67	5	4	0
68	5	4	0
69	5	4	0
70	5	4	0
71	5	4	0
72	5	4	0
73	5	4	0
74	5	5	0
75	5	4	0
76	5	4	0
77	5	4	0
78	5	5	0
79	5	5	0
80	5	4	0
81	5	4	0
82	5	4	0
83	5	4	0
84	5	4	0
85	5	5	0
86	5	4	0
87	5	4	0
88	5	4	0
89	5	6	0
90	5	4	0
91	5	4	0
92	5	7	0
93	5	8	0
94	5	4	0
95	5	3	0
96	5	8	0
97	5	4	0
98	5	4	0
99	5	4	0
