Observation	Correct	FP	FN
0	1	23	0
1	1	22	0
2	1	22	0
3	1	19	0
4	1	22	0
5	1	21	0
6	1	21	0
7	1	21	0
8	1	21	0
9	1	21	0
10	1	23	0
11	1	21	0
12	1	20	0
13	1	22	0
14	1	22	0
15	1	22	0
16	1	22	0
17	1	21	0
18	1	22	0
19	1	23	0
20	1	22	0
21	1	20	0
22	1	22	0
23	1	22	0
24	1	21	0
25	1	23	0
26	1	22	0
27	1	19	0
28	1	21	0
29	1	21	0
30	1	22	0
31	1	20	0
32	1	20	0
33	1	21	0
34	1	20	0
35	1	22	0
36	1	22	0
37	1	22	0
38	1	23	0
39	1	21	0
40	1	22	0
41	1	20	0
42	1	20	0
43	1	21	0
44	1	20	0
45	1	22	0
46	1	22	0
47	1	22	0
48	1	22	0
49	1	22	0
50	1	22	0
51	1	22	0
52	1	22	0
53	1	20	0
54	1	21	0
55	1	23	0
56	1	22	0
57	1	23	0
58	1	21	0
59	1	20	0
60	1	21	0
61	1	20	0
62	1	21	0
63	1	21	0
64	1	21	0
65	1	22	0
66	1	21	0
67	1	22	0
68	1	19	0
69	1	22	0
70	1	21	0
71	1	21	0
72	1	20	0
73	1	22	0
74	1	22	0
75	1	22	0
76	1	21	0
77	1	21	0
78	1	22	0
79	1	22	0
80	1	22	0
81	1	21	0
82	1	21	0
83	1	21	0
84	1	21	0
85	1	21	0
86	1	22	0
87	1	22	0
88	1	20	0
89	1	23	0
90	1	21	0
91	1	20	0
92	1	20	0
93	1	21	0
94	1	22	0
95	1	20	0
96	1	20	0
97	1	22	0
98	1	22	0
99	1	19	0
