Observation	Correct	FP	FN
0	1	10	0
1	1	10	0
2	1	10	0
3	1	10	0
4	1	11	0
5	1	11	0
6	1	10	0
7	1	11	0
8	1	11	0
9	1	11	0
10	1	11	0
11	1	10	0
12	1	11	0
13	1	11	0
14	1	11	0
15	1	11	0
16	1	10	0
17	1	11	0
18	1	11	0
19	1	11	0
20	1	11	0
21	1	11	0
22	1	11	0
23	1	10	0
24	1	11	0
25	1	11	0
26	1	11	0
27	1	11	0
28	1	11	0
29	1	11	0
30	1	11	0
31	1	11	0
32	1	11	0
33	1	10	0
34	1	11	0
35	1	11	0
36	1	10	0
37	1	11	0
38	1	11	0
39	1	10	0
40	1	11	0
41	1	11	0
42	1	10	0
43	1	10	0
44	1	10	0
45	1	11	0
46	1	10	0
47	1	11	0
48	1	11	0
49	1	11	0
50	1	11	0
51	1	11	0
52	1	11	0
53	1	11	0
54	1	10	0
55	1	11	0
56	1	11	0
57	1	11	0
58	1	10	0
59	1	11	0
60	1	11	0
61	1	12	0
62	1	11	0
63	1	11	0
64	1	11	0
65	1	10	0
66	1	11	0
67	1	11	0
68	1	11	0
69	1	10	0
70	1	11	0
71	1	11	0
72	1	11	0
73	1	9	0
74	1	11	0
75	1	10	0
76	1	11	0
77	1	11	0
78	1	11	0
79	1	10	0
80	1	10	0
81	1	11	0
82	1	9	0
83	1	11	0
84	1	11	0
85	1	10	0
86	1	10	0
87	1	11	0
88	1	11	0
89	1	11	0
90	1	11	0
91	1	10	0
92	1	11	0
93	1	10	0
94	1	11	0
95	1	10	0
96	1	11	0
97	1	11	0
98	1	11	0
99	1	11	0
