Observation	Correct	FP	FN
0	6	9	0
1	6	9	0
2	6	9	0
3	6	8	0
4	6	8	0
5	6	9	0
6	6	8	0
7	6	8	0
8	6	8	0
9	6	9	0
10	6	9	0
11	6	9	0
12	6	9	0
13	6	9	0
14	6	9	0
15	6	9	0
16	6	9	0
17	6	9	0
18	6	9	0
19	6	9	0
20	6	9	0
21	6	9	0
22	6	9	0
23	6	9	0
24	6	9	0
25	6	9	0
26	6	9	0
27	6	9	0
28	6	9	0
29	6	8	0
30	6	9	0
31	6	9	0
32	6	8	0
33	6	9	0
34	6	9	0
35	6	9	0
36	6	8	0
37	6	8	0
38	6	8	0
39	6	8	0
40	6	9	0
41	6	9	0
42	6	8	0
43	6	9	0
44	6	9	0
45	6	9	0
46	6	8	0
47	6	8	0
48	6	9	0
49	6	8	0
50	6	9	0
51	6	9	0
52	6	9	0
53	6	9	0
54	6	9	0
55	6	9	0
56	6	9	0
57	6	9	0
58	6	9	0
59	6	9	0
60	6	9	0
61	6	9	0
62	6	9	0
63	6	9	0
64	6	9	0
65	6	9	0
66	6	9	0
67	6	9	0
68	6	9	0
69	6	9	0
70	6	9	0
71	6	9	0
72	6	9	0
73	6	9	0
74	6	9	0
75	6	9	0
76	6	9	0
77	6	9	0
78	6	9	0
79	6	9	0
80	6	9	0
81	6	9	0
82	6	9	0
83	6	9	0
84	6	8	0
85	6	8	0
86	6	9	0
87	6	9	0
88	6	9	0
89	6	9	0
90	6	9	0
91	6	9	0
92	6	9	0
93	6	8	0
94	6	8	0
95	6	8	0
96	6	8	0
97	6	9	0
98	6	9	0
99	6	9	0
