Observation	Correct	FP	FN
0	7	4	0
1	7	4	0
2	7	4	0
3	7	4	0
4	7	4	0
5	7	4	0
6	7	4	0
7	7	4	0
8	7	4	0
9	7	4	0
10	7	4	0
11	7	4	0
12	7	4	0
13	7	4	0
14	7	4	0
15	7	4	0
16	7	4	0
17	7	4	0
18	7	4	0
19	7	4	0
20	7	4	0
21	7	4	0
22	7	4	0
23	7	4	0
24	6	4	1
25	6	4	1
26	7	4	0
27	6	4	1
28	7	4	0
29	7	4	0
30	7	4	0
31	7	4	0
32	7	4	0
33	7	4	0
34	7	4	0
35	7	4	0
36	7	4	0
37	5	4	2
38	6	4	1
39	7	4	0
40	7	4	0
41	7	4	0
42	7	4	0
43	5	4	2
44	7	4	0
45	7	4	0
46	7	4	0
47	7	4	0
48	5	4	2
49	7	4	0
50	5	4	2
51	7	4	0
52	7	4	0
53	7	4	0
54	7	4	0
55	5	4	2
56	7	4	0
57	7	4	0
58	6	4	1
59	7	4	0
60	5	4	2
61	7	4	0
62	5	4	2
63	7	4	0
64	7	4	0
65	5	4	2
66	7	4	0
67	7	4	0
68	5	4	2
69	7	4	0
70	7	4	0
71	5	4	2
72	7	4	0
73	5	4	2
74	5	4	2
75	5	4	2
76	5	4	2
77	7	4	0
78	7	4	0
79	5	4	2
80	7	4	0
81	7	4	0
82	5	4	2
83	7	4	0
84	7	4	0
85	7	4	0
86	7	4	0
87	7	4	0
88	7	4	0
89	5	5	2
90	7	4	0
91	7	4	0
92	7	4	0
93	7	4	0
94	7	4	0
95	5	5	2
96	6	4	1
97	5	6	2
98	5	4	2
99	5	4	2
