Observation	Correct	FP	FN
0	3	10	0
1	3	10	0
2	3	10	0
3	3	10	0
4	3	10	0
5	3	10	0
6	3	10	0
7	3	10	0
8	3	10	0
9	3	10	0
10	3	10	0
11	3	10	0
12	3	10	0
13	3	10	0
14	3	10	0
15	3	10	0
16	3	10	0
17	3	10	0
18	3	10	0
19	3	10	0
20	3	10	0
21	3	10	0
22	3	10	0
23	3	10	0
24	3	10	0
25	3	10	0
26	3	10	0
27	3	10	0
28	3	10	0
29	3	10	0
30	3	10	0
31	3	10	0
32	3	10	0
33	3	10	0
34	3	10	0
35	3	10	0
36	3	10	0
37	3	10	0
38	3	10	0
39	3	10	0
40	3	10	0
41	3	10	0
42	3	10	0
43	3	10	0
44	3	10	0
45	3	10	0
46	3	10	0
47	3	10	0
48	3	10	0
49	3	10	0
50	3	10	0
51	3	10	0
52	3	10	0
53	3	10	0
54	3	10	0
55	3	10	0
56	3	10	0
57	3	10	0
58	3	10	0
59	3	10	0
60	3	10	0
61	3	10	0
62	3	10	0
63	3	10	0
64	3	10	0
65	3	10	0
66	3	10	0
67	3	10	0
68	3	10	0
69	3	10	0
70	3	10	0
71	3	10	0
72	3	10	0
73	3	10	0
74	3	10	0
75	3	10	0
76	3	10	0
77	3	10	0
78	3	10	0
79	3	10	0
80	3	10	0
81	3	10	0
82	3	10	0
83	3	10	0
84	3	10	0
85	3	10	0
86	3	10	0
87	3	10	0
88	3	10	0
89	3	10	0
90	3	10	0
91	3	10	0
92	3	10	0
93	3	10	0
94	3	10	0
95	3	10	0
96	3	10	0
97	3	10	0
98	3	10	0
99	3	10	0
