Observation	Correct	FP	FN
0	7	2	0
1	7	3	0
2	7	3	0
3	7	2	0
4	7	3	0
5	7	3	0
6	7	3	0
7	7	3	0
8	7	1	0
9	7	1	0
10	7	1	0
11	7	1	0
12	7	3	0
13	7	3	0
14	7	0	0
15	7	3	0
16	7	1	0
17	7	1	0
18	7	3	0
19	7	1	0
20	7	3	0
21	7	1	0
22	7	3	0
23	7	4	0
24	7	3	0
25	7	1	0
26	7	1	0
27	7	3	0
28	7	4	0
29	7	3	0
30	7	1	0
31	7	0	0
32	7	1	0
33	7	4	0
34	7	3	0
35	7	0	0
36	7	0	0
37	7	2	0
38	7	0	0
39	7	3	0
40	7	5	0
41	7	2	0
42	7	1	0
43	7	2	0
44	7	4	0
45	7	5	0
46	7	0	0
47	7	4	0
48	7	0	0
49	7	0	0
50	7	1	0
51	7	5	0
52	7	3	0
53	7	1	0
54	7	3	0
55	7	2	0
56	7	0	0
57	7	0	0
58	7	5	0
59	7	0	0
60	7	1	0
61	7	2	0
62	7	1	0
63	7	3	0
64	7	0	0
65	7	0	0
66	7	0	0
67	7	5	0
68	7	0	0
69	7	5	0
70	7	0	0
71	7	1	0
72	7	0	0
73	7	4	0
74	7	3	0
75	7	5	0
76	7	0	0
77	7	2	0
78	7	0	0
79	7	5	0
80	7	5	0
81	7	5	0
82	7	0	0
83	7	5	0
84	7	5	0
85	7	4	0
86	7	0	0
87	7	1	0
88	7	0	0
89	7	0	0
90	7	0	0
91	7	3	0
92	7	0	0
93	7	3	0
94	7	0	0
95	7	2	0
96	7	2	0
97	7	0	0
98	7	0	0
99	7	1	0
