Observation	Correct	FP	FN
0	10	2	0
1	10	2	0
2	9	2	1
3	10	2	0
4	9	2	1
5	9	2	1
6	10	2	0
7	9	2	1
8	10	2	0
9	10	2	0
10	10	2	0
11	10	2	0
12	10	2	0
13	10	2	0
14	10	2	0
15	10	2	0
16	10	2	0
17	10	3	0
18	10	2	0
19	9	2	1
20	9	2	1
21	9	2	1
22	10	2	0
23	10	3	0
24	10	2	0
25	10	3	0
26	10	3	0
27	9	2	1
28	9	2	1
29	9	2	1
30	10	3	0
31	9	2	1
32	10	3	0
33	10	2	0
34	9	2	1
35	9	2	1
36	10	2	0
37	9	2	1
38	10	3	0
39	10	2	0
40	10	3	0
41	9	2	1
42	10	2	0
43	10	3	0
44	10	2	0
45	10	3	0
46	10	3	0
47	9	2	1
48	9	2	1
49	9	2	1
50	9	2	1
51	9	2	1
52	9	2	1
53	10	3	0
54	10	3	0
55	9	2	1
56	9	2	1
57	10	3	0
58	10	2	0
59	10	3	0
60	10	3	0
61	9	2	1
62	9	2	1
63	10	3	0
64	9	2	1
65	9	2	1
66	10	3	0
67	9	2	1
68	10	3	0
69	9	2	1
70	10	3	0
71	9	2	1
72	10	2	0
73	9	2	1
74	10	2	0
75	9	2	1
76	10	3	0
77	9	2	1
78	9	2	1
79	10	3	0
80	9	2	1
81	9	2	1
82	9	2	1
83	9	2	1
84	9	2	1
85	10	4	0
86	9	2	1
87	10	3	0
88	10	4	0
89	10	2	0
90	9	2	1
91	9	2	1
92	9	2	1
93	9	2	1
94	9	2	1
95	9	2	1
96	9	2	1
97	10	4	0
98	9	2	1
99	10	4	0
