Observation	Correct	FP	FN
0	7	3	0
1	7	3	0
2	7	4	0
3	7	3	0
4	7	3	0
5	7	3	0
6	7	4	0
7	7	4	0
8	7	3	0
9	7	3	0
10	7	3	0
11	7	3	0
12	7	4	0
13	7	4	0
14	7	3	0
15	7	4	0
16	7	3	0
17	7	3	0
18	7	3	0
19	7	5	0
20	7	3	0
21	7	3	0
22	7	3	0
23	7	3	0
24	7	3	0
25	7	3	0
26	7	3	0
27	7	5	0
28	7	3	0
29	7	4	0
30	7	4	0
31	7	5	0
32	7	3	0
33	7	3	0
34	7	5	0
35	7	3	0
36	7	3	0
37	7	5	0
38	7	4	0
39	7	3	0
40	7	4	0
41	7	5	0
42	7	3	0
43	7	3	0
44	7	3	0
45	7	3	0
46	7	5	0
47	7	3	0
48	7	3	0
49	7	3	0
50	7	3	0
51	7	3	0
52	7	3	0
53	7	4	0
54	7	3	0
55	7	4	0
56	7	5	0
57	7	3	0
58	7	5	0
59	7	3	0
60	7	3	0
61	7	3	0
62	7	3	0
63	7	3	0
64	7	5	0
65	7	3	0
66	7	5	0
67	7	5	0
68	7	3	0
69	7	5	0
70	7	3	0
71	7	4	0
72	7	4	0
73	7	3	0
74	7	3	0
75	7	5	0
76	7	3	0
77	7	4	0
78	7	5	0
79	7	5	0
80	7	5	0
81	7	5	0
82	7	5	0
83	7	3	0
84	7	5	0
85	7	6	0
86	7	5	0
87	7	3	0
88	7	3	0
89	7	4	0
90	7	3	0
91	7	6	0
92	7	3	0
93	7	3	0
94	7	3	0
95	7	6	0
96	7	6	0
97	7	3	0
98	7	3	0
99	7	4	0
