Observation	Correct	FP	FN
0	4	1	0
1	4	1	0
2	4	1	0
3	4	2	0
4	4	2	0
5	4	1	0
6	4	1	0
7	4	2	0
8	4	2	0
9	4	2	0
10	4	1	0
11	4	2	0
12	4	2	0
13	4	1	0
14	4	1	0
15	4	1	0
16	4	2	0
17	4	2	0
18	4	1	0
19	4	1	0
20	4	2	0
21	4	2	0
22	4	1	0
23	4	1	0
24	4	2	0
25	4	2	0
26	4	2	0
27	4	1	0
28	4	2	0
29	4	1	0
30	4	3	0
31	4	2	0
32	4	3	0
33	4	1	0
34	4	2	0
35	4	1	0
36	4	1	0
37	4	0	0
38	4	0	0
39	4	2	0
40	4	3	0
41	4	3	0
42	4	1	0
43	4	3	0
44	4	1	0
45	3	0	1
46	4	2	0
47	3	0	1
48	3	0	1
49	4	3	0
50	4	0	0
51	4	0	0
52	4	0	0
53	4	0	0
54	4	0	0
55	3	0	1
56	4	3	0
57	4	1	0
58	4	2	0
59	4	2	0
60	4	3	0
61	4	3	0
62	3	0	1
63	4	3	0
64	4	0	0
65	4	3	0
66	4	1	0
67	4	0	0
68	4	0	0
69	1	0	3
70	4	3	0
71	4	3	0
72	1	0	3
73	4	1	0
74	4	2	0
75	4	2	0
76	4	3	0
77	4	1	0
78	4	2	0
79	2	0	2
80	4	3	0
81	2	0	2
82	4	0	0
83	4	3	0
84	3	0	1
85	0	0	4
86	0	0	4
87	4	3	0
88	4	3	0
89	4	3	0
90	4	3	0
91	4	3	0
92	0	0	4
93	4	1	0
94	4	2	0
95	4	3	0
96	0	0	4
97	2	1	2
98	4	3	0
99	0	0	4
