Observation	Correct	FP	FN
0	10	13	0
1	10	13	0
2	10	13	0
3	10	12	0
4	10	12	0
5	10	12	0
6	10	13	0
7	10	12	0
8	10	12	0
9	10	12	0
10	10	13	0
11	10	13	0
12	10	12	0
13	10	12	0
14	10	13	0
15	10	12	0
16	10	13	0
17	10	14	0
18	10	13	0
19	10	13	0
20	10	13	0
21	10	12	0
22	10	12	0
23	10	13	0
24	10	12	0
25	10	13	0
26	10	12	0
27	10	12	0
28	10	12	0
29	10	13	0
30	10	14	0
31	10	13	0
32	10	13	0
33	10	12	0
34	10	12	0
35	10	13	0
36	10	13	0
37	10	13	0
38	10	13	0
39	10	12	0
40	10	13	0
41	10	13	0
42	10	12	0
43	10	12	0
44	10	13	0
45	10	13	0
46	10	12	0
47	10	12	0
48	10	13	0
49	10	13	0
50	10	12	0
51	10	13	0
52	10	13	0
53	10	13	0
54	10	13	0
55	10	13	0
56	10	13	0
57	10	13	0
58	10	13	0
59	10	13	0
60	10	12	0
61	10	13	0
62	10	12	0
63	10	12	0
64	10	12	0
65	10	13	0
66	10	13	0
67	10	14	0
68	10	14	0
69	10	13	0
70	10	13	0
71	10	13	0
72	10	13	0
73	10	13	0
74	10	12	0
75	10	13	0
76	10	13	0
77	10	13	0
78	10	13	0
79	10	12	0
80	10	13	0
81	10	13	0
82	10	13	0
83	10	13	0
84	10	13	0
85	10	13	0
86	10	13	0
87	10	12	0
88	10	12	0
89	10	12	0
90	10	12	0
91	10	13	0
92	10	12	0
93	10	13	0
94	10	12	0
95	10	12	0
96	10	13	0
97	10	12	0
98	10	13	0
99	10	13	0
