Observation	Correct	FP	FN
0	4	8	0
1	4	8	0
2	4	8	0
3	4	9	0
4	4	8	0
5	4	8	0
6	4	8	0
7	4	9	0
8	4	8	0
9	4	8	0
10	4	8	0
11	4	9	0
12	4	8	0
13	4	8	0
14	4	8	0
15	4	8	0
16	4	8	0
17	4	8	0
18	4	8	0
19	4	8	0
20	4	9	0
21	4	7	0
22	4	8	0
23	4	9	0
24	4	7	0
25	4	9	0
26	4	7	0
27	4	8	0
28	4	7	0
29	4	8	0
30	4	9	0
31	4	8	0
32	4	8	0
33	4	9	0
34	4	7	0
35	4	9	0
36	4	8	0
37	4	8	0
38	4	8	0
39	4	9	0
40	4	8	0
41	4	8	0
42	4	8	0
43	4	9	0
44	4	7	0
45	4	6	0
46	4	6	0
47	4	7	0
48	4	9	0
49	4	6	0
50	4	8	0
51	4	7	0
52	4	8	0
53	4	8	0
54	4	7	0
55	4	6	0
56	4	7	0
57	4	7	0
58	4	9	0
59	4	6	0
60	4	6	0
61	4	8	0
62	4	6	0
63	4	6	0
64	4	7	0
65	4	6	0
66	4	7	0
67	4	6	0
68	4	7	0
69	4	7	0
70	4	7	0
71	4	8	0
72	3	6	1
73	4	7	0
74	4	7	0
75	4	8	0
76	4	6	0
77	3	6	1
78	4	6	0
79	3	6	1
80	4	8	0
81	3	6	1
82	4	9	0
83	4	5	0
84	4	7	0
85	4	6	0
86	4	5	0
87	3	7	1
88	4	7	0
89	4	5	0
90	4	7	0
91	4	7	0
92	4	6	0
93	3	6	1
94	4	5	0
95	4	7	0
96	4	8	0
97	4	6	0
98	4	5	0
99	4	7	0
