Observation	Correct	FP	FN
0	16	7	0
1	16	7	0
2	16	5	0
3	16	7	0
4	16	7	0
5	16	7	0
6	16	7	0
7	16	7	0
8	16	7	0
9	16	7	0
10	16	5	0
11	16	7	0
12	16	7	0
13	16	7	0
14	16	7	0
15	16	7	0
16	16	7	0
17	16	7	0
18	16	5	0
19	16	7	0
20	16	7	0
21	16	5	0
22	16	5	0
23	16	5	0
24	16	7	0
25	16	5	0
26	16	7	0
27	16	7	0
28	16	5	0
29	16	7	0
30	16	5	0
31	16	6	0
32	16	7	0
33	16	7	0
34	16	5	0
35	16	7	0
36	16	7	0
37	16	7	0
38	16	7	0
39	16	7	0
40	16	5	0
41	16	7	0
42	16	5	0
43	16	5	0
44	16	7	0
45	16	7	0
46	16	5	0
47	16	7	0
48	16	7	0
49	16	7	0
50	16	7	0
51	16	7	0
52	16	7	0
53	16	5	0
54	16	7	0
55	16	5	0
56	16	7	0
57	16	7	0
58	16	7	0
59	16	5	0
60	16	5	0
61	16	7	0
62	16	7	0
63	16	7	0
64	16	7	0
65	16	5	0
66	16	5	0
67	16	7	0
68	16	7	0
69	16	7	0
70	16	7	0
71	16	7	0
72	16	5	0
73	16	7	0
74	16	7	0
75	16	5	0
76	16	7	0
77	16	5	0
78	16	7	0
79	16	5	0
80	16	7	0
81	16	5	0
82	16	7	0
83	16	7	0
84	16	7	0
85	16	7	0
86	16	7	0
87	16	5	0
88	16	7	0
89	16	5	0
90	16	7	0
91	16	6	0
92	16	5	0
93	16	7	0
94	16	7	0
95	16	7	0
96	16	7	0
97	16	5	0
98	16	7	0
99	16	5	0
