Observation	Correct	FP	FN
0	11	2	0
1	11	3	0
2	11	2	0
3	11	2	0
4	11	2	0
5	11	2	0
6	10	3	1
7	11	2	0
8	11	2	0
9	10	3	1
10	10	3	1
11	11	2	0
12	11	3	0
13	11	2	0
14	11	2	0
15	11	3	0
16	11	2	0
17	10	2	1
18	10	2	1
19	10	3	1
20	11	2	0
21	11	3	0
22	11	2	0
23	11	2	0
24	11	2	0
25	11	3	0
26	10	3	1
27	11	2	0
28	10	3	1
29	10	2	1
30	11	2	0
31	10	3	1
32	11	2	0
33	11	3	0
34	11	2	0
35	11	2	0
36	10	3	1
37	10	3	1
38	10	3	1
39	11	2	0
40	10	3	1
41	11	2	0
42	10	3	1
43	11	2	0
44	11	2	0
45	11	3	0
46	11	2	0
47	10	3	1
48	11	3	0
49	10	3	1
50	10	3	1
51	11	2	0
52	10	3	1
53	11	2	0
54	11	3	0
55	11	2	0
56	10	3	1
57	10	3	1
58	11	3	0
59	11	2	0
60	11	2	0
61	11	2	0
62	11	2	0
63	10	3	1
64	10	3	1
65	10	3	1
66	10	3	1
67	11	2	0
68	11	3	0
69	10	3	1
70	10	2	1
71	11	2	0
72	10	3	1
73	10	3	1
74	11	2	0
75	11	2	0
76	11	2	0
77	11	2	0
78	10	3	1
79	11	2	0
80	10	3	1
81	10	3	1
82	10	3	1
83	10	3	1
84	11	2	0
85	11	2	0
86	10	4	1
87	11	2	0
88	11	2	0
89	10	3	1
90	10	3	1
91	11	3	0
92	10	3	1
93	10	4	1
94	11	2	0
95	11	2	0
96	11	2	0
97	10	4	1
98	11	2	0
99	11	3	0
