Observation	Correct	FP	FN
0	4	0	0
1	4	0	0
2	4	0	0
3	4	0	0
4	4	0	0
5	4	0	0
6	4	0	0
7	4	0	0
8	4	0	0
9	4	1	0
10	4	0	0
11	4	0	0
12	4	0	0
13	4	0	0
14	4	1	0
15	4	1	0
16	4	1	0
17	4	0	0
18	4	0	0
19	4	0	0
20	4	2	0
21	4	0	0
22	4	0	0
23	4	0	0
24	4	0	0
25	4	0	0
26	4	0	0
27	4	1	0
28	4	0	0
29	4	0	0
30	4	2	0
31	4	2	0
32	4	0	0
33	4	1	0
34	4	0	0
35	4	2	0
36	4	0	0
37	4	0	0
38	4	2	0
39	4	0	0
40	4	2	0
41	4	2	0
42	4	0	0
43	4	1	0
44	4	2	0
45	4	0	0
46	4	0	0
47	4	1	0
48	4	2	0
49	4	1	0
50	4	0	0
51	4	1	0
52	3	0	1
53	4	2	0
54	4	0	0
55	3	0	1
56	4	2	0
57	3	0	1
58	4	2	0
59	4	0	0
60	4	0	0
61	4	1	0
62	3	0	1
63	4	0	0
64	4	1	0
65	4	0	0
66	4	0	0
67	4	1	0
68	4	1	0
69	4	2	0
70	3	0	1
71	3	0	1
72	4	1	0
73	4	2	0
74	4	2	0
75	4	0	0
76	4	2	0
77	4	2	0
78	4	0	0
79	4	2	0
80	4	2	0
81	4	2	0
82	4	2	0
83	1	0	3
84	4	2	0
85	1	0	3
86	4	0	0
87	0	0	4
88	4	2	0
89	3	0	1
90	3	0	1
91	3	0	1
92	4	0	0
93	4	2	0
94	4	1	0
95	0	0	4
96	4	2	0
97	0	0	4
98	0	0	4
99	0	0	4
