Observation	Correct	FP	FN
0	2	0	0
1	2	1	0
2	2	0	0
3	2	0	0
4	2	1	0
5	2	0	0
6	2	2	0
7	2	0	0
8	2	0	0
9	2	0	0
10	2	0	0
11	2	2	0
12	2	2	0
13	2	1	0
14	2	3	0
15	2	1	0
16	2	0	0
17	2	0	0
18	2	1	0
19	2	0	0
20	2	2	0
21	2	0	0
22	2	0	0
23	2	0	0
24	2	0	0
25	2	0	0
26	2	2	0
27	2	3	0
28	2	1	0
29	2	0	0
30	2	0	0
31	2	3	0
32	2	3	0
33	2	3	0
34	2	0	0
35	2	3	0
36	2	3	0
37	2	0	0
38	2	0	0
39	2	3	0
40	2	3	0
41	2	3	0
42	2	0	0
43	2	0	0
44	2	3	0
45	2	3	0
46	2	0	0
47	2	1	0
48	2	1	0
49	2	3	0
50	2	1	0
51	2	0	0
52	2	3	0
53	2	1	0
54	2	0	0
55	2	3	0
56	1	0	1
57	2	0	0
58	2	0	0
59	2	0	0
60	1	0	1
61	2	1	0
62	2	3	0
63	2	0	0
64	2	3	0
65	2	0	0
66	2	0	0
67	2	0	0
68	2	2	0
69	2	1	0
70	2	0	0
71	1	0	1
72	1	0	1
73	1	0	1
74	2	4	0
75	2	4	0
76	2	2	0
77	2	4	0
78	2	3	0
79	2	4	0
80	1	0	1
81	2	0	0
82	2	4	0
83	2	1	0
84	1	0	1
85	2	1	0
86	2	2	0
87	2	2	0
88	0	0	2
89	2	1	0
90	1	0	1
91	0	0	2
92	0	0	2
93	1	0	1
94	1	0	1
95	2	3	0
96	0	0	2
97	1	0	1
98	2	1	0
99	0	0	2
