Observation	Correct	FP	FN
0	11	0	0
1	11	0	0
2	11	0	0
3	11	0	0
4	11	0	0
5	11	0	0
6	11	0	0
7	11	0	0
8	11	0	0
9	11	0	0
10	11	0	0
11	10	0	1
12	11	0	0
13	10	0	1
14	11	0	0
15	11	0	0
16	11	0	0
17	11	0	0
18	11	0	0
19	10	0	1
20	10	0	1
21	11	0	0
22	11	0	0
23	11	0	0
24	10	0	1
25	11	0	0
26	10	0	1
27	11	0	0
28	11	0	0
29	11	0	0
30	10	0	1
31	11	0	0
32	11	0	0
33	10	0	1
34	10	0	1
35	11	0	0
36	10	0	1
37	10	0	1
38	11	0	0
39	11	0	0
40	10	0	1
41	11	0	0
42	10	0	1
43	10	0	1
44	10	0	1
45	11	0	0
46	11	0	0
47	11	0	0
48	11	0	0
49	11	0	0
50	11	0	0
51	10	0	1
52	11	0	0
53	11	0	0
54	11	0	0
55	11	0	0
56	10	0	1
57	11	0	0
58	11	0	0
59	11	0	0
60	11	0	0
61	10	0	1
62	11	0	0
63	11	0	0
64	11	0	0
65	10	0	1
66	11	0	0
67	10	0	1
68	9	0	2
69	10	0	1
70	11	0	0
71	11	0	0
72	11	0	0
73	10	0	1
74	11	0	0
75	11	0	0
76	9	0	2
77	11	0	0
78	11	0	0
79	11	0	0
80	11	0	0
81	11	0	0
82	9	0	2
83	10	0	1
84	9	0	2
85	11	0	0
86	11	0	0
87	9	0	2
88	11	0	0
89	9	0	2
90	11	0	0
91	11	0	0
92	11	0	0
93	9	0	2
94	10	0	1
95	11	0	0
96	9	0	2
97	9	0	2
98	11	0	0
99	9	0	2
