Observation	Correct	FP	FN
0	5	16	0
1	5	16	0
2	5	16	0
3	5	16	0
4	5	16	0
5	5	16	0
6	5	16	0
7	5	16	0
8	5	16	0
9	5	16	0
10	5	14	0
11	5	16	0
12	5	16	0
13	5	16	0
14	5	16	0
15	5	16	0
16	5	13	0
17	5	14	0
18	5	14	0
19	5	16	0
20	5	16	0
21	5	17	0
22	5	15	0
23	5	16	0
24	5	16	0
25	5	14	0
26	5	16	0
27	5	16	0
28	5	16	0
29	5	16	0
30	5	16	0
31	5	17	0
32	5	16	0
33	5	14	0
34	5	16	0
35	5	17	0
36	5	16	0
37	5	14	0
38	5	16	0
39	5	14	0
40	5	16	0
41	5	14	0
42	5	16	0
43	5	16	0
44	5	16	0
45	5	15	0
46	5	16	0
47	5	16	0
48	5	16	0
49	5	16	0
50	5	16	0
51	5	17	0
52	5	15	0
53	5	16	0
54	5	16	0
55	5	13	0
56	5	16	0
57	5	16	0
58	5	16	0
59	5	16	0
60	5	15	0
61	5	16	0
62	5	15	0
63	5	16	0
64	5	15	0
65	5	16	0
66	5	15	0
67	5	14	0
68	5	16	0
69	5	13	0
70	5	15	0
71	5	16	0
72	5	15	0
73	5	15	0
74	5	16	0
75	5	15	0
76	5	16	0
77	5	14	0
78	5	15	0
79	5	15	0
80	5	16	0
81	5	16	0
82	5	17	0
83	5	14	0
84	5	16	0
85	5	15	0
86	5	15	0
87	5	15	0
88	5	15	0
89	5	13	0
90	5	16	0
91	5	16	0
92	5	16	0
93	5	16	0
94	5	16	0
95	5	17	0
96	5	14	0
97	5	16	0
98	5	16	0
99	5	16	0
