Observation	Correct	FP	FN
0	4	10	0
1	4	8	0
2	4	8	0
3	4	8	0
4	4	8	0
5	4	9	0
6	4	8	0
7	4	10	0
8	4	7	0
9	4	9	0
10	4	8	0
11	4	10	0
12	4	10	0
13	4	10	0
14	4	7	0
15	4	10	0
16	4	7	0
17	4	10	0
18	4	8	0
19	4	9	0
20	4	10	0
21	4	10	0
22	4	8	0
23	4	9	0
24	4	9	0
25	4	10	0
26	4	8	0
27	4	9	0
28	4	9	0
29	4	8	0
30	4	10	0
31	4	10	0
32	4	9	0
33	4	10	0
34	4	8	0
35	4	10	0
36	4	9	0
37	4	9	0
38	4	8	0
39	4	7	0
40	4	9	0
41	4	10	0
42	4	10	0
43	4	7	0
44	4	10	0
45	4	10	0
46	4	8	0
47	4	9	0
48	4	7	0
49	4	9	0
50	4	8	0
51	4	9	0
52	4	7	0
53	4	7	0
54	4	7	0
55	4	8	0
56	4	8	0
57	4	8	0
58	4	9	0
59	4	7	0
60	4	9	0
61	4	8	0
62	4	8	0
63	4	8	0
64	4	8	0
65	4	10	0
66	4	7	0
67	4	10	0
68	4	10	0
69	4	8	0
70	4	8	0
71	4	8	0
72	4	9	0
73	4	10	0
74	4	8	0
75	4	10	0
76	4	9	0
77	4	10	0
78	4	8	0
79	4	10	0
80	4	9	0
81	4	10	0
82	4	9	0
83	4	10	0
84	4	9	0
85	4	9	0
86	4	9	0
87	4	9	0
88	4	10	0
89	4	9	0
90	4	9	0
91	4	8	0
92	4	10	0
93	4	8	0
94	4	10	0
95	4	9	0
96	4	10	0
97	4	7	0
98	4	8	0
99	4	10	0
