Observation	Correct	FP	FN
0	12	2	0
1	12	2	0
2	12	2	0
3	12	2	0
4	12	2	0
5	12	2	0
6	12	2	0
7	12	2	0
8	12	2	0
9	12	2	0
10	12	2	0
11	12	2	0
12	12	2	0
13	12	2	0
14	12	2	0
15	12	2	0
16	12	2	0
17	12	2	0
18	12	2	0
19	12	2	0
20	12	2	0
21	12	2	0
22	12	2	0
23	12	2	0
24	12	2	0
25	12	2	0
26	12	2	0
27	12	2	0
28	12	2	0
29	12	2	0
30	12	2	0
31	12	2	0
32	12	2	0
33	12	2	0
34	12	2	0
35	12	2	0
36	12	2	0
37	12	2	0
38	12	2	0
39	12	2	0
40	12	2	0
41	12	2	0
42	12	2	0
43	12	2	0
44	12	2	0
45	12	2	0
46	12	2	0
47	12	2	0
48	12	2	0
49	12	2	0
50	12	2	0
51	11	2	1
52	12	2	0
53	11	2	1
54	12	2	0
55	12	2	0
56	12	2	0
57	12	2	0
58	11	2	1
59	12	2	0
60	12	2	0
61	12	2	0
62	11	2	1
63	12	2	0
64	12	2	0
65	12	2	0
66	12	2	0
67	11	2	1
68	12	2	0
69	12	2	0
70	12	2	0
71	12	2	0
72	11	2	1
73	12	2	0
74	11	2	1
75	12	2	0
76	12	2	0
77	11	2	1
78	12	2	0
79	12	2	0
80	12	2	0
81	12	2	0
82	12	2	0
83	12	2	0
84	12	2	0
85	11	2	1
86	12	2	0
87	12	2	0
88	12	2	0
89	12	2	0
90	12	2	0
91	10	2	2
92	12	2	0
93	12	2	0
94	12	2	0
95	12	2	0
96	10	2	2
97	12	2	0
98	10	2	2
99	12	2	0
