Observation	Correct	FP	FN
0	2	0	0
1	2	0	0
2	2	0	0
3	2	0	0
4	2	1	0
5	2	0	0
6	2	1	0
7	2	0	0
8	2	0	0
9	2	1	0
10	2	0	0
11	2	0	0
12	2	0	0
13	2	1	0
14	2	0	0
15	2	0	0
16	2	1	0
17	2	0	0
18	2	0	0
19	2	0	0
20	2	0	0
21	2	1	0
22	2	1	0
23	2	1	0
24	2	1	0
25	2	0	0
26	2	0	0
27	2	0	0
28	2	0	0
29	2	0	0
30	2	1	0
31	2	1	0
32	2	1	0
33	2	0	0
34	2	1	0
35	2	1	0
36	2	0	0
37	2	1	0
38	2	1	0
39	2	1	0
40	2	1	0
41	2	2	0
42	2	0	0
43	1	0	1
44	2	1	0
45	2	0	0
46	2	0	0
47	2	0	0
48	2	0	0
49	2	0	0
50	2	2	0
51	2	2	0
52	2	2	0
53	2	0	0
54	2	2	0
55	2	1	0
56	2	1	0
57	2	1	0
58	1	0	1
59	2	0	0
60	2	2	0
61	2	1	0
62	2	0	0
63	2	1	0
64	1	0	1
65	2	0	0
66	2	0	0
67	2	3	0
68	2	0	0
69	2	3	0
70	2	4	0
71	2	1	0
72	1	0	1
73	2	2	0
74	0	0	2
75	2	1	0
76	2	0	0
77	2	0	0
78	2	3	0
79	0	0	2
80	1	0	1
81	0	0	2
82	1	0	1
83	0	0	2
84	2	0	0
85	0	0	2
86	2	1	0
87	1	0	1
88	2	2	0
89	0	0	2
90	1	0	1
91	2	0	0
92	0	0	2
93	2	5	0
94	2	0	0
95	2	4	0
96	2	5	0
97	2	0	0
98	2	5	0
99	2	1	0
