Observation	Correct	FP	FN
0	2	3	0
1	2	3	0
2	2	3	0
3	2	3	0
4	2	4	0
5	2	1	0
6	2	3	0
7	2	4	0
8	2	4	0
9	2	1	0
10	2	1	0
11	2	4	0
12	2	1	0
13	2	4	0
14	2	4	0
15	2	1	0
16	2	4	0
17	2	0	0
18	2	3	0
19	2	1	0
20	2	4	0
21	2	4	0
22	2	0	0
23	2	0	0
24	2	5	0
25	2	4	0
26	2	0	0
27	2	0	0
28	2	0	0
29	2	1	0
30	2	5	0
31	2	0	0
32	2	0	0
33	2	3	0
34	2	5	0
35	2	0	0
36	2	5	0
37	2	3	0
38	2	3	0
39	2	4	0
40	2	0	0
41	2	2	0
42	2	3	0
43	2	5	0
44	2	3	0
45	1	0	1
46	2	3	0
47	2	5	0
48	2	5	0
49	2	0	0
50	1	0	1
51	2	5	0
52	2	0	0
53	1	0	1
54	1	0	1
55	2	0	0
56	1	0	1
57	2	5	0
58	2	5	0
59	2	5	0
60	1	0	1
61	1	0	1
62	1	0	1
63	2	0	0
64	2	5	0
65	2	0	0
66	1	0	1
67	2	5	0
68	2	3	0
69	2	2	0
70	1	0	1
71	0	0	2
72	2	0	0
73	2	5	0
74	0	0	2
75	1	0	1
76	0	0	2
77	2	0	0
78	2	2	0
79	2	5	0
80	2	2	0
81	0	0	2
82	2	1	0
83	0	0	2
84	2	5	0
85	2	1	0
86	2	5	0
87	0	0	2
88	2	1	0
89	2	5	0
90	2	1	0
91	1	3	1
92	1	0	1
93	0	0	2
94	2	3	0
95	2	0	0
96	0	0	2
97	2	0	0
98	2	4	0
99	0	0	2
