Observation	Correct	FP	FN
0	2	1	0
1	2	1	0
2	2	2	0
3	2	1	0
4	2	1	0
5	2	2	0
6	2	1	0
7	2	1	0
8	2	1	0
9	2	3	0
10	2	3	0
11	2	1	0
12	2	3	0
13	2	3	0
14	2	3	0
15	2	3	0
16	2	3	0
17	2	1	0
18	2	3	0
19	2	0	0
20	2	2	0
21	2	1	0
22	2	3	0
23	2	3	0
24	2	1	0
25	2	0	0
26	2	1	0
27	2	4	0
28	2	4	0
29	2	0	0
30	2	2	0
31	2	4	0
32	2	0	0
33	2	0	0
34	2	3	0
35	2	2	0
36	2	3	0
37	2	2	0
38	2	2	0
39	2	2	0
40	2	0	0
41	2	0	0
42	2	0	0
43	2	4	0
44	2	1	0
45	2	3	0
46	2	0	0
47	2	2	0
48	2	0	0
49	2	1	0
50	1	0	1
51	2	4	0
52	2	3	0
53	1	0	1
54	2	4	0
55	2	4	0
56	2	0	0
57	2	0	0
58	2	0	0
59	2	4	0
60	2	3	0
61	2	3	0
62	2	0	0
63	2	0	0
64	1	0	1
65	2	1	0
66	1	0	1
67	2	4	0
68	1	0	1
69	1	1	1
70	0	0	2
71	2	4	0
72	2	4	0
73	2	2	0
74	2	1	0
75	0	0	2
76	0	0	2
77	2	0	0
78	2	0	0
79	2	2	0
80	2	4	0
81	2	2	0
82	0	0	2
83	2	4	0
84	2	4	0
85	2	3	0
86	2	3	0
87	2	0	0
88	1	1	1
89	2	2	0
90	2	1	0
91	2	5	0
92	1	1	1
93	2	1	0
94	2	0	0
95	2	2	0
96	2	3	0
97	2	2	0
98	1	2	1
99	2	0	0
