Observation	Correct	FP	FN
0	6	3	0
1	6	3	0
2	6	4	0
3	6	3	0
4	6	3	0
5	6	3	0
6	5	3	1
7	6	3	0
8	6	3	0
9	5	3	1
10	5	3	1
11	6	3	0
12	6	3	0
13	6	3	0
14	6	3	0
15	6	3	0
16	6	3	0
17	6	3	0
18	5	3	1
19	6	3	0
20	5	3	1
21	5	4	1
22	5	3	1
23	5	3	1
24	6	3	0
25	5	4	1
26	6	2	0
27	6	2	0
28	6	3	0
29	6	2	0
30	6	3	0
31	5	4	1
32	5	4	1
33	6	3	0
34	6	3	0
35	5	4	1
36	5	4	1
37	6	3	0
38	6	2	0
39	5	3	1
40	6	2	0
41	5	4	1
42	5	4	1
43	5	4	1
44	6	3	0
45	5	4	1
46	6	1	0
47	6	3	0
48	6	3	0
49	5	4	1
50	5	4	1
51	6	2	0
52	6	2	0
53	6	2	0
54	6	2	0
55	6	3	0
56	6	2	0
57	6	2	0
58	5	4	1
59	5	4	1
60	6	3	0
61	6	3	0
62	6	2	0
63	6	2	0
64	6	3	0
65	6	2	0
66	6	2	0
67	5	4	1
68	6	2	0
69	6	1	0
70	6	2	0
71	6	2	0
72	5	4	1
73	5	4	1
74	6	2	0
75	5	4	1
76	6	3	0
77	6	3	0
78	5	4	1
79	6	1	0
80	5	3	1
81	6	3	0
82	5	4	1
83	6	3	0
84	5	4	1
85	6	3	0
86	6	3	0
87	5	4	1
88	6	3	0
89	5	4	1
90	6	1	0
91	5	4	1
92	6	2	0
93	5	3	1
94	5	4	1
95	6	3	0
96	6	3	0
97	6	3	0
98	6	3	0
99	5	3	1
