Observation	Correct	FP	FN
0	5	0	0
1	4	0	1
2	5	0	0
3	5	0	0
4	5	0	0
5	5	0	0
6	5	0	0
7	4	0	1
8	5	0	0
9	4	0	1
10	5	0	0
11	5	0	0
12	4	0	1
13	4	0	1
14	5	0	0
15	5	0	0
16	5	0	0
17	5	0	0
18	5	0	0
19	5	0	0
20	4	0	1
21	5	0	0
22	4	0	1
23	4	0	1
24	5	0	0
25	5	0	0
26	4	0	1
27	5	0	0
28	5	0	0
29	5	0	0
30	4	0	1
31	4	0	1
32	5	0	0
33	4	0	1
34	4	0	1
35	4	0	1
36	5	0	0
37	5	0	0
38	5	0	0
39	5	0	0
40	5	0	0
41	5	0	0
42	4	0	1
43	5	0	0
44	4	0	1
45	5	0	0
46	4	0	1
47	4	0	1
48	5	0	0
49	4	0	1
50	4	0	1
51	4	0	1
52	4	0	1
53	4	0	1
54	4	0	1
55	5	0	0
56	5	0	0
57	5	0	0
58	4	0	1
59	5	0	0
60	4	0	1
61	4	0	1
62	4	0	1
63	5	0	0
64	4	0	1
65	5	0	0
66	4	0	1
67	5	0	0
68	5	0	0
69	5	0	0
70	4	0	1
71	5	0	0
72	5	0	0
73	4	0	1
74	4	0	1
75	5	0	0
76	4	0	1
77	5	0	0
78	5	0	0
79	5	0	0
80	4	0	1
81	4	0	1
82	4	0	1
83	5	0	0
84	5	0	0
85	5	0	0
86	5	0	0
87	5	0	0
88	4	0	1
89	5	0	0
90	5	0	0
91	4	0	1
92	5	0	0
93	4	0	1
94	4	0	1
95	4	0	1
96	5	0	0
97	5	0	0
98	4	0	1
99	5	0	0
